177,47	1198,06
177,69	1198,06
177,91	1198,06
178,13	1191,92
178,36	1169,39
178,58	1132,53
178,80	1222,64
179,02	1193,97
179,24	1126,38
179,46	1193,97
179,68	1222,64
179,90	1216,49
180,13	1216,49
180,35	1200,11
180,57	1179,63
180,79	1177,58
181,01	1228,78
181,23	1171,44
181,45	1157,10
181,67	1206,25
181,90	1163,25
182,12	1183,73
182,34	1155,05
182,56	1212,40
182,78	1173,49
183,00	1216,49
183,22	1085,42
183,44	1200,11
183,66	1142,77
183,89	1155,05
184,11	1214,45
184,33	1200,11
184,55	1175,53
184,77	1134,57
184,99	1173,49
185,21	1232,88
185,43	1210,35
185,65	1193,97
185,87	1198,06
186,10	1163,25
186,32	1267,69
186,54	1116,14
186,76	1177,58
186,98	1116,14
187,20	1183,73
187,42	1208,30
187,64	1167,34
187,86	1191,92
188,08	1179,63
188,30	1128,43
188,52	1222,64
188,75	1159,15
188,97	1165,29
189,19	1212,40
189,41	1159,15
189,63	1214,45
189,85	1183,73
190,07	1210,35
190,29	1165,29
190,51	1175,53
190,73	1208,30
190,95	1095,66
191,17	1241,07
191,39	1075,18
191,61	1218,54
191,84	1181,68
192,06	1175,53
192,28	1208,30
192,50	1173,49
192,72	1161,20
192,94	1206,25
193,16	1142,77
193,38	1220,59
193,60	1193,97
193,82	1196,01
194,04	1232,88
194,26	1171,44
194,48	1146,86
194,70	1210,35
194,92	1191,92
195,14	1159,15
195,36	1165,29
195,58	1159,15
195,80	1118,19
196,02	1167,34
196,24	1112,05
196,46	1220,59
196,69	1150,96
196,91	1124,33
197,13	1224,69
197,35	1099,76
197,57	1167,34
197,79	1173,49
198,01	1107,95
198,23	1222,64
198,45	1288,17
198,67	1228,78
198,89	1189,87
199,11	1163,25
199,33	1118,19
199,55	1124,33
199,77	1191,92
199,99	1224,69
200,21	1167,34
200,43	1236,97
200,65	1101,81
200,87	1202,16
201,09	1167,34
201,31	1239,02
201,53	1185,77
201,75	1167,34
201,97	1232,88
202,19	1212,40
202,41	1130,48
202,63	1241,07
202,85	1173,49
203,07	1173,49
203,29	1189,87
203,51	1241,07
203,73	1206,25
203,95	1210,35
204,17	1200,11
204,39	1214,45
204,61	1120,24
204,83	1183,73
205,05	1167,34
205,27	1159,15
205,49	1208,30
205,71	1171,44
205,93	1146,86
206,15	1150,96
206,37	1187,82
206,59	1122,29
206,81	1208,30
207,03	1196,01
207,25	1130,48
207,47	1132,53
207,69	1193,97
207,91	1161,20
208,13	1191,92
208,34	1191,92
208,56	1087,47
208,78	1144,81
209,00	1234,93
209,22	1200,11
209,44	1140,72
209,66	1171,44
209,88	1142,77
210,10	1130,48
210,32	1191,92
210,54	1214,45
210,76	1110,00
210,98	1165,29
211,20	1105,90
211,42	1181,68
211,64	1101,81
211,86	1200,11
212,08	1222,64
212,30	1116,14
212,52	1155,05
212,74	1200,11
212,96	1277,93
213,17	1228,78
213,39	1245,16
213,61	1255,40
213,83	1181,68
214,05	1175,53
214,27	1214,45
214,49	1191,92
214,71	1191,92
214,93	1138,67
215,15	1189,87
215,37	1169,39
215,59	1196,01
215,81	1220,59
216,03	1200,11
216,24	1161,20
216,46	1138,67
216,68	1204,21
216,90	1134,57
217,12	1228,78
217,34	1167,34
217,56	1224,69
217,78	1208,30
218,00	1200,11
218,22	1187,82
218,44	1159,15
218,66	1169,39
218,87	1179,63
219,09	1232,88
219,31	1159,15
219,53	1191,92
219,75	1253,36
219,97	1236,97
220,19	1144,81
220,41	1134,57
220,63	1218,54
220,85	1167,34
221,06	1122,29
221,28	1189,87
221,50	1183,73
221,72	1165,29
221,94	1126,38
222,16	1193,97
222,38	1224,69
222,60	1177,58
222,82	1243,12
223,03	1224,69
223,25	1234,93
223,47	1142,77
223,69	1114,10
223,91	1153,01
224,13	1179,63
224,35	1191,92
224,57	1220,59
224,78	1193,97
225,00	1198,06
225,22	1222,64
225,44	1183,73
225,66	1134,57
225,88	1116,14
226,10	1198,06
226,32	1251,31
226,53	1179,63
226,75	1169,39
226,97	1187,82
227,19	1230,83
227,41	1148,91
227,63	1146,86
227,85	1136,62
228,06	1148,91
228,28	1155,05
228,50	1249,26
228,72	1175,53
228,94	1153,01
229,16	1187,82
229,37	1161,20
229,59	1224,69
229,81	1232,88
230,03	1138,67
230,25	1103,86
230,47	1224,69
230,69	1136,62
230,90	1116,14
231,12	1118,19
231,34	1130,48
231,56	1193,97
231,78	1150,96
232,00	1165,29
232,21	1200,11
232,43	1171,44
232,65	1140,72
232,87	1171,44
233,09	1220,59
233,30	1130,48
233,52	1124,33
233,74	1144,81
233,96	1243,12
234,18	1142,77
234,40	1204,21
234,61	1126,38
234,83	1181,68
235,05	1171,44
235,27	1155,05
235,49	1144,81
235,70	1216,49
235,92	1249,26
236,14	1161,20
236,36	1208,30
236,58	1179,63
236,79	1206,25
237,01	1155,05
237,23	1157,10
237,45	1177,58
237,67	1161,20
237,88	1230,83
238,10	1175,53
238,32	1173,49
238,54	1173,49
238,76	1138,67
238,97	1163,25
239,19	1157,10
239,41	1114,10
239,63	1228,78
239,85	1116,14
240,06	1189,87
240,28	1214,45
240,50	1163,25
240,72	1214,45
240,93	1251,31
241,15	1265,64
241,37	1136,62
241,59	1204,21
241,81	1216,49
242,02	1234,93
242,24	1157,10
242,46	1193,97
242,68	1198,06
242,89	1208,30
243,11	1167,34
243,33	1191,92
243,55	1214,45
243,76	1175,53
243,98	1155,05
244,20	1136,62
244,42	1173,49
244,64	1204,21
244,85	1193,97
245,07	1128,43
245,29	1126,38
245,51	1173,49
245,72	1212,40
245,94	1114,10
246,16	1224,69
246,38	1140,72
246,59	1200,11
246,81	1232,88
247,03	1122,29
247,24	1200,11
247,46	1126,38
247,68	1230,83
247,90	1196,01
248,11	1150,96
248,33	1124,33
248,55	1224,69
248,77	1200,11
248,98	1218,54
249,20	1200,11
249,42	1216,49
249,64	1187,82
249,85	1161,20
250,07	1165,29
250,29	1175,53
250,50	1198,06
250,72	1191,92
250,94	1196,01
251,16	1255,40
251,37	1185,77
251,59	1202,16
251,81	1187,82
252,02	1167,34
252,24	1226,73
252,46	1206,25
252,68	1228,78
252,89	1101,81
253,11	1140,72
253,33	1261,55
253,54	1146,86
253,76	1140,72
253,98	1191,92
254,20	1193,97
254,41	1173,49
254,63	1210,35
254,85	1200,11
255,06	1177,58
255,28	1198,06
255,50	1165,29
255,71	1126,38
255,93	1169,39
256,15	1220,59
256,36	1208,30
256,58	1196,01
256,80	1136,62
257,02	1054,70
257,23	1179,63
257,45	1214,45
257,67	1099,76
257,88	1218,54
258,10	1163,25
258,32	1173,49
258,53	1150,96
258,75	1167,34
258,97	1206,25
259,18	1230,83
259,40	1056,75
259,62	1171,44
259,83	1177,58
260,05	1175,53
260,27	1157,10
260,48	1226,73
260,70	1177,58
260,92	1101,81
261,13	1191,92
261,35	1165,29
261,57	1132,53
261,78	1208,30
262,00	1202,16
262,22	1181,68
262,43	1179,63
262,65	1163,25
262,86	1185,77
263,08	1173,49
263,30	1243,12
263,51	1155,05
263,73	1202,16
263,95	1189,87
264,16	1167,34
264,38	1204,21
264,60	1116,14
264,81	1155,05
265,03	1101,81
265,25	1183,73
265,46	1187,82
265,68	1214,45
265,89	1157,10
266,11	1189,87
266,33	1187,82
266,54	1193,97
266,76	1230,83
266,98	1228,78
267,19	1167,34
267,41	1087,47
267,62	1146,86
267,84	1175,53
268,06	1210,35
268,27	1189,87
268,49	1230,83
268,70	1138,67
268,92	1198,06
269,14	1189,87
269,35	1175,53
269,57	1171,44
269,79	1239,02
270,00	1220,59
270,22	1122,29
270,43	1200,11
270,65	1138,67
270,87	1208,30
271,08	1128,43
271,30	1169,39
271,51	1189,87
271,73	1134,57
271,95	1185,77
272,16	1120,24
272,38	1202,16
272,59	1167,34
272,81	1169,39
273,02	1169,39
273,24	1163,25
273,46	1159,15
273,67	1193,97
273,89	1183,73
274,10	1214,45
274,32	1120,24
274,54	1187,82
274,75	1146,86
274,97	1191,92
275,18	1144,81
275,40	1118,19
275,61	1159,15
275,83	1179,63
276,05	1200,11
276,26	1265,64
276,48	1196,01
276,69	1128,43
276,91	1146,86
277,12	1167,34
277,34	1060,85
277,55	1118,19
277,77	1159,15
277,99	1208,30
278,20	1198,06
278,42	1175,53
278,63	1208,30
278,85	1236,97
279,06	1200,11
279,28	1122,29
279,49	1249,26
279,71	1171,44
279,93	1150,96
280,14	1175,53
280,36	1173,49
280,57	1212,40
280,79	1200,11
281,00	1200,11
281,22	1212,40
281,43	1179,63
281,65	1259,50
281,86	1107,95
282,08	1167,34
282,29	1196,01
282,51	1165,29
282,73	1220,59
282,94	1187,82
283,16	1138,67
283,37	1218,54
283,59	1163,25
283,80	1052,66
284,02	1216,49
284,23	1245,16
284,45	1157,10
284,66	1171,44
284,88	1226,73
285,09	1099,76
285,31	1243,12
285,52	1202,16
285,74	1167,34
285,95	1155,05
286,17	1181,68
286,38	1126,38
286,60	1165,29
286,81	1193,97
287,03	1142,77
287,24	1200,11
287,46	1214,45
287,67	1130,48
287,89	1146,86
288,10	1124,33
288,32	1122,29
288,53	1218,54
288,75	1230,83
288,96	1130,48
289,18	1148,91
289,39	1208,30
289,61	1196,01
289,82	1095,66
290,04	1157,10
290,25	1193,97
290,47	1224,69
290,68	1126,38
290,90	1157,10
291,11	1148,91
291,33	1107,95
291,54	1112,05
291,76	1202,16
291,97	1212,40
292,18	1189,87
292,40	1175,53
292,61	1222,64
292,83	1200,11
293,04	1130,48
293,26	1216,49
293,47	1185,77
293,69	1196,01
293,90	1232,88
294,12	1144,81
294,33	1191,92
294,55	1177,58
294,76	1128,43
294,97	1189,87
295,19	1150,96
295,40	1155,05
295,62	1218,54
295,83	1193,97
296,05	1187,82
296,26	1220,59
296,48	1126,38
296,69	1134,57
296,90	1185,77
297,12	1222,64
297,33	1140,72
297,55	1204,21
297,76	1169,39
297,98	1200,11
298,19	1134,57
298,41	1120,24
298,62	1150,96
298,83	1218,54
299,05	1173,49
299,26	1169,39
299,48	1179,63
299,69	1150,96
299,90	1198,06
300,12	1134,57
300,33	1247,21
300,55	1234,93
300,76	1173,49
300,98	1196,01
301,19	1202,16
301,40	1208,30
301,62	1179,63
301,83	1204,21
302,05	1212,40
302,26	1196,01
302,47	1165,29
302,69	1228,78
302,90	1279,98
303,12	1122,29
303,33	1169,39
303,54	1241,07
303,76	1142,77
303,97	1202,16
304,19	1128,43
304,40	1150,96
304,61	1173,49
304,83	1243,12
305,04	1177,58
305,26	1155,05
305,47	1228,78
305,68	1208,30
305,90	1169,39
306,11	1255,40
306,33	1216,49
306,54	1179,63
306,75	1103,86
306,97	1150,96
307,18	1234,93
307,39	1134,57
307,61	1167,34
307,82	1153,01
308,04	1163,25
308,25	1099,76
308,46	1191,92
308,68	1226,73
308,89	1200,11
309,10	1159,15
309,32	1212,40
309,53	1171,44
309,74	1167,34
309,96	1107,95
310,17	1214,45
310,39	1118,19
310,60	1167,34
310,81	1132,53
311,03	1155,05
311,24	1200,11
311,45	1148,91
311,67	1191,92
311,88	1232,88
312,09	1134,57
312,31	1167,34
312,52	1200,11
312,73	1226,73
312,95	1196,01
313,16	1185,77
313,37	1239,02
313,59	1165,29
313,80	1130,48
314,01	1226,73
314,23	1179,63
314,44	1150,96
314,65	1277,93
314,87	1155,05
315,08	1179,63
315,29	1167,34
315,51	1208,30
315,72	1275,88
315,93	1134,57
316,15	1196,01
316,36	1230,83
316,57	1187,82
316,79	1120,24
317,00	1208,30
317,21	1175,53
317,43	1183,73
317,64	1171,44
317,85	1210,35
318,07	1136,62
318,28	1163,25
318,49	1140,72
318,70	1206,25
318,92	1179,63
319,13	1232,88
319,34	1150,96
319,56	1177,58
319,77	1216,49
319,98	1210,35
320,20	1222,64
320,41	1157,10
320,62	1122,29
320,83	1200,11
321,05	1183,73
321,26	1153,01
321,47	1157,10
321,69	1216,49
321,90	1126,38
322,11	1202,16
322,32	1122,29
322,54	1165,29
322,75	1153,01
322,96	1165,29
323,18	1249,26
323,39	1150,96
323,60	1187,82
323,81	1138,67
324,03	1132,53
324,24	1222,64
324,45	1128,43
324,66	1257,45
324,88	1150,96
325,09	1202,16
325,30	1155,05
325,52	1134,57
325,73	1126,38
325,94	1185,77
326,15	1212,40
326,37	1245,16
326,58	1198,06
326,79	1144,81
327,00	1144,81
327,22	1245,16
327,43	1220,59
327,64	1148,91
327,85	1226,73
328,07	1126,38
328,28	1210,35
328,49	1208,30
328,70	1169,39
328,92	1134,57
329,13	1224,69
329,34	1163,25
329,55	1241,07
329,76	1212,40
329,98	1161,20
330,19	1226,73
330,40	1114,10
330,61	1216,49
330,83	1153,01
331,04	1214,45
331,25	1128,43
331,46	1214,45
331,68	1167,34
331,89	1224,69
332,10	1134,57
332,31	1255,40
332,52	1232,88
332,74	1165,29
332,95	1134,57
333,16	1220,59
333,37	1193,97
333,58	1226,73
333,80	1161,20
334,01	1220,59
334,22	1140,72
334,43	1222,64
334,64	1187,82
334,86	1198,06
335,07	1159,15
335,28	1257,45
335,49	1126,38
335,70	1189,87
335,92	1136,62
336,13	1234,93
336,34	1177,58
336,55	1157,10
336,76	1210,35
336,98	1140,72
337,19	1157,10
337,40	1193,97
337,61	1136,62
337,82	1177,58
338,04	1130,48
338,25	1206,25
338,46	1191,92
338,67	1095,66
338,88	1134,57
339,09	1202,16
339,31	1153,01
339,52	1226,73
339,73	1196,01
339,94	1216,49
340,15	1077,23
340,36	1206,25
340,58	1144,81
340,79	1220,59
341,00	1138,67
341,21	1175,53
341,42	1185,77
341,63	1142,77
341,85	1169,39
342,06	1198,06
342,27	1247,21
342,48	1165,29
342,69	1187,82
342,90	1214,45
343,12	1159,15
343,33	1230,83
343,54	1140,72
343,75	1202,16
343,96	1181,68
344,17	1232,88
344,38	1191,92
344,60	1150,96
344,81	1130,48
345,02	1198,06
345,23	1157,10
345,44	1112,05
345,65	1193,97
345,86	1179,63
346,07	1185,77
346,29	1230,83
346,50	1175,53
346,71	1153,01
346,92	1159,15
347,13	1159,15
347,34	1181,68
347,55	1173,49
347,76	1198,06
347,98	1097,71
348,19	1146,86
348,40	1232,88
348,61	1144,81
348,82	1226,73
349,03	1089,52
349,24	1193,97
349,45	1191,92
349,66	1097,71
349,88	1187,82
350,09	1107,95
350,30	1204,21
350,51	1300,46
350,72	1148,91
350,93	1142,77
351,14	1163,25
351,35	1181,68
351,56	1236,97
351,77	1255,40
351,99	1159,15
352,20	1140,72
352,41	1118,19
352,62	1157,10
352,83	1161,20
353,04	1165,29
353,25	1124,33
353,46	1191,92
353,67	1183,73
353,88	1165,29
354,09	1146,86
354,30	1163,25
354,52	1228,78
354,73	1187,82
354,94	1105,90
355,15	1146,86
355,36	1181,68
355,57	1230,83
355,78	1163,25
355,99	1103,86
356,20	1175,53
356,41	1175,53
356,62	1236,97
356,83	1245,16
357,04	1153,01
357,25	1232,88
357,46	1179,63
357,68	1161,20
357,89	1189,87
358,10	1214,45
358,31	1128,43
358,52	1204,21
358,73	1210,35
358,94	1097,71
359,15	1167,34
359,36	1230,83
359,57	1210,35
359,78	1183,73
359,99	1202,16
360,20	1144,81
360,41	1136,62
360,62	1181,68
360,83	1163,25
361,04	1210,35
361,25	1148,91
361,46	1191,92
361,67	1179,63
361,88	1193,97
362,09	1179,63
362,30	1140,72
362,51	1165,29
362,72	1198,06
362,93	1187,82
363,14	1253,36
363,35	1157,10
363,56	1202,16
363,78	1191,92
363,99	1214,45
364,20	1214,45
364,41	1179,63
364,62	1187,82
364,83	1167,34
365,04	1247,21
365,25	1206,25
365,46	1212,40
365,67	1241,07
365,88	1155,05
366,09	1165,29
366,30	1214,45
366,51	1177,58
366,72	1161,20
366,93	1167,34
367,14	1196,01
367,35	1251,31
367,56	1101,81
367,77	1200,11
367,98	1128,43
368,18	1222,64
368,39	1224,69
368,60	1200,11
368,81	1204,21
369,02	1155,05
369,23	1249,26
369,44	1167,34
369,65	1148,91
369,86	1236,97
370,07	1159,15
370,28	1138,67
370,49	1153,01
370,70	1144,81
370,91	1142,77
371,12	1171,44
371,33	1216,49
371,54	1241,07
371,75	1183,73
371,96	1146,86
372,17	1163,25
372,38	1230,83
372,59	1218,54
372,80	1175,53
373,01	1140,72
373,22	1169,39
373,43	1181,68
373,64	1232,88
373,85	1198,06
374,06	1214,45
374,26	1165,29
374,47	1155,05
374,68	1155,05
374,89	1200,11
375,10	1173,49
375,31	1132,53
375,52	1212,40
375,73	1210,35
375,94	1181,68
376,15	1173,49
376,36	1140,72
376,57	1204,21
376,78	1226,73
376,99	1132,53
377,20	1181,68
377,40	1196,01
377,61	1222,64
377,82	1193,97
378,03	1163,25
378,24	1196,01
378,45	1196,01
378,66	1169,39
378,87	1128,43
379,08	1181,68
379,29	1214,45
379,50	1189,87
379,71	1208,30
379,91	1099,76
380,12	1259,50
380,33	1261,55
380,54	1224,69
380,75	1148,91
380,96	1214,45
381,17	1200,11
381,38	1114,10
381,59	1173,49
381,80	1202,16
382,00	1167,34
382,21	1118,19
382,42	1279,98
382,63	1128,43
382,84	1255,40
383,05	1198,06
383,26	1232,88
383,47	1146,86
383,68	1146,86
383,88	1093,62
384,09	1210,35
384,30	1198,06
384,51	1202,16
384,72	1155,05
384,93	1161,20
385,14	1210,35
385,35	1234,93
385,55	1153,01
385,76	1148,91
385,97	1175,53
386,18	1159,15
386,39	1230,83
386,60	1245,16
386,81	1183,73
387,02	1257,45
387,22	1169,39
387,43	1189,87
387,64	1142,77
387,85	1196,01
388,06	1208,30
388,27	1212,40
388,48	1124,33
388,68	1148,91
388,89	1208,30
389,10	1183,73
389,31	1208,30
389,52	1210,35
389,73	1200,11
389,93	1222,64
390,14	1206,25
390,35	1155,05
390,56	1110,00
390,77	1126,38
390,98	1132,53
391,18	1212,40
391,39	1179,63
391,60	1138,67
391,81	1196,01
392,02	1134,57
392,23	1259,50
392,43	1212,40
392,64	1187,82
392,85	1193,97
393,06	1189,87
393,27	1175,53
393,47	1169,39
393,68	1134,57
393,89	1245,16
394,10	1169,39
394,31	1193,97
394,52	1191,92
394,72	1132,53
394,93	1206,25
395,14	1173,49
395,35	1153,01
395,56	1191,92
395,76	1216,49
395,97	1232,88
396,18	1148,91
396,39	1189,87
396,60	1222,64
396,80	1079,28
397,01	1224,69
397,22	1171,44
397,43	1157,10
397,64	1208,30
397,84	1148,91
398,05	1161,20
398,26	1159,15
398,47	1183,73
398,67	1161,20
398,88	1181,68
399,09	1157,10
399,30	1130,48
399,51	1128,43
399,71	1185,77
399,92	1202,16
400,13	1171,44
400,34	1183,73
400,54	1163,25
400,75	1144,81
400,96	1179,63
401,17	1185,77
401,37	1208,30
401,58	1259,50
401,79	1310,70
402,00	1136,62
402,21	1269,74
402,41	1165,29
402,62	1112,05
402,83	1191,92
403,04	1196,01
403,24	1116,14
403,45	1140,72
403,66	1185,77
403,87	1169,39
404,07	1222,64
404,28	1157,10
404,49	1140,72
404,70	1181,68
404,90	1216,49
405,11	1206,25
405,32	1208,30
405,52	1150,96
405,73	1261,55
405,94	1179,63
406,15	1134,57
406,35	1128,43
406,56	1183,73
406,77	1142,77
406,98	1175,53
407,18	1206,25
407,39	1173,49
407,60	1128,43
407,80	1175,53
408,01	1187,82
408,22	1202,16
408,43	1171,44
408,63	1189,87
408,84	1159,15
409,05	1177,58
409,25	1230,83
409,46	1167,34
409,67	1140,72
409,88	1189,87
410,08	1181,68
410,29	1286,12
410,50	1171,44
410,70	1181,68
410,91	1210,35
411,12	1142,77
411,32	1163,25
411,53	1216,49
411,74	1146,86
411,95	1200,11
412,15	1177,58
412,36	1196,01
412,57	1185,77
412,77	1200,11
412,98	1124,33
413,19	1208,30
413,39	1239,02
413,60	1091,57
413,81	1146,86
414,01	1232,88
414,22	1271,79
414,43	1175,53
414,63	1251,31
414,84	1269,74
415,05	1171,44
415,25	1105,90
415,46	1189,87
415,67	1198,06
415,87	1097,71
416,08	1175,53
416,29	1167,34
416,49	1200,11
416,70	1165,29
416,91	1220,59
417,11	1177,58
417,32	1132,53
417,53	1179,63
417,73	1220,59
417,94	1183,73
418,15	1173,49
418,35	1214,45
418,56	1189,87
418,77	1218,54
418,97	1189,87
419,18	1124,33
419,38	1101,81
419,59	1140,72
419,80	1181,68
420,00	1202,16
420,21	1173,49
420,42	1161,20
420,62	1216,49
420,83	1132,53
421,04	1146,86
421,24	1150,96
421,45	1204,21
421,65	1214,45
421,86	1177,58
422,07	1210,35
422,27	1220,59
422,48	1105,90
422,69	1181,68
422,89	1167,34
423,10	1175,53
423,30	1171,44
423,51	1206,25
423,72	1204,21
423,92	1126,38
424,13	1239,02
424,33	1142,77
424,54	1120,24
424,75	1214,45
424,95	1142,77
425,16	1251,31
425,36	1187,82
425,57	1208,30
425,78	1202,16
425,98	1232,88
426,19	1148,91
426,39	1136,62
426,60	1093,62
426,81	1216,49
427,01	1189,87
427,22	1214,45
427,42	1214,45
427,63	1107,95
427,83	1189,87
428,04	1177,58
428,25	1210,35
428,45	1200,11
428,66	1187,82
428,86	1255,40
429,07	1138,67
429,28	1153,01
429,48	1200,11
429,69	1142,77
429,89	1222,64
430,10	1167,34
430,30	1159,15
430,51	1155,05
430,71	1126,38
430,92	1122,29
431,13	1171,44
431,33	1241,07
431,54	1140,72
431,74	1181,68
431,95	1218,54
432,15	1171,44
432,36	1212,40
432,56	1161,20
432,77	1212,40
432,98	1124,33
433,18	1198,06
433,39	1191,92
433,59	1146,86
433,80	1134,57
434,00	1204,21
434,21	1202,16
434,41	1193,97
434,62	1183,73
434,82	1191,92
435,03	1210,35
435,23	1134,57
435,44	1163,25
435,64	1193,97
435,85	1120,24
436,06	1187,82
436,26	1153,01
436,47	1077,23
436,67	1153,01
436,88	1175,53
437,08	1126,38
437,29	1101,81
437,49	1216,49
437,70	1185,77
437,90	1189,87
438,11	1218,54
438,31	1167,34
438,52	1153,01
438,72	1150,96
438,93	1257,45
439,13	1161,20
439,34	1150,96
439,54	1191,92
439,75	1159,15
439,95	1157,10
440,16	1191,92
440,36	1169,39
440,57	1157,10
440,77	1273,84
440,98	1130,48
441,18	1218,54
441,39	1159,15
441,59	1200,11
441,80	1208,30
442,00	1167,34
442,21	1220,59
442,41	1083,38
442,62	1173,49
442,82	1138,67
443,02	1236,97
443,23	1056,75
443,43	1148,91
443,64	1200,11
443,84	1136,62
444,05	1103,86
444,25	1222,64
444,46	1136,62
444,66	1193,97
444,87	1206,25
445,07	1155,05
445,28	1157,10
445,48	1118,19
445,69	1132,53
445,89	1183,73
446,09	1202,16
446,30	1163,25
446,50	1204,21
446,71	1200,11
446,91	1214,45
447,12	1122,29
447,32	1163,25
447,53	1202,16
447,73	1191,92
447,93	1165,29
448,14	1257,45
448,34	1155,05
448,55	1181,68
448,75	1165,29
448,96	1183,73
449,16	1206,25
449,36	1210,35
449,57	1159,15
449,77	1243,12
449,98	1163,25
450,18	1183,73
450,39	1224,69
450,59	1150,96
450,79	1157,10
451,00	1161,20
451,20	1220,59
451,41	1183,73
451,61	1251,31
451,81	1165,29
452,02	1173,49
452,22	1138,67
452,43	1183,73
452,63	1173,49
452,84	1189,87
453,04	1150,96
453,24	1105,90
453,45	1142,77
453,65	1120,24
453,86	1208,30
454,06	1204,21
454,26	1206,25
454,47	1097,71
454,67	1277,93
454,87	1132,53
455,08	1181,68
455,28	1179,63
455,49	1189,87
455,69	1193,97
455,89	1159,15
456,10	1171,44
456,30	1198,06
456,51	1124,33
456,71	1146,86
456,91	1177,58
457,12	1183,73
457,32	1167,34
457,52	1226,73
457,73	1155,05
457,93	1212,40
458,14	1193,97
458,34	1161,20
458,54	1124,33
458,75	1110,00
458,95	1175,53
459,15	1208,30
459,36	1218,54
459,56	1116,14
459,76	1212,40
459,97	1159,15
460,17	1185,77
460,37	1142,77
460,58	1228,78
460,78	1171,44
460,99	1228,78
461,19	1103,86
461,39	1212,40
461,60	1124,33
461,80	1232,88
462,00	1150,96
462,21	1187,82
462,41	1193,97
462,61	1167,34
462,82	1193,97
463,02	1200,11
463,22	1138,67
463,43	1200,11
463,63	1189,87
463,83	1120,24
464,04	1183,73
464,24	1210,35
464,44	1193,97
464,64	1232,88
464,85	1173,49
465,05	1173,49
465,25	1224,69
465,46	1114,10
465,66	1208,30
465,86	1196,01
466,07	1132,53
466,27	1214,45
466,47	1181,68
466,68	1196,01
466,88	1179,63
467,08	1118,19
467,29	1173,49
467,49	1191,92
467,69	1122,29
467,89	1140,72
468,10	1175,53
468,30	1126,38
468,50	1167,34
468,71	1191,92
468,91	1126,38
469,11	1187,82
469,31	1150,96
469,52	1161,20
469,72	1216,49
469,92	1230,83
470,13	1167,34
470,33	1189,87
470,53	1206,25
470,73	1136,62
470,94	1185,77
471,14	1177,58
471,34	1132,53
471,54	1193,97
471,75	1142,77
471,95	1161,20
472,15	1193,97
472,36	1181,68
472,56	1144,81
472,76	1177,58
472,96	1196,01
473,17	1177,58
473,37	1153,01
473,57	1181,68
473,77	1232,88
473,98	1122,29
474,18	1157,10
474,38	1224,69
474,58	1181,68
474,79	1130,48
474,99	1183,73
475,19	1124,33
475,39	1189,87
475,60	1247,21
475,80	1118,19
476,00	1208,30
476,20	1263,60
476,41	1228,78
476,61	1163,25
476,81	1140,72
477,01	1193,97
477,21	1228,78
477,42	1249,26
477,62	1185,77
477,82	1241,07
478,02	1226,73
478,23	1187,82
478,43	1189,87
478,63	1198,06
478,83	1161,20
479,03	1159,15
479,24	1249,26
479,44	1140,72
479,64	1220,59
479,84	1165,29
480,04	1165,29
480,25	1200,11
480,45	1230,83
480,65	1212,40
480,85	1181,68
481,06	1116,14
481,26	1185,77
481,46	1198,06
481,66	1193,97
481,86	1169,39
482,06	1118,19
482,27	1177,58
482,47	1177,58
482,67	1185,77
482,87	1169,39
483,07	1183,73
483,28	1249,26
483,48	1216,49
483,68	1183,73
483,88	1144,81
484,08	1191,92
484,29	1232,88
484,49	1181,68
484,69	1126,38
484,89	1167,34
485,09	1265,64
485,29	1187,82
485,50	1230,83
485,70	1183,73
485,90	1132,53
486,10	1138,67
486,30	1208,30
486,50	1181,68
486,71	1167,34
486,91	1181,68
487,11	1222,64
487,31	1183,73
487,51	1202,16
487,71	1093,62
487,91	1208,30
488,12	1157,10
488,32	1165,29
488,52	1196,01
488,72	1222,64
488,92	1208,30
489,12	1140,72
489,32	1236,97
489,53	1122,29
489,73	1122,29
489,93	1222,64
490,13	1130,48
490,33	1234,93
490,53	1142,77
490,73	1157,10
490,94	1210,35
491,14	1136,62
491,34	1181,68
491,54	1132,53
491,74	1183,73
491,94	1183,73
492,14	1122,29
492,34	1224,69
492,54	1196,01
492,75	1196,01
492,95	1216,49
493,15	1198,06
493,35	1116,14
493,55	1247,21
493,75	1142,77
493,95	1146,86
494,15	1146,86
494,35	1243,12
494,56	1232,88
494,76	1189,87
494,96	1198,06
495,16	1144,81
495,36	1226,73
495,56	1173,49
495,76	1224,69
495,96	1165,29
496,16	1177,58
496,36	1150,96
496,56	1177,58
496,77	1200,11
496,97	1179,63
497,17	1249,26
497,37	1181,68
497,57	1144,81
497,77	1185,77
497,97	1247,21
498,17	1120,24
498,37	1161,20
498,57	1181,68
498,77	1167,34
498,97	1181,68
499,17	1126,38
499,38	1202,16
499,58	1185,77
499,78	1171,44
499,98	1155,05
500,18	1122,29
500,38	1169,39
500,58	1138,67
500,78	1206,25
500,98	1247,21
501,18	1193,97
501,38	1206,25
501,58	1200,11
501,78	1157,10
501,98	1165,29
502,18	1189,87
502,38	1191,92
502,58	1122,29
502,78	1066,99
502,98	1150,96
503,18	1187,82
503,38	1202,16
503,59	1120,24
503,79	1183,73
503,99	1179,63
504,19	1208,30
504,39	1148,91
504,59	1103,86
504,79	1175,53
504,99	1204,21
505,19	1179,63
505,39	1191,92
505,59	1181,68
505,79	1175,53
505,99	1146,86
506,19	1159,15
506,39	1175,53
506,59	1204,21
506,79	1183,73
506,99	1202,16
507,19	1187,82
507,39	1163,25
507,59	1208,30
507,79	1155,05
507,99	1189,87
508,19	1165,29
508,39	1263,60
508,59	1187,82
508,79	1118,19
508,99	1224,69
509,19	1216,49
509,39	1224,69
509,59	1146,86
509,79	1196,01
509,99	1165,29
510,19	1118,19
510,39	1224,69
510,59	1155,05
510,79	1171,44
510,99	1218,54
511,19	1198,06
511,39	1120,24
511,59	1292,27
511,79	1259,50
511,99	1200,11
512,19	1200,11
512,38	1202,16
512,58	1220,59
512,78	1173,49
512,98	1116,14
513,18	1196,01
513,38	1196,01
513,58	1122,29
513,78	1140,72
513,98	1187,82
514,18	1173,49
514,38	1208,30
514,58	1124,33
514,78	1169,39
514,98	1165,29
515,18	1245,16
515,38	1198,06
515,58	1200,11
515,78	1163,25
515,98	1185,77
516,18	1105,90
516,38	1128,43
516,57	1171,44
516,77	1187,82
516,97	1157,10
517,17	1097,71
517,37	1200,11
517,57	1173,49
517,77	1048,56
517,97	1198,06
518,17	1239,02
518,37	1226,73
518,57	1243,12
518,77	1210,35
518,97	1198,06
519,16	1202,16
519,36	1130,48
519,56	1232,88
519,76	1183,73
519,96	1175,53
520,16	1069,04
520,36	1232,88
520,56	1175,53
520,76	1144,81
520,96	1220,59
521,16	1220,59
521,35	1206,25
521,55	1230,83
521,75	1214,45
521,95	1245,16
522,15	1175,53
522,35	1232,88
522,55	1173,49
522,75	1150,96
522,95	1198,06
523,14	1183,73
523,34	1230,83
523,54	1159,15
523,74	1181,68
523,94	1163,25
524,14	1187,82
524,34	1226,73
524,54	1249,26
524,73	1175,53
524,93	1198,06
525,13	1189,87
525,33	1206,25
525,53	1189,87
525,73	1165,29
525,93	1173,49
526,13	1112,05
526,32	1187,82
526,52	1155,05
526,72	1193,97
526,92	1216,49
527,12	1189,87
527,32	1126,38
527,52	1234,93
527,71	1220,59
527,91	1155,05
528,11	1140,72
528,31	1128,43
528,51	1202,16
528,71	1204,21
528,90	1167,34
529,10	1175,53
529,30	1171,44
529,50	1222,64
529,70	1216,49
529,90	1155,05
530,09	1179,63
530,29	1167,34
530,49	1159,15
530,69	1200,11
530,89	1187,82
531,09	1175,53
531,28	1187,82
531,48	1120,24
531,68	1212,40
531,88	1185,77
532,08	1153,01
532,28	1183,73
532,47	1159,15
532,67	1169,39
532,87	1220,59
533,07	1122,29
533,27	1239,02
533,46	1103,86
533,66	1173,49
533,86	1148,91
534,06	1185,77
534,26	1171,44
534,45	1181,68
534,65	1206,25
534,85	1191,92
535,05	1140,72
535,25	1124,33
535,44	1155,05
535,64	1169,39
535,84	1216,49
536,04	1179,63
536,24	1150,96
536,43	1210,35
536,63	1144,81
536,83	1191,92
537,03	1206,25
537,22	1183,73
537,42	1169,39
537,62	1232,88
537,82	1167,34
538,02	1202,16
538,21	1206,25
538,41	1212,40
538,61	1183,73
538,81	1216,49
539,00	1157,10
539,20	1134,57
539,40	1183,73
539,60	1177,58
539,79	1144,81
539,99	1189,87
540,19	1202,16
540,39	1198,06
540,58	1130,48
540,78	1140,72
540,98	1236,97
541,18	1157,10
541,37	1132,53
541,57	1173,49
541,77	1230,83
541,97	1165,29
542,16	1167,34
542,36	1146,86
542,56	1153,01
542,76	1200,11
542,95	1232,88
543,15	1153,01
543,35	1220,59
543,54	1210,35
543,74	1126,38
543,94	1202,16
544,14	1144,81
544,33	1134,57
544,53	1204,21
544,73	1253,36
544,93	1167,34
545,12	1169,39
545,32	1226,73
545,52	1214,45
545,71	1193,97
545,91	1159,15
546,11	1230,83
546,30	1144,81
546,50	1204,21
546,70	1196,01
546,90	1210,35
547,09	1193,97
547,29	1107,95
547,49	1157,10
547,68	1181,68
547,88	1189,87
548,08	1130,48
548,27	1230,83
548,47	1189,87
548,67	1202,16
548,87	1202,16
549,06	1148,91
549,26	1202,16
549,46	1148,91
549,65	1224,69
549,85	1185,77
550,05	1136,62
550,24	1206,25
550,44	1253,36
550,64	1185,77
550,83	1110,00
551,03	1177,58
551,23	1193,97
551,42	1155,05
551,62	1144,81
551,82	1241,07
552,01	1163,25
552,21	1179,63
552,41	1206,25
552,60	1136,62
552,80	1132,53
553,00	1218,54
553,19	1148,91
553,39	1150,96
553,59	1175,53
553,78	1142,77
553,98	1171,44
554,17	1105,90
554,37	1120,24
554,57	1138,67
554,76	1146,86
554,96	1140,72
555,16	1191,92
555,35	1167,34
555,55	1148,91
555,75	1159,15
555,94	1132,53
556,14	1208,30
556,33	1138,67
556,53	1155,05
556,73	1212,40
556,92	1150,96
557,12	1101,81
557,32	1165,29
557,51	1124,33
557,71	1216,49
557,90	1150,96
558,10	1245,16
558,30	1214,45
558,49	1159,15
558,69	1173,49
558,88	1198,06
559,08	1185,77
559,28	1138,67
559,47	1148,91
559,67	1077,23
559,86	1243,12
560,06	1128,43
560,26	1155,05
560,45	1196,01
560,65	1148,91
560,84	1163,25
561,04	1132,53
561,24	1116,14
561,43	1130,48
561,63	1171,44
561,82	1142,77
562,02	1177,58
562,22	1200,11
562,41	1159,15
562,61	1114,10
562,80	1198,06
563,00	1138,67
563,19	1120,24
563,39	1146,86
563,59	1118,19
563,78	1187,82
563,98	1259,50
564,17	1157,10
564,37	1196,01
564,56	1187,82
564,76	1183,73
564,96	1155,05
565,15	1210,35
565,35	1148,91
565,54	1159,15
565,74	1165,29
565,93	1144,81
566,13	1202,16
566,32	1169,39
566,52	1196,01
566,71	1132,53
566,91	1193,97
567,11	1112,05
567,30	1128,43
567,50	1177,58
567,69	1116,14
567,89	1175,53
568,08	1132,53
568,28	1232,88
568,47	1191,92
568,67	1165,29
568,86	1128,43
569,06	1216,49
569,25	1193,97
569,45	1214,45
569,64	1202,16
569,84	1224,69
570,04	1189,87
570,23	1171,44
570,43	1265,64
570,62	1196,01
570,82	1157,10
571,01	1204,21
571,21	1177,58
571,40	1155,05
571,60	1155,05
571,79	1181,68
571,99	1187,82
572,18	1241,07
572,38	1150,96
572,57	1153,01
572,77	1181,68
572,96	1142,77
573,16	1132,53
573,35	1187,82
573,55	1159,15
573,74	1216,49
573,94	1159,15
574,13	1155,05
574,33	1222,64
574,52	1228,78
574,71	1196,01
574,91	1124,33
575,10	1146,86
575,30	1193,97
575,49	1110,00
575,69	1187,82
575,88	1185,77
576,08	1175,53
576,27	1216,49
576,47	1202,16
576,66	1230,83
576,86	1185,77
577,05	1212,40
577,25	1193,97
577,44	1095,66
577,64	1179,63
577,83	1230,83
578,02	1193,97
578,22	1191,92
578,41	1200,11
578,61	1212,40
578,80	1191,92
579,00	1169,39
579,19	1126,38
579,39	1200,11
579,58	1138,67
579,77	1228,78
579,97	1179,63
580,16	1189,87
580,36	1175,53
580,55	1259,50
580,75	1183,73
580,94	1183,73
581,13	1097,71
581,33	1144,81
581,52	1107,95
581,72	1245,16
581,91	1114,10
582,11	1126,38
582,30	1144,81
582,49	1222,64
582,69	1144,81
582,88	1247,21
583,08	1110,00
583,27	1210,35
583,47	1136,62
583,66	1198,06
583,85	1177,58
584,05	1142,77
584,24	1218,54
584,44	1251,31
584,63	1224,69
584,82	1165,29
585,02	1224,69
585,21	1179,63
585,41	1189,87
585,60	1134,57
585,79	1249,26
585,99	1130,48
586,18	1169,39
586,37	1150,96
586,57	1253,36
586,76	1153,01
586,96	1175,53
587,15	1144,81
587,34	1144,81
587,54	1144,81
587,73	1122,29
587,93	1183,73
588,12	1204,21
588,31	1159,15
588,51	1245,16
588,70	1191,92
588,89	1198,06
589,09	1247,21
589,28	1189,87
589,47	1193,97
589,67	1167,34
589,86	1157,10
590,06	1146,86
590,25	1204,21
590,44	1173,49
590,64	1136,62
590,83	1171,44
591,02	1187,82
591,22	1204,21
591,41	1167,34
591,60	1130,48
591,80	1208,30
591,99	1247,21
592,18	1208,30
592,38	1171,44
592,57	1159,15
592,76	1114,10
592,96	1179,63
593,15	1167,34
593,34	1196,01
593,54	1167,34
593,73	1134,57
593,92	1140,72
594,12	1202,16
594,31	1157,10
594,50	1144,81
594,70	1101,81
594,89	1148,91
595,08	1126,38
595,28	1099,76
595,47	1208,30
595,66	1169,39
595,86	1155,05
596,05	1226,73
596,24	1173,49
596,43	1165,29
596,63	1189,87
596,82	1177,58
597,01	1161,20
597,21	1142,77
597,40	1230,83
597,59	1202,16
597,79	1130,48
597,98	1267,69
598,17	1183,73
598,36	1169,39
598,56	1183,73
598,75	1153,01
598,94	1208,30
599,14	1187,82
599,33	1157,10
599,52	1193,97
599,71	1091,57
599,91	1232,88
600,10	1208,30
600,29	1265,64
600,48	1159,15
600,68	1159,15
600,87	1169,39
601,06	1163,25
601,26	1124,33
601,45	1282,03
601,64	1198,06
601,83	1253,36
602,03	1148,91
602,22	1216,49
602,41	1165,29
602,60	1230,83
602,80	1163,25
602,99	1138,67
603,18	1134,57
603,37	1200,11
603,57	1187,82
603,76	1269,74
603,95	1124,33
604,14	1153,01
604,34	1232,88
604,53	1114,10
604,72	1169,39
604,91	1163,25
605,10	1142,77
605,30	1271,79
605,49	1126,38
605,68	1146,86
605,87	1187,82
606,07	1245,16
606,26	1150,96
606,45	1261,55
606,64	1163,25
606,84	1204,21
607,03	1224,69
607,22	1206,25
607,41	1120,24
607,60	1175,53
607,80	1083,38
607,99	1218,54
608,18	1165,29
608,37	1169,39
608,56	1208,30
608,76	1249,26
608,95	1236,97
609,14	1185,77
609,33	1134,57
609,52	1142,77
609,72	1187,82
609,91	1177,58
610,10	1206,25
610,29	1148,91
610,48	1150,96
610,68	1161,20
610,87	1193,97
611,06	1175,53
611,25	1124,33
611,44	1167,34
611,63	1157,10
611,83	1142,77
612,02	1216,49
612,21	1171,44
612,40	1179,63
612,59	1173,49
612,79	1210,35
612,98	1146,86
613,17	1167,34
613,36	1220,59
613,55	1187,82
613,74	1216,49
613,93	1208,30
614,13	1191,92
614,32	1208,30
614,51	1142,77
614,70	1142,77
614,89	1155,05
615,08	1236,97
615,28	1196,01
615,47	1140,72
615,66	1247,21
615,85	1161,20
616,04	1216,49
616,23	1165,29
616,42	1185,77
616,62	1159,15
616,81	1157,10
617,00	1138,67
617,19	1134,57
617,38	1226,73
617,57	1220,59
617,76	1259,50
617,95	1232,88
618,15	1257,45
618,34	1165,29
618,53	1140,72
618,72	1200,11
618,91	1189,87
619,10	1247,21
619,29	1122,29
619,48	1257,45
619,68	1150,96
619,87	1183,73
620,06	1206,25
620,25	1099,76
620,44	1169,39
620,63	1193,97
620,82	1191,92
621,01	1220,59
621,20	1148,91
621,39	1187,82
621,59	1171,44
621,78	1198,06
621,97	1243,12
622,16	1173,49
622,35	1118,19
622,54	1228,78
622,73	1232,88
622,92	1114,10
623,11	1146,86
623,30	1150,96
623,49	1159,15
623,68	1167,34
623,88	1228,78
624,07	1148,91
624,26	1181,68
624,45	1146,86
624,64	1126,38
624,83	1150,96
625,02	1165,29
625,21	1279,98
625,40	1175,53
625,59	1132,53
625,78	1216,49
625,97	1124,33
626,16	1173,49
626,35	1183,73
626,54	1163,25
626,74	1198,06
626,93	1114,10
627,12	1214,45
627,31	1218,54
627,50	1247,21
627,69	1167,34
627,88	1157,10
628,07	1155,05
628,26	1290,22
628,45	1239,02
628,64	1259,50
628,83	1214,45
629,02	1163,25
629,21	1236,97
629,40	1198,06
629,59	1181,68
629,78	1261,55
629,97	1179,63
630,16	1173,49
630,35	1210,35
630,54	1218,54
630,73	1198,06
630,92	1239,02
631,11	1249,26
631,30	1288,17
631,49	1484,78
631,68	1894,37
631,87	3901,38
632,06	14776,09
632,25	42321,27
632,44	55057,59
632,63	56313,00
632,82	35241,45
633,01	18386,66
633,20	5148,59
633,39	5416,88
633,58	2820,05
633,77	2023,39
633,96	1775,59
634,15	1499,11
634,34	1529,83
634,53	1546,22
634,72	1458,15
634,91	1376,24
635,10	1343,47
635,29	1378,28
635,48	1322,99
635,67	1224,69
635,86	1222,64
636,05	1245,16
636,24	1146,86
636,43	1234,93
636,62	1150,96
636,81	1177,58
637,00	1122,29
637,19	1220,59
637,38	1271,79
637,57	1163,25
637,76	1222,64
637,95	1191,92
638,14	1165,29
638,33	1212,40
638,52	1208,30
638,71	1169,39
638,89	1220,59
639,08	1159,15
639,27	1216,49
639,46	1220,59
639,65	1177,58
639,84	1212,40
640,03	1173,49
640,22	1224,69
640,41	1191,92
640,60	1157,10
640,79	1239,02
640,98	1167,34
641,17	1232,88
641,36	1114,10
641,55	1181,68
641,74	1120,24
641,92	1169,39
642,11	1189,87
642,30	1157,10
642,49	1224,69
642,68	1161,20
642,87	1208,30
643,06	1208,30
643,25	1120,24
643,44	1185,77
643,63	1183,73
643,82	1218,54
644,00	1138,67
644,19	1204,21
644,38	1187,82
644,57	1210,35
644,76	1148,91
644,95	1183,73
645,14	1128,43
645,33	1214,45
645,52	1255,40
645,71	1165,29
645,89	1224,69
646,08	1101,81
646,27	1179,63
646,46	1175,53
646,65	1189,87
646,84	1230,83
647,03	1161,20
647,22	1214,45
647,40	1148,91
647,59	1179,63
647,78	1212,40
647,97	1196,01
648,16	1140,72
648,35	1142,77
648,54	1187,82
648,73	1085,42
648,91	1177,58
649,10	1204,21
649,29	1208,30
649,48	1177,58
649,67	1146,86
649,86	1144,81
650,05	1198,06
650,23	1167,34
650,42	1097,71
650,61	1099,76
650,80	1202,16
650,99	1220,59
651,18	1220,59
651,36	1171,44
651,55	1179,63
651,74	1204,21
651,93	1167,34
652,12	1171,44
652,31	1273,84
652,49	1236,97
652,68	1239,02
652,87	1155,05
653,06	1165,29
653,25	1232,88
653,44	1150,96
653,62	1169,39
653,81	1161,20
654,00	1216,49
654,19	1191,92
654,38	1261,55
654,56	1163,25
654,75	1161,20
654,94	1175,53
655,13	1155,05
655,32	1159,15
655,51	1120,24
655,69	1161,20
655,88	1191,92
656,07	1251,31
656,26	1116,14
656,45	1173,49
656,63	1206,25
656,82	1191,92
657,01	1193,97
657,20	1222,64
657,38	1212,40
657,57	1101,81
657,76	1187,82
657,95	1150,96
658,14	1204,21
658,32	1210,35
658,51	1150,96
658,70	1183,73
658,89	1161,20
659,08	1206,25
659,26	1191,92
659,45	1257,45
659,64	1220,59
659,83	1169,39
660,01	1204,21
660,20	1212,40
660,39	1159,15
660,58	1177,58
660,76	1093,62
660,95	1206,25
661,14	1245,16
661,33	1269,74
661,51	1161,20
661,70	1200,11
661,89	1130,48
662,08	1241,07
662,26	1185,77
662,45	1142,77
662,64	1173,49
662,83	1220,59
663,01	1177,58
663,20	1204,21
663,39	1122,29
663,58	1175,53
663,76	1189,87
663,95	1169,39
664,14	1249,26
664,32	1179,63
664,51	1136,62
664,70	1138,67
664,89	1077,23
665,07	1243,12
665,26	1157,10
665,45	1179,63
665,64	1165,29
665,82	1157,10
666,01	1159,15
666,20	1167,34
666,38	1095,66
666,57	1179,63
666,76	1157,10
666,95	1171,44
667,13	1279,98
667,32	1136,62
667,51	1232,88
667,69	1144,81
667,88	1114,10
668,07	1179,63
668,25	1142,77
668,44	1103,86
668,63	1198,06
668,81	1214,45
669,00	1224,69
669,19	1171,44
669,38	1175,53
669,56	1183,73
669,75	1134,57
669,94	1228,78
670,12	1169,39
670,31	1157,10
670,50	1169,39
670,68	1187,82
670,87	1187,82
671,06	1185,77
671,24	1183,73
671,43	1157,10
671,62	1222,64
671,80	1222,64
671,99	1198,06
672,18	1093,62
672,36	1134,57
672,55	1110,00
672,74	1146,86
672,92	1183,73
673,11	1173,49
673,29	1148,91
673,48	1263,60
673,67	1193,97
673,85	1232,88
674,04	1253,36
674,23	1193,97
674,41	1150,96
674,60	1236,97
674,79	1146,86
674,97	1177,58
675,16	1134,57
675,34	1171,44
675,53	1202,16
675,72	1212,40
675,90	1165,29
676,09	1193,97
676,28	1128,43
676,46	1155,05
676,65	1193,97
676,83	1236,97
677,02	1153,01
677,21	1175,53
677,39	1224,69
677,58	1189,87
677,77	1148,91
677,95	1181,68
678,14	1161,20
678,32	1189,87
678,51	1181,68
678,70	1124,33
678,88	1099,76
679,07	1263,60
679,25	1175,53
679,44	1196,01
679,63	1130,48
679,81	1193,97
680,00	1153,01
680,18	1243,12
680,37	1196,01
680,55	1210,35
680,74	1169,39
680,93	1173,49
681,11	1153,01
681,30	1171,44
681,48	1210,35
681,67	1249,26
681,85	1216,49
682,04	1212,40
682,23	1146,86
682,41	1138,67
682,60	1161,20
682,78	1134,57
682,97	1191,92
683,15	1114,10
683,34	1208,30
683,53	1066,99
683,71	1165,29
683,90	1091,57
684,08	1183,73
684,27	1214,45
684,45	1107,95
684,64	1132,53
684,82	1150,96
685,01	1200,11
685,19	1093,62
685,38	1157,10
685,57	1224,69
685,75	1179,63
685,94	1169,39
686,12	1142,77
686,31	1122,29
686,49	1165,29
686,68	1130,48
686,86	1288,17
687,05	1142,77
687,23	1146,86
687,42	1169,39
687,60	1163,25
687,79	1216,49
687,97	1222,64
688,16	1210,35
688,34	1191,92
688,53	1161,20
688,71	1167,34
688,90	1134,57
689,08	1179,63
689,27	1206,25
689,45	1165,29
689,64	1218,54
689,82	1173,49
690,01	1089,52
690,19	1245,16
690,38	1183,73
690,56	1204,21
690,75	1187,82
690,93	1146,86
691,12	1181,68
691,30	1234,93
691,49	1196,01
691,67	1099,76
691,86	1132,53
692,04	1191,92
692,23	1185,77
692,41	1146,86
692,60	1150,96
692,78	1191,92
692,97	1161,20
693,15	1142,77
693,34	1148,91
693,52	1218,54
693,71	1185,77
693,89	1161,20
694,08	1126,38
694,26	1167,34
694,44	1153,01
694,63	1161,20
694,81	1175,53
695,00	1183,73
695,18	1173,49
695,37	1099,76
695,55	1105,90
695,74	1243,12
695,92	1224,69
696,10	1181,68
696,29	1167,34
696,47	1206,25
696,66	1112,05
696,84	1177,58
697,03	1218,54
697,21	1187,82
697,40	1200,11
697,58	1122,29
697,76	1228,78
697,95	1198,06
698,13	1191,92
698,32	1208,30
698,50	1169,39
698,68	1249,26
698,87	1187,82
699,05	1138,67
699,24	1150,96
699,42	1267,69
699,61	1171,44
699,79	1208,30
699,97	1210,35
700,16	1146,86
700,34	1107,95
700,53	1208,30
700,71	1122,29
700,89	1179,63
701,08	1150,96
701,26	1187,82
701,45	1171,44
701,63	1200,11
701,81	1171,44
702,00	1200,11
702,18	1150,96
702,37	1140,72
702,55	1118,19
702,73	1216,49
702,92	1198,06
703,10	1126,38
703,28	1232,88
703,47	1200,11
703,65	1148,91
703,84	1134,57
704,02	1146,86
704,20	1222,64
704,39	1159,15
704,57	1220,59
704,75	1175,53
704,94	1140,72
705,12	1210,35
705,30	1140,72
705,49	1204,21
705,67	1157,10
705,86	1202,16
706,04	1136,62
706,22	1214,45
706,41	1191,92
706,59	1236,97
706,77	1269,74
706,96	1130,48
707,14	1208,30
707,32	1120,24
707,51	1196,01
707,69	1165,29
707,87	1165,29
708,06	1122,29
708,24	1110,00
708,42	1191,92
708,61	1236,97
708,79	1200,11
708,97	1124,33
709,16	1103,86
709,34	1206,25
709,52	1185,77
709,71	1243,12
709,89	1101,81
710,07	1230,83
710,26	1142,77
710,44	1126,38
710,62	1222,64
710,80	1220,59
710,99	1153,01
711,17	1159,15
711,35	1220,59
711,54	1114,10
711,72	1218,54
711,90	1216,49
712,09	1257,45
712,27	1210,35
712,45	1239,02
712,63	1142,77
712,82	1187,82
713,00	1224,69
713,18	1132,53
713,37	1155,05
713,55	1212,40
713,73	1196,01
713,91	1146,86
714,10	1146,86
714,28	1107,95
714,46	1126,38
714,65	1126,38
714,83	1189,87
715,01	1169,39
715,19	1150,96
715,38	1185,77
715,56	1243,12
715,74	1198,06
715,92	1148,91
716,11	1163,25
716,29	1165,29
716,47	1169,39
716,65	1130,48
716,84	1173,49
717,02	1140,72
717,20	1261,55
717,38	1187,82
717,57	1112,05
717,75	1234,93
717,93	1167,34
718,11	1189,87
718,30	1169,39
718,48	1144,81
718,66	1165,29
718,84	1222,64
719,03	1171,44
719,21	1153,01
719,39	1144,81
719,57	1214,45
719,75	1157,10
719,94	1191,92
720,12	1200,11
720,30	1171,44
720,48	1189,87
720,67	1134,57
720,85	1253,36
721,03	1226,73
721,21	1107,95
721,39	1196,01
721,58	1140,72
721,76	1208,30
721,94	1150,96
722,12	1118,19
722,30	1239,02
722,49	1116,14
722,67	1202,16
722,85	1196,01
723,03	1130,48
723,21	1177,58
723,40	1206,25
723,58	1132,53
723,76	1183,73
723,94	1187,82
724,12	1196,01
724,30	1181,68
724,49	1232,88
724,67	1210,35
724,85	1126,38
725,03	1132,53
725,21	1196,01
725,40	1200,11
725,58	1187,82
725,76	1204,21
725,94	1144,81
726,12	1165,29
726,30	1208,30
726,49	1153,01
726,67	1148,91
726,85	1132,53
727,03	1185,77
727,21	1179,63
727,39	1216,49
727,57	1241,07
727,76	1148,91
727,94	1185,77
728,12	1187,82
728,30	1228,78
728,48	1232,88
728,66	1183,73
728,84	1169,39
729,03	1232,88
729,21	1136,62
729,39	1196,01
729,57	1155,05
729,75	1185,77
729,93	1179,63
730,11	1155,05
730,30	1130,48
730,48	1181,68
730,66	1177,58
730,84	1206,25
731,02	1116,14
731,20	1142,77
731,38	1099,76
731,56	1155,05
731,74	1189,87
731,93	1263,60
732,11	1153,01
732,29	1177,58
732,47	1212,40
732,65	1208,30
732,83	1228,78
733,01	1198,06
733,19	1167,34
733,37	1114,10
733,56	1163,25
733,74	1224,69
733,92	1153,01
734,10	1155,05
734,28	1177,58
734,46	1202,16
734,64	1214,45
734,82	1183,73
735,00	1175,53
735,18	1175,53
735,36	1126,38
735,54	1212,40
735,73	1103,86
735,91	1185,77
736,09	1304,56
736,27	1232,88
736,45	1187,82
736,63	1175,53
736,81	1177,58
736,99	1222,64
737,17	1169,39
737,35	1208,30
737,53	1146,86
737,71	1169,39
737,89	1193,97
738,07	1171,44
738,25	1196,01
738,43	1208,30
738,61	1187,82
738,80	1212,40
738,98	1054,70
739,16	1159,15
739,34	1210,35
739,52	1118,19
739,70	1146,86
739,88	1095,66
740,06	1153,01
740,24	1177,58
740,42	1138,67
740,60	1214,45
740,78	1142,77
740,96	1208,30
741,14	1187,82
741,32	1173,49
741,50	1179,63
741,68	1222,64
741,86	1171,44
742,04	1226,73
742,22	1142,77
742,40	1173,49
742,58	1222,64
742,76	1157,10
742,94	1116,14
743,12	1208,30
743,30	1183,73
743,48	1181,68
743,66	1220,59
743,84	1183,73
744,02	1177,58
744,20	1157,10
744,38	1126,38
744,56	1212,40
744,74	1224,69
744,92	1204,21
745,10	1181,68
745,28	1138,67
745,46	1157,10
745,64	1167,34
745,82	1249,26
746,00	1169,39
746,18	1169,39
746,36	1157,10
746,54	1196,01
746,72	1232,88
746,90	1159,15
747,08	1210,35
747,26	1191,92
747,44	1183,73
747,62	1191,92
747,80	1175,53
747,98	1167,34
748,15	1132,53
748,33	1183,73
748,51	1134,57
748,69	1241,07
748,87	1220,59
749,05	1157,10
749,23	1175,53
749,41	1243,12
749,59	1200,11
749,77	1198,06
749,95	1122,29
750,13	1191,92
750,31	1099,76
750,49	1130,48
750,67	1132,53
750,85	1132,53
751,03	1245,16
751,20	1189,87
751,38	1150,96
751,56	1155,05
751,74	1224,69
751,92	1177,58
752,10	1230,83
752,28	1196,01
752,46	1181,68
752,64	1196,01
752,82	1204,21
753,00	1173,49
753,18	1183,73
753,35	1261,55
753,53	1230,83
753,71	1148,91
753,89	1112,05
754,07	1187,82
754,25	1177,58
754,43	1173,49
754,61	1103,86
754,79	1210,35
754,97	1216,49
755,14	1183,73
755,32	1198,06
755,50	1189,87
755,68	1175,53
755,86	1224,69
756,04	1150,96
756,22	1187,82
756,40	1198,06
756,57	1150,96
756,75	1169,39
756,93	1204,21
757,11	1251,31
757,29	1167,34
757,47	1212,40
757,65	1185,77
757,82	1173,49
758,00	1177,58
758,18	1148,91
758,36	1191,92
758,54	1200,11
758,72	1132,53
758,90	1157,10
759,07	1167,34
759,25	1173,49
759,43	1138,67
759,61	1208,30
759,79	1265,64
759,97	1193,97
760,15	1148,91
760,32	1087,47
760,50	1134,57
760,68	1226,73
760,86	1138,67
761,04	1282,03
761,22	1120,24
761,39	1153,01
761,57	1175,53
761,75	1224,69
761,93	1134,57
762,11	1150,96
762,28	1216,49
762,46	1173,49
762,64	1206,25
762,82	1185,77
763,00	1138,67
763,18	1218,54
763,35	1159,15
763,53	1148,91
763,71	1193,97
763,89	1118,19
764,07	1185,77
764,24	1193,97
764,42	1179,63
764,60	1273,84
764,78	1128,43
764,96	1169,39
765,13	1271,79
765,31	1173,49
765,49	1179,63
765,67	1185,77
765,84	1271,79
766,02	1187,82
766,20	1181,68
766,38	1181,68
766,56	1136,62
766,73	1136,62
766,91	1150,96
767,09	1241,07
767,27	1214,45
767,44	1171,44
767,62	1189,87
767,80	1202,16
767,98	1159,15
768,15	1200,11
768,33	1114,10
768,51	1191,92
768,69	1204,21
768,87	1177,58
769,04	1212,40
769,22	1142,77
769,40	1191,92
769,58	1136,62
769,75	1243,12
769,93	1146,86
770,11	1173,49
770,28	1167,34
770,46	1120,24
770,64	1187,82
770,82	1148,91
770,99	1212,40
771,17	1228,78
771,35	1193,97
771,53	1200,11
771,70	1120,24
771,88	1146,86
772,06	1107,95
772,23	1220,59
772,41	1243,12
772,59	1204,21
772,77	1218,54
772,94	1239,02
773,12	1116,14
773,30	1179,63
773,47	1255,40
773,65	1142,77
773,83	1175,53
774,01	1259,50
774,18	1142,77
774,36	1179,63
774,54	1181,68
774,71	1169,39
774,89	1148,91
775,07	1138,67
775,24	1273,84
775,42	1200,11
775,60	1175,53
775,78	1173,49
775,95	1241,07
776,13	1202,16
776,31	1222,64
776,48	1206,25
776,66	1212,40
776,84	1181,68
777,01	1245,16
777,19	1241,07
777,37	1165,29
777,54	1155,05
777,72	1177,58
777,90	1155,05
778,07	1103,86
778,25	1120,24
778,43	1196,01
778,60	1181,68
778,78	1161,20
778,96	1212,40
779,13	1144,81
779,31	1165,29
779,49	1193,97
779,66	1208,30
779,84	1177,58
780,01	1144,81
780,19	1198,06
780,37	1144,81
780,54	1157,10
780,72	1140,72
780,90	1146,86
781,07	1183,73
781,25	1179,63
781,43	1220,59
781,60	1204,21
781,78	1187,82
781,95	1157,10
782,13	1148,91
782,31	1142,77
782,48	1157,10
782,66	1130,48
782,83	1122,29
783,01	1187,82
783,19	1159,15
783,36	1159,15
783,54	1142,77
783,72	1118,19
783,89	1171,44
784,07	1202,16
784,24	1181,68
784,42	1157,10
784,60	1140,72
784,77	1243,12
784,95	1173,49
785,12	1204,21
785,30	1189,87
785,47	1157,10
785,65	1159,15
785,83	1169,39
786,00	1142,77
786,18	1208,30
786,35	1204,21
786,53	1214,45
786,71	1159,15
786,88	1179,63
787,06	1236,97
787,23	1134,57
787,41	1204,21
787,58	1196,01
787,76	1226,73
787,94	1083,38
788,11	1179,63
788,29	1167,34
788,46	1130,48
788,64	1214,45
788,81	1136,62
788,99	1116,14
789,16	1234,93
789,34	1153,01
789,52	1142,77
789,69	1161,20
789,87	1163,25
790,04	1171,44
790,22	1167,34
790,39	1183,73
790,57	1271,79
790,74	1247,21
790,92	1267,69
791,09	1177,58
791,27	1204,21
791,44	1247,21
791,62	1206,25
791,79	1167,34
791,97	1171,44
792,15	1175,53
792,32	1191,92
792,50	1142,77
792,67	1155,05
792,85	1230,83
793,02	1132,53
793,20	1234,93
793,37	1189,87
793,55	1148,91
793,72	1173,49
793,90	1148,91
794,07	1150,96
794,25	1206,25
794,42	1185,77
794,60	1179,63
794,77	1196,01
794,95	1146,86
795,12	1200,11
795,30	1232,88
795,47	1239,02
795,65	1208,30
795,82	1128,43
796,00	1167,34
796,17	1085,42
796,34	1124,33
796,52	1234,93
796,69	1177,58
796,87	1110,00
797,04	1136,62
797,22	1163,25
797,39	1150,96
797,57	1183,73
797,74	1202,16
797,92	1196,01
798,09	1212,40
798,27	1128,43
798,44	1214,45
798,62	1163,25
798,79	1183,73
798,96	1271,79
799,14	1140,72
799,31	1110,00
799,49	1222,64
799,66	1138,67
799,84	1249,26
800,01	1216,49
800,19	1206,25
800,36	1161,20
800,53	1146,86
800,71	1120,24
800,88	1245,16
801,06	1173,49
801,23	1167,34
801,41	1171,44
801,58	1163,25
801,75	1228,78
801,93	1169,39
802,10	1118,19
802,28	1130,48
802,45	1128,43
802,63	1122,29
802,80	1120,24
802,97	1183,73
803,15	1163,25
803,32	1200,11
803,50	1140,72
803,67	1230,83
803,84	1232,88
804,02	1146,86
804,19	1128,43
804,37	1198,06
804,54	1150,96
804,71	1167,34
804,89	1163,25
805,06	1181,68
805,24	1267,69
805,41	1226,73
805,58	1150,96
805,76	1185,77
805,93	1232,88
806,10	1138,67
806,28	1134,57
806,45	1212,40
806,63	1200,11
806,80	1177,58
806,97	1222,64
807,15	1191,92
807,32	1208,30
807,49	1232,88
807,67	1146,86
807,84	1157,10
808,01	1239,02
808,19	1134,57
808,36	1204,21
808,54	1165,29
808,71	1191,92
808,88	1148,91
809,06	1202,16
809,23	1216,49
809,40	1220,59
809,58	1144,81
809,75	1187,82
809,92	1212,40
810,10	1144,81
810,27	1226,73
810,44	1193,97
810,62	1110,00
810,79	1200,11
810,96	1218,54
811,14	1155,05
811,31	1159,15
811,48	1200,11
811,66	1150,96
811,83	1157,10
812,00	1165,29
812,18	1228,78
812,35	1081,33
812,52	1198,06
812,69	1247,21
812,87	1282,03
813,04	1206,25
813,21	1150,96
813,39	1204,21
813,56	1257,45
813,73	1116,14
813,91	1200,11
814,08	1185,77
814,25	1134,57
814,42	1179,63
814,60	1189,87
814,77	1167,34
814,94	1173,49
815,12	1069,04
815,29	1107,95
815,46	1181,68
815,63	1148,91
815,81	1177,58
815,98	1140,72
816,15	1202,16
816,33	1220,59
816,50	1155,05
816,67	1146,86
816,84	1193,97
817,02	1167,34
817,19	1191,92
817,36	1243,12
817,53	1241,07
817,71	1169,39
817,88	1204,21
818,05	1202,16
818,22	1214,45
818,40	1140,72
818,57	1181,68
818,74	1144,81
818,91	1218,54
819,09	1224,69
819,26	1286,12
819,43	1163,25
819,60	1140,72
819,78	1148,91
819,95	1148,91
820,12	1177,58
820,29	1171,44
820,47	1216,49
820,64	1169,39
820,81	1185,77
820,98	1159,15
821,15	1187,82
821,33	1165,29
821,50	1146,86
821,67	1134,57
821,84	1150,96
822,02	1153,01
822,19	1153,01
822,36	1175,53
822,53	1105,90
822,70	1173,49
822,88	1169,39
823,05	1169,39
823,22	1204,21
823,39	1179,63
823,56	1140,72
823,74	1161,20
823,91	1216,49
824,08	1185,77
824,25	1177,58
824,42	1087,47
824,60	1185,77
824,77	1175,53
824,94	1140,72
825,11	1202,16
825,28	1159,15
825,45	1183,73
825,63	1204,21
825,80	1181,68
825,97	1169,39
826,14	1189,87
826,31	1155,05
826,48	1265,64
826,66	1128,43
826,83	1142,77
827,00	1196,01
827,17	1214,45
827,34	1118,19
827,51	1146,86
827,69	1191,92
827,86	1159,15
828,03	1173,49
828,20	1226,73
828,37	1142,77
828,54	1144,81
828,71	1179,63
828,89	1099,76
829,06	1171,44
829,23	1187,82
829,40	1181,68
829,57	1204,21
829,74	1198,06
829,91	1159,15
830,09	1130,48
830,26	1212,40
830,43	1142,77
830,60	1128,43
830,77	1144,81
830,94	1134,57
831,11	1179,63
831,28	1175,53
831,46	1214,45
831,63	1140,72
831,80	1150,96
831,97	1218,54
832,14	1171,44
832,31	1132,53
832,48	1171,44
832,65	1134,57
832,82	1202,16
832,99	1181,68
833,17	1222,64
833,34	1191,92
833,51	1167,34
833,68	1155,05
833,85	1282,03
834,02	1236,97
834,19	1241,07
834,36	1212,40
834,53	1226,73
834,70	1155,05
834,87	1206,25
835,04	1212,40
835,22	1110,00
835,39	1165,29
835,56	1204,21
835,73	1232,88
835,90	1212,40
836,07	1165,29
836,24	1177,58
836,41	1177,58
836,58	1179,63
836,75	1200,11
836,92	1198,06
837,09	1181,68
837,26	1198,06
837,43	1230,83
837,60	1175,53
837,77	1183,73
837,94	1202,16
838,12	1228,78
838,29	1130,48
838,46	1130,48
838,63	1150,96
838,80	1251,31
838,97	1140,72
839,14	1136,62
839,31	1216,49
839,48	1222,64
839,65	1181,68
839,82	1171,44
839,99	1169,39
840,16	1134,57
840,33	1191,92
840,50	1142,77
840,67	1183,73
840,84	1200,11
841,01	1146,86
841,18	1175,53
841,35	1198,06
841,52	1241,07
841,69	1165,29
841,86	1208,30
842,03	1200,11
842,20	1167,34
842,37	1114,10
842,54	1191,92
842,71	1193,97
842,88	1134,57
843,05	1193,97
843,22	1126,38
843,39	1204,21
843,56	1173,49
843,73	1140,72
843,90	1157,10
844,07	1171,44
844,24	1183,73
844,41	1144,81
844,58	1126,38
844,75	1243,12
844,92	1142,77
845,09	1187,82
845,26	1208,30
845,43	1142,77
845,60	1150,96
845,77	1218,54
845,94	1196,01
846,10	1230,83
846,27	1161,20
846,44	1216,49
846,61	1239,02
846,78	1124,33
846,95	1161,20
847,12	1220,59
847,29	1236,97
847,46	1124,33
847,63	1189,87
847,80	1153,01
847,97	1171,44
848,14	1204,21
848,31	1177,58
848,48	1153,01
848,65	1142,77
848,82	1208,30
848,98	1249,26
849,15	1124,33
849,32	1189,87
849,49	1249,26
849,66	1196,01
849,83	1165,29
850,00	1249,26
850,17	1167,34
850,34	1187,82
850,51	1177,58
850,68	1216,49
850,85	1187,82
851,01	1167,34
851,18	1189,87
851,35	1177,58
851,52	1144,81
851,69	1163,25
851,86	1198,06
852,03	1138,67
852,20	1173,49
852,37	1142,77
852,53	1204,21
852,70	1126,38
852,87	1189,87
853,04	1116,14
853,21	1191,92
853,38	1165,29
853,55	1122,29
853,72	1202,16
853,89	1177,58
854,05	1175,53
854,22	1112,05
854,39	1232,88
854,56	1210,35
854,73	1204,21
854,90	1212,40
855,07	1241,07
855,23	1157,10
855,40	1198,06
855,57	1148,91
855,74	1185,77
855,91	1150,96
856,08	1153,01
856,25	1208,30
856,41	1179,63
856,58	1134,57
856,75	1181,68
856,92	1052,66
857,09	1239,02
857,26	1241,07
857,42	1107,95
857,59	1116,14
857,76	1189,87
857,93	1222,64
858,10	1112,05
858,27	1136,62
858,43	1173,49
858,60	1159,15
858,77	1175,53
858,94	1114,10
859,11	1159,15
859,27	1175,53
859,44	1118,19
859,61	1124,33
859,78	1200,11
859,95	1183,73
860,12	1224,69
860,28	1204,21
860,45	1191,92
860,62	1193,97
860,79	1183,73
860,95	1204,21
861,12	1185,77
861,29	1146,86
861,46	1200,11
861,63	1124,33
861,79	1212,40
861,96	1138,67
862,13	1218,54
862,30	1163,25
862,47	1204,21
862,63	1132,53
862,80	1163,25
862,97	1191,92
863,14	1210,35
863,30	1118,19
863,47	1208,30
863,64	1208,30
863,81	1204,21
863,97	1179,63
864,14	1204,21
864,31	1243,12
864,48	1163,25
864,65	1153,01
864,81	1241,07
864,98	1183,73
865,15	1175,53
865,32	1185,77
865,48	1079,28
865,65	1144,81
865,82	1163,25
865,98	1185,77
866,15	1163,25
866,32	1142,77
866,49	1224,69
866,65	1161,20
866,82	1150,96
866,99	1150,96
867,16	1167,34
867,32	1153,01
867,49	1177,58
867,66	1167,34
867,83	1161,20
867,99	1183,73
868,16	1214,45
868,33	1228,78
868,49	1183,73
868,66	1255,40
868,83	1243,12
868,99	1232,88
869,16	1187,82
869,33	1226,73
869,50	1093,62
869,66	1148,91
869,83	1146,86
870,00	1114,10
870,16	1204,21
870,33	1208,30
870,50	1142,77
870,66	1198,06
870,83	1148,91
871,00	1148,91
871,17	1210,35
871,33	1157,10
871,50	1138,67
871,67	1191,92
871,83	1193,97
872,00	1093,62
872,17	1126,38
872,33	1157,10
872,50	1212,40
872,67	1130,48
872,83	1122,29
873,00	1210,35
873,17	1216,49
873,33	1183,73
873,50	1241,07
873,67	1118,19
873,83	1140,72
874,00	1212,40
874,16	1157,10
874,33	1212,40
874,50	1165,29
874,66	1198,06
874,83	1099,76
875,00	1136,62
875,16	1247,21
875,33	1122,29
875,50	1196,01
875,66	1107,95
875,83	1173,49
875,99	1126,38
876,16	1159,15
876,33	1138,67
876,49	1159,15
876,66	1146,86
876,83	1161,20
876,99	1173,49
877,16	1232,88
877,32	1130,48
877,49	1150,96
877,66	1138,67
877,82	1200,11
877,99	1161,20
878,15	1175,53
878,32	1200,11
878,49	1189,87
878,65	1150,96
878,82	1216,49
878,98	1150,96
879,15	1226,73
879,32	1185,77
879,48	1204,21
879,65	1101,81
879,81	1236,97
879,98	1273,84
880,15	1236,97
880,31	1140,72
880,48	1142,77
880,64	1183,73
880,81	1175,53
880,97	1257,45
881,14	1173,49
881,31	1120,24
881,47	1193,97
881,64	1142,77
881,80	1230,83
881,97	1232,88
882,13	1200,11
882,30	1181,68
882,47	1202,16
882,63	1175,53
882,80	1216,49
882,96	1150,96
883,13	1212,40
883,29	1157,10
883,46	1234,93
883,62	1183,73
883,79	1179,63
883,95	1189,87
884,12	1171,44
884,29	1206,25
884,45	1202,16
884,62	1239,02
884,78	1245,16
884,95	1183,73
885,11	1153,01
885,28	1191,92
885,44	1175,53
885,61	1228,78
885,77	1249,26
885,94	1146,86
886,10	1273,84
886,27	1163,25
886,43	1173,49
886,60	1101,81
886,76	1169,39
886,93	1120,24
887,09	1126,38
887,26	1148,91
887,42	1183,73
887,59	1185,77
887,75	1214,45
887,92	1245,16
888,08	1200,11
888,25	1220,59
888,41	1120,24
888,58	1130,48
888,74	1222,64
888,91	1159,15
