177,47	1146,86
177,69	1146,86
177,91	1146,86
178,13	1148,91
178,36	1167,34
178,58	1089,52
178,80	1130,48
179,02	1122,29
179,24	1163,25
179,46	1175,53
179,68	1132,53
179,90	1148,91
180,13	1089,52
180,35	1232,88
180,57	1171,44
180,79	1134,57
181,01	1167,34
181,23	1183,73
181,45	1230,83
181,67	1122,29
181,90	1210,35
182,12	1103,86
182,34	1234,93
182,56	1155,05
182,78	1228,78
183,00	1193,97
183,22	1208,30
183,44	1191,92
183,66	1200,11
183,89	1196,01
184,11	1249,26
184,33	1198,06
184,55	1183,73
184,77	1112,05
184,99	1191,92
185,21	1187,82
185,43	1163,25
185,65	1177,58
185,87	1198,06
186,10	1189,87
186,32	1181,68
186,54	1132,53
186,76	1189,87
186,98	1191,92
187,20	1153,01
187,42	1189,87
187,64	1249,26
187,86	1216,49
188,08	1134,57
188,30	1204,21
188,52	1134,57
188,75	1179,63
188,97	1222,64
189,19	1128,43
189,41	1183,73
189,63	1185,77
189,85	1191,92
190,07	1140,72
190,29	1216,49
190,51	1159,15
190,73	1150,96
190,95	1196,01
191,17	1222,64
191,39	1167,34
191,61	1165,29
191,84	1060,85
192,06	1179,63
192,28	1148,91
192,50	1146,86
192,72	1161,20
192,94	1253,36
193,16	1183,73
193,38	1183,73
193,60	1187,82
193,82	1148,91
194,04	1150,96
194,26	1183,73
194,48	1230,83
194,70	1165,29
194,92	1118,19
195,14	1175,53
195,36	1138,67
195,58	1140,72
195,80	1150,96
196,02	1206,25
196,24	1175,53
196,46	1208,30
196,69	1179,63
196,91	1206,25
197,13	1163,25
197,35	1230,83
197,57	1253,36
197,79	1148,91
198,01	1107,95
198,23	1159,15
198,45	1200,11
198,67	1224,69
198,89	1163,25
199,11	1126,38
199,33	1169,39
199,55	1173,49
199,77	1159,15
199,99	1134,57
200,21	1181,68
200,43	1198,06
200,65	1173,49
200,87	1175,53
201,09	1175,53
201,31	1179,63
201,53	1206,25
201,75	1179,63
201,97	1196,01
202,19	1132,53
202,41	1191,92
202,63	1146,86
202,85	1218,54
203,07	1134,57
203,29	1161,20
203,51	1073,14
203,73	1138,67
203,95	1134,57
204,17	1224,69
204,39	1138,67
204,61	1173,49
204,83	1198,06
205,05	1198,06
205,27	1161,20
205,49	1224,69
205,71	1206,25
205,93	1183,73
206,15	1230,83
206,37	1130,48
206,59	1171,44
206,81	1142,77
207,03	1138,67
207,25	1159,15
207,47	1148,91
207,69	1183,73
207,91	1134,57
208,13	1161,20
208,34	1208,30
208,56	1161,20
208,78	1241,07
209,00	1206,25
209,22	1198,06
209,44	1196,01
209,66	1177,58
209,88	1073,14
210,10	1196,01
210,32	1173,49
210,54	1187,82
210,76	1175,53
210,98	1177,58
211,20	1196,01
211,42	1206,25
211,64	1169,39
211,86	1220,59
212,08	1122,29
212,30	1181,68
212,52	1132,53
212,74	1159,15
212,96	1157,10
213,17	1148,91
213,39	1169,39
213,61	1161,20
213,83	1196,01
214,05	1128,43
214,27	1150,96
214,49	1193,97
214,71	1163,25
214,93	1144,81
215,15	1155,05
215,37	1146,86
215,59	1138,67
215,81	1185,77
216,03	1228,78
216,24	1179,63
216,46	1144,81
216,68	1193,97
216,90	1150,96
217,12	1140,72
217,34	1239,02
217,56	1247,21
217,78	1210,35
218,00	1241,07
218,22	1155,05
218,44	1187,82
218,66	1171,44
218,87	1183,73
219,09	1189,87
219,31	1216,49
219,53	1144,81
219,75	1150,96
219,97	1185,77
220,19	1187,82
220,41	1165,29
220,63	1150,96
220,85	1134,57
221,06	1198,06
221,28	1107,95
221,50	1261,55
221,72	1175,53
221,94	1167,34
222,16	1202,16
222,38	1196,01
222,60	1173,49
222,82	1167,34
223,03	1193,97
223,25	1191,92
223,47	1177,58
223,69	1196,01
223,91	1134,57
224,13	1142,77
224,35	1157,10
224,57	1144,81
224,78	1144,81
225,00	1210,35
225,22	1132,53
225,44	1208,30
225,66	1220,59
225,88	1146,86
226,10	1142,77
226,32	1173,49
226,53	1157,10
226,75	1146,86
226,97	1206,25
227,19	1200,11
227,41	1222,64
227,63	1208,30
227,85	1189,87
228,06	1085,42
228,28	1138,67
228,50	1216,49
228,72	1222,64
228,94	1171,44
229,16	1130,48
229,37	1175,53
229,59	1208,30
229,81	1169,39
230,03	1112,05
230,25	1210,35
230,47	1306,60
230,69	1112,05
230,90	1157,10
231,12	1165,29
231,34	1134,57
231,56	1208,30
231,78	1208,30
232,00	1177,58
232,21	1132,53
232,43	1163,25
232,65	1218,54
232,87	1183,73
233,09	1206,25
233,30	1118,19
233,52	1191,92
233,74	1179,63
233,96	1126,38
234,18	1150,96
234,40	1204,21
234,61	1148,91
234,83	1118,19
235,05	1175,53
235,27	1185,77
235,49	1146,86
235,70	1239,02
235,92	1181,68
236,14	1116,14
236,36	1228,78
236,58	1155,05
236,79	1163,25
237,01	1282,03
237,23	1196,01
237,45	1212,40
237,67	1110,00
237,88	1136,62
238,10	1150,96
238,32	1120,24
238,54	1208,30
238,76	1196,01
238,97	1155,05
239,19	1126,38
239,41	1226,73
239,63	1257,45
239,85	1200,11
240,06	1161,20
240,28	1150,96
240,50	1118,19
240,72	1150,96
240,93	1107,95
241,15	1208,30
241,37	1157,10
241,59	1167,34
241,81	1200,11
242,02	1110,00
242,24	1124,33
242,46	1200,11
242,68	1146,86
242,89	1177,58
243,11	1187,82
243,33	1214,45
243,55	1208,30
243,76	1148,91
243,98	1179,63
244,20	1241,07
244,42	1179,63
244,64	1165,29
244,85	1204,21
245,07	1159,15
245,29	1148,91
245,51	1173,49
245,72	1179,63
245,94	1169,39
246,16	1177,58
246,38	1228,78
246,59	1146,86
246,81	1208,30
247,03	1173,49
247,24	1136,62
247,46	1204,21
247,68	1099,76
247,90	1216,49
248,11	1181,68
248,33	1193,97
248,55	1171,44
248,77	1179,63
248,98	1189,87
249,20	1183,73
249,42	1171,44
249,64	1159,15
249,85	1110,00
250,07	1120,24
250,29	1214,45
250,50	1187,82
250,72	1212,40
250,94	1159,15
251,16	1232,88
251,37	1132,53
251,59	1183,73
251,81	1155,05
252,02	1107,95
252,24	1142,77
252,46	1179,63
252,68	1144,81
252,89	1140,72
253,11	1120,24
253,33	1175,53
253,54	1175,53
253,76	1214,45
253,98	1146,86
254,20	1191,92
254,41	1187,82
254,63	1161,20
254,85	1255,40
255,06	1200,11
255,28	1191,92
255,50	1181,68
255,71	1165,29
255,93	1140,72
256,15	1142,77
256,36	1204,21
256,58	1132,53
256,80	1212,40
257,02	1167,34
257,23	1089,52
257,45	1165,29
257,67	1148,91
257,88	1157,10
258,10	1173,49
258,32	1142,77
258,53	1128,43
258,75	1144,81
258,97	1191,92
259,18	1167,34
259,40	1228,78
259,62	1138,67
259,83	1202,16
260,05	1218,54
260,27	1150,96
260,48	1228,78
260,70	1146,86
260,92	1175,53
261,13	1185,77
261,35	1187,82
261,57	1126,38
261,78	1200,11
262,00	1112,05
262,22	1198,06
262,43	1146,86
262,65	1142,77
262,86	1208,30
263,08	1157,10
263,30	1161,20
263,51	1218,54
263,73	1179,63
263,95	1200,11
264,16	1218,54
264,38	1185,77
264,60	1169,39
264,81	1267,69
265,03	1187,82
265,25	1200,11
265,46	1124,33
265,68	1196,01
265,89	1183,73
266,11	1224,69
266,33	1204,21
266,54	1224,69
266,76	1185,77
266,98	1222,64
267,19	1148,91
267,41	1136,62
267,62	1148,91
267,84	1155,05
268,06	1120,24
268,27	1171,44
268,49	1187,82
268,70	1116,14
268,92	1208,30
269,14	1136,62
269,35	1173,49
269,57	1157,10
269,79	1230,83
270,00	1169,39
270,22	1140,72
270,43	1161,20
270,65	1206,25
270,87	1224,69
271,08	1165,29
271,30	1177,58
271,51	1107,95
271,73	1177,58
271,95	1191,92
272,16	1142,77
272,38	1247,21
272,59	1124,33
272,81	1196,01
273,02	1245,16
273,24	1202,16
273,46	1220,59
273,67	1200,11
273,89	1155,05
274,10	1179,63
274,32	1175,53
274,54	1232,88
274,75	1132,53
274,97	1191,92
275,18	1130,48
275,40	1185,77
275,61	1101,81
275,83	1132,53
276,05	1222,64
276,26	1173,49
276,48	1187,82
276,69	1181,68
276,91	1214,45
277,12	1224,69
277,34	1159,15
277,55	1161,20
277,77	1169,39
277,99	1179,63
278,20	1148,91
278,42	1140,72
278,63	1226,73
278,85	1193,97
279,06	1153,01
279,28	1159,15
279,49	1128,43
279,71	1236,97
279,93	1165,29
280,14	1191,92
280,36	1214,45
280,57	1222,64
280,79	1183,73
281,00	1112,05
281,22	1126,38
281,43	1222,64
281,65	1179,63
281,86	1177,58
282,08	1222,64
282,29	1187,82
282,51	1200,11
282,73	1261,55
282,94	1204,21
283,16	1167,34
283,37	1116,14
283,59	1122,29
283,80	1185,77
284,02	1173,49
284,23	1222,64
284,45	1124,33
284,66	1157,10
284,88	1206,25
285,09	1138,67
285,31	1230,83
285,52	1269,74
285,74	1134,57
285,95	1132,53
286,17	1212,40
286,38	1124,33
286,60	1189,87
286,81	1150,96
287,03	1171,44
287,24	1181,68
287,46	1173,49
287,67	1212,40
287,89	1169,39
288,10	1079,28
288,32	1204,21
288,53	1183,73
288,75	1222,64
288,96	1198,06
289,18	1222,64
289,39	1146,86
289,61	1200,11
289,82	1138,67
290,04	1175,53
290,25	1155,05
290,47	1142,77
290,68	1138,67
290,90	1212,40
291,11	1153,01
291,33	1218,54
291,54	1169,39
291,76	1181,68
291,97	1140,72
292,18	1161,20
292,40	1140,72
292,61	1198,06
292,83	1232,88
293,04	1120,24
293,26	1163,25
293,47	1204,21
293,69	1216,49
293,90	1196,01
294,12	1114,10
294,33	1218,54
294,55	1220,59
294,76	1175,53
294,97	1193,97
295,19	1124,33
295,40	1165,29
295,62	1169,39
295,83	1110,00
296,05	1206,25
296,26	1114,10
296,48	1167,34
296,69	1136,62
296,90	1118,19
297,12	1163,25
297,33	1132,53
297,55	1175,53
297,76	1140,72
297,98	1110,00
298,19	1181,68
298,41	1185,77
298,62	1193,97
298,83	1130,48
299,05	1144,81
299,26	1161,20
299,48	1155,05
299,69	1175,53
299,90	1165,29
300,12	1136,62
300,33	1155,05
300,55	1193,97
300,76	1165,29
300,98	1179,63
301,19	1210,35
301,40	1159,15
301,62	1204,21
301,83	1177,58
302,05	1167,34
302,26	1234,93
302,47	1148,91
302,69	1187,82
302,90	1138,67
303,12	1210,35
303,33	1191,92
303,54	1191,92
303,76	1187,82
303,97	1155,05
304,19	1185,77
304,40	1179,63
304,61	1118,19
304,83	1198,06
305,04	1132,53
305,26	1144,81
305,47	1200,11
305,68	1202,16
305,90	1193,97
306,11	1183,73
306,33	1216,49
306,54	1150,96
306,75	1189,87
306,97	1239,02
307,18	1138,67
307,39	1206,25
307,61	1204,21
307,82	1208,30
308,04	1124,33
308,25	1122,29
308,46	1103,86
308,68	1175,53
308,89	1234,93
309,10	1122,29
309,32	1208,30
309,53	1230,83
309,74	1157,10
309,96	1116,14
310,17	1161,20
310,39	1120,24
310,60	1175,53
310,81	1214,45
311,03	1155,05
311,24	1171,44
311,45	1206,25
311,67	1122,29
311,88	1132,53
312,09	1177,58
312,31	1173,49
312,52	1228,78
312,73	1181,68
312,95	1198,06
313,16	1169,39
313,37	1218,54
313,59	1169,39
313,80	1138,67
314,01	1212,40
314,23	1234,93
314,44	1198,06
314,65	1150,96
314,87	1150,96
315,08	1181,68
315,29	1132,53
315,51	1140,72
315,72	1130,48
315,93	1167,34
316,15	1099,76
316,36	1144,81
316,57	1177,58
316,79	1181,68
317,00	1181,68
317,21	1148,91
317,43	1099,76
317,64	1212,40
317,85	1183,73
318,07	1122,29
318,28	1206,25
318,49	1132,53
318,70	1150,96
318,92	1140,72
319,13	1077,23
319,34	1165,29
319,56	1161,20
319,77	1183,73
319,98	1241,07
320,20	1167,34
320,41	1142,77
320,62	1202,16
320,83	1189,87
321,05	1122,29
321,26	1107,95
321,47	1146,86
321,69	1171,44
321,90	1206,25
322,11	1083,38
322,32	1142,77
322,54	1161,20
322,75	1220,59
322,96	1175,53
323,18	1159,15
323,39	1130,48
323,60	1171,44
323,81	1200,11
324,03	1148,91
324,24	1200,11
324,45	1208,30
324,66	1153,01
324,88	1138,67
325,09	1136,62
325,30	1196,01
325,52	1134,57
325,73	1204,21
325,94	1140,72
326,15	1153,01
326,37	1198,06
326,58	1218,54
326,79	1189,87
327,00	1198,06
327,22	1083,38
327,43	1224,69
327,64	1138,67
327,85	1116,14
328,07	1110,00
328,28	1177,58
328,49	1181,68
328,70	1181,68
328,92	1155,05
329,13	1198,06
329,34	1265,64
329,55	1167,34
329,76	1183,73
329,98	1202,16
330,19	1185,77
330,40	1175,53
330,61	1150,96
330,83	1193,97
331,04	1159,15
331,25	1153,01
331,46	1222,64
331,68	1128,43
331,89	1150,96
332,10	1134,57
332,31	1175,53
332,52	1173,49
332,74	1173,49
332,95	1153,01
333,16	1179,63
333,37	1169,39
333,58	1159,15
333,80	1114,10
334,01	1161,20
334,22	1146,86
334,43	1210,35
334,64	1234,93
334,86	1163,25
335,07	1200,11
335,28	1132,53
335,49	1159,15
335,70	1234,93
335,92	1126,38
336,13	1083,38
336,34	1099,76
336,55	1208,30
336,76	1132,53
336,98	1224,69
337,19	1279,98
337,40	1179,63
337,61	1189,87
337,82	1245,16
338,04	1191,92
338,25	1161,20
338,46	1208,30
338,67	1239,02
338,88	1196,01
339,09	1165,29
339,31	1107,95
339,52	1144,81
339,73	1116,14
339,94	1130,48
340,15	1228,78
340,36	1257,45
340,58	1148,91
340,79	1216,49
341,00	1144,81
341,21	1150,96
341,42	1140,72
341,63	1191,92
341,85	1132,53
342,06	1134,57
342,27	1243,12
342,48	1177,58
342,69	1138,67
342,90	1181,68
343,12	1146,86
343,33	1157,10
343,54	1218,54
343,75	1146,86
343,96	1163,25
344,17	1187,82
344,38	1193,97
344,60	1134,57
344,81	1142,77
345,02	1239,02
345,23	1132,53
345,44	1220,59
345,65	1177,58
345,86	1200,11
346,07	1179,63
346,29	1173,49
346,50	1247,21
346,71	1128,43
346,92	1153,01
347,13	1175,53
347,34	1226,73
347,55	1069,04
347,76	1142,77
347,98	1212,40
348,19	1193,97
348,40	1173,49
348,61	1196,01
348,82	1167,34
349,03	1122,29
349,24	1198,06
349,45	1126,38
349,66	1196,01
349,88	1224,69
350,09	1230,83
350,30	1173,49
350,51	1212,40
350,72	1128,43
350,93	1175,53
351,14	1159,15
351,35	1247,21
351,56	1136,62
351,77	1142,77
351,99	1191,92
352,20	1140,72
352,41	1134,57
352,62	1175,53
352,83	1157,10
353,04	1193,97
353,25	1220,59
353,46	1206,25
353,67	1155,05
353,88	1150,96
354,09	1189,87
354,30	1261,55
354,52	1263,60
354,73	1255,40
354,94	1208,30
355,15	1198,06
355,36	1107,95
355,57	1202,16
355,78	1220,59
355,99	1167,34
356,20	1177,58
356,41	1155,05
356,62	1077,23
356,83	1167,34
357,04	1181,68
357,25	1144,81
357,46	1175,53
357,68	1165,29
357,89	1208,30
358,10	1142,77
358,31	1097,71
358,52	1159,15
358,73	1138,67
358,94	1130,48
359,15	1165,29
359,36	1157,10
359,57	1208,30
359,78	1214,45
359,99	1173,49
360,20	1214,45
360,41	1161,20
360,62	1155,05
360,83	1169,39
361,04	1239,02
361,25	1212,40
361,46	1171,44
361,67	1138,67
361,88	1173,49
362,09	1161,20
362,30	1134,57
362,51	1212,40
362,72	1126,38
362,93	1144,81
363,14	1124,33
363,35	1196,01
363,56	1241,07
363,78	1148,91
363,99	1206,25
364,20	1173,49
364,41	1101,81
364,62	1150,96
364,83	1191,92
365,04	1116,14
365,25	1191,92
365,46	1191,92
365,67	1163,25
365,88	1187,82
366,09	1118,19
366,30	1196,01
366,51	1155,05
366,72	1179,63
366,93	1191,92
367,14	1228,78
367,35	1155,05
367,56	1200,11
367,77	1232,88
367,98	1134,57
368,18	1124,33
368,39	1232,88
368,60	1087,47
368,81	1171,44
369,02	1122,29
369,23	1212,40
369,44	1193,97
369,65	1161,20
369,86	1198,06
370,07	1208,30
370,28	1148,91
370,49	1110,00
370,70	1187,82
370,91	1146,86
371,12	1167,34
371,33	1202,16
371,54	1150,96
371,75	1236,97
371,96	1234,93
372,17	1202,16
372,38	1144,81
372,59	1165,29
372,80	1210,35
373,01	1153,01
373,22	1142,77
373,43	1159,15
373,64	1183,73
373,85	1161,20
374,06	1146,86
374,26	1163,25
374,47	1144,81
374,68	1134,57
374,89	1134,57
375,10	1224,69
375,31	1155,05
375,52	1204,21
375,73	1169,39
375,94	1222,64
376,15	1251,31
376,36	1196,01
376,57	1189,87
376,78	1138,67
376,99	1196,01
377,20	1099,76
377,40	1132,53
377,61	1073,14
377,82	1249,26
378,03	1150,96
378,24	1214,45
378,45	1185,77
378,66	1167,34
378,87	1095,66
379,08	1210,35
379,29	1157,10
379,50	1110,00
379,71	1187,82
379,91	1200,11
380,12	1161,20
380,33	1183,73
380,54	1052,66
380,75	1120,24
380,96	1173,49
381,17	1189,87
381,38	1150,96
381,59	1132,53
381,80	1112,05
382,00	1118,19
382,21	1202,16
382,42	1214,45
382,63	1191,92
382,84	1157,10
383,05	1140,72
383,26	1181,68
383,47	1118,19
383,68	1165,29
383,88	1226,73
384,09	1193,97
384,30	1153,01
384,51	1185,77
384,72	1183,73
384,93	1171,44
385,14	1230,83
385,35	1212,40
385,55	1130,48
385,76	1146,86
385,97	1132,53
386,18	1116,14
386,39	1114,10
386,60	1181,68
386,81	1163,25
387,02	1232,88
387,22	1118,19
387,43	1144,81
387,64	1196,01
387,85	1167,34
388,06	1167,34
388,27	1208,30
388,48	1155,05
388,68	1198,06
388,89	1216,49
389,10	1173,49
389,31	1224,69
389,52	1159,15
389,73	1177,58
389,93	1177,58
390,14	1124,33
390,35	1249,26
390,56	1206,25
390,77	1232,88
390,98	1204,21
391,18	1253,36
391,39	1159,15
391,60	1183,73
391,81	1234,93
392,02	1210,35
392,23	1210,35
392,43	1165,29
392,64	1124,33
392,85	1175,53
393,06	1193,97
393,27	1191,92
393,47	1202,16
393,68	1167,34
393,89	1177,58
394,10	1134,57
394,31	1155,05
394,52	1181,68
394,72	1214,45
394,93	1216,49
395,14	1228,78
395,35	1183,73
395,56	1142,77
395,76	1206,25
395,97	1122,29
396,18	1200,11
396,39	1155,05
396,60	1189,87
396,80	1073,14
397,01	1173,49
397,22	1093,62
397,43	1153,01
397,64	1140,72
397,84	1171,44
398,05	1173,49
398,26	1200,11
398,47	1157,10
398,67	1191,92
398,88	1169,39
399,09	1187,82
399,30	1161,20
399,51	1222,64
399,71	1110,00
399,92	1155,05
400,13	1210,35
400,34	1099,76
400,54	1150,96
400,75	1218,54
400,96	1073,14
401,17	1181,68
401,37	1224,69
401,58	1146,86
401,79	1175,53
402,00	1085,42
402,21	1150,96
402,41	1228,78
402,62	1187,82
402,83	1212,40
403,04	1210,35
403,24	1208,30
403,45	1200,11
403,66	1228,78
403,87	1148,91
404,07	1165,29
404,28	1185,77
404,49	1118,19
404,70	1107,95
404,90	1146,86
405,11	1120,24
405,32	1173,49
405,52	1138,67
405,73	1187,82
405,94	1187,82
406,15	1181,68
406,35	1157,10
406,56	1232,88
406,77	1153,01
406,98	1187,82
407,18	1202,16
407,39	1132,53
407,60	1140,72
407,80	1146,86
408,01	1196,01
408,22	1196,01
408,43	1200,11
408,63	1161,20
408,84	1165,29
409,05	1140,72
409,25	1144,81
409,46	1189,87
409,67	1169,39
409,88	1157,10
410,08	1167,34
410,29	1208,30
410,50	1200,11
410,70	1157,10
410,91	1124,33
411,12	1208,30
411,32	1161,20
411,53	1206,25
411,74	1218,54
411,95	1183,73
412,15	1185,77
412,36	1163,25
412,57	1290,22
412,77	1167,34
412,98	1269,74
413,19	1187,82
413,39	1161,20
413,60	1138,67
413,81	1216,49
414,01	1116,14
414,22	1204,21
414,43	1148,91
414,63	1175,53
414,84	1200,11
415,05	1177,58
415,25	1214,45
415,46	1181,68
415,67	1220,59
415,87	1110,00
416,08	1124,33
416,29	1226,73
416,49	1191,92
416,70	1124,33
416,91	1204,21
417,11	1167,34
417,32	1116,14
417,53	1140,72
417,73	1189,87
417,94	1198,06
418,15	1191,92
418,35	1183,73
418,56	1122,29
418,77	1218,54
418,97	1212,40
419,18	1169,39
419,38	1142,77
419,59	1173,49
419,80	1161,20
420,00	1218,54
420,21	1159,15
420,42	1136,62
420,62	1167,34
420,83	1202,16
421,04	1140,72
421,24	1134,57
421,45	1245,16
421,65	1159,15
421,86	1159,15
422,07	1236,97
422,27	1187,82
422,48	1153,01
422,69	1177,58
422,89	1169,39
423,10	1224,69
423,30	1091,57
423,51	1226,73
423,72	1191,92
423,92	1085,42
424,13	1081,33
424,33	1185,77
424,54	1179,63
424,75	1220,59
424,95	1189,87
425,16	1175,53
425,36	1179,63
425,57	1214,45
425,78	1243,12
425,98	1150,96
426,19	1126,38
426,39	1214,45
426,60	1185,77
426,81	1261,55
427,01	1134,57
427,22	1183,73
427,42	1243,12
427,63	1138,67
427,83	1148,91
428,04	1245,16
428,25	1183,73
428,45	1150,96
428,66	1206,25
428,86	1261,55
429,07	1181,68
429,28	1136,62
429,48	1171,44
429,69	1175,53
429,89	1163,25
430,10	1169,39
430,30	1226,73
430,51	1206,25
430,71	1165,29
430,92	1230,83
431,13	1165,29
431,33	1056,75
431,54	1157,10
431,74	1148,91
431,95	1134,57
432,15	1136,62
432,36	1232,88
432,56	1226,73
432,77	1228,78
432,98	1175,53
433,18	1214,45
433,39	1208,30
433,59	1146,86
433,80	1167,34
434,00	1216,49
434,21	1161,20
434,41	1173,49
434,62	1181,68
434,82	1185,77
435,03	1155,05
435,23	1114,10
435,44	1196,01
435,64	1232,88
435,85	1130,48
436,06	1167,34
436,26	1159,15
436,47	1163,25
436,67	1099,76
436,88	1118,19
437,08	1198,06
437,29	1159,15
437,49	1198,06
437,70	1232,88
437,90	1196,01
438,11	1144,81
438,31	1155,05
438,52	1155,05
438,72	1191,92
438,93	1134,57
439,13	1150,96
439,34	1202,16
439,54	1124,33
439,75	1122,29
439,95	1089,52
440,16	1179,63
440,36	1146,86
440,57	1142,77
440,77	1163,25
440,98	1218,54
441,18	1214,45
441,39	1105,90
441,59	1181,68
441,80	1159,15
442,00	1220,59
442,21	1198,06
442,41	1163,25
442,62	1206,25
442,82	1103,86
443,02	1134,57
443,23	1181,68
443,43	1130,48
443,64	1161,20
443,84	1175,53
444,05	1157,10
444,25	1138,67
444,46	1236,97
444,66	1181,68
444,87	1290,22
445,07	1165,29
445,28	1167,34
445,48	1179,63
445,69	1118,19
445,89	1161,20
446,09	1122,29
446,30	1165,29
446,50	1228,78
446,71	1085,42
446,91	1093,62
447,12	1191,92
447,32	1138,67
447,53	1257,45
447,73	1140,72
447,93	1114,10
448,14	1144,81
448,34	1144,81
448,55	1144,81
448,75	1204,21
448,96	1126,38
449,16	1226,73
449,36	1228,78
449,57	1167,34
449,77	1224,69
449,98	1136,62
450,18	1159,15
450,39	1103,86
450,59	1175,53
450,79	1167,34
451,00	1243,12
451,20	1202,16
451,41	1103,86
451,61	1187,82
451,81	1157,10
452,02	1093,62
452,22	1265,64
452,43	1208,30
452,63	1126,38
452,84	1159,15
453,04	1173,49
453,24	1239,02
453,45	1157,10
453,65	1124,33
453,86	1163,25
454,06	1206,25
454,26	1173,49
454,47	1212,40
454,67	1173,49
454,87	1261,55
455,08	1187,82
455,28	1230,83
455,49	1163,25
455,69	1110,00
455,89	1189,87
456,10	1159,15
456,30	1165,29
456,51	1165,29
456,71	1204,21
456,91	1181,68
457,12	1196,01
457,32	1185,77
457,52	1171,44
457,73	1204,21
457,93	1169,39
458,14	1161,20
458,34	1134,57
458,54	1230,83
458,75	1146,86
458,95	1140,72
459,15	1128,43
459,36	1159,15
459,56	1144,81
459,76	1171,44
459,97	1150,96
460,17	1183,73
460,37	1208,30
460,58	1140,72
460,78	1210,35
460,99	1087,47
461,19	1198,06
461,39	1159,15
461,60	1167,34
461,80	1116,14
462,00	1157,10
462,21	1159,15
462,41	1130,48
462,61	1146,86
462,82	1210,35
463,02	1161,20
463,22	1202,16
463,43	1167,34
463,63	1193,97
463,83	1163,25
464,04	1165,29
464,24	1124,33
464,44	1175,53
464,64	1183,73
464,85	1148,91
465,05	1173,49
465,25	1138,67
465,46	1202,16
465,66	1179,63
465,86	1189,87
466,07	1236,97
466,27	1148,91
466,47	1134,57
466,68	1148,91
466,88	1163,25
467,08	1185,77
467,29	1128,43
467,49	1169,39
467,69	1165,29
467,89	1159,15
468,10	1216,49
468,30	1202,16
468,50	1124,33
468,71	1142,77
468,91	1198,06
469,11	1226,73
469,31	1112,05
469,52	1191,92
469,72	1122,29
469,92	1130,48
470,13	1173,49
470,33	1148,91
470,53	1191,92
470,73	1159,15
470,94	1249,26
471,14	1191,92
471,34	1138,67
471,54	1095,66
471,75	1153,01
471,95	1214,45
472,15	1191,92
472,36	1157,10
472,56	1167,34
472,76	1187,82
472,96	1081,33
473,17	1124,33
473,37	1126,38
473,57	1206,25
473,77	1167,34
473,98	1267,69
474,18	1150,96
474,38	1140,72
474,58	1189,87
474,79	1189,87
474,99	1189,87
475,19	1138,67
475,39	1171,44
475,60	1142,77
475,80	1183,73
476,00	1171,44
476,20	1179,63
476,41	1132,53
476,61	1150,96
476,81	1177,58
477,01	1167,34
477,21	1187,82
477,42	1155,05
477,62	1132,53
477,82	1046,51
478,02	1175,53
478,23	1169,39
478,43	1179,63
478,63	1187,82
478,83	1216,49
479,03	1171,44
479,24	1183,73
479,44	1146,86
479,64	1148,91
479,84	1185,77
480,04	1167,34
480,25	1196,01
480,45	1191,92
480,65	1196,01
480,85	1206,25
481,06	1155,05
481,26	1210,35
481,46	1142,77
481,66	1191,92
481,86	1161,20
482,06	1140,72
482,27	1167,34
482,47	1198,06
482,67	1171,44
482,87	1112,05
483,07	1157,10
483,28	1173,49
483,48	1153,01
483,68	1128,43
483,88	1179,63
484,08	1136,62
484,29	1183,73
484,49	1163,25
484,69	1150,96
484,89	1173,49
485,09	1146,86
485,29	1220,59
485,50	1247,21
485,70	1198,06
485,90	1210,35
486,10	1110,00
486,30	1163,25
486,50	1204,21
486,71	1165,29
486,91	1173,49
487,11	1179,63
487,31	1126,38
487,51	1181,68
487,71	1138,67
487,91	1148,91
488,12	1103,86
488,32	1257,45
488,52	1200,11
488,72	1210,35
488,92	1245,16
489,12	1134,57
489,32	1169,39
489,53	1128,43
489,73	1155,05
489,93	1097,71
490,13	1177,58
490,33	1122,29
490,53	1161,20
490,73	1093,62
490,94	1198,06
491,14	1169,39
491,34	1157,10
491,54	1216,49
491,74	1257,45
491,94	1214,45
492,14	1171,44
492,34	1202,16
492,54	1175,53
492,75	1196,01
492,95	1220,59
493,15	1204,21
493,35	1153,01
493,55	1155,05
493,75	1124,33
493,95	1198,06
494,15	1183,73
494,35	1148,91
494,56	1208,30
494,76	1241,07
494,96	1198,06
495,16	1169,39
495,36	1120,24
495,56	1142,77
495,76	1204,21
495,96	1128,43
496,16	1179,63
496,36	1126,38
496,56	1236,97
496,77	1220,59
496,97	1214,45
497,17	1191,92
497,37	1177,58
497,57	1140,72
497,77	1185,77
497,97	1153,01
498,17	1204,21
498,37	1183,73
498,57	1226,73
498,77	1116,14
498,97	1183,73
499,17	1118,19
499,38	1157,10
499,58	1220,59
499,78	1163,25
499,98	1167,34
500,18	1130,48
500,38	1134,57
500,58	1093,62
500,78	1189,87
500,98	1175,53
501,18	1171,44
501,38	1222,64
501,58	1165,29
501,78	1218,54
501,98	1191,92
502,18	1132,53
502,38	1171,44
502,58	1191,92
502,78	1212,40
502,98	1060,85
503,18	1196,01
503,38	1142,77
503,59	1175,53
503,79	1105,90
503,99	1171,44
504,19	1148,91
504,39	1200,11
504,59	1247,21
504,79	1214,45
504,99	1239,02
505,19	1161,20
505,39	1175,53
505,59	1228,78
505,79	1187,82
505,99	1202,16
506,19	1216,49
506,39	1177,58
506,59	1091,57
506,79	1181,68
506,99	1091,57
507,19	1232,88
507,39	1150,96
507,59	1146,86
507,79	1153,01
507,99	1189,87
508,19	1124,33
508,39	1173,49
508,59	1191,92
508,79	1173,49
508,99	1222,64
509,19	1140,72
509,39	1167,34
509,59	1181,68
509,79	1150,96
509,99	1179,63
510,19	1132,53
510,39	1210,35
510,59	1183,73
510,79	1130,48
510,99	1179,63
511,19	1130,48
511,39	1185,77
511,59	1193,97
511,79	1224,69
511,99	1200,11
512,19	1130,48
512,38	1148,91
512,58	1226,73
512,78	1210,35
512,98	1175,53
513,18	1142,77
513,38	1101,81
513,58	1210,35
513,78	1210,35
513,98	1173,49
514,18	1179,63
514,38	1153,01
514,58	1138,67
514,78	1175,53
514,98	1140,72
515,18	1097,71
515,38	1122,29
515,58	1208,30
515,78	1134,57
515,98	1210,35
516,18	1159,15
516,38	1196,01
516,57	1150,96
516,77	1251,31
516,97	1032,18
517,17	1157,10
517,37	1146,86
517,57	1230,83
517,77	1159,15
517,97	1230,83
518,17	1216,49
518,37	1202,16
518,57	1202,16
518,77	1179,63
518,97	1196,01
519,16	1116,14
519,36	1196,01
519,56	1189,87
519,76	1234,93
519,96	1200,11
520,16	1163,25
520,36	1189,87
520,56	1177,58
520,76	1163,25
520,96	1183,73
521,16	1101,81
521,35	1107,95
521,55	1210,35
521,75	1210,35
521,95	1175,53
522,15	1191,92
522,35	1159,15
522,55	1171,44
522,75	1200,11
522,95	1183,73
523,14	1099,76
523,34	1222,64
523,54	1206,25
523,74	1148,91
523,94	1193,97
524,14	1179,63
524,34	1226,73
524,54	1208,30
524,73	1114,10
524,93	1079,28
525,13	1112,05
525,33	1114,10
525,53	1277,93
525,73	1196,01
525,93	1196,01
526,13	1175,53
526,32	1114,10
526,52	1163,25
526,72	1165,29
526,92	1120,24
527,12	1253,36
527,32	1181,68
527,52	1146,86
527,71	1120,24
527,91	1198,06
528,11	1122,29
528,31	1228,78
528,51	1120,24
528,71	1196,01
528,90	1175,53
529,10	1116,14
529,30	1128,43
529,50	1196,01
529,70	1165,29
529,90	1169,39
530,09	1169,39
530,29	1140,72
530,49	1163,25
530,69	1189,87
530,89	1150,96
531,09	1150,96
531,28	1144,81
531,48	1136,62
531,68	1093,62
531,88	1150,96
532,08	1130,48
532,28	1198,06
532,47	1183,73
532,67	1148,91
532,87	1146,86
533,07	1118,19
533,27	1165,29
533,46	1318,89
533,66	1218,54
533,86	1120,24
534,06	1138,67
534,26	1167,34
534,45	1073,14
534,65	1144,81
534,85	1234,93
535,05	1132,53
535,25	1146,86
535,44	1212,40
535,64	1163,25
535,84	1236,97
536,04	1208,30
536,24	1200,11
536,43	1101,81
536,63	1241,07
536,83	1230,83
537,03	1185,77
537,22	1177,58
537,42	1249,26
537,62	1159,15
537,82	1206,25
538,02	1159,15
538,21	1189,87
538,41	1093,62
538,61	1214,45
538,81	1124,33
539,00	1165,29
539,20	1163,25
539,40	1222,64
539,60	1232,88
539,79	1202,16
539,99	1187,82
540,19	1148,91
540,39	1181,68
540,58	1179,63
540,78	1085,42
540,98	1150,96
541,18	1177,58
541,37	1085,42
541,57	1179,63
541,77	1157,10
541,97	1146,86
542,16	1196,01
542,36	1095,66
542,56	1189,87
542,76	1204,21
542,95	1204,21
543,15	1150,96
543,35	1198,06
543,54	1173,49
543,74	1142,77
543,94	1146,86
544,14	1200,11
544,33	1173,49
544,53	1193,97
544,73	1204,21
544,93	1173,49
545,12	1130,48
545,32	1105,90
545,52	1181,68
545,71	1218,54
545,91	1179,63
546,11	1222,64
546,30	1155,05
546,50	1206,25
546,70	1249,26
546,90	1202,16
547,09	1169,39
547,29	1189,87
547,49	1171,44
547,68	1128,43
547,88	1226,73
548,08	1132,53
548,27	1165,29
548,47	1150,96
548,67	1126,38
548,87	1159,15
549,06	1173,49
549,26	1091,57
549,46	1181,68
549,65	1208,30
549,85	1218,54
550,05	1214,45
550,24	1128,43
550,44	1107,95
550,64	1148,91
550,83	1196,01
551,03	1144,81
551,23	1128,43
551,42	1163,25
551,62	1122,29
551,82	1161,20
552,01	1216,49
552,21	1232,88
552,41	1150,96
552,60	1187,82
552,80	1204,21
553,00	1224,69
553,19	1206,25
553,39	1136,62
553,59	1220,59
553,78	1157,10
553,98	1202,16
554,17	1159,15
554,37	1198,06
554,57	1177,58
554,76	1208,30
554,96	1110,00
555,16	1167,34
555,35	1183,73
555,55	1175,53
555,75	1097,71
555,94	1214,45
556,14	1146,86
556,33	1214,45
556,53	1183,73
556,73	1167,34
556,92	1138,67
557,12	1142,77
557,32	1157,10
557,51	1140,72
557,71	1107,95
557,90	1142,77
558,10	1173,49
558,30	1138,67
558,49	1165,29
558,69	1148,91
558,88	1167,34
559,08	1230,83
559,28	1122,29
559,47	1198,06
559,67	1103,86
559,86	1110,00
560,06	1150,96
560,26	1191,92
560,45	1191,92
560,65	1157,10
560,84	1230,83
561,04	1167,34
561,24	1167,34
561,43	1175,53
561,63	1165,29
561,82	1208,30
562,02	1155,05
562,22	1198,06
562,41	1204,21
562,61	1169,39
562,80	1200,11
563,00	1179,63
563,19	1187,82
563,39	1171,44
563,59	1208,30
563,78	1153,01
563,98	1257,45
564,17	1249,26
564,37	1161,20
564,56	1097,71
564,76	1079,28
564,96	1220,59
565,15	1165,29
565,35	1142,77
565,54	1155,05
565,74	1120,24
565,93	1179,63
566,13	1161,20
566,32	1112,05
566,52	1193,97
566,71	1124,33
566,91	1198,06
567,11	1175,53
567,30	1214,45
567,50	1148,91
567,69	1251,31
567,89	1165,29
568,08	1134,57
568,28	1175,53
568,47	1128,43
568,67	1226,73
568,86	1212,40
569,06	1136,62
569,25	1142,77
569,45	1103,86
569,64	1179,63
569,84	1193,97
570,04	1114,10
570,23	1173,49
570,43	1189,87
570,62	1150,96
570,82	1220,59
571,01	1196,01
571,21	1165,29
571,40	1241,07
571,60	1150,96
571,79	1118,19
571,99	1224,69
572,18	1173,49
572,38	1196,01
572,57	1140,72
572,77	1128,43
572,96	1167,34
573,16	1187,82
573,35	1171,44
573,55	1216,49
573,74	1165,29
573,94	1249,26
574,13	1218,54
574,33	1116,14
574,52	1247,21
574,71	1165,29
574,91	1185,77
575,10	1161,20
575,30	1175,53
575,49	1202,16
575,69	1146,86
575,88	1153,01
576,08	1243,12
576,27	1179,63
576,47	1146,86
576,66	1196,01
576,86	1265,64
577,05	1163,25
577,25	1150,96
577,44	1134,57
577,64	1196,01
577,83	1120,24
578,02	1167,34
578,22	1142,77
578,41	1148,91
578,61	1175,53
578,80	1198,06
579,00	1198,06
579,19	1191,92
579,39	1200,11
579,58	1214,45
579,77	1136,62
579,97	1198,06
580,16	1189,87
580,36	1130,48
580,55	1185,77
580,75	1228,78
580,94	1185,77
581,13	1173,49
581,33	1171,44
581,52	1191,92
581,72	1159,15
581,91	1189,87
582,11	1284,08
582,30	1083,38
582,49	1159,15
582,69	1236,97
582,88	1118,19
583,08	1173,49
583,27	1159,15
583,47	1218,54
583,66	1189,87
583,85	1239,02
584,05	1206,25
584,24	1200,11
584,44	1124,33
584,63	1198,06
584,82	1179,63
585,02	1148,91
585,21	1179,63
585,41	1234,93
585,60	1179,63
585,79	1206,25
585,99	1175,53
586,18	1208,30
586,37	1130,48
586,57	1212,40
586,76	1173,49
586,96	1150,96
587,15	1187,82
587,34	1216,49
587,54	1196,01
587,73	1206,25
587,93	1198,06
588,12	1140,72
588,31	1220,59
588,51	1136,62
588,70	1118,19
588,89	1142,77
589,09	1138,67
589,28	1140,72
589,47	1153,01
589,67	1208,30
589,86	1247,21
590,06	1232,88
590,25	1122,29
590,44	1175,53
590,64	1198,06
590,83	1118,19
591,02	1265,64
591,22	1144,81
591,41	1187,82
591,60	1146,86
591,80	1089,52
591,99	1253,36
592,18	1175,53
592,38	1122,29
592,57	1114,10
592,76	1146,86
592,96	1290,22
593,15	1189,87
593,34	1183,73
593,54	1114,10
593,73	1232,88
593,92	1150,96
594,12	1167,34
594,31	1169,39
594,50	1200,11
594,70	1126,38
594,89	1183,73
595,08	1138,67
595,28	1216,49
595,47	1163,25
595,66	1183,73
595,86	1171,44
596,05	1183,73
596,24	1107,95
596,43	1175,53
596,63	1116,14
596,82	1140,72
597,01	1136,62
597,21	1159,15
597,40	1202,16
597,59	1157,10
597,79	1183,73
597,98	1124,33
598,17	1247,21
598,36	1239,02
598,56	1183,73
598,75	1136,62
598,94	1179,63
599,14	1165,29
599,33	1179,63
599,52	1150,96
599,71	1234,93
599,91	1222,64
600,10	1187,82
600,29	1173,49
600,48	1110,00
600,68	1212,40
600,87	1220,59
601,06	1228,78
601,26	1159,15
601,45	1187,82
601,64	1175,53
601,83	1110,00
602,03	1224,69
602,22	1171,44
602,41	1236,97
602,60	1204,21
602,80	1146,86
602,99	1167,34
603,18	1216,49
603,37	1241,07
603,57	1204,21
603,76	1175,53
603,95	1177,58
604,14	1177,58
604,34	1234,93
604,53	1218,54
604,72	1153,01
604,91	1206,25
605,10	1269,74
605,30	1122,29
605,49	1187,82
605,68	1116,14
605,87	1253,36
606,07	1239,02
606,26	1204,21
606,45	1253,36
606,64	1134,57
606,84	1189,87
607,03	1247,21
607,22	1159,15
607,41	1200,11
607,60	1142,77
607,80	1175,53
607,99	1198,06
608,18	1181,68
608,37	1173,49
608,56	1193,97
608,76	1099,76
608,95	1204,21
609,14	1159,15
609,33	1206,25
609,52	1245,16
609,72	1114,10
609,91	1120,24
610,10	1171,44
610,29	1200,11
610,48	1183,73
610,68	1146,86
610,87	1150,96
611,06	1204,21
611,25	1175,53
611,44	1122,29
611,63	1128,43
611,83	1218,54
612,02	1208,30
612,21	1224,69
612,40	1148,91
612,59	1157,10
612,79	1187,82
612,98	1214,45
613,17	1212,40
613,36	1171,44
613,55	1206,25
613,74	1187,82
613,93	1136,62
614,13	1177,58
614,32	1171,44
614,51	1193,97
614,70	1181,68
614,89	1150,96
615,08	1169,39
615,28	1128,43
615,47	1138,67
615,66	1175,53
615,85	1218,54
616,04	1220,59
616,23	1193,97
616,42	1171,44
616,62	1185,77
616,81	1124,33
617,00	1171,44
617,19	1150,96
617,38	1146,86
617,57	1079,28
617,76	1134,57
617,95	1292,27
618,15	1134,57
618,34	1279,98
618,53	1187,82
618,72	1189,87
618,91	1124,33
619,10	1171,44
619,29	1230,83
619,48	1187,82
619,68	1163,25
619,87	1208,30
620,06	1249,26
620,25	1232,88
620,44	1187,82
620,63	1167,34
620,82	1191,92
621,01	1191,92
621,20	1073,14
621,39	1200,11
621,59	1161,20
621,78	1148,91
621,97	1222,64
622,16	1200,11
622,35	1128,43
622,54	1159,15
622,73	1177,58
622,92	1220,59
623,11	1099,76
623,30	1222,64
623,49	1142,77
623,68	1171,44
623,88	1126,38
624,07	1128,43
624,26	1212,40
624,45	1167,34
624,64	1120,24
624,83	1200,11
625,02	1157,10
625,21	1200,11
625,40	1198,06
625,59	1196,01
625,78	1134,57
625,97	1191,92
626,16	1161,20
626,35	1236,97
626,54	1222,64
626,74	1122,29
626,93	1130,48
627,12	1236,97
627,31	1245,16
627,50	1171,44
627,69	1193,97
627,88	1163,25
628,07	1200,11
628,26	1253,36
628,45	1265,64
628,64	1335,28
628,83	1196,01
629,02	1193,97
629,21	1202,16
629,40	1183,73
629,59	1171,44
629,78	1138,67
629,97	1153,01
630,16	1140,72
630,35	1230,83
630,54	1142,77
630,73	1257,45
630,92	1191,92
631,11	1200,11
631,30	1277,93
631,49	1382,38
631,68	1718,25
631,87	3581,90
632,06	13664,05
632,25	39398,82
632,44	51952,87
632,63	53148,88
632,82	33588,74
633,01	16582,40
633,20	5044,15
633,39	5058,48
633,58	2576,34
633,77	2047,97
633,96	1644,52
634,15	1452,01
634,34	1466,35
634,53	1433,58
634,72	1449,96
634,91	1271,79
635,10	1310,70
635,29	1327,08
635,48	1236,97
635,67	1232,88
635,86	1196,01
636,05	1290,22
636,24	1138,67
636,43	1169,39
636,62	1183,73
636,81	1128,43
637,00	1177,58
637,19	1126,38
637,38	1177,58
637,57	1177,58
637,76	1222,64
637,95	1193,97
638,14	1150,96
638,33	1175,53
638,52	1253,36
638,71	1222,64
638,89	1204,21
639,08	1142,77
639,27	1171,44
639,46	1218,54
639,65	1185,77
639,84	1196,01
640,03	1134,57
640,22	1206,25
640,41	1216,49
640,60	1163,25
640,79	1181,68
640,98	1191,92
641,17	1218,54
641,36	1206,25
641,55	1189,87
641,74	1110,00
641,92	1173,49
642,11	1169,39
642,30	1191,92
642,49	1169,39
642,68	1155,05
642,87	1191,92
643,06	1155,05
643,25	1193,97
643,44	1212,40
643,63	1118,19
643,82	1193,97
644,00	1169,39
644,19	1191,92
644,38	1177,58
644,57	1222,64
644,76	1138,67
644,95	1148,91
645,14	1239,02
645,33	1146,86
645,52	1290,22
645,71	1150,96
645,89	1204,21
646,08	1212,40
646,27	1107,95
646,46	1226,73
646,65	1206,25
646,84	1224,69
647,03	1150,96
647,22	1187,82
647,40	1173,49
647,59	1153,01
647,78	1167,34
647,97	1161,20
648,16	1116,14
648,35	1175,53
648,54	1173,49
648,73	1183,73
648,91	1144,81
649,10	1181,68
649,29	1216,49
649,48	1163,25
649,67	1153,01
649,86	1204,21
650,05	1183,73
650,23	1146,86
650,42	1183,73
650,61	1079,28
650,80	1150,96
650,99	1150,96
651,18	1112,05
651,36	1185,77
651,55	1193,97
651,74	1222,64
651,93	1173,49
652,12	1206,25
652,31	1105,90
652,49	1206,25
652,68	1185,77
652,87	1150,96
653,06	1204,21
653,25	1236,97
653,44	1150,96
653,62	1136,62
653,81	1146,86
654,00	1093,62
654,19	1185,77
654,38	1134,57
654,56	1161,20
654,75	1214,45
654,94	1175,53
655,13	1224,69
655,32	1243,12
655,51	1214,45
655,69	1239,02
655,88	1144,81
656,07	1142,77
656,26	1232,88
656,45	1179,63
656,63	1263,60
656,82	1171,44
657,01	1189,87
657,20	1177,58
657,38	1169,39
657,57	1241,07
657,76	1183,73
657,95	1124,33
658,14	1146,86
658,32	1181,68
658,51	1204,21
658,70	1218,54
658,89	1165,29
659,08	1196,01
659,26	1273,84
659,45	1114,10
659,64	1161,20
659,83	1120,24
660,01	1198,06
660,20	1175,53
660,39	1204,21
660,58	1200,11
660,76	1183,73
660,95	1220,59
661,14	1183,73
661,33	1171,44
661,51	1159,15
661,70	1163,25
661,89	1204,21
662,08	1224,69
662,26	1179,63
662,45	1198,06
662,64	1228,78
662,83	1179,63
663,01	1187,82
663,20	1159,15
663,39	1200,11
663,58	1128,43
663,76	1148,91
663,95	1177,58
664,14	1134,57
664,32	1146,86
664,51	1196,01
664,70	1210,35
664,89	1175,53
665,07	1177,58
665,26	1204,21
665,45	1220,59
665,64	1179,63
665,82	1202,16
666,01	1159,15
666,20	1138,67
666,38	1193,97
666,57	1124,33
666,76	1202,16
666,95	1175,53
667,13	1191,92
667,32	1095,66
667,51	1134,57
667,69	1132,53
667,88	1142,77
668,07	1159,15
668,25	1089,52
668,44	1226,73
668,63	1196,01
668,81	1169,39
669,00	1189,87
669,19	1187,82
669,38	1177,58
669,56	1202,16
669,75	1159,15
669,94	1175,53
670,12	1204,21
670,31	1208,30
670,50	1181,68
670,68	1210,35
670,87	1136,62
671,06	1218,54
671,24	1128,43
671,43	1204,21
671,62	1216,49
671,80	1208,30
671,99	1198,06
672,18	1150,96
672,36	1153,01
672,55	1064,94
672,74	1224,69
672,92	1212,40
673,11	1226,73
673,29	1232,88
673,48	1171,44
673,67	1220,59
673,85	1128,43
674,04	1179,63
674,23	1198,06
674,41	1150,96
674,60	1236,97
674,79	1191,92
674,97	1191,92
675,16	1243,12
675,34	1179,63
675,53	1136,62
675,72	1208,30
675,90	1130,48
676,09	1222,64
676,28	1103,86
676,46	1173,49
676,65	1198,06
676,83	1161,20
677,02	1234,93
677,21	1177,58
677,39	1138,67
677,58	1185,77
677,77	1236,97
677,95	1165,29
678,14	1163,25
678,32	1083,38
678,51	1167,34
678,70	1206,25
678,88	1175,53
679,07	1165,29
679,25	1159,15
679,44	1173,49
679,63	1167,34
679,81	1216,49
680,00	1155,05
680,18	1148,91
680,37	1056,75
680,55	1245,16
680,74	1142,77
680,93	1187,82
681,11	1196,01
681,30	1185,77
681,48	1142,77
681,67	1185,77
681,85	1167,34
682,04	1173,49
682,23	1212,40
682,41	1212,40
682,60	1187,82
682,78	1208,30
682,97	1114,10
683,15	1161,20
683,34	1155,05
683,53	1181,68
683,71	1159,15
683,90	1181,68
684,08	1196,01
684,27	1159,15
684,45	1134,57
684,64	1130,48
684,82	1218,54
685,01	1167,34
685,19	1124,33
685,38	1191,92
685,57	1269,74
685,75	1132,53
685,94	1206,25
686,12	1142,77
686,31	1175,53
686,49	1216,49
686,68	1228,78
686,86	1198,06
687,05	1114,10
687,23	1204,21
687,42	1179,63
687,60	1114,10
687,79	1208,30
687,97	1200,11
688,16	1187,82
688,34	1155,05
688,53	1087,47
688,71	1212,40
688,90	1173,49
689,08	1191,92
689,27	1183,73
689,45	1198,06
689,64	1212,40
689,82	1177,58
690,01	1136,62
690,19	1167,34
690,38	1232,88
690,56	1265,64
690,75	1171,44
690,93	1148,91
691,12	1099,76
691,30	1183,73
691,49	1189,87
691,67	1173,49
691,86	1216,49
692,04	1208,30
692,23	1216,49
692,41	1243,12
692,60	1173,49
692,78	1239,02
692,97	1167,34
693,15	1214,45
693,34	1085,42
693,52	1069,04
693,71	1187,82
693,89	1181,68
694,08	1193,97
694,26	1159,15
694,44	1236,97
694,63	1249,26
694,81	1060,85
695,00	1253,36
695,18	1120,24
695,37	1232,88
695,55	1124,33
695,74	1118,19
695,92	1200,11
696,10	1179,63
696,29	1202,16
696,47	1173,49
696,66	1103,86
696,84	1140,72
697,03	1136,62
697,21	1163,25
697,40	1228,78
697,58	1239,02
697,76	1191,92
697,95	1200,11
698,13	1122,29
698,32	1200,11
698,50	1177,58
698,68	1159,15
698,87	1150,96
699,05	1128,43
699,24	1159,15
699,42	1208,30
699,61	1146,86
699,79	1218,54
699,97	1245,16
700,16	1155,05
700,34	1173,49
700,53	1173,49
700,71	1189,87
700,89	1150,96
701,08	1140,72
701,26	1220,59
701,45	1169,39
701,63	1171,44
701,81	1173,49
702,00	1140,72
702,18	1218,54
702,37	1216,49
702,55	1228,78
702,73	1144,81
702,92	1263,60
703,10	1177,58
703,28	1191,92
703,47	1232,88
703,65	1193,97
703,84	1136,62
704,02	1198,06
704,20	1105,90
704,39	1204,21
704,57	1140,72
704,75	1236,97
704,94	1181,68
705,12	1134,57
705,30	1157,10
705,49	1212,40
705,67	1146,86
705,86	1228,78
706,04	1173,49
706,22	1169,39
706,41	1163,25
706,59	1187,82
706,77	1161,20
706,96	1153,01
707,14	1146,86
707,32	1222,64
707,51	1167,34
707,69	1150,96
707,87	1107,95
708,06	1146,86
708,24	1142,77
708,42	1198,06
708,61	1216,49
708,79	1163,25
708,97	1161,20
709,16	1150,96
709,34	1181,68
709,52	1099,76
709,71	1245,16
709,89	1236,97
710,07	1273,84
710,26	1191,92
710,44	1228,78
710,62	1183,73
710,80	1148,91
710,99	1241,07
711,17	1212,40
711,35	1185,77
711,54	1220,59
711,72	1196,01
711,90	1210,35
712,09	1191,92
712,27	1183,73
712,45	1191,92
712,63	1169,39
712,82	1177,58
713,00	1181,68
713,18	1185,77
713,37	1116,14
713,55	1161,20
713,73	1175,53
713,91	1193,97
714,10	1200,11
714,28	1171,44
714,46	1290,22
714,65	1134,57
714,83	1193,97
715,01	1230,83
715,19	1183,73
715,38	1171,44
715,56	1134,57
715,74	1253,36
715,92	1196,01
716,11	1175,53
716,29	1122,29
716,47	1165,29
716,65	1214,45
716,84	1171,44
717,02	1134,57
717,20	1161,20
717,38	1228,78
717,57	1198,06
717,75	1179,63
717,93	1187,82
718,11	1220,59
718,30	1183,73
718,48	1155,05
718,66	1155,05
718,84	1214,45
719,03	1157,10
719,21	1173,49
719,39	1122,29
719,57	1144,81
719,75	1118,19
719,94	1236,97
720,12	1210,35
720,30	1191,92
720,48	1155,05
720,67	1175,53
720,85	1161,20
721,03	1191,92
721,21	1150,96
721,39	1142,77
721,58	1140,72
721,76	1200,11
721,94	1202,16
722,12	1134,57
722,30	1167,34
722,49	1116,14
722,67	1189,87
722,85	1187,82
723,03	1163,25
723,21	1112,05
723,40	1161,20
723,58	1191,92
723,76	1171,44
723,94	1189,87
724,12	1218,54
724,30	1187,82
724,49	1183,73
724,67	1169,39
724,85	1095,66
725,03	1251,31
725,21	1130,48
725,40	1138,67
725,58	1116,14
725,76	1189,87
725,94	1275,88
726,12	1130,48
726,30	1191,92
726,49	1140,72
726,67	1132,53
726,85	1165,29
727,03	1171,44
727,21	1198,06
727,39	1218,54
727,57	1171,44
727,76	1101,81
727,94	1218,54
728,12	1232,88
728,30	1110,00
728,48	1159,15
728,66	1175,53
728,84	1224,69
729,03	1212,40
729,21	1110,00
729,39	1159,15
729,57	1247,21
729,75	1187,82
729,93	1210,35
730,11	1124,33
730,30	1093,62
730,48	1191,92
730,66	1179,63
730,84	1210,35
731,02	1140,72
731,20	1249,26
731,38	1153,01
731,56	1234,93
731,74	1165,29
731,93	1132,53
732,11	1185,77
732,29	1230,83
732,47	1175,53
732,65	1243,12
732,83	1138,67
733,01	1163,25
733,19	1198,06
733,37	1181,68
733,56	1191,92
733,74	1232,88
733,92	1171,44
734,10	1116,14
734,28	1183,73
734,46	1249,26
734,64	1189,87
734,82	1173,49
735,00	1171,44
735,18	1107,95
735,36	1169,39
735,54	1173,49
735,73	1214,45
735,91	1163,25
736,09	1177,58
736,27	1150,96
736,45	1196,01
736,63	1110,00
736,81	1153,01
736,99	1193,97
737,17	1157,10
737,35	1138,67
737,53	1144,81
737,71	1193,97
737,89	1241,07
738,07	1150,96
738,25	1183,73
738,43	1179,63
738,61	1165,29
738,80	1200,11
738,98	1216,49
739,16	1251,31
739,34	1193,97
739,52	1196,01
739,70	1177,58
739,88	1177,58
740,06	1196,01
740,24	1173,49
740,42	1159,15
740,60	1116,14
740,78	1099,76
740,96	1097,71
741,14	1161,20
741,32	1212,40
741,50	1148,91
741,68	1169,39
741,86	1157,10
742,04	1150,96
742,22	1157,10
742,40	1200,11
742,58	1173,49
742,76	1196,01
742,94	1212,40
743,12	1107,95
743,30	1177,58
743,48	1263,60
743,66	1185,77
743,84	1175,53
744,02	1110,00
744,20	1144,81
744,38	1140,72
744,56	1261,55
744,74	1144,81
744,92	1239,02
745,10	1181,68
745,28	1132,53
745,46	1214,45
745,64	1136,62
745,82	1185,77
746,00	1181,68
746,18	1206,25
746,36	1153,01
746,54	1216,49
746,72	1193,97
746,90	1136,62
747,08	1148,91
747,26	1118,19
747,44	1208,30
747,62	1179,63
747,80	1200,11
747,98	1171,44
748,15	1175,53
748,33	1167,34
748,51	1175,53
748,69	1173,49
748,87	1124,33
749,05	1216,49
749,23	1128,43
749,41	1224,69
749,59	1218,54
749,77	1136,62
749,95	1193,97
750,13	1204,21
750,31	1173,49
750,49	1153,01
750,67	1196,01
750,85	1114,10
751,03	1173,49
751,20	1212,40
751,38	1216,49
751,56	1234,93
751,74	1167,34
751,92	1187,82
752,10	1146,86
752,28	1140,72
752,46	1193,97
752,64	1150,96
752,82	1269,74
753,00	1146,86
753,18	1155,05
753,35	1144,81
753,53	1181,68
753,71	1171,44
753,89	1138,67
754,07	1165,29
754,25	1181,68
754,43	1206,25
754,61	1150,96
754,79	1114,10
754,97	1198,06
755,14	1206,25
755,32	1173,49
755,50	1206,25
755,68	1236,97
755,86	1206,25
756,04	1144,81
756,22	1159,15
756,40	1239,02
756,57	1179,63
756,75	1134,57
756,93	1191,92
757,11	1257,45
757,29	1175,53
757,47	1187,82
757,65	1163,25
757,82	1150,96
758,00	1187,82
758,18	1208,30
758,36	1126,38
758,54	1241,07
758,72	1142,77
758,90	1157,10
759,07	1245,16
759,25	1167,34
759,43	1171,44
759,61	1142,77
759,79	1146,86
759,97	1118,19
760,15	1183,73
760,32	1116,14
760,50	1171,44
760,68	1212,40
760,86	1204,21
761,04	1232,88
761,22	1165,29
761,39	1161,20
761,57	1150,96
761,75	1163,25
761,93	1161,20
762,11	1148,91
762,28	1185,77
762,46	1173,49
762,64	1226,73
762,82	1128,43
763,00	1208,30
763,18	1179,63
763,35	1245,16
763,53	1198,06
763,71	1181,68
763,89	1226,73
764,07	1247,21
764,24	1183,73
764,42	1177,58
764,60	1159,15
764,78	1191,92
764,96	1101,81
765,13	1116,14
765,31	1167,34
765,49	1183,73
765,67	1150,96
765,84	1144,81
766,02	1263,60
766,20	1169,39
766,38	1161,20
766,56	1220,59
766,73	1204,21
766,91	1146,86
767,09	1183,73
767,27	1165,29
767,44	1232,88
767,62	1146,86
767,80	1208,30
767,98	1234,93
768,15	1114,10
768,33	1204,21
768,51	1081,33
768,69	1181,68
768,87	1208,30
769,04	1177,58
769,22	1298,41
769,40	1097,71
769,58	1157,10
769,75	1171,44
769,93	1140,72
770,11	1179,63
770,28	1159,15
770,46	1122,29
770,64	1224,69
770,82	1150,96
770,99	1150,96
771,17	1120,24
771,35	1161,20
771,53	1181,68
771,70	1105,90
771,88	1187,82
772,06	1107,95
772,23	1169,39
772,41	1163,25
772,59	1187,82
772,77	1120,24
772,94	1169,39
773,12	1198,06
773,30	1230,83
773,47	1183,73
773,65	1138,67
773,83	1126,38
774,01	1181,68
774,18	1185,77
774,36	1204,21
774,54	1185,77
774,71	1165,29
774,89	1122,29
775,07	1138,67
775,24	1181,68
775,42	1185,77
775,60	1167,34
775,78	1257,45
775,95	1134,57
776,13	1161,20
776,31	1253,36
776,48	1189,87
776,66	1216,49
776,84	1130,48
777,01	1204,21
777,19	1185,77
777,37	1224,69
777,54	1210,35
777,72	1099,76
777,90	1212,40
778,07	1159,15
778,25	1216,49
778,43	1138,67
778,60	1134,57
778,78	1153,01
778,96	1167,34
779,13	1163,25
779,31	1146,86
779,49	1171,44
779,66	1232,88
779,84	1134,57
780,01	1173,49
780,19	1165,29
780,37	1157,10
780,54	1165,29
780,72	1171,44
780,90	1214,45
781,07	1155,05
781,25	1236,97
781,43	1175,53
781,60	1153,01
781,78	1175,53
781,95	1146,86
782,13	1165,29
782,31	1261,55
782,48	1140,72
782,66	1107,95
782,83	1169,39
783,01	1230,83
783,19	1136,62
783,36	1220,59
783,54	1103,86
783,72	1128,43
783,89	1214,45
784,07	1124,33
784,24	1239,02
784,42	1204,21
784,60	1193,97
784,77	1204,21
784,95	1163,25
785,12	1193,97
785,30	1120,24
785,47	1134,57
785,65	1153,01
785,83	1175,53
786,00	1210,35
786,18	1193,97
786,35	1185,77
786,53	1175,53
786,71	1161,20
786,88	1171,44
787,06	1140,72
787,23	1212,40
787,41	1183,73
787,58	1136,62
787,76	1138,67
787,94	1187,82
788,11	1163,25
788,29	1173,49
788,46	1187,82
788,64	1212,40
788,81	1116,14
788,99	1163,25
789,16	1204,21
789,34	1210,35
789,52	1142,77
789,69	1228,78
789,87	1150,96
790,04	1142,77
790,22	1216,49
790,39	1177,58
790,57	1224,69
790,74	1126,38
790,92	1155,05
791,09	1175,53
791,27	1193,97
791,44	1196,01
791,62	1181,68
791,79	1175,53
791,97	1165,29
792,15	1202,16
792,32	1185,77
792,50	1134,57
792,67	1193,97
792,85	1122,29
793,02	1202,16
793,20	1187,82
793,37	1153,01
793,55	1183,73
793,72	1130,48
793,90	1114,10
794,07	1150,96
794,25	1282,03
794,42	1228,78
794,60	1218,54
794,77	1198,06
794,95	1159,15
795,12	1101,81
795,30	1173,49
795,47	1212,40
795,65	1163,25
795,82	1214,45
796,00	1181,68
796,17	1114,10
796,34	1179,63
796,52	1206,25
796,69	1146,86
796,87	1175,53
797,04	1167,34
797,22	1208,30
797,39	1230,83
797,57	1189,87
797,74	1130,48
797,92	1187,82
798,09	1114,10
798,27	1144,81
798,44	1232,88
798,62	1179,63
798,79	1181,68
798,96	1193,97
799,14	1155,05
799,31	1189,87
799,49	1226,73
799,66	1144,81
799,84	1122,29
800,01	1161,20
800,19	1239,02
800,36	1140,72
800,53	1196,01
800,71	1210,35
800,88	1134,57
801,06	1181,68
801,23	1222,64
801,41	1155,05
801,58	1169,39
801,75	1239,02
801,93	1249,26
802,10	1120,24
802,28	1189,87
802,45	1179,63
802,63	1171,44
802,80	1187,82
802,97	1208,30
803,15	1177,58
803,32	1202,16
803,50	1257,45
803,67	1208,30
803,84	1134,57
804,02	1132,53
804,19	1191,92
804,37	1179,63
804,54	1241,07
804,71	1126,38
804,89	1239,02
805,06	1136,62
805,24	1132,53
805,41	1187,82
805,58	1191,92
805,76	1200,11
805,93	1173,49
806,10	1208,30
806,28	1196,01
806,45	1177,58
806,63	1146,86
806,80	1175,53
806,97	1191,92
807,15	1196,01
807,32	1189,87
807,49	1222,64
807,67	1206,25
807,84	1187,82
808,01	1153,01
808,19	1185,77
808,36	1181,68
808,54	1224,69
808,71	1239,02
808,88	1228,78
809,06	1103,86
809,23	1165,29
809,40	1251,31
809,58	1146,86
809,75	1218,54
809,92	1206,25
810,10	1202,16
810,27	1167,34
810,44	1136,62
810,62	1200,11
810,79	1114,10
810,96	1187,82
811,14	1220,59
811,31	1124,33
811,48	1126,38
811,66	1155,05
811,83	1167,34
812,00	1130,48
812,18	1112,05
812,35	1132,53
812,52	1249,26
812,69	1255,40
812,87	1181,68
813,04	1142,77
813,21	1159,15
813,39	1148,91
813,56	1093,62
813,73	1202,16
813,91	1187,82
814,08	1216,49
814,25	1124,33
814,42	1241,07
814,60	1187,82
814,77	1204,21
814,94	1187,82
815,12	1193,97
815,29	1222,64
815,46	1175,53
815,63	1134,57
815,81	1210,35
815,98	1163,25
816,15	1189,87
816,33	1159,15
816,50	1169,39
816,67	1179,63
816,84	1148,91
817,02	1204,21
817,19	1112,05
817,36	1193,97
817,53	1157,10
817,71	1212,40
817,88	1173,49
818,05	1185,77
818,22	1150,96
818,40	1099,76
818,57	1187,82
818,74	1130,48
818,91	1228,78
819,09	1150,96
819,26	1189,87
819,43	1263,60
819,60	1179,63
819,78	1167,34
819,95	1159,15
820,12	1202,16
820,29	1150,96
820,47	1175,53
820,64	1148,91
820,81	1138,67
820,98	1191,92
821,15	1175,53
821,33	1153,01
821,50	1236,97
821,67	1200,11
821,84	1181,68
822,02	1179,63
822,19	1144,81
822,36	1173,49
822,53	1171,44
822,70	1220,59
822,88	1224,69
823,05	1210,35
823,22	1124,33
823,39	1230,83
823,56	1189,87
823,74	1140,72
823,91	1208,30
824,08	1130,48
824,25	1122,29
824,42	1169,39
824,60	1155,05
824,77	1249,26
824,94	1155,05
825,11	1157,10
825,28	1146,86
825,45	1091,57
825,63	1142,77
825,80	1208,30
825,97	1181,68
826,14	1245,16
826,31	1124,33
826,48	1226,73
826,66	1124,33
826,83	1183,73
827,00	1089,52
827,17	1091,57
827,34	1216,49
827,51	1212,40
827,69	1183,73
827,86	1114,10
828,03	1163,25
828,20	1110,00
828,37	1196,01
828,54	1099,76
828,71	1128,43
828,89	1185,77
829,06	1200,11
829,23	1136,62
829,40	1204,21
829,57	1150,96
829,74	1153,01
829,91	1150,96
830,09	1114,10
830,26	1247,21
830,43	1110,00
830,60	1167,34
830,77	1097,71
830,94	1206,25
831,11	1101,81
831,28	1232,88
831,46	1163,25
831,63	1124,33
831,80	1097,71
831,97	1146,86
832,14	1185,77
832,31	1138,67
832,48	1167,34
832,65	1161,20
832,82	1175,53
832,99	1183,73
833,17	1222,64
833,34	1132,53
833,51	1208,30
833,68	1146,86
833,85	1153,01
834,02	1212,40
834,19	1128,43
834,36	1222,64
834,53	1148,91
834,70	1189,87
834,87	1130,48
835,04	1138,67
835,22	1171,44
835,39	1208,30
835,56	1181,68
835,73	1167,34
835,90	1107,95
836,07	1191,92
836,24	1130,48
836,41	1261,55
836,58	1165,29
836,75	1159,15
836,92	1159,15
837,09	1134,57
837,26	1171,44
837,43	1208,30
837,60	1161,20
837,77	1196,01
837,94	1251,31
838,12	1183,73
838,29	1122,29
838,46	1196,01
838,63	1200,11
838,80	1165,29
838,97	1138,67
839,14	1198,06
839,31	1130,48
839,48	1163,25
839,65	1126,38
839,82	1163,25
839,99	1165,29
840,16	1173,49
840,33	1155,05
840,50	1204,21
840,67	1122,29
840,84	1216,49
841,01	1093,62
841,18	1200,11
841,35	1200,11
841,52	1220,59
841,69	1193,97
841,86	1189,87
842,03	1208,30
842,20	1157,10
842,37	1128,43
842,54	1189,87
842,71	1179,63
842,88	1169,39
843,05	1167,34
843,22	1200,11
843,39	1159,15
843,56	1193,97
843,73	1155,05
843,90	1214,45
844,07	1128,43
844,24	1165,29
844,41	1173,49
844,58	1169,39
844,75	1120,24
844,92	1236,97
845,09	1183,73
845,26	1204,21
845,43	1081,33
845,60	1148,91
845,77	1142,77
845,94	1144,81
846,10	1204,21
846,27	1212,40
846,44	1126,38
846,61	1095,66
846,78	1134,57
846,95	1191,92
847,12	1198,06
847,29	1208,30
847,46	1148,91
847,63	1167,34
847,80	1208,30
847,97	1136,62
848,14	1159,15
848,31	1165,29
848,48	1077,23
848,65	1165,29
848,82	1200,11
848,98	1148,91
849,15	1179,63
849,32	1157,10
849,49	1083,38
849,66	1167,34
849,83	1153,01
850,00	1157,10
850,17	1183,73
850,34	1163,25
850,51	1198,06
850,68	1134,57
850,85	1157,10
851,01	1206,25
851,18	1191,92
851,35	1189,87
851,52	1212,40
851,69	1216,49
851,86	1159,15
852,03	1216,49
852,20	1193,97
852,37	1157,10
852,53	1142,77
852,70	1196,01
852,87	1114,10
853,04	1144,81
853,21	1200,11
853,38	1183,73
853,55	1157,10
853,72	1140,72
853,89	1157,10
854,05	1140,72
854,22	1167,34
854,39	1150,96
854,56	1173,49
854,73	1138,67
854,90	1177,58
855,07	1187,82
855,23	1175,53
855,40	1167,34
855,57	1187,82
855,74	1208,30
855,91	1183,73
856,08	1116,14
856,25	1200,11
856,41	1118,19
856,58	1220,59
856,75	1150,96
856,92	1175,53
857,09	1165,29
857,26	1232,88
857,42	1181,68
857,59	1177,58
857,76	1161,20
857,93	1224,69
858,10	1208,30
858,27	1214,45
858,43	1208,30
858,60	1159,15
858,77	1193,97
858,94	1136,62
859,11	1128,43
859,27	1175,53
859,44	1173,49
859,61	1234,93
859,78	1150,96
859,95	1200,11
860,12	1177,58
860,28	1187,82
860,45	1132,53
860,62	1148,91
860,79	1118,19
860,95	1251,31
861,12	1183,73
861,29	1165,29
861,46	1165,29
861,63	1200,11
861,79	1155,05
861,96	1142,77
862,13	1208,30
862,30	1134,57
862,47	1232,88
862,63	1220,59
862,80	1146,86
862,97	1185,77
863,14	1181,68
863,30	1183,73
863,47	1206,25
863,64	1191,92
863,81	1105,90
863,97	1177,58
864,14	1185,77
864,31	1091,57
864,48	1110,00
864,65	1177,58
864,81	1183,73
864,98	1198,06
865,15	1200,11
865,32	1189,87
865,48	1243,12
865,65	1128,43
865,82	1218,54
865,98	1216,49
866,15	1179,63
866,32	1146,86
866,49	1216,49
866,65	1167,34
866,82	1181,68
866,99	1159,15
867,16	1255,40
867,32	1208,30
867,49	1210,35
867,66	1191,92
867,83	1148,91
867,99	1146,86
868,16	1171,44
868,33	1155,05
868,49	1167,34
868,66	1155,05
868,83	1138,67
868,99	1171,44
869,16	1226,73
869,33	1136,62
869,50	1189,87
869,66	1175,53
869,83	1118,19
870,00	1095,66
870,16	1189,87
870,33	1150,96
870,50	1181,68
870,66	1175,53
870,83	1150,96
871,00	1144,81
871,17	1097,71
871,33	1206,25
871,50	1206,25
871,67	1148,91
871,83	1150,96
872,00	1161,20
872,17	1196,01
872,33	1165,29
872,50	1140,72
872,67	1193,97
872,83	1202,16
873,00	1165,29
873,17	1122,29
873,33	1153,01
873,50	1173,49
873,67	1210,35
873,83	1189,87
874,00	1232,88
874,16	1153,01
874,33	1144,81
874,50	1181,68
874,66	1099,76
874,83	1155,05
875,00	1191,92
875,16	1181,68
875,33	1214,45
875,50	1222,64
875,66	1218,54
875,83	1120,24
875,99	1175,53
876,16	1216,49
876,33	1206,25
876,49	1124,33
876,66	1222,64
876,83	1239,02
876,99	1130,48
877,16	1136,62
877,32	1150,96
877,49	1161,20
877,66	1181,68
877,82	1181,68
877,99	1189,87
878,15	1185,77
878,32	1169,39
878,49	1224,69
878,65	1130,48
878,82	1189,87
878,98	1204,21
879,15	1118,19
879,32	1224,69
879,48	1198,06
879,65	1118,19
879,81	1146,86
879,98	1169,39
880,15	1216,49
880,31	1224,69
880,48	1138,67
880,64	1183,73
880,81	1196,01
880,97	1177,58
881,14	1165,29
881,31	1155,05
881,47	1191,92
881,64	1169,39
881,80	1230,83
881,97	1196,01
882,13	1196,01
882,30	1130,48
882,47	1157,10
882,63	1177,58
882,80	1230,83
882,96	1177,58
883,13	1193,97
883,29	1150,96
883,46	1202,16
883,62	1208,30
883,79	1159,15
883,95	1138,67
884,12	1095,66
884,29	1146,86
884,45	1200,11
884,62	1069,04
884,78	1175,53
884,95	1136,62
885,11	1290,22
885,28	1159,15
885,44	1243,12
885,61	1163,25
885,77	1161,20
885,94	1183,73
886,10	1236,97
886,27	1159,15
886,43	1173,49
886,60	1144,81
886,76	1218,54
886,93	1167,34
887,09	1169,39
887,26	1142,77
887,42	1163,25
887,59	1183,73
887,75	1189,87
887,92	1097,71
888,08	1148,91
888,25	1159,15
888,41	1118,19
888,58	1193,97
888,74	1239,02
888,91	1200,11
