177,47	1132,53
177,69	1132,53
177,91	1132,53
178,13	1171,44
178,36	1124,33
178,58	1101,81
178,80	1218,54
179,02	1130,48
179,24	1130,48
179,46	1208,30
179,68	1220,59
179,90	1208,30
180,13	1138,67
180,35	1198,06
180,57	1206,25
180,79	1148,91
181,01	1191,92
181,23	1140,72
181,45	1173,49
181,67	1214,45
181,90	1128,43
182,12	1185,77
182,34	1126,38
182,56	1171,44
182,78	1261,55
183,00	1185,77
183,22	1216,49
183,44	1124,33
183,66	1200,11
183,89	1189,87
184,11	1191,92
184,33	1142,77
184,55	1208,30
184,77	1124,33
184,99	1241,07
185,21	1204,21
185,43	1150,96
185,65	1124,33
185,87	1175,53
186,10	1191,92
186,32	1157,10
186,54	1187,82
186,76	1216,49
186,98	1105,90
187,20	1140,72
187,42	1159,15
187,64	1222,64
187,86	1150,96
188,08	1214,45
188,30	1259,50
188,52	1183,73
188,75	1189,87
188,97	1148,91
189,19	1095,66
189,41	1159,15
189,63	1187,82
189,85	1210,35
190,07	1220,59
190,29	1249,26
190,51	1130,48
190,73	1150,96
190,95	1173,49
191,17	1216,49
191,39	1179,63
191,61	1157,10
191,84	1163,25
192,06	1163,25
192,28	1204,21
192,50	1177,58
192,72	1249,26
192,94	1206,25
193,16	1114,10
193,38	1204,21
193,60	1155,05
193,82	1187,82
194,04	1157,10
194,26	1159,15
194,48	1187,82
194,70	1134,57
194,92	1218,54
195,14	1185,77
195,36	1097,71
195,58	1214,45
195,80	1218,54
196,02	1187,82
196,24	1165,29
196,46	1150,96
196,69	1181,68
196,91	1173,49
197,13	1128,43
197,35	1185,77
197,57	1214,45
197,79	1181,68
198,01	1263,60
198,23	1159,15
198,45	1146,86
198,67	1146,86
198,89	1155,05
199,11	1277,93
199,33	1144,81
199,55	1142,77
199,77	1193,97
199,99	1187,82
200,21	1155,05
200,43	1245,16
200,65	1075,18
200,87	1200,11
201,09	1165,29
201,31	1226,73
201,53	1198,06
201,75	1185,77
201,97	1253,36
202,19	1146,86
202,41	1200,11
202,63	1183,73
202,85	1189,87
203,07	1179,63
203,29	1175,53
203,51	1216,49
203,73	1140,72
203,95	1169,39
204,17	1148,91
204,39	1114,10
204,61	1122,29
204,83	1236,97
205,05	1206,25
205,27	1193,97
205,49	1177,58
205,71	1202,16
205,93	1171,44
206,15	1196,01
206,37	1128,43
206,59	1193,97
206,81	1220,59
207,03	1157,10
207,25	1126,38
207,47	1144,81
207,69	1161,20
207,91	1144,81
208,13	1122,29
208,34	1146,86
208,56	1161,20
208,78	1128,43
209,00	1140,72
209,22	1124,33
209,44	1171,44
209,66	1183,73
209,88	1122,29
210,10	1236,97
210,32	1189,87
210,54	1146,86
210,76	1173,49
210,98	1171,44
211,20	1206,25
211,42	1148,91
211,64	1200,11
211,86	1212,40
212,08	1208,30
212,30	1228,78
212,52	1150,96
212,74	1202,16
212,96	1234,93
213,17	1202,16
213,39	1167,34
213,61	1181,68
213,83	1148,91
214,05	1179,63
214,27	1214,45
214,49	1187,82
214,71	1216,49
214,93	1175,53
215,15	1169,39
215,37	1155,05
215,59	1196,01
215,81	1210,35
216,03	1179,63
216,24	1142,77
216,46	1071,09
216,68	1136,62
216,90	1122,29
217,12	1241,07
217,34	1148,91
217,56	1185,77
217,78	1136,62
218,00	1144,81
218,22	1130,48
218,44	1261,55
218,66	1148,91
218,87	1171,44
219,09	1159,15
219,31	1198,06
219,53	1159,15
219,75	1171,44
219,97	1181,68
220,19	1253,36
220,41	1128,43
220,63	1165,29
220,85	1171,44
221,06	1175,53
221,28	1230,83
221,50	1259,50
221,72	1144,81
221,94	1204,21
222,16	1161,20
222,38	1165,29
222,60	1187,82
222,82	1175,53
223,03	1155,05
223,25	1155,05
223,47	1167,34
223,69	1142,77
223,91	1220,59
224,13	1189,87
224,35	1177,58
224,57	1165,29
224,78	1173,49
225,00	1216,49
225,22	1138,67
225,44	1157,10
225,66	1181,68
225,88	1157,10
226,10	1230,83
226,32	1181,68
226,53	1200,11
226,75	1134,57
226,97	1204,21
227,19	1126,38
227,41	1181,68
227,63	1253,36
227,85	1146,86
228,06	1134,57
228,28	1177,58
228,50	1208,30
228,72	1155,05
228,94	1165,29
229,16	1148,91
229,37	1198,06
229,59	1232,88
229,81	1187,82
230,03	1214,45
230,25	1150,96
230,47	1167,34
230,69	1173,49
230,90	1120,24
231,12	1183,73
231,34	1128,43
231,56	1212,40
231,78	1167,34
232,00	1181,68
232,21	1220,59
232,43	1187,82
232,65	1163,25
232,87	1204,21
233,09	1150,96
233,30	1173,49
233,52	1181,68
233,74	1210,35
233,96	1187,82
234,18	1255,40
234,40	1138,67
234,61	1216,49
234,83	1183,73
235,05	1224,69
235,27	1130,48
235,49	1202,16
235,70	1128,43
235,92	1202,16
236,14	1140,72
236,36	1212,40
236,58	1165,29
236,79	1161,20
237,01	1130,48
237,23	1161,20
237,45	1116,14
237,67	1187,82
237,88	1220,59
238,10	1191,92
238,32	1114,10
238,54	1171,44
238,76	1210,35
238,97	1204,21
239,19	1157,10
239,41	1196,01
239,63	1167,34
239,85	1196,01
240,06	1245,16
240,28	1165,29
240,50	1142,77
240,72	1191,92
240,93	1155,05
241,15	1228,78
241,37	1126,38
241,59	1261,55
241,81	1173,49
242,02	1183,73
242,24	1222,64
242,46	1163,25
242,68	1148,91
242,89	1239,02
243,11	1216,49
243,33	1263,60
243,55	1124,33
243,76	1222,64
243,98	1183,73
244,20	1193,97
244,42	1167,34
244,64	1173,49
244,85	1167,34
245,07	1130,48
245,29	1185,77
245,51	1118,19
245,72	1136,62
245,94	1112,05
246,16	1220,59
246,38	1161,20
246,59	1157,10
246,81	1183,73
247,03	1222,64
247,24	1200,11
247,46	1177,58
247,68	1181,68
247,90	1196,01
248,11	1245,16
248,33	1128,43
248,55	1107,95
248,77	1175,53
248,98	1210,35
249,20	1126,38
249,42	1200,11
249,64	1179,63
249,85	1128,43
250,07	1155,05
250,29	1187,82
250,50	1200,11
250,72	1073,14
250,94	1249,26
251,16	1216,49
251,37	1148,91
251,59	1200,11
251,81	1204,21
252,02	1187,82
252,24	1202,16
252,46	1175,53
252,68	1224,69
252,89	1271,79
253,11	1155,05
253,33	1161,20
253,54	1159,15
253,76	1153,01
253,98	1171,44
254,20	1142,77
254,41	1198,06
254,63	1134,57
254,85	1212,40
255,06	1124,33
255,28	1181,68
255,50	1187,82
255,71	1157,10
255,93	1177,58
256,15	1239,02
256,36	1236,97
256,58	1134,57
256,80	1187,82
257,02	1120,24
257,23	1191,92
257,45	1177,58
257,67	1177,58
257,88	1120,24
258,10	1171,44
258,32	1159,15
258,53	1159,15
258,75	1196,01
258,97	1185,77
259,18	1134,57
259,40	1148,91
259,62	1204,21
259,83	1214,45
260,05	1167,34
260,27	1232,88
260,48	1159,15
260,70	1153,01
260,92	1132,53
261,13	1202,16
261,35	1187,82
261,57	1155,05
261,78	1202,16
262,00	1134,57
262,22	1126,38
262,43	1163,25
262,65	1171,44
262,86	1124,33
263,08	1245,16
263,30	1126,38
263,51	1179,63
263,73	1081,33
263,95	1191,92
264,16	1198,06
264,38	1185,77
264,60	1148,91
264,81	1171,44
265,03	1230,83
265,25	1210,35
265,46	1148,91
265,68	1189,87
265,89	1198,06
266,11	1198,06
266,33	1222,64
266,54	1159,15
266,76	1179,63
266,98	1241,07
267,19	1153,01
267,41	1187,82
267,62	1173,49
267,84	1175,53
268,06	1193,97
268,27	1245,16
268,49	1169,39
268,70	1173,49
268,92	1161,20
269,14	1218,54
269,35	1097,71
269,57	1226,73
269,79	1189,87
270,00	1173,49
270,22	1181,68
270,43	1161,20
270,65	1202,16
270,87	1202,16
271,08	1128,43
271,30	1167,34
271,51	1226,73
271,73	1126,38
271,95	1148,91
272,16	1118,19
272,38	1165,29
272,59	1056,75
272,81	1198,06
273,02	1181,68
273,24	1173,49
273,46	1107,95
273,67	1142,77
273,89	1099,76
274,10	1179,63
274,32	1161,20
274,54	1144,81
274,75	1169,39
274,97	1177,58
275,18	1144,81
275,40	1126,38
275,61	1150,96
275,83	1189,87
276,05	1167,34
276,26	1224,69
276,48	1171,44
276,69	1159,15
276,91	1110,00
277,12	1142,77
277,34	1155,05
277,55	1212,40
277,77	1177,58
277,99	1167,34
278,20	1171,44
278,42	1181,68
278,63	1200,11
278,85	1202,16
279,06	1138,67
279,28	1175,53
279,49	1193,97
279,71	1161,20
279,93	1191,92
280,14	1218,54
280,36	1179,63
280,57	1214,45
280,79	1236,97
281,00	1146,86
281,22	1175,53
281,43	1134,57
281,65	1222,64
281,86	1171,44
282,08	1173,49
282,29	1163,25
282,51	1216,49
282,73	1208,30
282,94	1138,67
283,16	1136,62
283,37	1167,34
283,59	1165,29
283,80	1165,29
284,02	1204,21
284,23	1144,81
284,45	1236,97
284,66	1214,45
284,88	1159,15
285,09	1165,29
285,31	1163,25
285,52	1161,20
285,74	1087,47
285,95	1216,49
286,17	1196,01
286,38	1173,49
286,60	1161,20
286,81	1130,48
287,03	1171,44
287,24	1187,82
287,46	1116,14
287,67	1077,23
287,89	1191,92
288,10	1191,92
288,32	1112,05
288,53	1107,95
288,75	1128,43
288,96	1212,40
289,18	1159,15
289,39	1110,00
289,61	1212,40
289,82	1251,31
290,04	1216,49
290,25	1181,68
290,47	1126,38
290,68	1175,53
290,90	1144,81
291,11	1177,58
291,33	1249,26
291,54	1171,44
291,76	1239,02
291,97	1171,44
292,18	1171,44
292,40	1208,30
292,61	1212,40
292,83	1167,34
293,04	1187,82
293,26	1142,77
293,47	1132,53
293,69	1148,91
293,90	1196,01
294,12	1220,59
294,33	1144,81
294,55	1226,73
294,76	1159,15
294,97	1179,63
295,19	1191,92
295,40	1128,43
295,62	1132,53
295,83	1200,11
296,05	1126,38
296,26	1179,63
296,48	1173,49
296,69	1171,44
296,90	1173,49
297,12	1148,91
297,33	1118,19
297,55	1161,20
297,76	1181,68
297,98	1064,94
298,19	1200,11
298,41	1181,68
298,62	1245,16
298,83	1171,44
299,05	1239,02
299,26	1232,88
299,48	1185,77
299,69	1146,86
299,90	1110,00
300,12	1167,34
300,33	1179,63
300,55	1148,91
300,76	1132,53
300,98	1140,72
301,19	1204,21
301,40	1208,30
301,62	1202,16
301,83	1259,50
302,05	1247,21
302,26	1159,15
302,47	1095,66
302,69	1105,90
302,90	1263,60
303,12	1204,21
303,33	1128,43
303,54	1202,16
303,76	1179,63
303,97	1206,25
304,19	1144,81
304,40	1093,62
304,61	1196,01
304,83	1202,16
305,04	1241,07
305,26	1198,06
305,47	1116,14
305,68	1241,07
305,90	1226,73
306,11	1136,62
306,33	1222,64
306,54	1175,53
306,75	1142,77
306,97	1107,95
307,18	1202,16
307,39	1220,59
307,61	1196,01
307,82	1134,57
308,04	1232,88
308,25	1165,29
308,46	1173,49
308,68	1196,01
308,89	1216,49
309,10	1267,69
309,32	1089,52
309,53	1218,54
309,74	1253,36
309,96	1167,34
310,17	1175,53
310,39	1155,05
310,60	1132,53
310,81	1153,01
311,03	1204,21
311,24	1181,68
311,45	1226,73
311,67	1118,19
311,88	1226,73
312,09	1220,59
312,31	1222,64
312,52	1169,39
312,73	1140,72
312,95	1083,38
313,16	1216,49
313,37	1116,14
313,59	1130,48
313,80	1148,91
314,01	1214,45
314,23	1153,01
314,44	1120,24
314,65	1216,49
314,87	1179,63
315,08	1132,53
315,29	1161,20
315,51	1146,86
315,72	1226,73
315,93	1107,95
316,15	1150,96
316,36	1189,87
316,57	1157,10
316,79	1146,86
317,00	1150,96
317,21	1193,97
317,43	1247,21
317,64	1179,63
317,85	1058,80
318,07	1134,57
318,28	1153,01
318,49	1198,06
318,70	1193,97
318,92	1150,96
319,13	1206,25
319,34	1173,49
319,56	1165,29
319,77	1181,68
319,98	1130,48
320,20	1200,11
320,41	1126,38
320,62	1198,06
320,83	1159,15
321,05	1224,69
321,26	1116,14
321,47	1167,34
321,69	1179,63
321,90	1110,00
322,11	1169,39
322,32	1191,92
322,54	1185,77
322,75	1126,38
322,96	1163,25
323,18	1183,73
323,39	1150,96
323,60	1112,05
323,81	1159,15
324,03	1161,20
324,24	1146,86
324,45	1228,78
324,66	1140,72
324,88	1220,59
325,09	1103,86
325,30	1153,01
325,52	1134,57
325,73	1157,10
325,94	1193,97
326,15	1179,63
326,37	1157,10
326,58	1181,68
326,79	1138,67
327,00	1177,58
327,22	1161,20
327,43	1173,49
327,64	1243,12
327,85	1167,34
328,07	1142,77
328,28	1204,21
328,49	1173,49
328,70	1171,44
328,92	1179,63
329,13	1128,43
329,34	1175,53
329,55	1159,15
329,76	1153,01
329,98	1191,92
330,19	1185,77
330,40	1206,25
330,61	1175,53
330,83	1185,77
331,04	1159,15
331,25	1181,68
331,46	1202,16
331,68	1165,29
331,89	1243,12
332,10	1249,26
332,31	1157,10
332,52	1196,01
332,74	1189,87
332,95	1157,10
333,16	1110,00
333,37	1140,72
333,58	1193,97
333,80	1179,63
334,01	1126,38
334,22	1181,68
334,43	1183,73
334,64	1128,43
334,86	1148,91
335,07	1081,33
335,28	1277,93
335,49	1226,73
335,70	1124,33
335,92	1183,73
336,13	1189,87
336,34	1191,92
336,55	1216,49
336,76	1185,77
336,98	1236,97
337,19	1239,02
337,40	1212,40
337,61	1107,95
337,82	1107,95
338,04	1155,05
338,25	1128,43
338,46	1177,58
338,67	1204,21
338,88	1165,29
339,09	1167,34
339,31	1208,30
339,52	1277,93
339,73	1157,10
339,94	1165,29
340,15	1196,01
340,36	1146,86
340,58	1181,68
340,79	1216,49
341,00	1163,25
341,21	1136,62
341,42	1200,11
341,63	1228,78
341,85	1144,81
342,06	1241,07
342,27	1155,05
342,48	1181,68
342,69	1150,96
342,90	1212,40
343,12	1107,95
343,33	1214,45
343,54	1189,87
343,75	1150,96
343,96	1187,82
344,17	1064,94
344,38	1167,34
344,60	1187,82
344,81	1193,97
345,02	1110,00
345,23	1185,77
345,44	1241,07
345,65	1118,19
345,86	1224,69
346,07	1163,25
346,29	1130,48
346,50	1189,87
346,71	1130,48
346,92	1120,24
347,13	1236,97
347,34	1173,49
347,55	1210,35
347,76	1171,44
347,98	1134,57
348,19	1196,01
348,40	1120,24
348,61	1175,53
348,82	1224,69
349,03	1187,82
349,24	1175,53
349,45	1193,97
349,66	1122,29
349,88	1175,53
350,09	1187,82
350,30	1247,21
350,51	1253,36
350,72	1116,14
350,93	1140,72
351,14	1214,45
351,35	1191,92
351,56	1142,77
351,77	1126,38
351,99	1228,78
352,20	1202,16
352,41	1110,00
352,62	1157,10
352,83	1173,49
353,04	1183,73
353,25	1187,82
353,46	1216,49
353,67	1144,81
353,88	1099,76
354,09	1183,73
354,30	1232,88
354,52	1146,86
354,73	1167,34
354,94	1140,72
355,15	1204,21
355,36	1202,16
355,57	1114,10
355,78	1181,68
355,99	1179,63
356,20	1200,11
356,41	1159,15
356,62	1157,10
356,83	1191,92
357,04	1122,29
357,25	1179,63
357,46	1136,62
357,68	1161,20
357,89	1198,06
358,10	1159,15
358,31	1138,67
358,52	1126,38
358,73	1140,72
358,94	1220,59
359,15	1165,29
359,36	1200,11
359,57	1198,06
359,78	1099,76
359,99	1224,69
360,20	1226,73
360,41	1130,48
360,62	1210,35
360,83	1181,68
361,04	1134,57
361,25	1150,96
361,46	1200,11
361,67	1226,73
361,88	1193,97
362,09	1132,53
362,30	1193,97
362,51	1181,68
362,72	1173,49
362,93	1167,34
363,14	1163,25
363,35	1159,15
363,56	1161,20
363,78	1169,39
363,99	1177,58
364,20	1177,58
364,41	1259,50
364,62	1167,34
364,83	1200,11
365,04	1181,68
365,25	1179,63
365,46	1159,15
365,67	1120,24
365,88	1230,83
366,09	1112,05
366,30	1144,81
366,51	1155,05
366,72	1290,22
366,93	1181,68
367,14	1161,20
367,35	1185,77
367,56	1128,43
367,77	1200,11
367,98	1191,92
368,18	1130,48
368,39	1153,01
368,60	1220,59
368,81	1220,59
369,02	1146,86
369,23	1189,87
369,44	1185,77
369,65	1187,82
369,86	1036,27
370,07	1165,29
370,28	1185,77
370,49	1220,59
370,70	1150,96
370,91	1241,07
371,12	1200,11
371,33	1155,05
371,54	1187,82
371,75	1144,81
371,96	1161,20
372,17	1165,29
372,38	1169,39
372,59	1136,62
372,80	1290,22
373,01	1212,40
373,22	1210,35
373,43	1146,86
373,64	1167,34
373,85	1218,54
374,06	1112,05
374,26	1126,38
374,47	1218,54
374,68	1163,25
374,89	1148,91
375,10	1148,91
375,31	1128,43
375,52	1179,63
375,73	1150,96
375,94	1161,20
376,15	1142,77
376,36	1189,87
376,57	1132,53
376,78	1146,86
376,99	1163,25
377,20	1198,06
377,40	1226,73
377,61	1212,40
377,82	1208,30
378,03	1163,25
378,24	1153,01
378,45	1159,15
378,66	1163,25
378,87	1187,82
379,08	1085,42
379,29	1234,93
379,50	1187,82
379,71	1179,63
379,91	1214,45
380,12	1150,96
380,33	1165,29
380,54	1173,49
380,75	1234,93
380,96	1191,92
381,17	1228,78
381,38	1155,05
381,59	1179,63
381,80	1153,01
382,00	1181,68
382,21	1148,91
382,42	1165,29
382,63	1167,34
382,84	1185,77
383,05	1275,88
383,26	1132,53
383,47	1116,14
383,68	1114,10
383,88	1210,35
384,09	1206,25
384,30	1206,25
384,51	1144,81
384,72	1146,86
384,93	1103,86
385,14	1210,35
385,35	1114,10
385,55	1214,45
385,76	1165,29
385,97	1175,53
386,18	1187,82
386,39	1142,77
386,60	1155,05
386,81	1175,53
387,02	1218,54
387,22	1153,01
387,43	1200,11
387,64	1189,87
387,85	1193,97
388,06	1134,57
388,27	1226,73
388,48	1224,69
388,68	1269,74
388,89	1163,25
389,10	1157,10
389,31	1155,05
389,52	1179,63
389,73	1220,59
389,93	1118,19
390,14	1251,31
390,35	1216,49
390,56	1228,78
390,77	1181,68
390,98	1159,15
391,18	1077,23
391,39	1142,77
391,60	1198,06
391,81	1089,52
392,02	1216,49
392,23	1146,86
392,43	1169,39
392,64	1155,05
392,85	1167,34
393,06	1173,49
393,27	1128,43
393,47	1136,62
393,68	1198,06
393,89	1200,11
394,10	1128,43
394,31	1208,30
394,52	1169,39
394,72	1179,63
394,93	1171,44
395,14	1126,38
395,35	1150,96
395,56	1120,24
395,76	1110,00
395,97	1153,01
396,18	1116,14
396,39	1228,78
396,60	1196,01
396,80	1138,67
397,01	1150,96
397,22	1159,15
397,43	1212,40
397,64	1126,38
397,84	1169,39
398,05	1177,58
398,26	1163,25
398,47	1146,86
398,67	1177,58
398,88	1148,91
399,09	1167,34
399,30	1126,38
399,51	1187,82
399,71	1165,29
399,92	1259,50
400,13	1159,15
400,34	1173,49
400,54	1181,68
400,75	1200,11
400,96	1126,38
401,17	1198,06
401,37	1144,81
401,58	1224,69
401,79	1204,21
402,00	1146,86
402,21	1208,30
402,41	1120,24
402,62	1153,01
402,83	1142,77
403,04	1177,58
403,24	1130,48
403,45	1232,88
403,66	1150,96
403,87	1206,25
404,07	1140,72
404,28	1163,25
404,49	1124,33
404,70	1155,05
404,90	1167,34
405,11	1218,54
405,32	1165,29
405,52	1107,95
405,73	1234,93
405,94	1155,05
406,15	1157,10
406,35	1155,05
406,56	1183,73
406,77	1134,57
406,98	1187,82
407,18	1232,88
407,39	1130,48
407,60	1173,49
407,80	1181,68
408,01	1159,15
408,22	1107,95
408,43	1202,16
408,63	1161,20
408,84	1153,01
409,05	1232,88
409,25	1179,63
409,46	1208,30
409,67	1198,06
409,88	1128,43
410,08	1200,11
410,29	1220,59
410,50	1177,58
410,70	1206,25
410,91	1261,55
411,12	1122,29
411,32	1171,44
411,53	1187,82
411,74	1118,19
411,95	1179,63
412,15	1193,97
412,36	1169,39
412,57	1142,77
412,77	1236,97
412,98	1150,96
413,19	1245,16
413,39	1075,18
413,60	1150,96
413,81	1146,86
414,01	1183,73
414,22	1150,96
414,43	1140,72
414,63	1161,20
414,84	1169,39
415,05	1249,26
415,25	1114,10
415,46	1120,24
415,67	1173,49
415,87	1181,68
416,08	1132,53
416,29	1179,63
416,49	1208,30
416,70	1171,44
416,91	1122,29
417,11	1191,92
417,32	1224,69
417,53	1163,25
417,73	1196,01
417,94	1177,58
418,15	1185,77
418,35	1173,49
418,56	1224,69
418,77	1155,05
418,97	1218,54
419,18	1136,62
419,38	1120,24
419,59	1200,11
419,80	1243,12
420,00	1112,05
420,21	1175,53
420,42	1095,66
420,62	1226,73
420,83	1216,49
421,04	1236,97
421,24	1148,91
421,45	1191,92
421,65	1175,53
421,86	1146,86
422,07	1171,44
422,27	1218,54
422,48	1206,25
422,69	1144,81
422,89	1142,77
423,10	1220,59
423,30	1234,93
423,51	1167,34
423,72	1220,59
423,92	1146,86
424,13	1277,93
424,33	1173,49
424,54	1165,29
424,75	1183,73
424,95	1165,29
425,16	1112,05
425,36	1171,44
425,57	1150,96
425,78	1210,35
425,98	1107,95
426,19	1112,05
426,39	1163,25
426,60	1167,34
426,81	1171,44
427,01	1159,15
427,22	1222,64
427,42	1116,14
427,63	1191,92
427,83	1189,87
428,04	1243,12
428,25	1140,72
428,45	1189,87
428,66	1198,06
428,86	1134,57
429,07	1146,86
429,28	1255,40
429,48	1099,76
429,69	1212,40
429,89	1183,73
430,10	1193,97
430,30	1212,40
430,51	1230,83
430,71	1169,39
430,92	1122,29
431,13	1150,96
431,33	1181,68
431,54	1212,40
431,74	1161,20
431,95	1181,68
432,15	1173,49
432,36	1218,54
432,56	1173,49
432,77	1101,81
432,98	1189,87
433,18	1157,10
433,39	1214,45
433,59	1214,45
433,80	1245,16
434,00	1128,43
434,21	1118,19
434,41	1212,40
434,62	1171,44
434,82	1138,67
435,03	1132,53
435,23	1214,45
435,44	1128,43
435,64	1159,15
435,85	1173,49
436,06	1081,33
436,26	1187,82
436,47	1251,31
436,67	1138,67
436,88	1120,24
437,08	1179,63
437,29	1187,82
437,49	1216,49
437,70	1124,33
437,90	1169,39
438,11	1189,87
438,31	1200,11
438,52	1234,93
438,72	1142,77
438,93	1169,39
439,13	1236,97
439,34	1124,33
439,54	1177,58
439,75	1161,20
439,95	1126,38
440,16	1245,16
440,36	1198,06
440,57	1165,29
440,77	1161,20
440,98	1193,97
441,18	1093,62
441,39	1124,33
441,59	1136,62
441,80	1216,49
442,00	1159,15
442,21	1138,67
442,41	1124,33
442,62	1130,48
442,82	1153,01
443,02	1118,19
443,23	1191,92
443,43	1155,05
443,64	1191,92
443,84	1173,49
444,05	1202,16
444,25	1150,96
444,46	1226,73
444,66	1196,01
444,87	1175,53
445,07	1230,83
445,28	1243,12
445,48	1187,82
445,69	1118,19
445,89	1126,38
446,09	1175,53
446,30	1210,35
446,50	1169,39
446,71	1253,36
446,91	1230,83
447,12	1200,11
447,32	1269,74
447,53	1200,11
447,73	1220,59
447,93	1189,87
448,14	1206,25
448,34	1171,44
448,55	1126,38
448,75	1148,91
448,96	1169,39
449,16	1191,92
449,36	1165,29
449,57	1159,15
449,77	1134,57
449,98	1234,93
450,18	1101,81
450,39	1150,96
450,59	1177,58
450,79	1165,29
451,00	1167,34
451,20	1267,69
451,41	1210,35
451,61	1181,68
451,81	1169,39
452,02	1222,64
452,22	1200,11
452,43	1185,77
452,63	1165,29
452,84	1196,01
453,04	1155,05
453,24	1175,53
453,45	1157,10
453,65	1132,53
453,86	1128,43
454,06	1161,20
454,26	1220,59
454,47	1193,97
454,67	1249,26
454,87	1146,86
455,08	1239,02
455,28	1253,36
455,49	1212,40
455,69	1163,25
455,89	1138,67
456,10	1181,68
456,30	1228,78
456,51	1110,00
456,71	1198,06
456,91	1210,35
457,12	1214,45
457,32	1208,30
457,52	1165,29
457,73	1120,24
457,93	1181,68
458,14	1157,10
458,34	1191,92
458,54	1259,50
458,75	1140,72
458,95	1220,59
459,15	1157,10
459,36	1200,11
459,56	1206,25
459,76	1163,25
459,97	1089,52
460,17	1179,63
460,37	1232,88
460,58	1241,07
460,78	1175,53
460,99	1183,73
461,19	1193,97
461,39	1220,59
461,60	1124,33
461,80	1200,11
462,00	1216,49
462,21	1177,58
462,41	1222,64
462,61	1173,49
462,82	1171,44
463,02	1136,62
463,22	1171,44
463,43	1167,34
463,63	1140,72
463,83	1193,97
464,04	1187,82
464,24	1224,69
464,44	1191,92
464,64	1138,67
464,85	1167,34
465,05	1142,77
465,25	1234,93
465,46	1171,44
465,66	1165,29
465,86	1099,76
466,07	1212,40
466,27	1142,77
466,47	1097,71
466,68	1222,64
466,88	1130,48
467,08	1198,06
467,29	1173,49
467,49	1226,73
467,69	1177,58
467,89	1239,02
468,10	1200,11
468,30	1124,33
468,50	1142,77
468,71	1175,53
468,91	1165,29
469,11	1179,63
469,31	1189,87
469,52	1101,81
469,72	1220,59
469,92	1189,87
470,13	1175,53
470,33	1140,72
470,53	1142,77
470,73	1216,49
470,94	1241,07
471,14	1155,05
471,34	1144,81
471,54	1206,25
471,75	1175,53
471,95	1132,53
472,15	1140,72
472,36	1150,96
472,56	1087,47
472,76	1169,39
472,96	1185,77
473,17	1150,96
473,37	1267,69
473,57	1101,81
473,77	1206,25
473,98	1148,91
474,18	1183,73
474,38	1128,43
474,58	1171,44
474,79	1191,92
474,99	1255,40
475,19	1159,15
475,39	1208,30
475,60	1212,40
475,80	1185,77
476,00	1116,14
476,20	1159,15
476,41	1163,25
476,61	1120,24
476,81	1155,05
477,01	1218,54
477,21	1171,44
477,42	1175,53
477,62	1196,01
477,82	1179,63
478,02	1218,54
478,23	1161,20
478,43	1198,06
478,63	1189,87
478,83	1189,87
479,03	1261,55
479,24	1210,35
479,44	1126,38
479,64	1191,92
479,84	1148,91
480,04	1128,43
480,25	1247,21
480,45	1251,31
480,65	1064,94
480,85	1189,87
481,06	1163,25
481,26	1161,20
481,46	1198,06
481,66	1179,63
481,86	1232,88
482,06	1150,96
482,27	1187,82
482,47	1138,67
482,67	1144,81
482,87	1159,15
483,07	1183,73
483,28	1196,01
483,48	1198,06
483,68	1157,10
483,88	1175,53
484,08	1167,34
484,29	1142,77
484,49	1161,20
484,69	1241,07
484,89	1122,29
485,09	1161,20
485,29	1173,49
485,50	1202,16
485,70	1134,57
485,90	1128,43
486,10	1124,33
486,30	1165,29
486,50	1138,67
486,71	1183,73
486,91	1239,02
487,11	1179,63
487,31	1167,34
487,51	1210,35
487,71	1247,21
487,91	1167,34
488,12	1191,92
488,32	1167,34
488,52	1189,87
488,72	1175,53
488,92	1196,01
489,12	1183,73
489,32	1241,07
489,53	1161,20
489,73	1181,68
489,93	1134,57
490,13	1128,43
490,33	1134,57
490,53	1126,38
490,73	1214,45
490,94	1204,21
491,14	1175,53
491,34	1146,86
491,54	1191,92
491,74	1193,97
491,94	1175,53
492,14	1171,44
492,34	1210,35
492,54	1220,59
492,75	1136,62
492,95	1210,35
493,15	1208,30
493,35	1150,96
493,55	1224,69
493,75	1101,81
493,95	1148,91
494,15	1206,25
494,35	1161,20
494,56	1114,10
494,76	1136,62
494,96	1241,07
495,16	1173,49
495,36	1212,40
495,56	1232,88
495,76	1169,39
495,96	1191,92
496,16	1146,86
496,36	1116,14
496,56	1126,38
496,77	1161,20
496,97	1189,87
497,17	1161,20
497,37	1146,86
497,57	1150,96
497,77	1191,92
497,97	1159,15
498,17	1114,10
498,37	1155,05
498,57	1138,67
498,77	1214,45
498,97	1175,53
499,17	1173,49
499,38	1138,67
499,58	1208,30
499,78	1122,29
499,98	1163,25
500,18	1204,21
500,38	1189,87
500,58	1208,30
500,78	1163,25
500,98	1198,06
501,18	1163,25
501,38	1120,24
501,58	1167,34
501,78	1136,62
501,98	1181,68
502,18	1200,11
502,38	1218,54
502,58	1189,87
502,78	1134,57
502,98	1175,53
503,18	1191,92
503,38	1181,68
503,59	1157,10
503,79	1232,88
503,99	1206,25
504,19	1181,68
504,39	1216,49
504,59	1232,88
504,79	1222,64
504,99	1126,38
505,19	1239,02
505,39	1204,21
505,59	1220,59
505,79	1269,74
505,99	1142,77
506,19	1089,52
506,39	1239,02
506,59	1187,82
506,79	1136,62
506,99	1196,01
507,19	1196,01
507,39	1208,30
507,59	1140,72
507,79	1206,25
507,99	1226,73
508,19	1134,57
508,39	1189,87
508,59	1179,63
508,79	1159,15
508,99	1169,39
509,19	1243,12
509,39	1142,77
509,59	1183,73
509,79	1236,97
509,99	1171,44
510,19	1202,16
510,39	1095,66
510,59	1159,15
510,79	1214,45
510,99	1220,59
511,19	1222,64
511,39	1173,49
511,59	1212,40
511,79	1193,97
511,99	1177,58
512,19	1148,91
512,38	1224,69
512,58	1222,64
512,78	1230,83
512,98	1163,25
513,18	1200,11
513,38	1107,95
513,58	1132,53
513,78	1179,63
513,98	1120,24
514,18	1118,19
514,38	1216,49
514,58	1101,81
514,78	1230,83
514,98	1157,10
515,18	1159,15
515,38	1118,19
515,58	1175,53
515,78	1226,73
515,98	1093,62
516,18	1167,34
516,38	1218,54
516,57	1167,34
516,77	1187,82
516,97	1140,72
517,17	1175,53
517,37	1167,34
517,57	1114,10
517,77	1124,33
517,97	1198,06
518,17	1140,72
518,37	1136,62
518,57	1173,49
518,77	1261,55
518,97	1079,28
519,16	1271,79
519,36	1183,73
519,56	1167,34
519,76	1157,10
519,96	1157,10
520,16	1165,29
520,36	1173,49
520,56	1171,44
520,76	1110,00
520,96	1148,91
521,16	1132,53
521,35	1187,82
521,55	1196,01
521,75	1208,30
521,95	1150,96
522,15	1181,68
522,35	1171,44
522,55	1228,78
522,75	1177,58
522,95	1177,58
523,14	1198,06
523,34	1140,72
523,54	1177,58
523,74	1189,87
523,94	1249,26
524,14	1181,68
524,34	1177,58
524,54	1134,57
524,73	1220,59
524,93	1169,39
525,13	1140,72
525,33	1228,78
525,53	1148,91
525,73	1177,58
525,93	1179,63
526,13	1150,96
526,32	1191,92
526,52	1220,59
526,72	1132,53
526,92	1206,25
527,12	1187,82
527,32	1175,53
527,52	1155,05
527,71	1224,69
527,91	1161,20
528,11	1202,16
528,31	1101,81
528,51	1249,26
528,71	1165,29
528,90	1159,15
529,10	1200,11
529,30	1208,30
529,50	1218,54
529,70	1136,62
529,90	1214,45
530,09	1118,19
530,29	1191,92
530,49	1165,29
530,69	1107,95
530,89	1155,05
531,09	1198,06
531,28	1118,19
531,48	1243,12
531,68	1212,40
531,88	1189,87
532,08	1175,53
532,28	1206,25
532,47	1185,77
532,67	1200,11
532,87	1212,40
533,07	1236,97
533,27	1167,34
533,46	1153,01
533,66	1148,91
533,86	1181,68
534,06	1210,35
534,26	1218,54
534,45	1220,59
534,65	1208,30
534,85	1185,77
535,05	1191,92
535,25	1120,24
535,44	1157,10
535,64	1134,57
535,84	1159,15
536,04	1220,59
536,24	1204,21
536,43	1140,72
536,63	1124,33
536,83	1191,92
537,03	1206,25
537,22	1222,64
537,42	1146,86
537,62	1220,59
537,82	1228,78
538,02	1124,33
538,21	1183,73
538,41	1167,34
538,61	1255,40
538,81	1179,63
539,00	1171,44
539,20	1130,48
539,40	1163,25
539,60	1173,49
539,79	1191,92
539,99	1196,01
540,19	1216,49
540,39	1101,81
540,58	1183,73
540,78	1140,72
540,98	1208,30
541,18	1134,57
541,37	1183,73
541,57	1212,40
541,77	1208,30
541,97	1159,15
542,16	1146,86
542,36	1200,11
542,56	1126,38
542,76	1165,29
542,95	1175,53
543,15	1177,58
543,35	1155,05
543,54	1163,25
543,74	1185,77
543,94	1177,58
544,14	1114,10
544,33	1249,26
544,53	1134,57
544,73	1130,48
544,93	1148,91
545,12	1138,67
545,32	1241,07
545,52	1181,68
545,71	1140,72
545,91	1099,76
546,11	1107,95
546,30	1185,77
546,50	1214,45
546,70	1220,59
546,90	1189,87
547,09	1179,63
547,29	1177,58
547,49	1236,97
547,68	1175,53
547,88	1239,02
548,08	1155,05
548,27	1126,38
548,47	1206,25
548,67	1196,01
548,87	1175,53
549,06	1224,69
549,26	1173,49
549,46	1167,34
549,65	1161,20
549,85	1196,01
550,05	1202,16
550,24	1130,48
550,44	1204,21
550,64	1157,10
550,83	1191,92
551,03	1167,34
551,23	1157,10
551,42	1198,06
551,62	1169,39
551,82	1153,01
552,01	1218,54
552,21	1140,72
552,41	1179,63
552,60	1187,82
552,80	1150,96
553,00	1183,73
553,19	1216,49
553,39	1234,93
553,59	1236,97
553,78	1169,39
553,98	1179,63
554,17	1165,29
554,37	1173,49
554,57	1198,06
554,76	1124,33
554,96	1136,62
555,16	1144,81
555,35	1124,33
555,55	1214,45
555,75	1220,59
555,94	1073,14
556,14	1218,54
556,33	1181,68
556,53	1144,81
556,73	1183,73
556,92	1206,25
557,12	1153,01
557,32	1161,20
557,51	1155,05
557,71	1175,53
557,90	1259,50
558,10	1130,48
558,30	1187,82
558,49	1099,76
558,69	1157,10
558,88	1212,40
559,08	1198,06
559,28	1179,63
559,47	1196,01
559,67	1144,81
559,86	1169,39
560,06	1167,34
560,26	1196,01
560,45	1114,10
560,65	1128,43
560,84	1200,11
561,04	1177,58
561,24	1202,16
561,43	1189,87
561,63	1175,53
561,82	1181,68
562,02	1163,25
562,22	1130,48
562,41	1163,25
562,61	1210,35
562,80	1177,58
563,00	1183,73
563,19	1155,05
563,39	1183,73
563,59	1216,49
563,78	1175,53
563,98	1150,96
564,17	1204,21
564,37	1144,81
564,56	1161,20
564,76	1230,83
564,96	1148,91
565,15	1177,58
565,35	1136,62
565,54	1128,43
565,74	1216,49
565,93	1134,57
566,13	1171,44
566,32	1171,44
566,52	1196,01
566,71	1144,81
566,91	1224,69
567,11	1173,49
567,30	1198,06
567,50	1153,01
567,69	1146,86
567,89	1146,86
568,08	1128,43
568,28	1159,15
568,47	1171,44
568,67	1255,40
568,86	1171,44
569,06	1148,91
569,25	1200,11
569,45	1200,11
569,64	1245,16
569,84	1155,05
570,04	1216,49
570,23	1181,68
570,43	1198,06
570,62	1116,14
570,82	1167,34
571,01	1196,01
571,21	1187,82
571,40	1140,72
571,60	1183,73
571,79	1224,69
571,99	1150,96
572,18	1191,92
572,38	1210,35
572,57	1226,73
572,77	1212,40
572,96	1130,48
573,16	1159,15
573,35	1198,06
573,55	1181,68
573,74	1191,92
573,94	1208,30
574,13	1157,10
574,33	1193,97
574,52	1185,77
574,71	1134,57
574,91	1204,21
575,10	1157,10
575,30	1239,02
575,49	1196,01
575,69	1134,57
575,88	1132,53
576,08	1216,49
576,27	1210,35
576,47	1193,97
576,66	1189,87
576,86	1218,54
577,05	1167,34
577,25	1159,15
577,44	1245,16
577,64	1134,57
577,83	1173,49
578,02	1153,01
578,22	1163,25
578,41	1175,53
578,61	1185,77
578,80	1191,92
579,00	1191,92
579,19	1132,53
579,39	1198,06
579,58	1163,25
579,77	1214,45
579,97	1216,49
580,16	1183,73
580,36	1116,14
580,55	1140,72
580,75	1196,01
580,94	1187,82
581,13	1177,58
581,33	1118,19
581,52	1196,01
581,72	1173,49
581,91	1134,57
582,11	1146,86
582,30	1165,29
582,49	1116,14
582,69	1179,63
582,88	1157,10
583,08	1214,45
583,27	1222,64
583,47	1204,21
583,66	1208,30
583,85	1144,81
584,05	1173,49
584,24	1044,46
584,44	1138,67
584,63	1191,92
584,82	1167,34
585,02	1183,73
585,21	1173,49
585,41	1165,29
585,60	1206,25
585,79	1150,96
585,99	1169,39
586,18	1146,86
586,37	1200,11
586,57	1224,69
586,76	1216,49
586,96	1175,53
587,15	1153,01
587,34	1204,21
587,54	1181,68
587,73	1204,21
587,93	1150,96
588,12	1175,53
588,31	1226,73
588,51	1128,43
588,70	1118,19
588,89	1173,49
589,09	1177,58
589,28	1181,68
589,47	1181,68
589,67	1132,53
589,86	1150,96
590,06	1208,30
590,25	1206,25
590,44	1198,06
590,64	1157,10
590,83	1220,59
591,02	1138,67
591,22	1210,35
591,41	1173,49
591,60	1122,29
591,80	1185,77
591,99	1273,84
592,18	1236,97
592,38	1138,67
592,57	1058,80
592,76	1251,31
592,96	1179,63
593,15	1226,73
593,34	1136,62
593,54	1179,63
593,73	1263,60
593,92	1140,72
594,12	1234,93
594,31	1161,20
594,50	1159,15
594,70	1142,77
594,89	1208,30
595,08	1134,57
595,28	1159,15
595,47	1212,40
595,66	1181,68
595,86	1138,67
596,05	1173,49
596,24	1081,33
596,43	1208,30
596,63	1185,77
596,82	1124,33
597,01	1189,87
597,21	1169,39
597,40	1224,69
597,59	1228,78
597,79	1126,38
597,98	1083,38
598,17	1144,81
598,36	1200,11
598,56	1187,82
598,75	1112,05
598,94	1196,01
599,14	1105,90
599,33	1132,53
599,52	1183,73
599,71	1193,97
599,91	1173,49
600,10	1155,05
600,29	1163,25
600,48	1181,68
600,68	1236,97
600,87	1101,81
601,06	1136,62
601,26	1097,71
601,45	1120,24
601,64	1196,01
601,83	1171,44
602,03	1118,19
602,22	1220,59
602,41	1183,73
602,60	1112,05
602,80	1181,68
602,99	1181,68
603,18	1216,49
603,37	1177,58
603,57	1198,06
603,76	1193,97
603,95	1130,48
604,14	1159,15
604,34	1206,25
604,53	1204,21
604,72	1140,72
604,91	1132,53
605,10	1153,01
605,30	1126,38
605,49	1187,82
605,68	1198,06
605,87	1169,39
606,07	1181,68
606,26	1218,54
606,45	1130,48
606,64	1253,36
606,84	1159,15
607,03	1206,25
607,22	1175,53
607,41	1177,58
607,60	1228,78
607,80	1196,01
607,99	1200,11
608,18	1253,36
608,37	1204,21
608,56	1204,21
608,76	1187,82
608,95	1144,81
609,14	1159,15
609,33	1085,42
609,52	1140,72
609,72	1187,82
609,91	1150,96
610,10	1153,01
610,29	1200,11
610,48	1206,25
610,68	1173,49
610,87	1193,97
611,06	1239,02
611,25	1171,44
611,44	1107,95
611,63	1157,10
611,83	1185,77
612,02	1204,21
612,21	1122,29
612,40	1171,44
612,59	1077,23
612,79	1226,73
612,98	1136,62
613,17	1202,16
613,36	1220,59
613,55	1226,73
613,74	1275,88
613,93	1155,05
614,13	1163,25
614,32	1175,53
614,51	1150,96
614,70	1150,96
614,89	1134,57
615,08	1142,77
615,28	1153,01
615,47	1140,72
615,66	1193,97
615,85	1185,77
616,04	1216,49
616,23	1183,73
616,42	1177,58
616,62	1163,25
616,81	1142,77
617,00	1153,01
617,19	1167,34
617,38	1177,58
617,57	1204,21
617,76	1124,33
617,95	1163,25
618,15	1183,73
618,34	1193,97
618,53	1212,40
618,72	1173,49
618,91	1165,29
619,10	1150,96
619,29	1163,25
619,48	1159,15
619,68	1167,34
619,87	1230,83
620,06	1105,90
620,25	1169,39
620,44	1134,57
620,63	1161,20
620,82	1204,21
621,01	1183,73
621,20	1167,34
621,39	1181,68
621,59	1124,33
621,78	1181,68
621,97	1179,63
622,16	1230,83
622,35	1124,33
622,54	1181,68
622,73	1132,53
622,92	1126,38
623,11	1169,39
623,30	1193,97
623,49	1216,49
623,68	1208,30
623,88	1179,63
624,07	1163,25
624,26	1163,25
624,45	1230,83
624,64	1140,72
624,83	1212,40
625,02	1204,21
625,21	1189,87
625,40	1202,16
625,59	1239,02
625,78	1216,49
625,97	1212,40
626,16	1208,30
626,35	1179,63
626,54	1157,10
626,74	1243,12
626,93	1241,07
627,12	1212,40
627,31	1171,44
627,50	1265,64
627,69	1208,30
627,88	1187,82
628,07	1210,35
628,26	1169,39
628,45	1245,16
628,64	1273,84
628,83	1271,79
629,02	1181,68
629,21	1298,41
629,40	1214,45
629,59	1196,01
629,78	1241,07
629,97	1196,01
630,16	1224,69
630,35	1216,49
630,54	1226,73
630,73	1271,79
630,92	1175,53
631,11	1282,03
631,30	1386,47
631,49	1409,00
631,68	1896,42
631,87	3934,15
632,06	15071,00
632,25	43713,89
632,44	55678,13
632,63	56927,39
632,82	36539,86
633,01	18337,51
633,20	5416,88
633,39	5355,44
633,58	2744,28
633,77	2152,42
633,96	1648,61
634,15	1495,02
634,34	1435,63
634,53	1548,26
634,72	1411,05
634,91	1425,39
635,10	1327,08
635,29	1310,70
635,48	1298,41
635,67	1224,69
635,86	1191,92
636,05	1189,87
636,24	1208,30
636,43	1284,08
636,62	1179,63
636,81	1128,43
637,00	1232,88
637,19	1116,14
637,38	1208,30
637,57	1239,02
637,76	1245,16
637,95	1153,01
638,14	1222,64
638,33	1124,33
638,52	1191,92
638,71	1177,58
638,89	1132,53
639,08	1175,53
639,27	1175,53
639,46	1155,05
639,65	1191,92
639,84	1142,77
640,03	1167,34
640,22	1128,43
640,41	1220,59
640,60	1181,68
640,79	1116,14
640,98	1144,81
641,17	1249,26
641,36	1138,67
641,55	1171,44
641,74	1189,87
641,92	1175,53
642,11	1189,87
642,30	1138,67
642,49	1191,92
642,68	1253,36
642,87	1153,01
643,06	1165,29
643,25	1179,63
643,44	1222,64
643,63	1155,05
643,82	1165,29
644,00	1122,29
644,19	1239,02
644,38	1224,69
644,57	1210,35
644,76	1150,96
644,95	1202,16
645,14	1226,73
645,33	1167,34
645,52	1212,40
645,71	1230,83
645,89	1193,97
646,08	1126,38
646,27	1169,39
646,46	1257,45
646,65	1134,57
646,84	1128,43
647,03	1157,10
647,22	1155,05
647,40	1165,29
647,59	1183,73
647,78	1159,15
647,97	1165,29
648,16	1247,21
648,35	1216,49
648,54	1128,43
648,73	1175,53
648,91	1196,01
649,10	1226,73
649,29	1153,01
649,48	1103,86
649,67	1159,15
649,86	1165,29
650,05	1245,16
650,23	1167,34
650,42	1181,68
650,61	1142,77
650,80	1110,00
650,99	1200,11
651,18	1179,63
651,36	1110,00
651,55	1183,73
651,74	1144,81
651,93	1159,15
652,12	1163,25
652,31	1191,92
652,49	1163,25
652,68	1175,53
652,87	1167,34
653,06	1271,79
653,25	1144,81
653,44	1175,53
653,62	1261,55
653,81	1173,49
654,00	1196,01
654,19	1157,10
654,38	1112,05
654,56	1214,45
654,75	1171,44
654,94	1198,06
655,13	1255,40
655,32	1105,90
655,51	1159,15
655,69	1292,27
655,88	1204,21
656,07	1208,30
656,26	1198,06
656,45	1089,52
656,63	1208,30
656,82	1212,40
657,01	1206,25
657,20	1200,11
657,38	1210,35
657,57	1220,59
657,76	1150,96
657,95	1181,68
658,14	1206,25
658,32	1138,67
658,51	1128,43
658,70	1159,15
658,89	1257,45
659,08	1183,73
659,26	1183,73
659,45	1189,87
659,64	1181,68
659,83	1128,43
660,01	1118,19
660,20	1150,96
660,39	1214,45
660,58	1191,92
660,76	1191,92
660,95	1181,68
661,14	1224,69
661,33	1204,21
661,51	1243,12
661,70	1191,92
661,89	1208,30
662,08	1210,35
662,26	1175,53
662,45	1216,49
662,64	1124,33
662,83	1159,15
663,01	1155,05
663,20	1183,73
663,39	1265,64
663,58	1122,29
663,76	1148,91
663,95	1150,96
664,14	1185,77
664,32	1167,34
664,51	1191,92
664,70	1142,77
664,89	1191,92
665,07	1179,63
665,26	1155,05
665,45	1220,59
665,64	1226,73
665,82	1159,15
666,01	1198,06
666,20	1200,11
666,38	1202,16
666,57	1245,16
666,76	1159,15
666,95	1163,25
667,13	1091,57
667,32	1165,29
667,51	1175,53
667,69	1105,90
667,88	1179,63
668,07	1173,49
668,25	1216,49
668,44	1183,73
668,63	1196,01
668,81	1181,68
669,00	1148,91
669,19	1169,39
669,38	1206,25
669,56	1218,54
669,75	1175,53
669,94	1173,49
670,12	1150,96
670,31	1247,21
670,50	1243,12
670,68	1126,38
670,87	1122,29
671,06	1112,05
671,24	1081,33
671,43	1247,21
671,62	1122,29
671,80	1155,05
671,99	1179,63
672,18	1175,53
672,36	1175,53
672,55	1208,30
672,74	1161,20
672,92	1157,10
673,11	1196,01
673,29	1062,90
673,48	1171,44
673,67	1167,34
673,85	1234,93
674,04	1159,15
674,23	1236,97
674,41	1202,16
674,60	1159,15
674,79	1105,90
674,97	1134,57
675,16	1228,78
675,34	1132,53
675,53	1183,73
675,72	1132,53
675,90	1202,16
676,09	1230,83
676,28	1200,11
676,46	1171,44
676,65	1134,57
676,83	1239,02
677,02	1173,49
677,21	1214,45
677,39	1122,29
677,58	1228,78
677,77	1130,48
677,95	1130,48
678,14	1138,67
678,32	1165,29
678,51	1138,67
678,70	1175,53
678,88	1224,69
679,07	1208,30
679,25	1089,52
679,44	1200,11
679,63	1175,53
679,81	1206,25
680,00	1212,40
680,18	1202,16
680,37	1228,78
680,55	1157,10
680,74	1153,01
680,93	1118,19
681,11	1177,58
681,30	1130,48
681,48	1107,95
681,67	1128,43
681,85	1216,49
682,04	1204,21
682,23	1163,25
682,41	1161,20
682,60	1179,63
682,78	1161,20
682,97	1163,25
683,15	1187,82
683,34	1136,62
683,53	1243,12
683,71	1183,73
683,90	1202,16
684,08	1200,11
684,27	1165,29
684,45	1200,11
684,64	1126,38
684,82	1167,34
685,01	1144,81
685,19	1177,58
685,38	1165,29
685,57	1132,53
685,75	1228,78
685,94	1169,39
686,12	1181,68
686,31	1181,68
686,49	1200,11
686,68	1232,88
686,86	1146,86
687,05	1220,59
687,23	1183,73
687,42	1146,86
687,60	1247,21
687,79	1206,25
687,97	1187,82
688,16	1165,29
688,34	1134,57
688,53	1128,43
688,71	1093,62
688,90	1173,49
689,08	1167,34
689,27	1159,15
689,45	1216,49
689,64	1202,16
689,82	1187,82
690,01	1193,97
690,19	1161,20
690,38	1105,90
690,56	1179,63
690,75	1165,29
690,93	1148,91
691,12	1245,16
691,30	1142,77
691,49	1169,39
691,67	1165,29
691,86	1165,29
692,04	1198,06
692,23	1222,64
692,41	1185,77
692,60	1167,34
692,78	1159,15
692,97	1214,45
693,15	1148,91
693,34	1202,16
693,52	1161,20
693,71	1171,44
693,89	1202,16
694,08	1167,34
694,26	1153,01
694,44	1124,33
694,63	1247,21
694,81	1206,25
695,00	1134,57
695,18	1159,15
695,37	1282,03
695,55	1153,01
695,74	1169,39
695,92	1173,49
696,10	1271,79
696,29	1150,96
696,47	1159,15
696,66	1159,15
696,84	1122,29
697,03	1220,59
697,21	1193,97
697,40	1196,01
697,58	1181,68
697,76	1146,86
697,95	1183,73
698,13	1171,44
698,32	1208,30
698,50	1212,40
698,68	1206,25
698,87	1163,25
699,05	1198,06
699,24	1134,57
699,42	1097,71
699,61	1243,12
699,79	1101,81
699,97	1187,82
700,16	1097,71
700,34	1187,82
700,53	1200,11
700,71	1144,81
700,89	1183,73
701,08	1167,34
701,26	1114,10
701,45	1157,10
701,63	1163,25
701,81	1187,82
702,00	1181,68
702,18	1124,33
702,37	1196,01
702,55	1163,25
702,73	1208,30
702,92	1132,53
703,10	1161,20
703,28	1204,21
703,47	1169,39
703,65	1177,58
703,84	1161,20
704,02	1122,29
704,20	1181,68
704,39	1181,68
704,57	1236,97
704,75	1148,91
704,94	1167,34
705,12	1232,88
705,30	1200,11
705,49	1179,63
705,67	1163,25
705,86	1148,91
706,04	1120,24
706,22	1263,60
706,41	1187,82
706,59	1212,40
706,77	1165,29
706,96	1181,68
707,14	1175,53
707,32	1198,06
707,51	1191,92
707,69	1167,34
707,87	1183,73
708,06	1230,83
708,24	1210,35
708,42	1110,00
708,61	1187,82
708,79	1173,49
708,97	1157,10
709,16	1032,18
709,34	1171,44
709,52	1163,25
709,71	1212,40
709,89	1179,63
710,07	1140,72
710,26	1216,49
710,44	1196,01
710,62	1144,81
710,80	1175,53
710,99	1261,55
711,17	1175,53
711,35	1179,63
711,54	1107,95
711,72	1177,58
711,90	1224,69
712,09	1179,63
712,27	1136,62
712,45	1173,49
712,63	1107,95
712,82	1214,45
713,00	1179,63
713,18	1189,87
713,37	1140,72
713,55	1183,73
713,73	1142,77
713,91	1155,05
714,10	1232,88
714,28	1196,01
714,46	1142,77
714,65	1187,82
714,83	1181,68
715,01	1200,11
715,19	1265,64
715,38	1171,44
715,56	1167,34
715,74	1208,30
715,92	1183,73
716,11	1196,01
716,29	1177,58
716,47	1216,49
716,65	1191,92
716,84	1222,64
717,02	1222,64
717,20	1150,96
717,38	1187,82
717,57	1191,92
717,75	1130,48
717,93	1148,91
718,11	1224,69
718,30	1171,44
718,48	1181,68
718,66	1200,11
718,84	1193,97
719,03	1220,59
719,21	1179,63
719,39	1208,30
719,57	1198,06
719,75	1165,29
719,94	1167,34
720,12	1144,81
720,30	1146,86
720,48	1218,54
720,67	1175,53
720,85	1142,77
721,03	1134,57
721,21	1241,07
721,39	1097,71
721,58	1204,21
721,76	1157,10
721,94	1148,91
722,12	1208,30
722,30	1148,91
722,49	1132,53
722,67	1193,97
722,85	1228,78
723,03	1140,72
723,21	1200,11
723,40	1179,63
723,58	1134,57
723,76	1167,34
723,94	1228,78
724,12	1157,10
724,30	1200,11
724,49	1159,15
724,67	1140,72
724,85	1189,87
725,03	1161,20
725,21	1216,49
725,40	1224,69
725,58	1193,97
725,76	1118,19
725,94	1224,69
726,12	1093,62
726,30	1175,53
726,49	1228,78
726,67	1099,76
726,85	1159,15
727,03	1200,11
727,21	1212,40
727,39	1167,34
727,57	1208,30
727,76	1204,21
727,94	1153,01
728,12	1163,25
728,30	1179,63
728,48	1224,69
728,66	1204,21
728,84	1239,02
729,03	1150,96
729,21	1204,21
729,39	1183,73
729,57	1155,05
729,75	1236,97
729,93	1179,63
730,11	1183,73
730,30	1167,34
730,48	1218,54
730,66	1171,44
730,84	1144,81
731,02	1181,68
731,20	1216,49
731,38	1159,15
731,56	1155,05
731,74	1163,25
731,93	1155,05
732,11	1081,33
732,29	1177,58
732,47	1171,44
732,65	1216,49
732,83	1202,16
733,01	1142,77
733,19	1177,58
733,37	1198,06
733,56	1101,81
733,74	1232,88
733,92	1193,97
734,10	1153,01
734,28	1150,96
734,46	1196,01
734,64	1173,49
734,82	1183,73
735,00	1134,57
735,18	1163,25
735,36	1218,54
735,54	1126,38
735,73	1167,34
735,91	1228,78
736,09	1114,10
736,27	1155,05
736,45	1232,88
736,63	1138,67
736,81	1163,25
736,99	1140,72
737,17	1183,73
737,35	1157,10
737,53	1177,58
737,71	1247,21
737,89	1214,45
738,07	1181,68
738,25	1175,53
738,43	1120,24
738,61	1103,86
738,80	1118,19
738,98	1112,05
739,16	1187,82
739,34	1167,34
739,52	1132,53
739,70	1198,06
739,88	1148,91
740,06	1173,49
740,24	1191,92
740,42	1202,16
740,60	1157,10
740,78	1181,68
740,96	1179,63
741,14	1155,05
741,32	1075,18
741,50	1224,69
741,68	1171,44
741,86	1134,57
742,04	1224,69
742,22	1157,10
742,40	1114,10
742,58	1110,00
742,76	1236,97
742,94	1130,48
743,12	1214,45
743,30	1171,44
743,48	1173,49
743,66	1144,81
743,84	1216,49
744,02	1130,48
744,20	1224,69
744,38	1204,21
744,56	1200,11
744,74	1118,19
744,92	1136,62
745,10	1222,64
745,28	1212,40
745,46	1148,91
745,64	1134,57
745,82	1220,59
746,00	1132,53
746,18	1103,86
746,36	1169,39
746,54	1148,91
746,72	1249,26
746,90	1175,53
747,08	1124,33
747,26	1181,68
747,44	1136,62
747,62	1157,10
747,80	1181,68
747,98	1202,16
748,15	1220,59
748,33	1214,45
748,51	1269,74
748,69	1214,45
748,87	1091,57
749,05	1116,14
749,23	1185,77
749,41	1183,73
749,59	1191,92
749,77	1187,82
749,95	1157,10
750,13	1064,94
750,31	1153,01
750,49	1261,55
750,67	1183,73
750,85	1155,05
751,03	1175,53
751,20	1226,73
751,38	1273,84
751,56	1142,77
751,74	1191,92
751,92	1167,34
752,10	1140,72
752,28	1142,77
752,46	1169,39
752,64	1277,93
752,82	1134,57
753,00	1118,19
753,18	1110,00
753,35	1241,07
753,53	1212,40
753,71	1181,68
753,89	1218,54
754,07	1159,15
754,25	1112,05
754,43	1136,62
754,61	1157,10
754,79	1155,05
754,97	1239,02
755,14	1144,81
755,32	1187,82
755,50	1251,31
755,68	1196,01
755,86	1165,29
756,04	1181,68
756,22	1140,72
756,40	1187,82
756,57	1206,25
756,75	1183,73
756,93	1228,78
757,11	1116,14
757,29	1134,57
757,47	1101,81
757,65	1148,91
757,82	1206,25
758,00	1144,81
758,18	1138,67
758,36	1198,06
758,54	1177,58
758,72	1175,53
758,90	1136,62
759,07	1169,39
759,25	1198,06
759,43	1208,30
759,61	1177,58
759,79	1159,15
759,97	1210,35
760,15	1114,10
760,32	1146,86
760,50	1150,96
760,68	1206,25
760,86	1079,28
761,04	1253,36
761,22	1157,10
761,39	1159,15
761,57	1167,34
761,75	1200,11
761,93	1179,63
762,11	1112,05
762,28	1155,05
762,46	1146,86
762,64	1228,78
762,82	1247,21
763,00	1181,68
763,18	1165,29
763,35	1148,91
763,53	1167,34
763,71	1173,49
763,89	1142,77
764,07	1234,93
764,24	1234,93
764,42	1196,01
764,60	1165,29
764,78	1214,45
764,96	1228,78
765,13	1161,20
765,31	1163,25
765,49	1193,97
765,67	1165,29
765,84	1171,44
766,02	1191,92
766,20	1173,49
766,38	1173,49
766,56	1153,01
766,73	1236,97
766,91	1142,77
767,09	1155,05
767,27	1193,97
767,44	1175,53
767,62	1245,16
767,80	1167,34
767,98	1153,01
768,15	1171,44
768,33	1144,81
768,51	1198,06
768,69	1208,30
768,87	1183,73
769,04	1187,82
769,22	1181,68
769,40	1114,10
769,58	1191,92
769,75	1200,11
769,93	1206,25
770,11	1224,69
770,28	1153,01
770,46	1138,67
770,64	1155,05
770,82	1175,53
770,99	1167,34
771,17	1118,19
771,35	1140,72
771,53	1230,83
771,70	1181,68
771,88	1187,82
772,06	1198,06
772,23	1218,54
772,41	1138,67
772,59	1173,49
772,77	1114,10
772,94	1159,15
773,12	1140,72
773,30	1236,97
773,47	1230,83
773,65	1093,62
773,83	1181,68
774,01	1218,54
774,18	1189,87
774,36	1175,53
774,54	1181,68
774,71	1253,36
774,89	1140,72
775,07	1163,25
775,24	1247,21
775,42	1132,53
775,60	1173,49
775,78	1148,91
775,95	1124,33
776,13	1189,87
776,31	1265,64
776,48	1165,29
776,66	1200,11
776,84	1155,05
777,01	1165,29
777,19	1099,76
777,37	1146,86
777,54	1187,82
777,72	1138,67
777,90	1161,20
778,07	1200,11
778,25	1183,73
778,43	1212,40
778,60	1175,53
778,78	1222,64
778,96	1171,44
779,13	1212,40
779,31	1128,43
779,49	1150,96
779,66	1230,83
779,84	1103,86
780,01	1243,12
780,19	1183,73
780,37	1216,49
780,54	1181,68
780,72	1234,93
780,90	1140,72
781,07	1245,16
781,25	1181,68
781,43	1173,49
781,60	1093,62
781,78	1224,69
781,95	1187,82
782,13	1163,25
782,31	1169,39
782,48	1212,40
782,66	1163,25
782,83	1085,42
783,01	1179,63
783,19	1193,97
783,36	1179,63
783,54	1165,29
783,72	1183,73
783,89	1161,20
784,07	1142,77
784,24	1185,77
784,42	1181,68
784,60	1155,05
784,77	1167,34
784,95	1239,02
785,12	1144,81
785,30	1155,05
785,47	1214,45
785,65	1153,01
785,83	1142,77
786,00	1200,11
786,18	1140,72
786,35	1191,92
786,53	1196,01
786,71	1155,05
786,88	1193,97
787,06	1206,25
787,23	1189,87
787,41	1142,77
787,58	1202,16
787,76	1157,10
787,94	1183,73
788,11	1120,24
788,29	1185,77
788,46	1099,76
788,64	1181,68
788,81	1118,19
788,99	1130,48
789,16	1282,03
789,34	1132,53
789,52	1216,49
789,69	1228,78
789,87	1165,29
790,04	1095,66
790,22	1128,43
790,39	1208,30
790,57	1202,16
790,74	1071,09
790,92	1200,11
791,09	1097,71
791,27	1146,86
791,44	1146,86
791,62	1177,58
791,79	1142,77
791,97	1116,14
792,15	1097,71
792,32	1171,44
792,50	1196,01
792,67	1103,86
792,85	1165,29
793,02	1187,82
793,20	1153,01
793,37	1155,05
793,55	1212,40
793,72	1173,49
793,90	1208,30
794,07	1239,02
794,25	1210,35
794,42	1150,96
794,60	1208,30
794,77	1173,49
794,95	1169,39
795,12	1179,63
795,30	1118,19
795,47	1196,01
795,65	1183,73
795,82	1126,38
796,00	1241,07
796,17	1150,96
796,34	1202,16
796,52	1175,53
796,69	1181,68
796,87	1159,15
797,04	1206,25
797,22	1144,81
797,39	1150,96
797,57	1200,11
797,74	1204,21
797,92	1189,87
798,09	1179,63
798,27	1126,38
798,44	1150,96
798,62	1253,36
798,79	1159,15
798,96	1189,87
799,14	1220,59
799,31	1173,49
799,49	1239,02
799,66	1187,82
799,84	1144,81
800,01	1165,29
800,19	1146,86
800,36	1153,01
800,53	1155,05
800,71	1196,01
800,88	1181,68
801,06	1163,25
801,23	1161,20
801,41	1191,92
801,58	1218,54
801,75	1191,92
801,93	1116,14
802,10	1148,91
802,28	1189,87
802,45	1181,68
802,63	1204,21
802,80	1193,97
802,97	1200,11
803,15	1185,77
803,32	1198,06
803,50	1204,21
803,67	1089,52
803,84	1159,15
804,02	1179,63
804,19	1214,45
804,37	1171,44
804,54	1171,44
804,71	1183,73
804,89	1105,90
805,06	1142,77
805,24	1189,87
805,41	1269,74
805,58	1114,10
805,76	1224,69
805,93	1132,53
806,10	1146,86
806,28	1155,05
806,45	1163,25
806,63	1171,44
806,80	1212,40
806,97	1146,86
807,15	1148,91
807,32	1124,33
807,49	1189,87
807,67	1183,73
807,84	1165,29
808,01	1210,35
808,19	1187,82
808,36	1181,68
808,54	1191,92
808,71	1177,58
808,88	1210,35
809,06	1189,87
809,23	1216,49
809,40	1142,77
809,58	1173,49
809,75	1146,86
809,92	1193,97
810,10	1175,53
810,27	1206,25
810,44	1110,00
810,62	1196,01
810,79	1144,81
810,96	1187,82
811,14	1187,82
811,31	1167,34
811,48	1208,30
811,66	1146,86
811,83	1212,40
812,00	1140,72
812,18	1140,72
812,35	1130,48
812,52	1179,63
812,69	1071,09
812,87	1161,20
813,04	1179,63
813,21	1220,59
813,39	1187,82
813,56	1126,38
813,73	1187,82
813,91	1234,93
814,08	1177,58
814,25	1169,39
814,42	1116,14
814,60	1128,43
814,77	1257,45
814,94	1189,87
815,12	1161,20
815,29	1134,57
815,46	1095,66
815,63	1110,00
815,81	1165,29
815,98	1263,60
816,15	1181,68
816,33	1161,20
816,50	1204,21
816,67	1126,38
816,84	1142,77
817,02	1153,01
817,19	1220,59
817,36	1150,96
817,53	1091,57
817,71	1122,29
817,88	1163,25
818,05	1167,34
818,22	1282,03
818,40	1169,39
818,57	1202,16
818,74	1165,29
818,91	1218,54
819,09	1214,45
819,26	1069,04
819,43	1142,77
819,60	1155,05
819,78	1128,43
819,95	1232,88
820,12	1204,21
820,29	1148,91
820,47	1175,53
820,64	1126,38
820,81	1157,10
820,98	1179,63
821,15	1185,77
821,33	1271,79
821,50	1161,20
821,67	1159,15
821,84	1130,48
822,02	1245,16
822,19	1132,53
822,36	1167,34
822,53	1140,72
822,70	1218,54
822,88	1208,30
823,05	1206,25
823,22	1163,25
823,39	1198,06
823,56	1187,82
823,74	1085,42
823,91	1191,92
824,08	1134,57
824,25	1165,29
824,42	1134,57
824,60	1198,06
824,77	1191,92
824,94	1189,87
825,11	1177,58
825,28	1220,59
825,45	1157,10
825,63	1220,59
825,80	1140,72
825,97	1198,06
826,14	1155,05
826,31	1134,57
826,48	1189,87
826,66	1144,81
826,83	1159,15
827,00	1132,53
827,17	1200,11
827,34	1124,33
827,51	1163,25
827,69	1136,62
827,86	1212,40
828,03	1202,16
828,20	1177,58
828,37	1212,40
828,54	1185,77
828,71	1179,63
828,89	1185,77
829,06	1150,96
829,23	1191,92
829,40	1271,79
829,57	1267,69
829,74	1249,26
829,91	1200,11
830,09	1179,63
830,26	1265,64
830,43	1142,77
830,60	1118,19
830,77	1204,21
830,94	1148,91
831,11	1097,71
831,28	1126,38
831,46	1142,77
831,63	1181,68
831,80	1155,05
831,97	1187,82
832,14	1091,57
832,31	1153,01
832,48	1163,25
832,65	1206,25
832,82	1196,01
832,99	1134,57
833,17	1169,39
833,34	1165,29
833,51	1187,82
833,68	1153,01
833,85	1177,58
834,02	1191,92
834,19	1169,39
834,36	1216,49
834,53	1183,73
834,70	1124,33
834,87	1169,39
835,04	1128,43
835,22	1171,44
835,39	1177,58
835,56	1202,16
835,73	1155,05
835,90	1083,38
836,07	1179,63
836,24	1181,68
836,41	1198,06
836,58	1159,15
836,75	1173,49
836,92	1234,93
837,09	1136,62
837,26	1110,00
837,43	1148,91
837,60	1163,25
837,77	1171,44
837,94	1208,30
838,12	1165,29
838,29	1196,01
838,46	1169,39
838,63	1183,73
838,80	1171,44
838,97	1130,48
839,14	1200,11
839,31	1185,77
839,48	1202,16
839,65	1179,63
839,82	1175,53
839,99	1110,00
840,16	1134,57
840,33	1101,81
840,50	1165,29
840,67	1185,77
840,84	1140,72
841,01	1202,16
841,18	1132,53
841,35	1124,33
841,52	1081,33
841,69	1167,34
841,86	1173,49
842,03	1177,58
842,20	1218,54
842,37	1167,34
842,54	1138,67
842,71	1183,73
842,88	1183,73
843,05	1175,53
843,22	1171,44
843,39	1185,77
843,56	1161,20
843,73	1138,67
843,90	1230,83
844,07	1191,92
844,24	1122,29
844,41	1153,01
844,58	1128,43
844,75	1153,01
844,92	1232,88
845,09	1177,58
845,26	1193,97
845,43	1175,53
845,60	1140,72
845,77	1200,11
845,94	1187,82
846,10	1155,05
846,27	1185,77
846,44	1175,53
846,61	1138,67
846,78	1173,49
846,95	1091,57
847,12	1222,64
847,29	1204,21
847,46	1253,36
847,63	1210,35
847,80	1146,86
847,97	1196,01
848,14	1075,18
848,31	1265,64
848,48	1130,48
848,65	1200,11
848,82	1183,73
848,98	1210,35
849,15	1118,19
849,32	1212,40
849,49	1234,93
849,66	1124,33
849,83	1222,64
850,00	1232,88
850,17	1167,34
850,34	1165,29
850,51	1157,10
850,68	1187,82
850,85	1206,25
851,01	1208,30
851,18	1187,82
851,35	1128,43
851,52	1179,63
851,69	1179,63
851,86	1175,53
852,03	1200,11
852,20	1110,00
852,37	1187,82
852,53	1157,10
852,70	1206,25
852,87	1204,21
853,04	1193,97
853,21	1124,33
853,38	1146,86
853,55	1140,72
853,72	1218,54
853,89	1179,63
854,05	1142,77
854,22	1134,57
854,39	1200,11
854,56	1144,81
854,73	1224,69
854,90	1187,82
855,07	1132,53
855,23	1118,19
855,40	1191,92
855,57	1216,49
855,74	1175,53
855,91	1181,68
856,08	1185,77
856,25	1140,72
856,41	1171,44
856,58	1198,06
856,75	1146,86
856,92	1157,10
857,09	1239,02
857,26	1116,14
857,42	1216,49
857,59	1204,21
857,76	1157,10
857,93	1130,48
858,10	1150,96
858,27	1236,97
858,43	1196,01
858,60	1146,86
858,77	1097,71
858,94	1138,67
859,11	1189,87
859,27	1161,20
859,44	1204,21
859,61	1146,86
859,78	1140,72
859,95	1101,81
860,12	1159,15
860,28	1230,83
860,45	1163,25
860,62	1165,29
860,79	1157,10
860,95	1114,10
861,12	1091,57
861,29	1214,45
861,46	1214,45
861,63	1165,29
861,79	1150,96
861,96	1148,91
862,13	1169,39
862,30	1175,53
862,47	1196,01
862,63	1198,06
862,80	1228,78
862,97	1173,49
863,14	1193,97
863,30	1144,81
863,47	1220,59
863,64	1118,19
863,81	1128,43
863,97	1155,05
864,14	1193,97
864,31	1165,29
864,48	1230,83
864,65	1130,48
864,81	1142,77
864,98	1169,39
865,15	1198,06
865,32	1196,01
865,48	1228,78
865,65	1134,57
865,82	1206,25
865,98	1107,95
866,15	1181,68
866,32	1134,57
866,49	1189,87
866,65	1204,21
866,82	1206,25
866,99	1169,39
867,16	1181,68
867,32	1163,25
867,49	1159,15
867,66	1185,77
867,83	1165,29
867,99	1175,53
868,16	1200,11
868,33	1204,21
868,49	1249,26
868,66	1173,49
868,83	1134,57
868,99	1206,25
869,16	1122,29
869,33	1214,45
869,50	1226,73
869,66	1130,48
869,83	1212,40
870,00	1228,78
870,16	1179,63
870,33	1124,33
870,50	1167,34
870,66	1161,20
870,83	1179,63
871,00	1234,93
871,17	1161,20
871,33	1175,53
871,50	1118,19
871,67	1241,07
871,83	1159,15
872,00	1204,21
872,17	1230,83
872,33	1167,34
872,50	1161,20
872,67	1163,25
872,83	1171,44
873,00	1173,49
873,17	1130,48
873,33	1146,86
873,50	1153,01
873,67	1245,16
873,83	1198,06
874,00	1198,06
874,16	1136,62
874,33	1220,59
874,50	1150,96
874,66	1155,05
874,83	1126,38
875,00	1187,82
875,16	1191,92
875,33	1226,73
875,50	1173,49
875,66	1179,63
875,83	1230,83
875,99	1206,25
876,16	1157,10
876,33	1210,35
876,49	1224,69
876,66	1230,83
876,83	1167,34
876,99	1181,68
877,16	1196,01
877,32	1210,35
877,49	1212,40
877,66	1200,11
877,82	1198,06
877,99	1142,77
878,15	1239,02
878,32	1239,02
878,49	1155,05
878,65	1181,68
878,82	1181,68
878,98	1175,53
879,15	1236,97
879,32	1189,87
879,48	1144,81
879,65	1208,30
879,81	1198,06
879,98	1112,05
880,15	1216,49
880,31	1245,16
880,48	1148,91
880,64	1224,69
880,81	1085,42
880,97	1173,49
881,14	1204,21
881,31	1161,20
881,47	1232,88
881,64	1243,12
881,80	1142,77
881,97	1114,10
882,13	1191,92
882,30	1208,30
882,47	1218,54
882,63	1171,44
882,80	1124,33
882,96	1103,86
883,13	1206,25
883,29	1165,29
883,46	1157,10
883,62	1163,25
883,79	1214,45
883,95	1230,83
884,12	1185,77
884,29	1230,83
884,45	1185,77
884,62	1144,81
884,78	1204,21
884,95	1124,33
885,11	1198,06
885,28	1230,83
885,44	1116,14
885,61	1247,21
885,77	1216,49
885,94	1239,02
886,10	1146,86
886,27	1150,96
886,43	1206,25
886,60	1175,53
886,76	1196,01
886,93	1124,33
887,09	1150,96
887,26	1153,01
887,42	1132,53
887,59	1155,05
887,75	1193,97
887,92	1218,54
888,08	1157,10
888,25	1253,36
888,41	1110,00
888,58	1069,04
888,74	1191,92
888,91	1208,30
