177,47	1153,01
177,69	1153,01
177,91	1153,01
178,13	1167,34
178,36	1163,25
178,58	1112,05
178,80	1243,12
179,02	1124,33
179,24	1159,15
179,46	1181,68
179,68	1208,30
179,90	1142,77
180,13	1167,34
180,35	1200,11
180,57	1148,91
180,79	1140,72
181,01	1220,59
181,23	1193,97
181,45	1241,07
181,67	1146,86
181,90	1191,92
182,12	1150,96
182,34	1206,25
182,56	1134,57
182,78	1183,73
183,00	1204,21
183,22	1148,91
183,44	1224,69
183,66	1101,81
183,89	1130,48
184,11	1132,53
184,33	1161,20
184,55	1257,45
184,77	1200,11
184,99	1202,16
185,21	1198,06
185,43	1183,73
185,65	1142,77
185,87	1159,15
186,10	1208,30
186,32	1226,73
186,54	1165,29
186,76	1210,35
186,98	1155,05
187,20	1136,62
187,42	1136,62
187,64	1144,81
187,86	1193,97
188,08	1181,68
188,30	1169,39
188,52	1159,15
188,75	1153,01
188,97	1153,01
189,19	1200,11
189,41	1163,25
189,63	1220,59
189,85	1171,44
190,07	1208,30
190,29	1081,33
190,51	1187,82
190,73	1126,38
190,95	1189,87
191,17	1155,05
191,39	1234,93
191,61	1183,73
191,84	1167,34
192,06	1216,49
192,28	1161,20
192,50	1193,97
192,72	1222,64
192,94	1247,21
193,16	1171,44
193,38	1150,96
193,60	1206,25
193,82	1153,01
194,04	1150,96
194,26	1232,88
194,48	1200,11
194,70	1196,01
194,92	1169,39
195,14	1243,12
195,36	1169,39
195,58	1173,49
195,80	1132,53
196,02	1128,43
196,24	1146,86
196,46	1255,40
196,69	1183,73
196,91	1163,25
197,13	1081,33
197,35	1175,53
197,57	1169,39
197,79	1232,88
198,01	1210,35
198,23	1157,10
198,45	1159,15
198,67	1191,92
198,89	1155,05
199,11	1212,40
199,33	1118,19
199,55	1153,01
199,77	1212,40
199,99	1159,15
200,21	1144,81
200,43	1155,05
200,65	1175,53
200,87	1198,06
201,09	1234,93
201,31	1175,53
201,53	1222,64
201,75	1212,40
201,97	1150,96
202,19	1243,12
202,41	1175,53
202,63	1173,49
202,85	1177,58
203,07	1179,63
203,29	1191,92
203,51	1134,57
203,73	1212,40
203,95	1130,48
204,17	1130,48
204,39	1187,82
204,61	1193,97
204,83	1118,19
205,05	1171,44
205,27	1171,44
205,49	1181,68
205,71	1132,53
205,93	1165,29
206,15	1136,62
206,37	1241,07
206,59	1179,63
206,81	1159,15
207,03	1212,40
207,25	1220,59
207,47	1269,74
207,69	1198,06
207,91	1193,97
208,13	1210,35
208,34	1130,48
208,56	1173,49
208,78	1142,77
209,00	1218,54
209,22	1101,81
209,44	1163,25
209,66	1118,19
209,88	1173,49
210,10	1122,29
210,32	1148,91
210,54	1122,29
210,76	1228,78
210,98	1255,40
211,20	1191,92
211,42	1089,52
211,64	1126,38
211,86	1085,42
212,08	1239,02
212,30	1193,97
212,52	1222,64
212,74	1175,53
212,96	1130,48
213,17	1140,72
213,39	1185,77
213,61	1202,16
213,83	1171,44
214,05	1181,68
214,27	1126,38
214,49	1130,48
214,71	1189,87
214,93	1169,39
215,15	1222,64
215,37	1175,53
215,59	1163,25
215,81	1202,16
216,03	1114,10
216,24	1198,06
216,46	1187,82
216,68	1153,01
216,90	1224,69
217,12	1191,92
217,34	1245,16
217,56	1148,91
217,78	1204,21
218,00	1120,24
218,22	1183,73
218,44	1128,43
218,66	1200,11
218,87	1243,12
219,09	1142,77
219,31	1220,59
219,53	1144,81
219,75	1142,77
219,97	1183,73
220,19	1157,10
220,41	1120,24
220,63	1222,64
220,85	1228,78
221,06	1134,57
221,28	1177,58
221,50	1146,86
221,72	1134,57
221,94	1224,69
222,16	1159,15
222,38	1177,58
222,60	1228,78
222,82	1171,44
223,03	1114,10
223,25	1202,16
223,47	1171,44
223,69	1255,40
223,91	1210,35
224,13	1179,63
224,35	1159,15
224,57	1247,21
224,78	1200,11
225,00	1159,15
225,22	1202,16
225,44	1161,20
225,66	1148,91
225,88	1196,01
226,10	1214,45
226,32	1206,25
226,53	1204,21
226,75	1216,49
226,97	1212,40
227,19	1159,15
227,41	1159,15
227,63	1153,01
227,85	1232,88
228,06	1226,73
228,28	1165,29
228,50	1191,92
228,72	1134,57
228,94	1193,97
229,16	1124,33
229,37	1208,30
229,59	1099,76
229,81	1175,53
230,03	1144,81
230,25	1130,48
230,47	1167,34
230,69	1216,49
230,90	1187,82
231,12	1134,57
231,34	1107,95
231,56	1159,15
231,78	1169,39
232,00	1142,77
232,21	1212,40
232,43	1216,49
232,65	1169,39
232,87	1249,26
233,09	1236,97
233,30	1142,77
233,52	1122,29
233,74	1224,69
233,96	1228,78
234,18	1148,91
234,40	1155,05
234,61	1236,97
234,83	1097,71
235,05	1128,43
235,27	1193,97
235,49	1204,21
235,70	1261,55
235,92	1116,14
236,14	1189,87
236,36	1150,96
236,58	1271,79
236,79	1212,40
237,01	1140,72
237,23	1159,15
237,45	1179,63
237,67	1165,29
237,88	1208,30
238,10	1130,48
238,32	1130,48
238,54	1171,44
238,76	1210,35
238,97	1224,69
239,19	1142,77
239,41	1224,69
239,63	1183,73
239,85	1183,73
240,06	1220,59
240,28	1157,10
240,50	1134,57
240,72	1183,73
240,93	1163,25
241,15	1179,63
241,37	1163,25
241,59	1232,88
241,81	1181,68
242,02	1204,21
242,24	1210,35
242,46	1157,10
242,68	1116,14
242,89	1193,97
243,11	1228,78
243,33	1196,01
243,55	1140,72
243,76	1157,10
243,98	1183,73
244,20	1146,86
244,42	1171,44
244,64	1230,83
244,85	1212,40
245,07	1218,54
245,29	1187,82
245,51	1187,82
245,72	1216,49
245,94	1165,29
246,16	1140,72
246,38	1189,87
246,59	1200,11
246,81	1126,38
247,03	1236,97
247,24	1241,07
247,46	1200,11
247,68	1171,44
247,90	1193,97
248,11	1112,05
248,33	1099,76
248,55	1198,06
248,77	1138,67
248,98	1138,67
249,20	1204,21
249,42	1189,87
249,64	1122,29
249,85	1163,25
250,07	1204,21
250,29	1171,44
250,50	1204,21
250,72	1171,44
250,94	1159,15
251,16	1142,77
251,37	1157,10
251,59	1161,20
251,81	1179,63
252,02	1208,30
252,24	1148,91
252,46	1167,34
252,68	1196,01
252,89	1191,92
253,11	1202,16
253,33	1142,77
253,54	1122,29
253,76	1173,49
253,98	1146,86
254,20	1128,43
254,41	1191,92
254,63	1193,97
254,85	1161,20
255,06	1148,91
255,28	1144,81
255,50	1150,96
255,71	1198,06
255,93	1157,10
256,15	1175,53
256,36	1130,48
256,58	1124,33
256,80	1183,73
257,02	1183,73
257,23	1163,25
257,45	1171,44
257,67	1136,62
257,88	1196,01
258,10	1171,44
258,32	1132,53
258,53	1189,87
258,75	1169,39
258,97	1275,88
259,18	1189,87
259,40	1134,57
259,62	1187,82
259,83	1208,30
260,05	1191,92
260,27	1187,82
260,48	1169,39
260,70	1200,11
260,92	1251,31
261,13	1216,49
261,35	1144,81
261,57	1175,53
261,78	1191,92
262,00	1196,01
262,22	1112,05
262,43	1112,05
262,65	1126,38
262,86	1187,82
263,08	1212,40
263,30	1138,67
263,51	1132,53
263,73	1159,15
263,95	1216,49
264,16	1181,68
264,38	1191,92
264,60	1150,96
264,81	1112,05
265,03	1191,92
265,25	1148,91
265,46	1179,63
265,68	1159,15
265,89	1232,88
266,11	1146,86
266,33	1208,30
266,54	1167,34
266,76	1153,01
266,98	1134,57
267,19	1169,39
267,41	1208,30
267,62	1138,67
267,84	1253,36
268,06	1228,78
268,27	1187,82
268,49	1189,87
268,70	1144,81
268,92	1175,53
269,14	1189,87
269,35	1173,49
269,57	1208,30
269,79	1216,49
270,00	1171,44
270,22	1157,10
270,43	1148,91
270,65	1187,82
270,87	1220,59
271,08	1200,11
271,30	1181,68
271,51	1134,57
271,73	1126,38
271,95	1189,87
272,16	1153,01
272,38	1286,12
272,59	1210,35
272,81	1146,86
273,02	1208,30
273,24	1157,10
273,46	1198,06
273,67	1196,01
273,89	1153,01
274,10	1157,10
274,32	1175,53
274,54	1101,81
274,75	1128,43
274,97	1110,00
275,18	1200,11
275,40	1220,59
275,61	1191,92
275,83	1144,81
276,05	1234,93
276,26	1124,33
276,48	1179,63
276,69	1179,63
276,91	1116,14
277,12	1128,43
277,34	1183,73
277,55	1148,91
277,77	1159,15
277,99	1134,57
278,20	1175,53
278,42	1126,38
278,63	1167,34
278,85	1171,44
279,06	1091,57
279,28	1091,57
279,49	1228,78
279,71	1167,34
279,93	1193,97
280,14	1241,07
280,36	1163,25
280,57	1171,44
280,79	1146,86
281,00	1177,58
281,22	1163,25
281,43	1130,48
281,65	1161,20
281,86	1179,63
282,08	1077,23
282,29	1163,25
282,51	1216,49
282,73	1185,77
282,94	1155,05
283,16	1167,34
283,37	1191,92
283,59	1222,64
283,80	1226,73
284,02	1200,11
284,23	1216,49
284,45	1202,16
284,66	1234,93
284,88	1245,16
285,09	1138,67
285,31	1183,73
285,52	1136,62
285,74	1138,67
285,95	1148,91
286,17	1198,06
286,38	1257,45
286,60	1138,67
286,81	1200,11
287,03	1159,15
287,24	1185,77
287,46	1214,45
287,67	1181,68
287,89	1196,01
288,10	1167,34
288,32	1183,73
288,53	1185,77
288,75	1165,29
288,96	1181,68
289,18	1148,91
289,39	1198,06
289,61	1161,20
289,82	1173,49
290,04	1183,73
290,25	1165,29
290,47	1208,30
290,68	1144,81
290,90	1234,93
291,11	1198,06
291,33	1187,82
291,54	1187,82
291,76	1130,48
291,97	1196,01
292,18	1263,60
292,40	1241,07
292,61	1177,58
292,83	1181,68
293,04	1261,55
293,26	1210,35
293,47	1159,15
293,69	1122,29
293,90	1134,57
294,12	1153,01
294,33	1191,92
294,55	1191,92
294,76	1134,57
294,97	1206,25
295,19	1136,62
295,40	1157,10
295,62	1169,39
295,83	1191,92
296,05	1173,49
296,26	1261,55
296,48	1165,29
296,69	1120,24
296,90	1159,15
297,12	1212,40
297,33	1198,06
297,55	1177,58
297,76	1189,87
297,98	1177,58
298,19	1193,97
298,41	1214,45
298,62	1179,63
298,83	1191,92
299,05	1306,60
299,26	1204,21
299,48	1161,20
299,69	1210,35
299,90	1204,21
300,12	1052,66
300,33	1169,39
300,55	1220,59
300,76	1167,34
300,98	1169,39
301,19	1136,62
301,40	1179,63
301,62	1150,96
301,83	1208,30
302,05	1150,96
302,26	1150,96
302,47	1234,93
302,69	1216,49
302,90	1148,91
303,12	1142,77
303,33	1173,49
303,54	1144,81
303,76	1171,44
303,97	1200,11
304,19	1224,69
304,40	1140,72
304,61	1241,07
304,83	1134,57
305,04	1161,20
305,26	1200,11
305,47	1159,15
305,68	1177,58
305,90	1142,77
306,11	1167,34
306,33	1187,82
306,54	1189,87
306,75	1159,15
306,97	1200,11
307,18	1228,78
307,39	1187,82
307,61	1116,14
307,82	1234,93
308,04	1179,63
308,25	1224,69
308,46	1116,14
308,68	1232,88
308,89	1159,15
309,10	1148,91
309,32	1181,68
309,53	1175,53
309,74	1130,48
309,96	1263,60
310,17	1226,73
310,39	1140,72
310,60	1169,39
310,81	1157,10
311,03	1175,53
311,24	1183,73
311,45	1148,91
311,67	1253,36
311,88	1128,43
312,09	1181,68
312,31	1146,86
312,52	1236,97
312,73	1134,57
312,95	1214,45
313,16	1175,53
313,37	1101,81
313,59	1220,59
313,80	1214,45
314,01	1161,20
314,23	1124,33
314,44	1175,53
314,65	1089,52
314,87	1193,97
315,08	1165,29
315,29	1138,67
315,51	1118,19
315,72	1089,52
315,93	1161,20
316,15	1128,43
316,36	1146,86
316,57	1198,06
316,79	1155,05
317,00	1206,25
317,21	1171,44
317,43	1196,01
317,64	1142,77
317,85	1159,15
318,07	1130,48
318,28	1167,34
318,49	1175,53
318,70	1132,53
318,92	1165,29
319,13	1189,87
319,34	1171,44
319,56	1210,35
319,77	1144,81
319,98	1191,92
320,20	1177,58
320,41	1146,86
320,62	1251,31
320,83	1214,45
321,05	1226,73
321,26	1175,53
321,47	1138,67
321,69	1210,35
321,90	1165,29
322,11	1204,21
322,32	1136,62
322,54	1114,10
322,75	1249,26
322,96	1157,10
323,18	1155,05
323,39	1165,29
323,60	1261,55
323,81	1187,82
324,03	1189,87
324,24	1218,54
324,45	1230,83
324,66	1185,77
324,88	1185,77
325,09	1202,16
325,30	1218,54
325,52	1146,86
325,73	1165,29
325,94	1191,92
326,15	1132,53
326,37	1183,73
326,58	1138,67
326,79	1214,45
327,00	1216,49
327,22	1179,63
327,43	1181,68
327,64	1136,62
327,85	1138,67
328,07	1179,63
328,28	1179,63
328,49	1142,77
328,70	1173,49
328,92	1159,15
329,13	1128,43
329,34	1148,91
329,55	1239,02
329,76	1185,77
329,98	1171,44
330,19	1247,21
330,40	1120,24
330,61	1167,34
330,83	1099,76
331,04	1167,34
331,25	1134,57
331,46	1150,96
331,68	1212,40
331,89	1230,83
332,10	1159,15
332,31	1226,73
332,52	1066,99
332,74	1216,49
332,95	1134,57
333,16	1128,43
333,37	1114,10
333,58	1191,92
333,80	1181,68
334,01	1241,07
334,22	1230,83
334,43	1175,53
334,64	1173,49
334,86	1146,86
335,07	1212,40
335,28	1226,73
335,49	1144,81
335,70	1177,58
335,92	1196,01
336,13	1173,49
336,34	1058,80
336,55	1232,88
336,76	1159,15
336,98	1163,25
337,19	1159,15
337,40	1155,05
337,61	1155,05
337,82	1185,77
338,04	1185,77
338,25	1222,64
338,46	1132,53
338,67	1226,73
338,88	1116,14
339,09	1249,26
339,31	1163,25
339,52	1142,77
339,73	1118,19
339,94	1165,29
340,15	1257,45
340,36	1208,30
340,58	1118,19
340,79	1167,34
341,00	1155,05
341,21	1171,44
341,42	1146,86
341,63	1134,57
341,85	1179,63
342,06	1198,06
342,27	1146,86
342,48	1161,20
342,69	1196,01
342,90	1142,77
343,12	1226,73
343,33	1175,53
343,54	1124,33
343,75	1191,92
343,96	1155,05
344,17	1169,39
344,38	1159,15
344,60	1236,97
344,81	1163,25
345,02	1181,68
345,23	1191,92
345,44	1116,14
345,65	1179,63
345,86	1114,10
346,07	1183,73
346,29	1196,01
346,50	1226,73
346,71	1150,96
346,92	1171,44
347,13	1163,25
347,34	1130,48
347,55	1189,87
347,76	1126,38
347,98	1245,16
348,19	1198,06
348,40	1126,38
348,61	1210,35
348,82	1208,30
349,03	1132,53
349,24	1177,58
349,45	1136,62
349,66	1228,78
349,88	1167,34
350,09	1163,25
350,30	1169,39
350,51	1167,34
350,72	1214,45
350,93	1177,58
351,14	1210,35
351,35	1159,15
351,56	1122,29
351,77	1206,25
351,99	1146,86
352,20	1148,91
352,41	1118,19
352,62	1161,20
352,83	1134,57
353,04	1175,53
353,25	1134,57
353,46	1191,92
353,67	1210,35
353,88	1206,25
354,09	1144,81
354,30	1130,48
354,52	1157,10
354,73	1177,58
354,94	1183,73
355,15	1214,45
355,36	1148,91
355,57	1198,06
355,78	1232,88
355,99	1261,55
356,20	1181,68
356,41	1198,06
356,62	1165,29
356,83	1198,06
357,04	1128,43
357,25	1171,44
357,46	1144,81
357,68	1142,77
357,89	1077,23
358,10	1228,78
358,31	1171,44
358,52	1163,25
358,73	1181,68
358,94	1200,11
359,15	1118,19
359,36	1159,15
359,57	1134,57
359,78	1226,73
359,99	1177,58
360,20	1112,05
360,41	1153,01
360,62	1130,48
360,83	1208,30
361,04	1208,30
361,25	1167,34
361,46	1150,96
361,67	1128,43
361,88	1183,73
362,09	1132,53
362,30	1155,05
362,51	1187,82
362,72	1183,73
362,93	1140,72
363,14	1191,92
363,35	1144,81
363,56	1204,21
363,78	1189,87
363,99	1228,78
364,20	1202,16
364,41	1200,11
364,62	1150,96
364,83	1198,06
365,04	1187,82
365,25	1193,97
365,46	1257,45
365,67	1105,90
365,88	1222,64
366,09	1130,48
366,30	1202,16
366,51	1189,87
366,72	1204,21
366,93	1187,82
367,14	1130,48
367,35	1142,77
367,56	1171,44
367,77	1146,86
367,98	1179,63
368,18	1161,20
368,39	1101,81
368,60	1157,10
368,81	1134,57
369,02	1159,15
369,23	1153,01
369,44	1216,49
369,65	1165,29
369,86	1228,78
370,07	1204,21
370,28	1181,68
370,49	1136,62
370,70	1171,44
370,91	1171,44
371,12	1171,44
371,33	1187,82
371,54	1198,06
371,75	1193,97
371,96	1189,87
372,17	1146,86
372,38	1212,40
372,59	1157,10
372,80	1216,49
373,01	1200,11
373,22	1153,01
373,43	1216,49
373,64	1191,92
373,85	1171,44
374,06	1101,81
374,26	1163,25
374,47	1193,97
374,68	1183,73
374,89	1163,25
375,10	1210,35
375,31	1091,57
375,52	1126,38
375,73	1161,20
375,94	1212,40
376,15	1187,82
376,36	1132,53
376,57	1161,20
376,78	1189,87
376,99	1220,59
377,20	1200,11
377,40	1181,68
377,61	1126,38
377,82	1230,83
378,03	1083,38
378,24	1220,59
378,45	1224,69
378,66	1189,87
378,87	1183,73
379,08	1191,92
379,29	1091,57
379,50	1138,67
379,71	1146,86
379,91	1177,58
380,12	1196,01
380,33	1157,10
380,54	1193,97
380,75	1187,82
380,96	1181,68
381,17	1236,97
381,38	1249,26
381,59	1249,26
381,80	1126,38
382,00	1198,06
382,21	1212,40
382,42	1232,88
382,63	1122,29
382,84	1208,30
383,05	1206,25
383,26	1187,82
383,47	1193,97
383,68	1183,73
383,88	1110,00
384,09	1181,68
384,30	1206,25
384,51	1200,11
384,72	1185,77
384,93	1271,79
385,14	1155,05
385,35	1122,29
385,55	1169,39
385,76	1200,11
385,97	1101,81
386,18	1085,42
386,39	1132,53
386,60	1200,11
386,81	1167,34
387,02	1161,20
387,22	1167,34
387,43	1179,63
387,64	1181,68
387,85	1193,97
388,06	1191,92
388,27	1218,54
388,48	1187,82
388,68	1239,02
388,89	1210,35
389,10	1200,11
389,31	1175,53
389,52	1255,40
389,73	1220,59
389,93	1245,16
390,14	1144,81
390,35	1163,25
390,56	1245,16
390,77	1181,68
390,98	1167,34
391,18	1169,39
391,39	1134,57
391,60	1130,48
391,81	1165,29
392,02	1126,38
392,23	1253,36
392,43	1216,49
392,64	1210,35
392,85	1202,16
393,06	1171,44
393,27	1140,72
393,47	1224,69
393,68	1181,68
393,89	1171,44
394,10	1204,21
394,31	1210,35
394,52	1230,83
394,72	1116,14
394,93	1249,26
395,14	1124,33
395,35	1183,73
395,56	1198,06
395,76	1189,87
395,97	1167,34
396,18	1142,77
396,39	1118,19
396,60	1140,72
396,80	1132,53
397,01	1165,29
397,22	1200,11
397,43	1136,62
397,64	1107,95
397,84	1198,06
398,05	1120,24
398,26	1196,01
398,47	1130,48
398,67	1167,34
398,88	1155,05
399,09	1120,24
399,30	1224,69
399,51	1234,93
399,71	1159,15
399,92	1169,39
400,13	1228,78
400,34	1128,43
400,54	1144,81
400,75	1181,68
400,96	1157,10
401,17	1148,91
401,37	1112,05
401,58	1146,86
401,79	1208,30
402,00	1132,53
402,21	1210,35
402,41	1183,73
402,62	1142,77
402,83	1140,72
403,04	1183,73
403,24	1128,43
403,45	1134,57
403,66	1187,82
403,87	1177,58
404,07	1101,81
404,28	1210,35
404,49	1110,00
404,70	1150,96
404,90	1191,92
405,11	1224,69
405,32	1171,44
405,52	1150,96
405,73	1153,01
405,94	1155,05
406,15	1216,49
406,35	1132,53
406,56	1226,73
406,77	1179,63
406,98	1279,98
407,18	1118,19
407,39	1212,40
407,60	1181,68
407,80	1161,20
408,01	1165,29
408,22	1169,39
408,43	1228,78
408,63	1187,82
408,84	1196,01
409,05	1171,44
409,25	1243,12
409,46	1198,06
409,67	1138,67
409,88	1144,81
410,08	1110,00
410,29	1183,73
410,50	1177,58
410,70	1175,53
410,91	1243,12
411,12	1142,77
411,32	1157,10
411,53	1159,15
411,74	1177,58
411,95	1185,77
412,15	1177,58
412,36	1208,30
412,57	1200,11
412,77	1091,57
412,98	1175,53
413,19	1138,67
413,39	1136,62
413,60	1146,86
413,81	1179,63
414,01	1167,34
414,22	1148,91
414,43	1167,34
414,63	1208,30
414,84	1179,63
415,05	1187,82
415,25	1130,48
415,46	1169,39
415,67	1214,45
415,87	1093,62
416,08	1228,78
416,29	1142,77
416,49	1187,82
416,70	1206,25
416,91	1107,95
417,11	1181,68
417,32	1134,57
417,53	1191,92
417,73	1208,30
417,94	1153,01
418,15	1183,73
418,35	1206,25
418,56	1198,06
418,77	1155,05
418,97	1161,20
419,18	1148,91
419,38	1204,21
419,59	1273,84
419,80	1122,29
420,00	1142,77
420,21	1120,24
420,42	1230,83
420,62	1200,11
420,83	1167,34
421,04	1153,01
421,24	1128,43
421,45	1132,53
421,65	1169,39
421,86	1239,02
422,07	1253,36
422,27	1085,42
422,48	1181,68
422,69	1185,77
422,89	1161,20
423,10	1224,69
423,30	1073,14
423,51	1126,38
423,72	1177,58
423,92	1189,87
424,13	1218,54
424,33	1161,20
424,54	1136,62
424,75	1226,73
424,95	1204,21
425,16	1167,34
425,36	1171,44
425,57	1163,25
425,78	1146,86
425,98	1241,07
426,19	1175,53
426,39	1216,49
426,60	1185,77
426,81	1204,21
427,01	1175,53
427,22	1155,05
427,42	1179,63
427,63	1189,87
427,83	1124,33
428,04	1189,87
428,25	1212,40
428,45	1251,31
428,66	1159,15
428,86	1118,19
429,07	1157,10
429,28	1181,68
429,48	1226,73
429,69	1232,88
429,89	1216,49
430,10	1114,10
430,30	1185,77
430,51	1177,58
430,71	1210,35
430,92	1200,11
431,13	1150,96
431,33	1189,87
431,54	1224,69
431,74	1222,64
431,95	1148,91
432,15	1208,30
432,36	1122,29
432,56	1218,54
432,77	1157,10
432,98	1173,49
433,18	1187,82
433,39	1204,21
433,59	1130,48
433,80	1157,10
434,00	1142,77
434,21	1267,69
434,41	1187,82
434,62	1148,91
434,82	1230,83
435,03	1187,82
435,23	1157,10
435,44	1198,06
435,64	1171,44
435,85	1110,00
436,06	1200,11
436,26	1157,10
436,47	1163,25
436,67	1118,19
436,88	1234,93
437,08	1157,10
437,29	1136,62
437,49	1161,20
437,70	1165,29
437,90	1187,82
438,11	1155,05
438,31	1142,77
438,52	1267,69
438,72	1134,57
438,93	1193,97
439,13	1282,03
439,34	1138,67
439,54	1107,95
439,75	1224,69
439,95	1206,25
440,16	1173,49
440,36	1210,35
440,57	1224,69
440,77	1099,76
440,98	1095,66
441,18	1146,86
441,39	1177,58
441,59	1216,49
441,80	1220,59
442,00	1220,59
442,21	1155,05
442,41	1187,82
442,62	1159,15
442,82	1167,34
443,02	1234,93
443,23	1183,73
443,43	1212,40
443,64	1185,77
443,84	1175,53
444,05	1101,81
444,25	1130,48
444,46	1179,63
444,66	1220,59
444,87	1200,11
445,07	1204,21
445,28	1249,26
445,48	1200,11
445,69	1222,64
445,89	1228,78
446,09	1169,39
446,30	1224,69
446,50	1261,55
446,71	1193,97
446,91	1191,92
447,12	1226,73
447,32	1243,12
447,53	1220,59
447,73	1130,48
447,93	1163,25
448,14	1173,49
448,34	1175,53
448,55	1079,28
448,75	1292,27
448,96	1220,59
449,16	1167,34
449,36	1159,15
449,57	1212,40
449,77	1183,73
449,98	1216,49
450,18	1161,20
450,39	1196,01
450,59	1157,10
450,79	1179,63
451,00	1191,92
451,20	1171,44
451,41	1155,05
451,61	1165,29
451,81	1167,34
452,02	1191,92
452,22	1191,92
452,43	1204,21
452,63	1216,49
452,84	1200,11
453,04	1234,93
453,24	1196,01
453,45	1191,92
453,65	1181,68
453,86	1185,77
454,06	1138,67
454,26	1222,64
454,47	1181,68
454,67	1155,05
454,87	1122,29
455,08	1146,86
455,28	1204,21
455,49	1161,20
455,69	1204,21
455,89	1193,97
456,10	1189,87
456,30	1130,48
456,51	1169,39
456,71	1155,05
456,91	1222,64
457,12	1179,63
457,32	1155,05
457,52	1167,34
457,73	1175,53
457,93	1224,69
458,14	1216,49
458,34	1150,96
458,54	1122,29
458,75	1212,40
458,95	1191,92
459,15	1230,83
459,36	1150,96
459,56	1110,00
459,76	1185,77
459,97	1157,10
460,17	1138,67
460,37	1224,69
460,58	1101,81
460,78	1245,16
460,99	1140,72
461,19	1214,45
461,39	1202,16
461,60	1169,39
461,80	1126,38
462,00	1077,23
462,21	1187,82
462,41	1159,15
462,61	1150,96
462,82	1179,63
463,02	1189,87
463,22	1126,38
463,43	1228,78
463,63	1191,92
463,83	1187,82
464,04	1187,82
464,24	1146,86
464,44	1198,06
464,64	1107,95
464,85	1191,92
465,05	1155,05
465,25	1179,63
465,46	1212,40
465,66	1136,62
465,86	1187,82
466,07	1185,77
466,27	1204,21
466,47	1116,14
466,68	1196,01
466,88	1204,21
467,08	1163,25
467,29	1196,01
467,49	1173,49
467,69	1126,38
467,89	1206,25
468,10	1148,91
468,30	1212,40
468,50	1212,40
468,71	1177,58
468,91	1165,29
469,11	1204,21
469,31	1255,40
469,52	1187,82
469,72	1193,97
469,92	1066,99
470,13	1325,04
470,33	1169,39
470,53	1191,92
470,73	1282,03
470,94	1126,38
471,14	1187,82
471,34	1173,49
471,54	1179,63
471,75	1132,53
471,95	1136,62
472,15	1173,49
472,36	1138,67
472,56	1148,91
472,76	1103,86
472,96	1165,29
473,17	1251,31
473,37	1187,82
473,57	1138,67
473,77	1189,87
473,98	1202,16
474,18	1193,97
474,38	1193,97
474,58	1181,68
474,79	1155,05
474,99	1212,40
475,19	1155,05
475,39	1243,12
475,60	1230,83
475,80	1204,21
476,00	1173,49
476,20	1241,07
476,41	1120,24
476,61	1226,73
476,81	1157,10
477,01	1150,96
477,21	1157,10
477,42	1171,44
477,62	1155,05
477,82	1153,01
478,02	1187,82
478,23	1181,68
478,43	1091,57
478,63	1198,06
478,83	1110,00
479,03	1181,68
479,24	1196,01
479,44	1163,25
479,64	1226,73
479,84	1128,43
480,04	1218,54
480,25	1193,97
480,45	1120,24
480,65	1210,35
480,85	1191,92
481,06	1193,97
481,26	1185,77
481,46	1089,52
481,66	1167,34
481,86	1222,64
482,06	1191,92
482,27	1224,69
482,47	1179,63
482,67	1228,78
482,87	1136,62
483,07	1202,16
483,28	1136,62
483,48	1130,48
483,68	1175,53
483,88	1165,29
484,08	1157,10
484,29	1175,53
484,49	1153,01
484,69	1159,15
484,89	1157,10
485,09	1142,77
485,29	1277,93
485,50	1173,49
485,70	1196,01
485,90	1183,73
486,10	1132,53
486,30	1189,87
486,50	1128,43
486,71	1148,91
486,91	1142,77
487,11	1179,63
487,31	1173,49
487,51	1122,29
487,71	1150,96
487,91	1187,82
488,12	1210,35
488,32	1220,59
488,52	1218,54
488,72	1196,01
488,92	1191,92
489,12	1196,01
489,32	1144,81
489,53	1169,39
489,73	1144,81
489,93	1191,92
490,13	1081,33
490,33	1175,53
490,53	1114,10
490,73	1150,96
490,94	1234,93
491,14	1159,15
491,34	1173,49
491,54	1159,15
491,74	1177,58
491,94	1120,24
492,14	1136,62
492,34	1222,64
492,54	1099,76
492,75	1120,24
492,95	1155,05
493,15	1150,96
493,35	1126,38
493,55	1171,44
493,75	1236,97
493,95	1140,72
494,15	1138,67
494,35	1196,01
494,56	1296,36
494,76	1220,59
494,96	1142,77
495,16	1220,59
495,36	1142,77
495,56	1216,49
495,76	1228,78
495,96	1214,45
496,16	1159,15
496,36	1239,02
496,56	1169,39
496,77	1173,49
496,97	1185,77
497,17	1193,97
497,37	1234,93
497,57	1187,82
497,77	1177,58
497,97	1155,05
498,17	1179,63
498,37	1155,05
498,57	1122,29
498,77	1208,30
498,97	1173,49
499,17	1165,29
499,38	1204,21
499,58	1187,82
499,78	1204,21
499,98	1220,59
500,18	1198,06
500,38	1189,87
500,58	1128,43
500,78	1185,77
500,98	1191,92
501,18	1144,81
501,38	1189,87
501,58	1191,92
501,78	1241,07
501,98	1157,10
502,18	1146,86
502,38	1155,05
502,58	1159,15
502,78	1107,95
502,98	1165,29
503,18	1126,38
503,38	1228,78
503,59	1200,11
503,79	1196,01
503,99	1239,02
504,19	1198,06
504,39	1241,07
504,59	1167,34
504,79	1181,68
504,99	1169,39
505,19	1085,42
505,39	1175,53
505,59	1157,10
505,79	1193,97
505,99	1136,62
506,19	1230,83
506,39	1171,44
506,59	1169,39
506,79	1230,83
506,99	1136,62
507,19	1138,67
507,39	1169,39
507,59	1183,73
507,79	1146,86
507,99	1183,73
508,19	1179,63
508,39	1216,49
508,59	1196,01
508,79	1249,26
508,99	1128,43
509,19	1157,10
509,39	1230,83
509,59	1130,48
509,79	1167,34
509,99	1148,91
510,19	1185,77
510,39	1136,62
510,59	1079,28
510,79	1220,59
510,99	1153,01
511,19	1159,15
511,39	1218,54
511,59	1146,86
511,79	1202,16
511,99	1279,98
512,19	1114,10
512,38	1198,06
512,58	1228,78
512,78	1171,44
512,98	1138,67
513,18	1169,39
513,38	1177,58
513,58	1228,78
513,78	1163,25
513,98	1150,96
514,18	1218,54
514,38	1181,68
514,58	1153,01
514,78	1187,82
514,98	1304,56
515,18	1153,01
515,38	1179,63
515,58	1196,01
515,78	1148,91
515,98	1126,38
516,18	1122,29
516,38	1126,38
516,57	1198,06
516,77	1187,82
516,97	1161,20
517,17	1173,49
517,37	1157,10
517,57	1247,21
517,77	1208,30
517,97	1212,40
518,17	1165,29
518,37	1087,47
518,57	1173,49
518,77	1191,92
518,97	1181,68
519,16	1153,01
519,36	1228,78
519,56	1206,25
519,76	1110,00
519,96	1208,30
520,16	1132,53
520,36	1200,11
520,56	1222,64
520,76	1112,05
520,96	1173,49
521,16	1202,16
521,35	1247,21
521,55	1173,49
521,75	1077,23
521,95	1245,16
522,15	1146,86
522,35	1163,25
522,55	1118,19
522,75	1171,44
522,95	1140,72
523,14	1208,30
523,34	1181,68
523,54	1189,87
523,74	1183,73
523,94	1214,45
524,14	1173,49
524,34	1105,90
524,54	1165,29
524,73	1157,10
524,93	1212,40
525,13	1126,38
525,33	1198,06
525,53	1183,73
525,73	1257,45
525,93	1202,16
526,13	1191,92
526,32	1095,66
526,52	1185,77
526,72	1259,50
526,92	1148,91
527,12	1198,06
527,32	1150,96
527,52	1191,92
527,71	1269,74
527,91	1179,63
528,11	1196,01
528,31	1241,07
528,51	1167,34
528,71	1271,79
528,90	1191,92
529,10	1253,36
529,30	1136,62
529,50	1187,82
529,70	1155,05
529,90	1157,10
530,09	1226,73
530,29	1200,11
530,49	1200,11
530,69	1140,72
530,89	1208,30
531,09	1185,77
531,28	1112,05
531,48	1196,01
531,68	1130,48
531,88	1196,01
532,08	1263,60
532,28	1208,30
532,47	1140,72
532,67	1204,21
532,87	1112,05
533,07	1193,97
533,27	1165,29
533,46	1171,44
533,66	1196,01
533,86	1232,88
534,06	1210,35
534,26	1175,53
534,45	1148,91
534,65	1189,87
534,85	1177,58
535,05	1107,95
535,25	1142,77
535,44	1226,73
535,64	1183,73
535,84	1220,59
536,04	1198,06
536,24	1153,01
536,43	1187,82
536,63	1179,63
536,83	1214,45
537,03	1210,35
537,22	1183,73
537,42	1144,81
537,62	1132,53
537,82	1146,86
538,02	1222,64
538,21	1132,53
538,41	1155,05
538,61	1198,06
538,81	1126,38
539,00	1251,31
539,20	1175,53
539,40	1148,91
539,60	1163,25
539,79	1191,92
539,99	1177,58
540,19	1236,97
540,39	1140,72
540,58	1120,24
540,78	1183,73
540,98	1245,16
541,18	1118,19
541,37	1191,92
541,57	1146,86
541,77	1236,97
541,97	1142,77
542,16	1146,86
542,36	1204,21
542,56	1181,68
542,76	1218,54
542,95	1085,42
543,15	1181,68
543,35	1239,02
543,54	1099,76
543,74	1107,95
543,94	1142,77
544,14	1247,21
544,33	1236,97
544,53	1075,18
544,73	1165,29
544,93	1173,49
545,12	1196,01
545,32	1173,49
545,52	1208,30
545,71	1148,91
545,91	1118,19
546,11	1208,30
546,30	1200,11
546,50	1120,24
546,70	1153,01
546,90	1241,07
547,09	1179,63
547,29	1210,35
547,49	1204,21
547,68	1136,62
547,88	1099,76
548,08	1163,25
548,27	1202,16
548,47	1198,06
548,67	1208,30
548,87	1220,59
549,06	1112,05
549,26	1140,72
549,46	1181,68
549,65	1198,06
549,85	1126,38
550,05	1204,21
550,24	1196,01
550,44	1247,21
550,64	1167,34
550,83	1191,92
551,03	1261,55
551,23	1187,82
551,42	1226,73
551,62	1232,88
551,82	1136,62
552,01	1183,73
552,21	1179,63
552,41	1132,53
552,60	1171,44
552,80	1220,59
553,00	1150,96
553,19	1173,49
553,39	1183,73
553,59	1085,42
553,78	1120,24
553,98	1196,01
554,17	1185,77
554,37	1198,06
554,57	1218,54
554,76	1153,01
554,96	1146,86
555,16	1167,34
555,35	1175,53
555,55	1185,77
555,75	1202,16
555,94	1148,91
556,14	1144,81
556,33	1159,15
556,53	1138,67
556,73	1200,11
556,92	1216,49
557,12	1167,34
557,32	1069,04
557,51	1181,68
557,71	1222,64
557,90	1216,49
558,10	1138,67
558,30	1138,67
558,49	1138,67
558,69	1126,38
558,88	1198,06
559,08	1208,30
559,28	1183,73
559,47	1189,87
559,67	1148,91
559,86	1142,77
560,06	1187,82
560,26	1269,74
560,45	1116,14
560,65	1214,45
560,84	1114,10
561,04	1212,40
561,24	1159,15
561,43	1155,05
561,63	1224,69
561,82	1165,29
562,02	1134,57
562,22	1214,45
562,41	1169,39
562,61	1167,34
562,80	1148,91
563,00	1212,40
563,19	1230,83
563,39	1179,63
563,59	1110,00
563,78	1181,68
563,98	1146,86
564,17	1212,40
564,37	1222,64
564,56	1155,05
564,76	1175,53
564,96	1257,45
565,15	1118,19
565,35	1099,76
565,54	1146,86
565,74	1290,22
565,93	1200,11
566,13	1163,25
566,32	1169,39
566,52	1093,62
566,71	1128,43
566,91	1224,69
567,11	1169,39
567,30	1179,63
567,50	1169,39
567,69	1202,16
567,89	1185,77
568,08	1183,73
568,28	1153,01
568,47	1175,53
568,67	1212,40
568,86	1206,25
569,06	1167,34
569,25	1146,86
569,45	1093,62
569,64	1136,62
569,84	1169,39
570,04	1185,77
570,23	1148,91
570,43	1185,77
570,62	1179,63
570,82	1150,96
571,01	1210,35
571,21	1196,01
571,40	1120,24
571,60	1243,12
571,79	1236,97
571,99	1183,73
572,18	1167,34
572,38	1257,45
572,57	1155,05
572,77	1185,77
572,96	1142,77
573,16	1187,82
573,35	1177,58
573,55	1140,72
573,74	1165,29
573,94	1181,68
574,13	1155,05
574,33	1187,82
574,52	1148,91
574,71	1183,73
574,91	1155,05
575,10	1179,63
575,30	1122,29
575,49	1183,73
575,69	1204,21
575,88	1167,34
576,08	1202,16
576,27	1136,62
576,47	1146,86
576,66	1128,43
576,86	1173,49
577,05	1206,25
577,25	1148,91
577,44	1107,95
577,64	1189,87
577,83	1163,25
578,02	1187,82
578,22	1214,45
578,41	1101,81
578,61	1210,35
578,80	1196,01
579,00	1150,96
579,19	1130,48
579,39	1173,49
579,58	1200,11
579,77	1181,68
579,97	1126,38
580,16	1185,77
580,36	1110,00
580,55	1161,20
580,75	1198,06
580,94	1179,63
581,13	1157,10
581,33	1155,05
581,52	1136,62
581,72	1142,77
581,91	1153,01
582,11	1193,97
582,30	1153,01
582,49	1173,49
582,69	1144,81
582,88	1146,86
583,08	1146,86
583,27	1206,25
583,47	1155,05
583,66	1167,34
583,85	1105,90
584,05	1171,44
584,24	1175,53
584,44	1208,30
584,63	1130,48
584,82	1191,92
585,02	1175,53
585,21	1181,68
585,41	1216,49
585,60	1189,87
585,79	1165,29
585,99	1200,11
586,18	1198,06
586,37	1202,16
586,57	1177,58
586,76	1200,11
586,96	1165,29
587,15	1177,58
587,34	1138,67
587,54	1185,77
587,73	1200,11
587,93	1130,48
588,12	1183,73
588,31	1144,81
588,51	1198,06
588,70	1196,01
588,89	1148,91
589,09	1183,73
589,28	1163,25
589,47	1155,05
589,67	1189,87
589,86	1220,59
590,06	1234,93
590,25	1097,71
590,44	1202,16
590,64	1177,58
590,83	1157,10
591,02	1204,21
591,22	1112,05
591,41	1167,34
591,60	1220,59
591,80	1200,11
591,99	1157,10
592,18	1200,11
592,38	1126,38
592,57	1142,77
592,76	1066,99
592,96	1163,25
593,15	1130,48
593,34	1214,45
593,54	1132,53
593,73	1116,14
593,92	1222,64
594,12	1171,44
594,31	1105,90
594,50	1263,60
594,70	1220,59
594,89	1239,02
595,08	1161,20
595,28	1122,29
595,47	1177,58
595,66	1230,83
595,86	1189,87
596,05	1187,82
596,24	1210,35
596,43	1142,77
596,63	1163,25
596,82	1208,30
597,01	1118,19
597,21	1187,82
597,40	1157,10
597,59	1179,63
597,79	1181,68
597,98	1210,35
598,17	1097,71
598,36	1185,77
598,56	1173,49
598,75	1161,20
598,94	1257,45
599,14	1153,01
599,33	1128,43
599,52	1265,64
599,71	1138,67
599,91	1226,73
600,10	1261,55
600,29	1206,25
600,48	1118,19
600,68	1191,92
600,87	1265,64
601,06	1193,97
601,26	1136,62
601,45	1124,33
601,64	1122,29
601,83	1161,20
602,03	1218,54
602,22	1183,73
602,41	1273,84
602,60	1191,92
602,80	1177,58
602,99	1196,01
603,18	1148,91
603,37	1222,64
603,57	1161,20
603,76	1177,58
603,95	1136,62
604,14	1218,54
604,34	1140,72
604,53	1243,12
604,72	1191,92
604,91	1173,49
605,10	1159,15
605,30	1169,39
605,49	1216,49
605,68	1265,64
605,87	1189,87
606,07	1163,25
606,26	1181,68
606,45	1167,34
606,64	1181,68
606,84	1230,83
607,03	1155,05
607,22	1210,35
607,41	1175,53
607,60	1183,73
607,80	1146,86
607,99	1157,10
608,18	1187,82
608,37	1220,59
608,56	1132,53
608,76	1200,11
608,95	1159,15
609,14	1114,10
609,33	1171,44
609,52	1155,05
609,72	1196,01
609,91	1228,78
610,10	1114,10
610,29	1128,43
610,48	1243,12
610,68	1232,88
610,87	1193,97
611,06	1134,57
611,25	1159,15
611,44	1091,57
611,63	1157,10
611,83	1200,11
612,02	1132,53
612,21	1142,77
612,40	1212,40
612,59	1196,01
612,79	1179,63
612,98	1114,10
613,17	1134,57
613,36	1163,25
613,55	1159,15
613,74	1181,68
613,93	1191,92
614,13	1208,30
614,32	1142,77
614,51	1142,77
614,70	1155,05
614,89	1177,58
615,08	1273,84
615,28	1236,97
615,47	1122,29
615,66	1200,11
615,85	1185,77
616,04	1134,57
616,23	1169,39
616,42	1155,05
616,62	1198,06
616,81	1157,10
617,00	1157,10
617,19	1167,34
617,38	1114,10
617,57	1181,68
617,76	1220,59
617,95	1157,10
618,15	1183,73
618,34	1255,40
618,53	1200,11
618,72	1173,49
618,91	1196,01
619,10	1202,16
619,29	1191,92
619,48	1132,53
619,68	1132,53
619,87	1140,72
620,06	1163,25
620,25	1118,19
620,44	1114,10
620,63	1163,25
620,82	1191,92
621,01	1224,69
621,20	1218,54
621,39	1220,59
621,59	1134,57
621,78	1222,64
621,97	1196,01
622,16	1282,03
622,35	1181,68
622,54	1196,01
622,73	1175,53
622,92	1208,30
623,11	1146,86
623,30	1208,30
623,49	1146,86
623,68	1200,11
623,88	1146,86
624,07	1208,30
624,26	1241,07
624,45	1155,05
624,64	1179,63
624,83	1128,43
625,02	1189,87
625,21	1210,35
625,40	1208,30
625,59	1157,10
625,78	1183,73
625,97	1181,68
626,16	1148,91
626,35	1208,30
626,54	1218,54
626,74	1267,69
626,93	1198,06
627,12	1200,11
627,31	1189,87
627,50	1208,30
627,69	1161,20
627,88	1196,01
628,07	1175,53
628,26	1226,73
628,45	1163,25
628,64	1191,92
628,83	1251,31
629,02	1212,40
629,21	1267,69
629,40	1136,62
629,59	1157,10
629,78	1187,82
629,97	1218,54
630,16	1101,81
630,35	1187,82
630,54	1241,07
630,73	1228,78
630,92	1273,84
631,11	1114,10
631,30	1282,03
631,49	1390,57
631,68	1769,44
631,87	3792,84
632,06	13942,57
632,25	39398,82
632,44	52301,03
632,63	53986,50
632,82	34387,44
633,01	17655,54
633,20	5173,17
633,39	5294,00
633,58	2535,39
633,77	2064,35
633,96	1695,72
634,15	1482,73
634,34	1488,87
634,53	1574,89
634,72	1511,40
634,91	1386,47
635,10	1388,52
635,29	1318,89
635,48	1257,45
635,67	1171,44
635,86	1177,58
636,05	1212,40
636,24	1196,01
636,43	1167,34
636,62	1191,92
636,81	1249,26
637,00	1140,72
637,19	1236,97
637,38	1214,45
637,57	1196,01
637,76	1214,45
637,95	1183,73
638,14	1161,20
638,33	1245,16
638,52	1173,49
638,71	1196,01
638,89	1132,53
639,08	1189,87
639,27	1171,44
639,46	1224,69
639,65	1214,45
639,84	1187,82
640,03	1226,73
640,22	1169,39
640,41	1193,97
640,60	1175,53
640,79	1257,45
640,98	1183,73
641,17	1208,30
641,36	1110,00
641,55	1181,68
641,74	1239,02
641,92	1163,25
642,11	1216,49
642,30	1150,96
642,49	1226,73
642,68	1116,14
642,87	1155,05
643,06	1208,30
643,25	1204,21
643,44	1189,87
643,63	1146,86
643,82	1185,77
644,00	1142,77
644,19	1230,83
644,38	1196,01
644,57	1142,77
644,76	1177,58
644,95	1216,49
645,14	1138,67
645,33	1126,38
645,52	1140,72
645,71	1273,84
645,89	1165,29
646,08	1185,77
646,27	1200,11
646,46	1236,97
646,65	1218,54
646,84	1146,86
647,03	1181,68
647,22	1179,63
647,40	1208,30
647,59	1206,25
647,78	1142,77
647,97	1157,10
648,16	1236,97
648,35	1179,63
648,54	1191,92
648,73	1224,69
648,91	1214,45
649,10	1169,39
649,29	1146,86
649,48	1171,44
649,67	1181,68
649,86	1191,92
650,05	1183,73
650,23	1167,34
650,42	1177,58
650,61	1208,30
650,80	1185,77
650,99	1206,25
651,18	1159,15
651,36	1132,53
651,55	1126,38
651,74	1196,01
651,93	1163,25
652,12	1216,49
652,31	1116,14
652,49	1183,73
652,68	1198,06
652,87	1146,86
653,06	1155,05
653,25	1187,82
653,44	1239,02
653,62	1224,69
653,81	1251,31
654,00	1169,39
654,19	1114,10
654,38	1167,34
654,56	1120,24
654,75	1191,92
654,94	1165,29
655,13	1204,21
655,32	1198,06
655,51	1183,73
655,69	1198,06
655,88	1200,11
656,07	1140,72
656,26	1116,14
656,45	1241,07
656,63	1247,21
656,82	1198,06
657,01	1163,25
657,20	1253,36
657,38	1206,25
657,57	1196,01
657,76	1210,35
657,95	1155,05
658,14	1198,06
658,32	1153,01
658,51	1212,40
658,70	1181,68
658,89	1212,40
659,08	1222,64
659,26	1218,54
659,45	1222,64
659,64	1224,69
659,83	1165,29
660,01	1159,15
660,20	1114,10
660,39	1208,30
660,58	1105,90
660,76	1191,92
660,95	1200,11
661,14	1249,26
661,33	1179,63
661,51	1167,34
661,70	1167,34
661,89	1140,72
662,08	1202,16
662,26	1130,48
662,45	1286,12
662,64	1146,86
662,83	1114,10
663,01	1218,54
663,20	1177,58
663,39	1114,10
663,58	1216,49
663,76	1193,97
663,95	1191,92
664,14	1196,01
664,32	1173,49
664,51	1134,57
664,70	1183,73
664,89	1208,30
665,07	1196,01
665,26	1171,44
665,45	1150,96
665,64	1183,73
665,82	1218,54
666,01	1146,86
666,20	1208,30
666,38	1126,38
666,57	1173,49
666,76	1150,96
666,95	1169,39
667,13	1224,69
667,32	1177,58
667,51	1140,72
667,69	1239,02
667,88	1236,97
668,07	1148,91
668,25	1175,53
668,44	1148,91
668,63	1208,30
668,81	1185,77
669,00	1132,53
669,19	1243,12
669,38	1181,68
669,56	1191,92
669,75	1142,77
669,94	1140,72
670,12	1167,34
670,31	1214,45
670,50	1259,50
670,68	1171,44
670,87	1124,33
671,06	1181,68
671,24	1239,02
671,43	1196,01
671,62	1191,92
671,80	1185,77
671,99	1286,12
672,18	1177,58
672,36	1185,77
672,55	1173,49
672,74	1167,34
672,92	1107,95
673,11	1202,16
673,29	1142,77
673,48	1177,58
673,67	1198,06
673,85	1144,81
674,04	1212,40
674,23	1216,49
674,41	1202,16
674,60	1155,05
674,79	1155,05
674,97	1134,57
675,16	1198,06
675,34	1241,07
675,53	1193,97
675,72	1134,57
675,90	1200,11
676,09	1181,68
676,28	1134,57
676,46	1249,26
676,65	1171,44
676,83	1208,30
677,02	1134,57
677,21	1146,86
677,39	1191,92
677,58	1177,58
677,77	1130,48
677,95	1200,11
678,14	1157,10
678,32	1175,53
678,51	1257,45
678,70	1167,34
678,88	1214,45
679,07	1171,44
679,25	1171,44
679,44	1216,49
679,63	1200,11
679,81	1208,30
680,00	1200,11
680,18	1193,97
680,37	1251,31
680,55	1163,25
680,74	1212,40
680,93	1136,62
681,11	1157,10
681,30	1122,29
681,48	1128,43
681,67	1232,88
681,85	1087,47
682,04	1167,34
682,23	1200,11
682,41	1062,90
682,60	1224,69
682,78	1198,06
682,97	1142,77
683,15	1177,58
683,34	1175,53
683,53	1179,63
683,71	1157,10
683,90	1222,64
684,08	1189,87
684,27	1183,73
684,45	1247,21
684,64	1181,68
684,82	1175,53
685,01	1155,05
685,19	1118,19
685,38	1163,25
685,57	1183,73
685,75	1198,06
685,94	1097,71
686,12	1114,10
686,31	1187,82
686,49	1249,26
686,68	1148,91
686,86	1183,73
687,05	1202,16
687,23	1171,44
687,42	1159,15
687,60	1167,34
687,79	1105,90
687,97	1157,10
688,16	1218,54
688,34	1226,73
688,53	1196,01
688,71	1169,39
688,90	1179,63
689,08	1216,49
689,27	1169,39
689,45	1181,68
689,64	1177,58
689,82	1130,48
690,01	1218,54
690,19	1228,78
690,38	1193,97
690,56	1193,97
690,75	1183,73
690,93	1216,49
691,12	1253,36
691,30	1198,06
691,49	1204,21
691,67	1136,62
691,86	1157,10
692,04	1208,30
692,23	1187,82
692,41	1226,73
692,60	1157,10
692,78	1216,49
692,97	1114,10
693,15	1222,64
693,34	1181,68
693,52	1165,29
693,71	1183,73
693,89	1159,15
694,08	1097,71
694,26	1144,81
694,44	1200,11
694,63	1167,34
694,81	1169,39
695,00	1155,05
695,18	1138,67
695,37	1208,30
695,55	1136,62
695,74	1159,15
695,92	1167,34
696,10	1218,54
696,29	1161,20
696,47	1081,33
696,66	1112,05
696,84	1167,34
697,03	1167,34
697,21	1224,69
697,40	1136,62
697,58	1239,02
697,76	1155,05
697,95	1163,25
698,13	1167,34
698,32	1142,77
698,50	1218,54
698,68	1175,53
698,87	1124,33
699,05	1165,29
699,24	1161,20
699,42	1130,48
699,61	1191,92
699,79	1097,71
699,97	1171,44
700,16	1216,49
700,34	1181,68
700,53	1226,73
700,71	1216,49
700,89	1208,30
701,08	1200,11
701,26	1157,10
701,45	1128,43
701,63	1214,45
701,81	1167,34
702,00	1224,69
702,18	1187,82
702,37	1196,01
702,55	1157,10
702,73	1230,83
702,92	1120,24
703,10	1230,83
703,28	1157,10
703,47	1175,53
703,65	1126,38
703,84	1171,44
704,02	1169,39
704,20	1208,30
704,39	1183,73
704,57	1128,43
704,75	1200,11
704,94	1155,05
705,12	1228,78
705,30	1089,52
705,49	1239,02
705,67	1142,77
705,86	1206,25
706,04	1224,69
706,22	1167,34
706,41	1150,96
706,59	1181,68
706,77	1226,73
706,96	1155,05
707,14	1183,73
707,32	1179,63
707,51	1159,15
707,69	1206,25
707,87	1208,30
708,06	1193,97
708,24	1155,05
708,42	1218,54
708,61	1148,91
708,79	1179,63
708,97	1206,25
709,16	1155,05
709,34	1196,01
709,52	1165,29
709,71	1193,97
709,89	1196,01
710,07	1224,69
710,26	1159,15
710,44	1155,05
710,62	1191,92
710,80	1116,14
710,99	1247,21
711,17	1187,82
711,35	1132,53
711,54	1177,58
711,72	1161,20
711,90	1167,34
712,09	1230,83
712,27	1204,21
712,45	1116,14
712,63	1228,78
712,82	1105,90
713,00	1202,16
713,18	1193,97
713,37	1196,01
713,55	1177,58
713,73	1136,62
713,91	1159,15
714,10	1167,34
714,28	1241,07
714,46	1169,39
714,65	1222,64
714,83	1204,21
715,01	1142,77
715,19	1165,29
715,38	1234,93
715,56	1181,68
715,74	1226,73
715,92	1159,15
716,11	1138,67
716,29	1110,00
716,47	1144,81
716,65	1087,47
716,84	1060,85
717,02	1275,88
717,20	1163,25
717,38	1200,11
717,57	1226,73
717,75	1191,92
717,93	1267,69
718,11	1198,06
718,30	1140,72
718,48	1142,77
718,66	1214,45
718,84	1169,39
719,03	1183,73
719,21	1232,88
719,39	1177,58
719,57	1208,30
719,75	1161,20
719,94	1241,07
720,12	1181,68
720,30	1243,12
720,48	1163,25
720,67	1202,16
720,85	1153,01
721,03	1138,67
721,21	1208,30
721,39	1142,77
721,58	1200,11
721,76	1173,49
721,94	1175,53
722,12	1132,53
722,30	1134,57
722,49	1265,64
722,67	1153,01
722,85	1193,97
723,03	1206,25
723,21	1208,30
723,40	1177,58
723,58	1218,54
723,76	1110,00
723,94	1191,92
724,12	1140,72
724,30	1138,67
724,49	1107,95
724,67	1171,44
724,85	1163,25
725,03	1150,96
725,21	1191,92
725,40	1218,54
725,58	1165,29
725,76	1232,88
725,94	1183,73
726,12	1216,49
726,30	1138,67
726,49	1173,49
726,67	1122,29
726,85	1114,10
727,03	1155,05
727,21	1153,01
727,39	1116,14
727,57	1136,62
727,76	1181,68
727,94	1212,40
728,12	1169,39
728,30	1220,59
728,48	1130,48
728,66	1204,21
728,84	1206,25
729,03	1126,38
729,21	1138,67
729,39	1148,91
729,57	1216,49
729,75	1150,96
729,93	1179,63
730,11	1181,68
730,30	1144,81
730,48	1204,21
730,66	1173,49
730,84	1220,59
731,02	1185,77
731,20	1183,73
731,38	1175,53
731,56	1183,73
731,74	1110,00
731,93	1122,29
732,11	1165,29
732,29	1185,77
732,47	1189,87
732,65	1208,30
732,83	1196,01
733,01	1208,30
733,19	1138,67
733,37	1193,97
733,56	1107,95
733,74	1142,77
733,92	1144,81
734,10	1198,06
734,28	1087,47
734,46	1134,57
734,64	1155,05
734,82	1183,73
735,00	1167,34
735,18	1189,87
735,36	1142,77
735,54	1165,29
735,73	1206,25
735,91	1144,81
736,09	1144,81
736,27	1210,35
736,45	1187,82
736,63	1163,25
736,81	1155,05
736,99	1155,05
737,17	1138,67
737,35	1271,79
737,53	1181,68
737,71	1253,36
737,89	1148,91
738,07	1167,34
738,25	1206,25
738,43	1126,38
738,61	1202,16
738,80	1216,49
738,98	1259,50
739,16	1187,82
739,34	1179,63
739,52	1189,87
739,70	1198,06
739,88	1183,73
740,06	1210,35
740,24	1191,92
740,42	1173,49
740,60	1165,29
740,78	1140,72
740,96	1140,72
741,14	1122,29
741,32	1193,97
741,50	1202,16
741,68	1183,73
741,86	1157,10
742,04	1216,49
742,22	1179,63
742,40	1220,59
742,58	1175,53
742,76	1146,86
742,94	1177,58
743,12	1255,40
743,30	1183,73
743,48	1234,93
743,66	1159,15
743,84	1183,73
744,02	1208,30
744,20	1167,34
744,38	1175,53
744,56	1163,25
744,74	1187,82
744,92	1173,49
745,10	1198,06
745,28	1208,30
745,46	1159,15
745,64	1128,43
745,82	1226,73
746,00	1122,29
746,18	1148,91
746,36	1187,82
746,54	1159,15
746,72	1167,34
746,90	1171,44
747,08	1288,17
747,26	1273,84
747,44	1218,54
747,62	1138,67
747,80	1214,45
747,98	1128,43
748,15	1212,40
748,33	1107,95
748,51	1247,21
748,69	1191,92
748,87	1214,45
749,05	1097,71
749,23	1193,97
749,41	1185,77
749,59	1179,63
749,77	1191,92
749,95	1142,77
750,13	1206,25
750,31	1126,38
750,49	1234,93
750,67	1183,73
750,85	1218,54
751,03	1189,87
751,20	1181,68
751,38	1185,77
751,56	1208,30
751,74	1181,68
751,92	1112,05
752,10	1120,24
752,28	1171,44
752,46	1177,58
752,64	1226,73
752,82	1155,05
753,00	1204,21
753,18	1236,97
753,35	1208,30
753,53	1142,77
753,71	1187,82
753,89	1103,86
754,07	1103,86
754,25	1204,21
754,43	1198,06
754,61	1249,26
754,79	1212,40
754,97	1239,02
755,14	1155,05
755,32	1159,15
755,50	1181,68
755,68	1173,49
755,86	1169,39
756,04	1220,59
756,22	1212,40
756,40	1177,58
756,57	1189,87
756,75	1155,05
756,93	1140,72
757,11	1206,25
757,29	1167,34
757,47	1167,34
757,65	1150,96
757,82	1212,40
758,00	1185,77
758,18	1167,34
758,36	1126,38
758,54	1163,25
758,72	1148,91
758,90	1185,77
759,07	1196,01
759,25	1105,90
759,43	1251,31
759,61	1273,84
759,79	1122,29
759,97	1150,96
760,15	1187,82
760,32	1114,10
760,50	1159,15
760,68	1124,33
760,86	1191,92
761,04	1191,92
761,22	1191,92
761,39	1228,78
761,57	1159,15
761,75	1275,88
761,93	1118,19
762,11	1130,48
762,28	1161,20
762,46	1214,45
762,64	1196,01
762,82	1157,10
763,00	1206,25
763,18	1126,38
763,35	1163,25
763,53	1171,44
763,71	1116,14
763,89	1165,29
764,07	1157,10
764,24	1150,96
764,42	1193,97
764,60	1220,59
764,78	1189,87
764,96	1208,30
765,13	1220,59
765,31	1245,16
765,49	1183,73
765,67	1110,00
765,84	1216,49
766,02	1208,30
766,20	1216,49
766,38	1173,49
766,56	1140,72
766,73	1134,57
766,91	1165,29
767,09	1116,14
767,27	1173,49
767,44	1150,96
767,62	1245,16
767,80	1224,69
767,98	1167,34
768,15	1171,44
768,33	1116,14
768,51	1175,53
768,69	1130,48
768,87	1220,59
769,04	1155,05
769,22	1134,57
769,40	1165,29
769,58	1187,82
769,75	1159,15
769,93	1179,63
770,11	1159,15
770,28	1142,77
770,46	1187,82
770,64	1255,40
770,82	1212,40
770,99	1159,15
771,17	1228,78
771,35	1110,00
771,53	1243,12
771,70	1155,05
771,88	1142,77
772,06	1157,10
772,23	1232,88
772,41	1189,87
772,59	1200,11
772,77	1228,78
772,94	1144,81
773,12	1187,82
773,30	1130,48
773,47	1191,92
773,65	1169,39
773,83	1169,39
774,01	1173,49
774,18	1136,62
774,36	1177,58
774,54	1198,06
774,71	1097,71
774,89	1187,82
775,07	1232,88
775,24	1200,11
775,42	1134,57
775,60	1112,05
775,78	1179,63
775,95	1163,25
776,13	1234,93
776,31	1183,73
776,48	1239,02
776,66	1185,77
776,84	1173,49
777,01	1171,44
777,19	1187,82
777,37	1204,21
777,54	1228,78
777,72	1142,77
777,90	1165,29
778,07	1132,53
778,25	1177,58
778,43	1138,67
778,60	1222,64
778,78	1179,63
778,96	1179,63
779,13	1200,11
779,31	1202,16
779,49	1196,01
779,66	1138,67
779,84	1183,73
780,01	1146,86
780,19	1251,31
780,37	1193,97
780,54	1208,30
780,72	1177,58
780,90	1161,20
781,07	1191,92
781,25	1200,11
781,43	1288,17
781,60	1232,88
781,78	1105,90
781,95	1155,05
782,13	1191,92
782,31	1236,97
782,48	1214,45
782,66	1142,77
782,83	1208,30
783,01	1132,53
783,19	1159,15
783,36	1126,38
783,54	1144,81
783,72	1214,45
783,89	1189,87
784,07	1224,69
784,24	1144,81
784,42	1200,11
784,60	1165,29
784,77	1206,25
784,95	1118,19
785,12	1110,00
785,30	1177,58
785,47	1165,29
785,65	1196,01
785,83	1185,77
786,00	1241,07
786,18	1187,82
786,35	1150,96
786,53	1206,25
786,71	1081,33
786,88	1146,86
787,06	1101,81
787,23	1157,10
787,41	1144,81
787,58	1181,68
787,76	1185,77
787,94	1177,58
788,11	1118,19
788,29	1210,35
788,46	1157,10
788,64	1159,15
788,81	1161,20
788,99	1204,21
789,16	1222,64
789,34	1177,58
789,52	1183,73
789,69	1247,21
789,87	1169,39
790,04	1181,68
790,22	1130,48
790,39	1210,35
790,57	1103,86
790,74	1210,35
790,92	1163,25
791,09	1220,59
791,27	1146,86
791,44	1148,91
791,62	1120,24
791,79	1179,63
791,97	1110,00
792,15	1146,86
792,32	1138,67
792,50	1140,72
792,67	1144,81
792,85	1214,45
793,02	1183,73
793,20	1269,74
793,37	1173,49
793,55	1230,83
793,72	1159,15
793,90	1210,35
794,07	1138,67
794,25	1212,40
794,42	1208,30
794,60	1128,43
794,77	1130,48
794,95	1226,73
795,12	1142,77
795,30	1138,67
795,47	1226,73
795,65	1138,67
795,82	1153,01
796,00	1056,75
796,17	1193,97
796,34	1138,67
796,52	1118,19
796,69	1148,91
796,87	1179,63
797,04	1138,67
797,22	1189,87
797,39	1210,35
797,57	1183,73
797,74	1210,35
797,92	1239,02
798,09	1144,81
798,27	1130,48
798,44	1175,53
798,62	1198,06
798,79	1155,05
798,96	1310,70
799,14	1191,92
799,31	1150,96
799,49	1189,87
799,66	1138,67
799,84	1173,49
800,01	1171,44
800,19	1144,81
800,36	1204,21
800,53	1232,88
800,71	1142,77
800,88	1136,62
801,06	1191,92
801,23	1097,71
801,41	1187,82
801,58	1189,87
801,75	1179,63
801,93	1179,63
802,10	1191,92
802,28	1140,72
802,45	1167,34
802,63	1116,14
802,80	1175,53
802,97	1138,67
803,15	1150,96
803,32	1112,05
803,50	1175,53
803,67	1204,21
803,84	1196,01
804,02	1169,39
804,19	1185,77
804,37	1193,97
804,54	1175,53
804,71	1224,69
804,89	1103,86
805,06	1179,63
805,24	1134,57
805,41	1132,53
805,58	1191,92
805,76	1175,53
805,93	1142,77
806,10	1198,06
806,28	1183,73
806,45	1167,34
806,63	1183,73
806,80	1181,68
806,97	1165,29
807,15	1120,24
807,32	1155,05
807,49	1185,77
807,67	1165,29
807,84	1216,49
808,01	1148,91
808,19	1146,86
808,36	1191,92
808,54	1110,00
808,71	1138,67
808,88	1099,76
809,06	1169,39
809,23	1155,05
809,40	1140,72
809,58	1073,14
809,75	1185,77
809,92	1206,25
810,10	1181,68
810,27	1157,10
810,44	1140,72
810,62	1259,50
810,79	1138,67
810,96	1191,92
811,14	1173,49
811,31	1249,26
811,48	1187,82
811,66	1120,24
811,83	1206,25
812,00	1222,64
812,18	1173,49
812,35	1210,35
812,52	1224,69
812,69	1179,63
812,87	1155,05
813,04	1167,34
813,21	1159,15
813,39	1210,35
813,56	1136,62
813,73	1249,26
813,91	1183,73
814,08	1163,25
814,25	1191,92
814,42	1177,58
814,60	1112,05
814,77	1153,01
814,94	1187,82
815,12	1220,59
815,29	1089,52
815,46	1263,60
815,63	1191,92
815,81	1118,19
815,98	1165,29
816,15	1224,69
816,33	1177,58
816,50	1200,11
816,67	1169,39
816,84	1181,68
817,02	1128,43
817,19	1132,53
817,36	1185,77
817,53	1167,34
817,71	1200,11
817,88	1175,53
818,05	1249,26
818,22	1087,47
818,40	1218,54
818,57	1220,59
818,74	1208,30
818,91	1196,01
819,09	1140,72
819,26	1208,30
819,43	1112,05
819,60	1175,53
819,78	1206,25
819,95	1216,49
820,12	1142,77
820,29	1167,34
820,47	1122,29
820,64	1239,02
820,81	1167,34
820,98	1157,10
821,15	1222,64
821,33	1128,43
821,50	1230,83
821,67	1144,81
821,84	1200,11
822,02	1204,21
822,19	1159,15
822,36	1226,73
822,53	1222,64
822,70	1064,94
822,88	1159,15
823,05	1208,30
823,22	1202,16
823,39	1175,53
823,56	1161,20
823,74	1138,67
823,91	1101,81
824,08	1245,16
824,25	1146,86
824,42	1234,93
824,60	1153,01
824,77	1183,73
824,94	1101,81
825,11	1200,11
825,28	1130,48
825,45	1153,01
825,63	1146,86
825,80	1159,15
825,97	1163,25
826,14	1146,86
826,31	1157,10
826,48	1189,87
826,66	1130,48
826,83	1259,50
827,00	1060,85
827,17	1249,26
827,34	1159,15
827,51	1140,72
827,69	1204,21
827,86	1167,34
828,03	1177,58
828,20	1171,44
828,37	1171,44
828,54	1118,19
828,71	1132,53
828,89	1175,53
829,06	1107,95
829,23	1183,73
829,40	1183,73
829,57	1112,05
829,74	1144,81
829,91	1167,34
830,09	1232,88
830,26	1169,39
830,43	1159,15
830,60	1253,36
830,77	1134,57
830,94	1189,87
831,11	1183,73
831,28	1208,30
831,46	1169,39
831,63	1232,88
831,80	1157,10
831,97	1218,54
832,14	1093,62
832,31	1167,34
832,48	1179,63
832,65	1191,92
832,82	1163,25
832,99	1224,69
833,17	1136,62
833,34	1116,14
833,51	1198,06
833,68	1140,72
833,85	1218,54
834,02	1165,29
834,19	1167,34
834,36	1173,49
834,53	1138,67
834,70	1251,31
834,87	1095,66
835,04	1122,29
835,22	1144,81
835,39	1196,01
835,56	1161,20
835,73	1112,05
835,90	1140,72
836,07	1130,48
836,24	1196,01
836,41	1228,78
836,58	1208,30
836,75	1202,16
836,92	1167,34
837,09	1173,49
837,26	1202,16
837,43	1112,05
837,60	1138,67
837,77	1175,53
837,94	1148,91
838,12	1128,43
838,29	1150,96
838,46	1163,25
838,63	1171,44
838,80	1185,77
838,97	1218,54
839,14	1224,69
839,31	1216,49
839,48	1120,24
839,65	1175,53
839,82	1132,53
839,99	1210,35
840,16	1132,53
840,33	1249,26
840,50	1167,34
840,67	1159,15
840,84	1208,30
841,01	1179,63
841,18	1116,14
841,35	1153,01
841,52	1245,16
841,69	1198,06
841,86	1204,21
842,03	1179,63
842,20	1200,11
842,37	1189,87
842,54	1165,29
842,71	1210,35
842,88	1191,92
843,05	1224,69
843,22	1247,21
843,39	1179,63
843,56	1144,81
843,73	1138,67
843,90	1130,48
844,07	1234,93
844,24	1146,86
844,41	1191,92
844,58	1146,86
844,75	1110,00
844,92	1173,49
845,09	1179,63
845,26	1183,73
845,43	1150,96
845,60	1136,62
845,77	1163,25
845,94	1226,73
846,10	1114,10
846,27	1118,19
846,44	1183,73
846,61	1245,16
846,78	1171,44
846,95	1220,59
847,12	1173,49
847,29	1118,19
847,46	1208,30
847,63	1275,88
847,80	1134,57
847,97	1175,53
848,14	1124,33
848,31	1120,24
848,48	1200,11
848,65	1150,96
848,82	1136,62
848,98	1204,21
849,15	1193,97
849,32	1163,25
849,49	1171,44
849,66	1146,86
849,83	1148,91
850,00	1148,91
850,17	1130,48
850,34	1204,21
850,51	1175,53
850,68	1167,34
850,85	1112,05
851,01	1189,87
851,18	1163,25
851,35	1138,67
851,52	1187,82
851,69	1173,49
851,86	1148,91
852,03	1187,82
852,20	1136,62
852,37	1187,82
852,53	1167,34
852,70	1189,87
852,87	1183,73
853,04	1183,73
853,21	1214,45
853,38	1204,21
853,55	1122,29
853,72	1222,64
853,89	1138,67
854,05	1214,45
854,22	1196,01
854,39	1185,77
854,56	1187,82
854,73	1214,45
854,90	1171,44
855,07	1198,06
855,23	1171,44
855,40	1245,16
855,57	1212,40
855,74	1116,14
855,91	1157,10
856,08	1153,01
856,25	1142,77
856,41	1230,83
856,58	1245,16
856,75	1142,77
856,92	1232,88
857,09	1077,23
857,26	1165,29
857,42	1173,49
857,59	1187,82
857,76	1157,10
857,93	1236,97
858,10	1140,72
858,27	1183,73
858,43	1196,01
858,60	1214,45
858,77	1202,16
858,94	1118,19
859,11	1249,26
859,27	1216,49
859,44	1140,72
859,61	1173,49
859,78	1153,01
859,95	1159,15
860,12	1169,39
860,28	1183,73
860,45	1171,44
860,62	1140,72
860,79	1144,81
860,95	1155,05
861,12	1222,64
861,29	1134,57
861,46	1214,45
861,63	1161,20
861,79	1239,02
861,96	1110,00
862,13	1114,10
862,30	1153,01
862,47	1212,40
862,63	1191,92
862,80	1191,92
862,97	1218,54
863,14	1202,16
863,30	1196,01
863,47	1218,54
863,64	1204,21
863,81	1153,01
863,97	1189,87
864,14	1210,35
864,31	1196,01
864,48	1171,44
864,65	1185,77
864,81	1218,54
864,98	1232,88
865,15	1155,05
865,32	1191,92
865,48	1153,01
865,65	1120,24
865,82	1216,49
865,98	1187,82
866,15	1232,88
866,32	1112,05
866,49	1206,25
866,65	1153,01
866,82	1134,57
866,99	1146,86
867,16	1177,58
867,32	1187,82
867,49	1179,63
867,66	1191,92
867,83	1110,00
867,99	1173,49
868,16	1183,73
868,33	1163,25
868,49	1161,20
868,66	1159,15
868,83	1128,43
868,99	1239,02
869,16	1169,39
869,33	1175,53
869,50	1173,49
869,66	1171,44
869,83	1193,97
870,00	1130,48
870,16	1208,30
870,33	1107,95
870,50	1128,43
870,66	1157,10
870,83	1181,68
871,00	1116,14
871,17	1208,30
871,33	1202,16
871,50	1196,01
871,67	1157,10
871,83	1157,10
872,00	1157,10
872,17	1191,92
872,33	1236,97
872,50	1200,11
872,67	1155,05
872,83	1124,33
873,00	1142,77
873,17	1214,45
873,33	1177,58
873,50	1177,58
873,67	1089,52
873,83	1155,05
874,00	1099,76
874,16	1144,81
874,33	1138,67
874,50	1130,48
874,66	1128,43
874,83	1247,21
875,00	1146,86
875,16	1134,57
875,33	1167,34
875,50	1220,59
875,66	1210,35
875,83	1153,01
875,99	1116,14
876,16	1163,25
876,33	1161,20
876,49	1177,58
876,66	1146,86
876,83	1130,48
876,99	1181,68
877,16	1177,58
877,32	1171,44
877,49	1134,57
877,66	1187,82
877,82	1130,48
877,99	1173,49
878,15	1183,73
878,32	1220,59
878,49	1128,43
878,65	1093,62
878,82	1165,29
878,98	1169,39
879,15	1208,30
879,32	1181,68
879,48	1146,86
879,65	1161,20
879,81	1206,25
879,98	1159,15
880,15	1226,73
880,31	1230,83
880,48	1134,57
880,64	1157,10
880,81	1157,10
880,97	1189,87
881,14	1161,20
881,31	1165,29
881,47	1142,77
881,64	1198,06
881,80	1222,64
881,97	1206,25
882,13	1185,77
882,30	1196,01
882,47	1175,53
882,63	1095,66
882,80	1142,77
882,96	1208,30
883,13	1187,82
883,29	1181,68
883,46	1204,21
883,62	1183,73
883,79	1210,35
883,95	1210,35
884,12	1236,97
884,29	1173,49
884,45	1249,26
884,62	1124,33
884,78	1193,97
884,95	1177,58
885,11	1208,30
885,28	1179,63
885,44	1189,87
885,61	1157,10
885,77	1097,71
885,94	1265,64
886,10	1148,91
886,27	1220,59
886,43	1228,78
886,60	1214,45
886,76	1167,34
886,93	1173,49
887,09	1253,36
887,26	1169,39
887,42	1204,21
887,59	1107,95
887,75	1185,77
887,92	1148,91
888,08	1187,82
888,25	1183,73
888,41	1196,01
888,58	1124,33
888,74	1110,00
888,91	1175,53
