177,47	1210,35
177,69	1210,35
177,91	1210,35
178,13	1161,20
178,36	1130,48
178,58	1196,01
178,80	1206,25
179,02	1196,01
179,24	1228,78
179,46	1165,29
179,68	1257,45
179,90	1171,44
180,13	1173,49
180,35	1196,01
180,57	1161,20
180,79	1124,33
181,01	1224,69
181,23	1124,33
181,45	1148,91
181,67	1165,29
181,90	1150,96
182,12	1232,88
182,34	1159,15
182,56	1161,20
182,78	1130,48
183,00	1142,77
183,22	1142,77
183,44	1120,24
183,66	1159,15
183,89	1204,21
184,11	1228,78
184,33	1187,82
184,55	1148,91
184,77	1140,72
184,99	1310,70
185,21	1128,43
185,43	1163,25
185,65	1142,77
185,87	1179,63
186,10	1069,04
186,32	1206,25
186,54	1196,01
186,76	1165,29
186,98	1261,55
187,20	1243,12
187,42	1153,01
187,64	1150,96
187,86	1083,38
188,08	1193,97
188,30	1189,87
188,52	1124,33
188,75	1185,77
188,97	1212,40
189,19	1198,06
189,41	1185,77
189,63	1232,88
189,85	1175,53
190,07	1216,49
190,29	1173,49
190,51	1228,78
190,73	1163,25
190,95	1155,05
191,17	1187,82
191,39	1175,53
191,61	1245,16
191,84	1212,40
192,06	1200,11
192,28	1228,78
192,50	1249,26
192,72	1161,20
192,94	1165,29
193,16	1177,58
193,38	1204,21
193,60	1159,15
193,82	1228,78
194,04	1196,01
194,26	1179,63
194,48	1185,77
194,70	1273,84
194,92	1134,57
195,14	1126,38
195,36	1284,08
195,58	1140,72
195,80	1179,63
196,02	1247,21
196,24	1210,35
196,46	1169,39
196,69	1171,44
196,91	1185,77
197,13	1148,91
197,35	1206,25
197,57	1181,68
197,79	1191,92
198,01	1128,43
198,23	1161,20
198,45	1218,54
198,67	1181,68
198,89	1155,05
199,11	1173,49
199,33	1202,16
199,55	1196,01
199,77	1130,48
199,99	1187,82
200,21	1181,68
200,43	1167,34
200,65	1163,25
200,87	1179,63
201,09	1173,49
201,31	1224,69
201,53	1224,69
201,75	1163,25
201,97	1193,97
202,19	1163,25
202,41	1175,53
202,63	1177,58
202,85	1130,48
203,07	1138,67
203,29	1181,68
203,51	1118,19
203,73	1202,16
203,95	1189,87
204,17	1134,57
204,39	1155,05
204,61	1150,96
204,83	1171,44
205,05	1134,57
205,27	1163,25
205,49	1204,21
205,71	1144,81
205,93	1153,01
206,15	1230,83
206,37	1196,01
206,59	1126,38
206,81	1159,15
207,03	1245,16
207,25	1214,45
207,47	1189,87
207,69	1136,62
207,91	1218,54
208,13	1183,73
208,34	1198,06
208,56	1187,82
208,78	1212,40
209,00	1224,69
209,22	1150,96
209,44	1155,05
209,66	1208,30
209,88	1216,49
210,10	1155,05
210,32	1167,34
210,54	1159,15
210,76	1196,01
210,98	1171,44
211,20	1171,44
211,42	1132,53
211,64	1214,45
211,86	1198,06
212,08	1142,77
212,30	1175,53
212,52	1132,53
212,74	1118,19
212,96	1142,77
213,17	1157,10
213,39	1185,77
213,61	1220,59
213,83	1185,77
214,05	1171,44
214,27	1206,25
214,49	1218,54
214,71	1198,06
214,93	1187,82
215,15	1140,72
215,37	1198,06
215,59	1150,96
215,81	1167,34
216,03	1161,20
216,24	1159,15
216,46	1212,40
216,68	1138,67
216,90	1146,86
217,12	1150,96
217,34	1185,77
217,56	1200,11
217,78	1181,68
218,00	1234,93
218,22	1185,77
218,44	1191,92
218,66	1142,77
218,87	1167,34
219,09	1163,25
219,31	1173,49
219,53	1167,34
219,75	1138,67
219,97	1130,48
220,19	1144,81
220,41	1191,92
220,63	1179,63
220,85	1167,34
221,06	1200,11
221,28	1157,10
221,50	1218,54
221,72	1212,40
221,94	1196,01
222,16	1142,77
222,38	1198,06
222,60	1132,53
222,82	1222,64
223,03	1144,81
223,25	1179,63
223,47	1191,92
223,69	1216,49
223,91	1206,25
224,13	1144,81
224,35	1189,87
224,57	1159,15
224,78	1206,25
225,00	1206,25
225,22	1210,35
225,44	1161,20
225,66	1181,68
225,88	1163,25
226,10	1177,58
226,32	1202,16
226,53	1228,78
226,75	1185,77
226,97	1171,44
227,19	1183,73
227,41	1140,72
227,63	1175,53
227,85	1171,44
228,06	1169,39
228,28	1187,82
228,50	1208,30
228,72	1193,97
228,94	1239,02
229,16	1150,96
229,37	1218,54
229,59	1253,36
229,81	1198,06
230,03	1187,82
230,25	1220,59
230,47	1136,62
230,69	1136,62
230,90	1153,01
231,12	1132,53
231,34	1191,92
231,56	1159,15
231,78	1159,15
232,00	1142,77
232,21	1169,39
232,43	1259,50
232,65	1173,49
232,87	1173,49
233,09	1230,83
233,30	1169,39
233,52	1198,06
233,74	1200,11
233,96	1181,68
234,18	1175,53
234,40	1177,58
234,61	1083,38
234,83	1175,53
235,05	1232,88
235,27	1212,40
235,49	1167,34
235,70	1214,45
235,92	1165,29
236,14	1130,48
236,36	1214,45
236,58	1183,73
236,79	1148,91
237,01	1204,21
237,23	1200,11
237,45	1169,39
237,67	1204,21
237,88	1161,20
238,10	1128,43
238,32	1181,68
238,54	1101,81
238,76	1204,21
238,97	1243,12
239,19	1138,67
239,41	1142,77
239,63	1167,34
239,85	1220,59
240,06	1155,05
240,28	1130,48
240,50	1218,54
240,72	1241,07
240,93	1187,82
241,15	1150,96
241,37	1187,82
241,59	1159,15
241,81	1167,34
242,02	1189,87
242,24	1196,01
242,46	1146,86
242,68	1155,05
242,89	1173,49
243,11	1198,06
243,33	1198,06
243,55	1159,15
243,76	1181,68
243,98	1232,88
244,20	1198,06
244,42	1226,73
244,64	1191,92
244,85	1218,54
245,07	1124,33
245,29	1130,48
245,51	1212,40
245,72	1216,49
245,94	1187,82
246,16	1214,45
246,38	1142,77
246,59	1206,25
246,81	1189,87
247,03	1169,39
247,24	1189,87
247,46	1177,58
247,68	1173,49
247,90	1193,97
248,11	1232,88
248,33	1232,88
248,55	1200,11
248,77	1130,48
248,98	1181,68
249,20	1251,31
249,42	1206,25
249,64	1134,57
249,85	1255,40
250,07	1171,44
250,29	1239,02
250,50	1179,63
250,72	1191,92
250,94	1191,92
251,16	1224,69
251,37	1187,82
251,59	1177,58
251,81	1138,67
252,02	1193,97
252,24	1148,91
252,46	1226,73
252,68	1159,15
252,89	1239,02
253,11	1140,72
253,33	1247,21
253,54	1204,21
253,76	1232,88
253,98	1181,68
254,20	1138,67
254,41	1146,86
254,63	1202,16
254,85	1124,33
255,06	1181,68
255,28	1226,73
255,50	1159,15
255,71	1150,96
255,93	1148,91
256,15	1148,91
256,36	1181,68
256,58	1228,78
256,80	1204,21
257,02	1128,43
257,23	1200,11
257,45	1142,77
257,67	1241,07
257,88	1236,97
258,10	1175,53
258,32	1163,25
258,53	1177,58
258,75	1144,81
258,97	1177,58
259,18	1175,53
259,40	1146,86
259,62	1155,05
259,83	1163,25
260,05	1138,67
260,27	1234,93
260,48	1140,72
260,70	1118,19
260,92	1175,53
261,13	1140,72
261,35	1173,49
261,57	1126,38
261,78	1208,30
262,00	1206,25
262,22	1159,15
262,43	1296,36
262,65	1189,87
262,86	1181,68
263,08	1167,34
263,30	1208,30
263,51	1230,83
263,73	1171,44
263,95	1177,58
264,16	1155,05
264,38	1138,67
264,60	1189,87
264,81	1171,44
265,03	1140,72
265,25	1083,38
265,46	1273,84
265,68	1169,39
265,89	1187,82
266,11	1189,87
266,33	1114,10
266,54	1218,54
266,76	1142,77
266,98	1175,53
267,19	1148,91
267,41	1099,76
267,62	1165,29
267,84	1142,77
268,06	1202,16
268,27	1200,11
268,49	1144,81
268,70	1150,96
268,92	1202,16
269,14	1157,10
269,35	1210,35
269,57	1198,06
269,79	1249,26
270,00	1116,14
270,22	1191,92
270,43	1236,97
270,65	1179,63
270,87	1144,81
271,08	1181,68
271,30	1181,68
271,51	1134,57
271,73	1165,29
271,95	1230,83
272,16	1175,53
272,38	1189,87
272,59	1181,68
272,81	1146,86
273,02	1232,88
273,24	1159,15
273,46	1185,77
273,67	1177,58
273,89	1218,54
274,10	1189,87
274,32	1230,83
274,54	1232,88
274,75	1193,97
274,97	1202,16
275,18	1148,91
275,40	1206,25
275,61	1114,10
275,83	1198,06
276,05	1175,53
276,26	1132,53
276,48	1148,91
276,69	1159,15
276,91	1191,92
277,12	1187,82
277,34	1169,39
277,55	1210,35
277,77	1220,59
277,99	1200,11
278,20	1251,31
278,42	1169,39
278,63	1177,58
278,85	1163,25
279,06	1193,97
279,28	1206,25
279,49	1214,45
279,71	1265,64
279,93	1142,77
280,14	1169,39
280,36	1241,07
280,57	1150,96
280,79	1224,69
281,00	1224,69
281,22	1259,50
281,43	1206,25
281,65	1083,38
281,86	1187,82
282,08	1159,15
282,29	1187,82
282,51	1189,87
282,73	1181,68
282,94	1191,92
283,16	1245,16
283,37	1171,44
283,59	1146,86
283,80	1126,38
284,02	1130,48
284,23	1148,91
284,45	1165,29
284,66	1134,57
284,88	1148,91
285,09	1224,69
285,31	1189,87
285,52	1218,54
285,74	1196,01
285,95	1146,86
286,17	1171,44
286,38	1187,82
286,60	1107,95
286,81	1138,67
287,03	1161,20
287,24	1216,49
287,46	1236,97
287,67	1185,77
287,89	1187,82
288,10	1181,68
288,32	1206,25
288,53	1218,54
288,75	1167,34
288,96	1208,30
289,18	1193,97
289,39	1189,87
289,61	1200,11
289,82	1167,34
290,04	1110,00
290,25	1204,21
290,47	1148,91
290,68	1196,01
290,90	1185,77
291,11	1202,16
291,33	1136,62
291,54	1298,41
291,76	1173,49
291,97	1210,35
292,18	1175,53
292,40	1241,07
292,61	1187,82
292,83	1191,92
293,04	1110,00
293,26	1171,44
293,47	1142,77
293,69	1165,29
293,90	1132,53
294,12	1179,63
294,33	1134,57
294,55	1198,06
294,76	1181,68
294,97	1206,25
295,19	1241,07
295,40	1132,53
295,62	1222,64
295,83	1208,30
296,05	1153,01
296,26	1189,87
296,48	1216,49
296,69	1132,53
296,90	1062,90
297,12	1142,77
297,33	1208,30
297,55	1101,81
297,76	1224,69
297,98	1155,05
298,19	1214,45
298,41	1218,54
298,62	1171,44
298,83	1193,97
299,05	1177,58
299,26	1144,81
299,48	1220,59
299,69	1230,83
299,90	1140,72
300,12	1134,57
300,33	1226,73
300,55	1144,81
300,76	1230,83
300,98	1126,38
301,19	1161,20
301,40	1128,43
301,62	1148,91
301,83	1136,62
302,05	1177,58
302,26	1136,62
302,47	1202,16
302,69	1200,11
302,90	1159,15
303,12	1179,63
303,33	1159,15
303,54	1155,05
303,76	1226,73
303,97	1146,86
304,19	1175,53
304,40	1140,72
304,61	1157,10
304,83	1222,64
305,04	1148,91
305,26	1245,16
305,47	1118,19
305,68	1183,73
305,90	1118,19
306,11	1191,92
306,33	1204,21
306,54	1193,97
306,75	1136,62
306,97	1177,58
307,18	1150,96
307,39	1187,82
307,61	1220,59
307,82	1191,92
308,04	1140,72
308,25	1224,69
308,46	1142,77
308,68	1118,19
308,89	1167,34
309,10	1202,16
309,32	1171,44
309,53	1138,67
309,74	1236,97
309,96	1169,39
310,17	1232,88
310,39	1196,01
310,60	1144,81
310,81	1210,35
311,03	1208,30
311,24	1185,77
311,45	1208,30
311,67	1155,05
311,88	1093,62
312,09	1159,15
312,31	1171,44
312,52	1204,21
312,73	1142,77
312,95	1118,19
313,16	1183,73
313,37	1214,45
313,59	1144,81
313,80	1245,16
314,01	1085,42
314,23	1142,77
314,44	1124,33
314,65	1224,69
314,87	1187,82
315,08	1146,86
315,29	1220,59
315,51	1216,49
315,72	1202,16
315,93	1202,16
316,15	1165,29
316,36	1142,77
316,57	1200,11
316,79	1120,24
317,00	1206,25
317,21	1144,81
317,43	1191,92
317,64	1159,15
317,85	1083,38
318,07	1265,64
318,28	1165,29
318,49	1150,96
318,70	1191,92
318,92	1251,31
319,13	1150,96
319,34	1159,15
319,56	1138,67
319,77	1200,11
319,98	1136,62
320,20	1226,73
320,41	1155,05
320,62	1155,05
320,83	1206,25
321,05	1212,40
321,26	1177,58
321,47	1200,11
321,69	1126,38
321,90	1214,45
322,11	1189,87
322,32	1189,87
322,54	1214,45
322,75	1191,92
322,96	1224,69
323,18	1157,10
323,39	1163,25
323,60	1224,69
323,81	1196,01
324,03	1132,53
324,24	1198,06
324,45	1159,15
324,66	1241,07
324,88	1161,20
325,09	1179,63
325,30	1179,63
325,52	1159,15
325,73	1193,97
325,94	1177,58
326,15	1181,68
326,37	1155,05
326,58	1144,81
326,79	1232,88
327,00	1120,24
327,22	1218,54
327,43	1163,25
327,64	1105,90
327,85	1230,83
328,07	1249,26
328,28	1183,73
328,49	1157,10
328,70	1200,11
328,92	1142,77
329,13	1167,34
329,34	1212,40
329,55	1163,25
329,76	1134,57
329,98	1261,55
330,19	1155,05
330,40	1089,52
330,61	1175,53
330,83	1093,62
331,04	1210,35
331,25	1150,96
331,46	1214,45
331,68	1148,91
331,89	1191,92
332,10	1136,62
332,31	1208,30
332,52	1124,33
332,74	1290,22
332,95	1200,11
333,16	1200,11
333,37	1081,33
333,58	1251,31
333,80	1105,90
334,01	1148,91
334,22	1148,91
334,43	1167,34
334,64	1134,57
334,86	1140,72
335,07	1150,96
335,28	1220,59
335,49	1189,87
335,70	1212,40
335,92	1150,96
336,13	1202,16
336,34	1122,29
336,55	1097,71
336,76	1130,48
336,98	1142,77
337,19	1116,14
337,40	1157,10
337,61	1251,31
337,82	1130,48
338,04	1189,87
338,25	1214,45
338,46	1157,10
338,67	1177,58
338,88	1157,10
339,09	1144,81
339,31	1241,07
339,52	1187,82
339,73	1191,92
339,94	1214,45
340,15	1191,92
340,36	1155,05
340,58	1198,06
340,79	1193,97
341,00	1105,90
341,21	1204,21
341,42	1200,11
341,63	1159,15
341,85	1105,90
342,06	1165,29
342,27	1077,23
342,48	1224,69
342,69	1204,21
342,90	1155,05
343,12	1138,67
343,33	1122,29
343,54	1212,40
343,75	1165,29
343,96	1150,96
344,17	1114,10
344,38	1148,91
344,60	1163,25
344,81	1161,20
345,02	1173,49
345,23	1089,52
345,44	1169,39
345,65	1126,38
345,86	1202,16
346,07	1144,81
346,29	1222,64
346,50	1230,83
346,71	1134,57
346,92	1196,01
347,13	1161,20
347,34	1222,64
347,55	1193,97
347,76	1161,20
347,98	1148,91
348,19	1185,77
348,40	1163,25
348,61	1159,15
348,82	1157,10
349,03	1222,64
349,24	1226,73
349,45	1163,25
349,66	1189,87
349,88	1271,79
350,09	1138,67
350,30	1173,49
350,51	1218,54
350,72	1226,73
350,93	1183,73
351,14	1171,44
351,35	1144,81
351,56	1216,49
351,77	1124,33
351,99	1189,87
352,20	1175,53
352,41	1212,40
352,62	1140,72
352,83	1251,31
353,04	1140,72
353,25	1128,43
353,46	1253,36
353,67	1056,75
353,88	1210,35
354,09	1155,05
354,30	1214,45
354,52	1187,82
354,73	1099,76
354,94	1138,67
355,15	1157,10
355,36	1187,82
355,57	1191,92
355,78	1134,57
355,99	1208,30
356,20	1163,25
356,41	1200,11
356,62	1189,87
356,83	1224,69
357,04	1148,91
357,25	1198,06
357,46	1191,92
357,68	1216,49
357,89	1171,44
358,10	1200,11
358,31	1214,45
358,52	1196,01
358,73	1114,10
358,94	1167,34
359,15	1222,64
359,36	1150,96
359,57	1216,49
359,78	1208,30
359,99	1157,10
360,20	1187,82
360,41	1146,86
360,62	1155,05
360,83	1155,05
361,04	1224,69
361,25	1101,81
361,46	1155,05
361,67	1144,81
361,88	1175,53
362,09	1202,16
362,30	1214,45
362,51	1153,01
362,72	1212,40
362,93	1142,77
363,14	1153,01
363,35	1134,57
363,56	1247,21
363,78	1208,30
363,99	1206,25
364,20	1183,73
364,41	1175,53
364,62	1183,73
364,83	1150,96
365,04	1175,53
365,25	1153,01
365,46	1130,48
365,67	1179,63
365,88	1191,92
366,09	1214,45
366,30	1144,81
366,51	1220,59
366,72	1161,20
366,93	1247,21
367,14	1146,86
367,35	1208,30
367,56	1134,57
367,77	1212,40
367,98	1128,43
368,18	1130,48
368,39	1150,96
368,60	1185,77
368,81	1146,86
369,02	1161,20
369,23	1132,53
369,44	1263,60
369,65	1185,77
369,86	1226,73
370,07	1185,77
370,28	1187,82
370,49	1212,40
370,70	1189,87
370,91	1296,36
371,12	1144,81
371,33	1132,53
371,54	1183,73
371,75	1134,57
371,96	1150,96
372,17	1175,53
372,38	1157,10
372,59	1185,77
372,80	1187,82
373,01	1148,91
373,22	1146,86
373,43	1150,96
373,64	1116,14
373,85	1243,12
374,06	1157,10
374,26	1210,35
374,47	1198,06
374,68	1091,57
374,89	1239,02
375,10	1236,97
375,31	1189,87
375,52	1136,62
375,73	1167,34
375,94	1200,11
376,15	1183,73
376,36	1159,15
376,57	1144,81
376,78	1224,69
376,99	1208,30
377,20	1191,92
377,40	1144,81
377,61	1105,90
377,82	1132,53
378,03	1169,39
378,24	1138,67
378,45	1236,97
378,66	1159,15
378,87	1167,34
379,08	1200,11
379,29	1183,73
379,50	1155,05
379,71	1126,38
379,91	1232,88
380,12	1204,21
380,33	1142,77
380,54	1187,82
380,75	1150,96
380,96	1181,68
381,17	1198,06
381,38	1134,57
381,59	1126,38
381,80	1097,71
382,00	1189,87
382,21	1105,90
382,42	1136,62
382,63	1120,24
382,84	1116,14
383,05	1198,06
383,26	1198,06
383,47	1144,81
383,68	1157,10
383,88	1202,16
384,09	1202,16
384,30	1196,01
384,51	1236,97
384,72	1181,68
384,93	1175,53
385,14	1177,58
385,35	1220,59
385,55	1216,49
385,76	1167,34
385,97	1208,30
386,18	1208,30
386,39	1146,86
386,60	1241,07
386,81	1155,05
387,02	1200,11
387,22	1157,10
387,43	1163,25
387,64	1138,67
387,85	1126,38
388,06	1241,07
388,27	1200,11
388,48	1275,88
388,68	1179,63
388,89	1167,34
389,10	1144,81
389,31	1153,01
389,52	1150,96
389,73	1239,02
389,93	1214,45
390,14	1118,19
390,35	1185,77
390,56	1191,92
390,77	1132,53
390,98	1134,57
391,18	1282,03
391,39	1165,29
391,60	1073,14
391,81	1191,92
392,02	1241,07
392,23	1128,43
392,43	1204,21
392,64	1196,01
392,85	1122,29
393,06	1198,06
393,27	1056,75
393,47	1148,91
393,68	1159,15
393,89	1196,01
394,10	1208,30
394,31	1208,30
394,52	1155,05
394,72	1187,82
394,93	1128,43
395,14	1236,97
395,35	1191,92
395,56	1175,53
395,76	1142,77
395,97	1196,01
396,18	1271,79
396,39	1191,92
396,60	1232,88
396,80	1167,34
397,01	1232,88
397,22	1204,21
397,43	1187,82
397,64	1208,30
397,84	1218,54
398,05	1193,97
398,26	1204,21
398,47	1163,25
398,67	1232,88
398,88	1124,33
399,09	1181,68
399,30	1189,87
399,51	1173,49
399,71	1138,67
399,92	1171,44
400,13	1200,11
400,34	1128,43
400,54	1120,24
400,75	1144,81
400,96	1134,57
401,17	1183,73
401,37	1146,86
401,58	1191,92
401,79	1202,16
402,00	1189,87
402,21	1196,01
402,41	1247,21
402,62	1241,07
402,83	1105,90
403,04	1202,16
403,24	1155,05
403,45	1204,21
403,66	1198,06
403,87	1144,81
404,07	1155,05
404,28	1167,34
404,49	1159,15
404,70	1220,59
404,90	1130,48
405,11	1101,81
405,32	1271,79
405,52	1175,53
405,73	1210,35
405,94	1230,83
406,15	1146,86
406,35	1134,57
406,56	1136,62
406,77	1116,14
406,98	1183,73
407,18	1161,20
407,39	1239,02
407,60	1175,53
407,80	1146,86
408,01	1224,69
408,22	1142,77
408,43	1153,01
408,63	1214,45
408,84	1175,53
409,05	1181,68
409,25	1144,81
409,46	1183,73
409,67	1224,69
409,88	1189,87
410,08	1071,09
410,29	1153,01
410,50	1110,00
410,70	1204,21
410,91	1136,62
411,12	1177,58
411,32	1208,30
411,53	1107,95
411,74	1159,15
411,95	1146,86
412,15	1155,05
412,36	1230,83
412,57	1122,29
412,77	1110,00
412,98	1177,58
413,19	1167,34
413,39	1181,68
413,60	1173,49
413,81	1165,29
414,01	1196,01
414,22	1245,16
414,43	1157,10
414,63	1175,53
414,84	1138,67
415,05	1239,02
415,25	1173,49
415,46	1173,49
415,67	1204,21
415,87	1118,19
416,08	1183,73
416,29	1138,67
416,49	1183,73
416,70	1157,10
416,91	1189,87
417,11	1134,57
417,32	1150,96
417,53	1269,74
417,73	1142,77
417,94	1173,49
418,15	1193,97
418,35	1214,45
418,56	1189,87
418,77	1214,45
418,97	1185,77
419,18	1191,92
419,38	1232,88
419,59	1155,05
419,80	1202,16
420,00	1114,10
420,21	1140,72
420,42	1132,53
420,62	1220,59
420,83	1148,91
421,04	1165,29
421,24	1193,97
421,45	1159,15
421,65	1148,91
421,86	1247,21
422,07	1208,30
422,27	1116,14
422,48	1189,87
422,69	1181,68
422,89	1093,62
423,10	1198,06
423,30	1193,97
423,51	1173,49
423,72	1150,96
423,92	1206,25
424,13	1093,62
424,33	1138,67
424,54	1204,21
424,75	1175,53
424,95	1216,49
425,16	1169,39
425,36	1181,68
425,57	1144,81
425,78	1165,29
425,98	1196,01
426,19	1171,44
426,39	1179,63
426,60	1138,67
426,81	1163,25
427,01	1173,49
427,22	1171,44
427,42	1171,44
427,63	1247,21
427,83	1179,63
428,04	1159,15
428,25	1185,77
428,45	1163,25
428,66	1173,49
428,86	1148,91
429,07	1200,11
429,28	1150,96
429,48	1218,54
429,69	1218,54
429,89	1241,07
430,10	1169,39
430,30	1196,01
430,51	1183,73
430,71	1163,25
430,92	1146,86
431,13	1146,86
431,33	1142,77
431,54	1163,25
431,74	1148,91
431,95	1202,16
432,15	1181,68
432,36	1191,92
432,56	1181,68
432,77	1183,73
432,98	1198,06
433,18	1196,01
433,39	1150,96
433,59	1218,54
433,80	1222,64
434,00	1148,91
434,21	1212,40
434,41	1200,11
434,62	1167,34
434,82	1181,68
435,03	1171,44
435,23	1228,78
435,44	1173,49
435,64	1122,29
435,85	1167,34
436,06	1208,30
436,26	1198,06
436,47	1171,44
436,67	1153,01
436,88	1183,73
437,08	1167,34
437,29	1185,77
437,49	1163,25
437,70	1132,53
437,90	1212,40
438,11	1183,73
438,31	1228,78
438,52	1191,92
438,72	1165,29
438,93	1212,40
439,13	1134,57
439,34	1167,34
439,54	1189,87
439,75	1163,25
439,95	1148,91
440,16	1222,64
440,36	1220,59
440,57	1155,05
440,77	1179,63
440,98	1187,82
441,18	1165,29
441,39	1196,01
441,59	1177,58
441,80	1157,10
442,00	1134,57
442,21	1150,96
442,41	1198,06
442,62	1148,91
442,82	1202,16
443,02	1187,82
443,23	1183,73
443,43	1224,69
443,64	1191,92
443,84	1112,05
444,05	1093,62
444,25	1105,90
444,46	1216,49
444,66	1130,48
444,87	1171,44
445,07	1185,77
445,28	1191,92
445,48	1198,06
445,69	1163,25
445,89	1216,49
446,09	1091,57
446,30	1284,08
446,50	1212,40
446,71	1153,01
446,91	1183,73
447,12	1234,93
447,32	1226,73
447,53	1165,29
447,73	1153,01
447,93	1271,79
448,14	1230,83
448,34	1122,29
448,55	1142,77
448,75	1183,73
448,96	1181,68
449,16	1165,29
449,36	1146,86
449,57	1191,92
449,77	1163,25
449,98	1198,06
450,18	1167,34
450,39	1138,67
450,59	1189,87
450,79	1214,45
451,00	1130,48
451,20	1171,44
451,41	1159,15
451,61	1130,48
451,81	1214,45
452,02	1173,49
452,22	1140,72
452,43	1183,73
452,63	1120,24
452,84	1165,29
453,04	1208,30
453,24	1171,44
453,45	1241,07
453,65	1173,49
453,86	1142,77
454,06	1169,39
454,26	1241,07
454,47	1159,15
454,67	1146,86
454,87	1124,33
455,08	1212,40
455,28	1142,77
455,49	1183,73
455,69	1132,53
455,89	1198,06
456,10	1191,92
456,30	1132,53
456,51	1193,97
456,71	1148,91
456,91	1204,21
457,12	1167,34
457,32	1185,77
457,52	1153,01
457,73	1196,01
457,93	1187,82
458,14	1196,01
458,34	1157,10
458,54	1159,15
458,75	1255,40
458,95	1169,39
459,15	1202,16
459,36	1144,81
459,56	1173,49
459,76	1193,97
459,97	1167,34
460,17	1159,15
460,37	1193,97
460,58	1136,62
460,78	1183,73
460,99	1118,19
461,19	1171,44
461,39	1257,45
461,60	1087,47
461,80	1157,10
462,00	1196,01
462,21	1097,71
462,41	1159,15
462,61	1124,33
462,82	1144,81
463,02	1161,20
463,22	1185,77
463,43	1214,45
463,63	1165,29
463,83	1169,39
464,04	1153,01
464,24	1148,91
464,44	1181,68
464,64	1153,01
464,85	1243,12
465,05	1126,38
465,25	1198,06
465,46	1204,21
465,66	1196,01
465,86	1179,63
466,07	1122,29
466,27	1187,82
466,47	1185,77
466,68	1130,48
466,88	1159,15
467,08	1202,16
467,29	1150,96
467,49	1165,29
467,69	1153,01
467,89	1196,01
468,10	1171,44
468,30	1169,39
468,50	1148,91
468,71	1126,38
468,91	1181,68
469,11	1204,21
469,31	1116,14
469,52	1222,64
469,72	1130,48
469,92	1114,10
470,13	1165,29
470,33	1259,50
470,53	1177,58
470,73	1243,12
470,94	1245,16
471,14	1138,67
471,34	1224,69
471,54	1177,58
471,75	1185,77
471,95	1212,40
472,15	1206,25
472,36	1247,21
472,56	1224,69
472,76	1173,49
472,96	1165,29
473,17	1110,00
473,37	1146,86
473,57	1191,92
473,77	1146,86
473,98	1144,81
474,18	1191,92
474,38	1239,02
474,58	1179,63
474,79	1210,35
474,99	1189,87
475,19	1218,54
475,39	1153,01
475,60	1138,67
475,80	1126,38
476,00	1138,67
476,20	1134,57
476,41	1142,77
476,61	1198,06
476,81	1130,48
477,01	1167,34
477,21	1148,91
477,42	1155,05
477,62	1187,82
477,82	1140,72
478,02	1173,49
478,23	1206,25
478,43	1191,92
478,63	1183,73
478,83	1169,39
479,03	1175,53
479,24	1183,73
479,44	1175,53
479,64	1163,25
479,84	1179,63
480,04	1202,16
480,25	1150,96
480,45	1124,33
480,65	1222,64
480,85	1167,34
481,06	1138,67
481,26	1196,01
481,46	1179,63
481,66	1114,10
481,86	1216,49
482,06	1210,35
482,27	1159,15
482,47	1124,33
482,67	1171,44
482,87	1163,25
483,07	1220,59
483,28	1146,86
483,48	1169,39
483,68	1136,62
483,88	1099,76
484,08	1165,29
484,29	1200,11
484,49	1144,81
484,69	1212,40
484,89	1196,01
485,09	1167,34
485,29	1196,01
485,50	1126,38
485,70	1148,91
485,90	1196,01
486,10	1177,58
486,30	1208,30
486,50	1179,63
486,71	1206,25
486,91	1163,25
487,11	1105,90
487,31	1132,53
487,51	1163,25
487,71	1112,05
487,91	1134,57
488,12	1165,29
488,32	1105,90
488,52	1189,87
488,72	1216,49
488,92	1126,38
489,12	1226,73
489,32	1150,96
489,53	1187,82
489,73	1196,01
489,93	1165,29
490,13	1243,12
490,33	1243,12
490,53	1167,34
490,73	1196,01
490,94	1163,25
491,14	1204,21
491,34	1261,55
491,54	1144,81
491,74	1136,62
491,94	1183,73
492,14	1206,25
492,34	1171,44
492,54	1159,15
492,75	1146,86
492,95	1179,63
493,15	1210,35
493,35	1175,53
493,55	1200,11
493,75	1120,24
493,95	1126,38
494,15	1179,63
494,35	1189,87
494,56	1177,58
494,76	1208,30
494,96	1212,40
495,16	1157,10
495,36	1177,58
495,56	1126,38
495,76	1198,06
495,96	1159,15
496,16	1140,72
496,36	1189,87
496,56	1138,67
496,77	1159,15
496,97	1183,73
497,17	1116,14
497,37	1120,24
497,57	1118,19
497,77	1124,33
497,97	1189,87
498,17	1181,68
498,37	1208,30
498,57	1183,73
498,77	1148,91
498,97	1210,35
499,17	1136,62
499,38	1146,86
499,58	1144,81
499,78	1189,87
499,98	1198,06
500,18	1146,86
500,38	1161,20
500,58	1200,11
500,78	1179,63
500,98	1226,73
501,18	1173,49
501,38	1128,43
501,58	1200,11
501,78	1232,88
501,98	1239,02
502,18	1144,81
502,38	1208,30
502,58	1130,48
502,78	1132,53
502,98	1150,96
503,18	1138,67
503,38	1204,21
503,59	1255,40
503,79	1153,01
503,99	1193,97
504,19	1153,01
504,39	1189,87
504,59	1155,05
504,79	1181,68
504,99	1091,57
505,19	1214,45
505,39	1204,21
505,59	1191,92
505,79	1124,33
505,99	1116,14
506,19	1171,44
506,39	1187,82
506,59	1212,40
506,79	1101,81
506,99	1167,34
507,19	1193,97
507,39	1087,47
507,59	1146,86
507,79	1177,58
507,99	1167,34
508,19	1236,97
508,39	1081,33
508,59	1191,92
508,79	1220,59
508,99	1167,34
509,19	1171,44
509,39	1191,92
509,59	1142,77
509,79	1128,43
509,99	1124,33
510,19	1202,16
510,39	1198,06
510,59	1224,69
510,79	1161,20
510,99	1189,87
511,19	1206,25
511,39	1159,15
511,59	1155,05
511,79	1183,73
511,99	1230,83
512,19	1165,29
512,38	1202,16
512,58	1214,45
512,78	1142,77
512,98	1212,40
513,18	1124,33
513,38	1142,77
513,58	1220,59
513,78	1095,66
513,98	1214,45
514,18	1161,20
514,38	1206,25
514,58	1187,82
514,78	1220,59
514,98	1183,73
515,18	1193,97
515,38	1146,86
515,58	1062,90
515,78	1171,44
515,98	1089,52
516,18	1193,97
516,38	1091,57
516,57	1198,06
516,77	1220,59
516,97	1163,25
517,17	1189,87
517,37	1222,64
517,57	1161,20
517,77	1095,66
517,97	1198,06
518,17	1232,88
518,37	1200,11
518,57	1159,15
518,77	1230,83
518,97	1167,34
519,16	1279,98
519,36	1142,77
519,56	1212,40
519,76	1189,87
519,96	1153,01
520,16	1095,66
520,36	1224,69
520,56	1171,44
520,76	1208,30
520,96	1136,62
521,16	1177,58
521,35	1159,15
521,55	1198,06
521,75	1153,01
521,95	1165,29
522,15	1187,82
522,35	1146,86
522,55	1144,81
522,75	1191,92
522,95	1144,81
523,14	1183,73
523,34	1189,87
523,54	1116,14
523,74	1150,96
523,94	1150,96
524,14	1124,33
524,34	1206,25
524,54	1171,44
524,73	1167,34
524,93	1157,10
525,13	1236,97
525,33	1187,82
525,53	1118,19
525,73	1218,54
525,93	1122,29
526,13	1183,73
526,32	1196,01
526,52	1159,15
526,72	1173,49
526,92	1169,39
527,12	1181,68
527,32	1159,15
527,52	1245,16
527,71	1191,92
527,91	1212,40
528,11	1163,25
528,31	1134,57
528,51	1175,53
528,71	1163,25
528,90	1122,29
529,10	1247,21
529,30	1161,20
529,50	1161,20
529,70	1204,21
529,90	1208,30
530,09	1177,58
530,29	1179,63
530,49	1126,38
530,69	1173,49
530,89	1210,35
531,09	1124,33
531,28	1179,63
531,48	1128,43
531,68	1148,91
531,88	1107,95
532,08	1163,25
532,28	1177,58
532,47	1196,01
532,67	1169,39
532,87	1191,92
533,07	1181,68
533,27	1167,34
533,46	1148,91
533,66	1216,49
533,86	1189,87
534,06	1118,19
534,26	1206,25
534,45	1204,21
534,65	1191,92
534,85	1187,82
535,05	1208,30
535,25	1124,33
535,44	1165,29
535,64	1181,68
535,84	1163,25
536,04	1110,00
536,24	1150,96
536,43	1177,58
536,63	1181,68
536,83	1185,77
537,03	1183,73
537,22	1167,34
537,42	1185,77
537,62	1138,67
537,82	1097,71
538,02	1167,34
538,21	1208,30
538,41	1148,91
538,61	1181,68
538,81	1212,40
539,00	1159,15
539,20	1230,83
539,40	1230,83
539,60	1124,33
539,79	1204,21
539,99	1087,47
540,19	1171,44
540,39	1245,16
540,58	1183,73
540,78	1148,91
540,98	1171,44
541,18	1189,87
541,37	1210,35
541,57	1144,81
541,77	1251,31
541,97	1105,90
542,16	1200,11
542,36	1130,48
542,56	1193,97
542,76	1130,48
542,95	1222,64
543,15	1122,29
543,35	1200,11
543,54	1216,49
543,74	1208,30
543,94	1165,29
544,14	1167,34
544,33	1255,40
544,53	1236,97
544,73	1159,15
544,93	1206,25
545,12	1110,00
545,32	1116,14
545,52	1196,01
545,71	1138,67
545,91	1140,72
546,11	1214,45
546,30	1230,83
546,50	1169,39
546,70	1130,48
546,90	1120,24
547,09	1159,15
547,29	1181,68
547,49	1183,73
547,68	1161,20
547,88	1173,49
548,08	1132,53
548,27	1245,16
548,47	1191,92
548,67	1320,94
548,87	1159,15
549,06	1187,82
549,26	1157,10
549,46	1064,94
549,65	1130,48
549,85	1126,38
550,05	1167,34
550,24	1185,77
550,44	1179,63
550,64	1179,63
550,83	1157,10
551,03	1103,86
551,23	1148,91
551,42	1171,44
551,62	1222,64
551,82	1116,14
552,01	1157,10
552,21	1183,73
552,41	1191,92
552,60	1204,21
552,80	1126,38
553,00	1062,90
553,19	1193,97
553,39	1204,21
553,59	1159,15
553,78	1200,11
553,98	1196,01
554,17	1204,21
554,37	1167,34
554,57	1114,10
554,76	1150,96
554,96	1112,05
555,16	1161,20
555,35	1126,38
555,55	1196,01
555,75	1165,29
555,94	1200,11
556,14	1202,16
556,33	1150,96
556,53	1239,02
556,73	1230,83
556,92	1083,38
557,12	1146,86
557,32	1214,45
557,51	1200,11
557,71	1181,68
557,90	1110,00
558,10	1189,87
558,30	1216,49
558,49	1183,73
558,69	1163,25
558,88	1175,53
559,08	1187,82
559,28	1163,25
559,47	1210,35
559,67	1142,77
559,86	1249,26
560,06	1179,63
560,26	1150,96
560,45	1161,20
560,65	1148,91
560,84	1153,01
561,04	1150,96
561,24	1193,97
561,43	1198,06
561,63	1247,21
561,82	1177,58
562,02	1159,15
562,22	1239,02
562,41	1187,82
562,61	1130,48
562,80	1185,77
563,00	1167,34
563,19	1189,87
563,39	1122,29
563,59	1161,20
563,78	1173,49
563,98	1198,06
564,17	1155,05
564,37	1226,73
564,56	1136,62
564,76	1175,53
564,96	1230,83
565,15	1146,86
565,35	1163,25
565,54	1198,06
565,74	1191,92
565,93	1241,07
566,13	1208,30
566,32	1120,24
566,52	1110,00
566,71	1202,16
566,91	1173,49
567,11	1198,06
567,30	1134,57
567,50	1150,96
567,69	1159,15
567,89	1181,68
568,08	1140,72
568,28	1181,68
568,47	1198,06
568,67	1163,25
568,86	1208,30
569,06	1208,30
569,25	1259,50
569,45	1153,01
569,64	1204,21
569,84	1148,91
570,04	1097,71
570,23	1140,72
570,43	1179,63
570,62	1288,17
570,82	1150,96
571,01	1208,30
571,21	1140,72
571,40	1165,29
571,60	1206,25
571,79	1159,15
571,99	1171,44
572,18	1136,62
572,38	1081,33
572,57	1153,01
572,77	1224,69
572,96	1206,25
573,16	1171,44
573,35	1159,15
573,55	1155,05
573,74	1189,87
573,94	1204,21
574,13	1191,92
574,33	1148,91
574,52	1177,58
574,71	1142,77
574,91	1167,34
575,10	1171,44
575,30	1187,82
575,49	1167,34
575,69	1185,77
575,88	1202,16
576,08	1214,45
576,27	1187,82
576,47	1204,21
576,66	1175,53
576,86	1183,73
577,05	1185,77
577,25	1167,34
577,44	1210,35
577,64	1175,53
577,83	1208,30
578,02	1177,58
578,22	1245,16
578,41	1230,83
578,61	1183,73
578,80	1159,15
579,00	1159,15
579,19	1130,48
579,39	1198,06
579,58	1167,34
579,77	1185,77
579,97	1150,96
580,16	1136,62
580,36	1134,57
580,55	1208,30
580,75	1138,67
580,94	1200,11
581,13	1153,01
581,33	1148,91
581,52	1144,81
581,72	1204,21
581,91	1157,10
582,11	1144,81
582,30	1216,49
582,49	1181,68
582,69	1181,68
582,88	1224,69
583,08	1181,68
583,27	1146,86
583,47	1196,01
583,66	1173,49
583,85	1163,25
584,05	1218,54
584,24	1159,15
584,44	1173,49
584,63	1187,82
584,82	1173,49
585,02	1198,06
585,21	1114,10
585,41	1134,57
585,60	1183,73
585,79	1202,16
585,99	1171,44
586,18	1183,73
586,37	1165,29
586,57	1249,26
586,76	1169,39
586,96	1159,15
587,15	1173,49
587,34	1181,68
587,54	1251,31
587,73	1130,48
587,93	1112,05
588,12	1130,48
588,31	1146,86
588,51	1175,53
588,70	1116,14
588,89	1144,81
589,09	1189,87
589,28	1210,35
589,47	1222,64
589,67	1161,20
589,86	1206,25
590,06	1157,10
590,25	1181,68
590,44	1216,49
590,64	1146,86
590,83	1167,34
591,02	1132,53
591,22	1175,53
591,41	1159,15
591,60	1224,69
591,80	1202,16
591,99	1083,38
592,18	1214,45
592,38	1148,91
592,57	1220,59
592,76	1120,24
592,96	1193,97
593,15	1200,11
593,34	1202,16
593,54	1193,97
593,73	1173,49
593,92	1255,40
594,12	1171,44
594,31	1204,21
594,50	1142,77
594,70	1171,44
594,89	1224,69
595,08	1204,21
595,28	1157,10
595,47	1185,77
595,66	1191,92
595,86	1177,58
596,05	1150,96
596,24	1187,82
596,43	1241,07
596,63	1169,39
596,82	1245,16
597,01	1251,31
597,21	1140,72
597,40	1198,06
597,59	1239,02
597,79	1222,64
597,98	1144,81
598,17	1175,53
598,36	1271,79
598,56	1112,05
598,75	1136,62
598,94	1261,55
599,14	1261,55
599,33	1204,21
599,52	1269,74
599,71	1224,69
599,91	1216,49
600,10	1146,86
600,29	1150,96
600,48	1169,39
600,68	1114,10
600,87	1171,44
601,06	1159,15
601,26	1173,49
601,45	1167,34
601,64	1132,53
601,83	1198,06
602,03	1171,44
602,22	1185,77
602,41	1134,57
602,60	1216,49
602,80	1167,34
602,99	1181,68
603,18	1161,20
603,37	1179,63
603,57	1183,73
603,76	1202,16
603,95	1140,72
604,14	1159,15
604,34	1146,86
604,53	1204,21
604,72	1208,30
604,91	1187,82
605,10	1167,34
605,30	1155,05
605,49	1218,54
605,68	1103,86
605,87	1161,20
606,07	1150,96
606,26	1163,25
606,45	1165,29
606,64	1179,63
606,84	1155,05
607,03	1200,11
607,22	1210,35
607,41	1230,83
607,60	1245,16
607,80	1146,86
607,99	1169,39
608,18	1165,29
608,37	1165,29
608,56	1126,38
608,76	1181,68
608,95	1167,34
609,14	1142,77
609,33	1169,39
609,52	1196,01
609,72	1187,82
609,91	1189,87
610,10	1118,19
610,29	1216,49
610,48	1179,63
610,68	1253,36
610,87	1214,45
611,06	1097,71
611,25	1161,20
611,44	1245,16
611,63	1124,33
611,83	1196,01
612,02	1175,53
612,21	1181,68
612,40	1239,02
612,59	1173,49
612,79	1204,21
612,98	1208,30
613,17	1171,44
613,36	1191,92
613,55	1118,19
613,74	1179,63
613,93	1150,96
614,13	1214,45
614,32	1224,69
614,51	1157,10
614,70	1171,44
614,89	1196,01
615,08	1128,43
615,28	1105,90
615,47	1130,48
615,66	1222,64
615,85	1206,25
616,04	1212,40
616,23	1191,92
616,42	1218,54
616,62	1193,97
616,81	1124,33
617,00	1169,39
617,19	1144,81
617,38	1261,55
617,57	1150,96
617,76	1130,48
617,95	1146,86
618,15	1241,07
618,34	1167,34
618,53	1212,40
618,72	1214,45
618,91	1087,47
619,10	1216,49
619,29	1171,44
619,48	1142,77
619,68	1173,49
619,87	1204,21
620,06	1177,58
620,25	1171,44
620,44	1140,72
620,63	1214,45
620,82	1175,53
621,01	1148,91
621,20	1204,21
621,39	1189,87
621,59	1144,81
621,78	1105,90
621,97	1130,48
622,16	1198,06
622,35	1275,88
622,54	1198,06
622,73	1187,82
622,92	1157,10
623,11	1222,64
623,30	1124,33
623,49	1204,21
623,68	1206,25
623,88	1214,45
624,07	1179,63
624,26	1185,77
624,45	1245,16
624,64	1198,06
624,83	1241,07
625,02	1159,15
625,21	1204,21
625,40	1148,91
625,59	1183,73
625,78	1230,83
625,97	1155,05
626,16	1091,57
626,35	1175,53
626,54	1189,87
626,74	1128,43
626,93	1216,49
627,12	1222,64
627,31	1196,01
627,50	1169,39
627,69	1202,16
627,88	1189,87
628,07	1245,16
628,26	1265,64
628,45	1239,02
628,64	1279,98
628,83	1222,64
629,02	1230,83
629,21	1181,68
629,40	1171,44
629,59	1173,49
629,78	1210,35
629,97	1175,53
630,16	1175,53
630,35	1222,64
630,54	1155,05
630,73	1220,59
630,92	1259,50
631,11	1314,80
631,30	1296,36
631,49	1417,19
631,68	1734,63
631,87	3735,50
632,06	14466,85
632,25	41088,40
632,44	53654,73
632,63	54932,67
632,82	35218,92
633,01	18149,10
633,20	5181,36
633,39	5377,97
633,58	2629,59
633,77	2019,30
633,96	1685,48
634,15	1411,05
634,34	1527,78
634,53	1417,19
634,72	1468,39
634,91	1417,19
635,10	1368,04
635,29	1241,07
635,48	1269,74
635,67	1290,22
635,86	1232,88
636,05	1193,97
636,24	1218,54
636,43	1185,77
636,62	1249,26
636,81	1224,69
637,00	1181,68
637,19	1220,59
637,38	1200,11
637,57	1169,39
637,76	1224,69
637,95	1226,73
638,14	1165,29
638,33	1173,49
638,52	1193,97
638,71	1187,82
638,89	1169,39
639,08	1212,40
639,27	1228,78
639,46	1097,71
639,65	1220,59
639,84	1183,73
640,03	1189,87
640,22	1208,30
640,41	1228,78
640,60	1206,25
640,79	1175,53
640,98	1222,64
641,17	1150,96
641,36	1155,05
641,55	1218,54
641,74	1245,16
641,92	1265,64
642,11	1157,10
642,30	1204,21
642,49	1224,69
642,68	1241,07
642,87	1222,64
643,06	1208,30
643,25	1140,72
643,44	1155,05
643,63	1167,34
643,82	1167,34
644,00	1163,25
644,19	1241,07
644,38	1060,85
644,57	1161,20
644,76	1218,54
644,95	1185,77
645,14	1185,77
645,33	1259,50
645,52	1122,29
645,71	1224,69
645,89	1202,16
646,08	1171,44
646,27	1163,25
646,46	1255,40
646,65	1193,97
646,84	1224,69
647,03	1216,49
647,22	1210,35
647,40	1198,06
647,59	1116,14
647,78	1206,25
647,97	1175,53
648,16	1179,63
648,35	1181,68
648,54	1187,82
648,73	1232,88
648,91	1224,69
649,10	1191,92
649,29	1153,01
649,48	1206,25
649,67	1226,73
649,86	1103,86
650,05	1175,53
650,23	1265,64
650,42	1142,77
650,61	1236,97
650,80	1198,06
650,99	1239,02
651,18	1161,20
651,36	1216,49
651,55	1142,77
651,74	1183,73
651,93	1093,62
652,12	1163,25
652,31	1134,57
652,49	1230,83
652,68	1167,34
652,87	1130,48
653,06	1191,92
653,25	1259,50
653,44	1300,46
653,62	1191,92
653,81	1169,39
654,00	1183,73
654,19	1247,21
654,38	1193,97
654,56	1198,06
654,75	1191,92
654,94	1175,53
655,13	1185,77
655,32	1163,25
655,51	1230,83
655,69	1228,78
655,88	1204,21
656,07	1148,91
656,26	1200,11
656,45	1216,49
656,63	1138,67
656,82	1220,59
657,01	1214,45
657,20	1183,73
657,38	1130,48
657,57	1193,97
657,76	1193,97
657,95	1253,36
658,14	1208,30
658,32	1216,49
658,51	1167,34
658,70	1210,35
658,89	1193,97
659,08	1142,77
659,26	1165,29
659,45	1200,11
659,64	1185,77
659,83	1155,05
660,01	1140,72
660,20	1200,11
660,39	1189,87
660,58	1140,72
660,76	1232,88
660,95	1191,92
661,14	1179,63
661,33	1150,96
661,51	1198,06
661,70	1177,58
661,89	1196,01
662,08	1296,36
662,26	1150,96
662,45	1196,01
662,64	1177,58
662,83	1153,01
663,01	1153,01
663,20	1173,49
663,39	1122,29
663,58	1206,25
663,76	1198,06
663,95	1142,77
664,14	1208,30
664,32	1161,20
664,51	1208,30
664,70	1118,19
664,89	1204,21
665,07	1226,73
665,26	1193,97
665,45	1206,25
665,64	1216,49
665,82	1148,91
666,01	1224,69
666,20	1138,67
666,38	1136,62
666,57	1175,53
666,76	1183,73
666,95	1083,38
667,13	1138,67
667,32	1173,49
667,51	1177,58
667,69	1232,88
667,88	1169,39
668,07	1134,57
668,25	1161,20
668,44	1140,72
668,63	1204,21
668,81	1153,01
669,00	1191,92
669,19	1169,39
669,38	1132,53
669,56	1183,73
669,75	1224,69
669,94	1144,81
670,12	1236,97
670,31	1173,49
670,50	1187,82
670,68	1110,00
670,87	1185,77
671,06	1167,34
671,24	1095,66
671,43	1083,38
671,62	1146,86
671,80	1142,77
671,99	1196,01
672,18	1128,43
672,36	1230,83
672,55	1224,69
672,74	1206,25
672,92	1271,79
673,11	1118,19
673,29	1177,58
673,48	1189,87
673,67	1165,29
673,85	1130,48
674,04	1210,35
674,23	1146,86
674,41	1153,01
674,60	1177,58
674,79	1175,53
674,97	1128,43
675,16	1163,25
675,34	1163,25
675,53	1081,33
675,72	1196,01
675,90	1173,49
676,09	1239,02
676,28	1210,35
676,46	1130,48
676,65	1120,24
676,83	1179,63
677,02	1171,44
677,21	1134,57
677,39	1163,25
677,58	1085,42
677,77	1175,53
677,95	1169,39
678,14	1161,20
678,32	1161,20
678,51	1228,78
678,70	1208,30
678,88	1241,07
679,07	1198,06
679,25	1220,59
679,44	1169,39
679,63	1175,53
679,81	1128,43
680,00	1132,53
680,18	1206,25
680,37	1136,62
680,55	1191,92
680,74	1185,77
680,93	1189,87
681,11	1159,15
681,30	1167,34
681,48	1136,62
681,67	1191,92
681,85	1193,97
682,04	1187,82
682,23	1181,68
682,41	1175,53
682,60	1171,44
682,78	1136,62
682,97	1204,21
683,15	1140,72
683,34	1175,53
683,53	1232,88
683,71	1142,77
683,90	1181,68
684,08	1122,29
684,27	1150,96
684,45	1185,77
684,64	1181,68
684,82	1167,34
685,01	1228,78
685,19	1146,86
685,38	1200,11
685,57	1165,29
685,75	1148,91
685,94	1212,40
686,12	1206,25
686,31	1099,76
686,49	1226,73
686,68	1169,39
686,86	1167,34
687,05	1150,96
687,23	1105,90
687,42	1200,11
687,60	1122,29
687,79	1169,39
687,97	1118,19
688,16	1167,34
688,34	1208,30
688,53	1181,68
688,71	1095,66
688,90	1196,01
689,08	1134,57
689,27	1196,01
689,45	1173,49
689,64	1140,72
689,82	1126,38
690,01	1050,61
690,19	1187,82
690,38	1159,15
690,56	1171,44
690,75	1134,57
690,93	1187,82
691,12	1140,72
691,30	1165,29
691,49	1204,21
691,67	1157,10
691,86	1165,29
692,04	1175,53
692,23	1079,28
692,41	1216,49
692,60	1159,15
692,78	1120,24
692,97	1179,63
693,15	1222,64
693,34	1144,81
693,52	1241,07
693,71	1159,15
693,89	1105,90
694,08	1159,15
694,26	1138,67
694,44	1155,05
694,63	1114,10
694,81	1161,20
695,00	1216,49
695,18	1155,05
695,37	1212,40
695,55	1177,58
695,74	1296,36
695,92	1159,15
696,10	1150,96
696,29	1163,25
696,47	1187,82
696,66	1204,21
696,84	1132,53
697,03	1236,97
697,21	1169,39
697,40	1228,78
697,58	1251,31
697,76	1179,63
697,95	1142,77
698,13	1222,64
698,32	1159,15
698,50	1169,39
698,68	1206,25
698,87	1165,29
699,05	1204,21
699,24	1179,63
699,42	1208,30
699,61	1169,39
699,79	1181,68
699,97	1169,39
700,16	1159,15
700,34	1202,16
700,53	1185,77
700,71	1159,15
700,89	1193,97
701,08	1189,87
701,26	1181,68
701,45	1198,06
701,63	1159,15
701,81	1167,34
702,00	1224,69
702,18	1236,97
702,37	1142,77
702,55	1140,72
702,73	1216,49
702,92	1220,59
703,10	1191,92
703,28	1120,24
703,47	1138,67
703,65	1251,31
703,84	1200,11
704,02	1103,86
704,20	1185,77
704,39	1226,73
704,57	1165,29
704,75	1105,90
704,94	1191,92
705,12	1218,54
705,30	1193,97
705,49	1236,97
705,67	1124,33
705,86	1216,49
706,04	1142,77
706,22	1183,73
706,41	1177,58
706,59	1200,11
706,77	1255,40
706,96	1155,05
707,14	1163,25
707,32	1177,58
707,51	1179,63
707,69	1191,92
707,87	1163,25
708,06	1167,34
708,24	1177,58
708,42	1214,45
708,61	1173,49
708,79	1091,57
708,97	1286,12
709,16	1253,36
709,34	1091,57
709,52	1191,92
709,71	1212,40
709,89	1142,77
710,07	1134,57
710,26	1136,62
710,44	1181,68
710,62	1175,53
710,80	1142,77
710,99	1146,86
711,17	1124,33
711,35	1159,15
711,54	1224,69
711,72	1155,05
711,90	1224,69
712,09	1150,96
712,27	1159,15
712,45	1232,88
712,63	1161,20
712,82	1222,64
713,00	1163,25
713,18	1167,34
713,37	1171,44
713,55	1224,69
713,73	1171,44
713,91	1228,78
714,10	1114,10
714,28	1134,57
714,46	1126,38
714,65	1189,87
714,83	1226,73
715,01	1175,53
715,19	1189,87
715,38	1124,33
715,56	1077,23
715,74	1157,10
715,92	1122,29
716,11	1105,90
716,29	1179,63
716,47	1208,30
716,65	1185,77
716,84	1116,14
717,02	1212,40
717,20	1224,69
717,38	1198,06
717,57	1189,87
717,75	1216,49
717,93	1093,62
718,11	1150,96
718,30	1181,68
718,48	1232,88
718,66	1187,82
718,84	1138,67
719,03	1177,58
719,21	1173,49
719,39	1187,82
719,57	1138,67
719,75	1230,83
719,94	1230,83
720,12	1185,77
720,30	1198,06
720,48	1163,25
720,67	1132,53
720,85	1146,86
721,03	1175,53
721,21	1220,59
721,39	1173,49
721,58	1150,96
721,76	1148,91
721,94	1153,01
722,12	1120,24
722,30	1163,25
722,49	1187,82
722,67	1136,62
722,85	1202,16
723,03	1210,35
723,21	1148,91
723,40	1128,43
723,58	1208,30
723,76	1153,01
723,94	1159,15
724,12	1193,97
724,30	1155,05
724,49	1187,82
724,67	1101,81
724,85	1179,63
725,03	1226,73
725,21	1157,10
725,40	1150,96
725,58	1187,82
725,76	1191,92
725,94	1124,33
726,12	1198,06
726,30	1187,82
726,49	1150,96
726,67	1142,77
726,85	1177,58
727,03	1212,40
727,21	1183,73
727,39	1150,96
727,57	1157,10
727,76	1187,82
727,94	1155,05
728,12	1196,01
728,30	1286,12
728,48	1224,69
728,66	1198,06
728,84	1144,81
729,03	1208,30
729,21	1165,29
729,39	1191,92
729,57	1232,88
729,75	1212,40
729,93	1230,83
730,11	1196,01
730,30	1210,35
730,48	1128,43
730,66	1142,77
730,84	1239,02
731,02	1163,25
731,20	1163,25
731,38	1198,06
731,56	1200,11
731,74	1183,73
731,93	1179,63
732,11	1155,05
732,29	1173,49
732,47	1171,44
732,65	1161,20
732,83	1216,49
733,01	1212,40
733,19	1153,01
733,37	1212,40
733,56	1212,40
733,74	1085,42
733,92	1177,58
734,10	1097,71
734,28	1208,30
734,46	1171,44
734,64	1198,06
734,82	1196,01
735,00	1159,15
735,18	1153,01
735,36	1187,82
735,54	1230,83
735,73	1128,43
735,91	1189,87
736,09	1081,33
736,27	1128,43
736,45	1191,92
736,63	1157,10
736,81	1224,69
736,99	1163,25
737,17	1185,77
737,35	1189,87
737,53	1222,64
737,71	1142,77
737,89	1196,01
738,07	1230,83
738,25	1216,49
738,43	1146,86
738,61	1196,01
738,80	1239,02
738,98	1159,15
739,16	1239,02
739,34	1191,92
739,52	1171,44
739,70	1159,15
739,88	1175,53
740,06	1165,29
740,24	1146,86
740,42	1196,01
740,60	1169,39
740,78	1167,34
740,96	1206,25
741,14	1214,45
741,32	1175,53
741,50	1247,21
741,68	1241,07
741,86	1116,14
742,04	1150,96
742,22	1157,10
742,40	1169,39
742,58	1191,92
742,76	1126,38
742,94	1148,91
743,12	1150,96
743,30	1159,15
743,48	1232,88
743,66	1146,86
743,84	1159,15
744,02	1189,87
744,20	1099,76
744,38	1130,48
744,56	1191,92
744,74	1148,91
744,92	1193,97
745,10	1167,34
745,28	1148,91
745,46	1167,34
745,64	1191,92
745,82	1150,96
746,00	1187,82
746,18	1236,97
746,36	1200,11
746,54	1198,06
746,72	1198,06
746,90	1150,96
747,08	1185,77
747,26	1165,29
747,44	1118,19
747,62	1177,58
747,80	1196,01
747,98	1212,40
748,15	1196,01
748,33	1159,15
748,51	1183,73
748,69	1148,91
748,87	1150,96
749,05	1103,86
749,23	1081,33
749,41	1212,40
749,59	1124,33
749,77	1138,67
749,95	1193,97
750,13	1249,26
750,31	1204,21
750,49	1191,92
750,67	1189,87
750,85	1191,92
751,03	1122,29
751,20	1155,05
751,38	1153,01
751,56	1155,05
751,74	1224,69
751,92	1187,82
752,10	1245,16
752,28	1171,44
752,46	1200,11
752,64	1226,73
752,82	1150,96
753,00	1150,96
753,18	1224,69
753,35	1159,15
753,53	1191,92
753,71	1161,20
753,89	1290,22
754,07	1218,54
754,25	1175,53
754,43	1204,21
754,61	1177,58
754,79	1159,15
754,97	1128,43
755,14	1212,40
755,32	1208,30
755,50	1191,92
755,68	1208,30
755,86	1277,93
756,04	1212,40
756,22	1241,07
756,40	1179,63
756,57	1202,16
756,75	1159,15
756,93	1210,35
757,11	1196,01
757,29	1183,73
757,47	1251,31
757,65	1191,92
757,82	1212,40
758,00	1200,11
758,18	1177,58
758,36	1198,06
758,54	1220,59
758,72	1169,39
758,90	1148,91
759,07	1140,72
759,25	1189,87
759,43	1116,14
759,61	1175,53
759,79	1187,82
759,97	1249,26
760,15	1208,30
760,32	1218,54
760,50	1224,69
760,68	1226,73
760,86	1132,53
761,04	1218,54
761,22	1153,01
761,39	1165,29
761,57	1191,92
761,75	1196,01
761,93	1148,91
762,11	1153,01
762,28	1101,81
762,46	1189,87
762,64	1196,01
762,82	1114,10
763,00	1200,11
763,18	1134,57
763,35	1191,92
763,53	1290,22
763,71	1202,16
763,89	1163,25
764,07	1179,63
764,24	1232,88
764,42	1130,48
764,60	1204,21
764,78	1167,34
764,96	1132,53
765,13	1181,68
765,31	1257,45
765,49	1167,34
765,67	1171,44
765,84	1165,29
766,02	1181,68
766,20	1126,38
766,38	1202,16
766,56	1148,91
766,73	1193,97
766,91	1157,10
767,09	1222,64
767,27	1196,01
767,44	1138,67
767,62	1083,38
767,80	1177,58
767,98	1169,39
768,15	1224,69
768,33	1083,38
768,51	1181,68
768,69	1222,64
768,87	1155,05
769,04	1150,96
769,22	1175,53
769,40	1173,49
769,58	1191,92
769,75	1196,01
769,93	1241,07
770,11	1191,92
770,28	1167,34
770,46	1120,24
770,64	1144,81
770,82	1212,40
770,99	1202,16
771,17	1247,21
771,35	1136,62
771,53	1175,53
771,70	1173,49
771,88	1249,26
772,06	1177,58
772,23	1157,10
772,41	1189,87
772,59	1181,68
772,77	1173,49
772,94	1204,21
773,12	1202,16
773,30	1136,62
773,47	1173,49
773,65	1155,05
773,83	1171,44
774,01	1128,43
774,18	1179,63
774,36	1153,01
774,54	1222,64
774,71	1185,77
774,89	1122,29
775,07	1138,67
775,24	1163,25
775,42	1261,55
775,60	1161,20
775,78	1167,34
775,95	1146,86
776,13	1087,47
776,31	1179,63
776,48	1118,19
776,66	1198,06
776,84	1239,02
777,01	1101,81
777,19	1167,34
777,37	1161,20
777,54	1200,11
777,72	1249,26
777,90	1179,63
778,07	1189,87
778,25	1204,21
778,43	1189,87
778,60	1114,10
778,78	1140,72
778,96	1157,10
779,13	1140,72
779,31	1208,30
779,49	1144,81
779,66	1175,53
779,84	1249,26
780,01	1138,67
780,19	1191,92
780,37	1142,77
780,54	1153,01
780,72	1114,10
780,90	1163,25
781,07	1175,53
781,25	1150,96
781,43	1265,64
781,60	1163,25
781,78	1132,53
781,95	1153,01
782,13	1155,05
782,31	1185,77
782,48	1193,97
782,66	1181,68
782,83	1241,07
783,01	1167,34
783,19	1159,15
783,36	1181,68
783,54	1103,86
783,72	1134,57
783,89	1257,45
784,07	1171,44
784,24	1257,45
784,42	1171,44
784,60	1163,25
784,77	1185,77
784,95	1134,57
785,12	1138,67
785,30	1187,82
785,47	1112,05
785,65	1220,59
785,83	1118,19
786,00	1218,54
786,18	1185,77
786,35	1159,15
786,53	1165,29
786,71	1224,69
786,88	1185,77
787,06	1181,68
787,23	1187,82
787,41	1220,59
787,58	1181,68
787,76	1181,68
787,94	1179,63
788,11	1179,63
788,29	1202,16
788,46	1163,25
788,64	1153,01
788,81	1175,53
788,99	1126,38
789,16	1177,58
789,34	1128,43
789,52	1171,44
789,69	1134,57
789,87	1198,06
790,04	1069,04
790,22	1112,05
790,39	1124,33
790,57	1155,05
790,74	1159,15
790,92	1220,59
791,09	1204,21
791,27	1128,43
791,44	1142,77
791,62	1173,49
791,79	1069,04
791,97	1118,19
792,15	1179,63
792,32	1173,49
792,50	1167,34
792,67	1177,58
792,85	1196,01
793,02	1157,10
793,20	1181,68
793,37	1206,25
793,55	1167,34
793,72	1218,54
793,90	1161,20
794,07	1114,10
794,25	1138,67
794,42	1167,34
794,60	1175,53
794,77	1165,29
794,95	1110,00
795,12	1128,43
795,30	1161,20
795,47	1191,92
795,65	1173,49
795,82	1130,48
796,00	1202,16
796,17	1191,92
796,34	1216,49
796,52	1118,19
796,69	1159,15
796,87	1175,53
797,04	1200,11
797,22	1255,40
797,39	1193,97
797,57	1181,68
797,74	1112,05
797,92	1210,35
798,09	1191,92
798,27	1161,20
798,44	1165,29
798,62	1243,12
798,79	1181,68
798,96	1150,96
799,14	1148,91
799,31	1179,63
799,49	1171,44
799,66	1165,29
799,84	1196,01
800,01	1177,58
800,19	1198,06
800,36	1202,16
800,53	1132,53
800,71	1200,11
800,88	1204,21
801,06	1177,58
801,23	1269,74
801,41	1128,43
801,58	1134,57
801,75	1241,07
801,93	1181,68
802,10	1200,11
802,28	1097,71
802,45	1173,49
802,63	1196,01
802,80	1114,10
802,97	1118,19
803,15	1105,90
803,32	1198,06
803,50	1210,35
803,67	1167,34
803,84	1103,86
804,02	1165,29
804,19	1159,15
804,37	1228,78
804,54	1202,16
804,71	1175,53
804,89	1228,78
805,06	1181,68
805,24	1167,34
805,41	1179,63
805,58	1185,77
805,76	1185,77
805,93	1232,88
806,10	1161,20
806,28	1114,10
806,45	1216,49
806,63	1226,73
806,80	1163,25
806,97	1200,11
807,15	1228,78
807,32	1126,38
807,49	1202,16
807,67	1193,97
807,84	1091,57
808,01	1193,97
808,19	1157,10
808,36	1177,58
808,54	1202,16
808,71	1216,49
808,88	1159,15
809,06	1224,69
809,23	1171,44
809,40	1202,16
809,58	1187,82
809,75	1144,81
809,92	1134,57
810,10	1200,11
810,27	1196,01
810,44	1228,78
810,62	1222,64
810,79	1110,00
810,96	1200,11
811,14	1216,49
811,31	1118,19
811,48	1183,73
811,66	1196,01
811,83	1157,10
812,00	1167,34
812,18	1259,50
812,35	1224,69
812,52	1144,81
812,69	1183,73
812,87	1220,59
813,04	1232,88
813,21	1097,71
813,39	1134,57
813,56	1193,97
813,73	1210,35
813,91	1140,72
814,08	1177,58
814,25	1155,05
814,42	1208,30
814,60	1187,82
814,77	1239,02
814,94	1220,59
815,12	1169,39
815,29	1183,73
815,46	1105,90
815,63	1185,77
815,81	1142,77
815,98	1185,77
816,15	1183,73
816,33	1155,05
816,50	1155,05
816,67	1157,10
816,84	1138,67
817,02	1150,96
817,19	1224,69
817,36	1198,06
817,53	1130,48
817,71	1175,53
817,88	1165,29
818,05	1220,59
818,22	1210,35
818,40	1159,15
818,57	1216,49
818,74	1138,67
818,91	1132,53
819,09	1130,48
819,26	1208,30
819,43	1097,71
819,60	1116,14
819,78	1177,58
819,95	1212,40
820,12	1048,56
820,29	1101,81
820,47	1208,30
820,64	1241,07
820,81	1097,71
820,98	1198,06
821,15	1224,69
821,33	1148,91
821,50	1208,30
821,67	1148,91
821,84	1124,33
822,02	1187,82
822,19	1202,16
822,36	1171,44
822,53	1228,78
822,70	1277,93
822,88	1204,21
823,05	1173,49
823,22	1165,29
823,39	1224,69
823,56	1181,68
823,74	1236,97
823,91	1224,69
824,08	1132,53
824,25	1161,20
824,42	1132,53
824,60	1148,91
824,77	1159,15
824,94	1093,62
825,11	1114,10
825,28	1216,49
825,45	1198,06
825,63	1200,11
825,80	1163,25
825,97	1134,57
826,14	1173,49
826,31	1187,82
826,48	1155,05
826,66	1130,48
826,83	1210,35
827,00	1132,53
827,17	1161,20
827,34	1134,57
827,51	1097,71
827,69	1153,01
827,86	1177,58
828,03	1120,24
828,20	1128,43
828,37	1159,15
828,54	1173,49
828,71	1185,77
828,89	1161,20
829,06	1216,49
829,23	1187,82
829,40	1175,53
829,57	1159,15
829,74	1126,38
829,91	1163,25
830,09	1189,87
830,26	1157,10
830,43	1216,49
830,60	1153,01
830,77	1161,20
830,94	1167,34
831,11	1220,59
831,28	1214,45
831,46	1157,10
831,63	1226,73
831,80	1224,69
831,97	1220,59
832,14	1181,68
832,31	1134,57
832,48	1159,15
832,65	1196,01
832,82	1105,90
832,99	1097,71
833,17	1144,81
833,34	1155,05
833,51	1099,76
833,68	1196,01
833,85	1163,25
834,02	1157,10
834,19	1177,58
834,36	1112,05
834,53	1169,39
834,70	1175,53
834,87	1191,92
835,04	1144,81
835,22	1187,82
835,39	1183,73
835,56	1177,58
835,73	1165,29
835,90	1150,96
836,07	1140,72
836,24	1103,86
836,41	1198,06
836,58	1214,45
836,75	1179,63
836,92	1179,63
837,09	1075,18
837,26	1167,34
837,43	1157,10
837,60	1198,06
837,77	1161,20
837,94	1157,10
838,12	1134,57
838,29	1163,25
838,46	1159,15
838,63	1169,39
838,80	1146,86
838,97	1163,25
839,14	1148,91
839,31	1216,49
839,48	1161,20
839,65	1146,86
839,82	1208,30
839,99	1218,54
840,16	1234,93
840,33	1185,77
840,50	1187,82
840,67	1200,11
840,84	1173,49
841,01	1163,25
841,18	1155,05
841,35	1118,19
841,52	1173,49
841,69	1216,49
841,86	1181,68
842,03	1173,49
842,20	1200,11
842,37	1140,72
842,54	1155,05
842,71	1126,38
842,88	1218,54
843,05	1165,29
843,22	1169,39
843,39	1118,19
843,56	1222,64
843,73	1165,29
843,90	1226,73
844,07	1110,00
844,24	1183,73
844,41	1140,72
844,58	1183,73
844,75	1159,15
844,92	1236,97
845,09	1175,53
845,26	1173,49
845,43	1189,87
845,60	1155,05
845,77	1234,93
845,94	1150,96
846,10	1165,29
846,27	1200,11
846,44	1191,92
846,61	1189,87
846,78	1175,53
846,95	1130,48
847,12	1173,49
847,29	1157,10
847,46	1183,73
847,63	1148,91
847,80	1134,57
847,97	1169,39
848,14	1210,35
848,31	1103,86
848,48	1155,05
848,65	1200,11
848,82	1132,53
848,98	1185,77
849,15	1155,05
849,32	1191,92
849,49	1163,25
849,66	1161,20
849,83	1169,39
850,00	1146,86
850,17	1212,40
850,34	1200,11
850,51	1208,30
850,68	1183,73
850,85	1169,39
851,01	1167,34
851,18	1144,81
851,35	1179,63
851,52	1222,64
851,69	1220,59
851,86	1183,73
852,03	1122,29
852,20	1187,82
852,37	1134,57
852,53	1239,02
852,70	1181,68
852,87	1132,53
853,04	1165,29
853,21	1208,30
853,38	1165,29
853,55	1216,49
853,72	1169,39
853,89	1128,43
854,05	1191,92
854,22	1171,44
854,39	1142,77
854,56	1118,19
854,73	1142,77
854,90	1155,05
855,07	1196,01
855,23	1169,39
855,40	1097,71
855,57	1177,58
855,74	1146,86
855,91	1183,73
856,08	1134,57
856,25	1169,39
856,41	1179,63
856,58	1142,77
856,75	1204,21
856,92	1196,01
857,09	1173,49
857,26	1161,20
857,42	1204,21
857,59	1189,87
857,76	1157,10
857,93	1155,05
858,10	1216,49
858,27	1196,01
858,43	1261,55
858,60	1099,76
858,77	1208,30
858,94	1171,44
859,11	1232,88
859,27	1175,53
859,44	1173,49
859,61	1114,10
859,78	1093,62
859,95	1212,40
860,12	1169,39
860,28	1226,73
860,45	1249,26
860,62	1234,93
860,79	1161,20
860,95	1175,53
861,12	1163,25
861,29	1142,77
861,46	1198,06
861,63	1124,33
861,79	1187,82
861,96	1224,69
862,13	1181,68
862,30	1128,43
862,47	1239,02
862,63	1251,31
862,80	1204,21
862,97	1124,33
863,14	1185,77
863,30	1179,63
863,47	1095,66
863,64	1136,62
863,81	1206,25
863,97	1206,25
864,14	1153,01
864,31	1159,15
864,48	1187,82
864,65	1191,92
864,81	1171,44
864,98	1144,81
865,15	1206,25
865,32	1198,06
865,48	1185,77
865,65	1251,31
865,82	1196,01
865,98	1118,19
866,15	1132,53
866,32	1101,81
866,49	1204,21
866,65	1173,49
866,82	1171,44
866,99	1193,97
867,16	1187,82
867,32	1132,53
867,49	1175,53
867,66	1073,14
867,83	1216,49
867,99	1191,92
868,16	1239,02
868,33	1167,34
868,49	1206,25
868,66	1179,63
868,83	1198,06
868,99	1177,58
869,16	1187,82
869,33	1187,82
869,50	1189,87
869,66	1200,11
869,83	1175,53
870,00	1163,25
870,16	1114,10
870,33	1157,10
870,50	1206,25
870,66	1185,77
870,83	1085,42
871,00	1259,50
871,17	1159,15
871,33	1175,53
871,50	1157,10
871,67	1159,15
871,83	1073,14
872,00	1206,25
872,17	1161,20
872,33	1218,54
872,50	1183,73
872,67	1206,25
872,83	1124,33
873,00	1161,20
873,17	1118,19
873,33	1140,72
873,50	1155,05
873,67	1185,77
873,83	1236,97
874,00	1128,43
874,16	1167,34
874,33	1165,29
874,50	1112,05
874,66	1155,05
874,83	1161,20
875,00	1249,26
875,16	1236,97
875,33	1126,38
875,50	1163,25
875,66	1220,59
875,83	1099,76
875,99	1185,77
876,16	1189,87
876,33	1138,67
876,49	1157,10
876,66	1128,43
876,83	1189,87
876,99	1159,15
877,16	1167,34
877,32	1146,86
877,49	1224,69
877,66	1228,78
877,82	1187,82
877,99	1187,82
878,15	1183,73
878,32	1191,92
878,49	1157,10
878,65	1181,68
878,82	1193,97
878,98	1247,21
879,15	1146,86
879,32	1128,43
879,48	1185,77
879,65	1202,16
879,81	1206,25
879,98	1193,97
880,15	1204,21
880,31	1185,77
880,48	1150,96
880,64	1167,34
880,81	1198,06
880,97	1097,71
881,14	1277,93
881,31	1171,44
881,47	1148,91
881,64	1193,97
881,80	1159,15
881,97	1200,11
882,13	1134,57
882,30	1175,53
882,47	1286,12
882,63	1171,44
882,80	1116,14
882,96	1187,82
883,13	1191,92
883,29	1146,86
883,46	1210,35
883,62	1167,34
883,79	1134,57
883,95	1150,96
884,12	1175,53
884,29	1091,57
884,45	1124,33
884,62	1185,77
884,78	1228,78
884,95	1206,25
885,11	1167,34
885,28	1187,82
885,44	1112,05
885,61	1198,06
885,77	1138,67
885,94	1185,77
886,10	1196,01
886,27	1232,88
886,43	1255,40
886,60	1148,91
886,76	1126,38
886,93	1114,10
887,09	1161,20
887,26	1232,88
887,42	1200,11
887,59	1241,07
887,75	1148,91
887,92	1132,53
888,08	1200,11
888,25	1144,81
888,41	1144,81
888,58	1204,21
888,74	1128,43
888,91	1228,78
