177,47	1159,15
177,69	1159,15
177,91	1159,15
178,13	1159,15
178,36	1161,20
178,58	1251,31
178,80	1130,48
179,02	1163,25
179,24	1157,10
179,46	1171,44
179,68	1187,82
179,90	1132,53
180,13	1179,63
180,35	1126,38
180,57	1196,01
180,79	1173,49
181,01	1232,88
181,23	1161,20
181,45	1144,81
181,67	1144,81
181,90	1187,82
182,12	1200,11
182,34	1177,58
182,56	1130,48
182,78	1167,34
183,00	1204,21
183,22	1255,40
183,44	1107,95
183,66	1091,57
183,89	1146,86
184,11	1198,06
184,33	1122,29
184,55	1148,91
184,77	1167,34
184,99	1236,97
185,21	1216,49
185,43	1191,92
185,65	1120,24
185,87	1112,05
186,10	1191,92
186,32	1193,97
186,54	1208,30
186,76	1191,92
186,98	1144,81
187,20	1255,40
187,42	1107,95
187,64	1122,29
187,86	1161,20
188,08	1212,40
188,30	1232,88
188,52	1208,30
188,75	1181,68
188,97	1189,87
189,19	1095,66
189,41	1222,64
189,63	1236,97
189,85	1196,01
190,07	1222,64
190,29	1126,38
190,51	1173,49
190,73	1169,39
190,95	1236,97
191,17	1132,53
191,39	1218,54
191,61	1175,53
191,84	1224,69
192,06	1181,68
192,28	1173,49
192,50	1267,69
192,72	1150,96
192,94	1175,53
193,16	1134,57
193,38	1110,00
193,60	1204,21
193,82	1218,54
194,04	1150,96
194,26	1124,33
194,48	1271,79
194,70	1196,01
194,92	1187,82
195,14	1150,96
195,36	1214,45
195,58	1165,29
195,80	1122,29
196,02	1181,68
196,24	1155,05
196,46	1208,30
196,69	1157,10
196,91	1079,28
197,13	1148,91
197,35	1132,53
197,57	1138,67
197,79	1187,82
198,01	1208,30
198,23	1171,44
198,45	1208,30
198,67	1165,29
198,89	1216,49
199,11	1200,11
199,33	1122,29
199,55	1142,77
199,77	1171,44
199,99	1101,81
200,21	1155,05
200,43	1206,25
200,65	1159,15
200,87	1107,95
201,09	1198,06
201,31	1226,73
201,53	1126,38
201,75	1126,38
201,97	1183,73
202,19	1222,64
202,41	1148,91
202,63	1185,77
202,85	1177,58
203,07	1187,82
203,29	1142,77
203,51	1183,73
203,73	1136,62
203,95	1169,39
204,17	1095,66
204,39	1146,86
204,61	1163,25
204,83	1134,57
205,05	1181,68
205,27	1263,60
205,49	1200,11
205,71	1204,21
205,93	1193,97
206,15	1150,96
206,37	1150,96
206,59	1167,34
206,81	1171,44
207,03	1173,49
207,25	1232,88
207,47	1103,86
207,69	1157,10
207,91	1142,77
208,13	1191,92
208,34	1140,72
208,56	1171,44
208,78	1171,44
209,00	1210,35
209,22	1148,91
209,44	1169,39
209,66	1161,20
209,88	1134,57
210,10	1200,11
210,32	1171,44
210,54	1144,81
210,76	1169,39
210,98	1171,44
211,20	1087,47
211,42	1159,15
211,64	1183,73
211,86	1179,63
212,08	1212,40
212,30	1138,67
212,52	1146,86
212,74	1220,59
212,96	1204,21
213,17	1226,73
213,39	1191,92
213,61	1134,57
213,83	1126,38
214,05	1198,06
214,27	1138,67
214,49	1175,53
214,71	1185,77
214,93	1093,62
215,15	1187,82
215,37	1116,14
215,59	1150,96
215,81	1230,83
216,03	1198,06
216,24	1187,82
216,46	1150,96
216,68	1073,14
216,90	1146,86
217,12	1155,05
217,34	1140,72
217,56	1159,15
217,78	1101,81
218,00	1138,67
218,22	1159,15
218,44	1173,49
218,66	1161,20
218,87	1130,48
219,09	1126,38
219,31	1185,77
219,53	1183,73
219,75	1183,73
219,97	1114,10
220,19	1212,40
220,41	1116,14
220,63	1249,26
220,85	1200,11
221,06	1206,25
221,28	1200,11
221,50	1200,11
221,72	1218,54
221,94	1243,12
222,16	1173,49
222,38	1144,81
222,60	1155,05
222,82	1107,95
223,03	1183,73
223,25	1134,57
223,47	1161,20
223,69	1181,68
223,91	1163,25
224,13	1173,49
224,35	1146,86
224,57	1157,10
224,78	1138,67
225,00	1177,58
225,22	1153,01
225,44	1247,21
225,66	1134,57
225,88	1241,07
226,10	1146,86
226,32	1241,07
226,53	1165,29
226,75	1177,58
226,97	1212,40
227,19	1161,20
227,41	1167,34
227,63	1177,58
227,85	1183,73
228,06	1175,53
228,28	1142,77
228,50	1142,77
228,72	1116,14
228,94	1196,01
229,16	1146,86
229,37	1132,53
229,59	1144,81
229,81	1179,63
230,03	1155,05
230,25	1232,88
230,47	1193,97
230,69	1198,06
230,90	1179,63
231,12	1167,34
231,34	1165,29
231,56	1132,53
231,78	1239,02
232,00	1189,87
232,21	1144,81
232,43	1226,73
232,65	1157,10
232,87	1214,45
233,09	1126,38
233,30	1107,95
233,52	1187,82
233,74	1196,01
233,96	1183,73
234,18	1093,62
234,40	1130,48
234,61	1193,97
234,83	1181,68
235,05	1187,82
235,27	1173,49
235,49	1093,62
235,70	1163,25
235,92	1173,49
236,14	1171,44
236,36	1255,40
236,58	1107,95
236,79	1206,25
237,01	1091,57
237,23	1239,02
237,45	1173,49
237,67	1265,64
237,88	1193,97
238,10	1179,63
238,32	1132,53
238,54	1150,96
238,76	1177,58
238,97	1196,01
239,19	1148,91
239,41	1126,38
239,63	1189,87
239,85	1206,25
240,06	1185,77
240,28	1175,53
240,50	1146,86
240,72	1150,96
240,93	1271,79
241,15	1144,81
241,37	1202,16
241,59	1191,92
241,81	1060,85
242,02	1167,34
242,24	1167,34
242,46	1122,29
242,68	1159,15
242,89	1204,21
243,11	1193,97
243,33	1163,25
243,55	1200,11
243,76	1245,16
243,98	1169,39
244,20	1155,05
244,42	1159,15
244,64	1189,87
244,85	1179,63
245,07	1189,87
245,29	1183,73
245,51	1159,15
245,72	1165,29
245,94	1175,53
246,16	1222,64
246,38	1191,92
246,59	1155,05
246,81	1173,49
247,03	1198,06
247,24	1181,68
247,46	1138,67
247,68	1224,69
247,90	1159,15
248,11	1163,25
248,33	1216,49
248,55	1153,01
248,77	1136,62
248,98	1159,15
249,20	1171,44
249,42	1200,11
249,64	1198,06
249,85	1101,81
250,07	1292,27
250,29	1165,29
250,50	1132,53
250,72	1185,77
250,94	1198,06
251,16	1120,24
251,37	1171,44
251,59	1212,40
251,81	1171,44
252,02	1136,62
252,24	1183,73
252,46	1210,35
252,68	1208,30
252,89	1173,49
253,11	1150,96
253,33	1208,30
253,54	1163,25
253,76	1181,68
253,98	1189,87
254,20	1165,29
254,41	1130,48
254,63	1124,33
254,85	1118,19
255,06	1157,10
255,28	1214,45
255,50	1157,10
255,71	1249,26
255,93	1198,06
256,15	1128,43
256,36	1181,68
256,58	1105,90
256,80	1122,29
257,02	1208,30
257,23	1243,12
257,45	1204,21
257,67	1232,88
257,88	1171,44
258,10	1216,49
258,32	1120,24
258,53	1144,81
258,75	1140,72
258,97	1146,86
259,18	1112,05
259,40	1107,95
259,62	1171,44
259,83	1124,33
260,05	1191,92
260,27	1189,87
260,48	1134,57
260,70	1144,81
260,92	1191,92
261,13	1136,62
261,35	1101,81
261,57	1245,16
261,78	1179,63
262,00	1187,82
262,22	1140,72
262,43	1189,87
262,65	1173,49
262,86	1140,72
263,08	1163,25
263,30	1183,73
263,51	1159,15
263,73	1107,95
263,95	1259,50
264,16	1091,57
264,38	1239,02
264,60	1226,73
264,81	1142,77
265,03	1196,01
265,25	1183,73
265,46	1224,69
265,68	1153,01
265,89	1185,77
266,11	1183,73
266,33	1228,78
266,54	1232,88
266,76	1220,59
266,98	1220,59
267,19	1073,14
267,41	1191,92
267,62	1103,86
267,84	1114,10
268,06	1120,24
268,27	1216,49
268,49	1167,34
268,70	1191,92
268,92	1185,77
269,14	1120,24
269,35	1148,91
269,57	1173,49
269,79	1204,21
270,00	1187,82
270,22	1122,29
270,43	1196,01
270,65	1165,29
270,87	1153,01
271,08	1202,16
271,30	1183,73
271,51	1183,73
271,73	1200,11
271,95	1122,29
272,16	1214,45
272,38	1136,62
272,59	1146,86
272,81	1210,35
273,02	1181,68
273,24	1191,92
273,46	1187,82
273,67	1187,82
273,89	1155,05
274,10	1193,97
274,32	1144,81
274,54	1212,40
274,75	1159,15
274,97	1177,58
275,18	1243,12
275,40	1167,34
275,61	1183,73
275,83	1196,01
276,05	1198,06
276,26	1165,29
276,48	1165,29
276,69	1173,49
276,91	1191,92
277,12	1200,11
277,34	1271,79
277,55	1138,67
277,77	1200,11
277,99	1224,69
278,20	1116,14
278,42	1185,77
278,63	1206,25
278,85	1232,88
279,06	1155,05
279,28	1196,01
279,49	1148,91
279,71	1161,20
279,93	1191,92
280,14	1126,38
280,36	1146,86
280,57	1173,49
280,79	1142,77
281,00	1136,62
281,22	1124,33
281,43	1247,21
281,65	1069,04
281,86	1224,69
282,08	1134,57
282,29	1200,11
282,51	1204,21
282,73	1140,72
282,94	1173,49
283,16	1214,45
283,37	1200,11
283,59	1208,30
283,80	1126,38
284,02	1226,73
284,23	1200,11
284,45	1181,68
284,66	1175,53
284,88	1138,67
285,09	1169,39
285,31	1214,45
285,52	1198,06
285,74	1159,15
285,95	1140,72
286,17	1204,21
286,38	1249,26
286,60	1234,93
286,81	1118,19
287,03	1120,24
287,24	1202,16
287,46	1220,59
287,67	1208,30
287,89	1220,59
288,10	1116,14
288,32	1161,20
288,53	1101,81
288,75	1132,53
288,96	1136,62
289,18	1118,19
289,39	1155,05
289,61	1181,68
289,82	1232,88
290,04	1136,62
290,25	1155,05
290,47	1118,19
290,68	1134,57
290,90	1179,63
291,11	1185,77
291,33	1157,10
291,54	1193,97
291,76	1189,87
291,97	1148,91
292,18	1181,68
292,40	1165,29
292,61	1118,19
292,83	1294,32
293,04	1216,49
293,26	1157,10
293,47	1165,29
293,69	1191,92
293,90	1146,86
294,12	1257,45
294,33	1222,64
294,55	1277,93
294,76	1140,72
294,97	1120,24
295,19	1110,00
295,40	1220,59
295,62	1150,96
295,83	1210,35
296,05	1165,29
296,26	1118,19
296,48	1177,58
296,69	1169,39
296,90	1259,50
297,12	1157,10
297,33	1224,69
297,55	1110,00
297,76	1167,34
297,98	1159,15
298,19	1212,40
298,41	1181,68
298,62	1263,60
298,83	1146,86
299,05	1169,39
299,26	1142,77
299,48	1161,20
299,69	1132,53
299,90	1110,00
300,12	1177,58
300,33	1142,77
300,55	1163,25
300,76	1150,96
300,98	1193,97
301,19	1198,06
301,40	1230,83
301,62	1142,77
301,83	1181,68
302,05	1198,06
302,26	1187,82
302,47	1216,49
302,69	1185,77
302,90	1210,35
303,12	1212,40
303,33	1200,11
303,54	1155,05
303,76	1150,96
303,97	1103,86
304,19	1155,05
304,40	1200,11
304,61	1150,96
304,83	1181,68
305,04	1204,21
305,26	1189,87
305,47	1155,05
305,68	1214,45
305,90	1110,00
306,11	1239,02
306,33	1173,49
306,54	1157,10
306,75	1284,08
306,97	1179,63
307,18	1255,40
307,39	1232,88
307,61	1196,01
307,82	1179,63
308,04	1179,63
308,25	1191,92
308,46	1114,10
308,68	1181,68
308,89	1159,15
309,10	1134,57
309,32	1241,07
309,53	1118,19
309,74	1167,34
309,96	1187,82
310,17	1134,57
310,39	1099,76
310,60	1173,49
310,81	1189,87
311,03	1124,33
311,24	1167,34
311,45	1150,96
311,67	1198,06
311,88	1183,73
312,09	1224,69
312,31	1155,05
312,52	1107,95
312,73	1204,21
312,95	1179,63
313,16	1282,03
313,37	1216,49
313,59	1161,20
313,80	1206,25
314,01	1220,59
314,23	1105,90
314,44	1236,97
314,65	1148,91
314,87	1128,43
315,08	1173,49
315,29	1132,53
315,51	1220,59
315,72	1183,73
315,93	1259,50
316,15	1187,82
316,36	1185,77
316,57	1167,34
316,79	1167,34
317,00	1200,11
317,21	1142,77
317,43	1179,63
317,64	1179,63
317,85	1130,48
318,07	1159,15
318,28	1208,30
318,49	1200,11
318,70	1193,97
318,92	1218,54
319,13	1187,82
319,34	1208,30
319,56	1153,01
319,77	1163,25
319,98	1140,72
320,20	1136,62
320,41	1198,06
320,62	1112,05
320,83	1150,96
321,05	1181,68
321,26	1091,57
321,47	1214,45
321,69	1179,63
321,90	1196,01
322,11	1140,72
322,32	1138,67
322,54	1177,58
322,75	1181,68
322,96	1159,15
323,18	1155,05
323,39	1105,90
323,60	1185,77
323,81	1208,30
324,03	1148,91
324,24	1169,39
324,45	1167,34
324,66	1144,81
324,88	1153,01
325,09	1173,49
325,30	1187,82
325,52	1126,38
325,73	1132,53
325,94	1144,81
326,15	1193,97
326,37	1189,87
326,58	1138,67
326,79	1116,14
327,00	1112,05
327,22	1089,52
327,43	1118,19
327,64	1179,63
327,85	1134,57
328,07	1212,40
328,28	1114,10
328,49	1083,38
328,70	1210,35
328,92	1144,81
329,13	1247,21
329,34	1155,05
329,55	1243,12
329,76	1200,11
329,98	1234,93
330,19	1155,05
330,40	1232,88
330,61	1116,14
330,83	1175,53
331,04	1136,62
331,25	1142,77
331,46	1134,57
331,68	1163,25
331,89	1167,34
332,10	1126,38
332,31	1153,01
332,52	1153,01
332,74	1134,57
332,95	1142,77
333,16	1167,34
333,37	1177,58
333,58	1208,30
333,80	1136,62
334,01	1165,29
334,22	1155,05
334,43	1159,15
334,64	1153,01
334,86	1138,67
335,07	1208,30
335,28	1224,69
335,49	1208,30
335,70	1132,53
335,92	1210,35
336,13	1144,81
336,34	1116,14
336,55	1263,60
336,76	1202,16
336,98	1196,01
337,19	1204,21
337,40	1142,77
337,61	1165,29
337,82	1175,53
338,04	1144,81
338,25	1191,92
338,46	1148,91
338,67	1175,53
338,88	1146,86
339,09	1232,88
339,31	1179,63
339,52	1177,58
339,73	1163,25
339,94	1218,54
340,15	1181,68
340,36	1153,01
340,58	1155,05
340,79	1206,25
341,00	1165,29
341,21	1206,25
341,42	1232,88
341,63	1214,45
341,85	1165,29
342,06	1196,01
342,27	1279,98
342,48	1140,72
342,69	1196,01
342,90	1265,64
343,12	1183,73
343,33	1163,25
343,54	1234,93
343,75	1193,97
343,96	1138,67
344,17	1167,34
344,38	1214,45
344,60	1200,11
344,81	1171,44
345,02	1198,06
345,23	1171,44
345,44	1177,58
345,65	1206,25
345,86	1200,11
346,07	1200,11
346,29	1128,43
346,50	1241,07
346,71	1130,48
346,92	1097,71
347,13	1161,20
347,34	1183,73
347,55	1116,14
347,76	1146,86
347,98	1200,11
348,19	1130,48
348,40	1155,05
348,61	1120,24
348,82	1146,86
349,03	1130,48
349,24	1187,82
349,45	1171,44
349,66	1126,38
349,88	1122,29
350,09	1062,90
350,30	1193,97
350,51	1155,05
350,72	1177,58
350,93	1101,81
351,14	1236,97
351,35	1169,39
351,56	1173,49
351,77	1116,14
351,99	1216,49
352,20	1177,58
352,41	1142,77
352,62	1165,29
352,83	1089,52
353,04	1204,21
353,25	1208,30
353,46	1171,44
353,67	1171,44
353,88	1128,43
354,09	1243,12
354,30	1173,49
354,52	1128,43
354,73	1210,35
354,94	1138,67
355,15	1142,77
355,36	1150,96
355,57	1157,10
355,78	1144,81
355,99	1118,19
356,20	1157,10
356,41	1187,82
356,62	1196,01
356,83	1150,96
357,04	1134,57
357,25	1124,33
357,46	1120,24
357,68	1165,29
357,89	1193,97
358,10	1099,76
358,31	1177,58
358,52	1245,16
358,73	1236,97
358,94	1155,05
359,15	1173,49
359,36	1169,39
359,57	1200,11
359,78	1138,67
359,99	1181,68
360,20	1142,77
360,41	1114,10
360,62	1175,53
360,83	1204,21
361,04	1150,96
361,25	1146,86
361,46	1150,96
361,67	1169,39
361,88	1214,45
362,09	1226,73
362,30	1228,78
362,51	1181,68
362,72	1159,15
362,93	1208,30
363,14	1177,58
363,35	1218,54
363,56	1198,06
363,78	1173,49
363,99	1128,43
364,20	1150,96
364,41	1179,63
364,62	1173,49
364,83	1177,58
365,04	1196,01
365,25	1198,06
365,46	1144,81
365,67	1167,34
365,88	1210,35
366,09	1165,29
366,30	1130,48
366,51	1228,78
366,72	1134,57
366,93	1189,87
367,14	1191,92
367,35	1259,50
367,56	1128,43
367,77	1146,86
367,98	1214,45
368,18	1116,14
368,39	1183,73
368,60	1163,25
368,81	1191,92
369,02	1130,48
369,23	1210,35
369,44	1161,20
369,65	1132,53
369,86	1179,63
370,07	1118,19
370,28	1155,05
370,49	1183,73
370,70	1126,38
370,91	1185,77
371,12	1265,64
371,33	1253,36
371,54	1142,77
371,75	1054,70
371,96	1159,15
372,17	1198,06
372,38	1142,77
372,59	1165,29
372,80	1148,91
373,01	1173,49
373,22	1204,21
373,43	1146,86
373,64	1169,39
373,85	1177,58
374,06	1171,44
374,26	1134,57
374,47	1146,86
374,68	1193,97
374,89	1161,20
375,10	1202,16
375,31	1142,77
375,52	1179,63
375,73	1196,01
375,94	1161,20
376,15	1163,25
376,36	1124,33
376,57	1208,30
376,78	1140,72
376,99	1189,87
377,20	1185,77
377,40	1218,54
377,61	1185,77
377,82	1148,91
378,03	1183,73
378,24	1255,40
378,45	1167,34
378,66	1183,73
378,87	1202,16
379,08	1150,96
379,29	1144,81
379,50	1208,30
379,71	1105,90
379,91	1214,45
380,12	1159,15
380,33	1200,11
380,54	1165,29
380,75	1191,92
380,96	1173,49
381,17	1181,68
381,38	1140,72
381,59	1167,34
381,80	1142,77
382,00	1214,45
382,21	1183,73
382,42	1124,33
382,63	1173,49
382,84	1169,39
383,05	1161,20
383,26	1126,38
383,47	1144,81
383,68	1175,53
383,88	1183,73
384,09	1191,92
384,30	1286,12
384,51	1204,21
384,72	1224,69
384,93	1232,88
385,14	1150,96
385,35	1118,19
385,55	1136,62
385,76	1245,16
385,97	1185,77
386,18	1155,05
386,39	1120,24
386,60	1232,88
386,81	1118,19
387,02	1155,05
387,22	1136,62
387,43	1179,63
387,64	1056,75
387,85	1161,20
388,06	1144,81
388,27	1206,25
388,48	1159,15
388,68	1220,59
388,89	1230,83
389,10	1132,53
389,31	1175,53
389,52	1230,83
389,73	1189,87
389,93	1148,91
390,14	1200,11
390,35	1230,83
390,56	1118,19
390,77	1167,34
390,98	1161,20
391,18	1167,34
391,39	1191,92
391,60	1126,38
391,81	1181,68
392,02	1200,11
392,23	1136,62
392,43	1198,06
392,64	1171,44
392,85	1204,21
393,06	1144,81
393,27	1146,86
393,47	1159,15
393,68	1179,63
393,89	1239,02
394,10	1177,58
394,31	1126,38
394,52	1183,73
394,72	1198,06
394,93	1146,86
395,14	1171,44
395,35	1224,69
395,56	1136,62
395,76	1167,34
395,97	1282,03
396,18	1179,63
396,39	1196,01
396,60	1193,97
396,80	1198,06
397,01	1222,64
397,22	1159,15
397,43	1234,93
397,64	1193,97
397,84	1124,33
398,05	1216,49
398,26	1175,53
398,47	1222,64
398,67	1161,20
398,88	1230,83
399,09	1144,81
399,30	1081,33
399,51	1212,40
399,71	1085,42
399,92	1146,86
400,13	1208,30
400,34	1142,77
400,54	1193,97
400,75	1239,02
400,96	1196,01
401,17	1208,30
401,37	1220,59
401,58	1261,55
401,79	1161,20
402,00	1183,73
402,21	1198,06
402,41	1212,40
402,62	1159,15
402,83	1163,25
403,04	1175,53
403,24	1155,05
403,45	1206,25
403,66	1130,48
403,87	1224,69
404,07	1155,05
404,28	1185,77
404,49	1218,54
404,70	1189,87
404,90	1200,11
405,11	1206,25
405,32	1198,06
405,52	1193,97
405,73	1138,67
405,94	1122,29
406,15	1120,24
406,35	1144,81
406,56	1157,10
406,77	1132,53
406,98	1157,10
407,18	1142,77
407,39	1173,49
407,60	1165,29
407,80	1267,69
408,01	1187,82
408,22	1169,39
408,43	1177,58
408,63	1198,06
408,84	1130,48
409,05	1183,73
409,25	1169,39
409,46	1204,21
409,67	1220,59
409,88	1183,73
410,08	1191,92
410,29	1177,58
410,50	1189,87
410,70	1222,64
410,91	1159,15
411,12	1155,05
411,32	1249,26
411,53	1146,86
411,74	1175,53
411,95	1128,43
412,15	1155,05
412,36	1130,48
412,57	1187,82
412,77	1155,05
412,98	1118,19
413,19	1189,87
413,39	1167,34
413,60	1181,68
413,81	1193,97
414,01	1224,69
414,22	1159,15
414,43	1204,21
414,63	1110,00
414,84	1177,58
415,05	1165,29
415,25	1177,58
415,46	1140,72
415,67	1191,92
415,87	1130,48
416,08	1189,87
416,29	1165,29
416,49	1150,96
416,70	1062,90
416,91	1222,64
417,11	1122,29
417,32	1255,40
417,53	1175,53
417,73	1249,26
417,94	1202,16
418,15	1146,86
418,35	1206,25
418,56	1130,48
418,77	1187,82
418,97	1232,88
419,18	1155,05
419,38	1218,54
419,59	1261,55
419,80	1204,21
420,00	1234,93
420,21	1212,40
420,42	1191,92
420,62	1187,82
420,83	1146,86
421,04	1150,96
421,24	1265,64
421,45	1165,29
421,65	1191,92
421,86	1173,49
422,07	1187,82
422,27	1165,29
422,48	1206,25
422,69	1165,29
422,89	1163,25
423,10	1220,59
423,30	1179,63
423,51	1185,77
423,72	1212,40
423,92	1110,00
424,13	1206,25
424,33	1120,24
424,54	1175,53
424,75	1193,97
424,95	1179,63
425,16	1177,58
425,36	1226,73
425,57	1193,97
425,78	1185,77
425,98	1193,97
426,19	1216,49
426,39	1134,57
426,60	1142,77
426,81	1200,11
427,01	1226,73
427,22	1167,34
427,42	1138,67
427,63	1198,06
427,83	1124,33
428,04	1187,82
428,25	1179,63
428,45	1196,01
428,66	1138,67
428,86	1118,19
429,07	1249,26
429,28	1249,26
429,48	1159,15
429,69	1126,38
429,89	1132,53
430,10	1148,91
430,30	1128,43
430,51	1189,87
430,71	1224,69
430,92	1175,53
431,13	1181,68
431,33	1187,82
431,54	1200,11
431,74	1198,06
431,95	1247,21
432,15	1220,59
432,36	1185,77
432,56	1167,34
432,77	1167,34
432,98	1216,49
433,18	1222,64
433,39	1130,48
433,59	1155,05
433,80	1146,86
434,00	1234,93
434,21	1222,64
434,41	1155,05
434,62	1107,95
434,82	1105,90
435,03	1202,16
435,23	1230,83
435,44	1206,25
435,64	1146,86
435,85	1140,72
436,06	1200,11
436,26	1208,30
436,47	1175,53
436,67	1171,44
436,88	1138,67
437,08	1138,67
437,29	1163,25
437,49	1206,25
437,70	1157,10
437,90	1130,48
438,11	1144,81
438,31	1191,92
438,52	1171,44
438,72	1107,95
438,93	1253,36
439,13	1159,15
439,34	1159,15
439,54	1159,15
439,75	1239,02
439,95	1177,58
440,16	1163,25
440,36	1159,15
440,57	1189,87
440,77	1212,40
440,98	1171,44
441,18	1181,68
441,39	1107,95
441,59	1189,87
441,80	1200,11
442,00	1183,73
442,21	1183,73
442,41	1198,06
442,62	1134,57
442,82	1189,87
443,02	1159,15
443,23	1150,96
443,43	1105,90
443,64	1163,25
443,84	1159,15
444,05	1175,53
444,25	1169,39
444,46	1212,40
444,66	1179,63
444,87	1181,68
445,07	1187,82
445,28	1132,53
445,48	1112,05
445,69	1114,10
445,89	1273,84
446,09	1226,73
446,30	1150,96
446,50	1200,11
446,71	1163,25
446,91	1210,35
447,12	1202,16
447,32	1216,49
447,53	1144,81
447,73	1153,01
447,93	1118,19
448,14	1148,91
448,34	1208,30
448,55	1159,15
448,75	1175,53
448,96	1116,14
449,16	1212,40
449,36	1148,91
449,57	1155,05
449,77	1153,01
449,98	1142,77
450,18	1153,01
450,39	1173,49
450,59	1128,43
450,79	1124,33
451,00	1167,34
451,20	1173,49
451,41	1247,21
451,61	1253,36
451,81	1126,38
452,02	1210,35
452,22	1206,25
452,43	1146,86
452,63	1153,01
452,84	1167,34
453,04	1208,30
453,24	1173,49
453,45	1159,15
453,65	1218,54
453,86	1124,33
454,06	1175,53
454,26	1140,72
454,47	1222,64
454,67	1196,01
454,87	1153,01
455,08	1171,44
455,28	1112,05
455,49	1202,16
455,69	1159,15
455,89	1247,21
456,10	1146,86
456,30	1191,92
456,51	1167,34
456,71	1208,30
456,91	1177,58
457,12	1173,49
457,32	1136,62
457,52	1212,40
457,73	1163,25
457,93	1208,30
458,14	1210,35
458,34	1189,87
458,54	1183,73
458,75	1165,29
458,95	1185,77
459,15	1181,68
459,36	1234,93
459,56	1179,63
459,76	1196,01
459,97	1200,11
460,17	1134,57
460,37	1216,49
460,58	1136,62
460,78	1198,06
460,99	1177,58
461,19	1212,40
461,39	1144,81
461,60	1198,06
461,80	1120,24
462,00	1122,29
462,21	1120,24
462,41	1181,68
462,61	1093,62
462,82	1173,49
463,02	1161,20
463,22	1216,49
463,43	1140,72
463,63	1193,97
463,83	1122,29
464,04	1187,82
464,24	1161,20
464,44	1167,34
464,64	1196,01
464,85	1247,21
465,05	1212,40
465,25	1157,10
465,46	1157,10
465,66	1191,92
465,86	1202,16
466,07	1179,63
466,27	1116,14
466,47	1196,01
466,68	1097,71
466,88	1136,62
467,08	1128,43
467,29	1187,82
467,49	1204,21
467,69	1101,81
467,89	1140,72
468,10	1183,73
468,30	1173,49
468,50	1181,68
468,71	1204,21
468,91	1171,44
469,11	1155,05
469,31	1187,82
469,52	1114,10
469,72	1200,11
469,92	1191,92
470,13	1165,29
470,33	1177,58
470,53	1220,59
470,73	1261,55
470,94	1153,01
471,14	1218,54
471,34	1191,92
471,54	1230,83
471,75	1181,68
471,95	1146,86
472,15	1161,20
472,36	1144,81
472,56	1165,29
472,76	1142,77
472,96	1126,38
473,17	1155,05
473,37	1134,57
473,57	1155,05
473,77	1167,34
473,98	1157,10
474,18	1161,20
474,38	1202,16
474,58	1173,49
474,79	1144,81
474,99	1171,44
475,19	1206,25
475,39	1189,87
475,60	1138,67
475,80	1136,62
476,00	1122,29
476,20	1191,92
476,41	1165,29
476,61	1202,16
476,81	1167,34
477,01	1167,34
477,21	1163,25
477,42	1200,11
477,62	1196,01
477,82	1169,39
478,02	1232,88
478,23	1177,58
478,43	1183,73
478,63	1161,20
478,83	1193,97
479,03	1146,86
479,24	1257,45
479,44	1142,77
479,64	1181,68
479,84	1208,30
480,04	1189,87
480,25	1161,20
480,45	1163,25
480,65	1159,15
480,85	1126,38
481,06	1214,45
481,26	1148,91
481,46	1144,81
481,66	1239,02
481,86	1150,96
482,06	1150,96
482,27	1146,86
482,47	1202,16
482,67	1200,11
482,87	1236,97
483,07	1212,40
483,28	1159,15
483,48	1218,54
483,68	1181,68
483,88	1140,72
484,08	1193,97
484,29	1185,77
484,49	1150,96
484,69	1185,77
484,89	1146,86
485,09	1171,44
485,29	1230,83
485,50	1257,45
485,70	1077,23
485,90	1144,81
486,10	1171,44
486,30	1146,86
486,50	1161,20
486,71	1134,57
486,91	1181,68
487,11	1140,72
487,31	1189,87
487,51	1196,01
487,71	1177,58
487,91	1153,01
488,12	1232,88
488,32	1181,68
488,52	1173,49
488,72	1124,33
488,92	1144,81
489,12	1130,48
489,32	1134,57
489,53	1230,83
489,73	1144,81
489,93	1216,49
490,13	1110,00
490,33	1171,44
490,53	1204,21
490,73	1146,86
490,94	1206,25
491,14	1253,36
491,34	1181,68
491,54	1144,81
491,74	1155,05
491,94	1212,40
492,14	1138,67
492,34	1130,48
492,54	1093,62
492,75	1187,82
492,95	1153,01
493,15	1214,45
493,35	1202,16
493,55	1189,87
493,75	1183,73
493,95	1110,00
494,15	1075,18
494,35	1200,11
494,56	1142,77
494,76	1128,43
494,96	1159,15
495,16	1220,59
495,36	1191,92
495,56	1200,11
495,76	1144,81
495,96	1144,81
496,16	1159,15
496,36	1142,77
496,56	1189,87
496,77	1189,87
496,97	1191,92
497,17	1206,25
497,37	1163,25
497,57	1230,83
497,77	1128,43
497,97	1155,05
498,17	1212,40
498,37	1144,81
498,57	1122,29
498,77	1140,72
498,97	1120,24
499,17	1142,77
499,38	1148,91
499,58	1189,87
499,78	1189,87
499,98	1257,45
500,18	1191,92
500,38	1144,81
500,58	1118,19
500,78	1126,38
500,98	1155,05
501,18	1128,43
501,38	1138,67
501,58	1144,81
501,78	1150,96
501,98	1181,68
502,18	1193,97
502,38	1124,33
502,58	1118,19
502,78	1204,21
502,98	1153,01
503,18	1206,25
503,38	1105,90
503,59	1171,44
503,79	1126,38
503,99	1140,72
504,19	1171,44
504,39	1183,73
504,59	1159,15
504,79	1150,96
504,99	1159,15
505,19	1191,92
505,39	1118,19
505,59	1169,39
505,79	1175,53
505,99	1167,34
506,19	1179,63
506,39	1165,29
506,59	1163,25
506,79	1198,06
506,99	1177,58
507,19	1196,01
507,39	1288,17
507,59	1181,68
507,79	1122,29
507,99	1255,40
508,19	1142,77
508,39	1275,88
508,59	1224,69
508,79	1167,34
508,99	1155,05
509,19	1193,97
509,39	1167,34
509,59	1159,15
509,79	1193,97
509,99	1224,69
510,19	1150,96
510,39	1193,97
510,59	1118,19
510,79	1261,55
510,99	1128,43
511,19	1130,48
511,39	1177,58
511,59	1200,11
511,79	1243,12
511,99	1157,10
512,19	1161,20
512,38	1210,35
512,58	1171,44
512,78	1144,81
512,98	1165,29
513,18	1169,39
513,38	1187,82
513,58	1193,97
513,78	1157,10
513,98	1157,10
514,18	1224,69
514,38	1196,01
514,58	1222,64
514,78	1239,02
514,98	1232,88
515,18	1148,91
515,38	1191,92
515,58	1179,63
515,78	1169,39
515,98	1269,74
516,18	1191,92
516,38	1179,63
516,57	1148,91
516,77	1177,58
516,97	1228,78
517,17	1196,01
517,37	1175,53
517,57	1124,33
517,77	1159,15
517,97	1263,60
518,17	1138,67
518,37	1144,81
518,57	1165,29
518,77	1167,34
518,97	1189,87
519,16	1230,83
519,36	1134,57
519,56	1126,38
519,76	1185,77
519,96	1181,68
520,16	1204,21
520,36	1220,59
520,56	1185,77
520,76	1200,11
520,96	1210,35
521,16	1191,92
521,35	1101,81
521,55	1153,01
521,75	1175,53
521,95	1179,63
522,15	1204,21
522,35	1171,44
522,55	1183,73
522,75	1181,68
522,95	1179,63
523,14	1126,38
523,34	1173,49
523,54	1126,38
523,74	1150,96
523,94	1191,92
524,14	1171,44
524,34	1241,07
524,54	1232,88
524,73	1189,87
524,93	1167,34
525,13	1198,06
525,33	1212,40
525,53	1107,95
525,73	1204,21
525,93	1165,29
526,13	1155,05
526,32	1132,53
526,52	1159,15
526,72	1216,49
526,92	1118,19
527,12	1202,16
527,32	1148,91
527,52	1099,76
527,71	1177,58
527,91	1142,77
528,11	1191,92
528,31	1249,26
528,51	1122,29
528,71	1191,92
528,90	1110,00
529,10	1193,97
529,30	1210,35
529,50	1232,88
529,70	1173,49
529,90	1071,09
530,09	1218,54
530,29	1169,39
530,49	1161,20
530,69	1183,73
530,89	1206,25
531,09	1171,44
531,28	1253,36
531,48	1198,06
531,68	1173,49
531,88	1167,34
532,08	1200,11
532,28	1202,16
532,47	1144,81
532,67	1224,69
532,87	1153,01
533,07	1228,78
533,27	1189,87
533,46	1216,49
533,66	1220,59
533,86	1167,34
534,06	1087,47
534,26	1126,38
534,45	1093,62
534,65	1200,11
534,85	1167,34
535,05	1189,87
535,25	1150,96
535,44	1212,40
535,64	1091,57
535,84	1091,57
536,04	1210,35
536,24	1179,63
536,43	1187,82
536,63	1220,59
536,83	1220,59
537,03	1271,79
537,22	1236,97
537,42	1124,33
537,62	1110,00
537,82	1179,63
538,02	1230,83
538,21	1236,97
538,41	1157,10
538,61	1150,96
538,81	1107,95
539,00	1224,69
539,20	1232,88
539,40	1183,73
539,60	1169,39
539,79	1191,92
539,99	1171,44
540,19	1228,78
540,39	1187,82
540,58	1112,05
540,78	1206,25
540,98	1189,87
541,18	1181,68
541,37	1110,00
541,57	1181,68
541,77	1165,29
541,97	1222,64
542,16	1144,81
542,36	1159,15
542,56	1171,44
542,76	1185,77
542,95	1202,16
543,15	1179,63
543,35	1095,66
543,54	1146,86
543,74	1124,33
543,94	1179,63
544,14	1101,81
544,33	1198,06
544,53	1206,25
544,73	1165,29
544,93	1130,48
545,12	1187,82
545,32	1181,68
545,52	1241,07
545,71	1116,14
545,91	1220,59
546,11	1153,01
546,30	1134,57
546,50	1228,78
546,70	1138,67
546,90	1200,11
547,09	1185,77
547,29	1132,53
547,49	1198,06
547,68	1189,87
547,88	1173,49
548,08	1159,15
548,27	1126,38
548,47	1185,77
548,67	1112,05
548,87	1191,92
549,06	1202,16
549,26	1118,19
549,46	1132,53
549,65	1175,53
549,85	1191,92
550,05	1146,86
550,24	1198,06
550,44	1122,29
550,64	1216,49
550,83	1150,96
551,03	1103,86
551,23	1191,92
551,42	1071,09
551,62	1181,68
551,82	1179,63
552,01	1130,48
552,21	1126,38
552,41	1210,35
552,60	1173,49
552,80	1200,11
553,00	1122,29
553,19	1200,11
553,39	1142,77
553,59	1159,15
553,78	1153,01
553,98	1177,58
554,17	1181,68
554,37	1234,93
554,57	1177,58
554,76	1122,29
554,96	1150,96
555,16	1146,86
555,35	1153,01
555,55	1189,87
555,75	1198,06
555,94	1140,72
556,14	1204,21
556,33	1210,35
556,53	1159,15
556,73	1175,53
556,92	1140,72
557,12	1159,15
557,32	1210,35
557,51	1128,43
557,71	1189,87
557,90	1191,92
558,10	1196,01
558,30	1103,86
558,49	1220,59
558,69	1198,06
558,88	1179,63
559,08	1177,58
559,28	1118,19
559,47	1118,19
559,67	1202,16
559,86	1214,45
560,06	1191,92
560,26	1155,05
560,45	1228,78
560,65	1175,53
560,84	1140,72
561,04	1179,63
561,24	1157,10
561,43	1187,82
561,63	1181,68
561,82	1142,77
562,02	1171,44
562,22	1171,44
562,41	1128,43
562,61	1204,21
562,80	1175,53
563,00	1171,44
563,19	1216,49
563,39	1222,64
563,59	1128,43
563,78	1179,63
563,98	1148,91
564,17	1075,18
564,37	1153,01
564,56	1169,39
564,76	1163,25
564,96	1126,38
565,15	1200,11
565,35	1159,15
565,54	1161,20
565,74	1161,20
565,93	1173,49
566,13	1146,86
566,32	1206,25
566,52	1196,01
566,71	1122,29
566,91	1130,48
567,11	1175,53
567,30	1122,29
567,50	1183,73
567,69	1212,40
567,89	1163,25
568,08	1093,62
568,28	1116,14
568,47	1167,34
568,67	1288,17
568,86	1208,30
569,06	1167,34
569,25	1208,30
569,45	1196,01
569,64	1130,48
569,84	1183,73
570,04	1257,45
570,23	1079,28
570,43	1173,49
570,62	1159,15
570,82	1226,73
571,01	1126,38
571,21	1175,53
571,40	1167,34
571,60	1187,82
571,79	1183,73
571,99	1247,21
572,18	1236,97
572,38	1130,48
572,57	1167,34
572,77	1236,97
572,96	1179,63
573,16	1107,95
573,35	1218,54
573,55	1279,98
573,74	1114,10
573,94	1202,16
574,13	1146,86
574,33	1169,39
574,52	1224,69
574,71	1140,72
574,91	1155,05
575,10	1187,82
575,30	1202,16
575,49	1146,86
575,69	1167,34
575,88	1169,39
576,08	1144,81
576,27	1191,92
576,47	1196,01
576,66	1241,07
576,86	1126,38
577,05	1206,25
577,25	1175,53
577,44	1191,92
577,64	1185,77
577,83	1136,62
578,02	1181,68
578,22	1157,10
578,41	1161,20
578,61	1126,38
578,80	1185,77
579,00	1196,01
579,19	1181,68
579,39	1232,88
579,58	1124,33
579,77	1183,73
579,97	1165,29
580,16	1234,93
580,36	1220,59
580,55	1146,86
580,75	1103,86
580,94	1208,30
581,13	1228,78
581,33	1206,25
581,52	1175,53
581,72	1241,07
581,91	1253,36
582,11	1185,77
582,30	1126,38
582,49	1196,01
582,69	1140,72
582,88	1155,05
583,08	1150,96
583,27	1122,29
583,47	1124,33
583,66	1189,87
583,85	1101,81
584,05	1191,92
584,24	1204,21
584,44	1134,57
584,63	1140,72
584,82	1105,90
585,02	1187,82
585,21	1159,15
585,41	1116,14
585,60	1210,35
585,79	1120,24
585,99	1181,68
586,18	1185,77
586,37	1126,38
586,57	1128,43
586,76	1191,92
586,96	1105,90
587,15	1187,82
587,34	1163,25
587,54	1212,40
587,73	1085,42
587,93	1114,10
588,12	1185,77
588,31	1226,73
588,51	1171,44
588,70	1144,81
588,89	1116,14
589,09	1239,02
589,28	1193,97
589,47	1249,26
589,67	1169,39
589,86	1095,66
590,06	1181,68
590,25	1224,69
590,44	1165,29
590,64	1249,26
590,83	1224,69
591,02	1222,64
591,22	1210,35
591,41	1210,35
591,60	1177,58
591,80	1261,55
591,99	1150,96
592,18	1220,59
592,38	1196,01
592,57	1161,20
592,76	1171,44
592,96	1208,30
593,15	1200,11
593,34	1185,77
593,54	1163,25
593,73	1212,40
593,92	1193,97
594,12	1243,12
594,31	1153,01
594,50	1202,16
594,70	1163,25
594,89	1171,44
595,08	1155,05
595,28	1120,24
595,47	1187,82
595,66	1177,58
595,86	1189,87
596,05	1193,97
596,24	1171,44
596,43	1191,92
596,63	1224,69
596,82	1247,21
597,01	1273,84
597,21	1150,96
597,40	1214,45
597,59	1118,19
597,79	1224,69
597,98	1179,63
598,17	1161,20
598,36	1193,97
598,56	1236,97
598,75	1132,53
598,94	1167,34
599,14	1091,57
599,33	1105,90
599,52	1228,78
599,71	1257,45
599,91	1161,20
600,10	1122,29
600,29	1173,49
600,48	1181,68
600,68	1251,31
600,87	1167,34
601,06	1103,86
601,26	1196,01
601,45	1165,29
601,64	1204,21
601,83	1267,69
602,03	1138,67
602,22	1165,29
602,41	1232,88
602,60	1226,73
602,80	1157,10
602,99	1218,54
603,18	1163,25
603,37	1171,44
603,57	1120,24
603,76	1200,11
603,95	1183,73
604,14	1218,54
604,34	1081,33
604,53	1210,35
604,72	1159,15
604,91	1169,39
605,10	1200,11
605,30	1114,10
605,49	1146,86
605,68	1251,31
605,87	1200,11
606,07	1214,45
606,26	1161,20
606,45	1157,10
606,64	1179,63
606,84	1179,63
607,03	1107,95
607,22	1220,59
607,41	1177,58
607,60	1159,15
607,80	1146,86
607,99	1214,45
608,18	1118,19
608,37	1171,44
608,56	1212,40
608,76	1130,48
608,95	1196,01
609,14	1185,77
609,33	1144,81
609,52	1224,69
609,72	1167,34
609,91	1234,93
610,10	1163,25
610,29	1196,01
610,48	1183,73
610,68	1196,01
610,87	1181,68
611,06	1118,19
611,25	1232,88
611,44	1107,95
611,63	1128,43
611,83	1243,12
612,02	1150,96
612,21	1153,01
612,40	1114,10
612,59	1189,87
612,79	1132,53
612,98	1200,11
613,17	1161,20
613,36	1142,77
613,55	1224,69
613,74	1177,58
613,93	1146,86
614,13	1179,63
614,32	1118,19
614,51	1187,82
614,70	1165,29
614,89	1185,77
615,08	1212,40
615,28	1175,53
615,47	1161,20
615,66	1175,53
615,85	1204,21
616,04	1167,34
616,23	1206,25
616,42	1214,45
616,62	1236,97
616,81	1208,30
617,00	1146,86
617,19	1171,44
617,38	1159,15
617,57	1165,29
617,76	1269,74
617,95	1196,01
618,15	1157,10
618,34	1169,39
618,53	1150,96
618,72	1157,10
618,91	1210,35
619,10	1163,25
619,29	1167,34
619,48	1110,00
619,68	1159,15
619,87	1249,26
620,06	1228,78
620,25	1224,69
620,44	1179,63
620,63	1140,72
620,82	1167,34
621,01	1142,77
621,20	1144,81
621,39	1191,92
621,59	1208,30
621,78	1177,58
621,97	1226,73
622,16	1220,59
622,35	1091,57
622,54	1101,81
622,73	1148,91
622,92	1142,77
623,11	1218,54
623,30	1140,72
623,49	1218,54
623,68	1187,82
623,88	1155,05
624,07	1183,73
624,26	1171,44
624,45	1171,44
624,64	1161,20
624,83	1200,11
625,02	1159,15
625,21	1155,05
625,40	1183,73
625,59	1103,86
625,78	1243,12
625,97	1161,20
626,16	1157,10
626,35	1128,43
626,54	1167,34
626,74	1232,88
626,93	1230,83
627,12	1220,59
627,31	1105,90
627,50	1173,49
627,69	1193,97
627,88	1175,53
628,07	1249,26
628,26	1214,45
628,45	1196,01
628,64	1214,45
628,83	1241,07
629,02	1216,49
629,21	1236,97
629,40	1191,92
629,59	1265,64
629,78	1167,34
629,97	1157,10
630,16	1200,11
630,35	1214,45
630,54	1273,84
630,73	1153,01
630,92	1216,49
631,11	1171,44
631,30	1294,32
631,49	1464,30
631,68	1773,54
631,87	3571,66
632,06	12934,97
632,25	38493,62
632,44	51080,44
632,63	51064,05
632,82	32593,42
633,01	16582,40
633,20	4929,46
633,39	5091,25
633,58	2459,61
633,77	1937,38
633,96	1767,40
634,15	1415,15
634,34	1501,16
634,53	1433,58
634,72	1503,21
634,91	1339,37
635,10	1363,95
635,29	1210,35
635,48	1241,07
635,67	1245,16
635,86	1157,10
636,05	1193,97
636,24	1163,25
636,43	1163,25
636,62	1198,06
636,81	1185,77
637,00	1200,11
637,19	1148,91
637,38	1220,59
637,57	1179,63
637,76	1087,47
637,95	1206,25
638,14	1161,20
638,33	1226,73
638,52	1202,16
638,71	1134,57
638,89	1118,19
639,08	1183,73
639,27	1134,57
639,46	1142,77
639,65	1218,54
639,84	1130,48
640,03	1167,34
640,22	1183,73
640,41	1224,69
640,60	1325,04
640,79	1173,49
640,98	1138,67
641,17	1181,68
641,36	1148,91
641,55	1193,97
641,74	1243,12
641,92	1187,82
642,11	1157,10
642,30	1243,12
642,49	1191,92
642,68	1150,96
642,87	1230,83
643,06	1181,68
643,25	1216,49
643,44	1157,10
643,63	1140,72
643,82	1206,25
644,00	1208,30
644,19	1161,20
644,38	1126,38
644,57	1167,34
644,76	1267,69
644,95	1136,62
645,14	1200,11
645,33	1142,77
645,52	1193,97
645,71	1191,92
645,89	1196,01
646,08	1232,88
646,27	1163,25
646,46	1220,59
646,65	1165,29
646,84	1165,29
647,03	1159,15
647,22	1093,62
647,40	1200,11
647,59	1181,68
647,78	1200,11
647,97	1157,10
648,16	1157,10
648,35	1220,59
648,54	1183,73
648,73	1130,48
648,91	1196,01
649,10	1179,63
649,29	1202,16
649,48	1255,40
649,67	1189,87
649,86	1271,79
650,05	1169,39
650,23	1261,55
650,42	1222,64
650,61	1187,82
650,80	1150,96
650,99	1114,10
651,18	1191,92
651,36	1261,55
651,55	1161,20
651,74	1191,92
651,93	1175,53
652,12	1218,54
652,31	1224,69
652,49	1200,11
652,68	1218,54
652,87	1138,67
653,06	1218,54
653,25	1216,49
653,44	1114,10
653,62	1155,05
653,81	1091,57
654,00	1179,63
654,19	1157,10
654,38	1169,39
654,56	1153,01
654,75	1210,35
654,94	1173,49
655,13	1198,06
655,32	1200,11
655,51	1200,11
655,69	1224,69
655,88	1193,97
656,07	1193,97
656,26	1177,58
656,45	1140,72
656,63	1169,39
656,82	1183,73
657,01	1093,62
657,20	1163,25
657,38	1204,21
657,57	1236,97
657,76	1150,96
657,95	1191,92
658,14	1196,01
658,32	1060,85
658,51	1243,12
658,70	1130,48
658,89	1130,48
659,08	1165,29
659,26	1155,05
659,45	1183,73
659,64	1189,87
659,83	1155,05
660,01	1165,29
660,20	1214,45
660,39	1114,10
660,58	1150,96
660,76	1204,21
660,95	1179,63
661,14	1116,14
661,33	1134,57
661,51	1142,77
661,70	1165,29
661,89	1159,15
662,08	1161,20
662,26	1118,19
662,45	1191,92
662,64	1161,20
662,83	1191,92
663,01	1157,10
663,20	1236,97
663,39	1169,39
663,58	1187,82
663,76	1179,63
663,95	1167,34
664,14	1155,05
664,32	1181,68
664,51	1177,58
664,70	1105,90
664,89	1245,16
665,07	1245,16
665,26	1236,97
665,45	1097,71
665,64	1118,19
665,82	1222,64
666,01	1200,11
666,20	1095,66
666,38	1185,77
666,57	1210,35
666,76	1165,29
666,95	1208,30
667,13	1216,49
667,32	1124,33
667,51	1132,53
667,69	1144,81
667,88	1222,64
668,07	1183,73
668,25	1159,15
668,44	1128,43
668,63	1148,91
668,81	1187,82
669,00	1105,90
669,19	1161,20
669,38	1163,25
669,56	1144,81
669,75	1239,02
669,94	1179,63
670,12	1183,73
670,31	1144,81
670,50	1148,91
670,68	1230,83
670,87	1200,11
671,06	1185,77
671,24	1136,62
671,43	1228,78
671,62	1226,73
671,80	1202,16
671,99	1175,53
672,18	1179,63
672,36	1130,48
672,55	1105,90
672,74	1163,25
672,92	1136,62
673,11	1150,96
673,29	1208,30
673,48	1179,63
673,67	1177,58
673,85	1150,96
674,04	1122,29
674,23	1216,49
674,41	1120,24
674,60	1140,72
674,79	1175,53
674,97	1191,92
675,16	1126,38
675,34	1189,87
675,53	1167,34
675,72	1114,10
675,90	1208,30
676,09	1243,12
676,28	1120,24
676,46	1175,53
676,65	1148,91
676,83	1148,91
677,02	1155,05
677,21	1171,44
677,39	1087,47
677,58	1140,72
677,77	1120,24
677,95	1157,10
678,14	1157,10
678,32	1218,54
678,51	1110,00
678,70	1161,20
678,88	1181,68
679,07	1196,01
679,25	1146,86
679,44	1232,88
679,63	1175,53
679,81	1267,69
680,00	1155,05
680,18	1161,20
680,37	1150,96
680,55	1165,29
680,74	1167,34
680,93	1175,53
681,11	1175,53
681,30	1165,29
681,48	1118,19
681,67	1196,01
681,85	1173,49
682,04	1202,16
682,23	1236,97
682,41	1179,63
682,60	1150,96
682,78	1157,10
682,97	1167,34
683,15	1200,11
683,34	1177,58
683,53	1173,49
683,71	1239,02
683,90	1153,01
684,08	1196,01
684,27	1208,30
684,45	1189,87
684,64	1097,71
684,82	1220,59
685,01	1216,49
685,19	1175,53
685,38	1187,82
685,57	1171,44
685,75	1103,86
685,94	1095,66
686,12	1122,29
686,31	1245,16
686,49	1110,00
686,68	1114,10
686,86	1193,97
687,05	1282,03
687,23	1220,59
687,42	1163,25
687,60	1150,96
687,79	1130,48
687,97	1191,92
688,16	1198,06
688,34	1146,86
688,53	1232,88
688,71	1161,20
688,90	1148,91
689,08	1234,93
689,27	1097,71
689,45	1136,62
689,64	1118,19
689,82	1208,30
690,01	1163,25
690,19	1202,16
690,38	1163,25
690,56	1128,43
690,75	1206,25
690,93	1124,33
691,12	1132,53
691,30	1210,35
691,49	1167,34
691,67	1126,38
691,86	1234,93
692,04	1224,69
692,23	1208,30
692,41	1200,11
692,60	1179,63
692,78	1132,53
692,97	1134,57
693,15	1101,81
693,34	1187,82
693,52	1218,54
693,71	1105,90
693,89	1140,72
694,08	1159,15
694,26	1118,19
694,44	1226,73
694,63	1157,10
694,81	1187,82
695,00	1196,01
695,18	1148,91
695,37	1148,91
695,55	1175,53
695,74	1138,67
695,92	1120,24
696,10	1167,34
696,29	1161,20
696,47	1198,06
696,66	1249,26
696,84	1173,49
697,03	1226,73
697,21	1228,78
697,40	1171,44
697,58	1167,34
697,76	1181,68
697,95	1165,29
698,13	1126,38
698,32	1200,11
698,50	1126,38
698,68	1134,57
698,87	1165,29
699,05	1214,45
699,24	1208,30
699,42	1167,34
699,61	1148,91
699,79	1249,26
699,97	1175,53
700,16	1122,29
700,34	1208,30
700,53	1241,07
700,71	1105,90
700,89	1224,69
701,08	1122,29
701,26	1222,64
701,45	1198,06
701,63	1179,63
701,81	1179,63
702,00	1222,64
702,18	1208,30
702,37	1136,62
702,55	1148,91
702,73	1136,62
702,92	1212,40
703,10	1132,53
703,28	1110,00
703,47	1189,87
703,65	1169,39
703,84	1175,53
704,02	1169,39
704,20	1222,64
704,39	1112,05
704,57	1165,29
704,75	1169,39
704,94	1185,77
705,12	1144,81
705,30	1220,59
705,49	1230,83
705,67	1196,01
705,86	1214,45
706,04	1193,97
706,22	1236,97
706,41	1220,59
706,59	1228,78
706,77	1097,71
706,96	1163,25
707,14	1161,20
707,32	1187,82
707,51	1126,38
707,69	1179,63
707,87	1153,01
708,06	1189,87
708,24	1171,44
708,42	1218,54
708,61	1226,73
708,79	1163,25
708,97	1224,69
709,16	1191,92
709,34	1167,34
709,52	1087,47
709,71	1200,11
709,89	1099,76
710,07	1132,53
710,26	1187,82
710,44	1161,20
710,62	1193,97
710,80	1155,05
710,99	1097,71
711,17	1179,63
711,35	1198,06
711,54	1179,63
711,72	1159,15
711,90	1167,34
712,09	1196,01
712,27	1126,38
712,45	1142,77
712,63	1167,34
712,82	1130,48
713,00	1150,96
713,18	1193,97
713,37	1150,96
713,55	1193,97
713,73	1161,20
713,91	1171,44
714,10	1167,34
714,28	1222,64
714,46	1134,57
714,65	1191,92
714,83	1214,45
715,01	1126,38
715,19	1232,88
715,38	1171,44
715,56	1204,21
715,74	1167,34
715,92	1196,01
716,11	1183,73
716,29	1155,05
716,47	1155,05
716,65	1128,43
716,84	1169,39
717,02	1218,54
717,20	1138,67
717,38	1177,58
717,57	1202,16
717,75	1159,15
717,93	1202,16
718,11	1159,15
718,30	1136,62
718,48	1165,29
718,66	1210,35
718,84	1157,10
719,03	1198,06
719,21	1212,40
719,39	1124,33
719,57	1140,72
719,75	1171,44
719,94	1191,92
720,12	1161,20
720,30	1167,34
720,48	1181,68
720,67	1220,59
720,85	1257,45
721,03	1169,39
721,21	1116,14
721,39	1157,10
721,58	1120,24
721,76	1189,87
721,94	1110,00
722,12	1175,53
722,30	1110,00
722,49	1107,95
722,67	1144,81
722,85	1224,69
723,03	1107,95
723,21	1181,68
723,40	1148,91
723,58	1206,25
723,76	1173,49
723,94	1132,53
724,12	1153,01
724,30	1200,11
724,49	1239,02
724,67	1206,25
724,85	1167,34
725,03	1236,97
725,21	1140,72
725,40	1228,78
725,58	1202,16
725,76	1198,06
725,94	1136,62
726,12	1173,49
726,30	1124,33
726,49	1167,34
726,67	1191,92
726,85	1130,48
727,03	1144,81
727,21	1171,44
727,39	1107,95
727,57	1212,40
727,76	1222,64
727,94	1181,68
728,12	1155,05
728,30	1146,86
728,48	1089,52
728,66	1165,29
728,84	1230,83
729,03	1171,44
729,21	1220,59
729,39	1189,87
729,57	1175,53
729,75	1177,58
729,93	1157,10
730,11	1206,25
730,30	1165,29
730,48	1222,64
730,66	1153,01
730,84	1247,21
731,02	1167,34
731,20	1167,34
731,38	1097,71
731,56	1185,77
731,74	1187,82
731,93	1165,29
732,11	1150,96
732,29	1150,96
732,47	1153,01
732,65	1202,16
732,83	1179,63
733,01	1196,01
733,19	1163,25
733,37	1198,06
733,56	1198,06
733,74	1179,63
733,92	1165,29
734,10	1224,69
734,28	1163,25
734,46	1159,15
734,64	1204,21
734,82	1206,25
735,00	1196,01
735,18	1163,25
735,36	1183,73
735,54	1171,44
735,73	1187,82
735,91	1189,87
736,09	1222,64
736,27	1210,35
736,45	1177,58
736,63	1132,53
736,81	1202,16
736,99	1208,30
737,17	1193,97
737,35	1212,40
737,53	1181,68
737,71	1191,92
737,89	1193,97
738,07	1212,40
738,25	1138,67
738,43	1157,10
738,61	1241,07
738,80	1191,92
738,98	1157,10
739,16	1073,14
739,34	1175,53
739,52	1236,97
739,70	1153,01
739,88	1159,15
740,06	1112,05
740,24	1208,30
740,42	1124,33
740,60	1066,99
740,78	1142,77
740,96	1153,01
741,14	1202,16
741,32	1110,00
741,50	1163,25
741,68	1118,19
741,86	1208,30
742,04	1181,68
742,22	1183,73
742,40	1157,10
742,58	1163,25
742,76	1087,47
742,94	1202,16
743,12	1140,72
743,30	1150,96
743,48	1085,42
743,66	1185,77
743,84	1128,43
744,02	1214,45
744,20	1220,59
744,38	1134,57
744,56	1128,43
744,74	1093,62
744,92	1185,77
745,10	1210,35
745,28	1196,01
745,46	1212,40
745,64	1196,01
745,82	1148,91
746,00	1161,20
746,18	1179,63
746,36	1126,38
746,54	1161,20
746,72	1232,88
746,90	1218,54
747,08	1187,82
747,26	1189,87
747,44	1118,19
747,62	1179,63
747,80	1163,25
747,98	1153,01
748,15	1167,34
748,33	1165,29
748,51	1085,42
748,69	1234,93
748,87	1175,53
749,05	1167,34
749,23	1181,68
749,41	1167,34
749,59	1183,73
749,77	1245,16
749,95	1155,05
750,13	1116,14
750,31	1218,54
750,49	1155,05
750,67	1118,19
750,85	1116,14
751,03	1159,15
751,20	1138,67
751,38	1134,57
751,56	1126,38
751,74	1159,15
751,92	1214,45
752,10	1163,25
752,28	1193,97
752,46	1167,34
752,64	1144,81
752,82	1130,48
753,00	1218,54
753,18	1140,72
753,35	1208,30
753,53	1191,92
753,71	1169,39
753,89	1216,49
754,07	1218,54
754,25	1120,24
754,43	1220,59
754,61	1177,58
754,79	1163,25
754,97	1175,53
755,14	1193,97
755,32	1222,64
755,50	1097,71
755,68	1159,15
755,86	1150,96
756,04	1126,38
756,22	1218,54
756,40	1183,73
756,57	1165,29
756,75	1179,63
756,93	1202,16
757,11	1155,05
757,29	1187,82
757,47	1095,66
757,65	1144,81
757,82	1198,06
758,00	1224,69
758,18	1175,53
758,36	1202,16
758,54	1183,73
758,72	1122,29
758,90	1216,49
759,07	1110,00
759,25	1228,78
759,43	1114,10
759,61	1179,63
759,79	1159,15
759,97	1224,69
760,15	1179,63
760,32	1171,44
760,50	1173,49
760,68	1204,21
760,86	1294,32
761,04	1177,58
761,22	1200,11
761,39	1155,05
761,57	1202,16
761,75	1155,05
761,93	1191,92
762,11	1157,10
762,28	1196,01
762,46	1220,59
762,64	1136,62
762,82	1204,21
763,00	1126,38
763,18	1085,42
763,35	1204,21
763,53	1161,20
763,71	1130,48
763,89	1224,69
764,07	1208,30
764,24	1175,53
764,42	1193,97
764,60	1155,05
764,78	1138,67
764,96	1187,82
765,13	1144,81
765,31	1234,93
765,49	1171,44
765,67	1222,64
765,84	1163,25
766,02	1208,30
766,20	1175,53
766,38	1163,25
766,56	1165,29
766,73	1169,39
766,91	1107,95
767,09	1243,12
767,27	1226,73
767,44	1163,25
767,62	1148,91
767,80	1232,88
767,98	1146,86
768,15	1171,44
768,33	1183,73
768,51	1157,10
768,69	1165,29
768,87	1249,26
769,04	1142,77
769,22	1228,78
769,40	1191,92
769,58	1187,82
769,75	1191,92
769,93	1177,58
770,11	1177,58
770,28	1114,10
770,46	1220,59
770,64	1130,48
770,82	1163,25
770,99	1177,58
771,17	1163,25
771,35	1134,57
771,53	1150,96
771,70	1148,91
771,88	1142,77
772,06	1148,91
772,23	1118,19
772,41	1206,25
772,59	1159,15
772,77	1208,30
772,94	1185,77
773,12	1175,53
773,30	1173,49
773,47	1175,53
773,65	1169,39
773,83	1222,64
774,01	1132,53
774,18	1191,92
774,36	1132,53
774,54	1126,38
774,71	1198,06
774,89	1210,35
775,07	1181,68
775,24	1179,63
775,42	1103,86
775,60	1142,77
775,78	1136,62
775,95	1142,77
776,13	1150,96
776,31	1159,15
776,48	1163,25
776,66	1159,15
776,84	1243,12
777,01	1224,69
777,19	1232,88
777,37	1212,40
777,54	1122,29
777,72	1114,10
777,90	1157,10
778,07	1191,92
778,25	1187,82
778,43	1132,53
778,60	1167,34
778,78	1181,68
778,96	1269,74
779,13	1150,96
779,31	1206,25
779,49	1183,73
779,66	1165,29
779,84	1179,63
780,01	1165,29
780,19	1161,20
780,37	1142,77
780,54	1181,68
780,72	1077,23
780,90	1091,57
781,07	1099,76
781,25	1155,05
781,43	1091,57
781,60	1187,82
781,78	1232,88
781,95	1150,96
782,13	1175,53
782,31	1220,59
782,48	1187,82
782,66	1159,15
782,83	1179,63
783,01	1132,53
783,19	1122,29
783,36	1198,06
783,54	1159,15
783,72	1245,16
783,89	1138,67
784,07	1224,69
784,24	1130,48
784,42	1163,25
784,60	1222,64
784,77	1146,86
784,95	1146,86
785,12	1101,81
785,30	1134,57
785,47	1206,25
785,65	1042,42
785,83	1208,30
786,00	1128,43
786,18	1169,39
786,35	1226,73
786,53	1101,81
786,71	1165,29
786,88	1191,92
787,06	1161,20
787,23	1173,49
787,41	1163,25
787,58	1134,57
787,76	1179,63
787,94	1198,06
788,11	1165,29
788,29	1208,30
788,46	1210,35
788,64	1208,30
788,81	1187,82
788,99	1232,88
789,16	1179,63
789,34	1208,30
789,52	1140,72
789,69	1132,53
789,87	1136,62
790,04	1167,34
790,22	1183,73
790,39	1224,69
790,57	1185,77
790,74	1157,10
790,92	1171,44
791,09	1175,53
791,27	1177,58
791,44	1130,48
791,62	1202,16
791,79	1208,30
791,97	1167,34
792,15	1193,97
792,32	1202,16
792,50	1155,05
792,67	1167,34
792,85	1140,72
793,02	1122,29
793,20	1175,53
793,37	1183,73
793,55	1140,72
793,72	1077,23
793,90	1232,88
794,07	1126,38
794,25	1150,96
794,42	1134,57
794,60	1218,54
794,77	1169,39
794,95	1101,81
795,12	1134,57
795,30	1179,63
795,47	1159,15
795,65	1214,45
795,82	1120,24
796,00	1212,40
796,17	1181,68
796,34	1144,81
796,52	1187,82
796,69	1177,58
796,87	1196,01
797,04	1107,95
797,22	1138,67
797,39	1101,81
797,57	1193,97
797,74	1134,57
797,92	1169,39
798,09	1107,95
798,27	1310,70
798,44	1208,30
798,62	1236,97
798,79	1208,30
798,96	1206,25
799,14	1103,86
799,31	1144,81
799,49	1091,57
799,66	1187,82
799,84	1228,78
800,01	1167,34
800,19	1204,21
800,36	1183,73
800,53	1187,82
800,71	1198,06
800,88	1214,45
801,06	1153,01
801,23	1150,96
801,41	1204,21
801,58	1116,14
801,75	1124,33
801,93	1144,81
802,10	1157,10
802,28	1167,34
802,45	1179,63
802,63	1200,11
802,80	1200,11
802,97	1134,57
803,15	1253,36
803,32	1167,34
803,50	1138,67
803,67	1161,20
803,84	1189,87
804,02	1132,53
804,19	1177,58
804,37	1085,42
804,54	1153,01
804,71	1095,66
804,89	1118,19
805,06	1110,00
805,24	1210,35
805,41	1191,92
805,58	1179,63
805,76	1167,34
805,93	1206,25
806,10	1138,67
806,28	1204,21
806,45	1202,16
806,63	1179,63
806,80	1183,73
806,97	1179,63
807,15	1228,78
807,32	1165,29
807,49	1155,05
807,67	1171,44
807,84	1202,16
808,01	1171,44
808,19	1163,25
808,36	1167,34
808,54	1191,92
808,71	1167,34
808,88	1126,38
809,06	1277,93
809,23	1183,73
809,40	1155,05
809,58	1185,77
809,75	1181,68
809,92	1206,25
810,10	1163,25
810,27	1226,73
810,44	1210,35
810,62	1204,21
810,79	1163,25
810,96	1142,77
811,14	1228,78
811,31	1202,16
811,48	1196,01
811,66	1165,29
811,83	1118,19
812,00	1161,20
812,18	1132,53
812,35	1191,92
812,52	1214,45
812,69	1187,82
812,87	1148,91
813,04	1150,96
813,21	1220,59
813,39	1175,53
813,56	1146,86
813,73	1120,24
813,91	1134,57
814,08	1136,62
814,25	1204,21
814,42	1148,91
814,60	1103,86
814,77	1189,87
814,94	1183,73
815,12	1138,67
815,29	1146,86
815,46	1257,45
815,63	1300,46
815,81	1245,16
815,98	1122,29
816,15	1204,21
816,33	1191,92
816,50	1185,77
816,67	1173,49
816,84	1138,67
817,02	1198,06
817,19	1298,41
817,36	1189,87
817,53	1165,29
817,71	1134,57
817,88	1167,34
818,05	1183,73
818,22	1126,38
818,40	1058,80
818,57	1116,14
818,74	1196,01
818,91	1181,68
819,09	1212,40
819,26	1187,82
819,43	1171,44
819,60	1212,40
819,78	1126,38
819,95	1142,77
820,12	1202,16
820,29	1165,29
820,47	1112,05
820,64	1150,96
820,81	1181,68
820,98	1144,81
821,15	1212,40
821,33	1132,53
821,50	1163,25
821,67	1189,87
821,84	1200,11
822,02	1185,77
822,19	1091,57
822,36	1138,67
822,53	1069,04
822,70	1157,10
822,88	1175,53
823,05	1198,06
823,22	1148,91
823,39	1187,82
823,56	1134,57
823,74	1175,53
823,91	1169,39
824,08	1181,68
824,25	1196,01
824,42	1144,81
824,60	1196,01
824,77	1161,20
824,94	1163,25
825,11	1181,68
825,28	1243,12
825,45	1155,05
825,63	1191,92
825,80	1191,92
825,97	1153,01
826,14	1200,11
826,31	1177,58
826,48	1191,92
826,66	1153,01
826,83	1210,35
827,00	1179,63
827,17	1138,67
827,34	1150,96
827,51	1171,44
827,69	1091,57
827,86	1165,29
828,03	1185,77
828,20	1155,05
828,37	1253,36
828,54	1175,53
828,71	1138,67
828,89	1126,38
829,06	1097,71
829,23	1189,87
829,40	1169,39
829,57	1189,87
829,74	1228,78
829,91	1191,92
830,09	1167,34
830,26	1150,96
830,43	1210,35
830,60	1269,74
830,77	1212,40
830,94	1155,05
831,11	1239,02
831,28	1110,00
831,46	1155,05
831,63	1202,16
831,80	1193,97
831,97	1191,92
832,14	1198,06
832,31	1173,49
832,48	1101,81
832,65	1191,92
832,82	1105,90
832,99	1140,72
833,17	1167,34
833,34	1142,77
833,51	1153,01
833,68	1183,73
833,85	1140,72
834,02	1148,91
834,19	1150,96
834,36	1179,63
834,53	1146,86
834,70	1157,10
834,87	1220,59
835,04	1200,11
835,22	1120,24
835,39	1136,62
835,56	1159,15
835,73	1161,20
835,90	1171,44
836,07	1177,58
836,24	1136,62
836,41	1216,49
836,58	1202,16
836,75	1146,86
836,92	1189,87
837,09	1089,52
837,26	1161,20
837,43	1253,36
837,60	1206,25
837,77	1214,45
837,94	1138,67
838,12	1167,34
838,29	1175,53
838,46	1226,73
838,63	1159,15
838,80	1132,53
838,97	1183,73
839,14	1161,20
839,31	1171,44
839,48	1196,01
839,65	1187,82
839,82	1255,40
839,99	1103,86
840,16	1204,21
840,33	1165,29
840,50	1181,68
840,67	1222,64
840,84	1200,11
841,01	1130,48
841,18	1200,11
841,35	1159,15
841,52	1175,53
841,69	1112,05
841,86	1187,82
842,03	1095,66
842,20	1165,29
842,37	1202,16
842,54	1198,06
842,71	1228,78
842,88	1155,05
843,05	1204,21
843,22	1150,96
843,39	1181,68
843,56	1165,29
843,73	1198,06
843,90	1181,68
844,07	1206,25
844,24	1077,23
844,41	1159,15
844,58	1148,91
844,75	1173,49
844,92	1165,29
845,09	1220,59
845,26	1206,25
845,43	1071,09
845,60	1132,53
845,77	1171,44
845,94	1230,83
846,10	1220,59
846,27	1136,62
846,44	1226,73
846,61	1204,21
846,78	1191,92
846,95	1142,77
847,12	1153,01
847,29	1241,07
847,46	1153,01
847,63	1134,57
847,80	1187,82
847,97	1157,10
848,14	1198,06
848,31	1146,86
848,48	1153,01
848,65	1181,68
848,82	1134,57
848,98	1193,97
849,15	1124,33
849,32	1142,77
849,49	1196,01
849,66	1249,26
849,83	1191,92
850,00	1155,05
850,17	1179,63
850,34	1167,34
850,51	1120,24
850,68	1193,97
850,85	1202,16
851,01	1169,39
851,18	1150,96
851,35	1110,00
851,52	1177,58
851,69	1216,49
851,86	1130,48
852,03	1208,30
852,20	1130,48
852,37	1193,97
852,53	1165,29
852,70	1218,54
852,87	1226,73
853,04	1177,58
853,21	1200,11
853,38	1173,49
853,55	1142,77
853,72	1218,54
853,89	1144,81
854,05	1126,38
854,22	1142,77
854,39	1167,34
854,56	1171,44
854,73	1169,39
854,90	1159,15
855,07	1167,34
855,23	1179,63
855,40	1208,30
855,57	1136,62
855,74	1171,44
855,91	1175,53
856,08	1298,41
856,25	1175,53
856,41	1142,77
856,58	1226,73
856,75	1175,53
856,92	1171,44
857,09	1177,58
857,26	1091,57
857,42	1261,55
857,59	1175,53
857,76	1189,87
857,93	1107,95
858,10	1183,73
858,27	1220,59
858,43	1232,88
858,60	1130,48
858,77	1126,38
858,94	1153,01
859,11	1155,05
859,27	1155,05
859,44	1163,25
859,61	1148,91
859,78	1085,42
859,95	1183,73
860,12	1130,48
860,28	1128,43
860,45	1165,29
860,62	1148,91
860,79	1198,06
860,95	1193,97
861,12	1198,06
861,29	1177,58
861,46	1075,18
861,63	1153,01
861,79	1241,07
861,96	1148,91
862,13	1177,58
862,30	1114,10
862,47	1208,30
862,63	1204,21
862,80	1146,86
862,97	1155,05
863,14	1083,38
863,30	1245,16
863,47	1218,54
863,64	1193,97
863,81	1153,01
863,97	1198,06
864,14	1198,06
864,31	1099,76
864,48	1261,55
864,65	1245,16
864,81	1163,25
864,98	1228,78
865,15	1193,97
865,32	1210,35
865,48	1224,69
865,65	1185,77
865,82	1138,67
865,98	1130,48
866,15	1157,10
866,32	1159,15
866,49	1116,14
866,65	1142,77
866,82	1089,52
866,99	1181,68
867,16	1118,19
867,32	1134,57
867,49	1206,25
867,66	1200,11
867,83	1198,06
867,99	1048,56
868,16	1189,87
868,33	1159,15
868,49	1232,88
868,66	1179,63
868,83	1169,39
868,99	1187,82
869,16	1120,24
869,33	1128,43
869,50	1167,34
869,66	1159,15
869,83	1175,53
870,00	1148,91
870,16	1124,33
870,33	1165,29
870,50	1216,49
870,66	1193,97
870,83	1169,39
871,00	1122,29
871,17	1177,58
871,33	1163,25
871,50	1159,15
871,67	1222,64
871,83	1185,77
872,00	1214,45
872,17	1241,07
872,33	1146,86
872,50	1200,11
872,67	1216,49
872,83	1128,43
873,00	1163,25
873,17	1187,82
873,33	1167,34
873,50	1249,26
873,67	1200,11
873,83	1167,34
874,00	1167,34
874,16	1175,53
874,33	1167,34
874,50	1181,68
874,66	1159,15
874,83	1239,02
875,00	1218,54
875,16	1126,38
875,33	1255,40
875,50	1110,00
875,66	1161,20
875,83	1230,83
875,99	1083,38
876,16	1263,60
876,33	1183,73
876,49	1173,49
876,66	1181,68
876,83	1163,25
876,99	1146,86
877,16	1212,40
877,32	1161,20
877,49	1243,12
877,66	1157,10
877,82	1189,87
877,99	1220,59
878,15	1220,59
878,32	1124,33
878,49	1216,49
878,65	1171,44
878,82	1159,15
878,98	1146,86
879,15	1265,64
879,32	1177,58
879,48	1142,77
879,65	1179,63
879,81	1091,57
879,98	1140,72
880,15	1202,16
880,31	1142,77
880,48	1150,96
880,64	1218,54
880,81	1138,67
880,97	1161,20
881,14	1150,96
881,31	1183,73
881,47	1144,81
881,64	1187,82
881,80	1157,10
881,97	1253,36
882,13	1210,35
882,30	1140,72
882,47	1212,40
882,63	1181,68
882,80	1196,01
882,96	1153,01
883,13	1171,44
883,29	1150,96
883,46	1148,91
883,62	1179,63
883,79	1159,15
883,95	1206,25
884,12	1198,06
884,29	1224,69
884,45	1167,34
884,62	1200,11
884,78	1142,77
884,95	1144,81
885,11	1118,19
885,28	1228,78
885,44	1175,53
885,61	1171,44
885,77	1173,49
885,94	1200,11
886,10	1103,86
886,27	1132,53
886,43	1216,49
886,60	1179,63
886,76	1183,73
886,93	1173,49
887,09	1169,39
887,26	1110,00
887,42	1134,57
887,59	1097,71
887,75	1226,73
887,92	1128,43
888,08	1212,40
888,25	1124,33
888,41	1167,34
888,58	1128,43
888,74	1161,20
888,91	1169,39
