177,47	1183,73
177,69	1183,73
177,91	1183,73
178,13	1110,00
178,36	1208,30
178,58	1134,57
178,80	1116,14
179,02	1179,63
179,24	1185,77
179,46	1222,64
179,68	1200,11
179,90	1208,30
180,13	1198,06
180,35	1200,11
180,57	1185,77
180,79	1153,01
181,01	1247,21
181,23	1085,42
181,45	1183,73
181,67	1167,34
181,90	1189,87
182,12	1183,73
182,34	1216,49
182,56	1142,77
182,78	1202,16
183,00	1212,40
183,22	1189,87
183,44	1222,64
183,66	1218,54
183,89	1177,58
184,11	1173,49
184,33	1220,59
184,55	1175,53
184,77	1187,82
184,99	1153,01
185,21	1114,10
185,43	1239,02
185,65	1161,20
185,87	1169,39
186,10	1173,49
186,32	1189,87
186,54	1255,40
186,76	1198,06
186,98	1204,21
187,20	1224,69
187,42	1165,29
187,64	1200,11
187,86	1142,77
188,08	1116,14
188,30	1232,88
188,52	1150,96
188,75	1099,76
188,97	1159,15
189,19	1144,81
189,41	1183,73
189,63	1146,86
189,85	1214,45
190,07	1208,30
190,29	1247,21
190,51	1177,58
190,73	1191,92
190,95	1134,57
191,17	1138,67
191,39	1169,39
191,61	1136,62
191,84	1138,67
192,06	1198,06
192,28	1124,33
192,50	1157,10
192,72	1138,67
192,94	1187,82
193,16	1163,25
193,38	1161,20
193,60	1214,45
193,82	1232,88
194,04	1198,06
194,26	1167,34
194,48	1116,14
194,70	1144,81
194,92	1161,20
195,14	1196,01
195,36	1214,45
195,58	1167,34
195,80	1191,92
196,02	1101,81
196,24	1101,81
196,46	1179,63
196,69	1165,29
196,91	1247,21
197,13	1148,91
197,35	1150,96
197,57	1134,57
197,79	1146,86
198,01	1142,77
198,23	1159,15
198,45	1236,97
198,67	1183,73
198,89	1150,96
199,11	1216,49
199,33	1148,91
199,55	1171,44
199,77	1153,01
199,99	1126,38
200,21	1214,45
200,43	1200,11
200,65	1171,44
200,87	1142,77
201,09	1110,00
201,31	1232,88
201,53	1196,01
201,75	1150,96
201,97	1216,49
202,19	1181,68
202,41	1185,77
202,63	1196,01
202,85	1157,10
203,07	1148,91
203,29	1171,44
203,51	1167,34
203,73	1175,53
203,95	1187,82
204,17	1243,12
204,39	1216,49
204,61	1210,35
204,83	1216,49
205,05	1161,20
205,27	1198,06
205,49	1079,28
205,71	1218,54
205,93	1208,30
206,15	1124,33
206,37	1236,97
206,59	1171,44
206,81	1171,44
207,03	1222,64
207,25	1181,68
207,47	1134,57
207,69	1257,45
207,91	1210,35
208,13	1132,53
208,34	1234,93
208,56	1187,82
208,78	1265,64
209,00	1171,44
209,22	1191,92
209,44	1191,92
209,66	1175,53
209,88	1206,25
210,10	1173,49
210,32	1224,69
210,54	1177,58
210,76	1204,21
210,98	1128,43
211,20	1148,91
211,42	1208,30
211,64	1132,53
211,86	1142,77
212,08	1175,53
212,30	1220,59
212,52	1220,59
212,74	1206,25
212,96	1169,39
213,17	1181,68
213,39	1140,72
213,61	1114,10
213,83	1189,87
214,05	1239,02
214,27	1236,97
214,49	1163,25
214,71	1249,26
214,93	1214,45
215,15	1163,25
215,37	1206,25
215,59	1157,10
215,81	1140,72
216,03	1212,40
216,24	1142,77
216,46	1171,44
216,68	1210,35
216,90	1153,01
217,12	1241,07
217,34	1124,33
217,56	1193,97
217,78	1189,87
218,00	1169,39
218,22	1136,62
218,44	1126,38
218,66	1159,15
218,87	1249,26
219,09	1167,34
219,31	1187,82
219,53	1202,16
219,75	1128,43
219,97	1179,63
220,19	1198,06
220,41	1155,05
220,63	1136,62
220,85	1236,97
221,06	1216,49
221,28	1146,86
221,50	1247,21
221,72	1277,93
221,94	1134,57
222,16	1150,96
222,38	1144,81
222,60	1173,49
222,82	1234,93
223,03	1167,34
223,25	1208,30
223,47	1183,73
223,69	1089,52
223,91	1241,07
224,13	1159,15
224,35	1148,91
224,57	1150,96
224,78	1128,43
225,00	1212,40
225,22	1138,67
225,44	1124,33
225,66	1138,67
225,88	1198,06
226,10	1198,06
226,32	1153,01
226,53	1239,02
226,75	1183,73
226,97	1167,34
227,19	1187,82
227,41	1187,82
227,63	1202,16
227,85	1230,83
228,06	1241,07
228,28	1212,40
228,50	1167,34
228,72	1165,29
228,94	1173,49
229,16	1196,01
229,37	1204,21
229,59	1097,71
229,81	1155,05
230,03	1093,62
230,25	1249,26
230,47	1112,05
230,69	1140,72
230,90	1167,34
231,12	1208,30
231,34	1146,86
231,56	1159,15
231,78	1222,64
232,00	1206,25
232,21	1232,88
232,43	1153,01
232,65	1173,49
232,87	1161,20
233,09	1155,05
233,30	1163,25
233,52	1204,21
233,74	1208,30
233,96	1206,25
234,18	1179,63
234,40	1155,05
234,61	1150,96
234,83	1173,49
235,05	1171,44
235,27	1179,63
235,49	1118,19
235,70	1085,42
235,92	1189,87
236,14	1251,31
236,36	1208,30
236,58	1148,91
236,79	1173,49
237,01	1150,96
237,23	1167,34
237,45	1181,68
237,67	1200,11
237,88	1200,11
238,10	1142,77
238,32	1189,87
238,54	1105,90
238,76	1136,62
238,97	1181,68
239,19	1234,93
239,41	1146,86
239,63	1171,44
239,85	1128,43
240,06	1210,35
240,28	1167,34
240,50	1187,82
240,72	1150,96
240,93	1191,92
241,15	1216,49
241,37	1179,63
241,59	1122,29
241,81	1171,44
242,02	1245,16
242,24	1257,45
242,46	1179,63
242,68	1284,08
242,89	1206,25
243,11	1157,10
243,33	1150,96
243,55	1130,48
243,76	1175,53
243,98	1206,25
244,20	1249,26
244,42	1097,71
244,64	1183,73
244,85	1167,34
245,07	1206,25
245,29	1191,92
245,51	1128,43
245,72	1175,53
245,94	1261,55
246,16	1134,57
246,38	1239,02
246,59	1185,77
246,81	1189,87
247,03	1187,82
247,24	1157,10
247,46	1114,10
247,68	1279,98
247,90	1150,96
248,11	1216,49
248,33	1224,69
248,55	1210,35
248,77	1179,63
248,98	1212,40
249,20	1208,30
249,42	1177,58
249,64	1239,02
249,85	1236,97
250,07	1130,48
250,29	1124,33
250,50	1204,21
250,72	1091,57
250,94	1132,53
251,16	1191,92
251,37	1204,21
251,59	1146,86
251,81	1091,57
252,02	1216,49
252,24	1179,63
252,46	1181,68
252,68	1202,16
252,89	1118,19
253,11	1255,40
253,33	1230,83
253,54	1144,81
253,76	1132,53
253,98	1128,43
254,20	1198,06
254,41	1122,29
254,63	1230,83
254,85	1204,21
255,06	1171,44
255,28	1179,63
255,50	1142,77
255,71	1155,05
255,93	1185,77
256,15	1228,78
256,36	1114,10
256,58	1165,29
256,80	1110,00
257,02	1132,53
257,23	1249,26
257,45	1216,49
257,67	1134,57
257,88	1196,01
258,10	1198,06
258,32	1165,29
258,53	1181,68
258,75	1140,72
258,97	1220,59
259,18	1159,15
259,40	1247,21
259,62	1177,58
259,83	1165,29
260,05	1165,29
260,27	1165,29
260,48	1179,63
260,70	1148,91
260,92	1189,87
261,13	1161,20
261,35	1130,48
261,57	1191,92
261,78	1210,35
262,00	1181,68
262,22	1191,92
262,43	1222,64
262,65	1099,76
262,86	1175,53
263,08	1124,33
263,30	1196,01
263,51	1163,25
263,73	1130,48
263,95	1257,45
264,16	1200,11
264,38	1153,01
264,60	1187,82
264,81	1175,53
265,03	1097,71
265,25	1224,69
265,46	1167,34
265,68	1165,29
265,89	1230,83
266,11	1193,97
266,33	1161,20
266,54	1241,07
266,76	1161,20
266,98	1220,59
267,19	1189,87
267,41	1105,90
267,62	1157,10
267,84	1163,25
268,06	1130,48
268,27	1165,29
268,49	1177,58
268,70	1185,77
268,92	1169,39
269,14	1243,12
269,35	1175,53
269,57	1142,77
269,79	1134,57
270,00	1175,53
270,22	1185,77
270,43	1257,45
270,65	1286,12
270,87	1146,86
271,08	1157,10
271,30	1183,73
271,51	1140,72
271,73	1183,73
271,95	1126,38
272,16	1163,25
272,38	1245,16
272,59	1153,01
272,81	1136,62
273,02	1208,30
273,24	1169,39
273,46	1220,59
273,67	1210,35
273,89	1198,06
274,10	1118,19
274,32	1224,69
274,54	1202,16
274,75	1169,39
274,97	1185,77
275,18	1210,35
275,40	1214,45
275,61	1069,04
275,83	1130,48
276,05	1183,73
276,26	1144,81
276,48	1110,00
276,69	1163,25
276,91	1183,73
277,12	1228,78
277,34	1206,25
277,55	1181,68
277,77	1181,68
277,99	1253,36
278,20	1144,81
278,42	1185,77
278,63	1148,91
278,85	1230,83
279,06	1124,33
279,28	1142,77
279,49	1214,45
279,71	1208,30
279,93	1206,25
280,14	1159,15
280,36	1124,33
280,57	1196,01
280,79	1122,29
281,00	1226,73
281,22	1144,81
281,43	1144,81
281,65	1193,97
281,86	1193,97
282,08	1210,35
282,29	1157,10
282,51	1189,87
282,73	1132,53
282,94	1247,21
283,16	1222,64
283,37	1150,96
283,59	1206,25
283,80	1175,53
284,02	1222,64
284,23	1116,14
284,45	1167,34
284,66	1187,82
284,88	1167,34
285,09	1181,68
285,31	1157,10
285,52	1150,96
285,74	1153,01
285,95	1212,40
286,17	1155,05
286,38	1212,40
286,60	1146,86
286,81	1126,38
287,03	1228,78
287,24	1122,29
287,46	1187,82
287,67	1243,12
287,89	1193,97
288,10	1210,35
288,32	1255,40
288,53	1130,48
288,75	1157,10
288,96	1122,29
289,18	1107,95
289,39	1245,16
289,61	1167,34
289,82	1130,48
290,04	1140,72
290,25	1112,05
290,47	1191,92
290,68	1239,02
290,90	1236,97
291,11	1118,19
291,33	1175,53
291,54	1126,38
291,76	1150,96
291,97	1175,53
292,18	1187,82
292,40	1159,15
292,61	1118,19
292,83	1198,06
293,04	1155,05
293,26	1161,20
293,47	1249,26
293,69	1175,53
293,90	1103,86
294,12	1126,38
294,33	1257,45
294,55	1179,63
294,76	1181,68
294,97	1169,39
295,19	1200,11
295,40	1175,53
295,62	1185,77
295,83	1214,45
296,05	1167,34
296,26	1126,38
296,48	1189,87
296,69	1150,96
296,90	1198,06
297,12	1191,92
297,33	1206,25
297,55	1259,50
297,76	1134,57
297,98	1196,01
298,19	1175,53
298,41	1169,39
298,62	1155,05
298,83	1210,35
299,05	1181,68
299,26	1175,53
299,48	1191,92
299,69	1193,97
299,90	1161,20
300,12	1081,33
300,33	1116,14
300,55	1202,16
300,76	1191,92
300,98	1148,91
301,19	1177,58
301,40	1191,92
301,62	1189,87
301,83	1202,16
302,05	1204,21
302,26	1196,01
302,47	1210,35
302,69	1181,68
302,90	1171,44
303,12	1118,19
303,33	1142,77
303,54	1150,96
303,76	1089,52
303,97	1212,40
304,19	1169,39
304,40	1214,45
304,61	1204,21
304,83	1216,49
305,04	1157,10
305,26	1226,73
305,47	1255,40
305,68	1196,01
305,90	1175,53
306,11	1146,86
306,33	1189,87
306,54	1204,21
306,75	1181,68
306,97	1222,64
307,18	1257,45
307,39	1257,45
307,61	1191,92
307,82	1169,39
308,04	1157,10
308,25	1181,68
308,46	1206,25
308,68	1157,10
308,89	1146,86
309,10	1183,73
309,32	1189,87
309,53	1148,91
309,74	1175,53
309,96	1136,62
310,17	1165,29
310,39	1187,82
310,60	1087,47
310,81	1226,73
311,03	1150,96
311,24	1124,33
311,45	1150,96
311,67	1169,39
311,88	1138,67
312,09	1187,82
312,31	1185,77
312,52	1169,39
312,73	1148,91
312,95	1101,81
313,16	1175,53
313,37	1118,19
313,59	1124,33
313,80	1175,53
314,01	1224,69
314,23	1167,34
314,44	1171,44
314,65	1185,77
314,87	1181,68
315,08	1226,73
315,29	1224,69
315,51	1185,77
315,72	1173,49
315,93	1136,62
316,15	1134,57
316,36	1218,54
316,57	1206,25
316,79	1136,62
317,00	1230,83
317,21	1208,30
317,43	1171,44
317,64	1155,05
317,85	1173,49
318,07	1159,15
318,28	1208,30
318,49	1191,92
318,70	1224,69
318,92	1150,96
319,13	1208,30
319,34	1191,92
319,56	1120,24
319,77	1126,38
319,98	1224,69
320,20	1200,11
320,41	1181,68
320,62	1179,63
320,83	1175,53
321,05	1144,81
321,26	1140,72
321,47	1175,53
321,69	1163,25
321,90	1122,29
322,11	1214,45
322,32	1142,77
322,54	1153,01
322,75	1105,90
322,96	1253,36
323,18	1249,26
323,39	1099,76
323,60	1148,91
323,81	1150,96
324,03	1196,01
324,24	1218,54
324,45	1153,01
324,66	1140,72
324,88	1183,73
325,09	1148,91
325,30	1185,77
325,52	1247,21
325,73	1179,63
325,94	1181,68
326,15	1202,16
326,37	1107,95
326,58	1214,45
326,79	1175,53
327,00	1183,73
327,22	1159,15
327,43	1150,96
327,64	1230,83
327,85	1134,57
328,07	1177,58
328,28	1177,58
328,49	1208,30
328,70	1181,68
328,92	1144,81
329,13	1099,76
329,34	1189,87
329,55	1222,64
329,76	1107,95
329,98	1126,38
330,19	1261,55
330,40	1220,59
330,61	1155,05
330,83	1189,87
331,04	1269,74
331,25	1153,01
331,46	1220,59
331,68	1171,44
331,89	1193,97
332,10	1212,40
332,31	1200,11
332,52	1183,73
332,74	1216,49
332,95	1114,10
333,16	1212,40
333,37	1163,25
333,58	1165,29
333,80	1183,73
334,01	1138,67
334,22	1167,34
334,43	1124,33
334,64	1167,34
334,86	1247,21
335,07	1196,01
335,28	1116,14
335,49	1202,16
335,70	1183,73
335,92	1177,58
336,13	1204,21
336,34	1247,21
336,55	1173,49
336,76	1124,33
336,98	1185,77
337,19	1142,77
337,40	1175,53
337,61	1165,29
337,82	1165,29
338,04	1128,43
338,25	1144,81
338,46	1140,72
338,67	1173,49
338,88	1144,81
339,09	1146,86
339,31	1226,73
339,52	1153,01
339,73	1165,29
339,94	1165,29
340,15	1257,45
340,36	1179,63
340,58	1218,54
340,79	1222,64
341,00	1169,39
341,21	1171,44
341,42	1210,35
341,63	1132,53
341,85	1159,15
342,06	1173,49
342,27	1171,44
342,48	1062,90
342,69	1171,44
342,90	1177,58
343,12	1212,40
343,33	1181,68
343,54	1200,11
343,75	1204,21
343,96	1226,73
344,17	1196,01
344,38	1212,40
344,60	1216,49
344,81	1191,92
345,02	1175,53
345,23	1150,96
345,44	1193,97
345,65	1116,14
345,86	1181,68
346,07	1136,62
346,29	1206,25
346,50	1169,39
346,71	1175,53
346,92	1275,88
347,13	1236,97
347,34	1185,77
347,55	1173,49
347,76	1249,26
347,98	1165,29
348,19	1134,57
348,40	1208,30
348,61	1241,07
348,82	1179,63
349,03	1167,34
349,24	1153,01
349,45	1138,67
349,66	1183,73
349,88	1165,29
350,09	1214,45
350,30	1167,34
350,51	1159,15
350,72	1165,29
350,93	1226,73
351,14	1122,29
351,35	1234,93
351,56	1165,29
351,77	1214,45
351,99	1114,10
352,20	1189,87
352,41	1230,83
352,62	1191,92
352,83	1187,82
353,04	1179,63
353,25	1142,77
353,46	1308,65
353,67	1134,57
353,88	1228,78
354,09	1130,48
354,30	1198,06
354,52	1146,86
354,73	1236,97
354,94	1183,73
355,15	1187,82
355,36	1189,87
355,57	1107,95
355,78	1118,19
355,99	1136,62
356,20	1118,19
356,41	1144,81
356,62	1171,44
356,83	1236,97
357,04	1179,63
357,25	1171,44
357,46	1259,50
357,68	1175,53
357,89	1163,25
358,10	1191,92
358,31	1204,21
358,52	1183,73
358,73	1150,96
358,94	1222,64
359,15	1171,44
359,36	1181,68
359,57	1150,96
359,78	1165,29
359,99	1105,90
360,20	1112,05
360,41	1144,81
360,62	1204,21
360,83	1247,21
361,04	1150,96
361,25	1126,38
361,46	1153,01
361,67	1218,54
361,88	1116,14
362,09	1200,11
362,30	1191,92
362,51	1245,16
362,72	1179,63
362,93	1200,11
363,14	1241,07
363,35	1265,64
363,56	1193,97
363,78	1146,86
363,99	1155,05
364,20	1105,90
364,41	1189,87
364,62	1101,81
364,83	1126,38
365,04	1134,57
365,25	1216,49
365,46	1202,16
365,67	1232,88
365,88	1212,40
366,09	1112,05
366,30	1157,10
366,51	1066,99
366,72	1159,15
366,93	1175,53
367,14	1122,29
367,35	1189,87
367,56	1191,92
367,77	1101,81
367,98	1202,16
368,18	1228,78
368,39	1169,39
368,60	1107,95
368,81	1171,44
369,02	1234,93
369,23	1196,01
369,44	1277,93
369,65	1179,63
369,86	1163,25
370,07	1216,49
370,28	1220,59
370,49	1114,10
370,70	1130,48
370,91	1165,29
371,12	1189,87
371,33	1163,25
371,54	1171,44
371,75	1144,81
371,96	1222,64
372,17	1224,69
372,38	1198,06
372,59	1196,01
372,80	1167,34
373,01	1112,05
373,22	1216,49
373,43	1148,91
373,64	1216,49
373,85	1196,01
374,06	1193,97
374,26	1181,68
374,47	1167,34
374,68	1124,33
374,89	1200,11
375,10	1161,20
375,31	1189,87
375,52	1161,20
375,73	1140,72
375,94	1105,90
376,15	1110,00
376,36	1157,10
376,57	1177,58
376,78	1222,64
376,99	1187,82
377,20	1196,01
377,40	1153,01
377,61	1187,82
377,82	1206,25
378,03	1230,83
378,24	1255,40
378,45	1191,92
378,66	1193,97
378,87	1155,05
379,08	1171,44
379,29	1193,97
379,50	1214,45
379,71	1112,05
379,91	1226,73
380,12	1116,14
380,33	1204,21
380,54	1189,87
380,75	1134,57
380,96	1191,92
381,17	1150,96
381,38	1153,01
381,59	1198,06
381,80	1218,54
382,00	1132,53
382,21	1071,09
382,42	1214,45
382,63	1230,83
382,84	1216,49
383,05	1124,33
383,26	1216,49
383,47	1073,14
383,68	1208,30
383,88	1146,86
384,09	1204,21
384,30	1187,82
384,51	1183,73
384,72	1083,38
384,93	1243,12
385,14	1130,48
385,35	1220,59
385,55	1167,34
385,76	1161,20
385,97	1202,16
386,18	1220,59
386,39	1157,10
386,60	1165,29
386,81	1146,86
387,02	1218,54
387,22	1243,12
387,43	1232,88
387,64	1071,09
387,85	1222,64
388,06	1187,82
388,27	1148,91
388,48	1200,11
388,68	1198,06
388,89	1155,05
389,10	1191,92
389,31	1144,81
389,52	1146,86
389,73	1196,01
389,93	1181,68
390,14	1163,25
390,35	1193,97
390,56	1124,33
390,77	1175,53
390,98	1130,48
391,18	1216,49
391,39	1167,34
391,60	1224,69
391,81	1153,01
392,02	1189,87
392,23	1183,73
392,43	1173,49
392,64	1236,97
392,85	1167,34
393,06	1169,39
393,27	1290,22
393,47	1130,48
393,68	1122,29
393,89	1216,49
394,10	1163,25
394,31	1236,97
394,52	1222,64
394,72	1163,25
394,93	1175,53
395,14	1173,49
395,35	1126,38
395,56	1146,86
395,76	1216,49
395,97	1189,87
396,18	1185,77
396,39	1134,57
396,60	1175,53
396,80	1177,58
397,01	1132,53
397,22	1155,05
397,43	1173,49
397,64	1191,92
397,84	1159,15
398,05	1146,86
398,26	1175,53
398,47	1163,25
398,67	1171,44
398,88	1196,01
399,09	1208,30
399,30	1144,81
399,51	1163,25
399,71	1193,97
399,92	1232,88
400,13	1157,10
400,34	1185,77
400,54	1116,14
400,75	1208,30
400,96	1132,53
401,17	1114,10
401,37	1177,58
401,58	1132,53
401,79	1181,68
402,00	1206,25
402,21	1153,01
402,41	1105,90
402,62	1114,10
402,83	1157,10
403,04	1134,57
403,24	1140,72
403,45	1179,63
403,66	1144,81
403,87	1167,34
404,07	1118,19
404,28	1132,53
404,49	1191,92
404,70	1179,63
404,90	1167,34
405,11	1193,97
405,32	1200,11
405,52	1153,01
405,73	1191,92
405,94	1173,49
406,15	1171,44
406,35	1150,96
406,56	1134,57
406,77	1134,57
406,98	1187,82
407,18	1265,64
407,39	1181,68
407,60	1187,82
407,80	1206,25
408,01	1120,24
408,22	1191,92
408,43	1171,44
408,63	1181,68
408,84	1245,16
409,05	1171,44
409,25	1191,92
409,46	1200,11
409,67	1228,78
409,88	1150,96
410,08	1112,05
410,29	1144,81
410,50	1198,06
410,70	1167,34
410,91	1220,59
411,12	1140,72
411,32	1177,58
411,53	1189,87
411,74	1177,58
411,95	1140,72
412,15	1087,47
412,36	1232,88
412,57	1134,57
412,77	1179,63
412,98	1230,83
413,19	1083,38
413,39	1153,01
413,60	1181,68
413,81	1150,96
414,01	1120,24
414,22	1230,83
414,43	1173,49
414,63	1159,15
414,84	1241,07
415,05	1187,82
415,25	1163,25
415,46	1175,53
415,67	1257,45
415,87	1228,78
416,08	1216,49
416,29	1173,49
416,49	1140,72
416,70	1153,01
416,91	1200,11
417,11	1177,58
417,32	1208,30
417,53	1126,38
417,73	1193,97
417,94	1191,92
418,15	1189,87
418,35	1165,29
418,56	1189,87
418,77	1191,92
418,97	1167,34
419,18	1214,45
419,38	1155,05
419,59	1146,86
419,80	1214,45
420,00	1185,77
420,21	1175,53
420,42	1130,48
420,62	1153,01
420,83	1124,33
421,04	1163,25
421,24	1177,58
421,45	1163,25
421,65	1101,81
421,86	1163,25
422,07	1196,01
422,27	1241,07
422,48	1173,49
422,69	1228,78
422,89	1177,58
423,10	1202,16
423,30	1228,78
423,51	1146,86
423,72	1130,48
423,92	1208,30
424,13	1134,57
424,33	1161,20
424,54	1183,73
424,75	1167,34
424,95	1179,63
425,16	1200,11
425,36	1116,14
425,57	1169,39
425,78	1128,43
425,98	1236,97
426,19	1175,53
426,39	1161,20
426,60	1175,53
426,81	1212,40
427,01	1204,21
427,22	1253,36
427,42	1124,33
427,63	1208,30
427,83	1138,67
428,04	1249,26
428,25	1265,64
428,45	1150,96
428,66	1167,34
428,86	1153,01
429,07	1140,72
429,28	1163,25
429,48	1239,02
429,69	1214,45
429,89	1140,72
430,10	1224,69
430,30	1191,92
430,51	1165,29
430,71	1159,15
430,92	1196,01
431,13	1153,01
431,33	1249,26
431,54	1202,16
431,74	1171,44
431,95	1228,78
432,15	1112,05
432,36	1202,16
432,56	1206,25
432,77	1112,05
432,98	1128,43
433,18	1128,43
433,39	1150,96
433,59	1167,34
433,80	1212,40
434,00	1136,62
434,21	1161,20
434,41	1189,87
434,62	1183,73
434,82	1196,01
435,03	1226,73
435,23	1112,05
435,44	1130,48
435,64	1185,77
435,85	1181,68
436,06	1214,45
436,26	1114,10
436,47	1210,35
436,67	1144,81
436,88	1101,81
437,08	1175,53
437,29	1196,01
437,49	1116,14
437,70	1171,44
437,90	1095,66
438,11	1159,15
438,31	1210,35
438,52	1142,77
438,72	1153,01
438,93	1124,33
439,13	1181,68
439,34	1157,10
439,54	1157,10
439,75	1206,25
439,95	1196,01
440,16	1114,10
440,36	1200,11
440,57	1196,01
440,77	1169,39
440,98	1191,92
441,18	1163,25
441,39	1247,21
441,59	1214,45
441,80	1159,15
442,00	1212,40
442,21	1177,58
442,41	1193,97
442,62	1222,64
442,82	1216,49
443,02	1224,69
443,23	1142,77
443,43	1179,63
443,64	1167,34
443,84	1179,63
444,05	1220,59
444,25	1114,10
444,46	1175,53
444,66	1171,44
444,87	1210,35
445,07	1134,57
445,28	1234,93
445,48	1193,97
445,69	1269,74
445,89	1159,15
446,09	1202,16
446,30	1202,16
446,50	1234,93
446,71	1214,45
446,91	1196,01
447,12	1232,88
447,32	1161,20
447,53	1146,86
447,73	1259,50
447,93	1167,34
448,14	1163,25
448,34	1116,14
448,55	1191,92
448,75	1177,58
448,96	1206,25
449,16	1255,40
449,36	1177,58
449,57	1142,77
449,77	1175,53
449,98	1173,49
450,18	1150,96
450,39	1210,35
450,59	1136,62
450,79	1202,16
451,00	1169,39
451,20	1157,10
451,41	1128,43
451,61	1120,24
451,81	1247,21
452,02	1167,34
452,22	1216,49
452,43	1236,97
452,63	1226,73
452,84	1163,25
453,04	1198,06
453,24	1103,86
453,45	1132,53
453,65	1173,49
453,86	1155,05
454,06	1179,63
454,26	1200,11
454,47	1222,64
454,67	1138,67
454,87	1179,63
455,08	1175,53
455,28	1187,82
455,49	1167,34
455,69	1161,20
455,89	1245,16
456,10	1165,29
456,30	1191,92
456,51	1169,39
456,71	1296,36
456,91	1206,25
457,12	1191,92
457,32	1136,62
457,52	1159,15
457,73	1189,87
457,93	1216,49
458,14	1202,16
458,34	1206,25
458,54	1167,34
458,75	1148,91
458,95	1234,93
459,15	1142,77
459,36	1228,78
459,56	1155,05
459,76	1171,44
459,97	1150,96
460,17	1183,73
460,37	1122,29
460,58	1183,73
460,78	1202,16
460,99	1153,01
461,19	1226,73
461,39	1200,11
461,60	1255,40
461,80	1110,00
462,00	1249,26
462,21	1196,01
462,41	1159,15
462,61	1200,11
462,82	1173,49
463,02	1155,05
463,22	1185,77
463,43	1200,11
463,63	1232,88
463,83	1171,44
464,04	1161,20
464,24	1095,66
464,44	1183,73
464,64	1142,77
464,85	1196,01
465,05	1220,59
465,25	1146,86
465,46	1255,40
465,66	1163,25
465,86	1208,30
466,07	1169,39
466,27	1220,59
466,47	1126,38
466,68	1130,48
466,88	1173,49
467,08	1177,58
467,29	1259,50
467,49	1142,77
467,69	1157,10
467,89	1155,05
468,10	1128,43
468,30	1198,06
468,50	1159,15
468,71	1126,38
468,91	1230,83
469,11	1169,39
469,31	1173,49
469,52	1224,69
469,72	1114,10
469,92	1165,29
470,13	1136,62
470,33	1204,21
470,53	1171,44
470,73	1110,00
470,94	1226,73
471,14	1130,48
471,34	1189,87
471,54	1159,15
471,75	1169,39
471,95	1189,87
472,15	1218,54
472,36	1220,59
472,56	1140,72
472,76	1212,40
472,96	1243,12
473,17	1220,59
473,37	1142,77
473,57	1234,93
473,77	1167,34
473,98	1173,49
474,18	1200,11
474,38	1163,25
474,58	1193,97
474,79	1171,44
474,99	1179,63
475,19	1140,72
475,39	1091,57
475,60	1198,06
475,80	1218,54
476,00	1138,67
476,20	1255,40
476,41	1150,96
476,61	1191,92
476,81	1179,63
477,01	1169,39
477,21	1228,78
477,42	1144,81
477,62	1243,12
477,82	1224,69
478,02	1179,63
478,23	1183,73
478,43	1155,05
478,63	1169,39
478,83	1148,91
479,03	1136,62
479,24	1241,07
479,44	1173,49
479,64	1183,73
479,84	1222,64
480,04	1187,82
480,25	1181,68
480,45	1236,97
480,65	1146,86
480,85	1175,53
481,06	1208,30
481,26	1202,16
481,46	1165,29
481,66	1210,35
481,86	1140,72
482,06	1136,62
482,27	1128,43
482,47	1222,64
482,67	1148,91
482,87	1134,57
483,07	1181,68
483,28	1189,87
483,48	1167,34
483,68	1202,16
483,88	1222,64
484,08	1193,97
484,29	1204,21
484,49	1193,97
484,69	1107,95
484,89	1218,54
485,09	1150,96
485,29	1169,39
485,50	1187,82
485,70	1173,49
485,90	1105,90
486,10	1185,77
486,30	1153,01
486,50	1230,83
486,71	1210,35
486,91	1161,20
487,11	1212,40
487,31	1153,01
487,51	1210,35
487,71	1153,01
487,91	1204,21
488,12	1167,34
488,32	1183,73
488,52	1157,10
488,72	1236,97
488,92	1175,53
489,12	1230,83
489,32	1183,73
489,53	1214,45
489,73	1212,40
489,93	1204,21
490,13	1171,44
490,33	1165,29
490,53	1144,81
490,73	1169,39
490,94	1153,01
491,14	1126,38
491,34	1142,77
491,54	1187,82
491,74	1243,12
491,94	1200,11
492,14	1163,25
492,34	1210,35
492,54	1163,25
492,75	1103,86
492,95	1193,97
493,15	1159,15
493,35	1150,96
493,55	1239,02
493,75	1159,15
493,95	1198,06
494,15	1249,26
494,35	1198,06
494,56	1165,29
494,76	1185,77
494,96	1175,53
495,16	1130,48
495,36	1175,53
495,56	1146,86
495,76	1200,11
495,96	1171,44
496,16	1204,21
496,36	1138,67
496,56	1153,01
496,77	1189,87
496,97	1136,62
497,17	1181,68
497,37	1200,11
497,57	1200,11
497,77	1202,16
497,97	1185,77
498,17	1224,69
498,37	1200,11
498,57	1146,86
498,77	1181,68
498,97	1224,69
499,17	1099,76
499,38	1157,10
499,58	1208,30
499,78	1228,78
499,98	1189,87
500,18	1183,73
500,38	1200,11
500,58	1177,58
500,78	1142,77
500,98	1204,21
501,18	1191,92
501,38	1163,25
501,58	1165,29
501,78	1210,35
501,98	1277,93
502,18	1187,82
502,38	1116,14
502,58	1169,39
502,78	1230,83
502,98	1132,53
503,18	1183,73
503,38	1144,81
503,59	1165,29
503,79	1163,25
503,99	1206,25
504,19	1093,62
504,39	1198,06
504,59	1214,45
504,79	1200,11
504,99	1171,44
505,19	1202,16
505,39	1189,87
505,59	1146,86
505,79	1169,39
505,99	1212,40
506,19	1155,05
506,39	1185,77
506,59	1241,07
506,79	1224,69
506,99	1124,33
507,19	1191,92
507,39	1175,53
507,59	1232,88
507,79	1187,82
507,99	1146,86
508,19	1193,97
508,39	1054,70
508,59	1163,25
508,79	1206,25
508,99	1183,73
509,19	1189,87
509,39	1146,86
509,59	1247,21
509,79	1155,05
509,99	1224,69
510,19	1191,92
510,39	1144,81
510,59	1185,77
510,79	1210,35
510,99	1163,25
511,19	1157,10
511,39	1144,81
511,59	1191,92
511,79	1163,25
511,99	1171,44
512,19	1167,34
512,38	1230,83
512,58	1124,33
512,78	1191,92
512,98	1249,26
513,18	1099,76
513,38	1144,81
513,58	1161,20
513,78	1110,00
513,98	1200,11
514,18	1155,05
514,38	1200,11
514,58	1169,39
514,78	1193,97
514,98	1216,49
515,18	1150,96
515,38	1144,81
515,58	1183,73
515,78	1146,86
515,98	1175,53
516,18	1146,86
516,38	1206,25
516,57	1175,53
516,77	1208,30
516,97	1118,19
517,17	1187,82
517,37	1200,11
517,57	1132,53
517,77	1187,82
517,97	1185,77
518,17	1150,96
518,37	1136,62
518,57	1140,72
518,77	1206,25
518,97	1138,67
519,16	1196,01
519,36	1257,45
519,56	1112,05
519,76	1134,57
519,96	1140,72
520,16	1136,62
520,36	1232,88
520,56	1138,67
520,76	1134,57
520,96	1183,73
521,16	1140,72
521,35	1120,24
521,55	1198,06
521,75	1173,49
521,95	1146,86
522,15	1208,30
522,35	1200,11
522,55	1196,01
522,75	1173,49
522,95	1181,68
523,14	1148,91
523,34	1150,96
523,54	1189,87
523,74	1153,01
523,94	1206,25
524,14	1161,20
524,34	1232,88
524,54	1142,77
524,73	1159,15
524,93	1175,53
525,13	1130,48
525,33	1185,77
525,53	1198,06
525,73	1146,86
525,93	1236,97
526,13	1118,19
526,32	1157,10
526,52	1126,38
526,72	1234,93
526,92	1130,48
527,12	1171,44
527,32	1138,67
527,52	1105,90
527,71	1159,15
527,91	1110,00
528,11	1150,96
528,31	1107,95
528,51	1167,34
528,71	1181,68
528,90	1183,73
529,10	1224,69
529,30	1193,97
529,50	1179,63
529,70	1218,54
529,90	1193,97
530,09	1196,01
530,29	1189,87
530,49	1173,49
530,69	1134,57
530,89	1093,62
531,09	1185,77
531,28	1210,35
531,48	1181,68
531,68	1142,77
531,88	1208,30
532,08	1148,91
532,28	1087,47
532,47	1230,83
532,67	1173,49
532,87	1179,63
533,07	1161,20
533,27	1171,44
533,46	1271,79
533,66	1208,30
533,86	1189,87
534,06	1247,21
534,26	1165,29
534,45	1191,92
534,65	1093,62
534,85	1193,97
535,05	1103,86
535,25	1155,05
535,44	1196,01
535,64	1247,21
535,84	1175,53
536,04	1196,01
536,24	1157,10
536,43	1169,39
536,63	1183,73
536,83	1169,39
537,03	1214,45
537,22	1138,67
537,42	1206,25
537,62	1167,34
537,82	1187,82
538,02	1253,36
538,21	1210,35
538,41	1193,97
538,61	1165,29
538,81	1130,48
539,00	1189,87
539,20	1265,64
539,40	1167,34
539,60	1167,34
539,79	1208,30
539,99	1132,53
540,19	1150,96
540,39	1247,21
540,58	1142,77
540,78	1179,63
540,98	1159,15
541,18	1198,06
541,37	1208,30
541,57	1167,34
541,77	1146,86
541,97	1224,69
542,16	1183,73
542,36	1128,43
542,56	1130,48
542,76	1171,44
542,95	1226,73
543,15	1226,73
543,35	1167,34
543,54	1167,34
543,74	1210,35
543,94	1167,34
544,14	1165,29
544,33	1196,01
544,53	1239,02
544,73	1193,97
544,93	1142,77
545,12	1202,16
545,32	1210,35
545,52	1187,82
545,71	1159,15
545,91	1218,54
546,11	1239,02
546,30	1273,84
546,50	1220,59
546,70	1140,72
546,90	1183,73
547,09	1189,87
547,29	1132,53
547,49	1116,14
547,68	1189,87
547,88	1191,92
548,08	1181,68
548,27	1144,81
548,47	1134,57
548,67	1189,87
548,87	1171,44
549,06	1255,40
549,26	1153,01
549,46	1193,97
549,65	1150,96
549,85	1200,11
550,05	1245,16
550,24	1105,90
550,44	1175,53
550,64	1196,01
550,83	1173,49
551,03	1175,53
551,23	1228,78
551,42	1173,49
551,62	1196,01
551,82	1163,25
552,01	1179,63
552,21	1128,43
552,41	1136,62
552,60	1224,69
552,80	1167,34
553,00	1218,54
553,19	1077,23
553,39	1148,91
553,59	1173,49
553,78	1220,59
553,98	1228,78
554,17	1187,82
554,37	1153,01
554,57	1118,19
554,76	1181,68
554,96	1173,49
555,16	1081,33
555,35	1216,49
555,55	1177,58
555,75	1173,49
555,94	1161,20
556,14	1122,29
556,33	1081,33
556,53	1187,82
556,73	1169,39
556,92	1189,87
557,12	1126,38
557,32	1138,67
557,51	1118,19
557,71	1128,43
557,90	1130,48
558,10	1153,01
558,30	1232,88
558,49	1198,06
558,69	1208,30
558,88	1189,87
559,08	1196,01
559,28	1140,72
559,47	1179,63
559,67	1110,00
559,86	1206,25
560,06	1155,05
560,26	1165,29
560,45	1202,16
560,65	1222,64
560,84	1189,87
561,04	1150,96
561,24	1243,12
561,43	1161,20
561,63	1120,24
561,82	1212,40
562,02	1165,29
562,22	1148,91
562,41	1159,15
562,61	1165,29
562,80	1183,73
563,00	1167,34
563,19	1142,77
563,39	1105,90
563,59	1208,30
563,78	1175,53
563,98	1226,73
564,17	1200,11
564,37	1169,39
564,56	1066,99
564,76	1161,20
564,96	1144,81
565,15	1126,38
565,35	1224,69
565,54	1230,83
565,74	1173,49
565,93	1155,05
566,13	1193,97
566,32	1241,07
566,52	1200,11
566,71	1210,35
566,91	1150,96
567,11	1175,53
567,30	1183,73
567,50	1112,05
567,69	1130,48
567,89	1150,96
568,08	1140,72
568,28	1150,96
568,47	1198,06
568,67	1239,02
568,86	1095,66
569,06	1148,91
569,25	1198,06
569,45	1177,58
569,64	1202,16
569,84	1212,40
570,04	1187,82
570,23	1110,00
570,43	1155,05
570,62	1163,25
570,82	1165,29
571,01	1253,36
571,21	1144,81
571,40	1157,10
571,60	1157,10
571,79	1163,25
571,99	1193,97
572,18	1212,40
572,38	1187,82
572,57	1155,05
572,77	1177,58
572,96	1148,91
573,16	1181,68
573,35	1169,39
573,55	1183,73
573,74	1189,87
573,94	1236,97
574,13	1142,77
574,33	1198,06
574,52	1189,87
574,71	1146,86
574,91	1150,96
575,10	1200,11
575,30	1140,72
575,49	1138,67
575,69	1161,20
575,88	1218,54
576,08	1200,11
576,27	1110,00
576,47	1171,44
576,66	1247,21
576,86	1177,58
577,05	1239,02
577,25	1200,11
577,44	1204,21
577,64	1193,97
577,83	1216,49
578,02	1122,29
578,22	1218,54
578,41	1226,73
578,61	1216,49
578,80	1202,16
579,00	1218,54
579,19	1210,35
579,39	1179,63
579,58	1200,11
579,77	1126,38
579,97	1101,81
580,16	1224,69
580,36	1212,40
580,55	1198,06
580,75	1196,01
580,94	1247,21
581,13	1185,77
581,33	1253,36
581,52	1208,30
581,72	1183,73
581,91	1173,49
582,11	1142,77
582,30	1210,35
582,49	1198,06
582,69	1200,11
582,88	1163,25
583,08	1204,21
583,27	1193,97
583,47	1245,16
583,66	1177,58
583,85	1118,19
584,05	1191,92
584,24	1116,14
584,44	1171,44
584,63	1132,53
584,82	1179,63
585,02	1193,97
585,21	1175,53
585,41	1218,54
585,60	1206,25
585,79	1200,11
585,99	1214,45
586,18	1136,62
586,37	1191,92
586,57	1173,49
586,76	1191,92
586,96	1157,10
587,15	1171,44
587,34	1171,44
587,54	1183,73
587,73	1163,25
587,93	1191,92
588,12	1142,77
588,31	1079,28
588,51	1089,52
588,70	1159,15
588,89	1097,71
589,09	1247,21
589,28	1165,29
589,47	1173,49
589,67	1202,16
589,86	1214,45
590,06	1202,16
590,25	1196,01
590,44	1181,68
590,64	1144,81
590,83	1124,33
591,02	1187,82
591,22	1116,14
591,41	1216,49
591,60	1136,62
591,80	1126,38
591,99	1234,93
592,18	1130,48
592,38	1132,53
592,57	1144,81
592,76	1126,38
592,96	1085,42
593,15	1148,91
593,34	1089,52
593,54	1155,05
593,73	1181,68
593,92	1142,77
594,12	1155,05
594,31	1202,16
594,50	1200,11
594,70	1181,68
594,89	1153,01
595,08	1181,68
595,28	1239,02
595,47	1150,96
595,66	1218,54
595,86	1175,53
596,05	1204,21
596,24	1202,16
596,43	1163,25
596,63	1155,05
596,82	1142,77
597,01	1136,62
597,21	1200,11
597,40	1148,91
597,59	1220,59
597,79	1216,49
597,98	1183,73
598,17	1142,77
598,36	1110,00
598,56	1191,92
598,75	1167,34
598,94	1105,90
599,14	1175,53
599,33	1171,44
599,52	1245,16
599,71	1138,67
599,91	1202,16
600,10	1189,87
600,29	1196,01
600,48	1189,87
600,68	1103,86
600,87	1159,15
601,06	1187,82
601,26	1163,25
601,45	1222,64
601,64	1187,82
601,83	1173,49
602,03	1177,58
602,22	1124,33
602,41	1239,02
602,60	1114,10
602,80	1212,40
602,99	1259,50
603,18	1212,40
603,37	1171,44
603,57	1189,87
603,76	1175,53
603,95	1140,72
604,14	1165,29
604,34	1290,22
604,53	1136,62
604,72	1177,58
604,91	1185,77
605,10	1189,87
605,30	1189,87
605,49	1159,15
605,68	1214,45
605,87	1157,10
606,07	1179,63
606,26	1177,58
606,45	1165,29
606,64	1169,39
606,84	1187,82
607,03	1142,77
607,22	1208,30
607,41	1075,18
607,60	1191,92
607,80	1175,53
607,99	1232,88
608,18	1155,05
608,37	1200,11
608,56	1153,01
608,76	1136,62
608,95	1132,53
609,14	1249,26
609,33	1148,91
609,52	1175,53
609,72	1091,57
609,91	1122,29
610,10	1140,72
610,29	1159,15
610,48	1196,01
610,68	1191,92
610,87	1128,43
611,06	1196,01
611,25	1169,39
611,44	1196,01
611,63	1150,96
611,83	1204,21
612,02	1210,35
612,21	1173,49
612,40	1198,06
612,59	1187,82
612,79	1214,45
612,98	1144,81
613,17	1222,64
613,36	1175,53
613,55	1206,25
613,74	1177,58
613,93	1232,88
614,13	1175,53
614,32	1140,72
614,51	1193,97
614,70	1159,15
614,89	1150,96
615,08	1179,63
615,28	1200,11
615,47	1161,20
615,66	1179,63
615,85	1210,35
616,04	1179,63
616,23	1150,96
616,42	1179,63
616,62	1120,24
616,81	1161,20
617,00	1253,36
617,19	1187,82
617,38	1157,10
617,57	1200,11
617,76	1220,59
617,95	1183,73
618,15	1200,11
618,34	1173,49
618,53	1120,24
618,72	1226,73
618,91	1198,06
619,10	1208,30
619,29	1144,81
619,48	1187,82
619,68	1218,54
619,87	1175,53
620,06	1146,86
620,25	1169,39
620,44	1181,68
620,63	1183,73
620,82	1239,02
621,01	1097,71
621,20	1155,05
621,39	1204,21
621,59	1136,62
621,78	1173,49
621,97	1118,19
622,16	1216,49
622,35	1216,49
622,54	1228,78
622,73	1150,96
622,92	1265,64
623,11	1148,91
623,30	1204,21
623,49	1181,68
623,68	1265,64
623,88	1175,53
624,07	1273,84
624,26	1198,06
624,45	1216,49
624,64	1097,71
624,83	1175,53
625,02	1177,58
625,21	1198,06
625,40	1146,86
625,59	1216,49
625,78	1183,73
625,97	1142,77
626,16	1179,63
626,35	1150,96
626,54	1132,53
626,74	1191,92
626,93	1118,19
627,12	1150,96
627,31	1241,07
627,50	1282,03
627,69	1282,03
627,88	1214,45
628,07	1210,35
628,26	1245,16
628,45	1308,65
628,64	1249,26
628,83	1212,40
629,02	1181,68
629,21	1210,35
629,40	1216,49
629,59	1232,88
629,78	1302,51
629,97	1167,34
630,16	1224,69
630,35	1120,24
630,54	1200,11
630,73	1267,69
630,92	1167,34
631,11	1271,79
631,30	1394,67
631,49	1423,34
631,68	1851,36
631,87	3962,82
632,06	14995,23
632,25	44322,14
632,44	58776,70
632,63	61688,91
632,82	38434,23
633,01	18753,25
633,20	5498,80
633,39	5670,83
633,58	2775,00
633,77	2101,22
633,96	1759,21
634,15	1538,02
634,34	1460,20
634,53	1535,98
634,72	1390,57
634,91	1378,28
635,10	1314,80
635,29	1286,12
635,48	1204,21
635,67	1198,06
635,86	1267,69
636,05	1247,21
636,24	1202,16
636,43	1161,20
636,62	1136,62
636,81	1206,25
637,00	1218,54
637,19	1157,10
637,38	1273,84
637,57	1175,53
637,76	1245,16
637,95	1230,83
638,14	1175,53
638,33	1165,29
638,52	1249,26
638,71	1175,53
638,89	1138,67
639,08	1267,69
639,27	1185,77
639,46	1208,30
639,65	1165,29
639,84	1206,25
640,03	1210,35
640,22	1140,72
640,41	1200,11
640,60	1183,73
640,79	1181,68
640,98	1165,29
641,17	1155,05
641,36	1097,71
641,55	1118,19
641,74	1163,25
641,92	1191,92
642,11	1220,59
642,30	1140,72
642,49	1226,73
642,68	1140,72
642,87	1165,29
643,06	1179,63
643,25	1107,95
643,44	1134,57
643,63	1181,68
643,82	1249,26
644,00	1122,29
644,19	1222,64
644,38	1200,11
644,57	1200,11
644,76	1153,01
644,95	1204,21
645,14	1146,86
645,33	1208,30
645,52	1214,45
645,71	1110,00
645,89	1202,16
646,08	1208,30
646,27	1140,72
646,46	1185,77
646,65	1198,06
646,84	1132,53
647,03	1206,25
647,22	1146,86
647,40	1187,82
647,59	1208,30
647,78	1165,29
647,97	1167,34
648,16	1118,19
648,35	1179,63
648,54	1200,11
648,73	1185,77
648,91	1216,49
649,10	1204,21
649,29	1107,95
649,48	1206,25
649,67	1159,15
649,86	1107,95
650,05	1171,44
650,23	1200,11
650,42	1163,25
650,61	1155,05
650,80	1249,26
650,99	1183,73
651,18	1118,19
651,36	1159,15
651,55	1249,26
651,74	1132,53
651,93	1179,63
652,12	1183,73
652,31	1234,93
652,49	1191,92
652,68	1169,39
652,87	1216,49
653,06	1216,49
653,25	1183,73
653,44	1183,73
653,62	1193,97
653,81	1095,66
654,00	1148,91
654,19	1202,16
654,38	1187,82
654,56	1177,58
654,75	1165,29
654,94	1191,92
655,13	1155,05
655,32	1202,16
655,51	1150,96
655,69	1157,10
655,88	1177,58
656,07	1218,54
656,26	1179,63
656,45	1185,77
656,63	1157,10
656,82	1196,01
657,01	1163,25
657,20	1228,78
657,38	1200,11
657,57	1165,29
657,76	1222,64
657,95	1189,87
658,14	1142,77
658,32	1134,57
658,51	1196,01
658,70	1236,97
658,89	1118,19
659,08	1126,38
659,26	1173,49
659,45	1153,01
659,64	1187,82
659,83	1218,54
660,01	1193,97
660,20	1107,95
660,39	1181,68
660,58	1150,96
660,76	1193,97
660,95	1148,91
661,14	1216,49
661,33	1230,83
661,51	1224,69
661,70	1218,54
661,89	1185,77
662,08	1163,25
662,26	1175,53
662,45	1159,15
662,64	1177,58
662,83	1236,97
663,01	1153,01
663,20	1193,97
663,39	1126,38
663,58	1165,29
663,76	1140,72
663,95	1179,63
664,14	1163,25
664,32	1120,24
664,51	1126,38
664,70	1181,68
664,89	1206,25
665,07	1175,53
665,26	1150,96
665,45	1206,25
665,64	1167,34
665,82	1161,20
666,01	1343,47
666,20	1179,63
666,38	1165,29
666,57	1216,49
666,76	1206,25
666,95	1200,11
667,13	1165,29
667,32	1169,39
667,51	1132,53
667,69	1245,16
667,88	1122,29
668,07	1144,81
668,25	1210,35
668,44	1130,48
668,63	1191,92
668,81	1181,68
669,00	1130,48
669,19	1171,44
669,38	1200,11
669,56	1101,81
669,75	1236,97
669,94	1228,78
670,12	1198,06
670,31	1212,40
670,50	1142,77
670,68	1144,81
670,87	1112,05
671,06	1230,83
671,24	1138,67
671,43	1208,30
671,62	1220,59
671,80	1181,68
671,99	1206,25
672,18	1200,11
672,36	1140,72
672,55	1161,20
672,74	1200,11
672,92	1159,15
673,11	1177,58
673,29	1212,40
673,48	1124,33
673,67	1216,49
673,85	1230,83
674,04	1161,20
674,23	1196,01
674,41	1181,68
674,60	1173,49
674,79	1249,26
674,97	1193,97
675,16	1189,87
675,34	1183,73
675,53	1138,67
675,72	1144,81
675,90	1161,20
676,09	1161,20
676,28	1220,59
676,46	1226,73
676,65	1148,91
676,83	1136,62
677,02	1122,29
677,21	1193,97
677,39	1218,54
677,58	1163,25
677,77	1200,11
677,95	1212,40
678,14	1159,15
678,32	1198,06
678,51	1157,10
678,70	1179,63
678,88	1114,10
679,07	1138,67
679,25	1224,69
679,44	1183,73
679,63	1161,20
679,81	1179,63
680,00	1212,40
680,18	1144,81
680,37	1120,24
680,55	1175,53
680,74	1204,21
680,93	1116,14
681,11	1146,86
681,30	1241,07
681,48	1222,64
681,67	1175,53
681,85	1169,39
682,04	1163,25
682,23	1232,88
682,41	1161,20
682,60	1173,49
682,78	1157,10
682,97	1198,06
683,15	1173,49
683,34	1177,58
683,53	1191,92
683,71	1081,33
683,90	1204,21
684,08	1112,05
684,27	1198,06
684,45	1150,96
684,64	1110,00
684,82	1198,06
685,01	1144,81
685,19	1185,77
685,38	1163,25
685,57	1163,25
685,75	1191,92
685,94	1247,21
686,12	1177,58
686,31	1198,06
686,49	1208,30
686,68	1196,01
686,86	1222,64
687,05	1132,53
687,23	1224,69
687,42	1146,86
687,60	1171,44
687,79	1118,19
687,97	1161,20
688,16	1116,14
688,34	1220,59
688,53	1124,33
688,71	1099,76
688,90	1191,92
689,08	1183,73
689,27	1155,05
689,45	1191,92
689,64	1130,48
689,82	1181,68
690,01	1101,81
690,19	1144,81
690,38	1161,20
690,56	1163,25
690,75	1243,12
690,93	1253,36
691,12	1163,25
691,30	1169,39
691,49	1191,92
691,67	1173,49
691,86	1185,77
692,04	1116,14
692,23	1128,43
692,41	1263,60
692,60	1167,34
692,78	1146,86
692,97	1204,21
693,15	1161,20
693,34	1177,58
693,52	1175,53
693,71	1134,57
693,89	1134,57
694,08	1114,10
694,26	1230,83
694,44	1175,53
694,63	1161,20
694,81	1163,25
695,00	1110,00
695,18	1173,49
695,37	1228,78
695,55	1153,01
695,74	1189,87
695,92	1202,16
696,10	1236,97
696,29	1157,10
696,47	1126,38
696,66	1175,53
696,84	1230,83
697,03	1146,86
697,21	1165,29
697,40	1114,10
697,58	1261,55
697,76	1140,72
697,95	1185,77
698,13	1163,25
698,32	1198,06
698,50	1179,63
698,68	1255,40
698,87	1198,06
699,05	1163,25
699,24	1232,88
699,42	1128,43
699,61	1095,66
699,79	1153,01
699,97	1144,81
700,16	1132,53
700,34	1185,77
700,53	1116,14
700,71	1116,14
700,89	1216,49
701,08	1214,45
701,26	1171,44
701,45	1185,77
701,63	1169,39
701,81	1230,83
702,00	1181,68
702,18	1175,53
702,37	1189,87
702,55	1183,73
702,73	1236,97
702,92	1210,35
703,10	1175,53
703,28	1181,68
703,47	1191,92
703,65	1167,34
703,84	1132,53
704,02	1165,29
704,20	1198,06
704,39	1167,34
704,57	1185,77
704,75	1142,77
704,94	1247,21
705,12	1136,62
705,30	1214,45
705,49	1191,92
705,67	1216,49
705,86	1144,81
706,04	1214,45
706,22	1136,62
706,41	1239,02
706,59	1198,06
706,77	1216,49
706,96	1095,66
707,14	1189,87
707,32	1191,92
707,51	1138,67
707,69	1200,11
707,87	1175,53
708,06	1183,73
708,24	1136,62
708,42	1193,97
708,61	1124,33
708,79	1142,77
708,97	1294,32
709,16	1167,34
709,34	1208,30
709,52	1122,29
709,71	1126,38
709,89	1095,66
710,07	1126,38
710,26	1148,91
710,44	1193,97
710,62	1193,97
710,80	1161,20
710,99	1122,29
711,17	1167,34
711,35	1179,63
711,54	1167,34
711,72	1189,87
711,90	1128,43
712,09	1169,39
712,27	1230,83
712,45	1204,21
712,63	1165,29
712,82	1245,16
713,00	1218,54
713,18	1134,57
713,37	1163,25
713,55	1189,87
713,73	1163,25
713,91	1189,87
714,10	1130,48
714,28	1150,96
714,46	1200,11
714,65	1212,40
714,83	1161,20
715,01	1200,11
715,19	1347,56
715,38	1173,49
715,56	1083,38
715,74	1155,05
715,92	1193,97
716,11	1163,25
716,29	1208,30
716,47	1148,91
716,65	1148,91
716,84	1167,34
717,02	1165,29
717,20	1167,34
717,38	1118,19
717,57	1183,73
717,75	1146,86
717,93	1173,49
718,11	1200,11
718,30	1142,77
718,48	1214,45
718,66	1142,77
718,84	1187,82
719,03	1116,14
719,21	1142,77
719,39	1220,59
719,57	1198,06
719,75	1132,53
719,94	1134,57
720,12	1202,16
720,30	1171,44
720,48	1175,53
720,67	1212,40
720,85	1218,54
721,03	1220,59
721,21	1157,10
721,39	1189,87
721,58	1157,10
721,76	1163,25
721,94	1200,11
722,12	1128,43
722,30	1107,95
722,49	1128,43
722,67	1146,86
722,85	1204,21
723,03	1169,39
723,21	1169,39
723,40	1150,96
723,58	1193,97
723,76	1181,68
723,94	1153,01
724,12	1259,50
724,30	1198,06
724,49	1185,77
724,67	1279,98
724,85	1101,81
725,03	1155,05
725,21	1157,10
725,40	1175,53
725,58	1112,05
725,76	1138,67
725,94	1251,31
726,12	1224,69
726,30	1165,29
726,49	1212,40
726,67	1191,92
726,85	1179,63
727,03	1187,82
727,21	1189,87
727,39	1193,97
727,57	1243,12
727,76	1228,78
727,94	1181,68
728,12	1167,34
728,30	1134,57
728,48	1187,82
728,66	1181,68
728,84	1142,77
729,03	1191,92
729,21	1153,01
729,39	1236,97
729,57	1161,20
729,75	1224,69
729,93	1179,63
730,11	1169,39
730,30	1249,26
730,48	1200,11
730,66	1196,01
730,84	1228,78
731,02	1153,01
731,20	1142,77
731,38	1177,58
731,56	1175,53
731,74	1249,26
731,93	1220,59
732,11	1163,25
732,29	1138,67
732,47	1144,81
732,65	1167,34
732,83	1196,01
733,01	1159,15
733,19	1179,63
733,37	1187,82
733,56	1191,92
733,74	1206,25
733,92	1163,25
734,10	1173,49
734,28	1191,92
734,46	1198,06
734,64	1142,77
734,82	1167,34
735,00	1167,34
735,18	1253,36
735,36	1198,06
735,54	1214,45
735,73	1216,49
735,91	1200,11
736,09	1193,97
736,27	1259,50
736,45	1148,91
736,63	1134,57
736,81	1167,34
736,99	1114,10
737,17	1144,81
737,35	1196,01
737,53	1144,81
737,71	1159,15
737,89	1220,59
738,07	1169,39
738,25	1138,67
738,43	1099,76
738,61	1167,34
738,80	1183,73
738,98	1142,77
739,16	1173,49
739,34	1136,62
739,52	1173,49
739,70	1214,45
739,88	1202,16
740,06	1208,30
740,24	1181,68
740,42	1134,57
740,60	1228,78
740,78	1185,77
740,96	1146,86
741,14	1175,53
741,32	1134,57
741,50	1097,71
741,68	1267,69
741,86	1130,48
742,04	1204,21
742,22	1236,97
742,40	1214,45
742,58	1138,67
742,76	1200,11
742,94	1118,19
743,12	1173,49
743,30	1175,53
743,48	1214,45
743,66	1173,49
743,84	1159,15
744,02	1150,96
744,20	1228,78
744,38	1161,20
744,56	1243,12
744,74	1116,14
744,92	1202,16
745,10	1134,57
745,28	1214,45
745,46	1163,25
745,64	1179,63
745,82	1132,53
746,00	1183,73
746,18	1140,72
746,36	1163,25
746,54	1163,25
746,72	1175,53
746,90	1218,54
747,08	1128,43
747,26	1200,11
747,44	1179,63
747,62	1173,49
747,80	1142,77
747,98	1114,10
748,15	1198,06
748,33	1179,63
748,51	1171,44
748,69	1177,58
748,87	1097,71
749,05	1204,21
749,23	1239,02
749,41	1150,96
749,59	1146,86
749,77	1132,53
749,95	1140,72
750,13	1202,16
750,31	1230,83
750,49	1212,40
750,67	1155,05
750,85	1159,15
751,03	1239,02
751,20	1286,12
751,38	1167,34
751,56	1148,91
751,74	1167,34
751,92	1159,15
752,10	1155,05
752,28	1146,86
752,46	1179,63
752,64	1187,82
752,82	1116,14
753,00	1200,11
753,18	1134,57
753,35	1204,21
753,53	1175,53
753,71	1210,35
753,89	1228,78
754,07	1196,01
754,25	1200,11
754,43	1187,82
754,61	1277,93
754,79	1214,45
754,97	1177,58
755,14	1173,49
755,32	1210,35
755,50	1132,53
755,68	1175,53
755,86	1140,72
756,04	1191,92
756,22	1220,59
756,40	1226,73
756,57	1163,25
756,75	1128,43
756,93	1165,29
757,11	1138,67
757,29	1128,43
757,47	1130,48
757,65	1118,19
757,82	1140,72
758,00	1228,78
758,18	1232,88
758,36	1165,29
758,54	1175,53
758,72	1228,78
758,90	1224,69
759,07	1128,43
759,25	1136,62
759,43	1200,11
759,61	1165,29
759,79	1173,49
759,97	1093,62
760,15	1171,44
760,32	1105,90
760,50	1159,15
760,68	1187,82
760,86	1173,49
761,04	1193,97
761,22	1200,11
761,39	1179,63
761,57	1155,05
761,75	1185,77
761,93	1183,73
762,11	1150,96
762,28	1187,82
762,46	1167,34
762,64	1200,11
762,82	1208,30
763,00	1236,97
763,18	1247,21
763,35	1118,19
763,53	1208,30
763,71	1175,53
763,89	1230,83
764,07	1110,00
764,24	1179,63
764,42	1214,45
764,60	1261,55
764,78	1099,76
764,96	1181,68
765,13	1218,54
765,31	1163,25
765,49	1230,83
765,67	1171,44
765,84	1224,69
766,02	1208,30
766,20	1103,86
766,38	1198,06
766,56	1185,77
766,73	1191,92
766,91	1124,33
767,09	1167,34
767,27	1126,38
767,44	1138,67
767,62	1138,67
767,80	1130,48
767,98	1167,34
768,15	1216,49
768,33	1093,62
768,51	1142,77
768,69	1228,78
768,87	1249,26
769,04	1155,05
769,22	1193,97
769,40	1146,86
769,58	1167,34
769,75	1142,77
769,93	1222,64
770,11	1101,81
770,28	1136,62
770,46	1185,77
770,64	1212,40
770,82	1232,88
770,99	1171,44
771,17	1173,49
771,35	1265,64
771,53	1126,38
771,70	1226,73
771,88	1167,34
772,06	1144,81
772,23	1155,05
772,41	1171,44
772,59	1095,66
772,77	1146,86
772,94	1202,16
773,12	1200,11
773,30	1208,30
773,47	1253,36
773,65	1185,77
773,83	1183,73
774,01	1232,88
774,18	1259,50
774,36	1144,81
774,54	1183,73
774,71	1222,64
774,89	1167,34
775,07	1255,40
775,24	1181,68
775,42	1220,59
775,60	1159,15
775,78	1202,16
775,95	1159,15
776,13	1202,16
776,31	1150,96
776,48	1198,06
776,66	1134,57
776,84	1122,29
777,01	1202,16
777,19	1144,81
777,37	1232,88
777,54	1214,45
777,72	1212,40
777,90	1134,57
778,07	1196,01
778,25	1155,05
778,43	1189,87
778,60	1167,34
778,78	1253,36
778,96	1214,45
779,13	1189,87
779,31	1114,10
779,49	1126,38
779,66	1228,78
779,84	1150,96
780,01	1150,96
780,19	1183,73
780,37	1142,77
780,54	1148,91
780,72	1153,01
780,90	1163,25
781,07	1161,20
781,25	1198,06
781,43	1210,35
781,60	1249,26
781,78	1128,43
781,95	1165,29
782,13	1118,19
782,31	1202,16
782,48	1200,11
782,66	1161,20
782,83	1155,05
783,01	1179,63
783,19	1114,10
783,36	1130,48
783,54	1181,68
783,72	1173,49
783,89	1107,95
784,07	1148,91
784,24	1171,44
784,42	1150,96
784,60	1144,81
784,77	1161,20
784,95	1171,44
785,12	1126,38
785,30	1191,92
785,47	1126,38
785,65	1124,33
785,83	1167,34
786,00	1179,63
786,18	1161,20
786,35	1165,29
786,53	1191,92
786,71	1144,81
786,88	1142,77
787,06	1130,48
787,23	1198,06
787,41	1196,01
787,58	1191,92
787,76	1187,82
787,94	1216,49
788,11	1159,15
788,29	1122,29
788,46	1120,24
788,64	1181,68
788,81	1288,17
788,99	1165,29
789,16	1142,77
789,34	1150,96
789,52	1245,16
789,69	1189,87
789,87	1161,20
790,04	1200,11
790,22	1208,30
790,39	1196,01
790,57	1142,77
790,74	1161,20
790,92	1193,97
791,09	1193,97
791,27	1210,35
791,44	1159,15
791,62	1204,21
791,79	1167,34
791,97	1208,30
792,15	1140,72
792,32	1150,96
792,50	1183,73
792,67	1191,92
792,85	1230,83
793,02	1218,54
793,20	1220,59
793,37	1140,72
793,55	1187,82
793,72	1218,54
793,90	1161,20
794,07	1220,59
794,25	1114,10
794,42	1173,49
794,60	1275,88
794,77	1228,78
794,95	1220,59
795,12	1136,62
795,30	1189,87
795,47	1169,39
795,65	1171,44
795,82	1167,34
796,00	1210,35
796,17	1146,86
796,34	1185,77
796,52	1167,34
796,69	1210,35
796,87	1191,92
797,04	1130,48
797,22	1212,40
797,39	1187,82
797,57	1193,97
797,74	1107,95
797,92	1224,69
798,09	1091,57
798,27	1146,86
798,44	1189,87
798,62	1191,92
798,79	1167,34
798,96	1120,24
799,14	1269,74
799,31	1234,93
799,49	1265,64
799,66	1196,01
799,84	1124,33
800,01	1191,92
800,19	1134,57
800,36	1200,11
800,53	1251,31
800,71	1134,57
800,88	1171,44
801,06	1222,64
801,23	1173,49
801,41	1230,83
801,58	1175,53
801,75	1140,72
801,93	1193,97
802,10	1159,15
802,28	1236,97
802,45	1198,06
802,63	1185,77
802,80	1148,91
802,97	1175,53
803,15	1251,31
803,32	1155,05
803,50	1187,82
803,67	1189,87
803,84	1261,55
804,02	1124,33
804,19	1198,06
804,37	1183,73
804,54	1148,91
804,71	1173,49
804,89	1193,97
805,06	1167,34
805,24	1249,26
805,41	1169,39
805,58	1171,44
805,76	1144,81
805,93	1167,34
806,10	1191,92
806,28	1187,82
806,45	1208,30
806,63	1198,06
806,80	1245,16
806,97	1124,33
807,15	1138,67
807,32	1177,58
807,49	1187,82
807,67	1122,29
807,84	1196,01
808,01	1220,59
808,19	1150,96
808,36	1148,91
808,54	1220,59
808,71	1183,73
808,88	1134,57
809,06	1255,40
809,23	1251,31
809,40	1187,82
809,58	1148,91
809,75	1159,15
809,92	1251,31
810,10	1191,92
810,27	1183,73
810,44	1159,15
810,62	1167,34
810,79	1093,62
810,96	1101,81
811,14	1208,30
811,31	1202,16
811,48	1161,20
811,66	1263,60
811,83	1126,38
812,00	1163,25
812,18	1208,30
812,35	1142,77
812,52	1130,48
812,69	1218,54
812,87	1216,49
813,04	1150,96
813,21	1138,67
813,39	1183,73
813,56	1228,78
813,73	1171,44
813,91	1230,83
814,08	1167,34
814,25	1177,58
814,42	1148,91
814,60	1185,77
814,77	1122,29
814,94	1132,53
815,12	1181,68
815,29	1079,28
815,46	1181,68
815,63	1144,81
815,81	1236,97
815,98	1279,98
816,15	1150,96
816,33	1206,25
816,50	1210,35
816,67	1159,15
816,84	1191,92
817,02	1253,36
817,19	1110,00
817,36	1196,01
817,53	1226,73
817,71	1187,82
817,88	1173,49
818,05	1187,82
818,22	1159,15
818,40	1191,92
818,57	1181,68
818,74	1150,96
818,91	1224,69
819,09	1200,11
819,26	1259,50
819,43	1171,44
819,60	1193,97
819,78	1163,25
819,95	1216,49
820,12	1214,45
820,29	1087,47
820,47	1171,44
820,64	1183,73
820,81	1134,57
820,98	1122,29
821,15	1159,15
821,33	1136,62
821,50	1183,73
821,67	1249,26
821,84	1124,33
822,02	1122,29
822,19	1148,91
822,36	1193,97
822,53	1103,86
822,70	1183,73
822,88	1189,87
823,05	1200,11
823,22	1155,05
823,39	1148,91
823,56	1161,20
823,74	1198,06
823,91	1157,10
824,08	1179,63
824,25	1173,49
824,42	1255,40
824,60	1177,58
824,77	1128,43
824,94	1146,86
825,11	1191,92
825,28	1226,73
825,45	1259,50
825,63	1204,21
825,80	1138,67
825,97	1236,97
826,14	1077,23
826,31	1161,20
826,48	1212,40
826,66	1155,05
826,83	1140,72
827,00	1183,73
827,17	1193,97
827,34	1136,62
827,51	1183,73
827,69	1142,77
827,86	1216,49
828,03	1226,73
828,20	1148,91
828,37	1204,21
828,54	1206,25
828,71	1196,01
828,89	1161,20
829,06	1179,63
829,23	1249,26
829,40	1204,21
829,57	1161,20
829,74	1228,78
829,91	1198,06
830,09	1263,60
830,26	1161,20
830,43	1198,06
830,60	1146,86
830,77	1105,90
830,94	1191,92
831,11	1224,69
831,28	1173,49
831,46	1173,49
831,63	1173,49
831,80	1134,57
831,97	1138,67
832,14	1157,10
832,31	1105,90
832,48	1169,39
832,65	1116,14
832,82	1181,68
832,99	1175,53
833,17	1107,95
833,34	1167,34
833,51	1181,68
833,68	1150,96
833,85	1181,68
834,02	1189,87
834,19	1198,06
834,36	1155,05
834,53	1179,63
834,70	1253,36
834,87	1212,40
835,04	1220,59
835,22	1130,48
835,39	1177,58
835,56	1171,44
835,73	1153,01
835,90	1206,25
836,07	1128,43
836,24	1146,86
836,41	1157,10
836,58	1165,29
836,75	1118,19
836,92	1200,11
837,09	1132,53
837,26	1183,73
837,43	1181,68
837,60	1130,48
837,77	1136,62
837,94	1163,25
838,12	1142,77
838,29	1153,01
838,46	1155,05
838,63	1175,53
838,80	1224,69
838,97	1218,54
839,14	1232,88
839,31	1169,39
839,48	1173,49
839,65	1138,67
839,82	1206,25
839,99	1167,34
840,16	1142,77
840,33	1179,63
840,50	1191,92
840,67	1196,01
840,84	1163,25
841,01	1183,73
841,18	1243,12
841,35	1146,86
841,52	1216,49
841,69	1144,81
841,86	1193,97
842,03	1189,87
842,20	1183,73
842,37	1140,72
842,54	1206,25
842,71	1163,25
842,88	1167,34
843,05	1243,12
843,22	1103,86
843,39	1218,54
843,56	1185,77
843,73	1230,83
843,90	1185,77
844,07	1146,86
844,24	1177,58
844,41	1165,29
844,58	1165,29
844,75	1103,86
844,92	1222,64
845,09	1167,34
845,26	1146,86
845,43	1232,88
845,60	1157,10
845,77	1177,58
845,94	1245,16
846,10	1138,67
846,27	1206,25
846,44	1179,63
846,61	1193,97
846,78	1179,63
846,95	1171,44
847,12	1185,77
847,29	1173,49
847,46	1171,44
847,63	1214,45
847,80	1173,49
847,97	1163,25
848,14	1224,69
848,31	1155,05
848,48	1212,40
848,65	1210,35
848,82	1118,19
848,98	1200,11
849,15	1101,81
849,32	1202,16
849,49	1269,74
849,66	1247,21
849,83	1181,68
850,00	1214,45
850,17	1189,87
850,34	1193,97
850,51	1171,44
850,68	1208,30
850,85	1193,97
851,01	1216,49
851,18	1150,96
851,35	1206,25
851,52	1124,33
851,69	1206,25
851,86	1159,15
852,03	1175,53
852,20	1200,11
852,37	1181,68
852,53	1155,05
852,70	1226,73
852,87	1220,59
853,04	1196,01
853,21	1224,69
853,38	1159,15
853,55	1177,58
853,72	1179,63
853,89	1126,38
854,05	1157,10
854,22	1132,53
854,39	1167,34
854,56	1218,54
854,73	1148,91
854,90	1175,53
855,07	1159,15
855,23	1144,81
855,40	1138,67
855,57	1208,30
855,74	1220,59
855,91	1150,96
856,08	1206,25
856,25	1226,73
856,41	1200,11
856,58	1148,91
856,75	1153,01
856,92	1243,12
857,09	1175,53
857,26	1230,83
857,42	1169,39
857,59	1216,49
857,76	1179,63
857,93	1157,10
858,10	1196,01
858,27	1140,72
858,43	1202,16
858,60	1167,34
858,77	1191,92
858,94	1157,10
859,11	1181,68
859,27	1171,44
859,44	1210,35
859,61	1171,44
859,78	1159,15
859,95	1232,88
860,12	1167,34
860,28	1243,12
860,45	1112,05
860,62	1153,01
860,79	1212,40
860,95	1144,81
861,12	1161,20
861,29	1245,16
861,46	1175,53
861,63	1163,25
861,79	1261,55
861,96	1173,49
862,13	1167,34
862,30	1091,57
862,47	1107,95
862,63	1202,16
862,80	1159,15
862,97	1140,72
863,14	1200,11
863,30	1124,33
863,47	1212,40
863,64	1236,97
863,81	1163,25
863,97	1241,07
864,14	1230,83
864,31	1204,21
864,48	1220,59
864,65	1236,97
864,81	1271,79
864,98	1114,10
865,15	1173,49
865,32	1191,92
865,48	1226,73
865,65	1255,40
865,82	1212,40
865,98	1191,92
866,15	1189,87
866,32	1220,59
866,49	1146,86
866,65	1224,69
866,82	1208,30
866,99	1214,45
867,16	1144,81
867,32	1167,34
867,49	1114,10
867,66	1163,25
867,83	1157,10
867,99	1165,29
868,16	1249,26
868,33	1155,05
868,49	1122,29
868,66	1177,58
868,83	1169,39
868,99	1228,78
869,16	1200,11
869,33	1210,35
869,50	1189,87
869,66	1118,19
869,83	1179,63
870,00	1130,48
870,16	1191,92
870,33	1218,54
870,50	1146,86
870,66	1198,06
870,83	1159,15
871,00	1157,10
871,17	1216,49
871,33	1191,92
871,50	1239,02
871,67	1208,30
871,83	1118,19
872,00	1202,16
872,17	1155,05
872,33	1169,39
872,50	1224,69
872,67	1173,49
872,83	1191,92
873,00	1187,82
873,17	1161,20
873,33	1191,92
873,50	1181,68
873,67	1208,30
873,83	1144,81
874,00	1173,49
874,16	1173,49
874,33	1200,11
874,50	1191,92
874,66	1163,25
874,83	1165,29
875,00	1198,06
875,16	1204,21
875,33	1198,06
875,50	1171,44
875,66	1142,77
875,83	1157,10
875,99	1196,01
876,16	1218,54
876,33	1126,38
876,49	1132,53
876,66	1171,44
876,83	1198,06
876,99	1220,59
877,16	1140,72
877,32	1120,24
877,49	1173,49
877,66	1157,10
877,82	1179,63
877,99	1089,52
878,15	1191,92
878,32	1173,49
878,49	1099,76
878,65	1103,86
878,82	1124,33
878,98	1183,73
879,15	1126,38
879,32	1155,05
879,48	1183,73
879,65	1153,01
879,81	1181,68
879,98	1155,05
880,15	1157,10
880,31	1159,15
880,48	1202,16
880,64	1179,63
880,81	1206,25
880,97	1138,67
881,14	1175,53
881,31	1165,29
881,47	1255,40
881,64	1150,96
881,80	1163,25
881,97	1169,39
882,13	1165,29
882,30	1175,53
882,47	1210,35
882,63	1122,29
882,80	1187,82
882,96	1142,77
883,13	1173,49
883,29	1191,92
883,46	1191,92
883,62	1212,40
883,79	1105,90
883,95	1103,86
884,12	1163,25
884,29	1146,86
884,45	1163,25
884,62	1171,44
884,78	1169,39
884,95	1204,21
885,11	1089,52
885,28	1196,01
885,44	1124,33
885,61	1200,11
885,77	1140,72
885,94	1153,01
886,10	1247,21
886,27	1159,15
886,43	1153,01
886,60	1208,30
886,76	1206,25
886,93	1200,11
887,09	1185,77
887,26	1216,49
887,42	1220,59
887,59	1196,01
887,75	1165,29
887,92	1159,15
888,08	1134,57
888,25	1159,15
888,41	1212,40
888,58	1132,53
888,74	1189,87
888,91	1206,25
