177,47	1150,96
177,69	1150,96
177,91	1150,96
178,13	1148,91
178,36	1193,97
178,58	1214,45
178,80	1191,92
179,02	1173,49
179,24	1161,20
179,46	1150,96
179,68	1206,25
179,90	1173,49
180,13	1247,21
180,35	1120,24
180,57	1175,53
180,79	1189,87
181,01	1159,15
181,23	1140,72
181,45	1193,97
181,67	1150,96
181,90	1134,57
182,12	1163,25
182,34	1142,77
182,56	1187,82
182,78	1134,57
183,00	1175,53
183,22	1173,49
183,44	1107,95
183,66	1183,73
183,89	1214,45
184,11	1200,11
184,33	1140,72
184,55	1107,95
184,77	1136,62
184,99	1251,31
185,21	1118,19
185,43	1148,91
185,65	1189,87
185,87	1265,64
186,10	1105,90
186,32	1124,33
186,54	1175,53
186,76	1161,20
186,98	1150,96
187,20	1179,63
187,42	1247,21
187,64	1218,54
187,86	1183,73
188,08	1165,29
188,30	1177,58
188,52	1208,30
188,75	1193,97
188,97	1165,29
189,19	1107,95
189,41	1134,57
189,63	1206,25
189,85	1191,92
190,07	1167,34
190,29	1159,15
190,51	1204,21
190,73	1206,25
190,95	1153,01
191,17	1196,01
191,39	1183,73
191,61	1161,20
191,84	1114,10
192,06	1183,73
192,28	1220,59
192,50	1175,53
192,72	1171,44
192,94	1161,20
193,16	1234,93
193,38	1261,55
193,60	1189,87
193,82	1146,86
194,04	1220,59
194,26	1198,06
194,48	1187,82
194,70	1169,39
194,92	1118,19
195,14	1212,40
195,36	1150,96
195,58	1159,15
195,80	1183,73
196,02	1132,53
196,24	1220,59
196,46	1138,67
196,69	1165,29
196,91	1267,69
197,13	1208,30
197,35	1165,29
197,57	1181,68
197,79	1181,68
198,01	1161,20
198,23	1198,06
198,45	1163,25
198,67	1224,69
198,89	1165,29
199,11	1183,73
199,33	1167,34
199,55	1241,07
199,77	1146,86
199,99	1218,54
200,21	1193,97
200,43	1206,25
200,65	1179,63
200,87	1134,57
201,09	1155,05
201,31	1161,20
201,53	1220,59
201,75	1159,15
201,97	1144,81
202,19	1212,40
202,41	1183,73
202,63	1159,15
202,85	1148,91
203,07	1232,88
203,29	1181,68
203,51	1134,57
203,73	1204,21
203,95	1157,10
204,17	1107,95
204,39	1196,01
204,61	1189,87
204,83	1189,87
205,05	1126,38
205,27	1116,14
205,49	1202,16
205,71	1222,64
205,93	1208,30
206,15	1230,83
206,37	1134,57
206,59	1120,24
206,81	1173,49
207,03	1140,72
207,25	1140,72
207,47	1200,11
207,69	1183,73
207,91	1179,63
208,13	1245,16
208,34	1167,34
208,56	1206,25
208,78	1230,83
209,00	1282,03
209,22	1161,20
209,44	1212,40
209,66	1236,97
209,88	1097,71
210,10	1198,06
210,32	1224,69
210,54	1159,15
210,76	1169,39
210,98	1173,49
211,20	1185,77
211,42	1247,21
211,64	1126,38
211,86	1183,73
212,08	1196,01
212,30	1128,43
212,52	1116,14
212,74	1196,01
212,96	1245,16
213,17	1175,53
213,39	1212,40
213,61	1196,01
213,83	1118,19
214,05	1159,15
214,27	1198,06
214,49	1251,31
214,71	1155,05
214,93	1216,49
215,15	1122,29
215,37	1228,78
215,59	1302,51
215,81	1155,05
216,03	1159,15
216,24	1191,92
216,46	1198,06
216,68	1173,49
216,90	1148,91
217,12	1165,29
217,34	1191,92
217,56	1251,31
217,78	1056,75
218,00	1228,78
218,22	1132,53
218,44	1066,99
218,66	1181,68
218,87	1218,54
219,09	1179,63
219,31	1198,06
219,53	1146,86
219,75	1150,96
219,97	1085,42
220,19	1187,82
220,41	1126,38
220,63	1153,01
220,85	1230,83
221,06	1212,40
221,28	1142,77
221,50	1185,77
221,72	1222,64
221,94	1193,97
222,16	1165,29
222,38	1138,67
222,60	1173,49
222,82	1218,54
223,03	1173,49
223,25	1159,15
223,47	1196,01
223,69	1157,10
223,91	1159,15
224,13	1183,73
224,35	1132,53
224,57	1189,87
224,78	1187,82
225,00	1198,06
225,22	1230,83
225,44	1187,82
225,66	1161,20
225,88	1101,81
226,10	1185,77
226,32	1110,00
226,53	1181,68
226,75	1210,35
226,97	1214,45
227,19	1232,88
227,41	1167,34
227,63	1200,11
227,85	1208,30
228,06	1122,29
228,28	1185,77
228,50	1210,35
228,72	1202,16
228,94	1208,30
229,16	1271,79
229,37	1171,44
229,59	1173,49
229,81	1163,25
230,03	1202,16
230,25	1136,62
230,47	1171,44
230,69	1173,49
230,90	1083,38
231,12	1128,43
231,34	1198,06
231,56	1198,06
231,78	1183,73
232,00	1187,82
232,21	1101,81
232,43	1161,20
232,65	1075,18
232,87	1204,21
233,09	1173,49
233,30	1167,34
233,52	1105,90
233,74	1224,69
233,96	1208,30
234,18	1155,05
234,40	1118,19
234,61	1206,25
234,83	1234,93
235,05	1202,16
235,27	1144,81
235,49	1165,29
235,70	1196,01
235,92	1142,77
236,14	1130,48
236,36	1198,06
236,58	1226,73
236,79	1189,87
237,01	1163,25
237,23	1193,97
237,45	1165,29
237,67	1175,53
237,88	1200,11
238,10	1187,82
238,32	1196,01
238,54	1228,78
238,76	1167,34
238,97	1196,01
239,19	1212,40
239,41	1153,01
239,63	1169,39
239,85	1222,64
240,06	1165,29
240,28	1163,25
240,50	1208,30
240,72	1126,38
240,93	1155,05
241,15	1140,72
241,37	1144,81
241,59	1159,15
241,81	1177,58
242,02	1157,10
242,24	1177,58
242,46	1153,01
242,68	1181,68
242,89	1150,96
243,11	1155,05
243,33	1175,53
243,55	1230,83
243,76	1138,67
243,98	1191,92
244,20	1200,11
244,42	1245,16
244,64	1167,34
244,85	1183,73
245,07	1204,21
245,29	1155,05
245,51	1144,81
245,72	1124,33
245,94	1136,62
246,16	1224,69
246,38	1130,48
246,59	1183,73
246,81	1210,35
247,03	1159,15
247,24	1148,91
247,46	1206,25
247,68	1191,92
247,90	1138,67
248,11	1216,49
248,33	1142,77
248,55	1239,02
248,77	1208,30
248,98	1185,77
249,20	1275,88
249,42	1220,59
249,64	1200,11
249,85	1191,92
250,07	1183,73
250,29	1183,73
250,50	1136,62
250,72	1208,30
250,94	1122,29
251,16	1189,87
251,37	1212,40
251,59	1214,45
251,81	1099,76
252,02	1183,73
252,24	1232,88
252,46	1175,53
252,68	1183,73
252,89	1159,15
253,11	1144,81
253,33	1226,73
253,54	1150,96
253,76	1208,30
253,98	1220,59
254,20	1179,63
254,41	1124,33
254,63	1159,15
254,85	1181,68
255,06	1241,07
255,28	1124,33
255,50	1212,40
255,71	1173,49
255,93	1175,53
256,15	1177,58
256,36	1208,30
256,58	1206,25
256,80	1167,34
257,02	1200,11
257,23	1099,76
257,45	1159,15
257,67	1216,49
257,88	1153,01
258,10	1173,49
258,32	1198,06
258,53	1273,84
258,75	1116,14
258,97	1239,02
259,18	1126,38
259,40	1161,20
259,62	1128,43
259,83	1155,05
260,05	1230,83
260,27	1155,05
260,48	1222,64
260,70	1214,45
260,92	1126,38
261,13	1134,57
261,35	1241,07
261,57	1159,15
261,78	1138,67
262,00	1228,78
262,22	1101,81
262,43	1148,91
262,65	1189,87
262,86	1054,70
263,08	1228,78
263,30	1146,86
263,51	1093,62
263,73	1230,83
263,95	1206,25
264,16	1189,87
264,38	1196,01
264,60	1193,97
264,81	1132,53
265,03	1206,25
265,25	1206,25
265,46	1179,63
265,68	1189,87
265,89	1126,38
266,11	1204,21
266,33	1114,10
266,54	1206,25
266,76	1232,88
266,98	1101,81
267,19	1239,02
267,41	1138,67
267,62	1118,19
267,84	1101,81
268,06	1239,02
268,27	1093,62
268,49	1239,02
268,70	1218,54
268,92	1157,10
269,14	1212,40
269,35	1181,68
269,57	1155,05
269,79	1155,05
270,00	1193,97
270,22	1232,88
270,43	1173,49
270,65	1167,34
270,87	1150,96
271,08	1112,05
271,30	1245,16
271,51	1181,68
271,73	1257,45
271,95	1206,25
272,16	1163,25
272,38	1202,16
272,59	1202,16
272,81	1228,78
273,02	1169,39
273,24	1208,30
273,46	1157,10
273,67	1175,53
273,89	1136,62
274,10	1169,39
274,32	1169,39
274,54	1167,34
274,75	1212,40
274,97	1175,53
275,18	1167,34
275,40	1208,30
275,61	1136,62
275,83	1179,63
276,05	1110,00
276,26	1185,77
276,48	1171,44
276,69	1140,72
276,91	1107,95
277,12	1128,43
277,34	1236,97
277,55	1169,39
277,77	1116,14
277,99	1165,29
278,20	1214,45
278,42	1050,61
278,63	1177,58
278,85	1232,88
279,06	1183,73
279,28	1150,96
279,49	1103,86
279,71	1261,55
279,93	1130,48
280,14	1224,69
280,36	1198,06
280,57	1191,92
280,79	1132,53
281,00	1198,06
281,22	1243,12
281,43	1140,72
281,65	1114,10
281,86	1150,96
282,08	1216,49
282,29	1179,63
282,51	1202,16
282,73	1239,02
282,94	1208,30
283,16	1142,77
283,37	1167,34
283,59	1146,86
283,80	1198,06
284,02	1185,77
284,23	1257,45
284,45	1138,67
284,66	1239,02
284,88	1245,16
285,09	1150,96
285,31	1216,49
285,52	1208,30
285,74	1142,77
285,95	1230,83
286,17	1187,82
286,38	1167,34
286,60	1241,07
286,81	1191,92
287,03	1181,68
287,24	1187,82
287,46	1200,11
287,67	1171,44
287,89	1273,84
288,10	1159,15
288,32	1165,29
288,53	1136,62
288,75	1236,97
288,96	1124,33
289,18	1222,64
289,39	1155,05
289,61	1247,21
289,82	1212,40
290,04	1226,73
290,25	1171,44
290,47	1167,34
290,68	1179,63
290,90	1200,11
291,11	1218,54
291,33	1247,21
291,54	1247,21
291,76	1210,35
291,97	1204,21
292,18	1161,20
292,40	1146,86
292,61	1157,10
292,83	1120,24
293,04	1132,53
293,26	1150,96
293,47	1187,82
293,69	1232,88
293,90	1114,10
294,12	1206,25
294,33	1196,01
294,55	1183,73
294,76	1212,40
294,97	1169,39
295,19	1202,16
295,40	1136,62
295,62	1118,19
295,83	1159,15
296,05	1234,93
296,26	1200,11
296,48	1146,86
296,69	1126,38
296,90	1171,44
297,12	1153,01
297,33	1122,29
297,55	1148,91
297,76	1187,82
297,98	1144,81
298,19	1167,34
298,41	1179,63
298,62	1224,69
298,83	1189,87
299,05	1191,92
299,26	1134,57
299,48	1146,86
299,69	1198,06
299,90	1173,49
300,12	1177,58
300,33	1140,72
300,55	1204,21
300,76	1200,11
300,98	1196,01
301,19	1177,58
301,40	1183,73
301,62	1183,73
301,83	1167,34
302,05	1150,96
302,26	1146,86
302,47	1187,82
302,69	1187,82
302,90	1200,11
303,12	1153,01
303,33	1220,59
303,54	1230,83
303,76	1144,81
303,97	1071,09
304,19	1200,11
304,40	1124,33
304,61	1175,53
304,83	1257,45
305,04	1198,06
305,26	1101,81
305,47	1159,15
305,68	1230,83
305,90	1241,07
306,11	1191,92
306,33	1167,34
306,54	1175,53
306,75	1155,05
306,97	1187,82
307,18	1169,39
307,39	1187,82
307,61	1107,95
307,82	1204,21
308,04	1189,87
308,25	1136,62
308,46	1198,06
308,68	1191,92
308,89	1187,82
309,10	1142,77
309,32	1185,77
309,53	1189,87
309,74	1165,29
309,96	1148,91
310,17	1249,26
310,39	1153,01
310,60	1210,35
310,81	1193,97
311,03	1222,64
311,24	1140,72
311,45	1206,25
311,67	1245,16
311,88	1148,91
312,09	1142,77
312,31	1171,44
312,52	1146,86
312,73	1239,02
312,95	1150,96
313,16	1159,15
313,37	1191,92
313,59	1150,96
313,80	1167,34
314,01	1243,12
314,23	1130,48
314,44	1159,15
314,65	1193,97
314,87	1142,77
315,08	1177,58
315,29	1204,21
315,51	1130,48
315,72	1118,19
315,93	1193,97
316,15	1187,82
316,36	1210,35
316,57	1230,83
316,79	1107,95
317,00	1214,45
317,21	1236,97
317,43	1198,06
317,64	1214,45
317,85	1161,20
318,07	1226,73
318,28	1210,35
318,49	1202,16
318,70	1189,87
318,92	1134,57
319,13	1146,86
319,34	1224,69
319,56	1126,38
319,77	1214,45
319,98	1181,68
320,20	1191,92
320,41	1189,87
320,62	1183,73
320,83	1077,23
321,05	1191,92
321,26	1183,73
321,47	1177,58
321,69	1191,92
321,90	1200,11
322,11	1187,82
322,32	1140,72
322,54	1175,53
322,75	1171,44
322,96	1218,54
323,18	1181,68
323,39	1216,49
323,60	1196,01
323,81	1193,97
324,03	1171,44
324,24	1206,25
324,45	1222,64
324,66	1232,88
324,88	1181,68
325,09	1255,40
325,30	1230,83
325,52	1185,77
325,73	1220,59
325,94	1208,30
326,15	1179,63
326,37	1189,87
326,58	1146,86
326,79	1208,30
327,00	1228,78
327,22	1173,49
327,43	1185,77
327,64	1110,00
327,85	1138,67
328,07	1245,16
328,28	1157,10
328,49	1239,02
328,70	1198,06
328,92	1142,77
329,13	1204,21
329,34	1208,30
329,55	1173,49
329,76	1196,01
329,98	1134,57
330,19	1155,05
330,40	1189,87
330,61	1181,68
330,83	1066,99
331,04	1183,73
331,25	1234,93
331,46	1214,45
331,68	1112,05
331,89	1148,91
332,10	1181,68
332,31	1191,92
332,52	1193,97
332,74	1183,73
332,95	1239,02
333,16	1167,34
333,37	1077,23
333,58	1171,44
333,80	1155,05
334,01	1208,30
334,22	1118,19
334,43	1124,33
334,64	1132,53
334,86	1193,97
335,07	1239,02
335,28	1146,86
335,49	1183,73
335,70	1165,29
335,92	1116,14
336,13	1101,81
336,34	1157,10
336,55	1298,41
336,76	1132,53
336,98	1128,43
337,19	1153,01
337,40	1214,45
337,61	1183,73
337,82	1134,57
338,04	1204,21
338,25	1216,49
338,46	1122,29
338,67	1159,15
338,88	1196,01
339,09	1226,73
339,31	1128,43
339,52	1091,57
339,73	1187,82
339,94	1183,73
340,15	1191,92
340,36	1286,12
340,58	1198,06
340,79	1144,81
341,00	1198,06
341,21	1167,34
341,42	1163,25
341,63	1226,73
341,85	1118,19
342,06	1228,78
342,27	1107,95
342,48	1165,29
342,69	1159,15
342,90	1181,68
343,12	1247,21
343,33	1185,77
343,54	1161,20
343,75	1157,10
343,96	1146,86
344,17	1200,11
344,38	1159,15
344,60	1228,78
344,81	1271,79
345,02	1155,05
345,23	1202,16
345,44	1196,01
345,65	1202,16
345,86	1232,88
346,07	1171,44
346,29	1189,87
346,50	1228,78
346,71	1249,26
346,92	1159,15
347,13	1157,10
347,34	1169,39
347,55	1220,59
347,76	1218,54
347,98	1144,81
348,19	1196,01
348,40	1187,82
348,61	1187,82
348,82	1181,68
349,03	1163,25
349,24	1196,01
349,45	1183,73
349,66	1087,47
349,88	1122,29
350,09	1200,11
350,30	1177,58
350,51	1249,26
350,72	1157,10
350,93	1124,33
351,14	1204,21
351,35	1271,79
351,56	1159,15
351,77	1193,97
351,99	1179,63
352,20	1165,29
352,41	1187,82
352,62	1208,30
352,83	1153,01
353,04	1165,29
353,25	1179,63
353,46	1187,82
353,67	1220,59
353,88	1173,49
354,09	1122,29
354,30	1150,96
354,52	1214,45
354,73	1173,49
354,94	1112,05
355,15	1165,29
355,36	1165,29
355,57	1159,15
355,78	1218,54
355,99	1163,25
356,20	1175,53
356,41	1218,54
356,62	1177,58
356,83	1161,20
357,04	1267,69
357,25	1150,96
357,46	1150,96
357,68	1097,71
357,89	1171,44
358,10	1159,15
358,31	1206,25
358,52	1161,20
358,73	1204,21
358,94	1214,45
359,15	1128,43
359,36	1148,91
359,57	1159,15
359,78	1179,63
359,99	1206,25
360,20	1124,33
360,41	1181,68
360,62	1222,64
360,83	1144,81
361,04	1239,02
361,25	1193,97
361,46	1150,96
361,67	1144,81
361,88	1150,96
362,09	1198,06
362,30	1210,35
362,51	1171,44
362,72	1165,29
362,93	1257,45
363,14	1284,08
363,35	1120,24
363,56	1150,96
363,78	1153,01
363,99	1218,54
364,20	1185,77
364,41	1161,20
364,62	1232,88
364,83	1239,02
365,04	1142,77
365,25	1138,67
365,46	1193,97
365,67	1216,49
365,88	1187,82
366,09	1161,20
366,30	1198,06
366,51	1243,12
366,72	1187,82
366,93	1148,91
367,14	1200,11
367,35	1206,25
367,56	1222,64
367,77	1202,16
367,98	1200,11
368,18	1130,48
368,39	1112,05
368,60	1185,77
368,81	1214,45
369,02	1157,10
369,23	1200,11
369,44	1198,06
369,65	1191,92
369,86	1198,06
370,07	1144,81
370,28	1148,91
370,49	1228,78
370,70	1191,92
370,91	1185,77
371,12	1167,34
371,33	1234,93
371,54	1124,33
371,75	1179,63
371,96	1171,44
372,17	1228,78
372,38	1193,97
372,59	1097,71
372,80	1175,53
373,01	1261,55
373,22	1161,20
373,43	1198,06
373,64	1204,21
373,85	1222,64
374,06	1128,43
374,26	1220,59
374,47	1198,06
374,68	1134,57
374,89	1226,73
375,10	1155,05
375,31	1202,16
375,52	1187,82
375,73	1153,01
375,94	1165,29
376,15	1103,86
376,36	1208,30
376,57	1150,96
376,78	1155,05
376,99	1171,44
377,20	1196,01
377,40	1167,34
377,61	1189,87
377,82	1206,25
378,03	1155,05
378,24	1189,87
378,45	1214,45
378,66	1185,77
378,87	1130,48
379,08	1153,01
379,29	1124,33
379,50	1185,77
379,71	1153,01
379,91	1206,25
380,12	1216,49
380,33	1132,53
380,54	1171,44
380,75	1212,40
380,96	1146,86
381,17	1191,92
381,38	1112,05
381,59	1214,45
381,80	1173,49
382,00	1167,34
382,21	1208,30
382,42	1216,49
382,63	1226,73
382,84	1132,53
383,05	1140,72
383,26	1177,58
383,47	1183,73
383,68	1183,73
383,88	1138,67
384,09	1155,05
384,30	1134,57
384,51	1155,05
384,72	1171,44
384,93	1239,02
385,14	1171,44
385,35	1138,67
385,55	1146,86
385,76	1222,64
385,97	1216,49
386,18	1161,20
386,39	1099,76
386,60	1161,20
386,81	1177,58
387,02	1148,91
387,22	1206,25
387,43	1189,87
387,64	1122,29
387,85	1126,38
388,06	1169,39
388,27	1255,40
388,48	1177,58
388,68	1232,88
388,89	1171,44
389,10	1157,10
389,31	1243,12
389,52	1220,59
389,73	1175,53
389,93	1146,86
390,14	1214,45
390,35	1214,45
390,56	1198,06
390,77	1261,55
390,98	1103,86
391,18	1159,15
391,39	1239,02
391,60	1206,25
391,81	1204,21
392,02	1191,92
392,23	1116,14
392,43	1177,58
392,64	1093,62
392,85	1224,69
393,06	1181,68
393,27	1218,54
393,47	1183,73
393,68	1214,45
393,89	1232,88
394,10	1146,86
394,31	1210,35
394,52	1169,39
394,72	1173,49
394,93	1165,29
395,14	1150,96
395,35	1167,34
395,56	1126,38
395,76	1118,19
395,97	1183,73
396,18	1204,21
396,39	1243,12
396,60	1144,81
396,80	1218,54
397,01	1144,81
397,22	1177,58
397,43	1212,40
397,64	1208,30
397,84	1175,53
398,05	1245,16
398,26	1183,73
398,47	1191,92
398,67	1230,83
398,88	1083,38
399,09	1148,91
399,30	1200,11
399,51	1222,64
399,71	1112,05
399,92	1169,39
400,13	1128,43
400,34	1118,19
400,54	1134,57
400,75	1228,78
400,96	1175,53
401,17	1144,81
401,37	1155,05
401,58	1179,63
401,79	1122,29
402,00	1134,57
402,21	1204,21
402,41	1196,01
402,62	1204,21
402,83	1128,43
403,04	1267,69
403,24	1175,53
403,45	1173,49
403,66	1144,81
403,87	1232,88
404,07	1241,07
404,28	1103,86
404,49	1218,54
404,70	1159,15
404,90	1126,38
405,11	1187,82
405,32	1189,87
405,52	1220,59
405,73	1187,82
405,94	1091,57
406,15	1198,06
406,35	1128,43
406,56	1245,16
406,77	1220,59
406,98	1175,53
407,18	1173,49
407,39	1204,21
407,60	1249,26
407,80	1181,68
408,01	1157,10
408,22	1200,11
408,43	1179,63
408,63	1202,16
408,84	1112,05
409,05	1181,68
409,25	1107,95
409,46	1181,68
409,67	1171,44
409,88	1161,20
410,08	1187,82
410,29	1173,49
410,50	1165,29
410,70	1161,20
410,91	1234,93
411,12	1161,20
411,32	1177,58
411,53	1216,49
411,74	1112,05
411,95	1171,44
412,15	1239,02
412,36	1155,05
412,57	1159,15
412,77	1210,35
412,98	1269,74
413,19	1157,10
413,39	1185,77
413,60	1232,88
413,81	1193,97
414,01	1187,82
414,22	1216,49
414,43	1181,68
414,63	1155,05
414,84	1191,92
415,05	1118,19
415,25	1159,15
415,46	1159,15
415,67	1169,39
415,87	1183,73
416,08	1208,30
416,29	1208,30
416,49	1196,01
416,70	1157,10
416,91	1126,38
417,11	1202,16
417,32	1187,82
417,53	1210,35
417,73	1249,26
417,94	1196,01
418,15	1185,77
418,35	1191,92
418,56	1189,87
418,77	1150,96
418,97	1161,20
419,18	1165,29
419,38	1155,05
419,59	1118,19
419,80	1118,19
420,00	1136,62
420,21	1148,91
420,42	1134,57
420,62	1249,26
420,83	1140,72
421,04	1120,24
421,24	1157,10
421,45	1216,49
421,65	1167,34
421,86	1189,87
422,07	1167,34
422,27	1232,88
422,48	1187,82
422,69	1230,83
422,89	1193,97
423,10	1157,10
423,30	1155,05
423,51	1173,49
423,72	1167,34
423,92	1181,68
424,13	1226,73
424,33	1206,25
424,54	1101,81
424,75	1196,01
424,95	1159,15
425,16	1155,05
425,36	1202,16
425,57	1189,87
425,78	1157,10
425,98	1241,07
426,19	1189,87
426,39	1226,73
426,60	1153,01
426,81	1167,34
427,01	1187,82
427,22	1134,57
427,42	1110,00
427,63	1214,45
427,83	1128,43
428,04	1181,68
428,25	1179,63
428,45	1163,25
428,66	1157,10
428,86	1198,06
429,07	1206,25
429,28	1189,87
429,48	1210,35
429,69	1169,39
429,89	1136,62
430,10	1179,63
430,30	1181,68
430,51	1200,11
430,71	1167,34
430,92	1173,49
431,13	1148,91
431,33	1060,85
431,54	1257,45
431,74	1169,39
431,95	1112,05
432,15	1198,06
432,36	1157,10
432,56	1148,91
432,77	1185,77
432,98	1128,43
433,18	1153,01
433,39	1165,29
433,59	1198,06
433,80	1230,83
434,00	1167,34
434,21	1157,10
434,41	1216,49
434,62	1241,07
434,82	1173,49
435,03	1228,78
435,23	1153,01
435,44	1161,20
435,64	1177,58
435,85	1179,63
436,06	1189,87
436,26	1265,64
436,47	1198,06
436,67	1175,53
436,88	1136,62
437,08	1200,11
437,29	1198,06
437,49	1159,15
437,70	1155,05
437,90	1157,10
438,11	1232,88
438,31	1159,15
438,52	1134,57
438,72	1220,59
438,93	1091,57
439,13	1140,72
439,34	1179,63
439,54	1218,54
439,75	1157,10
439,95	1179,63
440,16	1226,73
440,36	1245,16
440,57	1155,05
440,77	1150,96
440,98	1148,91
441,18	1206,25
441,39	1214,45
441,59	1136,62
441,80	1112,05
442,00	1171,44
442,21	1226,73
442,41	1150,96
442,62	1167,34
442,82	1196,01
443,02	1183,73
443,23	1132,53
443,43	1157,10
443,64	1157,10
443,84	1142,77
444,05	1161,20
444,25	1187,82
444,46	1173,49
444,66	1150,96
444,87	1296,36
445,07	1085,42
445,28	1193,97
445,48	1110,00
445,69	1228,78
445,89	1183,73
446,09	1187,82
446,30	1134,57
446,50	1146,86
446,71	1228,78
446,91	1124,33
447,12	1216,49
447,32	1265,64
447,53	1208,30
447,73	1193,97
447,93	1077,23
448,14	1189,87
448,34	1175,53
448,55	1097,71
448,75	1181,68
448,96	1220,59
449,16	1187,82
449,36	1196,01
449,57	1206,25
449,77	1124,33
449,98	1175,53
450,18	1214,45
450,39	1224,69
450,59	1159,15
450,79	1193,97
451,00	1239,02
451,20	1200,11
451,41	1157,10
451,61	1202,16
451,81	1165,29
452,02	1177,58
452,22	1200,11
452,43	1114,10
452,63	1212,40
452,84	1183,73
453,04	1222,64
453,24	1171,44
453,45	1150,96
453,65	1136,62
453,86	1110,00
454,06	1173,49
454,26	1187,82
454,47	1159,15
454,67	1204,21
454,87	1177,58
455,08	1224,69
455,28	1132,53
455,49	1241,07
455,69	1161,20
455,89	1239,02
456,10	1187,82
456,30	1247,21
456,51	1181,68
456,71	1144,81
456,91	1089,52
457,12	1126,38
457,32	1153,01
457,52	1142,77
457,73	1226,73
457,93	1200,11
458,14	1210,35
458,34	1200,11
458,54	1163,25
458,75	1097,71
458,95	1183,73
459,15	1173,49
459,36	1161,20
459,56	1216,49
459,76	1175,53
459,97	1130,48
460,17	1132,53
460,37	1130,48
460,58	1150,96
460,78	1191,92
460,99	1181,68
461,19	1251,31
461,39	1196,01
461,60	1140,72
461,80	1171,44
462,00	1181,68
462,21	1204,21
462,41	1200,11
462,61	1187,82
462,82	1157,10
463,02	1155,05
463,22	1116,14
463,43	1177,58
463,63	1146,86
463,83	1134,57
464,04	1267,69
464,24	1179,63
464,44	1146,86
464,64	1171,44
464,85	1161,20
465,05	1130,48
465,25	1138,67
465,46	1169,39
465,66	1167,34
465,86	1189,87
466,07	1191,92
466,27	1177,58
466,47	1177,58
466,68	1230,83
466,88	1177,58
467,08	1189,87
467,29	1167,34
467,49	1216,49
467,69	1206,25
467,89	1196,01
468,10	1134,57
468,30	1191,92
468,50	1140,72
468,71	1173,49
468,91	1210,35
469,11	1175,53
469,31	1191,92
469,52	1187,82
469,72	1187,82
469,92	1181,68
470,13	1187,82
470,33	1163,25
470,53	1128,43
470,73	1153,01
470,94	1124,33
471,14	1202,16
471,34	1177,58
471,54	1175,53
471,75	1142,77
471,95	1222,64
472,15	1230,83
472,36	1181,68
472,56	1183,73
472,76	1177,58
472,96	1230,83
473,17	1206,25
473,37	1226,73
473,57	1163,25
473,77	1148,91
473,98	1124,33
474,18	1247,21
474,38	1234,93
474,58	1114,10
474,79	1163,25
474,99	1206,25
475,19	1171,44
475,39	1226,73
475,60	1210,35
475,80	1245,16
476,00	1187,82
476,20	1085,42
476,41	1177,58
476,61	1228,78
476,81	1193,97
477,01	1212,40
477,21	1212,40
477,42	1239,02
477,62	1181,68
477,82	1112,05
478,02	1241,07
478,23	1148,91
478,43	1114,10
478,63	1173,49
478,83	1189,87
479,03	1234,93
479,24	1204,21
479,44	1222,64
479,64	1157,10
479,84	1159,15
480,04	1206,25
480,25	1265,64
480,45	1140,72
480,65	1165,29
480,85	1142,77
481,06	1179,63
481,26	1241,07
481,46	1208,30
481,66	1167,34
481,86	1159,15
482,06	1165,29
482,27	1132,53
482,47	1157,10
482,67	1187,82
482,87	1183,73
483,07	1198,06
483,28	1150,96
483,48	1200,11
483,68	1165,29
483,88	1173,49
484,08	1198,06
484,29	1142,77
484,49	1189,87
484,69	1165,29
484,89	1140,72
485,09	1136,62
485,29	1126,38
485,50	1116,14
485,70	1212,40
485,90	1173,49
486,10	1228,78
486,30	1126,38
486,50	1259,50
486,71	1150,96
486,91	1263,60
487,11	1159,15
487,31	1155,05
487,51	1204,21
487,71	1191,92
487,91	1198,06
488,12	1140,72
488,32	1132,53
488,52	1144,81
488,72	1177,58
488,92	1112,05
489,12	1189,87
489,32	1155,05
489,53	1175,53
489,73	1126,38
489,93	1173,49
490,13	1220,59
490,33	1198,06
490,53	1210,35
490,73	1193,97
490,94	1167,34
491,14	1175,53
491,34	1138,67
491,54	1169,39
491,74	1167,34
491,94	1204,21
492,14	1146,86
492,34	1126,38
492,54	1138,67
492,75	1206,25
492,95	1159,15
493,15	1222,64
493,35	1138,67
493,55	1220,59
493,75	1218,54
493,95	1234,93
494,15	1185,77
494,35	1212,40
494,56	1196,01
494,76	1189,87
494,96	1130,48
495,16	1206,25
495,36	1212,40
495,56	1173,49
495,76	1157,10
495,96	1150,96
496,16	1107,95
496,36	1130,48
496,56	1187,82
496,77	1146,86
496,97	1208,30
497,17	1144,81
497,37	1196,01
497,57	1169,39
497,77	1150,96
497,97	1169,39
498,17	1167,34
498,37	1134,57
498,57	1222,64
498,77	1187,82
498,97	1155,05
499,17	1159,15
499,38	1110,00
499,58	1232,88
499,78	1208,30
499,98	1206,25
500,18	1159,15
500,38	1148,91
500,58	1269,74
500,78	1204,21
500,98	1241,07
501,18	1183,73
501,38	1228,78
501,58	1243,12
501,78	1136,62
501,98	1208,30
502,18	1064,94
502,38	1175,53
502,58	1177,58
502,78	1175,53
502,98	1234,93
503,18	1153,01
503,38	1185,77
503,59	1169,39
503,79	1198,06
503,99	1175,53
504,19	1232,88
504,39	1196,01
504,59	1126,38
504,79	1206,25
504,99	1206,25
505,19	1157,10
505,39	1138,67
505,59	1206,25
505,79	1159,15
505,99	1177,58
506,19	1187,82
506,39	1118,19
506,59	1226,73
506,79	1236,97
506,99	1191,92
507,19	1200,11
507,39	1245,16
507,59	1099,76
507,79	1198,06
507,99	1204,21
508,19	1169,39
508,39	1212,40
508,59	1097,71
508,79	1146,86
508,99	1120,24
509,19	1249,26
509,39	1226,73
509,59	1251,31
509,79	1183,73
509,99	1220,59
510,19	1216,49
510,39	1171,44
510,59	1173,49
510,79	1218,54
510,99	1144,81
511,19	1208,30
511,39	1134,57
511,59	1196,01
511,79	1224,69
511,99	1175,53
512,19	1191,92
512,38	1148,91
512,58	1200,11
512,78	1126,38
512,98	1222,64
513,18	1175,53
513,38	1183,73
513,58	1177,58
513,78	1234,93
513,98	1136,62
514,18	1191,92
514,38	1216,49
514,58	1210,35
514,78	1234,93
514,98	1128,43
515,18	1187,82
515,38	1216,49
515,58	1155,05
515,78	1110,00
515,98	1161,20
516,18	1191,92
516,38	1165,29
516,57	1200,11
516,77	1159,15
516,97	1200,11
517,17	1138,67
517,37	1155,05
517,57	1173,49
517,77	1071,09
517,97	1124,33
518,17	1083,38
518,37	1150,96
518,57	1196,01
518,77	1228,78
518,97	1206,25
519,16	1181,68
519,36	1236,97
519,56	1198,06
519,76	1159,15
519,96	1175,53
520,16	1198,06
520,36	1249,26
520,56	1239,02
520,76	1146,86
520,96	1196,01
521,16	1142,77
521,35	1204,21
521,55	1148,91
521,75	1183,73
521,95	1175,53
522,15	1239,02
522,35	1171,44
522,55	1116,14
522,75	1155,05
522,95	1191,92
523,14	1206,25
523,34	1105,90
523,54	1175,53
523,74	1130,48
523,94	1093,62
524,14	1179,63
524,34	1126,38
524,54	1161,20
524,73	1200,11
524,93	1177,58
525,13	1144,81
525,33	1185,77
525,53	1241,07
525,73	1157,10
525,93	1138,67
526,13	1173,49
526,32	1144,81
526,52	1210,35
526,72	1230,83
526,92	1155,05
527,12	1163,25
527,32	1130,48
527,52	1163,25
527,71	1161,20
527,91	1224,69
528,11	1132,53
528,31	1181,68
528,51	1173,49
528,71	1148,91
528,90	1193,97
529,10	1226,73
529,30	1130,48
529,50	1179,63
529,70	1112,05
529,90	1216,49
530,09	1150,96
530,29	1173,49
530,49	1124,33
530,69	1185,77
530,89	1218,54
531,09	1224,69
531,28	1200,11
531,48	1146,86
531,68	1126,38
531,88	1171,44
532,08	1245,16
532,28	1181,68
532,47	1216,49
532,67	1171,44
532,87	1191,92
533,07	1220,59
533,27	1167,34
533,46	1214,45
533,66	1138,67
533,86	1261,55
534,06	1200,11
534,26	1181,68
534,45	1150,96
534,65	1206,25
534,85	1218,54
535,05	1107,95
535,25	1146,86
535,44	1146,86
535,64	1163,25
535,84	1196,01
536,04	1110,00
536,24	1230,83
536,43	1112,05
536,63	1187,82
536,83	1206,25
537,03	1132,53
537,22	1198,06
537,42	1185,77
537,62	1159,15
537,82	1126,38
538,02	1220,59
538,21	1124,33
538,41	1167,34
538,61	1167,34
538,81	1179,63
539,00	1124,33
539,20	1110,00
539,40	1179,63
539,60	1175,53
539,79	1253,36
539,99	1136,62
540,19	1200,11
540,39	1159,15
540,58	1148,91
540,78	1232,88
540,98	1118,19
541,18	1196,01
541,37	1169,39
541,57	1206,25
541,77	1200,11
541,97	1146,86
542,16	1181,68
542,36	1169,39
542,56	1204,21
542,76	1126,38
542,95	1150,96
543,15	1155,05
543,35	1110,00
543,54	1097,71
543,74	1208,30
543,94	1212,40
544,14	1187,82
544,33	1191,92
544,53	1241,07
544,73	1163,25
544,93	1124,33
545,12	1181,68
545,32	1239,02
545,52	1177,58
545,71	1214,45
545,91	1153,01
546,11	1171,44
546,30	1228,78
546,50	1187,82
546,70	1161,20
546,90	1191,92
547,09	1171,44
547,29	1200,11
547,49	1142,77
547,68	1191,92
547,88	1189,87
548,08	1187,82
548,27	1230,83
548,47	1167,34
548,67	1146,86
548,87	1171,44
549,06	1249,26
549,26	1140,72
549,46	1099,76
549,65	1222,64
549,85	1249,26
550,05	1198,06
550,24	1202,16
550,44	1220,59
550,64	1171,44
550,83	1196,01
551,03	1181,68
551,23	1204,21
551,42	1175,53
551,62	1140,72
551,82	1105,90
552,01	1120,24
552,21	1148,91
552,41	1163,25
552,60	1118,19
552,80	1126,38
553,00	1175,53
553,19	1183,73
553,39	1140,72
553,59	1118,19
553,78	1130,48
553,98	1275,88
554,17	1202,16
554,37	1216,49
554,57	1144,81
554,76	1153,01
554,96	1202,16
555,16	1220,59
555,35	1183,73
555,55	1140,72
555,75	1157,10
555,94	1142,77
556,14	1118,19
556,33	1196,01
556,53	1103,86
556,73	1175,53
556,92	1169,39
557,12	1161,20
557,32	1153,01
557,51	1157,10
557,71	1220,59
557,90	1146,86
558,10	1155,05
558,30	1126,38
558,49	1175,53
558,69	1126,38
558,88	1232,88
559,08	1155,05
559,28	1155,05
559,47	1155,05
559,67	1155,05
559,86	1263,60
560,06	1220,59
560,26	1120,24
560,45	1220,59
560,65	1159,15
560,84	1144,81
561,04	1222,64
561,24	1247,21
561,43	1187,82
561,63	1191,92
561,82	1155,05
562,02	1171,44
562,22	1214,45
562,41	1189,87
562,61	1191,92
562,80	1138,67
563,00	1269,74
563,19	1222,64
563,39	1208,30
563,59	1122,29
563,78	1189,87
563,98	1189,87
564,17	1171,44
564,37	1187,82
564,56	1159,15
564,76	1148,91
564,96	1214,45
565,15	1191,92
565,35	1200,11
565,54	1136,62
565,74	1157,10
565,93	1183,73
566,13	1216,49
566,32	1122,29
566,52	1198,06
566,71	1142,77
566,91	1193,97
567,11	1200,11
567,30	1124,33
567,50	1105,90
567,69	1222,64
567,89	1177,58
568,08	1161,20
568,28	1153,01
568,47	1183,73
568,67	1187,82
568,86	1181,68
569,06	1204,21
569,25	1218,54
569,45	1134,57
569,64	1126,38
569,84	1155,05
570,04	1177,58
570,23	1206,25
570,43	1177,58
570,62	1173,49
570,82	1179,63
571,01	1144,81
571,21	1134,57
571,40	1187,82
571,60	1132,53
571,79	1224,69
571,99	1138,67
572,18	1185,77
572,38	1212,40
572,57	1177,58
572,77	1179,63
572,96	1191,92
573,16	1169,39
573,35	1222,64
573,55	1232,88
573,74	1173,49
573,94	1216,49
574,13	1087,47
574,33	1198,06
574,52	1212,40
574,71	1204,21
574,91	1208,30
575,10	1171,44
575,30	1155,05
575,49	1282,03
575,69	1189,87
575,88	1161,20
576,08	1234,93
576,27	1165,29
576,47	1189,87
576,66	1214,45
576,86	1163,25
577,05	1193,97
577,25	1161,20
577,44	1218,54
577,64	1132,53
577,83	1226,73
578,02	1228,78
578,22	1202,16
578,41	1193,97
578,61	1245,16
578,80	1196,01
579,00	1214,45
579,19	1224,69
579,39	1142,77
579,58	1230,83
579,77	1218,54
579,97	1122,29
580,16	1220,59
580,36	1155,05
580,55	1165,29
580,75	1220,59
580,94	1150,96
581,13	1183,73
581,33	1155,05
581,52	1179,63
581,72	1216,49
581,91	1161,20
582,11	1208,30
582,30	1134,57
582,49	1208,30
582,69	1165,29
582,88	1230,83
583,08	1243,12
583,27	1183,73
583,47	1202,16
583,66	1159,15
583,85	1110,00
584,05	1161,20
584,24	1169,39
584,44	1181,68
584,63	1144,81
584,82	1105,90
585,02	1114,10
585,21	1136,62
585,41	1214,45
585,60	1171,44
585,79	1126,38
585,99	1181,68
586,18	1228,78
586,37	1200,11
586,57	1187,82
586,76	1234,93
586,96	1185,77
587,15	1159,15
587,34	1163,25
587,54	1216,49
587,73	1130,48
587,93	1208,30
588,12	1249,26
588,31	1177,58
588,51	1236,97
588,70	1128,43
588,89	1222,64
589,09	1198,06
589,28	1193,97
589,47	1173,49
589,67	1075,18
589,86	1200,11
590,06	1097,71
590,25	1236,97
590,44	1132,53
590,64	1177,58
590,83	1216,49
591,02	1159,15
591,22	1159,15
591,41	1191,92
591,60	1130,48
591,80	1212,40
591,99	1155,05
592,18	1216,49
592,38	1163,25
592,57	1148,91
592,76	1222,64
592,96	1204,21
593,15	1116,14
593,34	1173,49
593,54	1101,81
593,73	1175,53
593,92	1183,73
594,12	1132,53
594,31	1179,63
594,50	1175,53
594,70	1138,67
594,89	1232,88
595,08	1144,81
595,28	1155,05
595,47	1150,96
595,66	1228,78
595,86	1204,21
596,05	1136,62
596,24	1218,54
596,43	1157,10
596,63	1298,41
596,82	1134,57
597,01	1173,49
597,21	1241,07
597,40	1249,26
597,59	1173,49
597,79	1173,49
597,98	1173,49
598,17	1128,43
598,36	1163,25
598,56	1202,16
598,75	1146,86
598,94	1255,40
599,14	1202,16
599,33	1150,96
599,52	1236,97
599,71	1140,72
599,91	1202,16
600,10	1196,01
600,29	1159,15
600,48	1095,66
600,68	1183,73
600,87	1159,15
601,06	1183,73
601,26	1206,25
601,45	1202,16
601,64	1144,81
601,83	1224,69
602,03	1171,44
602,22	1148,91
602,41	1173,49
602,60	1122,29
602,80	1187,82
602,99	1175,53
603,18	1267,69
603,37	1185,77
603,57	1204,21
603,76	1148,91
603,95	1155,05
604,14	1101,81
604,34	1214,45
604,53	1124,33
604,72	1208,30
604,91	1183,73
605,10	1150,96
605,30	1251,31
605,49	1224,69
605,68	1228,78
605,87	1224,69
606,07	1157,10
606,26	1185,77
606,45	1226,73
606,64	1210,35
606,84	1175,53
607,03	1165,29
607,22	1173,49
607,41	1210,35
607,60	1161,20
607,80	1191,92
607,99	1150,96
608,18	1198,06
608,37	1155,05
608,56	1185,77
608,76	1159,15
608,95	1128,43
609,14	1187,82
609,33	1193,97
609,52	1163,25
609,72	1208,30
609,91	1187,82
610,10	1144,81
610,29	1136,62
610,48	1204,21
610,68	1167,34
610,87	1120,24
611,06	1183,73
611,25	1169,39
611,44	1167,34
611,63	1200,11
611,83	1148,91
612,02	1116,14
612,21	1189,87
612,40	1173,49
612,59	1165,29
612,79	1146,86
612,98	1124,33
613,17	1146,86
613,36	1128,43
613,55	1208,30
613,74	1204,21
613,93	1196,01
614,13	1171,44
614,32	1239,02
614,51	1241,07
614,70	1138,67
614,89	1206,25
615,08	1224,69
615,28	1269,74
615,47	1243,12
615,66	1191,92
615,85	1179,63
616,04	1187,82
616,23	1093,62
616,42	1204,21
616,62	1220,59
616,81	1134,57
617,00	1118,19
617,19	1202,16
617,38	1181,68
617,57	1200,11
617,76	1187,82
617,95	1191,92
618,15	1236,97
618,34	1175,53
618,53	1200,11
618,72	1165,29
618,91	1193,97
619,10	1155,05
619,29	1150,96
619,48	1236,97
619,68	1200,11
619,87	1140,72
620,06	1150,96
620,25	1210,35
620,44	1185,77
620,63	1161,20
620,82	1253,36
621,01	1212,40
621,20	1206,25
621,39	1212,40
621,59	1214,45
621,78	1200,11
621,97	1161,20
622,16	1265,64
622,35	1171,44
622,54	1124,33
622,73	1210,35
622,92	1191,92
623,11	1210,35
623,30	1157,10
623,49	1130,48
623,68	1161,20
623,88	1177,58
624,07	1210,35
624,26	1187,82
624,45	1245,16
624,64	1245,16
624,83	1155,05
625,02	1208,30
625,21	1196,01
625,40	1193,97
625,59	1161,20
625,78	1155,05
625,97	1114,10
626,16	1110,00
626,35	1179,63
626,54	1146,86
626,74	1204,21
626,93	1140,72
627,12	1187,82
627,31	1124,33
627,50	1167,34
627,69	1161,20
627,88	1155,05
628,07	1214,45
628,26	1218,54
628,45	1253,36
628,64	1224,69
628,83	1273,84
629,02	1193,97
629,21	1191,92
629,40	1206,25
629,59	1210,35
629,78	1206,25
629,97	1138,67
630,16	1218,54
630,35	1241,07
630,54	1226,73
630,73	1282,03
630,92	1161,20
631,11	1185,77
631,30	1232,88
631,49	1480,68
631,68	1720,29
631,87	3454,92
632,06	12683,07
632,25	36789,71
632,44	49077,52
632,63	50324,74
632,82	31071,78
633,01	16262,92
633,20	4775,86
633,39	4966,32
633,58	2410,46
633,77	2039,78
633,96	1671,14
634,15	1486,83
634,34	1462,25
634,53	1519,59
634,72	1503,21
634,91	1386,47
635,10	1378,28
635,29	1224,69
635,48	1259,50
635,67	1226,73
635,86	1277,93
636,05	1265,64
636,24	1091,57
636,43	1179,63
636,62	1120,24
636,81	1198,06
637,00	1163,25
637,19	1198,06
637,38	1220,59
637,57	1140,72
637,76	1148,91
637,95	1181,68
638,14	1245,16
638,33	1196,01
638,52	1126,38
638,71	1196,01
638,89	1183,73
639,08	1138,67
639,27	1185,77
639,46	1144,81
639,65	1150,96
639,84	1142,77
640,03	1216,49
640,22	1214,45
640,41	1179,63
640,60	1130,48
640,79	1183,73
640,98	1183,73
641,17	1183,73
641,36	1198,06
641,55	1208,30
641,74	1128,43
641,92	1208,30
642,11	1224,69
642,30	1189,87
642,49	1218,54
642,68	1187,82
642,87	1222,64
643,06	1155,05
643,25	1161,20
643,44	1206,25
643,63	1179,63
643,82	1138,67
644,00	1183,73
644,19	1196,01
644,38	1236,97
644,57	1114,10
644,76	1132,53
644,95	1148,91
645,14	1212,40
645,33	1212,40
645,52	1138,67
645,71	1191,92
645,89	1181,68
646,08	1122,29
646,27	1185,77
646,46	1165,29
646,65	1171,44
646,84	1196,01
647,03	1159,15
647,22	1206,25
647,40	1171,44
647,59	1128,43
647,78	1210,35
647,97	1155,05
648,16	1173,49
648,35	1138,67
648,54	1187,82
648,73	1183,73
648,91	1191,92
649,10	1167,34
649,29	1220,59
649,48	1159,15
649,67	1232,88
649,86	1200,11
650,05	1169,39
650,23	1179,63
650,42	1142,77
650,61	1226,73
650,80	1163,25
650,99	1116,14
651,18	1128,43
651,36	1159,15
651,55	1204,21
651,74	1134,57
651,93	1193,97
652,12	1206,25
652,31	1159,15
652,49	1124,33
652,68	1200,11
652,87	1214,45
653,06	1214,45
653,25	1177,58
653,44	1116,14
653,62	1173,49
653,81	1148,91
654,00	1163,25
654,19	1155,05
654,38	1212,40
654,56	1163,25
654,75	1146,86
654,94	1179,63
655,13	1202,16
655,32	1138,67
655,51	1202,16
655,69	1163,25
655,88	1245,16
656,07	1226,73
656,26	1132,53
656,45	1171,44
656,63	1232,88
656,82	1181,68
657,01	1191,92
657,20	1179,63
657,38	1208,30
657,57	1245,16
657,76	1148,91
657,95	1208,30
658,14	1183,73
658,32	1181,68
658,51	1136,62
658,70	1144,81
658,89	1200,11
659,08	1191,92
659,26	1159,15
659,45	1222,64
659,64	1175,53
659,83	1218,54
660,01	1175,53
660,20	1212,40
660,39	1142,77
660,58	1245,16
660,76	1232,88
660,95	1247,21
661,14	1167,34
661,33	1159,15
661,51	1181,68
661,70	1138,67
661,89	1189,87
662,08	1177,58
662,26	1179,63
662,45	1155,05
662,64	1185,77
662,83	1155,05
663,01	1189,87
663,20	1150,96
663,39	1138,67
663,58	1138,67
663,76	1220,59
663,95	1171,44
664,14	1091,57
664,32	1187,82
664,51	1126,38
664,70	1144,81
664,89	1230,83
665,07	1183,73
665,26	1247,21
665,45	1138,67
665,64	1210,35
665,82	1114,10
666,01	1165,29
666,20	1222,64
666,38	1249,26
666,57	1179,63
666,76	1200,11
666,95	1169,39
667,13	1288,17
667,32	1177,58
667,51	1202,16
667,69	1228,78
667,88	1234,93
668,07	1232,88
668,25	1169,39
668,44	1165,29
668,63	1193,97
668,81	1253,36
669,00	1116,14
669,19	1175,53
669,38	1171,44
669,56	1200,11
669,75	1198,06
669,94	1173,49
670,12	1163,25
670,31	1208,30
670,50	1163,25
670,68	1124,33
670,87	1206,25
671,06	1124,33
671,24	1146,86
671,43	1214,45
671,62	1161,20
671,80	1150,96
671,99	1183,73
672,18	1157,10
672,36	1198,06
672,55	1138,67
672,74	1179,63
672,92	1204,21
673,11	1196,01
673,29	1153,01
673,48	1187,82
673,67	1144,81
673,85	1206,25
674,04	1167,34
674,23	1142,77
674,41	1232,88
674,60	1189,87
674,79	1234,93
674,97	1167,34
675,16	1150,96
675,34	1288,17
675,53	1210,35
675,72	1175,53
675,90	1185,77
676,09	1155,05
676,28	1196,01
676,46	1189,87
676,65	1232,88
676,83	1181,68
677,02	1175,53
677,21	1091,57
677,39	1226,73
677,58	1220,59
677,77	1179,63
677,95	1222,64
678,14	1107,95
678,32	1196,01
678,51	1103,86
678,70	1206,25
678,88	1290,22
679,07	1251,31
679,25	1187,82
679,44	1212,40
679,63	1079,28
679,81	1114,10
680,00	1193,97
680,18	1114,10
680,37	1202,16
680,55	1140,72
680,74	1112,05
680,93	1083,38
681,11	1183,73
681,30	1148,91
681,48	1132,53
681,67	1146,86
681,85	1187,82
682,04	1112,05
682,23	1155,05
682,41	1163,25
682,60	1236,97
682,78	1196,01
682,97	1179,63
683,15	1230,83
683,34	1218,54
683,53	1329,13
683,71	1142,77
683,90	1181,68
684,08	1185,77
684,27	1191,92
684,45	1185,77
684,64	1157,10
684,82	1185,77
685,01	1249,26
685,19	1183,73
685,38	1187,82
685,57	1175,53
685,75	1222,64
685,94	1191,92
686,12	1167,34
686,31	1191,92
686,49	1155,05
686,68	1239,02
686,86	1189,87
687,05	1116,14
687,23	1193,97
687,42	1206,25
687,60	1200,11
687,79	1198,06
687,97	1196,01
688,16	1255,40
688,34	1150,96
688,53	1200,11
688,71	1222,64
688,90	1163,25
689,08	1177,58
689,27	1191,92
689,45	1187,82
689,64	1136,62
689,82	1175,53
690,01	1220,59
690,19	1241,07
690,38	1157,10
690,56	1155,05
690,75	1202,16
690,93	1173,49
691,12	1105,90
691,30	1245,16
691,49	1175,53
691,67	1200,11
691,86	1183,73
692,04	1171,44
692,23	1269,74
692,41	1210,35
692,60	1140,72
692,78	1140,72
692,97	1214,45
693,15	1159,15
693,34	1175,53
693,52	1175,53
693,71	1202,16
693,89	1181,68
694,08	1243,12
694,26	1222,64
694,44	1144,81
694,63	1173,49
694,81	1150,96
695,00	1159,15
695,18	1142,77
695,37	1144,81
695,55	1177,58
695,74	1222,64
695,92	1230,83
696,10	1198,06
696,29	1230,83
696,47	1189,87
696,66	1132,53
696,84	1204,21
697,03	1185,77
697,21	1132,53
697,40	1181,68
697,58	1208,30
697,76	1138,67
697,95	1142,77
698,13	1208,30
698,32	1173,49
698,50	1157,10
698,68	1138,67
698,87	1196,01
699,05	1204,21
699,24	1181,68
699,42	1167,34
699,61	1114,10
699,79	1179,63
699,97	1134,57
700,16	1228,78
700,34	1153,01
700,53	1241,07
700,71	1183,73
700,89	1214,45
701,08	1200,11
701,26	1175,53
701,45	1208,30
701,63	1148,91
701,81	1187,82
702,00	1159,15
702,18	1171,44
702,37	1234,93
702,55	1247,21
702,73	1175,53
702,92	1167,34
703,10	1153,01
703,28	1169,39
703,47	1161,20
703,65	1179,63
703,84	1226,73
704,02	1200,11
704,20	1222,64
704,39	1163,25
704,57	1150,96
704,75	1212,40
704,94	1142,77
705,12	1214,45
705,30	1198,06
705,49	1214,45
705,67	1069,04
705,86	1204,21
706,04	1163,25
706,22	1159,15
706,41	1118,19
706,59	1155,05
706,77	1249,26
706,96	1206,25
707,14	1187,82
707,32	1130,48
707,51	1116,14
707,69	1163,25
707,87	1124,33
708,06	1206,25
708,24	1198,06
708,42	1181,68
708,61	1222,64
708,79	1083,38
708,97	1140,72
709,16	1118,19
709,34	1173,49
709,52	1148,91
709,71	1200,11
709,89	1173,49
710,07	1196,01
710,26	1187,82
710,44	1236,97
710,62	1130,48
710,80	1167,34
710,99	1153,01
711,17	1261,55
711,35	1116,14
711,54	1165,29
711,72	1232,88
711,90	1171,44
712,09	1087,47
712,27	1189,87
712,45	1193,97
712,63	1138,67
712,82	1157,10
713,00	1183,73
713,18	1155,05
713,37	1177,58
713,55	1226,73
713,73	1118,19
713,91	1173,49
714,10	1105,90
714,28	1191,92
714,46	1144,81
714,65	1210,35
714,83	1222,64
715,01	1224,69
715,19	1165,29
715,38	1208,30
715,56	1196,01
715,74	1110,00
715,92	1126,38
716,11	1159,15
716,29	1208,30
716,47	1259,50
716,65	1214,45
716,84	1175,53
717,02	1212,40
717,20	1179,63
717,38	1167,34
717,57	1167,34
717,75	1153,01
717,93	1202,16
718,11	1236,97
718,30	1126,38
718,48	1157,10
718,66	1191,92
718,84	1193,97
719,03	1173,49
719,21	1153,01
719,39	1155,05
719,57	1118,19
719,75	1210,35
719,94	1189,87
720,12	1169,39
720,30	1165,29
720,48	1159,15
720,67	1073,14
720,85	1208,30
721,03	1196,01
721,21	1153,01
721,39	1153,01
721,58	1234,93
721,76	1157,10
721,94	1230,83
722,12	1169,39
722,30	1239,02
722,49	1150,96
722,67	1097,71
722,85	1210,35
723,03	1128,43
723,21	1138,67
723,40	1198,06
723,58	1155,05
723,76	1146,86
723,94	1228,78
724,12	1177,58
724,30	1200,11
724,49	1126,38
724,67	1243,12
724,85	1208,30
725,03	1220,59
725,21	1177,58
725,40	1232,88
725,58	1167,34
725,76	1097,71
725,94	1120,24
726,12	1159,15
726,30	1175,53
726,49	1212,40
726,67	1122,29
726,85	1148,91
727,03	1128,43
727,21	1208,30
727,39	1138,67
727,57	1093,62
727,76	1198,06
727,94	1165,29
728,12	1136,62
728,30	1241,07
728,48	1169,39
728,66	1134,57
728,84	1146,86
729,03	1157,10
729,21	1216,49
729,39	1150,96
729,57	1208,30
729,75	1167,34
729,93	1159,15
730,11	1245,16
730,30	1208,30
730,48	1204,21
730,66	1142,77
730,84	1193,97
731,02	1214,45
731,20	1169,39
731,38	1177,58
731,56	1187,82
731,74	1155,05
731,93	1165,29
732,11	1112,05
732,29	1224,69
732,47	1183,73
732,65	1144,81
732,83	1146,86
733,01	1224,69
733,19	1175,53
733,37	1107,95
733,56	1191,92
733,74	1173,49
733,92	1165,29
734,10	1091,57
734,28	1157,10
734,46	1167,34
734,64	1189,87
734,82	1183,73
735,00	1148,91
735,18	1138,67
735,36	1200,11
735,54	1165,29
735,73	1157,10
735,91	1159,15
736,09	1157,10
736,27	1191,92
736,45	1177,58
736,63	1175,53
736,81	1175,53
736,99	1171,44
737,17	1165,29
737,35	1179,63
737,53	1159,15
737,71	1120,24
737,89	1175,53
738,07	1191,92
738,25	1175,53
738,43	1189,87
738,61	1220,59
738,80	1208,30
738,98	1232,88
739,16	1132,53
739,34	1163,25
739,52	1155,05
739,70	1169,39
739,88	1171,44
740,06	1153,01
740,24	1138,67
740,42	1095,66
740,60	1181,68
740,78	1206,25
740,96	1210,35
741,14	1175,53
741,32	1222,64
741,50	1060,85
741,68	1187,82
741,86	1177,58
742,04	1189,87
742,22	1175,53
742,40	1220,59
742,58	1226,73
742,76	1155,05
742,94	1167,34
743,12	1218,54
743,30	1148,91
743,48	1220,59
743,66	1130,48
743,84	1210,35
744,02	1142,77
744,20	1136,62
744,38	1214,45
744,56	1155,05
744,74	1136,62
744,92	1101,81
745,10	1144,81
745,28	1187,82
745,46	1200,11
745,64	1187,82
745,82	1148,91
746,00	1167,34
746,18	1222,64
746,36	1169,39
746,54	1212,40
746,72	1132,53
746,90	1140,72
747,08	1169,39
747,26	1183,73
747,44	1222,64
747,62	1150,96
747,80	1220,59
747,98	1214,45
748,15	1230,83
748,33	1132,53
748,51	1159,15
748,69	1204,21
748,87	1222,64
749,05	1146,86
749,23	1216,49
749,41	1226,73
749,59	1222,64
749,77	1204,21
749,95	1185,77
750,13	1202,16
750,31	1159,15
750,49	1212,40
750,67	1198,06
750,85	1159,15
751,03	1124,33
751,20	1130,48
751,38	1224,69
751,56	1150,96
751,74	1179,63
751,92	1120,24
752,10	1171,44
752,28	1128,43
752,46	1165,29
752,64	1177,58
752,82	1169,39
753,00	1224,69
753,18	1144,81
753,35	1265,64
753,53	1204,21
753,71	1165,29
753,89	1161,20
754,07	1110,00
754,25	1169,39
754,43	1189,87
754,61	1165,29
754,79	1142,77
754,97	1214,45
755,14	1132,53
755,32	1189,87
755,50	1204,21
755,68	1122,29
755,86	1144,81
756,04	1159,15
756,22	1134,57
756,40	1228,78
756,57	1196,01
756,75	1171,44
756,93	1155,05
757,11	1179,63
757,29	1120,24
757,47	1200,11
757,65	1212,40
757,82	1157,10
758,00	1177,58
758,18	1193,97
758,36	1155,05
758,54	1265,64
758,72	1140,72
758,90	1212,40
759,07	1148,91
759,25	1200,11
759,43	1153,01
759,61	1161,20
759,79	1189,87
759,97	1193,97
760,15	1224,69
760,32	1224,69
760,50	1126,38
760,68	1161,20
760,86	1175,53
761,04	1187,82
761,22	1138,67
761,39	1200,11
761,57	1193,97
761,75	1222,64
761,93	1275,88
762,11	1232,88
762,28	1114,10
762,46	1157,10
762,64	1187,82
762,82	1136,62
763,00	1181,68
763,18	1239,02
763,35	1163,25
763,53	1177,58
763,71	1148,91
763,89	1265,64
764,07	1202,16
764,24	1179,63
764,42	1212,40
764,60	1150,96
764,78	1157,10
764,96	1210,35
765,13	1183,73
765,31	1179,63
765,49	1191,92
765,67	1185,77
765,84	1165,29
766,02	1167,34
766,20	1173,49
766,38	1148,91
766,56	1198,06
766,73	1171,44
766,91	1138,67
767,09	1210,35
767,27	1232,88
767,44	1177,58
767,62	1112,05
767,80	1239,02
767,98	1114,10
768,15	1220,59
768,33	1150,96
768,51	1122,29
768,69	1087,47
768,87	1173,49
769,04	1251,31
769,22	1191,92
769,40	1191,92
769,58	1218,54
769,75	1132,53
769,93	1239,02
770,11	1187,82
770,28	1175,53
770,46	1204,21
770,64	1165,29
770,82	1228,78
770,99	1206,25
771,17	1247,21
771,35	1148,91
771,53	1118,19
771,70	1183,73
771,88	1150,96
772,06	1204,21
772,23	1136,62
772,41	1155,05
772,59	1202,16
772,77	1212,40
772,94	1116,14
773,12	1191,92
773,30	1236,97
773,47	1200,11
773,65	1159,15
773,83	1142,77
774,01	1191,92
774,18	1183,73
774,36	1153,01
774,54	1150,96
774,71	1206,25
774,89	1175,53
775,07	1142,77
775,24	1163,25
775,42	1175,53
775,60	1183,73
775,78	1171,44
775,95	1110,00
776,13	1130,48
776,31	1099,76
776,48	1261,55
776,66	1216,49
776,84	1140,72
777,01	1142,77
777,19	1218,54
777,37	1228,78
777,54	1185,77
777,72	1202,16
777,90	1161,20
778,07	1181,68
778,25	1142,77
778,43	1167,34
778,60	1243,12
778,78	1204,21
778,96	1171,44
779,13	1185,77
779,31	1169,39
779,49	1228,78
779,66	1175,53
779,84	1171,44
780,01	1257,45
780,19	1245,16
780,37	1118,19
780,54	1232,88
780,72	1189,87
780,90	1167,34
781,07	1118,19
781,25	1142,77
781,43	1163,25
781,60	1214,45
781,78	1175,53
781,95	1228,78
782,13	1183,73
782,31	1167,34
782,48	1214,45
782,66	1249,26
782,83	1241,07
783,01	1179,63
783,19	1153,01
783,36	1224,69
783,54	1171,44
783,72	1247,21
783,89	1163,25
784,07	1216,49
784,24	1146,86
784,42	1206,25
784,60	1140,72
784,77	1185,77
784,95	1216,49
785,12	1204,21
785,30	1157,10
785,47	1222,64
785,65	1146,86
785,83	1087,47
786,00	1163,25
786,18	1204,21
786,35	1224,69
786,53	1155,05
786,71	1181,68
786,88	1183,73
787,06	1157,10
787,23	1183,73
787,41	1155,05
787,58	1179,63
787,76	1183,73
787,94	1171,44
788,11	1216,49
788,29	1214,45
788,46	1179,63
788,64	1132,53
788,81	1163,25
788,99	1163,25
789,16	1144,81
789,34	1198,06
789,52	1118,19
789,69	1251,31
789,87	1251,31
790,04	1236,97
790,22	1107,95
790,39	1173,49
790,57	1099,76
790,74	1157,10
790,92	1183,73
791,09	1159,15
791,27	1185,77
791,44	1157,10
791,62	1208,30
791,79	1144,81
791,97	1177,58
792,15	1261,55
792,32	1226,73
792,50	1224,69
792,67	1183,73
792,85	1124,33
793,02	1200,11
793,20	1167,34
793,37	1200,11
793,55	1167,34
793,72	1243,12
793,90	1198,06
794,07	1165,29
794,25	1144,81
794,42	1165,29
794,60	1175,53
794,77	1222,64
794,95	1124,33
795,12	1234,93
795,30	1255,40
795,47	1132,53
795,65	1118,19
795,82	1208,30
796,00	1222,64
796,17	1153,01
796,34	1146,86
796,52	1085,42
796,69	1181,68
796,87	1206,25
797,04	1202,16
797,22	1189,87
797,39	1193,97
797,57	1189,87
797,74	1177,58
797,92	1167,34
798,09	1163,25
798,27	1130,48
798,44	1153,01
798,62	1191,92
798,79	1175,53
798,96	1153,01
799,14	1183,73
799,31	1214,45
799,49	1196,01
799,66	1206,25
799,84	1247,21
800,01	1150,96
800,19	1134,57
800,36	1191,92
800,53	1204,21
800,71	1210,35
800,88	1218,54
801,06	1185,77
801,23	1177,58
801,41	1079,28
801,58	1150,96
801,75	1138,67
801,93	1200,11
802,10	1155,05
802,28	1148,91
802,45	1191,92
802,63	1161,20
802,80	1144,81
802,97	1208,30
803,15	1138,67
803,32	1175,53
803,50	1171,44
803,67	1214,45
803,84	1153,01
804,02	1177,58
804,19	1134,57
804,37	1189,87
804,54	1189,87
804,71	1175,53
804,89	1206,25
805,06	1200,11
805,24	1146,86
805,41	1153,01
805,58	1153,01
805,76	1114,10
805,93	1159,15
806,10	1165,29
806,28	1163,25
806,45	1167,34
806,63	1173,49
806,80	1110,00
806,97	1165,29
807,15	1239,02
807,32	1181,68
807,49	1155,05
807,67	1140,72
807,84	1200,11
808,01	1171,44
808,19	1196,01
808,36	1167,34
808,54	1224,69
808,71	1230,83
808,88	1107,95
809,06	1234,93
809,23	1230,83
809,40	1249,26
809,58	1159,15
809,75	1218,54
809,92	1177,58
810,10	1191,92
810,27	1128,43
810,44	1103,86
810,62	1124,33
810,79	1198,06
810,96	1165,29
811,14	1134,57
811,31	1177,58
811,48	1257,45
811,66	1243,12
811,83	1155,05
812,00	1198,06
812,18	1224,69
812,35	1208,30
812,52	1171,44
812,69	1175,53
812,87	1208,30
813,04	1157,10
813,21	1222,64
813,39	1161,20
813,56	1204,21
813,73	1196,01
813,91	1153,01
814,08	1142,77
814,25	1120,24
814,42	1099,76
814,60	1142,77
814,77	1146,86
814,94	1161,20
815,12	1220,59
815,29	1159,15
815,46	1206,25
815,63	1155,05
815,81	1234,93
815,98	1148,91
816,15	1206,25
816,33	1216,49
816,50	1187,82
816,67	1165,29
816,84	1181,68
817,02	1204,21
817,19	1159,15
817,36	1140,72
817,53	1191,92
817,71	1177,58
817,88	1093,62
818,05	1165,29
818,22	1216,49
818,40	1169,39
818,57	1171,44
818,74	1236,97
818,91	1198,06
819,09	1185,77
819,26	1204,21
819,43	1140,72
819,60	1187,82
819,78	1134,57
819,95	1161,20
820,12	1138,67
820,29	1150,96
820,47	1159,15
820,64	1183,73
820,81	1208,30
820,98	1181,68
821,15	1177,58
821,33	1177,58
821,50	1142,77
821,67	1193,97
821,84	1200,11
822,02	1200,11
822,19	1183,73
822,36	1200,11
822,53	1247,21
822,70	1200,11
822,88	1148,91
823,05	1132,53
823,22	1167,34
823,39	1157,10
823,56	1134,57
823,74	1132,53
823,91	1165,29
824,08	1200,11
824,25	1079,28
824,42	1173,49
824,60	1118,19
824,77	1191,92
824,94	1153,01
825,11	1202,16
825,28	1099,76
825,45	1226,73
825,63	1140,72
825,80	1173,49
825,97	1185,77
826,14	1165,29
826,31	1218,54
826,48	1171,44
826,66	1234,93
826,83	1179,63
827,00	1134,57
827,17	1171,44
827,34	1224,69
827,51	1173,49
827,69	1148,91
827,86	1189,87
828,03	1146,86
828,20	1177,58
828,37	1159,15
828,54	1101,81
828,71	1163,25
828,89	1210,35
829,06	1206,25
829,23	1165,29
829,40	1196,01
829,57	1198,06
829,74	1183,73
829,91	1140,72
830,09	1148,91
830,26	1230,83
830,43	1226,73
830,60	1206,25
830,77	1138,67
830,94	1226,73
831,11	1148,91
831,28	1191,92
831,46	1181,68
831,63	1247,21
831,80	1122,29
831,97	1165,29
832,14	1228,78
832,31	1171,44
832,48	1185,77
832,65	1204,21
832,82	1241,07
832,99	1144,81
833,17	1144,81
833,34	1150,96
833,51	1161,20
833,68	1112,05
833,85	1124,33
834,02	1183,73
834,19	1196,01
834,36	1128,43
834,53	1159,15
834,70	1138,67
834,87	1116,14
835,04	1226,73
835,22	1196,01
835,39	1150,96
835,56	1128,43
835,73	1130,48
835,90	1171,44
836,07	1146,86
836,24	1183,73
836,41	1200,11
836,58	1159,15
836,75	1155,05
836,92	1105,90
837,09	1196,01
837,26	1224,69
837,43	1179,63
837,60	1212,40
837,77	1208,30
837,94	1155,05
838,12	1165,29
838,29	1175,53
838,46	1208,30
838,63	1187,82
838,80	1167,34
838,97	1206,25
839,14	1183,73
839,31	1253,36
839,48	1216,49
839,65	1114,10
839,82	1167,34
839,99	1153,01
840,16	1148,91
840,33	1193,97
840,50	1142,77
840,67	1120,24
840,84	1187,82
841,01	1130,48
841,18	1191,92
841,35	1138,67
841,52	1214,45
841,69	1196,01
841,86	1198,06
842,03	1183,73
842,20	1271,79
842,37	1214,45
842,54	1214,45
842,71	1124,33
842,88	1193,97
843,05	1200,11
843,22	1189,87
843,39	1185,77
843,56	1132,53
843,73	1126,38
843,90	1249,26
844,07	1183,73
844,24	1124,33
844,41	1114,10
844,58	1126,38
844,75	1142,77
844,92	1136,62
845,09	1196,01
845,26	1130,48
845,43	1183,73
845,60	1159,15
845,77	1236,97
845,94	1171,44
846,10	1159,15
846,27	1134,57
846,44	1159,15
846,61	1128,43
846,78	1118,19
846,95	1058,80
847,12	1144,81
847,29	1191,92
847,46	1136,62
847,63	1159,15
847,80	1138,67
847,97	1198,06
848,14	1138,67
848,31	1167,34
848,48	1175,53
848,65	1226,73
848,82	1167,34
848,98	1212,40
849,15	1138,67
849,32	1181,68
849,49	1216,49
849,66	1210,35
849,83	1212,40
850,00	1218,54
850,17	1196,01
850,34	1107,95
850,51	1171,44
850,68	1181,68
850,85	1222,64
851,01	1259,50
851,18	1175,53
851,35	1116,14
851,52	1167,34
851,69	1232,88
851,86	1187,82
852,03	1183,73
852,20	1130,48
852,37	1134,57
852,53	1128,43
852,70	1148,91
852,87	1183,73
853,04	1142,77
853,21	1171,44
853,38	1208,30
853,55	1157,10
853,72	1179,63
853,89	1206,25
854,05	1142,77
854,22	1189,87
854,39	1185,77
854,56	1157,10
854,73	1230,83
854,90	1165,29
855,07	1163,25
855,23	1099,76
855,40	1155,05
855,57	1210,35
855,74	1220,59
855,91	1146,86
856,08	1163,25
856,25	1157,10
856,41	1224,69
856,58	1191,92
856,75	1206,25
856,92	1191,92
857,09	1171,44
857,26	1144,81
857,42	1200,11
857,59	1165,29
857,76	1171,44
857,93	1163,25
858,10	1183,73
858,27	1191,92
858,43	1224,69
858,60	1245,16
858,77	1202,16
858,94	1181,68
859,11	1216,49
859,27	1198,06
859,44	1198,06
859,61	1116,14
859,78	1144,81
859,95	1146,86
860,12	1173,49
860,28	1150,96
860,45	1183,73
860,62	1204,21
860,79	1146,86
860,95	1247,21
861,12	1191,92
861,29	1177,58
861,46	1124,33
861,63	1171,44
861,79	1220,59
861,96	1185,77
862,13	1271,79
862,30	1206,25
862,47	1163,25
862,63	1208,30
862,80	1177,58
862,97	1228,78
863,14	1218,54
863,30	1146,86
863,47	1171,44
863,64	1110,00
863,81	1214,45
863,97	1212,40
864,14	1165,29
864,31	1202,16
864,48	1126,38
864,65	1124,33
864,81	1265,64
864,98	1165,29
865,15	1118,19
865,32	1198,06
865,48	1085,42
865,65	1155,05
865,82	1155,05
865,98	1093,62
866,15	1224,69
866,32	1159,15
866,49	1224,69
866,65	1206,25
866,82	1253,36
866,99	1179,63
867,16	1144,81
867,32	1177,58
867,49	1165,29
867,66	1224,69
867,83	1232,88
867,99	1110,00
868,16	1210,35
868,33	1183,73
868,49	1222,64
868,66	1191,92
868,83	1187,82
868,99	1146,86
869,16	1189,87
869,33	1163,25
869,50	1175,53
869,66	1171,44
869,83	1148,91
870,00	1198,06
870,16	1179,63
870,33	1173,49
870,50	1148,91
870,66	1097,71
870,83	1165,29
871,00	1118,19
871,17	1183,73
871,33	1206,25
871,50	1167,34
871,67	1236,97
871,83	1251,31
872,00	1126,38
872,17	1189,87
872,33	1187,82
872,50	1200,11
872,67	1208,30
872,83	1183,73
873,00	1148,91
873,17	1216,49
873,33	1175,53
873,50	1155,05
873,67	1177,58
873,83	1159,15
874,00	1140,72
874,16	1222,64
874,33	1183,73
874,50	1155,05
874,66	1150,96
874,83	1173,49
875,00	1208,30
875,16	1142,77
875,33	1179,63
875,50	1173,49
875,66	1208,30
875,83	1138,67
875,99	1206,25
876,16	1157,10
876,33	1159,15
876,49	1091,57
876,66	1171,44
876,83	1144,81
876,99	1157,10
877,16	1200,11
877,32	1173,49
877,49	1212,40
877,66	1177,58
877,82	1124,33
877,99	1165,29
878,15	1236,97
878,32	1212,40
878,49	1196,01
878,65	1138,67
878,82	1132,53
878,98	1216,49
879,15	1208,30
879,32	1236,97
879,48	1230,83
879,65	1204,21
879,81	1200,11
879,98	1159,15
880,15	1200,11
880,31	1163,25
880,48	1173,49
880,64	1208,30
880,81	1138,67
880,97	1142,77
881,14	1177,58
881,31	1196,01
881,47	1175,53
881,64	1116,14
881,80	1134,57
881,97	1140,72
882,13	1187,82
882,30	1171,44
882,47	1245,16
882,63	1206,25
882,80	1220,59
882,96	1198,06
883,13	1150,96
883,29	1130,48
883,46	1216,49
883,62	1130,48
883,79	1191,92
883,95	1155,05
884,12	1279,98
884,29	1208,30
884,45	1200,11
884,62	1206,25
884,78	1204,21
884,95	1187,82
885,11	1169,39
885,28	1185,77
885,44	1134,57
885,61	1171,44
885,77	1161,20
885,94	1165,29
886,10	1118,19
886,27	1253,36
886,43	1202,16
886,60	1226,73
886,76	1224,69
886,93	1163,25
887,09	1150,96
887,26	1171,44
887,42	1159,15
887,59	1136,62
887,75	1146,86
887,92	1216,49
888,08	1196,01
888,25	1146,86
888,41	1183,73
888,58	1183,73
888,74	1153,01
888,91	1110,00
