177,47	1169,39
177,69	1169,39
177,91	1169,39
178,13	1189,87
178,36	1116,14
178,58	1185,77
178,80	1101,81
179,02	1157,10
179,24	1187,82
179,46	1171,44
179,68	1110,00
179,90	1220,59
180,13	1193,97
180,35	1212,40
180,57	1155,05
180,79	1132,53
181,01	1148,91
181,23	1148,91
181,45	1226,73
181,67	1159,15
181,90	1179,63
182,12	1148,91
182,34	1212,40
182,56	1153,01
182,78	1181,68
183,00	1177,58
183,22	1189,87
183,44	1212,40
183,66	1173,49
183,89	1175,53
184,11	1177,58
184,33	1157,10
184,55	1216,49
184,77	1136,62
184,99	1103,86
185,21	1116,14
185,43	1206,25
185,65	1124,33
185,87	1136,62
186,10	1216,49
186,32	1163,25
186,54	1173,49
186,76	1200,11
186,98	1200,11
187,20	1236,97
187,42	1103,86
187,64	1159,15
187,86	1255,40
188,08	1140,72
188,30	1236,97
188,52	1175,53
188,75	1165,29
188,97	1214,45
189,19	1177,58
189,41	1187,82
189,63	1136,62
189,85	1216,49
190,07	1157,10
190,29	1204,21
190,51	1138,67
190,73	1196,01
190,95	1165,29
191,17	1204,21
191,39	1159,15
191,61	1165,29
191,84	1253,36
192,06	1173,49
192,28	1122,29
192,50	1193,97
192,72	1220,59
192,94	1191,92
193,16	1157,10
193,38	1185,77
193,60	1222,64
193,82	1218,54
194,04	1181,68
194,26	1140,72
194,48	1196,01
194,70	1200,11
194,92	1159,15
195,14	1118,19
195,36	1193,97
195,58	1165,29
195,80	1153,01
196,02	1177,58
196,24	1185,77
196,46	1116,14
196,69	1214,45
196,91	1196,01
197,13	1175,53
197,35	1187,82
197,57	1183,73
197,79	1140,72
198,01	1210,35
198,23	1189,87
198,45	1200,11
198,67	1134,57
198,89	1167,34
199,11	1114,10
199,33	1161,20
199,55	1107,95
199,77	1177,58
199,99	1196,01
200,21	1159,15
200,43	1159,15
200,65	1134,57
200,87	1239,02
201,09	1134,57
201,31	1222,64
201,53	1206,25
201,75	1214,45
201,97	1253,36
202,19	1210,35
202,41	1150,96
202,63	1177,58
202,85	1159,15
203,07	1212,40
203,29	1126,38
203,51	1183,73
203,73	1181,68
203,95	1232,88
204,17	1175,53
204,39	1179,63
204,61	1179,63
204,83	1146,86
205,05	1191,92
205,27	1157,10
205,49	1071,09
205,71	1202,16
205,93	1140,72
206,15	1161,20
206,37	1153,01
206,59	1177,58
206,81	1204,21
207,03	1265,64
207,25	1138,67
207,47	1255,40
207,69	1204,21
207,91	1187,82
208,13	1157,10
208,34	1216,49
208,56	1163,25
208,78	1148,91
209,00	1157,10
209,22	1210,35
209,44	1064,94
209,66	1181,68
209,88	1146,86
210,10	1165,29
210,32	1161,20
210,54	1204,21
210,76	1142,77
210,98	1204,21
211,20	1134,57
211,42	1196,01
211,64	1200,11
211,86	1153,01
212,08	1159,15
212,30	1150,96
212,52	1167,34
212,74	1255,40
212,96	1253,36
213,17	1234,93
213,39	1157,10
213,61	1079,28
213,83	1105,90
214,05	1179,63
214,27	1177,58
214,49	1206,25
214,71	1185,77
214,93	1230,83
215,15	1165,29
215,37	1150,96
215,59	1136,62
215,81	1245,16
216,03	1163,25
216,24	1163,25
216,46	1173,49
216,68	1122,29
216,90	1142,77
217,12	1230,83
217,34	1165,29
217,56	1196,01
217,78	1243,12
218,00	1173,49
218,22	1171,44
218,44	1136,62
218,66	1220,59
218,87	1202,16
219,09	1150,96
219,31	1097,71
219,53	1161,20
219,75	1171,44
219,97	1183,73
220,19	1142,77
220,41	1204,21
220,63	1138,67
220,85	1153,01
221,06	1150,96
221,28	1122,29
221,50	1191,92
221,72	1155,05
221,94	1196,01
222,16	1239,02
222,38	1191,92
222,60	1146,86
222,82	1142,77
223,03	1212,40
223,25	1142,77
223,47	1146,86
223,69	1142,77
223,91	1189,87
224,13	1214,45
224,35	1202,16
224,57	1224,69
224,78	1200,11
225,00	1191,92
225,22	1243,12
225,44	1128,43
225,66	1263,60
225,88	1222,64
226,10	1245,16
226,32	1206,25
226,53	1218,54
226,75	1140,72
226,97	1175,53
227,19	1208,30
227,41	1173,49
227,63	1132,53
227,85	1189,87
228,06	1230,83
228,28	1153,01
228,50	1126,38
228,72	1193,97
228,94	1210,35
229,16	1136,62
229,37	1183,73
229,59	1163,25
229,81	1189,87
230,03	1228,78
230,25	1241,07
230,47	1198,06
230,69	1157,10
230,90	1165,29
231,12	1110,00
231,34	1132,53
231,56	1146,86
231,78	1144,81
232,00	1273,84
232,21	1193,97
232,43	1163,25
232,65	1187,82
232,87	1130,48
233,09	1165,29
233,30	1146,86
233,52	1187,82
233,74	1173,49
233,96	1208,30
234,18	1167,34
234,40	1200,11
234,61	1187,82
234,83	1191,92
235,05	1198,06
235,27	1212,40
235,49	1136,62
235,70	1216,49
235,92	1171,44
236,14	1169,39
236,36	1132,53
236,58	1196,01
236,79	1128,43
237,01	1150,96
237,23	1153,01
237,45	1224,69
237,67	1224,69
237,88	1116,14
238,10	1210,35
238,32	1196,01
238,54	1249,26
238,76	1247,21
238,97	1163,25
239,19	1181,68
239,41	1130,48
239,63	1163,25
239,85	1146,86
240,06	1142,77
240,28	1148,91
240,50	1179,63
240,72	1167,34
240,93	1124,33
241,15	1183,73
241,37	1189,87
241,59	1224,69
241,81	1128,43
242,02	1089,52
242,24	1230,83
242,46	1204,21
242,68	1124,33
242,89	1157,10
243,11	1165,29
243,33	1114,10
243,55	1118,19
243,76	1196,01
243,98	1198,06
244,20	1222,64
244,42	1222,64
244,64	1191,92
244,85	1167,34
245,07	1191,92
245,29	1169,39
245,51	1196,01
245,72	1187,82
245,94	1216,49
246,16	1163,25
246,38	1208,30
246,59	1159,15
246,81	1212,40
247,03	1167,34
247,24	1241,07
247,46	1144,81
247,68	1191,92
247,90	1206,25
248,11	1175,53
248,33	1138,67
248,55	1167,34
248,77	1181,68
248,98	1187,82
249,20	1220,59
249,42	1228,78
249,64	1232,88
249,85	1116,14
250,07	1179,63
250,29	1202,16
250,50	1230,83
250,72	1091,57
250,94	1146,86
251,16	1216,49
251,37	1173,49
251,59	1175,53
251,81	1146,86
252,02	1193,97
252,24	1181,68
252,46	1212,40
252,68	1187,82
252,89	1120,24
253,11	1183,73
253,33	1146,86
253,54	1236,97
253,76	1224,69
253,98	1208,30
254,20	1183,73
254,41	1138,67
254,63	1153,01
254,85	1107,95
255,06	1132,53
255,28	1204,21
255,50	1148,91
255,71	1153,01
255,93	1165,29
256,15	1165,29
256,36	1148,91
256,58	1167,34
256,80	1232,88
257,02	1169,39
257,23	1220,59
257,45	1210,35
257,67	1140,72
257,88	1114,10
258,10	1159,15
258,32	1214,45
258,53	1124,33
258,75	1189,87
258,97	1142,77
259,18	1153,01
259,40	1241,07
259,62	1136,62
259,83	1208,30
260,05	1105,90
260,27	1159,15
260,48	1200,11
260,70	1177,58
260,92	1146,86
261,13	1171,44
261,35	1224,69
261,57	1200,11
261,78	1232,88
262,00	1157,10
262,22	1167,34
262,43	1153,01
262,65	1191,92
262,86	1224,69
263,08	1206,25
263,30	1179,63
263,51	1144,81
263,73	1245,16
263,95	1134,57
264,16	1177,58
264,38	1110,00
264,60	1257,45
264,81	1128,43
265,03	1159,15
265,25	1220,59
265,46	1189,87
265,68	1155,05
265,89	1165,29
266,11	1177,58
266,33	1193,97
266,54	1140,72
266,76	1245,16
266,98	1179,63
267,19	1206,25
267,41	1130,48
267,62	1138,67
267,84	1196,01
268,06	1116,14
268,27	1214,45
268,49	1210,35
268,70	1193,97
268,92	1165,29
269,14	1189,87
269,35	1153,01
269,57	1171,44
269,79	1196,01
270,00	1179,63
270,22	1189,87
270,43	1208,30
270,65	1142,77
270,87	1193,97
271,08	1167,34
271,30	1239,02
271,51	1130,48
271,73	1202,16
271,95	1146,86
272,16	1052,66
272,38	1161,20
272,59	1171,44
272,81	1236,97
273,02	1175,53
273,24	1206,25
273,46	1167,34
273,67	1189,87
273,89	1179,63
274,10	1157,10
274,32	1099,76
274,54	1126,38
274,75	1134,57
274,97	1212,40
275,18	1155,05
275,40	1187,82
275,61	1228,78
275,83	1161,20
276,05	1181,68
276,26	1198,06
276,48	1181,68
276,69	1175,53
276,91	1200,11
277,12	1144,81
277,34	1171,44
277,55	1132,53
277,77	1173,49
277,99	1138,67
278,20	1134,57
278,42	1163,25
278,63	1148,91
278,85	1206,25
279,06	1128,43
279,28	1181,68
279,49	1202,16
279,71	1193,97
279,93	1179,63
280,14	1208,30
280,36	1140,72
280,57	1249,26
280,79	1169,39
281,00	1105,90
281,22	1130,48
281,43	1214,45
281,65	1167,34
281,86	1150,96
282,08	1153,01
282,29	1159,15
282,51	1173,49
282,73	1173,49
282,94	1220,59
283,16	1206,25
283,37	1181,68
283,59	1218,54
283,80	1175,53
284,02	1153,01
284,23	1282,03
284,45	1153,01
284,66	1214,45
284,88	1066,99
285,09	1161,20
285,31	1236,97
285,52	1175,53
285,74	1198,06
285,95	1169,39
286,17	1167,34
286,38	1142,77
286,60	1189,87
286,81	1177,58
287,03	1189,87
287,24	1288,17
287,46	1134,57
287,67	1146,86
287,89	1245,16
288,10	1204,21
288,32	1159,15
288,53	1175,53
288,75	1204,21
288,96	1198,06
289,18	1128,43
289,39	1155,05
289,61	1167,34
289,82	1175,53
290,04	1204,21
290,25	1236,97
290,47	1212,40
290,68	1198,06
290,90	1214,45
291,11	1202,16
291,33	1110,00
291,54	1181,68
291,76	1175,53
291,97	1134,57
292,18	1259,50
292,40	1159,15
292,61	1128,43
292,83	1222,64
293,04	1210,35
293,26	1167,34
293,47	1253,36
293,69	1212,40
293,90	1146,86
294,12	1189,87
294,33	1146,86
294,55	1161,20
294,76	1214,45
294,97	1161,20
295,19	1214,45
295,40	1138,67
295,62	1177,58
295,83	1142,77
296,05	1185,77
296,26	1216,49
296,48	1210,35
296,69	1187,82
296,90	1183,73
297,12	1142,77
297,33	1150,96
297,55	1148,91
297,76	1150,96
297,98	1198,06
298,19	1187,82
298,41	1212,40
298,62	1110,00
298,83	1204,21
299,05	1175,53
299,26	1142,77
299,48	1140,72
299,69	1144,81
299,90	1200,11
300,12	1169,39
300,33	1157,10
300,55	1198,06
300,76	1105,90
300,98	1142,77
301,19	1122,29
301,40	1206,25
301,62	1179,63
301,83	1175,53
302,05	1124,33
302,26	1189,87
302,47	1175,53
302,69	1110,00
302,90	1159,15
303,12	1187,82
303,33	1103,86
303,54	1153,01
303,76	1183,73
303,97	1202,16
304,19	1189,87
304,40	1202,16
304,61	1153,01
304,83	1175,53
305,04	1261,55
305,26	1138,67
305,47	1216,49
305,68	1200,11
305,90	1183,73
306,11	1220,59
306,33	1163,25
306,54	1206,25
306,75	1124,33
306,97	1171,44
307,18	1206,25
307,39	1196,01
307,61	1183,73
307,82	1159,15
308,04	1210,35
308,25	1153,01
308,46	1134,57
308,68	1173,49
308,89	1228,78
309,10	1167,34
309,32	1130,48
309,53	1200,11
309,74	1183,73
309,96	1077,23
310,17	1222,64
310,39	1208,30
310,60	1185,77
310,81	1128,43
311,03	1249,26
311,24	1179,63
311,45	1173,49
311,67	1126,38
311,88	1241,07
312,09	1193,97
312,31	1212,40
312,52	1232,88
312,73	1183,73
312,95	1239,02
313,16	1191,92
313,37	1200,11
313,59	1138,67
313,80	1134,57
314,01	1257,45
314,23	1208,30
314,44	1153,01
314,65	1140,72
314,87	1148,91
315,08	1140,72
315,29	1138,67
315,51	1163,25
315,72	1220,59
315,93	1183,73
316,15	1153,01
316,36	1196,01
316,57	1134,57
316,79	1185,77
317,00	1105,90
317,21	1230,83
317,43	1241,07
317,64	1114,10
317,85	1196,01
318,07	1191,92
318,28	1189,87
318,49	1140,72
318,70	1138,67
318,92	1138,67
319,13	1171,44
319,34	1179,63
319,56	1187,82
319,77	1198,06
319,98	1183,73
320,20	1136,62
320,41	1136,62
320,62	1175,53
320,83	1146,86
321,05	1134,57
321,26	1222,64
321,47	1202,16
321,69	1189,87
321,90	1189,87
322,11	1220,59
322,32	1183,73
322,54	1175,53
322,75	1204,21
322,96	1206,25
323,18	1230,83
323,39	1220,59
323,60	1148,91
323,81	1212,40
324,03	1181,68
324,24	1220,59
324,45	1122,29
324,66	1239,02
324,88	1198,06
325,09	1144,81
325,30	1157,10
325,52	1243,12
325,73	1163,25
325,94	1222,64
326,15	1232,88
326,37	1187,82
326,58	1144,81
326,79	1263,60
327,00	1200,11
327,22	1187,82
327,43	1206,25
327,64	1122,29
327,85	1193,97
328,07	1083,38
328,28	1167,34
328,49	1206,25
328,70	1216,49
328,92	1132,53
329,13	1161,20
329,34	1243,12
329,55	1241,07
329,76	1138,67
329,98	1124,33
330,19	1241,07
330,40	1177,58
330,61	1130,48
330,83	1181,68
331,04	1224,69
331,25	1144,81
331,46	1142,77
331,68	1200,11
331,89	1204,21
332,10	1212,40
332,31	1163,25
332,52	1257,45
332,74	1167,34
332,95	1173,49
333,16	1138,67
333,37	1175,53
333,58	1191,92
333,80	1134,57
334,01	1232,88
334,22	1138,67
334,43	1204,21
334,64	1126,38
334,86	1161,20
335,07	1241,07
335,28	1150,96
335,49	1218,54
335,70	1132,53
335,92	1216,49
336,13	1153,01
336,34	1128,43
336,55	1167,34
336,76	1241,07
336,98	1134,57
337,19	1144,81
337,40	1138,67
337,61	1206,25
337,82	1060,85
338,04	1236,97
338,25	1200,11
338,46	1191,92
338,67	1193,97
338,88	1136,62
339,09	1150,96
339,31	1226,73
339,52	1161,20
339,73	1187,82
339,94	1208,30
340,15	1193,97
340,36	1267,69
340,58	1232,88
340,79	1077,23
341,00	1165,29
341,21	1144,81
341,42	1163,25
341,63	1212,40
341,85	1155,05
342,06	1153,01
342,27	1126,38
342,48	1126,38
342,69	1146,86
342,90	1187,82
343,12	1228,78
343,33	1189,87
343,54	1173,49
343,75	1150,96
343,96	1200,11
344,17	1122,29
344,38	1167,34
344,60	1214,45
344,81	1222,64
345,02	1210,35
345,23	1228,78
345,44	1265,64
345,65	1107,95
345,86	1226,73
346,07	1159,15
346,29	1134,57
346,50	1187,82
346,71	1187,82
346,92	1220,59
347,13	1218,54
347,34	1163,25
347,55	1208,30
347,76	1191,92
347,98	1171,44
348,19	1185,77
348,40	1183,73
348,61	1191,92
348,82	1226,73
349,03	1144,81
349,24	1255,40
349,45	1142,77
349,66	1187,82
349,88	1146,86
350,09	1103,86
350,30	1155,05
350,51	1218,54
350,72	1193,97
350,93	1216,49
351,14	1163,25
351,35	1181,68
351,56	1167,34
351,77	1171,44
351,99	1183,73
352,20	1163,25
352,41	1208,30
352,62	1200,11
352,83	1122,29
353,04	1189,87
353,25	1146,86
353,46	1138,67
353,67	1222,64
353,88	1220,59
354,09	1142,77
354,30	1142,77
354,52	1183,73
354,73	1132,53
354,94	1249,26
355,15	1228,78
355,36	1212,40
355,57	1187,82
355,78	1200,11
355,99	1206,25
356,20	1204,21
356,41	1181,68
356,62	1171,44
356,83	1183,73
357,04	1159,15
357,25	1208,30
357,46	1110,00
357,68	1161,20
357,89	1208,30
358,10	1175,53
358,31	1196,01
358,52	1128,43
358,73	1212,40
358,94	1179,63
359,15	1218,54
359,36	1148,91
359,57	1058,80
359,78	1206,25
359,99	1232,88
360,20	1196,01
360,41	1177,58
360,62	1228,78
360,83	1122,29
361,04	1155,05
361,25	1159,15
361,46	1167,34
361,67	1202,16
361,88	1224,69
362,09	1177,58
362,30	1148,91
362,51	1196,01
362,72	1216,49
362,93	1208,30
363,14	1212,40
363,35	1116,14
363,56	1146,86
363,78	1128,43
363,99	1116,14
364,20	1173,49
364,41	1232,88
364,62	1183,73
364,83	1181,68
365,04	1146,86
365,25	1198,06
365,46	1157,10
365,67	1181,68
365,88	1181,68
366,09	1175,53
366,30	1191,92
366,51	1142,77
366,72	1228,78
366,93	1169,39
367,14	1146,86
367,35	1153,01
367,56	1128,43
367,77	1157,10
367,98	1173,49
368,18	1128,43
368,39	1204,21
368,60	1234,93
368,81	1085,42
369,02	1173,49
369,23	1245,16
369,44	1183,73
369,65	1204,21
369,86	1175,53
370,07	1140,72
370,28	1167,34
370,49	1181,68
370,70	1222,64
370,91	1157,10
371,12	1214,45
371,33	1177,58
371,54	1232,88
371,75	1153,01
371,96	1167,34
372,17	1138,67
372,38	1150,96
372,59	1226,73
372,80	1167,34
373,01	1128,43
373,22	1124,33
373,43	1177,58
373,64	1185,77
373,85	1171,44
374,06	1206,25
374,26	1179,63
374,47	1171,44
374,68	1200,11
374,89	1155,05
375,10	1193,97
375,31	1126,38
375,52	1183,73
375,73	1159,15
375,94	1163,25
376,15	1157,10
376,36	1167,34
376,57	1138,67
376,78	1173,49
376,99	1187,82
377,20	1177,58
377,40	1236,97
377,61	1167,34
377,82	1216,49
378,03	1210,35
378,24	1193,97
378,45	1130,48
378,66	1222,64
378,87	1183,73
379,08	1157,10
379,29	1183,73
379,50	1204,21
379,71	1224,69
379,91	1189,87
380,12	1181,68
380,33	1191,92
380,54	1136,62
380,75	1173,49
380,96	1173,49
381,17	1202,16
381,38	1179,63
381,59	1173,49
381,80	1236,97
382,00	1134,57
382,21	1185,77
382,42	1142,77
382,63	1118,19
382,84	1222,64
383,05	1110,00
383,26	1165,29
383,47	1189,87
383,68	1210,35
383,88	1159,15
384,09	1206,25
384,30	1185,77
384,51	1200,11
384,72	1173,49
384,93	1175,53
385,14	1216,49
385,35	1322,99
385,55	1085,42
385,76	1153,01
385,97	1179,63
386,18	1140,72
386,39	1220,59
386,60	1153,01
386,81	1159,15
387,02	1175,53
387,22	1163,25
387,43	1122,29
387,64	1140,72
387,85	1222,64
388,06	1148,91
388,27	1183,73
388,48	1212,40
388,68	1218,54
388,89	1206,25
389,10	1107,95
389,31	1124,33
389,52	1175,53
389,73	1171,44
389,93	1198,06
390,14	1204,21
390,35	1193,97
390,56	1183,73
390,77	1175,53
390,98	1191,92
391,18	1185,77
391,39	1110,00
391,60	1196,01
391,81	1165,29
392,02	1140,72
392,23	1241,07
392,43	1130,48
392,64	1150,96
392,85	1251,31
393,06	1179,63
393,27	1169,39
393,47	1171,44
393,68	1191,92
393,89	1216,49
394,10	1279,98
394,31	1232,88
394,52	1155,05
394,72	1140,72
394,93	1224,69
395,14	1206,25
395,35	1134,57
395,56	1134,57
395,76	1136,62
395,97	1110,00
396,18	1210,35
396,39	1204,21
396,60	1189,87
396,80	1118,19
397,01	1210,35
397,22	1212,40
397,43	1220,59
397,64	1232,88
397,84	1224,69
398,05	1167,34
398,26	1138,67
398,47	1277,93
398,67	1179,63
398,88	1130,48
399,09	1132,53
399,30	1142,77
399,51	1193,97
399,71	1216,49
399,92	1175,53
400,13	1136,62
400,34	1200,11
400,54	1193,97
400,75	1161,20
400,96	1171,44
401,17	1220,59
401,37	1118,19
401,58	1245,16
401,79	1163,25
402,00	1175,53
402,21	1126,38
402,41	1189,87
402,62	1193,97
402,83	1142,77
403,04	1091,57
403,24	1191,92
403,45	1191,92
403,66	1183,73
403,87	1212,40
404,07	1161,20
404,28	1159,15
404,49	1185,77
404,70	1165,29
404,90	1179,63
405,11	1183,73
405,32	1167,34
405,52	1130,48
405,73	1146,86
405,94	1214,45
406,15	1126,38
406,35	1183,73
406,56	1175,53
406,77	1234,93
406,98	1105,90
407,18	1150,96
407,39	1218,54
407,60	1181,68
407,80	1216,49
408,01	1185,77
408,22	1243,12
408,43	1185,77
408,63	1204,21
408,84	1191,92
409,05	1187,82
409,25	1249,26
409,46	1187,82
409,67	1138,67
409,88	1097,71
410,08	1155,05
410,29	1187,82
410,50	1097,71
410,70	1173,49
410,91	1169,39
411,12	1279,98
411,32	1097,71
411,53	1181,68
411,74	1163,25
411,95	1146,86
412,15	1179,63
412,36	1169,39
412,57	1214,45
412,77	1144,81
412,98	1144,81
413,19	1214,45
413,39	1175,53
413,60	1126,38
413,81	1167,34
414,01	1130,48
414,22	1183,73
414,43	1288,17
414,63	1161,20
414,84	1150,96
415,05	1228,78
415,25	1175,53
415,46	1204,21
415,67	1230,83
415,87	1177,58
416,08	1132,53
416,29	1120,24
416,49	1134,57
416,70	1169,39
416,91	1179,63
417,11	1220,59
417,32	1193,97
417,53	1181,68
417,73	1161,20
417,94	1214,45
418,15	1165,29
418,35	1173,49
418,56	1241,07
418,77	1171,44
418,97	1140,72
419,18	1187,82
419,38	1189,87
419,59	1249,26
419,80	1218,54
420,00	1175,53
420,21	1126,38
420,42	1236,97
420,62	1212,40
420,83	1239,02
421,04	1161,20
421,24	1157,10
421,45	1200,11
421,65	1216,49
421,86	1177,58
422,07	1138,67
422,27	1187,82
422,48	1159,15
422,69	1196,01
422,89	1173,49
423,10	1056,75
423,30	1208,30
423,51	1144,81
423,72	1249,26
423,92	1208,30
424,13	1189,87
424,33	1142,77
424,54	1234,93
424,75	1181,68
424,95	1126,38
425,16	1177,58
425,36	1236,97
425,57	1232,88
425,78	1193,97
425,98	1198,06
426,19	1130,48
426,39	1093,62
426,60	1138,67
426,81	1214,45
427,01	1134,57
427,22	1118,19
427,42	1167,34
427,63	1161,20
427,83	1210,35
428,04	1116,14
428,25	1114,10
428,45	1150,96
428,66	1220,59
428,86	1142,77
429,07	1224,69
429,28	1224,69
429,48	1210,35
429,69	1226,73
429,89	1222,64
430,10	1208,30
430,30	1169,39
430,51	1196,01
430,71	1146,86
430,92	1128,43
431,13	1179,63
431,33	1222,64
431,54	1155,05
431,74	1273,84
431,95	1153,01
432,15	1179,63
432,36	1255,40
432,56	1163,25
432,77	1138,67
432,98	1146,86
433,18	1232,88
433,39	1142,77
433,59	1144,81
433,80	1222,64
434,00	1224,69
434,21	1198,06
434,41	1153,01
434,62	1181,68
434,82	1193,97
435,03	1150,96
435,23	1177,58
435,44	1228,78
435,64	1153,01
435,85	1181,68
436,06	1167,34
436,26	1232,88
436,47	1161,20
436,67	1251,31
436,88	1216,49
437,08	1101,81
437,29	1210,35
437,49	1069,04
437,70	1101,81
437,90	1165,29
438,11	1179,63
438,31	1247,21
438,52	1198,06
438,72	1208,30
438,93	1171,44
439,13	1103,86
439,34	1167,34
439,54	1161,20
439,75	1187,82
439,95	1191,92
440,16	1157,10
440,36	1150,96
440,57	1136,62
440,77	1153,01
440,98	1132,53
441,18	1165,29
441,39	1157,10
441,59	1230,83
441,80	1177,58
442,00	1224,69
442,21	1169,39
442,41	1185,77
442,62	1169,39
442,82	1187,82
443,02	1208,30
443,23	1161,20
443,43	1200,11
443,64	1185,77
443,84	1191,92
444,05	1138,67
444,25	1187,82
444,46	1179,63
444,66	1212,40
444,87	1204,21
445,07	1181,68
445,28	1157,10
445,48	1140,72
445,69	1114,10
445,89	1163,25
446,09	1165,29
446,30	1157,10
446,50	1142,77
446,71	1230,83
446,91	1167,34
447,12	1114,10
447,32	1183,73
447,53	1222,64
447,73	1183,73
447,93	1189,87
448,14	1193,97
448,34	1216,49
448,55	1069,04
448,75	1232,88
448,96	1177,58
449,16	1126,38
449,36	1112,05
449,57	1212,40
449,77	1200,11
449,98	1171,44
450,18	1273,84
450,39	1198,06
450,59	1230,83
450,79	1093,62
451,00	1183,73
451,20	1107,95
451,41	1200,11
451,61	1183,73
451,81	1224,69
452,02	1220,59
452,22	1148,91
452,43	1171,44
452,63	1185,77
452,84	1210,35
453,04	1136,62
453,24	1224,69
453,45	1140,72
453,65	1226,73
453,86	1148,91
454,06	1191,92
454,26	1128,43
454,47	1120,24
454,67	1234,93
454,87	1183,73
455,08	1124,33
455,28	1157,10
455,49	1116,14
455,69	1177,58
455,89	1208,30
456,10	1132,53
456,30	1134,57
456,51	1224,69
456,71	1208,30
456,91	1159,15
457,12	1175,53
457,32	1224,69
457,52	1171,44
457,73	1066,99
457,93	1265,64
458,14	1171,44
458,34	1214,45
458,54	1116,14
458,75	1167,34
458,95	1179,63
459,15	1136,62
459,36	1155,05
459,56	1193,97
459,76	1173,49
459,97	1183,73
460,17	1179,63
460,37	1286,12
460,58	1210,35
460,78	1228,78
460,99	1175,53
461,19	1130,48
461,39	1175,53
461,60	1171,44
461,80	1163,25
462,00	1232,88
462,21	1091,57
462,41	1169,39
462,61	1161,20
462,82	1177,58
463,02	1148,91
463,22	1087,47
463,43	1159,15
463,63	1157,10
463,83	1196,01
464,04	1161,20
464,24	1112,05
464,44	1198,06
464,64	1236,97
464,85	1216,49
465,05	1159,15
465,25	1175,53
465,46	1181,68
465,66	1167,34
465,86	1277,93
466,07	1191,92
466,27	1144,81
466,47	1167,34
466,68	1146,86
466,88	1185,77
467,08	1191,92
467,29	1196,01
467,49	1179,63
467,69	1212,40
467,89	1173,49
468,10	1214,45
468,30	1122,29
468,50	1189,87
468,71	1120,24
468,91	1189,87
469,11	1249,26
469,31	1177,58
469,52	1083,38
469,72	1171,44
469,92	1220,59
470,13	1196,01
470,33	1185,77
470,53	1167,34
470,73	1214,45
470,94	1183,73
471,14	1204,21
471,34	1263,60
471,54	1191,92
471,75	1200,11
471,95	1165,29
472,15	1159,15
472,36	1169,39
472,56	1169,39
472,76	1116,14
472,96	1161,20
473,17	1179,63
473,37	1179,63
473,57	1122,29
473,77	1222,64
473,98	1185,77
474,18	1232,88
474,38	1165,29
474,58	1257,45
474,79	1183,73
474,99	1196,01
475,19	1206,25
475,39	1187,82
475,60	1124,33
475,80	1208,30
476,00	1175,53
476,20	1097,71
476,41	1155,05
476,61	1191,92
476,81	1210,35
477,01	1122,29
477,21	1198,06
477,42	1175,53
477,62	1132,53
477,82	1150,96
478,02	1202,16
478,23	1185,77
478,43	1198,06
478,63	1257,45
478,83	1161,20
479,03	1185,77
479,24	1206,25
479,44	1146,86
479,64	1130,48
479,84	1120,24
480,04	1179,63
480,25	1099,76
480,45	1132,53
480,65	1171,44
480,85	1161,20
481,06	1171,44
481,26	1171,44
481,46	1167,34
481,66	1198,06
481,86	1183,73
482,06	1179,63
482,27	1202,16
482,47	1132,53
482,67	1128,43
482,87	1206,25
483,07	1140,72
483,28	1159,15
483,48	1230,83
483,68	1169,39
483,88	1159,15
484,08	1161,20
484,29	1187,82
484,49	1187,82
484,69	1191,92
484,89	1224,69
485,09	1214,45
485,29	1165,29
485,50	1114,10
485,70	1200,11
485,90	1167,34
486,10	1202,16
486,30	1261,55
486,50	1189,87
486,71	1163,25
486,91	1146,86
487,11	1165,29
487,31	1159,15
487,51	1169,39
487,71	1155,05
487,91	1171,44
488,12	1208,30
488,32	1216,49
488,52	1183,73
488,72	1134,57
488,92	1189,87
489,12	1132,53
489,32	1202,16
489,53	1179,63
489,73	1150,96
489,93	1191,92
490,13	1179,63
490,33	1157,10
490,53	1167,34
490,73	1093,62
490,94	1126,38
491,14	1193,97
491,34	1161,20
491,54	1087,47
491,74	1155,05
491,94	1193,97
492,14	1255,40
492,34	1173,49
492,54	1185,77
492,75	1226,73
492,95	1163,25
493,15	1183,73
493,35	1200,11
493,55	1128,43
493,75	1189,87
493,95	1200,11
494,15	1112,05
494,35	1165,29
494,56	1234,93
494,76	1232,88
494,96	1196,01
495,16	1185,77
495,36	1163,25
495,56	1118,19
495,76	1116,14
495,96	1204,21
496,16	1159,15
496,36	1222,64
496,56	1140,72
496,77	1214,45
496,97	1226,73
497,17	1208,30
497,37	1277,93
497,57	1191,92
497,77	1208,30
497,97	1185,77
498,17	1212,40
498,37	1173,49
498,57	1134,57
498,77	1185,77
498,97	1208,30
499,17	1177,58
499,38	1220,59
499,58	1142,77
499,78	1239,02
499,98	1181,68
500,18	1161,20
500,38	1208,30
500,58	1200,11
500,78	1167,34
500,98	1185,77
501,18	1187,82
501,38	1234,93
501,58	1214,45
501,78	1179,63
501,98	1110,00
502,18	1198,06
502,38	1155,05
502,58	1144,81
502,78	1179,63
502,98	1169,39
503,18	1230,83
503,38	1132,53
503,59	1179,63
503,79	1200,11
503,99	1175,53
504,19	1159,15
504,39	1179,63
504,59	1181,68
504,79	1226,73
504,99	1202,16
505,19	1198,06
505,39	1220,59
505,59	1214,45
505,79	1181,68
505,99	1118,19
506,19	1249,26
506,39	1200,11
506,59	1216,49
506,79	1165,29
506,99	1136,62
507,19	1208,30
507,39	1210,35
507,59	1140,72
507,79	1148,91
507,99	1204,21
508,19	1159,15
508,39	1198,06
508,59	1159,15
508,79	1175,53
508,99	1216,49
509,19	1181,68
509,39	1228,78
509,59	1132,53
509,79	1134,57
509,99	1181,68
510,19	1175,53
510,39	1140,72
510,59	1224,69
510,79	1089,52
510,99	1157,10
511,19	1193,97
511,39	1236,97
511,59	1251,31
511,79	1249,26
511,99	1196,01
512,19	1155,05
512,38	1216,49
512,58	1198,06
512,78	1210,35
512,98	1132,53
513,18	1202,16
513,38	1130,48
513,58	1101,81
513,78	1200,11
513,98	1220,59
514,18	1161,20
514,38	1177,58
514,58	1214,45
514,78	1210,35
514,98	1171,44
515,18	1187,82
515,38	1257,45
515,58	1183,73
515,78	1220,59
515,98	1261,55
516,18	1153,01
516,38	1257,45
516,57	1226,73
516,77	1163,25
516,97	1193,97
517,17	1155,05
517,37	1187,82
517,57	1208,30
517,77	1212,40
517,97	1204,21
518,17	1136,62
518,37	1273,84
518,57	1153,01
518,77	1216,49
518,97	1124,33
519,16	1150,96
519,36	1093,62
519,56	1183,73
519,76	1210,35
519,96	1196,01
520,16	1140,72
520,36	1118,19
520,56	1189,87
520,76	1171,44
520,96	1187,82
521,16	1132,53
521,35	1204,21
521,55	1202,16
521,75	1148,91
521,95	1222,64
522,15	1159,15
522,35	1196,01
522,55	1101,81
522,75	1175,53
522,95	1249,26
523,14	1189,87
523,34	1165,29
523,54	1181,68
523,74	1159,15
523,94	1126,38
524,14	1167,34
524,34	1124,33
524,54	1169,39
524,73	1095,66
524,93	1185,77
525,13	1110,00
525,33	1126,38
525,53	1241,07
525,73	1167,34
525,93	1255,40
526,13	1220,59
526,32	1208,30
526,52	1183,73
526,72	1179,63
526,92	1196,01
527,12	1097,71
527,32	1150,96
527,52	1114,10
527,71	1159,15
527,91	1228,78
528,11	1128,43
528,31	1136,62
528,51	1236,97
528,71	1193,97
528,90	1116,14
529,10	1200,11
529,30	1173,49
529,50	1159,15
529,70	1163,25
529,90	1159,15
530,09	1161,20
530,29	1222,64
530,49	1128,43
530,69	1167,34
530,89	1138,67
531,09	1175,53
531,28	1142,77
531,48	1155,05
531,68	1191,92
531,88	1181,68
532,08	1171,44
532,28	1148,91
532,47	1161,20
532,67	1222,64
532,87	1212,40
533,07	1167,34
533,27	1171,44
533,46	1222,64
533,66	1171,44
533,86	1210,35
534,06	1169,39
534,26	1241,07
534,45	1130,48
534,65	1175,53
534,85	1167,34
535,05	1136,62
535,25	1163,25
535,44	1245,16
535,64	1157,10
535,84	1126,38
536,04	1171,44
536,24	1167,34
536,43	1167,34
536,63	1263,60
536,83	1153,01
537,03	1142,77
537,22	1214,45
537,42	1159,15
537,62	1214,45
537,82	1216,49
538,02	1142,77
538,21	1138,67
538,41	1218,54
538,61	1181,68
538,81	1234,93
539,00	1175,53
539,20	1212,40
539,40	1230,83
539,60	1214,45
539,79	1247,21
539,99	1191,92
540,19	1105,90
540,39	1179,63
540,58	1130,48
540,78	1148,91
540,98	1105,90
541,18	1153,01
541,37	1157,10
541,57	1241,07
541,77	1204,21
541,97	1130,48
542,16	1159,15
542,36	1204,21
542,56	1093,62
542,76	1138,67
542,95	1153,01
543,15	1140,72
543,35	1105,90
543,54	1132,53
543,74	1216,49
543,94	1224,69
544,14	1101,81
544,33	1230,83
544,53	1183,73
544,73	1214,45
544,93	1196,01
545,12	1204,21
545,32	1155,05
545,52	1198,06
545,71	1107,95
545,91	1142,77
546,11	1210,35
546,30	1157,10
546,50	1216,49
546,70	1249,26
546,90	1175,53
547,09	1153,01
547,29	1269,74
547,49	1120,24
547,68	1136,62
547,88	1107,95
548,08	1232,88
548,27	1200,11
548,47	1179,63
548,67	1185,77
548,87	1245,16
549,06	1198,06
549,26	1191,92
549,46	1161,20
549,65	1175,53
549,85	1196,01
550,05	1140,72
550,24	1247,21
550,44	1161,20
550,64	1167,34
550,83	1177,58
551,03	1114,10
551,23	1107,95
551,42	1202,16
551,62	1220,59
551,82	1208,30
552,01	1091,57
552,21	1163,25
552,41	1142,77
552,60	1167,34
552,80	1183,73
553,00	1173,49
553,19	1167,34
553,39	1122,29
553,59	1101,81
553,78	1165,29
553,98	1157,10
554,17	1083,38
554,37	1179,63
554,57	1206,25
554,76	1193,97
554,96	1183,73
555,16	1226,73
555,35	1150,96
555,55	1222,64
555,75	1167,34
555,94	1153,01
556,14	1232,88
556,33	1198,06
556,53	1101,81
556,73	1185,77
556,92	1157,10
557,12	1181,68
557,32	1261,55
557,51	1155,05
557,71	1167,34
557,90	1245,16
558,10	1159,15
558,30	1173,49
558,49	1169,39
558,69	1159,15
558,88	1191,92
559,08	1177,58
559,28	1171,44
559,47	1191,92
559,67	1177,58
559,86	1232,88
560,06	1081,33
560,26	1245,16
560,45	1142,77
560,65	1183,73
560,84	1228,78
561,04	1136,62
561,24	1177,58
561,43	1208,30
561,63	1206,25
561,82	1150,96
562,02	1140,72
562,22	1185,77
562,41	1144,81
562,61	1126,38
562,80	1220,59
563,00	1179,63
563,19	1069,04
563,39	1212,40
563,59	1212,40
563,78	1183,73
563,98	1177,58
564,17	1191,92
564,37	1183,73
564,56	1155,05
564,76	1153,01
564,96	1136,62
565,15	1222,64
565,35	1220,59
565,54	1189,87
565,74	1175,53
565,93	1185,77
566,13	1232,88
566,32	1189,87
566,52	1191,92
566,71	1224,69
566,91	1200,11
567,11	1224,69
567,30	1181,68
567,50	1187,82
567,69	1163,25
567,89	1247,21
568,08	1101,81
568,28	1185,77
568,47	1173,49
568,67	1169,39
568,86	1202,16
569,06	1216,49
569,25	1130,48
569,45	1249,26
569,64	1187,82
569,84	1148,91
570,04	1167,34
570,23	1148,91
570,43	1173,49
570,62	1171,44
570,82	1173,49
571,01	1220,59
571,21	1142,77
571,40	1165,29
571,60	1208,30
571,79	1114,10
571,99	1165,29
572,18	1249,26
572,38	1196,01
572,57	1155,05
572,77	1220,59
572,96	1224,69
573,16	1196,01
573,35	1196,01
573,55	1177,58
573,74	1212,40
573,94	1161,20
574,13	1167,34
574,33	1214,45
574,52	1112,05
574,71	1177,58
574,91	1198,06
575,10	1138,67
575,30	1187,82
575,49	1177,58
575,69	1191,92
575,88	1236,97
576,08	1206,25
576,27	1159,15
576,47	1146,86
576,66	1161,20
576,86	1114,10
577,05	1200,11
577,25	1159,15
577,44	1171,44
577,64	1122,29
577,83	1189,87
578,02	1105,90
578,22	1153,01
578,41	1157,10
578,61	1196,01
578,80	1153,01
579,00	1157,10
579,19	1216,49
579,39	1216,49
579,58	1118,19
579,77	1161,20
579,97	1181,68
580,16	1236,97
580,36	1181,68
580,55	1255,40
580,75	1187,82
580,94	1138,67
581,13	1173,49
581,33	1196,01
581,52	1165,29
581,72	1198,06
581,91	1196,01
582,11	1189,87
582,30	1140,72
582,49	1263,60
582,69	1196,01
582,88	1148,91
583,08	1183,73
583,27	1216,49
583,47	1153,01
583,66	1116,14
583,85	1142,77
584,05	1169,39
584,24	1118,19
584,44	1126,38
584,63	1216,49
584,82	1214,45
585,02	1140,72
585,21	1181,68
585,41	1191,92
585,60	1220,59
585,79	1224,69
585,99	1200,11
586,18	1159,15
586,37	1167,34
586,57	1177,58
586,76	1224,69
586,96	1183,73
587,15	1089,52
587,34	1198,06
587,54	1175,53
587,73	1173,49
587,93	1220,59
588,12	1185,77
588,31	1157,10
588,51	1136,62
588,70	1150,96
588,89	1146,86
589,09	1175,53
589,28	1232,88
589,47	1179,63
589,67	1173,49
589,86	1140,72
590,06	1171,44
590,25	1189,87
590,44	1173,49
590,64	1177,58
590,83	1181,68
591,02	1224,69
591,22	1161,20
591,41	1228,78
591,60	1234,93
591,80	1171,44
591,99	1177,58
592,18	1146,86
592,38	1189,87
592,57	1257,45
592,76	1169,39
592,96	1167,34
593,15	1173,49
593,34	1257,45
593,54	1157,10
593,73	1122,29
593,92	1232,88
594,12	1101,81
594,31	1175,53
594,50	1157,10
594,70	1095,66
594,89	1155,05
595,08	1177,58
595,28	1175,53
595,47	1157,10
595,66	1206,25
595,86	1081,33
596,05	1177,58
596,24	1128,43
596,43	1271,79
596,63	1189,87
596,82	1191,92
597,01	1193,97
597,21	1167,34
597,40	1193,97
597,59	1189,87
597,79	1144,81
597,98	1214,45
598,17	1167,34
598,36	1208,30
598,56	1198,06
598,75	1157,10
598,94	1175,53
599,14	1202,16
599,33	1118,19
599,52	1247,21
599,71	1163,25
599,91	1132,53
600,10	1236,97
600,29	1222,64
600,48	1196,01
600,68	1193,97
600,87	1138,67
601,06	1247,21
601,26	1193,97
601,45	1304,56
601,64	1187,82
601,83	1161,20
602,03	1134,57
602,22	1157,10
602,41	1185,77
602,60	1148,91
602,80	1077,23
602,99	1169,39
603,18	1218,54
603,37	1150,96
603,57	1187,82
603,76	1200,11
603,95	1175,53
604,14	1146,86
604,34	1277,93
604,53	1099,76
604,72	1169,39
604,91	1175,53
605,10	1140,72
605,30	1193,97
605,49	1146,86
605,68	1257,45
605,87	1226,73
606,07	1212,40
606,26	1189,87
606,45	1191,92
606,64	1155,05
606,84	1187,82
607,03	1181,68
607,22	1140,72
607,41	1218,54
607,60	1132,53
607,80	1210,35
607,99	1230,83
608,18	1159,15
608,37	1183,73
608,56	1165,29
608,76	1175,53
608,95	1136,62
609,14	1128,43
609,33	1171,44
609,52	1183,73
609,72	1224,69
609,91	1056,75
610,10	1185,77
610,29	1191,92
610,48	1185,77
610,68	1169,39
610,87	1128,43
611,06	1181,68
611,25	1144,81
611,44	1107,95
611,63	1157,10
611,83	1157,10
612,02	1099,76
612,21	1216,49
612,40	1103,86
612,59	1212,40
612,79	1173,49
612,98	1202,16
613,17	1140,72
613,36	1263,60
613,55	1232,88
613,74	1284,08
613,93	1193,97
614,13	1247,21
614,32	1112,05
614,51	1187,82
614,70	1128,43
614,89	1097,71
615,08	1214,45
615,28	1165,29
615,47	1140,72
615,66	1130,48
615,85	1198,06
616,04	1132,53
616,23	1208,30
616,42	1200,11
616,62	1216,49
616,81	1181,68
617,00	1171,44
617,19	1171,44
617,38	1220,59
617,57	1245,16
617,76	1179,63
617,95	1193,97
618,15	1179,63
618,34	1101,81
618,53	1183,73
618,72	1181,68
618,91	1148,91
619,10	1130,48
619,29	1153,01
619,48	1206,25
619,68	1114,10
619,87	1284,08
620,06	1155,05
620,25	1163,25
620,44	1232,88
620,63	1220,59
620,82	1165,29
621,01	1181,68
621,20	1134,57
621,39	1130,48
621,59	1163,25
621,78	1185,77
621,97	1150,96
622,16	1271,79
622,35	1210,35
622,54	1208,30
622,73	1159,15
622,92	1142,77
623,11	1128,43
623,30	1220,59
623,49	1132,53
623,68	1200,11
623,88	1204,21
624,07	1173,49
624,26	1208,30
624,45	1218,54
624,64	1165,29
624,83	1206,25
625,02	1191,92
625,21	1095,66
625,40	1142,77
625,59	1165,29
625,78	1179,63
625,97	1183,73
626,16	1179,63
626,35	1236,97
626,54	1214,45
626,74	1187,82
626,93	1196,01
627,12	1226,73
627,31	1236,97
627,50	1275,88
627,69	1169,39
627,88	1185,77
628,07	1247,21
628,26	1187,82
628,45	1308,65
628,64	1279,98
628,83	1230,83
629,02	1171,44
629,21	1230,83
629,40	1185,77
629,59	1222,64
629,78	1214,45
629,97	1200,11
630,16	1114,10
630,35	1204,21
630,54	1144,81
630,73	1273,84
630,92	1150,96
631,11	1212,40
631,30	1322,99
631,49	1458,15
631,68	1796,07
631,87	4036,55
632,06	15619,86
632,25	46380,35
632,44	59413,62
632,63	60208,23
632,82	39581,09
633,01	19498,71
633,20	5746,60
633,39	5832,62
633,58	2789,33
633,77	2150,37
633,96	1656,81
634,15	1482,73
634,34	1454,06
634,53	1525,74
634,72	1499,11
634,91	1347,56
635,10	1273,84
635,29	1368,04
635,48	1343,47
635,67	1257,45
635,86	1175,53
636,05	1181,68
636,24	1239,02
636,43	1230,83
636,62	1273,84
636,81	1228,78
637,00	1202,16
637,19	1200,11
637,38	1153,01
637,57	1175,53
637,76	1126,38
637,95	1216,49
638,14	1183,73
638,33	1150,96
638,52	1173,49
638,71	1218,54
638,89	1175,53
639,08	1177,58
639,27	1249,26
639,46	1200,11
639,65	1216,49
639,84	1245,16
640,03	1206,25
640,22	1146,86
640,41	1200,11
640,60	1220,59
640,79	1134,57
640,98	1130,48
641,17	1144,81
641,36	1198,06
641,55	1216,49
641,74	1249,26
641,92	1239,02
642,11	1157,10
642,30	1116,14
642,49	1165,29
642,68	1132,53
642,87	1132,53
643,06	1179,63
643,25	1155,05
643,44	1161,20
643,63	1239,02
643,82	1193,97
644,00	1171,44
644,19	1247,21
644,38	1224,69
644,57	1173,49
644,76	1085,42
644,95	1218,54
645,14	1165,29
645,33	1132,53
645,52	1165,29
645,71	1138,67
645,89	1161,20
646,08	1226,73
646,27	1196,01
646,46	1161,20
646,65	1183,73
646,84	1214,45
647,03	1138,67
647,22	1191,92
647,40	1165,29
647,59	1208,30
647,78	1142,77
647,97	1198,06
648,16	1165,29
648,35	1093,62
648,54	1210,35
648,73	1159,15
648,91	1144,81
649,10	1179,63
649,29	1187,82
649,48	1167,34
649,67	1173,49
649,86	1132,53
650,05	1173,49
650,23	1202,16
650,42	1216,49
650,61	1189,87
650,80	1142,77
650,99	1183,73
651,18	1159,15
651,36	1187,82
651,55	1175,53
651,74	1175,53
651,93	1175,53
652,12	1124,33
652,31	1142,77
652,49	1196,01
652,68	1228,78
652,87	1150,96
653,06	1224,69
653,25	1191,92
653,44	1087,47
653,62	1218,54
653,81	1179,63
654,00	1218,54
654,19	1150,96
654,38	1189,87
654,56	1216,49
654,75	1196,01
654,94	1196,01
655,13	1200,11
655,32	1202,16
655,51	1142,77
655,69	1167,34
655,88	1157,10
656,07	1212,40
656,26	1179,63
656,45	1243,12
656,63	1171,44
656,82	1222,64
657,01	1163,25
657,20	1132,53
657,38	1118,19
657,57	1210,35
657,76	1171,44
657,95	1181,68
658,14	1130,48
658,32	1153,01
658,51	1206,25
658,70	1163,25
658,89	1105,90
659,08	1243,12
659,26	1204,21
659,45	1142,77
659,64	1159,15
659,83	1173,49
660,01	1130,48
660,20	1150,96
660,39	1245,16
660,58	1130,48
660,76	1208,30
660,95	1193,97
661,14	1189,87
661,33	1185,77
661,51	1138,67
661,70	1189,87
661,89	1196,01
662,08	1230,83
662,26	1187,82
662,45	1167,34
662,64	1116,14
662,83	1171,44
663,01	1204,21
663,20	1196,01
663,39	1196,01
663,58	1153,01
663,76	1153,01
663,95	1200,11
664,14	1191,92
664,32	1165,29
664,51	1169,39
664,70	1177,58
664,89	1257,45
665,07	1150,96
665,26	1146,86
665,45	1218,54
665,64	1099,76
665,82	1153,01
666,01	1239,02
666,20	1138,67
666,38	1167,34
666,57	1126,38
666,76	1196,01
666,95	1257,45
667,13	1148,91
667,32	1150,96
667,51	1179,63
667,69	1224,69
667,88	1175,53
668,07	1218,54
668,25	1134,57
668,44	1179,63
668,63	1142,77
668,81	1243,12
669,00	1183,73
669,19	1183,73
669,38	1193,97
669,56	1212,40
669,75	1140,72
669,94	1191,92
670,12	1140,72
670,31	1153,01
670,50	1167,34
670,68	1163,25
670,87	1212,40
671,06	1146,86
671,24	1148,91
671,43	1171,44
671,62	1208,30
671,80	1114,10
671,99	1148,91
672,18	1118,19
672,36	1187,82
672,55	1167,34
672,74	1259,50
672,92	1148,91
673,11	1230,83
673,29	1134,57
673,48	1193,97
673,67	1187,82
673,85	1226,73
674,04	1179,63
674,23	1130,48
674,41	1253,36
674,60	1103,86
674,79	1153,01
674,97	1155,05
675,16	1107,95
675,34	1134,57
675,53	1159,15
675,72	1191,92
675,90	1189,87
676,09	1202,16
676,28	1153,01
676,46	1157,10
676,65	1153,01
676,83	1187,82
677,02	1155,05
677,21	1198,06
677,39	1126,38
677,58	1183,73
677,77	1153,01
677,95	1150,96
678,14	1144,81
678,32	1171,44
678,51	1185,77
678,70	1216,49
678,88	1187,82
679,07	1216,49
679,25	1206,25
679,44	1134,57
679,63	1187,82
679,81	1183,73
680,00	1169,39
680,18	1148,91
680,37	1155,05
680,55	1210,35
680,74	1128,43
680,93	1169,39
681,11	1177,58
681,30	1142,77
681,48	1214,45
681,67	1161,20
681,85	1189,87
682,04	1171,44
682,23	1181,68
682,41	1148,91
682,60	1210,35
682,78	1064,94
682,97	1222,64
683,15	1179,63
683,34	1204,21
683,53	1196,01
683,71	1159,15
683,90	1224,69
684,08	1181,68
684,27	1130,48
684,45	1175,53
684,64	1150,96
684,82	1150,96
685,01	1161,20
685,19	1101,81
685,38	1214,45
685,57	1150,96
685,75	1173,49
685,94	1198,06
686,12	1112,05
686,31	1138,67
686,49	1187,82
686,68	1077,23
686,86	1097,71
687,05	1273,84
687,23	1165,29
687,42	1153,01
687,60	1220,59
687,79	1255,40
687,97	1165,29
688,16	1185,77
688,34	1181,68
688,53	1138,67
688,71	1146,86
688,90	1187,82
689,08	1228,78
689,27	1206,25
689,45	1150,96
689,64	1171,44
689,82	1179,63
690,01	1175,53
690,19	1167,34
690,38	1179,63
690,56	1191,92
690,75	1101,81
690,93	1200,11
691,12	1193,97
691,30	1183,73
691,49	1183,73
691,67	1179,63
691,86	1132,53
692,04	1234,93
692,23	1112,05
692,41	1167,34
692,60	1220,59
692,78	1239,02
692,97	1161,20
693,15	1189,87
693,34	1167,34
693,52	1126,38
693,71	1230,83
693,89	1136,62
694,08	1163,25
694,26	1157,10
694,44	1150,96
694,63	1148,91
694,81	1196,01
695,00	1200,11
695,18	1177,58
695,37	1134,57
695,55	1212,40
695,74	1257,45
695,92	1236,97
696,10	1185,77
696,29	1179,63
696,47	1243,12
696,66	1169,39
696,84	1144,81
697,03	1210,35
697,21	1193,97
697,40	1200,11
697,58	1189,87
697,76	1150,96
697,95	1124,33
698,13	1189,87
698,32	1193,97
698,50	1150,96
698,68	1208,30
698,87	1157,10
699,05	1126,38
699,24	1179,63
699,42	1193,97
699,61	1212,40
699,79	1142,77
699,97	1157,10
700,16	1134,57
700,34	1198,06
700,53	1161,20
700,71	1183,73
700,89	1169,39
701,08	1130,48
701,26	1171,44
701,45	1298,41
701,63	1169,39
701,81	1122,29
702,00	1161,20
702,18	1191,92
702,37	1183,73
702,55	1153,01
702,73	1226,73
702,92	1183,73
703,10	1183,73
703,28	1181,68
703,47	1196,01
703,65	1171,44
703,84	1216,49
704,02	1159,15
704,20	1179,63
704,39	1179,63
704,57	1218,54
704,75	1159,15
704,94	1200,11
705,12	1202,16
705,30	1124,33
705,49	1085,42
705,67	1169,39
705,86	1196,01
706,04	1153,01
706,22	1177,58
706,41	1234,93
706,59	1185,77
706,77	1284,08
706,96	1157,10
707,14	1191,92
707,32	1142,77
707,51	1187,82
707,69	1144,81
707,87	1177,58
708,06	1212,40
708,24	1165,29
708,42	1134,57
708,61	1208,30
708,79	1228,78
708,97	1163,25
709,16	1114,10
709,34	1222,64
709,52	1167,34
709,71	1210,35
709,89	1157,10
710,07	1153,01
710,26	1179,63
710,44	1222,64
710,62	1146,86
710,80	1130,48
710,99	1198,06
711,17	1179,63
711,35	1132,53
711,54	1146,86
711,72	1202,16
711,90	1206,25
712,09	1112,05
712,27	1167,34
712,45	1097,71
712,63	1177,58
712,82	1175,53
713,00	1105,90
713,18	1183,73
713,37	1097,71
713,55	1228,78
713,73	1177,58
713,91	1177,58
714,10	1112,05
714,28	1161,20
714,46	1206,25
714,65	1173,49
714,83	1234,93
715,01	1208,30
715,19	1187,82
715,38	1206,25
715,56	1136,62
715,74	1189,87
715,92	1236,97
716,11	1230,83
716,29	1198,06
716,47	1185,77
716,65	1245,16
716,84	1239,02
717,02	1112,05
717,20	1157,10
717,38	1210,35
717,57	1204,21
717,75	1181,68
717,93	1239,02
718,11	1120,24
718,30	1073,14
718,48	1150,96
718,66	1216,49
718,84	1181,68
719,03	1179,63
719,21	1220,59
719,39	1232,88
719,57	1110,00
719,75	1189,87
719,94	1185,77
720,12	1159,15
720,30	1193,97
720,48	1124,33
720,67	1200,11
720,85	1163,25
721,03	1126,38
721,21	1202,16
721,39	1157,10
721,58	1191,92
721,76	1220,59
721,94	1185,77
722,12	1161,20
722,30	1214,45
722,49	1157,10
722,67	1222,64
722,85	1187,82
723,03	1181,68
723,21	1146,86
723,40	1144,81
723,58	1165,29
723,76	1165,29
723,94	1140,72
724,12	1167,34
724,30	1159,15
724,49	1214,45
724,67	1163,25
724,85	1226,73
725,03	1206,25
725,21	1142,77
725,40	1196,01
725,58	1198,06
725,76	1103,86
725,94	1134,57
726,12	1179,63
726,30	1136,62
726,49	1138,67
726,67	1226,73
726,85	1167,34
727,03	1173,49
727,21	1161,20
727,39	1155,05
727,57	1200,11
727,76	1189,87
727,94	1179,63
728,12	1200,11
728,30	1185,77
728,48	1130,48
728,66	1142,77
728,84	1208,30
729,03	1157,10
729,21	1138,67
729,39	1239,02
729,57	1175,53
729,75	1138,67
729,93	1251,31
730,11	1163,25
730,30	1165,29
730,48	1243,12
730,66	1165,29
730,84	1222,64
731,02	1150,96
731,20	1206,25
731,38	1105,90
731,56	1183,73
731,74	1167,34
731,93	1097,71
732,11	1114,10
732,29	1153,01
732,47	1153,01
732,65	1216,49
732,83	1187,82
733,01	1220,59
733,19	1200,11
733,37	1161,20
733,56	1112,05
733,74	1198,06
733,92	1175,53
734,10	1204,21
734,28	1179,63
734,46	1126,38
734,64	1222,64
734,82	1251,31
735,00	1153,01
735,18	1241,07
735,36	1124,33
735,54	1204,21
735,73	1155,05
735,91	1163,25
736,09	1138,67
736,27	1204,21
736,45	1163,25
736,63	1257,45
736,81	1177,58
736,99	1179,63
737,17	1183,73
737,35	1193,97
737,53	1138,67
737,71	1122,29
737,89	1159,15
738,07	1175,53
738,25	1134,57
738,43	1138,67
738,61	1159,15
738,80	1271,79
738,98	1142,77
739,16	1175,53
739,34	1157,10
739,52	1159,15
739,70	1196,01
739,88	1187,82
740,06	1181,68
740,24	1189,87
740,42	1114,10
740,60	1175,53
740,78	1187,82
740,96	1210,35
741,14	1185,77
741,32	1267,69
741,50	1179,63
741,68	1198,06
741,86	1193,97
742,04	1124,33
742,22	1175,53
742,40	1183,73
742,58	1093,62
742,76	1189,87
742,94	1130,48
743,12	1183,73
743,30	1159,15
743,48	1148,91
743,66	1210,35
743,84	1187,82
744,02	1202,16
744,20	1183,73
744,38	1136,62
744,56	1105,90
744,74	1142,77
744,92	1222,64
745,10	1179,63
745,28	1206,25
745,46	1071,09
745,64	1191,92
745,82	1173,49
746,00	1216,49
746,18	1153,01
746,36	1130,48
746,54	1171,44
746,72	1228,78
746,90	1171,44
747,08	1181,68
747,26	1218,54
747,44	1226,73
747,62	1171,44
747,80	1163,25
747,98	1200,11
748,15	1222,64
748,33	1200,11
748,51	1175,53
748,69	1159,15
748,87	1249,26
749,05	1226,73
749,23	1138,67
749,41	1185,77
749,59	1153,01
749,77	1122,29
749,95	1222,64
750,13	1157,10
750,31	1150,96
750,49	1146,86
750,67	1142,77
750,85	1118,19
751,03	1177,58
751,20	1173,49
751,38	1177,58
751,56	1177,58
751,74	1210,35
751,92	1222,64
752,10	1206,25
752,28	1142,77
752,46	1136,62
752,64	1191,92
752,82	1124,33
753,00	1138,67
753,18	1193,97
753,35	1179,63
753,53	1243,12
753,71	1150,96
753,89	1126,38
754,07	1232,88
754,25	1220,59
754,43	1136,62
754,61	1134,57
754,79	1198,06
754,97	1183,73
755,14	1236,97
755,32	1191,92
755,50	1132,53
755,68	1193,97
755,86	1163,25
756,04	1239,02
756,22	1232,88
756,40	1138,67
756,57	1146,86
756,75	1159,15
756,93	1161,20
757,11	1232,88
757,29	1249,26
757,47	1083,38
757,65	1204,21
757,82	1216,49
758,00	1200,11
758,18	1155,05
758,36	1148,91
758,54	1091,57
758,72	1191,92
758,90	1234,93
759,07	1187,82
759,25	1110,00
759,43	1167,34
759,61	1150,96
759,79	1163,25
759,97	1191,92
760,15	1187,82
760,32	1251,31
760,50	1144,81
760,68	1173,49
760,86	1138,67
761,04	1142,77
761,22	1216,49
761,39	1142,77
761,57	1196,01
761,75	1144,81
761,93	1171,44
762,11	1216,49
762,28	1175,53
762,46	1155,05
762,64	1179,63
762,82	1189,87
763,00	1130,48
763,18	1189,87
763,35	1179,63
763,53	1140,72
763,71	1124,33
763,89	1089,52
764,07	1185,77
764,24	1148,91
764,42	1189,87
764,60	1179,63
764,78	1191,92
764,96	1097,71
765,13	1226,73
765,31	1214,45
765,49	1204,21
765,67	1216,49
765,84	1161,20
766,02	1175,53
766,20	1163,25
766,38	1181,68
766,56	1173,49
766,73	1247,21
766,91	1187,82
767,09	1216,49
767,27	1202,16
767,44	1255,40
767,62	1122,29
767,80	1177,58
767,98	1130,48
768,15	1124,33
768,33	1153,01
768,51	1181,68
768,69	1150,96
768,87	1173,49
769,04	1181,68
769,22	1173,49
769,40	1212,40
769,58	1159,15
769,75	1196,01
769,93	1175,53
770,11	1159,15
770,28	1159,15
770,46	1196,01
770,64	1234,93
770,82	1181,68
770,99	1210,35
771,17	1171,44
771,35	1163,25
771,53	1212,40
771,70	1187,82
771,88	1150,96
772,06	1150,96
772,23	1169,39
772,41	1196,01
772,59	1187,82
772,77	1212,40
772,94	1120,24
773,12	1138,67
773,30	1161,20
773,47	1183,73
773,65	1138,67
773,83	1134,57
774,01	1210,35
774,18	1189,87
774,36	1179,63
774,54	1198,06
774,71	1185,77
774,89	1257,45
775,07	1138,67
775,24	1292,27
775,42	1128,43
775,60	1130,48
775,78	1179,63
775,95	1165,29
776,13	1173,49
776,31	1173,49
776,48	1167,34
776,66	1179,63
776,84	1216,49
777,01	1175,53
777,19	1161,20
777,37	1226,73
777,54	1118,19
777,72	1198,06
777,90	1189,87
778,07	1189,87
778,25	1148,91
778,43	1222,64
778,60	1122,29
778,78	1171,44
778,96	1124,33
779,13	1187,82
779,31	1228,78
779,49	1214,45
779,66	1243,12
779,84	1222,64
780,01	1179,63
780,19	1181,68
780,37	1150,96
780,54	1198,06
780,72	1253,36
780,90	1126,38
781,07	1148,91
781,25	1163,25
781,43	1236,97
781,60	1155,05
781,78	1232,88
781,95	1126,38
782,13	1146,86
782,31	1101,81
782,48	1222,64
782,66	1181,68
782,83	1220,59
783,01	1110,00
783,19	1155,05
783,36	1167,34
783,54	1243,12
783,72	1177,58
783,89	1146,86
784,07	1214,45
784,24	1214,45
784,42	1155,05
784,60	1155,05
784,77	1181,68
784,95	1179,63
785,12	1179,63
785,30	1138,67
785,47	1198,06
785,65	1163,25
785,83	1183,73
786,00	1185,77
786,18	1148,91
786,35	1161,20
786,53	1159,15
786,71	1167,34
786,88	1181,68
787,06	1210,35
787,23	1118,19
787,41	1220,59
787,58	1175,53
787,76	1196,01
787,94	1120,24
788,11	1236,97
788,29	1179,63
788,46	1236,97
788,64	1118,19
788,81	1148,91
788,99	1173,49
789,16	1245,16
789,34	1253,36
789,52	1206,25
789,69	1132,53
789,87	1196,01
790,04	1148,91
790,22	1181,68
790,39	1198,06
790,57	1224,69
790,74	1193,97
790,92	1128,43
791,09	1134,57
791,27	1204,21
791,44	1167,34
791,62	1206,25
791,79	1128,43
791,97	1177,58
792,15	1181,68
792,32	1173,49
792,50	1208,30
792,67	1134,57
792,85	1212,40
793,02	1101,81
793,20	1150,96
793,37	1150,96
793,55	1193,97
793,72	1198,06
793,90	1214,45
794,07	1148,91
794,25	1206,25
794,42	1249,26
794,60	1107,95
794,77	1196,01
794,95	1196,01
795,12	1191,92
795,30	1171,44
795,47	1193,97
795,65	1216,49
795,82	1110,00
796,00	1210,35
796,17	1159,15
796,34	1183,73
796,52	1140,72
796,69	1204,21
796,87	1230,83
797,04	1183,73
797,22	1173,49
797,39	1173,49
797,57	1171,44
797,74	1177,58
797,92	1163,25
798,09	1175,53
798,27	1138,67
798,44	1181,68
798,62	1118,19
798,79	1161,20
798,96	1134,57
799,14	1181,68
799,31	1126,38
799,49	1243,12
799,66	1134,57
799,84	1171,44
800,01	1155,05
800,19	1181,68
800,36	1185,77
800,53	1175,53
800,71	1198,06
800,88	1161,20
801,06	1136,62
801,23	1128,43
801,41	1155,05
801,58	1191,92
801,75	1101,81
801,93	1189,87
802,10	1185,77
802,28	1175,53
802,45	1226,73
802,63	1208,30
802,80	1140,72
802,97	1206,25
803,15	1198,06
803,32	1206,25
803,50	1142,77
803,67	1173,49
803,84	1159,15
804,02	1161,20
804,19	1173,49
804,37	1222,64
804,54	1210,35
804,71	1204,21
804,89	1200,11
805,06	1198,06
805,24	1150,96
805,41	1161,20
805,58	1191,92
805,76	1150,96
805,93	1157,10
806,10	1107,95
806,28	1112,05
806,45	1191,92
806,63	1140,72
806,80	1206,25
806,97	1138,67
807,15	1159,15
807,32	1187,82
807,49	1148,91
807,67	1181,68
807,84	1183,73
808,01	1150,96
808,19	1165,29
808,36	1157,10
808,54	1155,05
808,71	1136,62
808,88	1157,10
809,06	1191,92
809,23	1099,76
809,40	1165,29
809,58	1161,20
809,75	1175,53
809,92	1183,73
810,10	1167,34
810,27	1183,73
810,44	1120,24
810,62	1179,63
810,79	1157,10
810,96	1200,11
811,14	1116,14
811,31	1179,63
811,48	1245,16
811,66	1200,11
811,83	1171,44
812,00	1239,02
812,18	1150,96
812,35	1191,92
812,52	1193,97
812,69	1165,29
812,87	1218,54
813,04	1171,44
813,21	1191,92
813,39	1128,43
813,56	1228,78
813,73	1138,67
813,91	1228,78
814,08	1167,34
814,25	1146,86
814,42	1177,58
814,60	1144,81
814,77	1167,34
814,94	1179,63
815,12	1222,64
815,29	1114,10
815,46	1167,34
815,63	1193,97
815,81	1210,35
815,98	1181,68
816,15	1175,53
816,33	1091,57
816,50	1171,44
816,67	1191,92
816,84	1177,58
817,02	1200,11
817,19	1142,77
817,36	1177,58
817,53	1198,06
817,71	1140,72
817,88	1134,57
818,05	1150,96
818,22	1226,73
818,40	1224,69
818,57	1179,63
818,74	1181,68
818,91	1155,05
819,09	1179,63
819,26	1105,90
819,43	1218,54
819,60	1177,58
819,78	1191,92
819,95	1191,92
820,12	1200,11
820,29	1200,11
820,47	1200,11
820,64	1216,49
820,81	1146,86
820,98	1175,53
821,15	1153,01
821,33	1216,49
821,50	1159,15
821,67	1165,29
821,84	1157,10
822,02	1173,49
822,19	1187,82
822,36	1228,78
822,53	1110,00
822,70	1206,25
822,88	1134,57
823,05	1198,06
823,22	1249,26
823,39	1210,35
823,56	1159,15
823,74	1146,86
823,91	1124,33
824,08	1150,96
824,25	1257,45
824,42	1140,72
824,60	1122,29
824,77	1144,81
824,94	1173,49
825,11	1241,07
825,28	1236,97
825,45	1187,82
825,63	1140,72
825,80	1165,29
825,97	1165,29
826,14	1220,59
826,31	1191,92
826,48	1165,29
826,66	1187,82
826,83	1150,96
827,00	1134,57
827,17	1134,57
827,34	1144,81
827,51	1196,01
827,69	1234,93
827,86	1167,34
828,03	1157,10
828,20	1191,92
828,37	1210,35
828,54	1243,12
828,71	1085,42
828,89	1200,11
829,06	1167,34
829,23	1179,63
829,40	1249,26
829,57	1165,29
829,74	1077,23
829,91	1181,68
830,09	1105,90
830,26	1157,10
830,43	1191,92
830,60	1120,24
830,77	1153,01
830,94	1216,49
831,11	1163,25
831,28	1142,77
831,46	1193,97
831,63	1193,97
831,80	1163,25
831,97	1216,49
832,14	1093,62
832,31	1239,02
832,48	1144,81
832,65	1120,24
832,82	1126,38
832,99	1181,68
833,17	1153,01
833,34	1220,59
833,51	1189,87
833,68	1161,20
833,85	1122,29
834,02	1118,19
834,19	1198,06
834,36	1206,25
834,53	1220,59
834,70	1064,94
834,87	1140,72
835,04	1206,25
835,22	1187,82
835,39	1220,59
835,56	1187,82
835,73	1155,05
835,90	1146,86
836,07	1191,92
836,24	1159,15
836,41	1157,10
836,58	1177,58
836,75	1189,87
836,92	1206,25
837,09	1228,78
837,26	1208,30
837,43	1232,88
837,60	1212,40
837,77	1181,68
837,94	1220,59
838,12	1175,53
838,29	1144,81
838,46	1255,40
838,63	1206,25
838,80	1132,53
838,97	1079,28
839,14	1095,66
839,31	1126,38
839,48	1198,06
839,65	1153,01
839,82	1159,15
839,99	1155,05
840,16	1169,39
840,33	1187,82
840,50	1159,15
840,67	1155,05
840,84	1187,82
841,01	1157,10
841,18	1159,15
841,35	1157,10
841,52	1212,40
841,69	1163,25
841,86	1222,64
842,03	1144,81
842,20	1167,34
842,37	1171,44
842,54	1224,69
842,71	1208,30
842,88	1189,87
843,05	1142,77
843,22	1230,83
843,39	1181,68
843,56	1214,45
843,73	1200,11
843,90	1204,21
844,07	1169,39
844,24	1140,72
844,41	1130,48
844,58	1175,53
844,75	1134,57
844,92	1171,44
845,09	1126,38
845,26	1114,10
845,43	1212,40
845,60	1228,78
845,77	1204,21
845,94	1239,02
846,10	1212,40
846,27	1222,64
846,44	1124,33
846,61	1169,39
846,78	1150,96
846,95	1204,21
847,12	1177,58
847,29	1103,86
847,46	1230,83
847,63	1118,19
847,80	1243,12
847,97	1234,93
848,14	1196,01
848,31	1171,44
848,48	1155,05
848,65	1253,36
848,82	1095,66
848,98	1148,91
849,15	1169,39
849,32	1163,25
849,49	1224,69
849,66	1134,57
849,83	1171,44
850,00	1116,14
850,17	1261,55
850,34	1120,24
850,51	1179,63
850,68	1216,49
850,85	1150,96
851,01	1198,06
851,18	1214,45
851,35	1167,34
851,52	1146,86
851,69	1140,72
851,86	1159,15
852,03	1105,90
852,20	1171,44
852,37	1159,15
852,53	1110,00
852,70	1175,53
852,87	1202,16
853,04	1177,58
853,21	1089,52
853,38	1171,44
853,55	1202,16
853,72	1200,11
853,89	1241,07
854,05	1146,86
854,22	1177,58
854,39	1222,64
854,56	1249,26
854,73	1136,62
854,90	1122,29
855,07	1112,05
855,23	1220,59
855,40	1179,63
855,57	1101,81
855,74	1204,21
855,91	1206,25
856,08	1157,10
856,25	1175,53
856,41	1185,77
856,58	1196,01
856,75	1130,48
856,92	1118,19
857,09	1150,96
857,26	1150,96
857,42	1171,44
857,59	1126,38
857,76	1155,05
857,93	1177,58
858,10	1183,73
858,27	1159,15
858,43	1173,49
858,60	1112,05
858,77	1198,06
858,94	1144,81
859,11	1177,58
859,27	1167,34
859,44	1167,34
859,61	1122,29
859,78	1218,54
859,95	1146,86
860,12	1202,16
860,28	1193,97
860,45	1232,88
860,62	1183,73
860,79	1222,64
860,95	1275,88
861,12	1110,00
861,29	1183,73
861,46	1200,11
861,63	1118,19
861,79	1163,25
861,96	1204,21
862,13	1198,06
862,30	1175,53
862,47	1175,53
862,63	1179,63
862,80	1126,38
862,97	1191,92
863,14	1157,10
863,30	1218,54
863,47	1183,73
863,64	1189,87
863,81	1218,54
863,97	1191,92
864,14	1179,63
864,31	1232,88
864,48	1183,73
864,65	1173,49
864,81	1234,93
864,98	1198,06
865,15	1142,77
865,32	1200,11
865,48	1212,40
865,65	1155,05
865,82	1189,87
865,98	1191,92
866,15	1206,25
866,32	1193,97
866,49	1189,87
866,65	1171,44
866,82	1169,39
866,99	1196,01
867,16	1146,86
867,32	1222,64
867,49	1216,49
867,66	1265,64
867,83	1239,02
867,99	1214,45
868,16	1220,59
868,33	1191,92
868,49	1167,34
868,66	1171,44
868,83	1155,05
868,99	1189,87
869,16	1230,83
869,33	1155,05
869,50	1159,15
869,66	1161,20
869,83	1210,35
870,00	1169,39
870,16	1163,25
870,33	1255,40
870,50	1183,73
870,66	1142,77
870,83	1228,78
871,00	1134,57
871,17	1208,30
871,33	1122,29
871,50	1130,48
871,67	1148,91
871,83	1140,72
872,00	1150,96
872,17	1212,40
872,33	1175,53
872,50	1099,76
872,67	1183,73
872,83	1130,48
873,00	1218,54
873,17	1196,01
873,33	1167,34
873,50	1167,34
873,67	1116,14
873,83	1167,34
874,00	1208,30
874,16	1173,49
874,33	1140,72
874,50	1232,88
874,66	1099,76
874,83	1140,72
875,00	1146,86
875,16	1142,77
875,33	1148,91
875,50	1130,48
875,66	1136,62
875,83	1150,96
875,99	1171,44
876,16	1126,38
876,33	1142,77
876,49	1155,05
876,66	1110,00
876,83	1210,35
876,99	1169,39
877,16	1212,40
877,32	1179,63
877,49	1167,34
877,66	1122,29
877,82	1167,34
877,99	1130,48
878,15	1165,29
878,32	1234,93
878,49	1189,87
878,65	1114,10
878,82	1210,35
878,98	1198,06
879,15	1222,64
879,32	1198,06
879,48	1128,43
879,65	1183,73
879,81	1239,02
879,98	1159,15
880,15	1114,10
880,31	1183,73
880,48	1189,87
880,64	1163,25
880,81	1146,86
880,97	1099,76
881,14	1239,02
881,31	1081,33
881,47	1132,53
881,64	1120,24
881,80	1148,91
881,97	1191,92
882,13	1146,86
882,30	1269,74
882,47	1198,06
882,63	1204,21
882,80	1171,44
882,96	1177,58
883,13	1204,21
883,29	1218,54
883,46	1140,72
883,62	1157,10
883,79	1126,38
883,95	1214,45
884,12	1236,97
884,29	1169,39
884,45	1142,77
884,62	1232,88
884,78	1153,01
884,95	1187,82
885,11	1130,48
885,28	1228,78
885,44	1179,63
885,61	1150,96
885,77	1189,87
885,94	1200,11
886,10	1179,63
886,27	1167,34
886,43	1167,34
886,60	1163,25
886,76	1161,20
886,93	1189,87
887,09	1146,86
887,26	1122,29
887,42	1169,39
887,59	1159,15
887,75	1214,45
887,92	1136,62
888,08	1228,78
888,25	1185,77
888,41	1155,05
888,58	1163,25
888,74	1222,64
888,91	1116,14
