177,47	1157,10
177,69	1157,10
177,91	1157,10
178,13	1183,73
178,36	1181,68
178,58	1245,16
178,80	1196,01
179,02	1120,24
179,24	1134,57
179,46	1177,58
179,68	1191,92
179,90	1212,40
180,13	1202,16
180,35	1181,68
180,57	1216,49
180,79	1187,82
181,01	1167,34
181,23	1148,91
181,45	1222,64
181,67	1212,40
181,90	1173,49
182,12	1214,45
182,34	1206,25
182,56	1241,07
182,78	1189,87
183,00	1193,97
183,22	1136,62
183,44	1150,96
183,66	1247,21
183,89	1177,58
184,11	1155,05
184,33	1107,95
184,55	1155,05
184,77	1116,14
184,99	1177,58
185,21	1220,59
185,43	1153,01
185,65	1212,40
185,87	1079,28
186,10	1159,15
186,32	1173,49
186,54	1169,39
186,76	1171,44
186,98	1179,63
187,20	1165,29
187,42	1234,93
187,64	1204,21
187,86	1179,63
188,08	1257,45
188,30	1175,53
188,52	1128,43
188,75	1165,29
188,97	1165,29
189,19	1241,07
189,41	1134,57
189,63	1130,48
189,85	1161,20
190,07	1196,01
190,29	1136,62
190,51	1146,86
190,73	1249,26
190,95	1173,49
191,17	1277,93
191,39	1138,67
191,61	1138,67
191,84	1150,96
192,06	1130,48
192,28	1200,11
192,50	1183,73
192,72	1159,15
192,94	1161,20
193,16	1183,73
193,38	1189,87
193,60	1150,96
193,82	1226,73
194,04	1253,36
194,26	1196,01
194,48	1130,48
194,70	1161,20
194,92	1153,01
195,14	1157,10
195,36	1165,29
195,58	1249,26
195,80	1206,25
196,02	1198,06
196,24	1165,29
196,46	1191,92
196,69	1159,15
196,91	1126,38
197,13	1224,69
197,35	1124,33
197,57	1189,87
197,79	1122,29
198,01	1116,14
198,23	1249,26
198,45	1175,53
198,67	1202,16
198,89	1110,00
199,11	1187,82
199,33	1150,96
199,55	1136,62
199,77	1222,64
199,99	1142,77
200,21	1200,11
200,43	1230,83
200,65	1153,01
200,87	1206,25
201,09	1153,01
201,31	1179,63
201,53	1116,14
201,75	1224,69
201,97	1183,73
202,19	1148,91
202,41	1193,97
202,63	1165,29
202,85	1183,73
203,07	1179,63
203,29	1171,44
203,51	1138,67
203,73	1245,16
203,95	1210,35
204,17	1193,97
204,39	1247,21
204,61	1112,05
204,83	1230,83
205,05	1204,21
205,27	1159,15
205,49	1062,90
205,71	1105,90
205,93	1142,77
206,15	1163,25
206,37	1183,73
206,59	1210,35
206,81	1114,10
207,03	1185,77
207,25	1206,25
207,47	1212,40
207,69	1110,00
207,91	1153,01
208,13	1142,77
208,34	1253,36
208,56	1175,53
208,78	1189,87
209,00	1171,44
209,22	1167,34
209,44	1165,29
209,66	1185,77
209,88	1173,49
210,10	1146,86
210,32	1142,77
210,54	1118,19
210,76	1153,01
210,98	1150,96
211,20	1193,97
211,42	1187,82
211,64	1126,38
211,86	1148,91
212,08	1114,10
212,30	1218,54
212,52	1196,01
212,74	1101,81
212,96	1146,86
213,17	1181,68
213,39	1269,74
213,61	1161,20
213,83	1155,05
214,05	1228,78
214,27	1155,05
214,49	1138,67
214,71	1089,52
214,93	1142,77
215,15	1226,73
215,37	1167,34
215,59	1198,06
215,81	1185,77
216,03	1224,69
216,24	1173,49
216,46	1185,77
216,68	1105,90
216,90	1171,44
217,12	1165,29
217,34	1189,87
217,56	1224,69
217,78	1187,82
218,00	1126,38
218,22	1161,20
218,44	1167,34
218,66	1198,06
218,87	1228,78
219,09	1175,53
219,31	1175,53
219,53	1204,21
219,75	1171,44
219,97	1196,01
220,19	1187,82
220,41	1200,11
220,63	1189,87
220,85	1071,09
221,06	1191,92
221,28	1155,05
221,50	1146,86
221,72	1155,05
221,94	1173,49
222,16	1120,24
222,38	1177,58
222,60	1159,15
222,82	1236,97
223,03	1202,16
223,25	1171,44
223,47	1120,24
223,69	1110,00
223,91	1196,01
224,13	1142,77
224,35	1220,59
224,57	1124,33
224,78	1177,58
225,00	1144,81
225,22	1249,26
225,44	1253,36
225,66	1241,07
225,88	1167,34
226,10	1126,38
226,32	1200,11
226,53	1157,10
226,75	1085,42
226,97	1163,25
227,19	1216,49
227,41	1159,15
227,63	1187,82
227,85	1224,69
228,06	1224,69
228,28	1193,97
228,50	1224,69
228,72	1189,87
228,94	1183,73
229,16	1150,96
229,37	1265,64
229,59	1245,16
229,81	1198,06
230,03	1189,87
230,25	1179,63
230,47	1198,06
230,69	1208,30
230,90	1175,53
231,12	1222,64
231,34	1263,60
231,56	1126,38
231,78	1191,92
232,00	1153,01
232,21	1222,64
232,43	1138,67
232,65	1216,49
232,87	1155,05
233,09	1128,43
233,30	1251,31
233,52	1216,49
233,74	1167,34
233,96	1134,57
234,18	1249,26
234,40	1206,25
234,61	1165,29
234,83	1185,77
235,05	1251,31
235,27	1134,57
235,49	1153,01
235,70	1140,72
235,92	1196,01
236,14	1191,92
236,36	1181,68
236,58	1161,20
236,79	1206,25
237,01	1204,21
237,23	1167,34
237,45	1177,58
237,67	1200,11
237,88	1146,86
238,10	1134,57
238,32	1146,86
238,54	1189,87
238,76	1134,57
238,97	1134,57
239,19	1132,53
239,41	1175,53
239,63	1185,77
239,85	1245,16
240,06	1159,15
240,28	1245,16
240,50	1220,59
240,72	1159,15
240,93	1159,15
241,15	1146,86
241,37	1204,21
241,59	1153,01
241,81	1236,97
242,02	1200,11
242,24	1253,36
242,46	1239,02
242,68	1136,62
242,89	1132,53
243,11	1163,25
243,33	1208,30
243,55	1183,73
243,76	1146,86
243,98	1187,82
244,20	1069,04
244,42	1196,01
244,64	1181,68
244,85	1185,77
245,07	1185,77
245,29	1175,53
245,51	1222,64
245,72	1155,05
245,94	1181,68
246,16	1153,01
246,38	1146,86
246,59	1155,05
246,81	1193,97
247,03	1179,63
247,24	1208,30
247,46	1126,38
247,68	1171,44
247,90	1185,77
248,11	1124,33
248,33	1196,01
248,55	1196,01
248,77	1159,15
248,98	1218,54
249,20	1159,15
249,42	1269,74
249,64	1153,01
249,85	1146,86
250,07	1228,78
250,29	1173,49
250,50	1146,86
250,72	1255,40
250,94	1202,16
251,16	1185,77
251,37	1169,39
251,59	1177,58
251,81	1173,49
252,02	1171,44
252,24	1224,69
252,46	1128,43
252,68	1110,00
252,89	1187,82
253,11	1179,63
253,33	1185,77
253,54	1232,88
253,76	1124,33
253,98	1202,16
254,20	1222,64
254,41	1171,44
254,63	1148,91
254,85	1200,11
255,06	1157,10
255,28	1181,68
255,50	1245,16
255,71	1165,29
255,93	1204,21
256,15	1124,33
256,36	1181,68
256,58	1157,10
256,80	1263,60
257,02	1150,96
257,23	1134,57
257,45	1202,16
257,67	1247,21
257,88	1169,39
258,10	1136,62
258,32	1183,73
258,53	1216,49
258,75	1142,77
258,97	1163,25
259,18	1128,43
259,40	1230,83
259,62	1175,53
259,83	1249,26
260,05	1175,53
260,27	1202,16
260,48	1083,38
260,70	1196,01
260,92	1150,96
261,13	1075,18
261,35	1169,39
261,57	1224,69
261,78	1171,44
262,00	1216,49
262,22	1198,06
262,43	1208,30
262,65	1187,82
262,86	1169,39
263,08	1187,82
263,30	1159,15
263,51	1146,86
263,73	1179,63
263,95	1191,92
264,16	1081,33
264,38	1150,96
264,60	1196,01
264,81	1181,68
265,03	1132,53
265,25	1181,68
265,46	1157,10
265,68	1214,45
265,89	1196,01
266,11	1079,28
266,33	1191,92
266,54	1130,48
266,76	1171,44
266,98	1112,05
267,19	1148,91
267,41	1134,57
267,62	1198,06
267,84	1228,78
268,06	1144,81
268,27	1153,01
268,49	1189,87
268,70	1220,59
268,92	1150,96
269,14	1179,63
269,35	1214,45
269,57	1142,77
269,79	1193,97
270,00	1167,34
270,22	1110,00
270,43	1216,49
270,65	1177,58
270,87	1257,45
271,08	1179,63
271,30	1214,45
271,51	1167,34
271,73	1200,11
271,95	1206,25
272,16	1218,54
272,38	1247,21
272,59	1173,49
272,81	1128,43
273,02	1173,49
273,24	1220,59
273,46	1120,24
273,67	1132,53
273,89	1157,10
274,10	1218,54
274,32	1222,64
274,54	1146,86
274,75	1191,92
274,97	1161,20
275,18	1191,92
275,40	1161,20
275,61	1212,40
275,83	1124,33
276,05	1157,10
276,26	1148,91
276,48	1196,01
276,69	1218,54
276,91	1169,39
277,12	1169,39
277,34	1183,73
277,55	1187,82
277,77	1220,59
277,99	1179,63
278,20	1167,34
278,42	1185,77
278,63	1112,05
278,85	1157,10
279,06	1187,82
279,28	1275,88
279,49	1241,07
279,71	1157,10
279,93	1198,06
280,14	1241,07
280,36	1218,54
280,57	1165,29
280,79	1187,82
281,00	1226,73
281,22	1202,16
281,43	1177,58
281,65	1236,97
281,86	1189,87
282,08	1212,40
282,29	1116,14
282,51	1230,83
282,73	1171,44
282,94	1189,87
283,16	1218,54
283,37	1224,69
283,59	1245,16
283,80	1187,82
284,02	1179,63
284,23	1212,40
284,45	1130,48
284,66	1142,77
284,88	1144,81
285,09	1144,81
285,31	1247,21
285,52	1107,95
285,74	1148,91
285,95	1167,34
286,17	1171,44
286,38	1138,67
286,60	1155,05
286,81	1169,39
287,03	1214,45
287,24	1183,73
287,46	1110,00
287,67	1228,78
287,89	1243,12
288,10	1142,77
288,32	1173,49
288,53	1200,11
288,75	1140,72
288,96	1202,16
289,18	1120,24
289,39	1200,11
289,61	1165,29
289,82	1196,01
290,04	1142,77
290,25	1105,90
290,47	1167,34
290,68	1114,10
290,90	1173,49
291,11	1191,92
291,33	1148,91
291,54	1236,97
291,76	1167,34
291,97	1210,35
292,18	1146,86
292,40	1173,49
292,61	1097,71
292,83	1189,87
293,04	1155,05
293,26	1159,15
293,47	1208,30
293,69	1171,44
293,90	1247,21
294,12	1134,57
294,33	1183,73
294,55	1181,68
294,76	1249,26
294,97	1161,20
295,19	1110,00
295,40	1155,05
295,62	1173,49
295,83	1138,67
296,05	1126,38
296,26	1177,58
296,48	1175,53
296,69	1181,68
296,90	1249,26
297,12	1198,06
297,33	1130,48
297,55	1169,39
297,76	1222,64
297,98	1187,82
298,19	1212,40
298,41	1212,40
298,62	1165,29
298,83	1144,81
299,05	1177,58
299,26	1144,81
299,48	1243,12
299,69	1140,72
299,90	1177,58
300,12	1181,68
300,33	1210,35
300,55	1193,97
300,76	1128,43
300,98	1155,05
301,19	1171,44
301,40	1179,63
301,62	1128,43
301,83	1169,39
302,05	1130,48
302,26	1157,10
302,47	1142,77
302,69	1216,49
302,90	1159,15
303,12	1179,63
303,33	1191,92
303,54	1173,49
303,76	1232,88
303,97	1226,73
304,19	1214,45
304,40	1155,05
304,61	1208,30
304,83	1185,77
305,04	1191,92
305,26	1132,53
305,47	1148,91
305,68	1245,16
305,90	1150,96
306,11	1077,23
306,33	1142,77
306,54	1150,96
306,75	1153,01
306,97	1220,59
307,18	1208,30
307,39	1200,11
307,61	1181,68
307,82	1200,11
308,04	1110,00
308,25	1206,25
308,46	1200,11
308,68	1177,58
308,89	1150,96
309,10	1218,54
309,32	1222,64
309,53	1210,35
309,74	1183,73
309,96	1226,73
310,17	1187,82
310,39	1144,81
310,60	1198,06
310,81	1245,16
311,03	1269,74
311,24	1179,63
311,45	1130,48
311,67	1171,44
311,88	1134,57
312,09	1130,48
312,31	1163,25
312,52	1148,91
312,73	1239,02
312,95	1169,39
313,16	1116,14
313,37	1177,58
313,59	1183,73
313,80	1189,87
314,01	1155,05
314,23	1208,30
314,44	1191,92
314,65	1136,62
314,87	1167,34
315,08	1181,68
315,29	1210,35
315,51	1202,16
315,72	1040,37
315,93	1140,72
316,15	1157,10
316,36	1155,05
316,57	1132,53
316,79	1126,38
317,00	1144,81
317,21	1187,82
317,43	1157,10
317,64	1155,05
317,85	1200,11
318,07	1193,97
318,28	1241,07
318,49	1230,83
318,70	1214,45
318,92	1175,53
319,13	1206,25
319,34	1193,97
319,56	1134,57
319,77	1208,30
319,98	1148,91
320,20	1191,92
320,41	1222,64
320,62	1146,86
320,83	1120,24
321,05	1144,81
321,26	1165,29
321,47	1091,57
321,69	1110,00
321,90	1198,06
322,11	1148,91
322,32	1157,10
322,54	1163,25
322,75	1142,77
322,96	1138,67
323,18	1150,96
323,39	1181,68
323,60	1144,81
323,81	1249,26
324,03	1181,68
324,24	1159,15
324,45	1175,53
324,66	1161,20
324,88	1198,06
325,09	1191,92
325,30	1183,73
325,52	1089,52
325,73	1122,29
325,94	1212,40
326,15	1179,63
326,37	1120,24
326,58	1247,21
326,79	1204,21
327,00	1200,11
327,22	1193,97
327,43	1157,10
327,64	1212,40
327,85	1095,66
328,07	1169,39
328,28	1198,06
328,49	1273,84
328,70	1191,92
328,92	1169,39
329,13	1185,77
329,34	1144,81
329,55	1165,29
329,76	1177,58
329,98	1140,72
330,19	1142,77
330,40	1173,49
330,61	1189,87
330,83	1216,49
331,04	1185,77
331,25	1179,63
331,46	1202,16
331,68	1210,35
331,89	1218,54
332,10	1150,96
332,31	1118,19
332,52	1062,90
332,74	1120,24
332,95	1171,44
333,16	1138,67
333,37	1191,92
333,58	1126,38
333,80	1200,11
334,01	1208,30
334,22	1179,63
334,43	1120,24
334,64	1167,34
334,86	1140,72
335,07	1136,62
335,28	1187,82
335,49	1204,21
335,70	1226,73
335,92	1175,53
336,13	1181,68
336,34	1245,16
336,55	1136,62
336,76	1177,58
336,98	1214,45
337,19	1191,92
337,40	1173,49
337,61	1177,58
337,82	1191,92
338,04	1105,90
338,25	1222,64
338,46	1120,24
338,67	1126,38
338,88	1265,64
339,09	1208,30
339,31	1191,92
339,52	1140,72
339,73	1230,83
339,94	1155,05
340,15	1239,02
340,36	1181,68
340,58	1241,07
340,79	1148,91
341,00	1140,72
341,21	1208,30
341,42	1189,87
341,63	1202,16
341,85	1202,16
342,06	1208,30
342,27	1118,19
342,48	1212,40
342,69	1165,29
342,90	1175,53
343,12	1169,39
343,33	1202,16
343,54	1218,54
343,75	1232,88
343,96	1200,11
344,17	1196,01
344,38	1202,16
344,60	1210,35
344,81	1222,64
345,02	1183,73
345,23	1171,44
345,44	1167,34
345,65	1091,57
345,86	1163,25
346,07	1165,29
346,29	1206,25
346,50	1120,24
346,71	1226,73
346,92	1193,97
347,13	1138,67
347,34	1218,54
347,55	1181,68
347,76	1185,77
347,98	1236,97
348,19	1148,91
348,40	1122,29
348,61	1222,64
348,82	1210,35
349,03	1167,34
349,24	1144,81
349,45	1107,95
349,66	1161,20
349,88	1138,67
350,09	1210,35
350,30	1179,63
350,51	1198,06
350,72	1073,14
350,93	1132,53
351,14	1128,43
351,35	1224,69
351,56	1150,96
351,77	1214,45
351,99	1089,52
352,20	1245,16
352,41	1105,90
352,62	1161,20
352,83	1181,68
353,04	1155,05
353,25	1177,58
353,46	1150,96
353,67	1187,82
353,88	1175,53
354,09	1239,02
354,30	1157,10
354,52	1239,02
354,73	1163,25
354,94	1181,68
355,15	1204,21
355,36	1261,55
355,57	1187,82
355,78	1134,57
355,99	1202,16
356,20	1253,36
356,41	1224,69
356,62	1167,34
356,83	1214,45
357,04	1167,34
357,25	1163,25
357,46	1224,69
357,68	1224,69
357,89	1183,73
358,10	1220,59
358,31	1089,52
358,52	1134,57
358,73	1198,06
358,94	1198,06
359,15	1144,81
359,36	1132,53
359,57	1216,49
359,78	1230,83
359,99	1183,73
360,20	1216,49
360,41	1122,29
360,62	1228,78
360,83	1185,77
361,04	1216,49
361,25	1212,40
361,46	1146,86
361,67	1183,73
361,88	1150,96
362,09	1175,53
362,30	1257,45
362,51	1171,44
362,72	1144,81
362,93	1138,67
363,14	1234,93
363,35	1277,93
363,56	1105,90
363,78	1116,14
363,99	1105,90
364,20	1134,57
364,41	1232,88
364,62	1171,44
364,83	1206,25
365,04	1171,44
365,25	1181,68
365,46	1216,49
365,67	1200,11
365,88	1204,21
366,09	1169,39
366,30	1142,77
366,51	1173,49
366,72	1177,58
366,93	1062,90
367,14	1179,63
367,35	1216,49
367,56	1134,57
367,77	1183,73
367,98	1140,72
368,18	1210,35
368,39	1140,72
368,60	1142,77
368,81	1185,77
369,02	1245,16
369,23	1163,25
369,44	1181,68
369,65	1169,39
369,86	1196,01
370,07	1185,77
370,28	1183,73
370,49	1087,47
370,70	1142,77
370,91	1101,81
371,12	1189,87
371,33	1191,92
371,54	1095,66
371,75	1157,10
371,96	1183,73
372,17	1161,20
372,38	1210,35
372,59	1095,66
372,80	1146,86
373,01	1243,12
373,22	1251,31
373,43	1140,72
373,64	1185,77
373,85	1134,57
374,06	1189,87
374,26	1136,62
374,47	1206,25
374,68	1177,58
374,89	1210,35
375,10	1126,38
375,31	1191,92
375,52	1155,05
375,73	1185,77
375,94	1124,33
376,15	1130,48
376,36	1187,82
376,57	1191,92
376,78	1124,33
376,99	1144,81
377,20	1105,90
377,40	1175,53
377,61	1189,87
377,82	1148,91
378,03	1138,67
378,24	1161,20
378,45	1232,88
378,66	1273,84
378,87	1138,67
379,08	1157,10
379,29	1148,91
379,50	1202,16
379,71	1124,33
379,91	1132,53
380,12	1136,62
380,33	1177,58
380,54	1183,73
380,75	1187,82
380,96	1241,07
381,17	1239,02
381,38	1216,49
381,59	1126,38
381,80	1210,35
382,00	1157,10
382,21	1269,74
382,42	1161,20
382,63	1204,21
382,84	1138,67
383,05	1148,91
383,26	1183,73
383,47	1169,39
383,68	1275,88
383,88	1177,58
384,09	1198,06
384,30	1159,15
384,51	1259,50
384,72	1150,96
384,93	1169,39
385,14	1193,97
385,35	1259,50
385,55	1212,40
385,76	1187,82
385,97	1155,05
386,18	1226,73
386,39	1185,77
386,60	1187,82
386,81	1193,97
387,02	1153,01
387,22	1138,67
387,43	1208,30
387,64	1187,82
387,85	1175,53
388,06	1124,33
388,27	1126,38
388,48	1159,15
388,68	1165,29
388,89	1212,40
389,10	1204,21
389,31	1228,78
389,52	1191,92
389,73	1187,82
389,93	1150,96
390,14	1167,34
390,35	1071,09
390,56	1126,38
390,77	1255,40
390,98	1116,14
391,18	1167,34
391,39	1187,82
391,60	1122,29
391,81	1208,30
392,02	1138,67
392,23	1175,53
392,43	1179,63
392,64	1175,53
392,85	1130,48
393,06	1193,97
393,27	1220,59
393,47	1191,92
393,68	1179,63
393,89	1146,86
394,10	1198,06
394,31	1187,82
394,52	1167,34
394,72	1216,49
394,93	1253,36
395,14	1110,00
395,35	1200,11
395,56	1183,73
395,76	1157,10
395,97	1150,96
396,18	1155,05
396,39	1206,25
396,60	1198,06
396,80	1191,92
397,01	1269,74
397,22	1183,73
397,43	1210,35
397,64	1146,86
397,84	1216,49
398,05	1218,54
398,26	1165,29
398,47	1175,53
398,67	1128,43
398,88	1185,77
399,09	1226,73
399,30	1206,25
399,51	1183,73
399,71	1214,45
399,92	1114,10
400,13	1187,82
400,34	1177,58
400,54	1208,30
400,75	1159,15
400,96	1193,97
401,17	1116,14
401,37	1175,53
401,58	1247,21
401,79	1198,06
402,00	1206,25
402,21	1177,58
402,41	1218,54
402,62	1157,10
402,83	1206,25
403,04	1202,16
403,24	1208,30
403,45	1200,11
403,66	1189,87
403,87	1245,16
404,07	1204,21
404,28	1234,93
404,49	1241,07
404,70	1130,48
404,90	1181,68
405,11	1204,21
405,32	1161,20
405,52	1206,25
405,73	1128,43
405,94	1144,81
406,15	1224,69
406,35	1191,92
406,56	1187,82
406,77	1218,54
406,98	1193,97
407,18	1150,96
407,39	1083,38
407,60	1175,53
407,80	1232,88
408,01	1249,26
408,22	1239,02
408,43	1200,11
408,63	1140,72
408,84	1177,58
409,05	1257,45
409,25	1245,16
409,46	1232,88
409,67	1230,83
409,88	1187,82
410,08	1130,48
410,29	1163,25
410,50	1148,91
410,70	1138,67
410,91	1163,25
411,12	1222,64
411,32	1171,44
411,53	1163,25
411,74	1144,81
411,95	1155,05
412,15	1167,34
412,36	1161,20
412,57	1142,77
412,77	1185,77
412,98	1189,87
413,19	1175,53
413,39	1167,34
413,60	1150,96
413,81	1150,96
414,01	1136,62
414,22	1200,11
414,43	1148,91
414,63	1157,10
414,84	1165,29
415,05	1196,01
415,25	1216,49
415,46	1101,81
415,67	1114,10
415,87	1118,19
416,08	1196,01
416,29	1212,40
416,49	1234,93
416,70	1249,26
416,91	1183,73
417,11	1136,62
417,32	1169,39
417,53	1124,33
417,73	1171,44
417,94	1159,15
418,15	1245,16
418,35	1150,96
418,56	1159,15
418,77	1191,92
418,97	1155,05
419,18	1163,25
419,38	1206,25
419,59	1208,30
419,80	1171,44
420,00	1183,73
420,21	1167,34
420,42	1183,73
420,62	1214,45
420,83	1110,00
421,04	1288,17
421,24	1236,97
421,45	1150,96
421,65	1150,96
421,86	1210,35
422,07	1200,11
422,27	1183,73
422,48	1220,59
422,69	1214,45
422,89	1146,86
423,10	1173,49
423,30	1236,97
423,51	1169,39
423,72	1124,33
423,92	1204,21
424,13	1185,77
424,33	1183,73
424,54	1200,11
424,75	1171,44
424,95	1181,68
425,16	1251,31
425,36	1155,05
425,57	1150,96
425,78	1153,01
425,98	1161,20
426,19	1181,68
426,39	1095,66
426,60	1144,81
426,81	1218,54
427,01	1191,92
427,22	1183,73
427,42	1196,01
427,63	1189,87
427,83	1198,06
428,04	1206,25
428,25	1253,36
428,45	1167,34
428,66	1171,44
428,86	1198,06
429,07	1153,01
429,28	1138,67
429,48	1214,45
429,69	1185,77
429,89	1167,34
430,10	1224,69
430,30	1181,68
430,51	1146,86
430,71	1228,78
430,92	1110,00
431,13	1204,21
431,33	1157,10
431,54	1206,25
431,74	1183,73
431,95	1189,87
432,15	1138,67
432,36	1218,54
432,56	1157,10
432,77	1191,92
432,98	1224,69
433,18	1196,01
433,39	1222,64
433,59	1163,25
433,80	1163,25
434,00	1171,44
434,21	1167,34
434,41	1122,29
434,62	1153,01
434,82	1163,25
435,03	1196,01
435,23	1198,06
435,44	1144,81
435,64	1183,73
435,85	1167,34
436,06	1138,67
436,26	1228,78
436,47	1150,96
436,67	1126,38
436,88	1232,88
437,08	1267,69
437,29	1163,25
437,49	1179,63
437,70	1138,67
437,90	1210,35
438,11	1173,49
438,31	1134,57
438,52	1167,34
438,72	1171,44
438,93	1206,25
439,13	1241,07
439,34	1183,73
439,54	1181,68
439,75	1218,54
439,95	1239,02
440,16	1124,33
440,36	1167,34
440,57	1200,11
440,77	1191,92
440,98	1128,43
441,18	1146,86
441,39	1114,10
441,59	1245,16
441,80	1202,16
442,00	1173,49
442,21	1122,29
442,41	1181,68
442,62	1202,16
442,82	1189,87
443,02	1183,73
443,23	1191,92
443,43	1196,01
443,64	1173,49
443,84	1216,49
444,05	1220,59
444,25	1122,29
444,46	1177,58
444,66	1146,86
444,87	1169,39
445,07	1134,57
445,28	1132,53
445,48	1267,69
445,69	1191,92
445,89	1163,25
446,09	1202,16
446,30	1150,96
446,50	1189,87
446,71	1175,53
446,91	1222,64
447,12	1187,82
447,32	1132,53
447,53	1206,25
447,73	1179,63
447,93	1153,01
448,14	1196,01
448,34	1189,87
448,55	1167,34
448,75	1134,57
448,96	1134,57
449,16	1202,16
449,36	1173,49
449,57	1183,73
449,77	1161,20
449,98	1157,10
450,18	1196,01
450,39	1153,01
450,59	1173,49
450,79	1146,86
451,00	1085,42
451,20	1114,10
451,41	1206,25
451,61	1134,57
451,81	1146,86
452,02	1155,05
452,22	1204,21
452,43	1167,34
452,63	1179,63
452,84	1191,92
453,04	1232,88
453,24	1241,07
453,45	1157,10
453,65	1183,73
453,86	1122,29
454,06	1185,77
454,26	1083,38
454,47	1155,05
454,67	1171,44
454,87	1150,96
455,08	1140,72
455,28	1196,01
455,49	1189,87
455,69	1173,49
455,89	1183,73
456,10	1142,77
456,30	1159,15
456,51	1130,48
456,71	1236,97
456,91	1228,78
457,12	1112,05
457,32	1142,77
457,52	1122,29
457,73	1202,16
457,93	1189,87
458,14	1189,87
458,34	1101,81
458,54	1224,69
458,75	1193,97
458,95	1198,06
459,15	1179,63
459,36	1175,53
459,56	1157,10
459,76	1083,38
459,97	1239,02
460,17	1177,58
460,37	1265,64
460,58	1185,77
460,78	1175,53
460,99	1208,30
461,19	1163,25
461,39	1148,91
461,60	1191,92
461,80	1193,97
462,00	1085,42
462,21	1212,40
462,41	1169,39
462,61	1175,53
462,82	1138,67
463,02	1208,30
463,22	1167,34
463,43	1189,87
463,63	1214,45
463,83	1134,57
464,04	1167,34
464,24	1208,30
464,44	1198,06
464,64	1200,11
464,85	1071,09
465,05	1208,30
465,25	1179,63
465,46	1173,49
465,66	1247,21
465,86	1189,87
466,07	1261,55
466,27	1163,25
466,47	1187,82
466,68	1146,86
466,88	1214,45
467,08	1157,10
467,29	1120,24
467,49	1183,73
467,69	1171,44
467,89	1204,21
468,10	1212,40
468,30	1228,78
468,50	1140,72
468,71	1146,86
468,91	1183,73
469,11	1232,88
469,31	1200,11
469,52	1171,44
469,72	1193,97
469,92	1169,39
470,13	1249,26
470,33	1132,53
470,53	1230,83
470,73	1214,45
470,94	1214,45
471,14	1191,92
471,34	1200,11
471,54	1150,96
471,75	1167,34
471,95	1116,14
472,15	1155,05
472,36	1118,19
472,56	1150,96
472,76	1232,88
472,96	1183,73
473,17	1159,15
473,37	1167,34
473,57	1198,06
473,77	1173,49
473,98	1155,05
474,18	1136,62
474,38	1193,97
474,58	1222,64
474,79	1183,73
474,99	1208,30
475,19	1077,23
475,39	1183,73
475,60	1224,69
475,80	1226,73
476,00	1193,97
476,20	1208,30
476,41	1142,77
476,61	1181,68
476,81	1167,34
477,01	1214,45
477,21	1155,05
477,42	1173,49
477,62	1210,35
477,82	1193,97
478,02	1157,10
478,23	1236,97
478,43	1122,29
478,63	1187,82
478,83	1187,82
479,03	1169,39
479,24	1167,34
479,44	1163,25
479,64	1253,36
479,84	1189,87
480,04	1157,10
480,25	1148,91
480,45	1159,15
480,65	1157,10
480,85	1148,91
481,06	1183,73
481,26	1140,72
481,46	1255,40
481,66	1181,68
481,86	1181,68
482,06	1193,97
482,27	1200,11
482,47	1093,62
482,67	1261,55
482,87	1216,49
483,07	1224,69
483,28	1173,49
483,48	1181,68
483,68	1177,58
483,88	1208,30
484,08	1110,00
484,29	1163,25
484,49	1204,21
484,69	1261,55
484,89	1247,21
485,09	1124,33
485,29	1193,97
485,50	1204,21
485,70	1175,53
485,90	1193,97
486,10	1142,77
486,30	1142,77
486,50	1146,86
486,71	1157,10
486,91	1200,11
487,11	1241,07
487,31	1181,68
487,51	1224,69
487,71	1193,97
487,91	1202,16
488,12	1191,92
488,32	1150,96
488,52	1200,11
488,72	1189,87
488,92	1220,59
489,12	1191,92
489,32	1189,87
489,53	1155,05
489,73	1181,68
489,93	1148,91
490,13	1212,40
490,33	1089,52
490,53	1183,73
490,73	1216,49
490,94	1224,69
491,14	1157,10
491,34	1204,21
491,54	1183,73
491,74	1210,35
491,94	1128,43
492,14	1114,10
492,34	1146,86
492,54	1183,73
492,75	1193,97
492,95	1159,15
493,15	1175,53
493,35	1163,25
493,55	1148,91
493,75	1097,71
493,95	1150,96
494,15	1126,38
494,35	1165,29
494,56	1216,49
494,76	1191,92
494,96	1245,16
495,16	1214,45
495,36	1155,05
495,56	1146,86
495,76	1239,02
495,96	1236,97
496,16	1196,01
496,36	1206,25
496,56	1161,20
496,77	1183,73
496,97	1181,68
497,17	1173,49
497,37	1161,20
497,57	1171,44
497,77	1183,73
497,97	1198,06
498,17	1185,77
498,37	1210,35
498,57	1224,69
498,77	1183,73
498,97	1150,96
499,17	1130,48
499,38	1116,14
499,58	1206,25
499,78	1179,63
499,98	1185,77
500,18	1216,49
500,38	1155,05
500,58	1243,12
500,78	1208,30
500,98	1179,63
501,18	1222,64
501,38	1226,73
501,58	1230,83
501,78	1153,01
501,98	1140,72
502,18	1157,10
502,38	1181,68
502,58	1214,45
502,78	1177,58
502,98	1187,82
503,18	1212,40
503,38	1226,73
503,59	1167,34
503,79	1173,49
503,99	1216,49
504,19	1218,54
504,39	1218,54
504,59	1187,82
504,79	1230,83
504,99	1196,01
505,19	1181,68
505,39	1142,77
505,59	1198,06
505,79	1163,25
505,99	1112,05
506,19	1222,64
506,39	1183,73
506,59	1187,82
506,79	1142,77
506,99	1208,30
507,19	1255,40
507,39	1177,58
507,59	1212,40
507,79	1142,77
507,99	1171,44
508,19	1148,91
508,39	1239,02
508,59	1105,90
508,79	1212,40
508,99	1171,44
509,19	1181,68
509,39	1171,44
509,59	1132,53
509,79	1228,78
509,99	1134,57
510,19	1146,86
510,39	1196,01
510,59	1191,92
510,79	1124,33
510,99	1183,73
511,19	1153,01
511,39	1153,01
511,59	1255,40
511,79	1171,44
511,99	1222,64
512,19	1189,87
512,38	1167,34
512,58	1206,25
512,78	1216,49
512,98	1193,97
513,18	1171,44
513,38	1167,34
513,58	1159,15
513,78	1183,73
513,98	1196,01
514,18	1179,63
514,38	1144,81
514,58	1187,82
514,78	1171,44
514,98	1169,39
515,18	1187,82
515,38	1140,72
515,58	1148,91
515,78	1159,15
515,98	1169,39
516,18	1155,05
516,38	1138,67
516,57	1185,77
516,77	1142,77
516,97	1251,31
517,17	1122,29
517,37	1148,91
517,57	1277,93
517,77	1171,44
517,97	1167,34
518,17	1179,63
518,37	1200,11
518,57	1163,25
518,77	1185,77
518,97	1232,88
519,16	1214,45
519,36	1204,21
519,56	1222,64
519,76	1257,45
519,96	1216,49
520,16	1157,10
520,36	1196,01
520,56	1116,14
520,76	1200,11
520,96	1187,82
521,16	1134,57
521,35	1196,01
521,55	1204,21
521,75	1200,11
521,95	1134,57
522,15	1191,92
522,35	1157,10
522,55	1103,86
522,75	1239,02
522,95	1138,67
523,14	1122,29
523,34	1167,34
523,54	1200,11
523,74	1187,82
523,94	1198,06
524,14	1124,33
524,34	1243,12
524,54	1239,02
524,73	1189,87
524,93	1206,25
525,13	1153,01
525,33	1204,21
525,53	1228,78
525,73	1167,34
525,93	1159,15
526,13	1173,49
526,32	1167,34
526,52	1181,68
526,72	1214,45
526,92	1179,63
527,12	1210,35
527,32	1228,78
527,52	1239,02
527,71	1204,21
527,91	1218,54
528,11	1136,62
528,31	1069,04
528,51	1298,41
528,71	1214,45
528,90	1165,29
529,10	1142,77
529,30	1138,67
529,50	1157,10
529,70	1081,33
529,90	1202,16
530,09	1202,16
530,29	1122,29
530,49	1191,92
530,69	1165,29
530,89	1220,59
531,09	1140,72
531,28	1165,29
531,48	1155,05
531,68	1153,01
531,88	1185,77
532,08	1224,69
532,28	1167,34
532,47	1136,62
532,67	1269,74
532,87	1179,63
533,07	1124,33
533,27	1196,01
533,46	1204,21
533,66	1193,97
533,86	1222,64
534,06	1202,16
534,26	1165,29
534,45	1159,15
534,65	1161,20
534,85	1214,45
535,05	1210,35
535,25	1177,58
535,44	1206,25
535,64	1146,86
535,84	1189,87
536,04	1148,91
536,24	1167,34
536,43	1193,97
536,63	1208,30
536,83	1161,20
537,03	1161,20
537,22	1183,73
537,42	1150,96
537,62	1181,68
537,82	1212,40
538,02	1198,06
538,21	1163,25
538,41	1171,44
538,61	1136,62
538,81	1220,59
539,00	1179,63
539,20	1083,38
539,40	1177,58
539,60	1126,38
539,79	1202,16
539,99	1257,45
540,19	1208,30
540,39	1236,97
540,58	1228,78
540,78	1167,34
540,98	1101,81
541,18	1159,15
541,37	1218,54
541,57	1153,01
541,77	1206,25
541,97	1177,58
542,16	1112,05
542,36	1191,92
542,56	1159,15
542,76	1140,72
542,95	1165,29
543,15	1206,25
543,35	1120,24
543,54	1146,86
543,74	1214,45
543,94	1226,73
544,14	1220,59
544,33	1204,21
544,53	1218,54
544,73	1183,73
544,93	1142,77
545,12	1163,25
545,32	1202,16
545,52	1232,88
545,71	1138,67
545,91	1126,38
546,11	1126,38
546,30	1181,68
546,50	1204,21
546,70	1187,82
546,90	1142,77
547,09	1191,92
547,29	1134,57
547,49	1226,73
547,68	1132,53
547,88	1171,44
548,08	1179,63
548,27	1142,77
548,47	1198,06
548,67	1200,11
548,87	1167,34
549,06	1218,54
549,26	1107,95
549,46	1230,83
549,65	1198,06
549,85	1171,44
550,05	1148,91
550,24	1196,01
550,44	1165,29
550,64	1163,25
550,83	1167,34
551,03	1095,66
551,23	1191,92
551,42	1169,39
551,62	1161,20
551,82	1230,83
552,01	1091,57
552,21	1159,15
552,41	1208,30
552,60	1150,96
552,80	1167,34
553,00	1228,78
553,19	1177,58
553,39	1140,72
553,59	1138,67
553,78	1187,82
553,98	1198,06
554,17	1189,87
554,37	1177,58
554,57	1222,64
554,76	1169,39
554,96	1097,71
555,16	1157,10
555,35	1163,25
555,55	1214,45
555,75	1216,49
555,94	1193,97
556,14	1153,01
556,33	1204,21
556,53	1122,29
556,73	1212,40
556,92	1220,59
557,12	1155,05
557,32	1083,38
557,51	1150,96
557,71	1251,31
557,90	1204,21
558,10	1216,49
558,30	1163,25
558,49	1132,53
558,69	1148,91
558,88	1183,73
559,08	1224,69
559,28	1128,43
559,47	1128,43
559,67	1193,97
559,86	1200,11
560,06	1165,29
560,26	1173,49
560,45	1142,77
560,65	1167,34
560,84	1208,30
561,04	1230,83
561,24	1210,35
561,43	1216,49
561,63	1130,48
561,82	1138,67
562,02	1191,92
562,22	1191,92
562,41	1167,34
562,61	1175,53
562,80	1185,77
563,00	1181,68
563,19	1216,49
563,39	1144,81
563,59	1228,78
563,78	1191,92
563,98	1179,63
564,17	1198,06
564,37	1191,92
564,56	1161,20
564,76	1196,01
564,96	1085,42
565,15	1181,68
565,35	1224,69
565,54	1218,54
565,74	1224,69
565,93	1189,87
566,13	1146,86
566,32	1183,73
566,52	1191,92
566,71	1193,97
566,91	1167,34
567,11	1146,86
567,30	1155,05
567,50	1171,44
567,69	1138,67
567,89	1202,16
568,08	1259,50
568,28	1204,21
568,47	1185,77
568,67	1218,54
568,86	1175,53
569,06	1191,92
569,25	1198,06
569,45	1169,39
569,64	1165,29
569,84	1191,92
570,04	1198,06
570,23	1251,31
570,43	1247,21
570,62	1167,34
570,82	1210,35
571,01	1146,86
571,21	1150,96
571,40	1091,57
571,60	1214,45
571,79	1185,77
571,99	1181,68
572,18	1146,86
572,38	1243,12
572,57	1202,16
572,77	1210,35
572,96	1138,67
573,16	1161,20
573,35	1202,16
573,55	1181,68
573,74	1189,87
573,94	1163,25
574,13	1169,39
574,33	1140,72
574,52	1210,35
574,71	1198,06
574,91	1114,10
575,10	1183,73
575,30	1114,10
575,49	1167,34
575,69	1232,88
575,88	1124,33
576,08	1095,66
576,27	1218,54
576,47	1185,77
576,66	1179,63
576,86	1187,82
577,05	1193,97
577,25	1206,25
577,44	1218,54
577,64	1214,45
577,83	1208,30
578,02	1220,59
578,22	1249,26
578,41	1140,72
578,61	1185,77
578,80	1163,25
579,00	1236,97
579,19	1165,29
579,39	1175,53
579,58	1236,97
579,77	1243,12
579,97	1148,91
580,16	1171,44
580,36	1150,96
580,55	1122,29
580,75	1107,95
580,94	1157,10
581,13	1099,76
581,33	1206,25
581,52	1243,12
581,72	1224,69
581,91	1142,77
582,11	1187,82
582,30	1212,40
582,49	1200,11
582,69	1189,87
582,88	1173,49
583,08	1153,01
583,27	1198,06
583,47	1161,20
583,66	1216,49
583,85	1183,73
584,05	1142,77
584,24	1220,59
584,44	1132,53
584,63	1177,58
584,82	1105,90
585,02	1146,86
585,21	1185,77
585,41	1110,00
585,60	1202,16
585,79	1187,82
585,99	1167,34
586,18	1214,45
586,37	1140,72
586,57	1206,25
586,76	1191,92
586,96	1073,14
587,15	1140,72
587,34	1124,33
587,54	1177,58
587,73	1138,67
587,93	1140,72
588,12	1198,06
588,31	1136,62
588,51	1150,96
588,70	1191,92
588,89	1216,49
589,09	1196,01
589,28	1165,29
589,47	1150,96
589,67	1177,58
589,86	1167,34
590,06	1132,53
590,25	1177,58
590,44	1200,11
590,64	1171,44
590,83	1150,96
591,02	1138,67
591,22	1144,81
591,41	1136,62
591,60	1173,49
591,80	1263,60
591,99	1187,82
592,18	1148,91
592,38	1175,53
592,57	1132,53
592,76	1161,20
592,96	1167,34
593,15	1189,87
593,34	1132,53
593,54	1169,39
593,73	1165,29
593,92	1169,39
594,12	1165,29
594,31	1191,92
594,50	1202,16
594,70	1165,29
594,89	1175,53
595,08	1198,06
595,28	1202,16
595,47	1175,53
595,66	1103,86
595,86	1126,38
596,05	1183,73
596,24	1263,60
596,43	1146,86
596,63	1206,25
596,82	1245,16
597,01	1136,62
597,21	1208,30
597,40	1191,92
597,59	1167,34
597,79	1232,88
597,98	1140,72
598,17	1167,34
598,36	1218,54
598,56	1175,53
598,75	1105,90
598,94	1230,83
599,14	1224,69
599,33	1120,24
599,52	1228,78
599,71	1202,16
599,91	1163,25
600,10	1157,10
600,29	1171,44
600,48	1191,92
600,68	1120,24
600,87	1187,82
601,06	1228,78
601,26	1232,88
601,45	1208,30
601,64	1191,92
601,83	1208,30
602,03	1200,11
602,22	1183,73
602,41	1232,88
602,60	1159,15
602,80	1193,97
602,99	1245,16
603,18	1095,66
603,37	1210,35
603,57	1171,44
603,76	1187,82
603,95	1191,92
604,14	1140,72
604,34	1167,34
604,53	1220,59
604,72	1175,53
604,91	1261,55
605,10	1128,43
605,30	1296,36
605,49	1140,72
605,68	1204,21
605,87	1189,87
606,07	1177,58
606,26	1126,38
606,45	1241,07
606,64	1191,92
606,84	1232,88
607,03	1130,48
607,22	1138,67
607,41	1097,71
607,60	1210,35
607,80	1167,34
607,99	1222,64
608,18	1189,87
608,37	1193,97
608,56	1155,05
608,76	1183,73
608,95	1200,11
609,14	1185,77
609,33	1204,21
609,52	1230,83
609,72	1275,88
609,91	1087,47
610,10	1234,93
610,29	1103,86
610,48	1179,63
610,68	1161,20
610,87	1165,29
611,06	1136,62
611,25	1177,58
611,44	1175,53
611,63	1157,10
611,83	1144,81
612,02	1167,34
612,21	1220,59
612,40	1189,87
612,59	1282,03
612,79	1230,83
612,98	1232,88
613,17	1179,63
613,36	1243,12
613,55	1202,16
613,74	1167,34
613,93	1136,62
614,13	1157,10
614,32	1232,88
614,51	1159,15
614,70	1298,41
614,89	1216,49
615,08	1171,44
615,28	1144,81
615,47	1142,77
615,66	1185,77
615,85	1224,69
616,04	1228,78
616,23	1177,58
616,42	1126,38
616,62	1234,93
616,81	1163,25
617,00	1138,67
617,19	1230,83
617,38	1148,91
617,57	1101,81
617,76	1169,39
617,95	1198,06
618,15	1144,81
618,34	1179,63
618,53	1212,40
618,72	1173,49
618,91	1167,34
619,10	1224,69
619,29	1220,59
619,48	1200,11
619,68	1228,78
619,87	1196,01
620,06	1208,30
620,25	1208,30
620,44	1196,01
620,63	1228,78
620,82	1161,20
621,01	1241,07
621,20	1134,57
621,39	1118,19
621,59	1148,91
621,78	1228,78
621,97	1153,01
622,16	1206,25
622,35	1163,25
622,54	1187,82
622,73	1175,53
622,92	1196,01
623,11	1247,21
623,30	1185,77
623,49	1251,31
623,68	1150,96
623,88	1116,14
624,07	1224,69
624,26	1138,67
624,45	1228,78
624,64	1290,22
624,83	1243,12
625,02	1220,59
625,21	1196,01
625,40	1126,38
625,59	1198,06
625,78	1157,10
625,97	1161,20
626,16	1167,34
626,35	1140,72
626,54	1157,10
626,74	1161,20
626,93	1226,73
627,12	1179,63
627,31	1130,48
627,50	1216,49
627,69	1189,87
627,88	1202,16
628,07	1183,73
628,26	1245,16
628,45	1300,46
628,64	1239,02
628,83	1220,59
629,02	1206,25
629,21	1167,34
629,40	1167,34
629,59	1234,93
629,78	1198,06
629,97	1187,82
630,16	1183,73
630,35	1165,29
630,54	1226,73
630,73	1183,73
630,92	1265,64
631,11	1255,40
631,30	1257,45
631,49	1550,31
631,68	1800,16
631,87	3796,93
632,06	14018,35
632,25	39888,29
632,44	51774,70
632,63	52622,56
632,82	33738,24
633,01	17387,25
633,20	5048,24
633,39	5136,31
633,58	2553,82
633,77	1990,63
633,96	1658,85
634,15	1488,87
634,34	1492,97
634,53	1501,16
634,72	1515,50
634,91	1361,90
635,10	1286,12
635,29	1212,40
635,48	1316,84
635,67	1210,35
635,86	1191,92
636,05	1259,50
636,24	1200,11
636,43	1224,69
636,62	1196,01
636,81	1185,77
637,00	1261,55
637,19	1200,11
637,38	1204,21
637,57	1236,97
637,76	1150,96
637,95	1204,21
638,14	1161,20
638,33	1173,49
638,52	1198,06
638,71	1206,25
638,89	1189,87
639,08	1212,40
639,27	1177,58
639,46	1153,01
639,65	1222,64
639,84	1214,45
640,03	1204,21
640,22	1187,82
640,41	1224,69
640,60	1140,72
640,79	1179,63
640,98	1157,10
641,17	1177,58
641,36	1171,44
641,55	1200,11
641,74	1183,73
641,92	1153,01
642,11	1148,91
642,30	1210,35
642,49	1128,43
642,68	1200,11
642,87	1140,72
643,06	1187,82
643,25	1136,62
643,44	1228,78
643,63	1218,54
643,82	1222,64
644,00	1177,58
644,19	1212,40
644,38	1163,25
644,57	1189,87
644,76	1146,86
644,95	1222,64
645,14	1251,31
645,33	1193,97
645,52	1153,01
645,71	1085,42
645,89	1179,63
646,08	1179,63
646,27	1218,54
646,46	1234,93
646,65	1177,58
646,84	1208,30
647,03	1204,21
647,22	1114,10
647,40	1177,58
647,59	1175,53
647,78	1144,81
647,97	1189,87
648,16	1206,25
648,35	1232,88
648,54	1232,88
648,73	1134,57
648,91	1161,20
649,10	1167,34
649,29	1142,77
649,48	1167,34
649,67	1134,57
649,86	1236,97
650,05	1157,10
650,23	1187,82
650,42	1122,29
650,61	1183,73
650,80	1163,25
650,99	1208,30
651,18	1157,10
651,36	1142,77
651,55	1200,11
651,74	1187,82
651,93	1157,10
652,12	1222,64
652,31	1118,19
652,49	1208,30
652,68	1245,16
652,87	1204,21
653,06	1144,81
653,25	1214,45
653,44	1177,58
653,62	1118,19
653,81	1185,77
654,00	1107,95
654,19	1171,44
654,38	1239,02
654,56	1200,11
654,75	1212,40
654,94	1200,11
655,13	1157,10
655,32	1243,12
655,51	1169,39
655,69	1189,87
655,88	1167,34
656,07	1134,57
656,26	1101,81
656,45	1167,34
656,63	1171,44
656,82	1122,29
657,01	1218,54
657,20	1107,95
657,38	1193,97
657,57	1196,01
657,76	1118,19
657,95	1165,29
658,14	1134,57
658,32	1136,62
658,51	1159,15
658,70	1175,53
658,89	1169,39
659,08	1165,29
659,26	1171,44
659,45	1198,06
659,64	1183,73
659,83	1210,35
660,01	1179,63
660,20	1187,82
660,39	1128,43
660,58	1118,19
660,76	1183,73
660,95	1247,21
661,14	1161,20
661,33	1187,82
661,51	1110,00
661,70	1222,64
661,89	1122,29
662,08	1130,48
662,26	1239,02
662,45	1144,81
662,64	1185,77
662,83	1171,44
663,01	1210,35
663,20	1175,53
663,39	1165,29
663,58	1159,15
663,76	1155,05
663,95	1224,69
664,14	1177,58
664,32	1181,68
664,51	1163,25
664,70	1144,81
664,89	1230,83
665,07	1101,81
665,26	1275,88
665,45	1171,44
665,64	1148,91
665,82	1214,45
666,01	1193,97
666,20	1161,20
666,38	1134,57
666,57	1171,44
666,76	1198,06
666,95	1157,10
667,13	1265,64
667,32	1120,24
667,51	1243,12
667,69	1179,63
667,88	1169,39
668,07	1214,45
668,25	1148,91
668,44	1085,42
668,63	1224,69
668,81	1167,34
669,00	1126,38
669,19	1179,63
669,38	1206,25
669,56	1193,97
669,75	1204,21
669,94	1146,86
670,12	1165,29
670,31	1200,11
670,50	1159,15
670,68	1208,30
670,87	1198,06
671,06	1216,49
671,24	1132,53
671,43	1200,11
671,62	1181,68
671,80	1165,29
671,99	1198,06
672,18	1216,49
672,36	1161,20
672,55	1150,96
672,74	1198,06
672,92	1269,74
673,11	1200,11
673,29	1159,15
673,48	1122,29
673,67	1204,21
673,85	1216,49
674,04	1181,68
674,23	1220,59
674,41	1224,69
674,60	1193,97
674,79	1153,01
674,97	1159,15
675,16	1107,95
675,34	1191,92
675,53	1249,26
675,72	1181,68
675,90	1169,39
676,09	1165,29
676,28	1214,45
676,46	1163,25
676,65	1234,93
676,83	1212,40
677,02	1165,29
677,21	1171,44
677,39	1130,48
677,58	1150,96
677,77	1179,63
677,95	1200,11
678,14	1202,16
678,32	1218,54
678,51	1189,87
678,70	1288,17
678,88	1185,77
679,07	1173,49
679,25	1153,01
679,44	1236,97
679,63	1171,44
679,81	1150,96
680,00	1161,20
680,18	1245,16
680,37	1171,44
680,55	1202,16
680,74	1146,86
680,93	1177,58
681,11	1148,91
681,30	1171,44
681,48	1183,73
681,67	1214,45
681,85	1114,10
682,04	1216,49
682,23	1148,91
682,41	1234,93
682,60	1202,16
682,78	1167,34
682,97	1214,45
683,15	1183,73
683,34	1265,64
683,53	1148,91
683,71	1153,01
683,90	1200,11
684,08	1187,82
684,27	1155,05
684,45	1173,49
684,64	1202,16
684,82	1142,77
685,01	1228,78
685,19	1175,53
685,38	1173,49
685,57	1155,05
685,75	1118,19
685,94	1173,49
686,12	1222,64
686,31	1185,77
686,49	1142,77
686,68	1150,96
686,86	1097,71
687,05	1214,45
687,23	1273,84
687,42	1193,97
687,60	1126,38
687,79	1208,30
687,97	1183,73
688,16	1114,10
688,34	1212,40
688,53	1161,20
688,71	1161,20
688,90	1140,72
689,08	1175,53
689,27	1198,06
689,45	1200,11
689,64	1208,30
689,82	1163,25
690,01	1185,77
690,19	1175,53
690,38	1122,29
690,56	1112,05
690,75	1210,35
690,93	1161,20
691,12	1155,05
691,30	1171,44
691,49	1126,38
691,67	1173,49
691,86	1181,68
692,04	1175,53
692,23	1198,06
692,41	1191,92
692,60	1191,92
692,78	1138,67
692,97	1175,53
693,15	1200,11
693,34	1093,62
693,52	1177,58
693,71	1144,81
693,89	1232,88
694,08	1204,21
694,26	1112,05
694,44	1263,60
694,63	1155,05
694,81	1185,77
695,00	1155,05
695,18	1208,30
695,37	1189,87
695,55	1210,35
695,74	1230,83
695,92	1181,68
696,10	1224,69
696,29	1118,19
696,47	1224,69
696,66	1189,87
696,84	1189,87
697,03	1196,01
697,21	1200,11
697,40	1153,01
697,58	1118,19
697,76	1196,01
697,95	1206,25
698,13	1130,48
698,32	1208,30
698,50	1120,24
698,68	1130,48
698,87	1130,48
699,05	1226,73
699,24	1245,16
699,42	1144,81
699,61	1159,15
699,79	1148,91
699,97	1171,44
700,16	1200,11
700,34	1155,05
700,53	1220,59
700,71	1140,72
700,89	1177,58
701,08	1150,96
701,26	1140,72
701,45	1232,88
701,63	1130,48
701,81	1224,69
702,00	1181,68
702,18	1183,73
702,37	1167,34
702,55	1232,88
702,73	1171,44
702,92	1163,25
703,10	1202,16
703,28	1101,81
703,47	1214,45
703,65	1150,96
703,84	1175,53
704,02	1153,01
704,20	1204,21
704,39	1126,38
704,57	1126,38
704,75	1259,50
704,94	1210,35
705,12	1134,57
705,30	1212,40
705,49	1253,36
705,67	1185,77
705,86	1214,45
706,04	1198,06
706,22	1150,96
706,41	1167,34
706,59	1173,49
706,77	1181,68
706,96	1116,14
707,14	1118,19
707,32	1169,39
707,51	1183,73
707,69	1183,73
707,87	1187,82
708,06	1220,59
708,24	1247,21
708,42	1167,34
708,61	1187,82
708,79	1181,68
708,97	1232,88
709,16	1146,86
709,34	1259,50
709,52	1155,05
709,71	1236,97
709,89	1171,44
710,07	1179,63
710,26	1228,78
710,44	1271,79
710,62	1198,06
710,80	1232,88
710,99	1142,77
711,17	1087,47
711,35	1138,67
711,54	1226,73
711,72	1204,21
711,90	1075,18
712,09	1110,00
712,27	1124,33
712,45	1232,88
712,63	1206,25
712,82	1179,63
713,00	1191,92
713,18	1185,77
713,37	1193,97
713,55	1204,21
713,73	1202,16
713,91	1140,72
714,10	1159,15
714,28	1171,44
714,46	1095,66
714,65	1185,77
714,83	1148,91
715,01	1138,67
715,19	1134,57
715,38	1179,63
715,56	1097,71
715,74	1177,58
715,92	1124,33
716,11	1200,11
716,29	1150,96
716,47	1142,77
716,65	1198,06
716,84	1134,57
717,02	1232,88
717,20	1171,44
717,38	1187,82
717,57	1167,34
717,75	1175,53
717,93	1196,01
718,11	1196,01
718,30	1236,97
718,48	1216,49
718,66	1138,67
718,84	1173,49
719,03	1202,16
719,21	1171,44
719,39	1132,53
719,57	1253,36
719,75	1257,45
719,94	1157,10
720,12	1138,67
720,30	1210,35
720,48	1202,16
720,67	1173,49
720,85	1183,73
721,03	1230,83
721,21	1191,92
721,39	1122,29
721,58	1259,50
721,76	1112,05
721,94	1177,58
722,12	1187,82
722,30	1200,11
722,49	1177,58
722,67	1132,53
722,85	1171,44
723,03	1183,73
723,21	1159,15
723,40	1230,83
723,58	1200,11
723,76	1208,30
723,94	1122,29
724,12	1177,58
724,30	1185,77
724,49	1191,92
724,67	1198,06
724,85	1212,40
725,03	1161,20
725,21	1193,97
725,40	1136,62
725,58	1081,33
725,76	1175,53
725,94	1091,57
726,12	1193,97
726,30	1155,05
726,49	1148,91
726,67	1224,69
726,85	1175,53
727,03	1175,53
727,21	1171,44
727,39	1120,24
727,57	1179,63
727,76	1210,35
727,94	1228,78
728,12	1198,06
728,30	1204,21
728,48	1171,44
728,66	1144,81
728,84	1294,32
729,03	1173,49
729,21	1161,20
729,39	1144,81
729,57	1196,01
729,75	1124,33
729,93	1232,88
730,11	1239,02
730,30	1163,25
730,48	1185,77
730,66	1175,53
730,84	1153,01
731,02	1200,11
731,20	1110,00
731,38	1179,63
731,56	1212,40
731,74	1165,29
731,93	1130,48
732,11	1214,45
732,29	1191,92
732,47	1198,06
732,65	1101,81
732,83	1189,87
733,01	1191,92
733,19	1161,20
733,37	1181,68
733,56	1138,67
733,74	1206,25
733,92	1204,21
734,10	1226,73
734,28	1148,91
734,46	1050,61
734,64	1163,25
734,82	1196,01
735,00	1191,92
735,18	1212,40
735,36	1208,30
735,54	1208,30
735,73	1198,06
735,91	1198,06
736,09	1148,91
736,27	1179,63
736,45	1161,20
736,63	1177,58
736,81	1224,69
736,99	1228,78
737,17	1224,69
737,35	1183,73
737,53	1179,63
737,71	1169,39
737,89	1185,77
738,07	1181,68
738,25	1171,44
738,43	1265,64
738,61	1204,21
738,80	1232,88
738,98	1138,67
739,16	1179,63
739,34	1173,49
739,52	1124,33
739,70	1249,26
739,88	1220,59
740,06	1179,63
740,24	1132,53
740,42	1099,76
740,60	1202,16
740,78	1216,49
740,96	1171,44
741,14	1216,49
741,32	1198,06
741,50	1126,38
741,68	1153,01
741,86	1216,49
742,04	1208,30
742,22	1159,15
742,40	1288,17
742,58	1212,40
742,76	1140,72
742,94	1191,92
743,12	1112,05
743,30	1140,72
743,48	1232,88
743,66	1081,33
743,84	1196,01
744,02	1243,12
744,20	1124,33
744,38	1196,01
744,56	1169,39
744,74	1155,05
744,92	1175,53
745,10	1110,00
745,28	1173,49
745,46	1101,81
745,64	1185,77
745,82	1159,15
746,00	1226,73
746,18	1122,29
746,36	1085,42
746,54	1236,97
746,72	1085,42
746,90	1263,60
747,08	1187,82
747,26	1239,02
747,44	1216,49
747,62	1157,10
747,80	1179,63
747,98	1218,54
748,15	1204,21
748,33	1155,05
748,51	1189,87
748,69	1157,10
748,87	1245,16
749,05	1214,45
749,23	1193,97
749,41	1159,15
749,59	1286,12
749,77	1230,83
749,95	1140,72
750,13	1230,83
750,31	1265,64
750,49	1118,19
750,67	1212,40
750,85	1169,39
751,03	1157,10
751,20	1214,45
751,38	1126,38
751,56	1134,57
751,74	1214,45
751,92	1159,15
752,10	1224,69
752,28	1161,20
752,46	1144,81
752,64	1191,92
752,82	1136,62
753,00	1189,87
753,18	1157,10
753,35	1122,29
753,53	1198,06
753,71	1124,33
753,89	1155,05
754,07	1206,25
754,25	1177,58
754,43	1183,73
754,61	1224,69
754,79	1155,05
754,97	1181,68
755,14	1187,82
755,32	1200,11
755,50	1144,81
755,68	1179,63
755,86	1161,20
756,04	1187,82
756,22	1212,40
756,40	1193,97
756,57	1085,42
756,75	1191,92
756,93	1191,92
757,11	1146,86
757,29	1163,25
757,47	1243,12
757,65	1239,02
757,82	1261,55
758,00	1198,06
758,18	1206,25
758,36	1150,96
758,54	1273,84
758,72	1179,63
758,90	1161,20
759,07	1214,45
759,25	1181,68
759,43	1124,33
759,61	1163,25
759,79	1148,91
759,97	1198,06
760,15	1171,44
760,32	1128,43
760,50	1234,93
760,68	1191,92
760,86	1251,31
761,04	1161,20
761,22	1163,25
761,39	1183,73
761,57	1140,72
761,75	1122,29
761,93	1177,58
762,11	1169,39
762,28	1144,81
762,46	1202,16
762,64	1132,53
762,82	1214,45
763,00	1183,73
763,18	1155,05
763,35	1112,05
763,53	1165,29
763,71	1193,97
763,89	1130,48
764,07	1148,91
764,24	1181,68
764,42	1130,48
764,60	1228,78
764,78	1169,39
764,96	1257,45
765,13	1153,01
765,31	1163,25
765,49	1155,05
765,67	1148,91
765,84	1132,53
766,02	1130,48
766,20	1208,30
766,38	1171,44
766,56	1198,06
766,73	1292,27
766,91	1196,01
767,09	1183,73
767,27	1249,26
767,44	1249,26
767,62	1157,10
767,80	1132,53
767,98	1177,58
768,15	1200,11
768,33	1144,81
768,51	1226,73
768,69	1189,87
768,87	1148,91
769,04	1114,10
769,22	1177,58
769,40	1177,58
769,58	1155,05
769,75	1159,15
769,93	1155,05
770,11	1220,59
770,28	1239,02
770,46	1163,25
770,64	1210,35
770,82	1150,96
770,99	1271,79
771,17	1214,45
771,35	1241,07
771,53	1144,81
771,70	1179,63
771,88	1189,87
772,06	1214,45
772,23	1163,25
772,41	1126,38
772,59	1179,63
772,77	1183,73
772,94	1200,11
773,12	1173,49
773,30	1165,29
773,47	1191,92
773,65	1236,97
773,83	1175,53
774,01	1228,78
774,18	1124,33
774,36	1150,96
774,54	1196,01
774,71	1218,54
774,89	1138,67
775,07	1134,57
775,24	1146,86
775,42	1159,15
775,60	1138,67
775,78	1175,53
775,95	1169,39
776,13	1150,96
776,31	1167,34
776,48	1175,53
776,66	1200,11
776,84	1220,59
777,01	1193,97
777,19	1191,92
777,37	1093,62
777,54	1224,69
777,72	1191,92
777,90	1224,69
778,07	1253,36
778,25	1198,06
778,43	1198,06
778,60	1193,97
778,78	1140,72
778,96	1148,91
779,13	1124,33
779,31	1249,26
779,49	1173,49
779,66	1175,53
779,84	1216,49
780,01	1155,05
780,19	1161,20
780,37	1118,19
780,54	1232,88
780,72	1208,30
780,90	1218,54
781,07	1181,68
781,25	1210,35
781,43	1218,54
781,60	1161,20
781,78	1159,15
781,95	1202,16
782,13	1198,06
782,31	1165,29
782,48	1167,34
782,66	1105,90
782,83	1118,19
783,01	1222,64
783,19	1161,20
783,36	1171,44
783,54	1216,49
783,72	1230,83
783,89	1132,53
784,07	1175,53
784,24	1187,82
784,42	1222,64
784,60	1153,01
784,77	1208,30
784,95	1220,59
785,12	1193,97
785,30	1200,11
785,47	1257,45
785,65	1191,92
785,83	1157,10
786,00	1216,49
786,18	1161,20
786,35	1216,49
786,53	1148,91
786,71	1179,63
786,88	1181,68
787,06	1161,20
787,23	1210,35
787,41	1210,35
787,58	1226,73
787,76	1247,21
787,94	1150,96
788,11	1224,69
788,29	1198,06
788,46	1181,68
788,64	1247,21
788,81	1191,92
788,99	1173,49
789,16	1173,49
789,34	1198,06
789,52	1185,77
789,69	1144,81
789,87	1177,58
790,04	1185,77
790,22	1112,05
790,39	1163,25
790,57	1189,87
790,74	1234,93
790,92	1200,11
791,09	1150,96
791,27	1173,49
791,44	1200,11
791,62	1165,29
791,79	1187,82
791,97	1130,48
792,15	1261,55
792,32	1208,30
792,50	1185,77
792,67	1116,14
792,85	1179,63
793,02	1232,88
793,20	1144,81
793,37	1198,06
793,55	1179,63
793,72	1169,39
793,90	1171,44
794,07	1183,73
794,25	1288,17
794,42	1150,96
794,60	1173,49
794,77	1171,44
794,95	1243,12
795,12	1191,92
795,30	1220,59
795,47	1224,69
795,65	1267,69
795,82	1153,01
796,00	1132,53
796,17	1144,81
796,34	1189,87
796,52	1146,86
796,69	1169,39
796,87	1173,49
797,04	1148,91
797,22	1220,59
797,39	1183,73
797,57	1163,25
797,74	1232,88
797,92	1175,53
798,09	1193,97
798,27	1163,25
798,44	1116,14
798,62	1153,01
798,79	1271,79
798,96	1228,78
799,14	1181,68
799,31	1173,49
799,49	1191,92
799,66	1146,86
799,84	1245,16
800,01	1198,06
800,19	1163,25
800,36	1091,57
800,53	1136,62
800,71	1155,05
800,88	1140,72
801,06	1150,96
801,23	1175,53
801,41	1251,31
801,58	1196,01
801,75	1114,10
801,93	1212,40
802,10	1208,30
802,28	1196,01
802,45	1122,29
802,63	1226,73
802,80	1177,58
802,97	1177,58
803,15	1146,86
803,32	1198,06
803,50	1193,97
803,67	1189,87
803,84	1140,72
804,02	1161,20
804,19	1185,77
804,37	1230,83
804,54	1165,29
804,71	1165,29
804,89	1224,69
805,06	1148,91
805,24	1226,73
805,41	1173,49
805,58	1134,57
805,76	1198,06
805,93	1163,25
806,10	1134,57
806,28	1214,45
806,45	1193,97
806,63	1165,29
806,80	1216,49
806,97	1224,69
807,15	1167,34
807,32	1191,92
807,49	1185,77
807,67	1101,81
807,84	1165,29
808,01	1224,69
808,19	1189,87
808,36	1150,96
808,54	1148,91
808,71	1210,35
808,88	1183,73
809,06	1177,58
809,23	1153,01
809,40	1128,43
809,58	1183,73
809,75	1183,73
809,92	1169,39
810,10	1183,73
810,27	1183,73
810,44	1159,15
810,62	1214,45
810,79	1214,45
810,96	1159,15
811,14	1157,10
811,31	1208,30
811,48	1177,58
811,66	1218,54
811,83	1177,58
812,00	1220,59
812,18	1144,81
812,35	1124,33
812,52	1175,53
812,69	1193,97
812,87	1226,73
813,04	1200,11
813,21	1181,68
813,39	1128,43
813,56	1175,53
813,73	1128,43
813,91	1138,67
814,08	1163,25
814,25	1140,72
814,42	1095,66
814,60	1204,21
814,77	1165,29
814,94	1239,02
815,12	1118,19
815,29	1212,40
815,46	1267,69
815,63	1116,14
815,81	1155,05
815,98	1183,73
816,15	1134,57
816,33	1273,84
816,50	1134,57
816,67	1204,21
816,84	1208,30
817,02	1185,77
817,19	1126,38
817,36	1183,73
817,53	1165,29
817,71	1202,16
817,88	1183,73
818,05	1171,44
818,22	1085,42
818,40	1204,21
818,57	1212,40
818,74	1232,88
818,91	1191,92
819,09	1167,34
819,26	1126,38
819,43	1122,29
819,60	1183,73
819,78	1208,30
819,95	1171,44
820,12	1189,87
820,29	1103,86
820,47	1191,92
820,64	1181,68
820,81	1159,15
820,98	1142,77
821,15	1232,88
821,33	1198,06
821,50	1140,72
821,67	1286,12
821,84	1200,11
822,02	1130,48
822,19	1185,77
822,36	1234,93
822,53	1210,35
822,70	1179,63
822,88	1091,57
823,05	1183,73
823,22	1189,87
823,39	1150,96
823,56	1130,48
823,74	1216,49
823,91	1159,15
824,08	1159,15
824,25	1226,73
824,42	1191,92
824,60	1173,49
824,77	1157,10
824,94	1202,16
825,11	1198,06
825,28	1216,49
825,45	1175,53
825,63	1148,91
825,80	1130,48
825,97	1165,29
826,14	1136,62
826,31	1138,67
826,48	1167,34
826,66	1171,44
826,83	1148,91
827,00	1210,35
827,17	1196,01
827,34	1150,96
827,51	1212,40
827,69	1128,43
827,86	1142,77
828,03	1204,21
828,20	1200,11
828,37	1212,40
828,54	1212,40
828,71	1132,53
828,89	1163,25
829,06	1167,34
829,23	1167,34
829,40	1165,29
829,57	1134,57
829,74	1107,95
829,91	1107,95
830,09	1245,16
830,26	1185,77
830,43	1163,25
830,60	1177,58
830,77	1191,92
830,94	1200,11
831,11	1134,57
831,28	1155,05
831,46	1136,62
831,63	1212,40
831,80	1177,58
831,97	1208,30
832,14	1224,69
832,31	1095,66
832,48	1212,40
832,65	1155,05
832,82	1126,38
832,99	1198,06
833,17	1200,11
833,34	1163,25
833,51	1177,58
833,68	1118,19
833,85	1208,30
834,02	1181,68
834,19	1163,25
834,36	1185,77
834,53	1130,48
834,70	1193,97
834,87	1169,39
835,04	1148,91
835,22	1198,06
835,39	1153,01
835,56	1198,06
835,73	1208,30
835,90	1101,81
836,07	1097,71
836,24	1187,82
836,41	1165,29
836,58	1159,15
836,75	1126,38
836,92	1204,21
837,09	1187,82
837,26	1198,06
837,43	1175,53
837,60	1265,64
837,77	1128,43
837,94	1181,68
838,12	1181,68
838,29	1226,73
838,46	1105,90
838,63	1144,81
838,80	1200,11
838,97	1153,01
839,14	1216,49
839,31	1179,63
839,48	1126,38
839,65	1191,92
839,82	1265,64
839,99	1183,73
840,16	1173,49
840,33	1204,21
840,50	1241,07
840,67	1243,12
840,84	1118,19
841,01	1218,54
841,18	1196,01
841,35	1253,36
841,52	1167,34
841,69	1157,10
841,86	1198,06
842,03	1177,58
842,20	1232,88
842,37	1218,54
842,54	1187,82
842,71	1138,67
842,88	1163,25
843,05	1187,82
843,22	1187,82
843,39	1177,58
843,56	1187,82
843,73	1150,96
843,90	1198,06
844,07	1144,81
844,24	1157,10
844,41	1179,63
844,58	1200,11
844,75	1267,69
844,92	1230,83
845,09	1159,15
845,26	1228,78
845,43	1159,15
845,60	1136,62
845,77	1144,81
845,94	1130,48
846,10	1126,38
846,27	1232,88
846,44	1193,97
846,61	1132,53
846,78	1185,77
846,95	1241,07
847,12	1183,73
847,29	1163,25
847,46	1173,49
847,63	1206,25
847,80	1239,02
847,97	1128,43
848,14	1146,86
848,31	1206,25
848,48	1167,34
848,65	1208,30
848,82	1167,34
848,98	1175,53
849,15	1159,15
849,32	1183,73
849,49	1169,39
849,66	1177,58
849,83	1198,06
850,00	1175,53
850,17	1142,77
850,34	1243,12
850,51	1163,25
850,68	1155,05
850,85	1224,69
851,01	1159,15
851,18	1202,16
851,35	1150,96
851,52	1177,58
851,69	1171,44
851,86	1171,44
852,03	1136,62
852,20	1159,15
852,37	1146,86
852,53	1155,05
852,70	1187,82
852,87	1138,67
853,04	1181,68
853,21	1216,49
853,38	1198,06
853,55	1218,54
853,72	1230,83
853,89	1234,93
854,05	1167,34
854,22	1144,81
854,39	1177,58
854,56	1144,81
854,73	1193,97
854,90	1136,62
855,07	1191,92
855,23	1218,54
855,40	1208,30
855,57	1191,92
855,74	1214,45
855,91	1107,95
856,08	1169,39
856,25	1179,63
856,41	1150,96
856,58	1185,77
856,75	1150,96
856,92	1185,77
857,09	1218,54
857,26	1095,66
857,42	1173,49
857,59	1101,81
857,76	1142,77
857,93	1130,48
858,10	1193,97
858,27	1255,40
858,43	1132,53
858,60	1185,77
858,77	1193,97
858,94	1150,96
859,11	1202,16
859,27	1187,82
859,44	1185,77
859,61	1161,20
859,78	1191,92
859,95	1101,81
860,12	1208,30
860,28	1167,34
860,45	1177,58
860,62	1236,97
860,79	1200,11
860,95	1155,05
861,12	1228,78
861,29	1148,91
861,46	1132,53
861,63	1181,68
861,79	1220,59
861,96	1202,16
862,13	1204,21
862,30	1163,25
862,47	1110,00
862,63	1177,58
862,80	1146,86
862,97	1218,54
863,14	1175,53
863,30	1204,21
863,47	1245,16
863,64	1175,53
863,81	1163,25
863,97	1210,35
864,14	1220,59
864,31	1212,40
864,48	1181,68
864,65	1173,49
864,81	1210,35
864,98	1155,05
865,15	1202,16
865,32	1171,44
865,48	1165,29
865,65	1153,01
865,82	1212,40
865,98	1173,49
866,15	1218,54
866,32	1251,31
866,49	1200,11
866,65	1198,06
866,82	1189,87
866,99	1114,10
867,16	1118,19
867,32	1187,82
867,49	1236,97
867,66	1165,29
867,83	1089,52
867,99	1091,57
868,16	1228,78
868,33	1144,81
868,49	1183,73
868,66	1159,15
868,83	1181,68
868,99	1138,67
869,16	1249,26
869,33	1136,62
869,50	1210,35
869,66	1200,11
869,83	1157,10
870,00	1220,59
870,16	1126,38
870,33	1159,15
870,50	1204,21
870,66	1167,34
870,83	1163,25
871,00	1128,43
871,17	1150,96
871,33	1212,40
871,50	1216,49
871,67	1155,05
871,83	1148,91
872,00	1157,10
872,17	1081,33
872,33	1177,58
872,50	1163,25
872,67	1183,73
872,83	1226,73
873,00	1224,69
873,17	1177,58
873,33	1171,44
873,50	1173,49
873,67	1114,10
873,83	1208,30
874,00	1161,20
874,16	1175,53
874,33	1093,62
874,50	1228,78
874,66	1198,06
874,83	1206,25
875,00	1163,25
875,16	1189,87
875,33	1196,01
875,50	1128,43
875,66	1179,63
875,83	1150,96
875,99	1202,16
876,16	1228,78
876,33	1177,58
876,49	1200,11
876,66	1148,91
876,83	1257,45
876,99	1185,77
877,16	1167,34
877,32	1206,25
877,49	1208,30
877,66	1202,16
877,82	1236,97
877,99	1247,21
878,15	1198,06
878,32	1169,39
878,49	1224,69
878,65	1112,05
878,82	1234,93
878,98	1167,34
879,15	1218,54
879,32	1142,77
879,48	1208,30
879,65	1179,63
879,81	1216,49
879,98	1144,81
880,15	1187,82
880,31	1191,92
880,48	1173,49
880,64	1177,58
880,81	1218,54
880,97	1226,73
881,14	1091,57
881,31	1110,00
881,47	1167,34
881,64	1224,69
881,80	1134,57
881,97	1153,01
882,13	1177,58
882,30	1196,01
882,47	1118,19
882,63	1179,63
882,80	1187,82
882,96	1290,22
883,13	1150,96
883,29	1155,05
883,46	1140,72
883,62	1187,82
883,79	1157,10
883,95	1228,78
884,12	1173,49
884,29	1155,05
884,45	1165,29
884,62	1140,72
884,78	1163,25
884,95	1161,20
885,11	1161,20
885,28	1150,96
885,44	1157,10
885,61	1206,25
885,77	1198,06
885,94	1165,29
886,10	1179,63
886,27	1202,16
886,43	1155,05
886,60	1163,25
886,76	1191,92
886,93	1179,63
887,09	1196,01
887,26	1214,45
887,42	1163,25
887,59	1181,68
887,75	1181,68
887,92	1181,68
888,08	1212,40
888,25	1122,29
888,41	1191,92
888,58	1191,92
888,74	1161,20
888,91	1177,58
