177,47	1181,68
177,69	1181,68
177,91	1181,68
178,13	1222,64
178,36	1196,01
178,58	1167,34
178,80	1134,57
179,02	1165,29
179,24	1183,73
179,46	1189,87
179,68	1185,77
179,90	1136,62
180,13	1181,68
180,35	1187,82
180,57	1175,53
180,79	1136,62
181,01	1175,53
181,23	1173,49
181,45	1140,72
181,67	1214,45
181,90	1189,87
182,12	1200,11
182,34	1165,29
182,56	1179,63
182,78	1196,01
183,00	1212,40
183,22	1161,20
183,44	1212,40
183,66	1142,77
183,89	1208,30
184,11	1200,11
184,33	1179,63
184,55	1173,49
184,77	1179,63
184,99	1279,98
185,21	1130,48
185,43	1249,26
185,65	1189,87
185,87	1120,24
186,10	1126,38
186,32	1196,01
186,54	1130,48
186,76	1163,25
186,98	1173,49
187,20	1216,49
187,42	1085,42
187,64	1171,44
187,86	1173,49
188,08	1206,25
188,30	1140,72
188,52	1198,06
188,75	1241,07
188,97	1118,19
189,19	1134,57
189,41	1175,53
189,63	1155,05
189,85	1157,10
190,07	1183,73
190,29	1196,01
190,51	1167,34
190,73	1163,25
190,95	1126,38
191,17	1161,20
191,39	1167,34
191,61	1239,02
191,84	1071,09
192,06	1179,63
192,28	1171,44
192,50	1148,91
192,72	1232,88
192,94	1153,01
193,16	1228,78
193,38	1173,49
193,60	1107,95
193,82	1218,54
194,04	1155,05
194,26	1210,35
194,48	1226,73
194,70	1163,25
194,92	1243,12
195,14	1191,92
195,36	1183,73
195,58	1187,82
195,80	1173,49
196,02	1155,05
196,24	1181,68
196,46	1208,30
196,69	1200,11
196,91	1236,97
197,13	1130,48
197,35	1110,00
197,57	1191,92
197,79	1230,83
198,01	1157,10
198,23	1193,97
198,45	1224,69
198,67	1191,92
198,89	1226,73
199,11	1112,05
199,33	1159,15
199,55	1179,63
199,77	1167,34
199,99	1138,67
200,21	1204,21
200,43	1183,73
200,65	1216,49
200,87	1148,91
201,09	1171,44
201,31	1216,49
201,53	1171,44
201,75	1216,49
201,97	1150,96
202,19	1193,97
202,41	1208,30
202,63	1214,45
202,85	1222,64
203,07	1157,10
203,29	1157,10
203,51	1212,40
203,73	1206,25
203,95	1155,05
204,17	1171,44
204,39	1191,92
204,61	1163,25
204,83	1138,67
205,05	1187,82
205,27	1204,21
205,49	1083,38
205,71	1193,97
205,93	1191,92
206,15	1167,34
206,37	1185,77
206,59	1218,54
206,81	1136,62
207,03	1196,01
207,25	1187,82
207,47	1155,05
207,69	1259,50
207,91	1234,93
208,13	1191,92
208,34	1173,49
208,56	1089,52
208,78	1165,29
209,00	1167,34
209,22	1136,62
209,44	1124,33
209,66	1228,78
209,88	1191,92
210,10	1206,25
210,32	1167,34
210,54	1187,82
210,76	1177,58
210,98	1124,33
211,20	1216,49
211,42	1138,67
211,64	1189,87
211,86	1134,57
212,08	1122,29
212,30	1200,11
212,52	1236,97
212,74	1327,08
212,96	1273,84
213,17	1216,49
213,39	1187,82
213,61	1198,06
213,83	1196,01
214,05	1095,66
214,27	1159,15
214,49	1181,68
214,71	1177,58
214,93	1175,53
215,15	1210,35
215,37	1134,57
215,59	1191,92
215,81	1153,01
216,03	1048,56
216,24	1142,77
216,46	1198,06
216,68	1134,57
216,90	1212,40
217,12	1206,25
217,34	1144,81
217,56	1198,06
217,78	1208,30
218,00	1150,96
218,22	1157,10
218,44	1155,05
218,66	1093,62
218,87	1175,53
219,09	1193,97
219,31	1177,58
219,53	1142,77
219,75	1175,53
219,97	1091,57
220,19	1140,72
220,41	1118,19
220,63	1263,60
220,85	1148,91
221,06	1183,73
221,28	1204,21
221,50	1150,96
221,72	1183,73
221,94	1243,12
222,16	1187,82
222,38	1224,69
222,60	1204,21
222,82	1138,67
223,03	1253,36
223,25	1196,01
223,47	1191,92
223,69	1236,97
223,91	1140,72
224,13	1161,20
224,35	1196,01
224,57	1146,86
224,78	1210,35
225,00	1148,91
225,22	1159,15
225,44	1142,77
225,66	1183,73
225,88	1130,48
226,10	1212,40
226,32	1198,06
226,53	1198,06
226,75	1173,49
226,97	1103,86
227,19	1144,81
227,41	1214,45
227,63	1136,62
227,85	1167,34
228,06	1153,01
228,28	1189,87
228,50	1191,92
228,72	1091,57
228,94	1193,97
229,16	1220,59
229,37	1243,12
229,59	1183,73
229,81	1200,11
230,03	1159,15
230,25	1187,82
230,47	1167,34
230,69	1148,91
230,90	1187,82
231,12	1173,49
231,34	1214,45
231,56	1177,58
231,78	1136,62
232,00	1189,87
232,21	1193,97
232,43	1155,05
232,65	1185,77
232,87	1136,62
233,09	1191,92
233,30	1265,64
233,52	1230,83
233,74	1179,63
233,96	1118,19
234,18	1208,30
234,40	1226,73
234,61	1216,49
234,83	1085,42
235,05	1161,20
235,27	1132,53
235,49	1239,02
235,70	1146,86
235,92	1257,45
236,14	1241,07
236,36	1181,68
236,58	1165,29
236,79	1200,11
237,01	1175,53
237,23	1200,11
237,45	1177,58
237,67	1208,30
237,88	1179,63
238,10	1177,58
238,32	1220,59
238,54	1234,93
238,76	1159,15
238,97	1212,40
239,19	1181,68
239,41	1144,81
239,63	1218,54
239,85	1116,14
240,06	1142,77
240,28	1206,25
240,50	1234,93
240,72	1165,29
240,93	1216,49
241,15	1196,01
241,37	1185,77
241,59	1234,93
241,81	1208,30
242,02	1138,67
242,24	1165,29
242,46	1159,15
242,68	1181,68
242,89	1175,53
243,11	1167,34
243,33	1208,30
243,55	1212,40
243,76	1157,10
243,98	1214,45
244,20	1163,25
244,42	1173,49
244,64	1185,77
244,85	1175,53
245,07	1175,53
245,29	1161,20
245,51	1122,29
245,72	1167,34
245,94	1198,06
246,16	1122,29
246,38	1212,40
246,59	1187,82
246,81	1216,49
247,03	1212,40
247,24	1173,49
247,46	1163,25
247,68	1153,01
247,90	1234,93
248,11	1159,15
248,33	1157,10
248,55	1122,29
248,77	1208,30
248,98	1257,45
249,20	1081,33
249,42	1200,11
249,64	1110,00
249,85	1187,82
250,07	1161,20
250,29	1165,29
250,50	1232,88
250,72	1134,57
250,94	1189,87
251,16	1169,39
251,37	1183,73
251,59	1230,83
251,81	1224,69
252,02	1153,01
252,24	1179,63
252,46	1202,16
252,68	1222,64
252,89	1224,69
253,11	1165,29
253,33	1187,82
253,54	1148,91
253,76	1144,81
253,98	1167,34
254,20	1200,11
254,41	1216,49
254,63	1249,26
254,85	1122,29
255,06	1216,49
255,28	1159,15
255,50	1253,36
255,71	1212,40
255,93	1157,10
256,15	1142,77
256,36	1122,29
256,58	1204,21
256,80	1216,49
257,02	1181,68
257,23	1214,45
257,45	1177,58
257,67	1212,40
257,88	1173,49
258,10	1204,21
258,32	1191,92
258,53	1175,53
258,75	1247,21
258,97	1183,73
259,18	1179,63
259,40	1236,97
259,62	1200,11
259,83	1200,11
260,05	1226,73
260,27	1202,16
260,48	1241,07
260,70	1140,72
260,92	1179,63
261,13	1165,29
261,35	1071,09
261,57	1177,58
261,78	1136,62
262,00	1173,49
262,22	1191,92
262,43	1206,25
262,65	1126,38
262,86	1189,87
263,08	1181,68
263,30	1204,21
263,51	1208,30
263,73	1208,30
263,95	1099,76
264,16	1216,49
264,38	1204,21
264,60	1175,53
264,81	1189,87
265,03	1208,30
265,25	1181,68
265,46	1181,68
265,68	1167,34
265,89	1181,68
266,11	1193,97
266,33	1196,01
266,54	1200,11
266,76	1208,30
266,98	1107,95
267,19	1196,01
267,41	1191,92
267,62	1253,36
267,84	1214,45
268,06	1101,81
268,27	1208,30
268,49	1241,07
268,70	1216,49
268,92	1175,53
269,14	1177,58
269,35	1101,81
269,57	1208,30
269,79	1142,77
270,00	1165,29
270,22	1206,25
270,43	1132,53
270,65	1232,88
270,87	1216,49
271,08	1232,88
271,30	1204,21
271,51	1140,72
271,73	1214,45
271,95	1198,06
272,16	1165,29
272,38	1193,97
272,59	1157,10
272,81	1261,55
273,02	1214,45
273,24	1169,39
273,46	1171,44
273,67	1183,73
273,89	1136,62
274,10	1224,69
274,32	1191,92
274,54	1167,34
274,75	1226,73
274,97	1232,88
275,18	1150,96
275,40	1183,73
275,61	1247,21
275,83	1214,45
276,05	1189,87
276,26	1200,11
276,48	1150,96
276,69	1179,63
276,91	1216,49
277,12	1101,81
277,34	1142,77
277,55	1183,73
277,77	1167,34
277,99	1202,16
278,20	1153,01
278,42	1204,21
278,63	1193,97
278,85	1179,63
279,06	1204,21
279,28	1175,53
279,49	1136,62
279,71	1118,19
279,93	1177,58
280,14	1200,11
280,36	1196,01
280,57	1173,49
280,79	1128,43
281,00	1208,30
281,22	1142,77
281,43	1167,34
281,65	1105,90
281,86	1153,01
282,08	1257,45
282,29	1214,45
282,51	1142,77
282,73	1224,69
282,94	1165,29
283,16	1118,19
283,37	1150,96
283,59	1206,25
283,80	1257,45
284,02	1169,39
284,23	1179,63
284,45	1222,64
284,66	1146,86
284,88	1187,82
285,09	1204,21
285,31	1155,05
285,52	1261,55
285,74	1198,06
285,95	1187,82
286,17	1157,10
286,38	1206,25
286,60	1212,40
286,81	1128,43
287,03	1208,30
287,24	1161,20
287,46	1179,63
287,67	1181,68
287,89	1134,57
288,10	1161,20
288,32	1214,45
288,53	1142,77
288,75	1261,55
288,96	1189,87
289,18	1120,24
289,39	1177,58
289,61	1198,06
289,82	1173,49
290,04	1122,29
290,25	1167,34
290,47	1214,45
290,68	1128,43
290,90	1185,77
291,11	1198,06
291,33	1245,16
291,54	1187,82
291,76	1259,50
291,97	1132,53
292,18	1161,20
292,40	1107,95
292,61	1146,86
292,83	1216,49
293,04	1234,93
293,26	1175,53
293,47	1208,30
293,69	1169,39
293,90	1155,05
294,12	1150,96
294,33	1134,57
294,55	1224,69
294,76	1173,49
294,97	1140,72
295,19	1136,62
295,40	1208,30
295,62	1222,64
295,83	1296,36
296,05	1224,69
296,26	1175,53
296,48	1191,92
296,69	1097,71
296,90	1126,38
297,12	1136,62
297,33	1177,58
297,55	1183,73
297,76	1196,01
297,98	1144,81
298,19	1206,25
298,41	1232,88
298,62	1148,91
298,83	1185,77
299,05	1157,10
299,26	1142,77
299,48	1167,34
299,69	1169,39
299,90	1234,93
300,12	1224,69
300,33	1177,58
300,55	1210,35
300,76	1167,34
300,98	1196,01
301,19	1191,92
301,40	1193,97
301,62	1202,16
301,83	1204,21
302,05	1216,49
302,26	1179,63
302,47	1173,49
302,69	1220,59
302,90	1150,96
303,12	1155,05
303,33	1169,39
303,54	1189,87
303,76	1130,48
303,97	1177,58
304,19	1232,88
304,40	1134,57
304,61	1189,87
304,83	1146,86
305,04	1228,78
305,26	1167,34
305,47	1220,59
305,68	1204,21
305,90	1189,87
306,11	1214,45
306,33	1091,57
306,54	1241,07
306,75	1185,77
306,97	1241,07
307,18	1214,45
307,39	1157,10
307,61	1208,30
307,82	1177,58
308,04	1191,92
308,25	1169,39
308,46	1171,44
308,68	1179,63
308,89	1187,82
309,10	1153,01
309,32	1198,06
309,53	1150,96
309,74	1167,34
309,96	1212,40
310,17	1185,77
310,39	1169,39
310,60	1142,77
310,81	1263,60
311,03	1146,86
311,24	1169,39
311,45	1245,16
311,67	1138,67
311,88	1222,64
312,09	1177,58
312,31	1212,40
312,52	1181,68
312,73	1202,16
312,95	1181,68
313,16	1263,60
313,37	1124,33
313,59	1228,78
313,80	1187,82
314,01	1181,68
314,23	1138,67
314,44	1193,97
314,65	1103,86
314,87	1161,20
315,08	1150,96
315,29	1185,77
315,51	1175,53
315,72	1187,82
315,93	1210,35
316,15	1265,64
316,36	1128,43
316,57	1216,49
316,79	1064,94
317,00	1318,89
317,21	1247,21
317,43	1200,11
317,64	1150,96
317,85	1198,06
318,07	1173,49
318,28	1148,91
318,49	1181,68
318,70	1161,20
318,92	1275,88
319,13	1159,15
319,34	1155,05
319,56	1208,30
319,77	1085,42
319,98	1226,73
320,20	1148,91
320,41	1095,66
320,62	1198,06
320,83	1128,43
321,05	1177,58
321,26	1204,21
321,47	1189,87
321,69	1181,68
321,90	1212,40
322,11	1075,18
322,32	1165,29
322,54	1236,97
322,75	1085,42
322,96	1212,40
323,18	1169,39
323,39	1181,68
323,60	1118,19
323,81	1189,87
324,03	1150,96
324,24	1134,57
324,45	1179,63
324,66	1181,68
324,88	1185,77
325,09	1140,72
325,30	1208,30
325,52	1138,67
325,73	1249,26
325,94	1157,10
326,15	1177,58
326,37	1107,95
326,58	1173,49
326,79	1236,97
327,00	1228,78
327,22	1150,96
327,43	1212,40
327,64	1175,53
327,85	1128,43
328,07	1183,73
328,28	1241,07
328,49	1177,58
328,70	1261,55
328,92	1173,49
329,13	1196,01
329,34	1216,49
329,55	1257,45
329,76	1155,05
329,98	1202,16
330,19	1165,29
330,40	1155,05
330,61	1118,19
330,83	1253,36
331,04	1142,77
331,25	1167,34
331,46	1183,73
331,68	1171,44
331,89	1171,44
332,10	1173,49
332,31	1218,54
332,52	1243,12
332,74	1200,11
332,95	1140,72
333,16	1124,33
333,37	1212,40
333,58	1157,10
333,80	1183,73
334,01	1204,21
334,22	1216,49
334,43	1200,11
334,64	1179,63
334,86	1171,44
335,07	1163,25
335,28	1050,61
335,49	1114,10
335,70	1159,15
335,92	1239,02
336,13	1263,60
336,34	1105,90
336,55	1202,16
336,76	1208,30
336,98	1198,06
337,19	1181,68
337,40	1208,30
337,61	1193,97
337,82	1198,06
338,04	1179,63
338,25	1181,68
338,46	1230,83
338,67	1161,20
338,88	1202,16
339,09	1200,11
339,31	1193,97
339,52	1093,62
339,73	1173,49
339,94	1175,53
340,15	1204,21
340,36	1173,49
340,58	1163,25
340,79	1101,81
341,00	1163,25
341,21	1183,73
341,42	1118,19
341,63	1185,77
341,85	1124,33
342,06	1288,17
342,27	1175,53
342,48	1150,96
342,69	1089,52
342,90	1247,21
343,12	1214,45
343,33	1191,92
343,54	1161,20
343,75	1161,20
343,96	1130,48
344,17	1204,21
344,38	1267,69
344,60	1153,01
344,81	1157,10
345,02	1114,10
345,23	1165,29
345,44	1153,01
345,65	1128,43
345,86	1206,25
346,07	1183,73
346,29	1095,66
346,50	1159,15
346,71	1183,73
346,92	1157,10
347,13	1124,33
347,34	1140,72
347,55	1196,01
347,76	1167,34
347,98	1226,73
348,19	1116,14
348,40	1202,16
348,61	1214,45
348,82	1193,97
349,03	1175,53
349,24	1204,21
349,45	1181,68
349,66	1196,01
349,88	1107,95
350,09	1230,83
350,30	1249,26
350,51	1118,19
350,72	1179,63
350,93	1265,64
351,14	1179,63
351,35	1138,67
351,56	1181,68
351,77	1191,92
351,99	1155,05
352,20	1181,68
352,41	1243,12
352,62	1200,11
352,83	1132,53
353,04	1120,24
353,25	1173,49
353,46	1142,77
353,67	1228,78
353,88	1093,62
354,09	1230,83
354,30	1173,49
354,52	1169,39
354,73	1212,40
354,94	1148,91
355,15	1116,14
355,36	1126,38
355,57	1163,25
355,78	1155,05
355,99	1161,20
356,20	1157,10
356,41	1181,68
356,62	1159,15
356,83	1234,93
357,04	1183,73
357,25	1191,92
357,46	1196,01
357,68	1187,82
357,89	1169,39
358,10	1241,07
358,31	1167,34
358,52	1210,35
358,73	1183,73
358,94	1175,53
359,15	1220,59
359,36	1157,10
359,57	1159,15
359,78	1200,11
359,99	1144,81
360,20	1191,92
360,41	1228,78
360,62	1142,77
360,83	1159,15
361,04	1167,34
361,25	1169,39
361,46	1175,53
361,67	1169,39
361,88	1161,20
362,09	1193,97
362,30	1193,97
362,51	1193,97
362,72	1187,82
362,93	1196,01
363,14	1198,06
363,35	1175,53
363,56	1099,76
363,78	1130,48
363,99	1181,68
364,20	1132,53
364,41	1191,92
364,62	1200,11
364,83	1169,39
365,04	1112,05
365,25	1183,73
365,46	1185,77
365,67	1132,53
365,88	1243,12
366,09	1216,49
366,30	1142,77
366,51	1224,69
366,72	1140,72
366,93	1142,77
367,14	1204,21
367,35	1228,78
367,56	1175,53
367,77	1214,45
367,98	1167,34
368,18	1222,64
368,39	1130,48
368,60	1140,72
368,81	1177,58
369,02	1142,77
369,23	1161,20
369,44	1230,83
369,65	1134,57
369,86	1179,63
370,07	1183,73
370,28	1232,88
370,49	1253,36
370,70	1198,06
370,91	1191,92
371,12	1140,72
371,33	1263,60
371,54	1218,54
371,75	1177,58
371,96	1157,10
372,17	1130,48
372,38	1142,77
372,59	1142,77
372,80	1175,53
373,01	1169,39
373,22	1212,40
373,43	1150,96
373,64	1200,11
373,85	1163,25
374,06	1196,01
374,26	1208,30
374,47	1112,05
374,68	1118,19
374,89	1148,91
375,10	1179,63
375,31	1200,11
375,52	1185,77
375,73	1181,68
375,94	1148,91
376,15	1142,77
376,36	1169,39
376,57	1085,42
376,78	1173,49
376,99	1142,77
377,20	1138,67
377,40	1212,40
377,61	1150,96
377,82	1150,96
378,03	1191,92
378,24	1148,91
378,45	1185,77
378,66	1140,72
378,87	1163,25
379,08	1163,25
379,29	1179,63
379,50	1181,68
379,71	1187,82
379,91	1216,49
380,12	1167,34
380,33	1191,92
380,54	1155,05
380,75	1150,96
380,96	1224,69
381,17	1142,77
381,38	1130,48
381,59	1144,81
381,80	1138,67
382,00	1251,31
382,21	1130,48
382,42	1183,73
382,63	1165,29
382,84	1181,68
383,05	1189,87
383,26	1144,81
383,47	1169,39
383,68	1167,34
383,88	1110,00
384,09	1212,40
384,30	1216,49
384,51	1200,11
384,72	1218,54
384,93	1163,25
385,14	1200,11
385,35	1167,34
385,55	1120,24
385,76	1122,29
385,97	1140,72
386,18	1200,11
386,39	1214,45
386,60	1206,25
386,81	1226,73
387,02	1206,25
387,22	1179,63
387,43	1183,73
387,64	1171,44
387,85	1202,16
388,06	1177,58
388,27	1198,06
388,48	1132,53
388,68	1124,33
388,89	1212,40
389,10	1208,30
389,31	1171,44
389,52	1175,53
389,73	1185,77
389,93	1157,10
390,14	1177,58
390,35	1163,25
390,56	1200,11
390,77	1167,34
390,98	1269,74
391,18	1220,59
391,39	1128,43
391,60	1150,96
391,81	1146,86
392,02	1120,24
392,23	1148,91
392,43	1130,48
392,64	1226,73
392,85	1177,58
393,06	1183,73
393,27	1228,78
393,47	1165,29
393,68	1210,35
393,89	1091,57
394,10	1214,45
394,31	1144,81
394,52	1206,25
394,72	1204,21
394,93	1210,35
395,14	1185,77
395,35	1122,29
395,56	1177,58
395,76	1198,06
395,97	1155,05
396,18	1243,12
396,39	1116,14
396,60	1183,73
396,80	1214,45
397,01	1212,40
397,22	1226,73
397,43	1226,73
397,64	1157,10
397,84	1157,10
398,05	1120,24
398,26	1181,68
398,47	1181,68
398,67	1224,69
398,88	1112,05
399,09	1181,68
399,30	1101,81
399,51	1216,49
399,71	1193,97
399,92	1216,49
400,13	1150,96
400,34	1245,16
400,54	1093,62
400,75	1169,39
400,96	1171,44
401,17	1169,39
401,37	1175,53
401,58	1198,06
401,79	1157,10
402,00	1144,81
402,21	1243,12
402,41	1155,05
402,62	1161,20
402,83	1165,29
403,04	1204,21
403,24	1167,34
403,45	1200,11
403,66	1183,73
403,87	1079,28
404,07	1150,96
404,28	1196,01
404,49	1175,53
404,70	1155,05
404,90	1189,87
405,11	1157,10
405,32	1210,35
405,52	1198,06
405,73	1222,64
405,94	1144,81
406,15	1155,05
406,35	1157,10
406,56	1165,29
406,77	1150,96
406,98	1251,31
407,18	1185,77
407,39	1173,49
407,60	1159,15
407,80	1097,71
408,01	1216,49
408,22	1142,77
408,43	1155,05
408,63	1171,44
408,84	1212,40
409,05	1198,06
409,25	1206,25
409,46	1200,11
409,67	1204,21
409,88	1177,58
410,08	1241,07
410,29	1204,21
410,50	1130,48
410,70	1105,90
410,91	1196,01
411,12	1196,01
411,32	1089,52
411,53	1134,57
411,74	1161,20
411,95	1169,39
412,15	1165,29
412,36	1175,53
412,57	1179,63
412,77	1175,53
412,98	1093,62
413,19	1126,38
413,39	1210,35
413,60	1185,77
413,81	1159,15
414,01	1200,11
414,22	1236,97
414,43	1155,05
414,63	1204,21
414,84	1122,29
415,05	1161,20
415,25	1155,05
415,46	1202,16
415,67	1208,30
415,87	1136,62
416,08	1132,53
416,29	1175,53
416,49	1169,39
416,70	1142,77
416,91	1181,68
417,11	1191,92
417,32	1183,73
417,53	1191,92
417,73	1179,63
417,94	1189,87
418,15	1191,92
418,35	1153,01
418,56	1220,59
418,77	1146,86
418,97	1189,87
419,18	1105,90
419,38	1175,53
419,59	1103,86
419,80	1214,45
420,00	1148,91
420,21	1214,45
420,42	1191,92
420,62	1165,29
420,83	1142,77
421,04	1239,02
421,24	1161,20
421,45	1146,86
421,65	1163,25
421,86	1210,35
422,07	1218,54
422,27	1157,10
422,48	1230,83
422,69	1175,53
422,89	1196,01
423,10	1140,72
423,30	1112,05
423,51	1210,35
423,72	1181,68
423,92	1130,48
424,13	1214,45
424,33	1198,06
424,54	1214,45
424,75	1191,92
424,95	1185,77
425,16	1167,34
425,36	1112,05
425,57	1142,77
425,78	1206,25
425,98	1136,62
426,19	1161,20
426,39	1140,72
426,60	1155,05
426,81	1183,73
427,01	1210,35
427,22	1175,53
427,42	1144,81
427,63	1122,29
427,83	1216,49
428,04	1249,26
428,25	1243,12
428,45	1183,73
428,66	1191,92
428,86	1204,21
429,07	1167,34
429,28	1071,09
429,48	1234,93
429,69	1210,35
429,89	1110,00
430,10	1198,06
430,30	1218,54
430,51	1134,57
430,71	1146,86
430,92	1142,77
431,13	1144,81
431,33	1222,64
431,54	1150,96
431,74	1136,62
431,95	1261,55
432,15	1148,91
432,36	1167,34
432,56	1187,82
432,77	1216,49
432,98	1177,58
433,18	1216,49
433,39	1167,34
433,59	1204,21
433,80	1202,16
434,00	1179,63
434,21	1110,00
434,41	1136,62
434,62	1167,34
434,82	1204,21
435,03	1212,40
435,23	1179,63
435,44	1196,01
435,64	1228,78
435,85	1191,92
436,06	1187,82
436,26	1138,67
436,47	1148,91
436,67	1255,40
436,88	1167,34
437,08	1146,86
437,29	1179,63
437,49	1140,72
437,70	1236,97
437,90	1181,68
438,11	1206,25
438,31	1226,73
438,52	1179,63
438,72	1183,73
438,93	1189,87
439,13	1200,11
439,34	1167,34
439,54	1185,77
439,75	1161,20
439,95	1232,88
440,16	1196,01
440,36	1179,63
440,57	1150,96
440,77	1167,34
440,98	1171,44
441,18	1130,48
441,39	1220,59
441,59	1146,86
441,80	1210,35
442,00	1169,39
442,21	1189,87
442,41	1118,19
442,62	1216,49
442,82	1126,38
443,02	1241,07
443,23	1196,01
443,43	1138,67
443,64	1193,97
443,84	1093,62
444,05	1138,67
444,25	1179,63
444,46	1200,11
444,66	1208,30
444,87	1110,00
445,07	1179,63
445,28	1146,86
445,48	1202,16
445,69	1200,11
445,89	1148,91
446,09	1085,42
446,30	1198,06
446,50	1196,01
446,71	1257,45
446,91	1187,82
447,12	1193,97
447,32	1165,29
447,53	1216,49
447,73	1132,53
447,93	1187,82
448,14	1204,21
448,34	1175,53
448,55	1181,68
448,75	1243,12
448,96	1163,25
449,16	1083,38
449,36	1144,81
449,57	1245,16
449,77	1222,64
449,98	1249,26
450,18	1183,73
450,39	1200,11
450,59	1234,93
450,79	1196,01
451,00	1181,68
451,20	1177,58
451,41	1146,86
451,61	1142,77
451,81	1214,45
452,02	1118,19
452,22	1214,45
452,43	1236,97
452,63	1230,83
452,84	1189,87
453,04	1159,15
453,24	1232,88
453,45	1251,31
453,65	1167,34
453,86	1222,64
454,06	1083,38
454,26	1155,05
454,47	1101,81
454,67	1191,92
454,87	1222,64
455,08	1200,11
455,28	1222,64
455,49	1206,25
455,69	1179,63
455,89	1175,53
456,10	1179,63
456,30	1132,53
456,51	1153,01
456,71	1124,33
456,91	1118,19
457,12	1155,05
457,32	1189,87
457,52	1144,81
457,73	1140,72
457,93	1091,57
458,14	1200,11
458,34	1234,93
458,54	1181,68
458,75	1153,01
458,95	1179,63
459,15	1196,01
459,36	1191,92
459,56	1196,01
459,76	1136,62
459,97	1163,25
460,17	1122,29
460,37	1234,93
460,58	1167,34
460,78	1124,33
460,99	1120,24
461,19	1187,82
461,39	1204,21
461,60	1247,21
461,80	1228,78
462,00	1214,45
462,21	1169,39
462,41	1187,82
462,61	1155,05
462,82	1155,05
463,02	1157,10
463,22	1167,34
463,43	1224,69
463,63	1171,44
463,83	1196,01
464,04	1206,25
464,24	1183,73
464,44	1120,24
464,64	1236,97
464,85	1171,44
465,05	1206,25
465,25	1175,53
465,46	1181,68
465,66	1226,73
465,86	1087,47
466,07	1206,25
466,27	1159,15
466,47	1187,82
466,68	1142,77
466,88	1255,40
467,08	1191,92
467,29	1214,45
467,49	1181,68
467,69	1204,21
467,89	1126,38
468,10	1159,15
468,30	1212,40
468,50	1191,92
468,71	1189,87
468,91	1202,16
469,11	1185,77
469,31	1093,62
469,52	1198,06
469,72	1212,40
469,92	1130,48
470,13	1169,39
470,33	1183,73
470,53	1204,21
470,73	1157,10
470,94	1261,55
471,14	1150,96
471,34	1212,40
471,54	1187,82
471,75	1200,11
471,95	1189,87
472,15	1173,49
472,36	1212,40
472,56	1187,82
472,76	1110,00
472,96	1208,30
473,17	1148,91
473,37	1183,73
473,57	1216,49
473,77	1118,19
473,98	1161,20
474,18	1208,30
474,38	1206,25
474,58	1085,42
474,79	1228,78
474,99	1175,53
475,19	1136,62
475,39	1167,34
475,60	1114,10
475,80	1179,63
476,00	1142,77
476,20	1193,97
476,41	1204,21
476,61	1179,63
476,81	1148,91
477,01	1187,82
477,21	1157,10
477,42	1204,21
477,62	1140,72
477,82	1175,53
478,02	1142,77
478,23	1210,35
478,43	1148,91
478,63	1134,57
478,83	1101,81
479,03	1150,96
479,24	1177,58
479,44	1148,91
479,64	1122,29
479,84	1224,69
480,04	1218,54
480,25	1222,64
480,45	1159,15
480,65	1118,19
480,85	1142,77
481,06	1196,01
481,26	1165,29
481,46	1196,01
481,66	1161,20
481,86	1161,20
482,06	1179,63
482,27	1146,86
482,47	1187,82
482,67	1146,86
482,87	1140,72
483,07	1241,07
483,28	1191,92
483,48	1122,29
483,68	1140,72
483,88	1193,97
484,08	1189,87
484,29	1232,88
484,49	1224,69
484,69	1214,45
484,89	1189,87
485,09	1187,82
485,29	1208,30
485,50	1185,77
485,70	1177,58
485,90	1118,19
486,10	1136,62
486,30	1136,62
486,50	1167,34
486,71	1118,19
486,91	1183,73
487,11	1155,05
487,31	1218,54
487,51	1177,58
487,71	1105,90
487,91	1216,49
488,12	1187,82
488,32	1171,44
488,52	1157,10
488,72	1196,01
488,92	1144,81
489,12	1175,53
489,32	1155,05
489,53	1185,77
489,73	1185,77
489,93	1150,96
490,13	1126,38
490,33	1153,01
490,53	1171,44
490,73	1206,25
490,94	1136,62
491,14	1198,06
491,34	1132,53
491,54	1118,19
491,74	1153,01
491,94	1167,34
492,14	1175,53
492,34	1261,55
492,54	1144,81
492,75	1200,11
492,95	1247,21
493,15	1153,01
493,35	1177,58
493,55	1173,49
493,75	1214,45
493,95	1093,62
494,15	1255,40
494,35	1193,97
494,56	1112,05
494,76	1226,73
494,96	1165,29
495,16	1193,97
495,36	1212,40
495,56	1179,63
495,76	1089,52
495,96	1099,76
496,16	1179,63
496,36	1239,02
496,56	1183,73
496,77	1218,54
496,97	1148,91
497,17	1183,73
497,37	1136,62
497,57	1126,38
497,77	1153,01
497,97	1181,68
498,17	1159,15
498,37	1206,25
498,57	1177,58
498,77	1159,15
498,97	1134,57
499,17	1101,81
499,38	1210,35
499,58	1085,42
499,78	1191,92
499,98	1114,10
500,18	1165,29
500,38	1198,06
500,58	1202,16
500,78	1179,63
500,98	1142,77
501,18	1202,16
501,38	1230,83
501,58	1214,45
501,78	1171,44
501,98	1196,01
502,18	1153,01
502,38	1144,81
502,58	1187,82
502,78	1165,29
502,98	1144,81
503,18	1167,34
503,38	1234,93
503,59	1222,64
503,79	1241,07
503,99	1200,11
504,19	1173,49
504,39	1153,01
504,59	1155,05
504,79	1247,21
504,99	1177,58
505,19	1206,25
505,39	1206,25
505,59	1236,97
505,79	1208,30
505,99	1134,57
506,19	1165,29
506,39	1165,29
506,59	1210,35
506,79	1153,01
506,99	1124,33
507,19	1214,45
507,39	1173,49
507,59	1191,92
507,79	1185,77
507,99	1204,21
508,19	1150,96
508,39	1144,81
508,59	1126,38
508,79	1177,58
508,99	1163,25
509,19	1157,10
509,39	1204,21
509,59	1157,10
509,79	1161,20
509,99	1144,81
510,19	1126,38
510,39	1230,83
510,59	1173,49
510,79	1128,43
510,99	1251,31
511,19	1251,31
511,39	1159,15
511,59	1171,44
511,79	1193,97
511,99	1107,95
512,19	1241,07
512,38	1134,57
512,58	1173,49
512,78	1257,45
512,98	1273,84
513,18	1200,11
513,38	1153,01
513,58	1159,15
513,78	1232,88
513,98	1144,81
514,18	1206,25
514,38	1214,45
514,58	1181,68
514,78	1216,49
514,98	1153,01
515,18	1204,21
515,38	1171,44
515,58	1185,77
515,78	1191,92
515,98	1165,29
516,18	1128,43
516,38	1161,20
516,57	1208,30
516,77	1146,86
516,97	1112,05
517,17	1200,11
517,37	1175,53
517,57	1118,19
517,77	1105,90
517,97	1161,20
518,17	1165,29
518,37	1220,59
518,57	1165,29
518,77	1181,68
518,97	1165,29
519,16	1171,44
519,36	1138,67
519,56	1118,19
519,76	1220,59
519,96	1239,02
520,16	1230,83
520,36	1220,59
520,56	1204,21
520,76	1208,30
520,96	1208,30
521,16	1114,10
521,35	1249,26
521,55	1298,41
521,75	1124,33
521,95	1193,97
522,15	1200,11
522,35	1169,39
522,55	1191,92
522,75	1259,50
522,95	1189,87
523,14	1179,63
523,34	1161,20
523,54	1181,68
523,74	1222,64
523,94	1279,98
524,14	1214,45
524,34	1157,10
524,54	1216,49
524,73	1167,34
524,93	1167,34
525,13	1200,11
525,33	1218,54
525,53	1220,59
525,73	1110,00
525,93	1124,33
526,13	1097,71
526,32	1099,76
526,52	1155,05
526,72	1161,20
526,92	1187,82
527,12	1200,11
527,32	1110,00
527,52	1114,10
527,71	1212,40
527,91	1189,87
528,11	1126,38
528,31	1085,42
528,51	1191,92
528,71	1193,97
528,90	1171,44
529,10	1226,73
529,30	1163,25
529,50	1187,82
529,70	1204,21
529,90	1179,63
530,09	1212,40
530,29	1181,68
530,49	1202,16
530,69	1198,06
530,89	1138,67
531,09	1275,88
531,28	1157,10
531,48	1200,11
531,68	1204,21
531,88	1142,77
532,08	1175,53
532,28	1196,01
532,47	1243,12
532,67	1228,78
532,87	1112,05
533,07	1130,48
533,27	1189,87
533,46	1138,67
533,66	1140,72
533,86	1173,49
534,06	1196,01
534,26	1196,01
534,45	1185,77
534,65	1230,83
534,85	1226,73
535,05	1134,57
535,25	1093,62
535,44	1114,10
535,64	1157,10
535,84	1208,30
536,04	1218,54
536,24	1150,96
536,43	1169,39
536,63	1224,69
536,83	1306,60
537,03	1212,40
537,22	1196,01
537,42	1132,53
537,62	1204,21
537,82	1130,48
538,02	1112,05
538,21	1253,36
538,41	1198,06
538,61	1132,53
538,81	1155,05
539,00	1159,15
539,20	1224,69
539,40	1150,96
539,60	1200,11
539,79	1189,87
539,99	1171,44
540,19	1138,67
540,39	1134,57
540,58	1198,06
540,78	1169,39
540,98	1169,39
541,18	1265,64
541,37	1187,82
541,57	1134,57
541,77	1148,91
541,97	1191,92
542,16	1232,88
542,36	1165,29
542,56	1157,10
542,76	1157,10
542,95	1175,53
543,15	1163,25
543,35	1187,82
543,54	1200,11
543,74	1136,62
543,94	1107,95
544,14	1165,29
544,33	1126,38
544,53	1187,82
544,73	1181,68
544,93	1138,67
545,12	1130,48
545,32	1228,78
545,52	1142,77
545,71	1179,63
545,91	1175,53
546,11	1128,43
546,30	1073,14
546,50	1171,44
546,70	1146,86
546,90	1263,60
547,09	1093,62
547,29	1185,77
547,49	1155,05
547,68	1177,58
547,88	1175,53
548,08	1165,29
548,27	1138,67
548,47	1146,86
548,67	1224,69
548,87	1142,77
549,06	1126,38
549,26	1114,10
549,46	1124,33
549,65	1159,15
549,85	1206,25
550,05	1189,87
550,24	1144,81
550,44	1228,78
550,64	1136,62
550,83	1200,11
551,03	1146,86
551,23	1165,29
551,42	1157,10
551,62	1118,19
551,82	1196,01
552,01	1212,40
552,21	1163,25
552,41	1142,77
552,60	1210,35
552,80	1222,64
553,00	1175,53
553,19	1124,33
553,39	1210,35
553,59	1273,84
553,78	1226,73
553,98	1198,06
554,17	1232,88
554,37	1155,05
554,57	1171,44
554,76	1189,87
554,96	1153,01
555,16	1179,63
555,35	1167,34
555,55	1167,34
555,75	1153,01
555,94	1191,92
556,14	1110,00
556,33	1146,86
556,53	1202,16
556,73	1150,96
556,92	1159,15
557,12	1155,05
557,32	1155,05
557,51	1191,92
557,71	1245,16
557,90	1257,45
558,10	1196,01
558,30	1181,68
558,49	1249,26
558,69	1202,16
558,88	1157,10
559,08	1157,10
559,28	1118,19
559,47	1138,67
559,67	1157,10
559,86	1196,01
560,06	1126,38
560,26	1132,53
560,45	1212,40
560,65	1191,92
560,84	1148,91
561,04	1189,87
561,24	1298,41
561,43	1220,59
561,63	1216,49
561,82	1122,29
562,02	1161,20
562,22	1193,97
562,41	1224,69
562,61	1157,10
562,80	1173,49
563,00	1200,11
563,19	1220,59
563,39	1136,62
563,59	1163,25
563,78	1208,30
563,98	1091,57
564,17	1239,02
564,37	1146,86
564,56	1204,21
564,76	1224,69
564,96	1150,96
565,15	1124,33
565,35	1243,12
565,54	1185,77
565,74	1157,10
565,93	1179,63
566,13	1222,64
566,32	1183,73
566,52	1140,72
566,71	1183,73
566,91	1114,10
567,11	1202,16
567,30	1218,54
567,50	1196,01
567,69	1169,39
567,89	1187,82
568,08	1189,87
568,28	1193,97
568,47	1148,91
568,67	1157,10
568,86	1212,40
569,06	1167,34
569,25	1167,34
569,45	1189,87
569,64	1173,49
569,84	1161,20
570,04	1169,39
570,23	1271,79
570,43	1212,40
570,62	1220,59
570,82	1167,34
571,01	1167,34
571,21	1161,20
571,40	1177,58
571,60	1165,29
571,79	1189,87
571,99	1191,92
572,18	1150,96
572,38	1148,91
572,57	1122,29
572,77	1124,33
572,96	1163,25
573,16	1097,71
573,35	1153,01
573,55	1140,72
573,74	1110,00
573,94	1216,49
574,13	1206,25
574,33	1288,17
574,52	1126,38
574,71	1167,34
574,91	1196,01
575,10	1181,68
575,30	1189,87
575,49	1118,19
575,69	1228,78
575,88	1150,96
576,08	1226,73
576,27	1161,20
576,47	1189,87
576,66	1150,96
576,86	1148,91
577,05	1239,02
577,25	1161,20
577,44	1167,34
577,64	1107,95
577,83	1212,40
578,02	1163,25
578,22	1163,25
578,41	1187,82
578,61	1142,77
578,80	1085,42
579,00	1183,73
579,19	1181,68
579,39	1175,53
579,58	1228,78
579,77	1232,88
579,97	1206,25
580,16	1189,87
580,36	1155,05
580,55	1198,06
580,75	1124,33
580,94	1208,30
581,13	1144,81
581,33	1228,78
581,52	1249,26
581,72	1181,68
581,91	1222,64
582,11	1212,40
582,30	1183,73
582,49	1196,01
582,69	1212,40
582,88	1159,15
583,08	1163,25
583,27	1159,15
583,47	1202,16
583,66	1187,82
583,85	1165,29
584,05	1148,91
584,24	1103,86
584,44	1220,59
584,63	1110,00
584,82	1173,49
585,02	1146,86
585,21	1198,06
585,41	1126,38
585,60	1177,58
585,79	1196,01
585,99	1144,81
586,18	1163,25
586,37	1150,96
586,57	1136,62
586,76	1179,63
586,96	1218,54
587,15	1198,06
587,34	1093,62
587,54	1107,95
587,73	1144,81
587,93	1208,30
588,12	1138,67
588,31	1191,92
588,51	1191,92
588,70	1097,71
588,89	1155,05
589,09	1173,49
589,28	1126,38
589,47	1222,64
589,67	1124,33
589,86	1130,48
590,06	1171,44
590,25	1175,53
590,44	1247,21
590,64	1165,29
590,83	1155,05
591,02	1144,81
591,22	1163,25
591,41	1171,44
591,60	1239,02
591,80	1224,69
591,99	1144,81
592,18	1132,53
592,38	1214,45
592,57	1181,68
592,76	1198,06
592,96	1247,21
593,15	1214,45
593,34	1230,83
593,54	1146,86
593,73	1196,01
593,92	1232,88
594,12	1263,60
594,31	1165,29
594,50	1216,49
594,70	1226,73
594,89	1253,36
595,08	1206,25
595,28	1150,96
595,47	1210,35
595,66	1257,45
595,86	1236,97
596,05	1159,15
596,24	1228,78
596,43	1138,67
596,63	1228,78
596,82	1196,01
597,01	1189,87
597,21	1183,73
597,40	1177,58
597,59	1126,38
597,79	1138,67
597,98	1243,12
598,17	1105,90
598,36	1226,73
598,56	1212,40
598,75	1179,63
598,94	1171,44
599,14	1146,86
599,33	1142,77
599,52	1214,45
599,71	1155,05
599,91	1234,93
600,10	1142,77
600,29	1193,97
600,48	1085,42
600,68	1253,36
600,87	1171,44
601,06	1189,87
601,26	1196,01
601,45	1165,29
601,64	1191,92
601,83	1214,45
602,03	1271,79
602,22	1183,73
602,41	1210,35
602,60	1146,86
602,80	1163,25
602,99	1228,78
603,18	1189,87
603,37	1259,50
603,57	1183,73
603,76	1183,73
603,95	1134,57
604,14	1167,34
604,34	1150,96
604,53	1181,68
604,72	1126,38
604,91	1144,81
605,10	1150,96
605,30	1214,45
605,49	1153,01
605,68	1193,97
605,87	1167,34
606,07	1193,97
606,26	1218,54
606,45	1144,81
606,64	1177,58
606,84	1169,39
607,03	1236,97
607,22	1159,15
607,41	1181,68
607,60	1214,45
607,80	1155,05
607,99	1202,16
608,18	1064,94
608,37	1175,53
608,56	1247,21
608,76	1079,28
608,95	1181,68
609,14	1134,57
609,33	1144,81
609,52	1175,53
609,72	1153,01
609,91	1218,54
610,10	1122,29
610,29	1259,50
610,48	1208,30
610,68	1175,53
610,87	1200,11
611,06	1189,87
611,25	1148,91
611,44	1181,68
611,63	1177,58
611,83	1167,34
612,02	1150,96
612,21	1103,86
612,40	1179,63
612,59	1138,67
612,79	1214,45
612,98	1179,63
613,17	1138,67
613,36	1236,97
613,55	1175,53
613,74	1095,66
613,93	1187,82
614,13	1157,10
614,32	1200,11
614,51	1189,87
614,70	1204,21
614,89	1124,33
615,08	1105,90
615,28	1206,25
615,47	1114,10
615,66	1103,86
615,85	1173,49
616,04	1189,87
616,23	1189,87
616,42	1161,20
616,62	1140,72
616,81	1183,73
617,00	1138,67
617,19	1144,81
617,38	1212,40
617,57	1230,83
617,76	1142,77
617,95	1159,15
618,15	1140,72
618,34	1216,49
618,53	1144,81
618,72	1120,24
618,91	1214,45
619,10	1163,25
619,29	1189,87
619,48	1150,96
619,68	1196,01
619,87	1161,20
620,06	1183,73
620,25	1167,34
620,44	1171,44
620,63	1206,25
620,82	1167,34
621,01	1175,53
621,20	1157,10
621,39	1181,68
621,59	1212,40
621,78	1161,20
621,97	1169,39
622,16	1241,07
622,35	1177,58
622,54	1144,81
622,73	1193,97
622,92	1144,81
623,11	1181,68
623,30	1175,53
623,49	1261,55
623,68	1206,25
623,88	1191,92
624,07	1241,07
624,26	1200,11
624,45	1200,11
624,64	1146,86
624,83	1259,50
625,02	1181,68
625,21	1138,67
625,40	1191,92
625,59	1165,29
625,78	1144,81
625,97	1193,97
626,16	1150,96
626,35	1118,19
626,54	1171,44
626,74	1114,10
626,93	1183,73
627,12	1249,26
627,31	1247,21
627,50	1208,30
627,69	1179,63
627,88	1228,78
628,07	1173,49
628,26	1247,21
628,45	1241,07
628,64	1214,45
628,83	1255,40
629,02	1230,83
629,21	1232,88
629,40	1224,69
629,59	1187,82
629,78	1208,30
629,97	1200,11
630,16	1189,87
630,35	1130,48
630,54	1232,88
630,73	1155,05
630,92	1224,69
631,11	1216,49
631,30	1366,00
631,49	1374,19
631,68	1804,26
631,87	3809,22
632,06	15238,94
632,25	44598,62
632,44	59116,67
632,63	60286,06
632,82	37930,43
633,01	18833,12
633,20	5654,44
633,39	5730,22
633,58	2815,96
633,77	2152,42
633,96	1656,81
634,15	1542,12
634,34	1458,15
634,53	1439,72
634,72	1470,44
634,91	1306,60
635,10	1298,41
635,29	1343,47
635,48	1318,89
635,67	1208,30
635,86	1245,16
636,05	1120,24
636,24	1175,53
636,43	1150,96
636,62	1261,55
636,81	1153,01
637,00	1259,50
637,19	1169,39
637,38	1214,45
637,57	1157,10
637,76	1214,45
637,95	1206,25
638,14	1169,39
638,33	1198,06
638,52	1175,53
638,71	1212,40
638,89	1196,01
639,08	1187,82
639,27	1187,82
639,46	1193,97
639,65	1114,10
639,84	1150,96
640,03	1259,50
640,22	1191,92
640,41	1200,11
640,60	1187,82
640,79	1124,33
640,98	1171,44
641,17	1202,16
641,36	1230,83
641,55	1200,11
641,74	1185,77
641,92	1175,53
642,11	1118,19
642,30	1179,63
642,49	1220,59
642,68	1241,07
642,87	1212,40
643,06	1120,24
643,25	1183,73
643,44	1132,53
643,63	1206,25
643,82	1198,06
644,00	1212,40
644,19	1224,69
644,38	1128,43
644,57	1169,39
644,76	1220,59
644,95	1206,25
645,14	1155,05
645,33	1144,81
645,52	1095,66
645,71	1181,68
645,89	1189,87
646,08	1181,68
646,27	1189,87
646,46	1146,86
646,65	1196,01
646,84	1167,34
647,03	1216,49
647,22	1163,25
647,40	1114,10
647,59	1165,29
647,78	1157,10
647,97	1232,88
648,16	1171,44
648,35	1198,06
648,54	1236,97
648,73	1128,43
648,91	1159,15
649,10	1157,10
649,29	1155,05
649,48	1155,05
649,67	1114,10
649,86	1173,49
650,05	1169,39
650,23	1122,29
650,42	1163,25
650,61	1236,97
650,80	1196,01
650,99	1161,20
651,18	1200,11
651,36	1169,39
651,55	1183,73
651,74	1206,25
651,93	1175,53
652,12	1179,63
652,31	1234,93
652,49	1175,53
652,68	1202,16
652,87	1157,10
653,06	1191,92
653,25	1236,97
653,44	1179,63
653,62	1165,29
653,81	1183,73
654,00	1150,96
654,19	1157,10
654,38	1196,01
654,56	1161,20
654,75	1222,64
654,94	1165,29
655,13	1191,92
655,32	1232,88
655,51	1161,20
655,69	1138,67
655,88	1200,11
656,07	1183,73
656,26	1185,77
656,45	1146,86
656,63	1130,48
656,82	1144,81
657,01	1157,10
657,20	1198,06
657,38	1167,34
657,57	1138,67
657,76	1161,20
657,95	1114,10
658,14	1163,25
658,32	1138,67
658,51	1193,97
658,70	1146,86
658,89	1239,02
659,08	1161,20
659,26	1222,64
659,45	1085,42
659,64	1245,16
659,83	1191,92
660,01	1239,02
660,20	1177,58
660,39	1218,54
660,58	1191,92
660,76	1259,50
660,95	1148,91
661,14	1206,25
661,33	1247,21
661,51	1183,73
661,70	1171,44
661,89	1169,39
662,08	1185,77
662,26	1169,39
662,45	1234,93
662,64	1206,25
662,83	1112,05
663,01	1183,73
663,20	1163,25
663,39	1179,63
663,58	1212,40
663,76	1216,49
663,95	1167,34
664,14	1095,66
664,32	1169,39
664,51	1220,59
664,70	1126,38
664,89	1155,05
665,07	1200,11
665,26	1167,34
665,45	1155,05
665,64	1196,01
665,82	1138,67
666,01	1208,30
666,20	1179,63
666,38	1216,49
666,57	1153,01
666,76	1208,30
666,95	1183,73
667,13	1214,45
667,32	1159,15
667,51	1183,73
667,69	1265,64
667,88	1212,40
668,07	1138,67
668,25	1251,31
668,44	1200,11
668,63	1222,64
668,81	1157,10
669,00	1263,60
669,19	1155,05
669,38	1155,05
669,56	1177,58
669,75	1171,44
669,94	1122,29
670,12	1222,64
670,31	1224,69
670,50	1167,34
670,68	1216,49
670,87	1116,14
671,06	1142,77
671,24	1193,97
671,43	1198,06
671,62	1134,57
671,80	1099,76
671,99	1132,53
672,18	1159,15
672,36	1204,21
672,55	1169,39
672,74	1181,68
672,92	1193,97
673,11	1155,05
673,29	1220,59
673,48	1159,15
673,67	1200,11
673,85	1259,50
674,04	1198,06
674,23	1196,01
674,41	1105,90
674,60	1247,21
674,79	1165,29
674,97	1220,59
675,16	1163,25
675,34	1142,77
675,53	1175,53
675,72	1249,26
675,90	1167,34
676,09	1167,34
676,28	1148,91
676,46	1161,20
676,65	1118,19
676,83	1140,72
677,02	1136,62
677,21	1177,58
677,39	1183,73
677,58	1202,16
677,77	1155,05
677,95	1183,73
678,14	1159,15
678,32	1253,36
678,51	1148,91
678,70	1142,77
678,88	1124,33
679,07	1128,43
679,25	1066,99
679,44	1216,49
679,63	1052,66
679,81	1069,04
680,00	1126,38
680,18	1200,11
680,37	1114,10
680,55	1232,88
680,74	1146,86
680,93	1196,01
681,11	1112,05
681,30	1132,53
681,48	1173,49
681,67	1150,96
681,85	1165,29
682,04	1110,00
682,23	1075,18
682,41	1216,49
682,60	1189,87
682,78	1175,53
682,97	1196,01
683,15	1163,25
683,34	1183,73
683,53	1208,30
683,71	1169,39
683,90	1130,48
684,08	1136,62
684,27	1183,73
684,45	1204,21
684,64	1239,02
684,82	1112,05
685,01	1167,34
685,19	1173,49
685,38	1193,97
685,57	1204,21
685,75	1196,01
685,94	1134,57
686,12	1171,44
686,31	1165,29
686,49	1134,57
686,68	1185,77
686,86	1179,63
687,05	1134,57
687,23	1220,59
687,42	1165,29
687,60	1163,25
687,79	1161,20
687,97	1120,24
688,16	1132,53
688,34	1208,30
688,53	1126,38
688,71	1218,54
688,90	1142,77
689,08	1150,96
689,27	1189,87
689,45	1173,49
689,64	1157,10
689,82	1146,86
690,01	1208,30
690,19	1107,95
690,38	1187,82
690,56	1193,97
690,75	1150,96
690,93	1183,73
691,12	1216,49
691,30	1118,19
691,49	1232,88
691,67	1198,06
691,86	1187,82
692,04	1210,35
692,23	1214,45
692,41	1187,82
692,60	1216,49
692,78	1175,53
692,97	1136,62
693,15	1216,49
693,34	1140,72
693,52	1175,53
693,71	1183,73
693,89	1271,79
694,08	1183,73
694,26	1185,77
694,44	1107,95
694,63	1136,62
694,81	1153,01
695,00	1196,01
695,18	1187,82
695,37	1132,53
695,55	1138,67
695,74	1206,25
695,92	1146,86
696,10	1173,49
696,29	1181,68
696,47	1239,02
696,66	1171,44
696,84	1239,02
697,03	1228,78
697,21	1210,35
697,40	1200,11
697,58	1155,05
697,76	1150,96
697,95	1124,33
698,13	1204,21
698,32	1153,01
698,50	1069,04
698,68	1230,83
698,87	1148,91
699,05	1185,77
699,24	1200,11
699,42	1222,64
699,61	1185,77
699,79	1196,01
699,97	1157,10
700,16	1126,38
700,34	1206,25
700,53	1214,45
700,71	1157,10
700,89	1153,01
701,08	1181,68
701,26	1245,16
701,45	1228,78
701,63	1142,77
701,81	1183,73
702,00	1216,49
702,18	1138,67
702,37	1216,49
702,55	1142,77
702,73	1155,05
702,92	1167,34
703,10	1200,11
703,28	1218,54
703,47	1167,34
703,65	1163,25
703,84	1177,58
704,02	1134,57
704,20	1198,06
704,39	1187,82
704,57	1179,63
704,75	1167,34
704,94	1142,77
705,12	1173,49
705,30	1214,45
705,49	1136,62
705,67	1183,73
705,86	1161,20
706,04	1204,21
706,22	1128,43
706,41	1220,59
706,59	1153,01
706,77	1157,10
706,96	1189,87
707,14	1204,21
707,32	1196,01
707,51	1218,54
707,69	1214,45
707,87	1243,12
708,06	1177,58
708,24	1163,25
708,42	1107,95
708,61	1175,53
708,79	1116,14
708,97	1200,11
709,16	1150,96
709,34	1214,45
709,52	1155,05
709,71	1169,39
709,89	1116,14
710,07	1222,64
710,26	1163,25
710,44	1142,77
710,62	1179,63
710,80	1140,72
710,99	1191,92
711,17	1120,24
711,35	1126,38
711,54	1183,73
711,72	1218,54
711,90	1224,69
712,09	1146,86
712,27	1146,86
712,45	1136,62
712,63	1157,10
712,82	1110,00
713,00	1193,97
713,18	1165,29
713,37	1193,97
713,55	1155,05
713,73	1191,92
713,91	1191,92
714,10	1198,06
714,28	1200,11
714,46	1212,40
714,65	1200,11
714,83	1171,44
715,01	1185,77
715,19	1140,72
715,38	1130,48
715,56	1183,73
715,74	1134,57
715,92	1198,06
716,11	1222,64
716,29	1173,49
716,47	1165,29
716,65	1157,10
716,84	1212,40
717,02	1159,15
717,20	1120,24
717,38	1193,97
717,57	1148,91
717,75	1136,62
717,93	1206,25
718,11	1230,83
718,30	1196,01
718,48	1118,19
718,66	1185,77
718,84	1165,29
719,03	1230,83
719,21	1206,25
719,39	1179,63
719,57	1150,96
719,75	1208,30
719,94	1161,20
720,12	1185,77
720,30	1216,49
720,48	1150,96
720,67	1218,54
720,85	1165,29
721,03	1077,23
721,21	1187,82
721,39	1175,53
721,58	1122,29
721,76	1189,87
721,94	1214,45
722,12	1196,01
722,30	1144,81
722,49	1239,02
722,67	1153,01
722,85	1165,29
723,03	1204,21
723,21	1206,25
723,40	1181,68
723,58	1226,73
723,76	1204,21
723,94	1173,49
724,12	1118,19
724,30	1175,53
724,49	1159,15
724,67	1142,77
724,85	1144,81
725,03	1218,54
725,21	1226,73
725,40	1212,40
725,58	1132,53
725,76	1118,19
725,94	1146,86
726,12	1112,05
726,30	1206,25
726,49	1173,49
726,67	1212,40
726,85	1124,33
727,03	1150,96
727,21	1236,97
727,39	1163,25
727,57	1136,62
727,76	1204,21
727,94	1173,49
728,12	1167,34
728,30	1200,11
728,48	1220,59
728,66	1193,97
728,84	1175,53
729,03	1220,59
729,21	1251,31
729,39	1167,34
729,57	1228,78
729,75	1163,25
729,93	1181,68
730,11	1204,21
730,30	1191,92
730,48	1122,29
730,66	1132,53
730,84	1202,16
731,02	1175,53
731,20	1163,25
731,38	1224,69
731,56	1148,91
731,74	1234,93
731,93	1120,24
732,11	1153,01
732,29	1101,81
732,47	1216,49
732,65	1253,36
732,83	1173,49
733,01	1191,92
733,19	1140,72
733,37	1185,77
733,56	1159,15
733,74	1230,83
733,92	1216,49
734,10	1208,30
734,28	1148,91
734,46	1130,48
734,64	1144,81
734,82	1243,12
735,00	1198,06
735,18	1163,25
735,36	1191,92
735,54	1171,44
735,73	1220,59
735,91	1177,58
736,09	1200,11
736,27	1210,35
736,45	1202,16
736,63	1122,29
736,81	1142,77
736,99	1173,49
737,17	1120,24
737,35	1241,07
737,53	1171,44
737,71	1206,25
737,89	1187,82
738,07	1167,34
738,25	1185,77
738,43	1175,53
738,61	1193,97
738,80	1118,19
738,98	1218,54
739,16	1204,21
739,34	1181,68
739,52	1230,83
739,70	1183,73
739,88	1175,53
740,06	1222,64
740,24	1165,29
740,42	1142,77
740,60	1124,33
740,78	1163,25
740,96	1124,33
741,14	1214,45
741,32	1138,67
741,50	1185,77
741,68	1208,30
741,86	1224,69
742,04	1148,91
742,22	1189,87
742,40	1122,29
742,58	1243,12
742,76	1214,45
742,94	1181,68
743,12	1142,77
743,30	1136,62
743,48	1232,88
743,66	1144,81
743,84	1191,92
744,02	1198,06
744,20	1220,59
744,38	1222,64
744,56	1163,25
744,74	1171,44
744,92	1191,92
745,10	1202,16
745,28	1169,39
745,46	1148,91
745,64	1206,25
745,82	1155,05
746,00	1241,07
746,18	1167,34
746,36	1165,29
746,54	1163,25
746,72	1200,11
746,90	1208,30
747,08	1222,64
747,26	1148,91
747,44	1161,20
747,62	1165,29
747,80	1161,20
747,98	1224,69
748,15	1103,86
748,33	1163,25
748,51	1177,58
748,69	1161,20
748,87	1173,49
749,05	1191,92
749,23	1232,88
749,41	1216,49
749,59	1198,06
749,77	1153,01
749,95	1204,21
750,13	1185,77
750,31	1216,49
750,49	1124,33
750,67	1198,06
750,85	1157,10
751,03	1212,40
751,20	1148,91
751,38	1181,68
751,56	1107,95
751,74	1196,01
751,92	1155,05
752,10	1167,34
752,28	1206,25
752,46	1142,77
752,64	1140,72
752,82	1136,62
753,00	1105,90
753,18	1189,87
753,35	1214,45
753,53	1224,69
753,71	1136,62
753,89	1167,34
754,07	1171,44
754,25	1163,25
754,43	1171,44
754,61	1191,92
754,79	1202,16
754,97	1142,77
755,14	1163,25
755,32	1165,29
755,50	1200,11
755,68	1226,73
755,86	1196,01
756,04	1146,86
756,22	1224,69
756,40	1136,62
756,57	1153,01
756,75	1177,58
756,93	1253,36
757,11	1159,15
757,29	1204,21
757,47	1200,11
757,65	1157,10
757,82	1150,96
758,00	1202,16
758,18	1200,11
758,36	1171,44
758,54	1165,29
758,72	1159,15
758,90	1269,74
759,07	1232,88
759,25	1118,19
759,43	1204,21
759,61	1134,57
759,79	1196,01
759,97	1140,72
760,15	1179,63
760,32	1107,95
760,50	1181,68
760,68	1200,11
760,86	1132,53
761,04	1189,87
761,22	1200,11
761,39	1234,93
761,57	1173,49
761,75	1191,92
761,93	1249,26
762,11	1110,00
762,28	1130,48
762,46	1208,30
762,64	1132,53
762,82	1189,87
763,00	1218,54
763,18	1245,16
763,35	1157,10
763,53	1204,21
763,71	1181,68
763,89	1210,35
764,07	1204,21
764,24	1140,72
764,42	1138,67
764,60	1134,57
764,78	1148,91
764,96	1212,40
765,13	1167,34
765,31	1187,82
765,49	1157,10
765,67	1159,15
765,84	1179,63
766,02	1157,10
766,20	1177,58
766,38	1193,97
766,56	1232,88
766,73	1177,58
766,91	1150,96
767,09	1138,67
767,27	1202,16
767,44	1171,44
767,62	1196,01
767,80	1150,96
767,98	1163,25
768,15	1138,67
768,33	1181,68
768,51	1167,34
768,69	1136,62
768,87	1234,93
769,04	1183,73
769,22	1222,64
769,40	1193,97
769,58	1210,35
769,75	1222,64
769,93	1122,29
770,11	1218,54
770,28	1165,29
770,46	1144,81
770,64	1189,87
770,82	1200,11
770,99	1136,62
771,17	1245,16
771,35	1214,45
771,53	1163,25
771,70	1146,86
771,88	1220,59
772,06	1187,82
772,23	1202,16
772,41	1134,57
772,59	1138,67
772,77	1206,25
772,94	1218,54
773,12	1202,16
773,30	1200,11
773,47	1173,49
773,65	1189,87
773,83	1220,59
774,01	1183,73
774,18	1210,35
774,36	1144,81
774,54	1210,35
774,71	1173,49
774,89	1175,53
775,07	1179,63
775,24	1138,67
775,42	1095,66
775,60	1239,02
775,78	1216,49
775,95	1216,49
776,13	1136,62
776,31	1236,97
776,48	1155,05
776,66	1148,91
776,84	1085,42
777,01	1216,49
777,19	1146,86
777,37	1261,55
777,54	1150,96
777,72	1167,34
777,90	1167,34
778,07	1120,24
778,25	1114,10
778,43	1191,92
778,60	1200,11
778,78	1216,49
778,96	1212,40
779,13	1159,15
779,31	1226,73
779,49	1171,44
779,66	1236,97
779,84	1189,87
780,01	1179,63
780,19	1144,81
780,37	1218,54
780,54	1161,20
780,72	1165,29
780,90	1144,81
781,07	1165,29
781,25	1165,29
781,43	1214,45
781,60	1167,34
781,78	1105,90
781,95	1138,67
782,13	1196,01
782,31	1126,38
782,48	1218,54
782,66	1177,58
782,83	1191,92
783,01	1163,25
783,19	1144,81
783,36	1120,24
783,54	1175,53
783,72	1163,25
783,89	1222,64
784,07	1239,02
784,24	1179,63
784,42	1157,10
784,60	1142,77
784,77	1234,93
784,95	1146,86
785,12	1148,91
785,30	1173,49
785,47	1159,15
785,65	1257,45
785,83	1153,01
786,00	1142,77
786,18	1212,40
786,35	1187,82
786,53	1216,49
786,71	1241,07
786,88	1177,58
787,06	1202,16
787,23	1157,10
787,41	1185,77
787,58	1153,01
787,76	1230,83
787,94	1173,49
788,11	1171,44
788,29	1189,87
788,46	1200,11
788,64	1155,05
788,81	1167,34
788,99	1095,66
789,16	1185,77
789,34	1107,95
789,52	1159,15
789,69	1191,92
789,87	1122,29
790,04	1105,90
790,22	1179,63
790,39	1187,82
790,57	1222,64
790,74	1095,66
790,92	1183,73
791,09	1214,45
791,27	1138,67
791,44	1191,92
791,62	1232,88
791,79	1157,10
791,97	1189,87
792,15	1245,16
792,32	1146,86
792,50	1196,01
792,67	1198,06
792,85	1183,73
793,02	1167,34
793,20	1187,82
793,37	1193,97
793,55	1118,19
793,72	1210,35
793,90	1189,87
794,07	1216,49
794,25	1159,15
794,42	1193,97
794,60	1236,97
794,77	1124,33
794,95	1187,82
795,12	1163,25
795,30	1179,63
795,47	1210,35
795,65	1210,35
795,82	1292,27
796,00	1220,59
796,17	1230,83
796,34	1150,96
796,52	1163,25
796,69	1183,73
796,87	1163,25
797,04	1110,00
797,22	1105,90
797,39	1150,96
797,57	1212,40
797,74	1202,16
797,92	1157,10
798,09	1144,81
798,27	1163,25
798,44	1179,63
798,62	1146,86
798,79	1204,21
798,96	1181,68
799,14	1064,94
799,31	1177,58
799,49	1150,96
799,66	1175,53
799,84	1183,73
800,01	1175,53
800,19	1153,01
800,36	1206,25
800,53	1224,69
800,71	1136,62
800,88	1204,21
801,06	1138,67
801,23	1193,97
801,41	1206,25
801,58	1165,29
801,75	1165,29
801,93	1232,88
802,10	1105,90
802,28	1210,35
802,45	1216,49
802,63	1218,54
802,80	1159,15
802,97	1202,16
803,15	1169,39
803,32	1124,33
803,50	1193,97
803,67	1167,34
803,84	1157,10
804,02	1204,21
804,19	1222,64
804,37	1163,25
804,54	1222,64
804,71	1187,82
804,89	1214,45
805,06	1206,25
805,24	1144,81
805,41	1232,88
805,58	1128,43
805,76	1146,86
805,93	1142,77
806,10	1161,20
806,28	1173,49
806,45	1226,73
806,63	1175,53
806,80	1216,49
806,97	1200,11
807,15	1103,86
807,32	1193,97
807,49	1159,15
807,67	1206,25
807,84	1196,01
808,01	1193,97
808,19	1140,72
808,36	1187,82
808,54	1179,63
808,71	1181,68
808,88	1173,49
809,06	1175,53
809,23	1269,74
809,40	1196,01
809,58	1134,57
809,75	1226,73
809,92	1140,72
810,10	1110,00
810,27	1114,10
810,44	1171,44
810,62	1214,45
810,79	1167,34
810,96	1114,10
811,14	1173,49
811,31	1087,47
811,48	1241,07
811,66	1155,05
811,83	1144,81
812,00	1189,87
812,18	1216,49
812,35	1183,73
812,52	1179,63
812,69	1175,53
812,87	1183,73
813,04	1177,58
813,21	1183,73
813,39	1185,77
813,56	1191,92
813,73	1175,53
813,91	1216,49
814,08	1298,41
814,25	1189,87
814,42	1179,63
814,60	1132,53
814,77	1187,82
814,94	1173,49
815,12	1222,64
815,29	1234,93
815,46	1214,45
815,63	1169,39
815,81	1232,88
815,98	1171,44
816,15	1179,63
816,33	1138,67
816,50	1132,53
816,67	1159,15
816,84	1140,72
817,02	1189,87
817,19	1241,07
817,36	1126,38
817,53	1150,96
817,71	1212,40
817,88	1228,78
818,05	1165,29
818,22	1230,83
818,40	1101,81
818,57	1216,49
818,74	1214,45
818,91	1202,16
819,09	1136,62
819,26	1169,39
819,43	1163,25
819,60	1177,58
819,78	1241,07
819,95	1128,43
820,12	1144,81
820,29	1124,33
820,47	1093,62
820,64	1267,69
820,81	1175,53
820,98	1224,69
821,15	1171,44
821,33	1126,38
821,50	1189,87
821,67	1171,44
821,84	1085,42
822,02	1134,57
822,19	1175,53
822,36	1167,34
822,53	1134,57
822,70	1224,69
822,88	1136,62
823,05	1159,15
823,22	1114,10
823,39	1136,62
823,56	1136,62
823,74	1146,86
823,91	1150,96
824,08	1175,53
824,25	1191,92
824,42	1163,25
824,60	1146,86
824,77	1218,54
824,94	1175,53
825,11	1185,77
825,28	1212,40
825,45	1175,53
825,63	1167,34
825,80	1103,86
825,97	1216,49
826,14	1165,29
826,31	1101,81
826,48	1169,39
826,66	1200,11
826,83	1214,45
827,00	1236,97
827,17	1118,19
827,34	1204,21
827,51	1138,67
827,69	1099,76
827,86	1134,57
828,03	1196,01
828,20	1200,11
828,37	1161,20
828,54	1206,25
828,71	1112,05
828,89	1140,72
829,06	1249,26
829,23	1110,00
829,40	1155,05
829,57	1204,21
829,74	1181,68
829,91	1161,20
830,09	1150,96
830,26	1112,05
830,43	1220,59
830,60	1185,77
830,77	1175,53
830,94	1247,21
831,11	1177,58
831,28	1157,10
831,46	1173,49
831,63	1189,87
831,80	1134,57
831,97	1126,38
832,14	1206,25
832,31	1189,87
832,48	1179,63
832,65	1167,34
832,82	1239,02
832,99	1130,48
833,17	1208,30
833,34	1157,10
833,51	1138,67
833,68	1169,39
833,85	1101,81
834,02	1183,73
834,19	1196,01
834,36	1175,53
834,53	1173,49
834,70	1136,62
834,87	1155,05
835,04	1128,43
835,22	1114,10
835,39	1196,01
835,56	1138,67
835,73	1165,29
835,90	1214,45
836,07	1157,10
836,24	1212,40
836,41	1118,19
836,58	1155,05
836,75	1220,59
836,92	1204,21
837,09	1169,39
837,26	1210,35
837,43	1216,49
837,60	1171,44
837,77	1128,43
837,94	1173,49
838,12	1204,21
838,29	1163,25
838,46	1212,40
838,63	1161,20
838,80	1155,05
838,97	1136,62
839,14	1208,30
839,31	1159,15
839,48	1110,00
839,65	1183,73
839,82	1255,40
839,99	1159,15
840,16	1179,63
840,33	1200,11
840,50	1206,25
840,67	1245,16
840,84	1048,56
841,01	1165,29
841,18	1159,15
841,35	1165,29
841,52	1236,97
841,69	1208,30
841,86	1165,29
842,03	1181,68
842,20	1216,49
842,37	1175,53
842,54	1198,06
842,71	1060,85
842,88	1179,63
843,05	1153,01
843,22	1243,12
843,39	1198,06
843,56	1118,19
843,73	1181,68
843,90	1191,92
844,07	1222,64
844,24	1177,58
844,41	1157,10
844,58	1185,77
844,75	1165,29
844,92	1128,43
845,09	1183,73
845,26	1212,40
845,43	1130,48
845,60	1234,93
845,77	1187,82
845,94	1208,30
846,10	1155,05
846,27	1206,25
846,44	1165,29
846,61	1177,58
846,78	1193,97
846,95	1144,81
847,12	1079,28
847,29	1239,02
847,46	1173,49
847,63	1208,30
847,80	1198,06
847,97	1185,77
848,14	1181,68
848,31	1204,21
848,48	1167,34
848,65	1189,87
848,82	1169,39
848,98	1120,24
849,15	1206,25
849,32	1181,68
849,49	1189,87
849,66	1189,87
849,83	1200,11
850,00	1148,91
850,17	1167,34
850,34	1290,22
850,51	1148,91
850,68	1181,68
850,85	1177,58
851,01	1179,63
851,18	1208,30
851,35	1132,53
851,52	1185,77
851,69	1112,05
851,86	1263,60
852,03	1183,73
852,20	1157,10
852,37	1214,45
852,53	1122,29
852,70	1081,33
852,87	1210,35
853,04	1114,10
853,21	1193,97
853,38	1091,57
853,55	1148,91
853,72	1249,26
853,89	1167,34
854,05	1140,72
854,22	1165,29
854,39	1253,36
854,56	1171,44
854,73	1193,97
854,90	1097,71
855,07	1175,53
855,23	1136,62
855,40	1155,05
855,57	1155,05
855,74	1208,30
855,91	1247,21
856,08	1193,97
856,25	1087,47
856,41	1171,44
856,58	1187,82
856,75	1136,62
856,92	1116,14
857,09	1175,53
857,26	1187,82
857,42	1177,58
857,59	1208,30
857,76	1169,39
857,93	1247,21
858,10	1140,72
858,27	1155,05
858,43	1132,53
858,60	1183,73
858,77	1159,15
858,94	1140,72
859,11	1161,20
859,27	1222,64
859,44	1179,63
859,61	1187,82
859,78	1239,02
859,95	1118,19
860,12	1148,91
860,28	1157,10
860,45	1157,10
860,62	1218,54
860,79	1208,30
860,95	1198,06
861,12	1146,86
861,29	1202,16
861,46	1257,45
861,63	1173,49
861,79	1181,68
861,96	1167,34
862,13	1122,29
862,30	1191,92
862,47	1208,30
862,63	1153,01
862,80	1142,77
862,97	1204,21
863,14	1212,40
863,30	1167,34
863,47	1189,87
863,64	1124,33
863,81	1150,96
863,97	1165,29
864,14	1183,73
864,31	1118,19
864,48	1161,20
864,65	1232,88
864,81	1153,01
864,98	1128,43
865,15	1183,73
865,32	1214,45
865,48	1140,72
865,65	1134,57
865,82	1232,88
865,98	1138,67
866,15	1122,29
866,32	1177,58
866,49	1173,49
866,65	1198,06
866,82	1191,92
866,99	1204,21
867,16	1161,20
867,32	1122,29
867,49	1193,97
867,66	1208,30
867,83	1146,86
867,99	1159,15
868,16	1114,10
868,33	1134,57
868,49	1171,44
868,66	1124,33
868,83	1138,67
868,99	1193,97
869,16	1091,57
869,33	1189,87
869,50	1230,83
869,66	1142,77
869,83	1187,82
870,00	1196,01
870,16	1167,34
870,33	1222,64
870,50	1150,96
870,66	1148,91
870,83	1171,44
871,00	1163,25
871,17	1163,25
871,33	1148,91
871,50	1134,57
871,67	1132,53
871,83	1163,25
872,00	1150,96
872,17	1126,38
872,33	1187,82
872,50	1175,53
872,67	1122,29
872,83	1153,01
873,00	1212,40
873,17	1185,77
873,33	1198,06
873,50	1116,14
873,67	1105,90
873,83	1241,07
874,00	1144,81
874,16	1177,58
874,33	1144,81
874,50	1030,13
874,66	1216,49
874,83	1179,63
875,00	1222,64
875,16	1128,43
875,33	1198,06
875,50	1171,44
875,66	1114,10
875,83	1230,83
875,99	1181,68
876,16	1189,87
876,33	1222,64
876,49	1099,76
876,66	1177,58
876,83	1220,59
876,99	1245,16
877,16	1228,78
877,32	1206,25
877,49	1191,92
877,66	1198,06
877,82	1177,58
877,99	1226,73
878,15	1144,81
878,32	1220,59
878,49	1105,90
878,65	1236,97
878,82	1234,93
878,98	1224,69
879,15	1171,44
879,32	1161,20
879,48	1163,25
879,65	1142,77
879,81	1273,84
879,98	1204,21
880,15	1173,49
880,31	1232,88
880,48	1185,77
880,64	1171,44
880,81	1204,21
880,97	1222,64
881,14	1224,69
881,31	1130,48
881,47	1150,96
881,64	1159,15
881,80	1175,53
881,97	1204,21
882,13	1210,35
882,30	1181,68
882,47	1118,19
882,63	1093,62
882,80	1210,35
882,96	1150,96
883,13	1175,53
883,29	1116,14
883,46	1191,92
883,62	1159,15
883,79	1216,49
883,95	1202,16
884,12	1210,35
884,29	1128,43
884,45	1212,40
884,62	1200,11
884,78	1136,62
884,95	1136,62
885,11	1116,14
885,28	1247,21
885,44	1193,97
885,61	1200,11
885,77	1167,34
885,94	1165,29
886,10	1124,33
886,27	1159,15
886,43	1122,29
886,60	1142,77
886,76	1226,73
886,93	1159,15
887,09	1132,53
887,26	1189,87
887,42	1181,68
887,59	1146,86
887,75	1247,21
887,92	1142,77
888,08	1286,12
888,25	1228,78
888,41	1165,29
888,58	1146,86
888,74	1228,78
888,91	1224,69
