177,47	1200,11
177,69	1200,11
177,91	1200,11
178,13	1206,25
178,36	1173,49
178,58	1169,39
178,80	1150,96
179,02	1239,02
179,24	1146,86
179,46	1193,97
179,68	1247,21
179,90	1191,92
180,13	1193,97
180,35	1187,82
180,57	1200,11
180,79	1224,69
181,01	1167,34
181,23	1206,25
181,45	1187,82
181,67	1202,16
181,90	1134,57
182,12	1212,40
182,34	1177,58
182,56	1142,77
182,78	1189,87
183,00	1230,83
183,22	1208,30
183,44	1224,69
183,66	1140,72
183,89	1214,45
184,11	1200,11
184,33	1216,49
184,55	1214,45
184,77	1175,53
184,99	1122,29
185,21	1216,49
185,43	1187,82
185,65	1150,96
185,87	1173,49
186,10	1304,56
186,32	1216,49
186,54	1220,59
186,76	1222,64
186,98	1179,63
187,20	1157,10
187,42	1171,44
187,64	1128,43
187,86	1163,25
188,08	1167,34
188,30	1153,01
188,52	1210,35
188,75	1159,15
188,97	1136,62
189,19	1171,44
189,41	1206,25
189,63	1126,38
189,85	1132,53
190,07	1122,29
190,29	1196,01
190,51	1247,21
190,73	1163,25
190,95	1112,05
191,17	1161,20
191,39	1212,40
191,61	1191,92
191,84	1159,15
192,06	1171,44
192,28	1185,77
192,50	1214,45
192,72	1196,01
192,94	1214,45
193,16	1222,64
193,38	1155,05
193,60	1136,62
193,82	1177,58
194,04	1187,82
194,26	1245,16
194,48	1218,54
194,70	1132,53
194,92	1122,29
195,14	1296,36
195,36	1247,21
195,58	1142,77
195,80	1181,68
196,02	1183,73
196,24	1159,15
196,46	1124,33
196,69	1200,11
196,91	1167,34
197,13	1114,10
197,35	1196,01
197,57	1206,25
197,79	1155,05
198,01	1173,49
198,23	1165,29
198,45	1171,44
198,67	1208,30
198,89	1107,95
199,11	1206,25
199,33	1267,69
199,55	1148,91
199,77	1187,82
199,99	1081,33
200,21	1230,83
200,43	1114,10
200,65	1132,53
200,87	1253,36
201,09	1161,20
201,31	1232,88
201,53	1208,30
201,75	1177,58
201,97	1183,73
202,19	1136,62
202,41	1193,97
202,63	1146,86
202,85	1167,34
203,07	1140,72
203,29	1206,25
203,51	1148,91
203,73	1253,36
203,95	1200,11
204,17	1155,05
204,39	1259,50
204,61	1134,57
204,83	1224,69
205,05	1179,63
205,27	1193,97
205,49	1097,71
205,71	1150,96
205,93	1175,53
206,15	1193,97
206,37	1218,54
206,59	1241,07
206,81	1200,11
207,03	1198,06
207,25	1204,21
207,47	1218,54
207,69	1126,38
207,91	1220,59
208,13	1142,77
208,34	1175,53
208,56	1196,01
208,78	1224,69
209,00	1206,25
209,22	1251,31
209,44	1161,20
209,66	1118,19
209,88	1218,54
210,10	1171,44
210,32	1165,29
210,54	1144,81
210,76	1122,29
210,98	1230,83
211,20	1173,49
211,42	1169,39
211,64	1228,78
211,86	1212,40
212,08	1150,96
212,30	1249,26
212,52	1214,45
212,74	1232,88
212,96	1200,11
213,17	1212,40
213,39	1183,73
213,61	1208,30
213,83	1230,83
214,05	1097,71
214,27	1169,39
214,49	1198,06
214,71	1157,10
214,93	1146,86
215,15	1169,39
215,37	1206,25
215,59	1218,54
215,81	1185,77
216,03	1191,92
216,24	1140,72
216,46	1122,29
216,68	1142,77
216,90	1171,44
217,12	1161,20
217,34	1210,35
217,56	1134,57
217,78	1230,83
218,00	1165,29
218,22	1140,72
218,44	1177,58
218,66	1128,43
218,87	1140,72
219,09	1144,81
219,31	1169,39
219,53	1245,16
219,75	1175,53
219,97	1120,24
220,19	1179,63
220,41	1275,88
220,63	1204,21
220,85	1159,15
221,06	1085,42
221,28	1218,54
221,50	1198,06
221,72	1208,30
221,94	1191,92
222,16	1183,73
222,38	1277,93
222,60	1177,58
222,82	1161,20
223,03	1249,26
223,25	1169,39
223,47	1175,53
223,69	1157,10
223,91	1163,25
224,13	1218,54
224,35	1200,11
224,57	1191,92
224,78	1126,38
225,00	1271,79
225,22	1161,20
225,44	1159,15
225,66	1202,16
225,88	1204,21
226,10	1241,07
226,32	1181,68
226,53	1181,68
226,75	1220,59
226,97	1187,82
227,19	1210,35
227,41	1218,54
227,63	1259,50
227,85	1126,38
228,06	1253,36
228,28	1124,33
228,50	1228,78
228,72	1171,44
228,94	1200,11
229,16	1167,34
229,37	1187,82
229,59	1208,30
229,81	1163,25
230,03	1198,06
230,25	1150,96
230,47	1179,63
230,69	1175,53
230,90	1181,68
231,12	1167,34
231,34	1234,93
231,56	1198,06
231,78	1126,38
232,00	1177,58
232,21	1159,15
232,43	1275,88
232,65	1163,25
232,87	1159,15
233,09	1138,67
233,30	1144,81
233,52	1253,36
233,74	1177,58
233,96	1216,49
234,18	1191,92
234,40	1171,44
234,61	1171,44
234,83	1130,48
235,05	1146,86
235,27	1097,71
235,49	1169,39
235,70	1224,69
235,92	1148,91
236,14	1185,77
236,36	1161,20
236,58	1200,11
236,79	1185,77
237,01	1255,40
237,23	1175,53
237,45	1171,44
237,67	1150,96
237,88	1191,92
238,10	1257,45
238,32	1161,20
238,54	1185,77
238,76	1175,53
238,97	1193,97
239,19	1124,33
239,41	1136,62
239,63	1189,87
239,85	1187,82
240,06	1239,02
240,28	1163,25
240,50	1206,25
240,72	1230,83
240,93	1241,07
241,15	1167,34
241,37	1155,05
241,59	1230,83
241,81	1212,40
242,02	1200,11
242,24	1179,63
242,46	1230,83
242,68	1167,34
242,89	1161,20
243,11	1189,87
243,33	1198,06
243,55	1107,95
243,76	1175,53
243,98	1122,29
244,20	1200,11
244,42	1202,16
244,64	1214,45
244,85	1177,58
245,07	1187,82
245,29	1159,15
245,51	1253,36
245,72	1208,30
245,94	1167,34
246,16	1153,01
246,38	1175,53
246,59	1179,63
246,81	1155,05
247,03	1187,82
247,24	1134,57
247,46	1220,59
247,68	1206,25
247,90	1155,05
248,11	1150,96
248,33	1267,69
248,55	1193,97
248,77	1214,45
248,98	1085,42
249,20	1175,53
249,42	1157,10
249,64	1220,59
249,85	1226,73
250,07	1243,12
250,29	1277,93
250,50	1136,62
250,72	1177,58
250,94	1167,34
251,16	1241,07
251,37	1202,16
251,59	1288,17
251,81	1185,77
252,02	1204,21
252,24	1173,49
252,46	1236,97
252,68	1163,25
252,89	1179,63
253,11	1175,53
253,33	1187,82
253,54	1204,21
253,76	1234,93
253,98	1198,06
254,20	1183,73
254,41	1163,25
254,63	1142,77
254,85	1177,58
255,06	1185,77
255,28	1142,77
255,50	1202,16
255,71	1138,67
255,93	1173,49
256,15	1282,03
256,36	1181,68
256,58	1224,69
256,80	1193,97
257,02	1171,44
257,23	1218,54
257,45	1155,05
257,67	1118,19
257,88	1187,82
258,10	1161,20
258,32	1210,35
258,53	1200,11
258,75	1191,92
258,97	1220,59
259,18	1222,64
259,40	1157,10
259,62	1132,53
259,83	1193,97
260,05	1218,54
260,27	1144,81
260,48	1159,15
260,70	1118,19
260,92	1138,67
261,13	1212,40
261,35	1196,01
261,57	1167,34
261,78	1134,57
262,00	1155,05
262,22	1163,25
262,43	1155,05
262,65	1214,45
262,86	1191,92
263,08	1232,88
263,30	1171,44
263,51	1191,92
263,73	1177,58
263,95	1126,38
264,16	1218,54
264,38	1130,48
264,60	1169,39
264,81	1212,40
265,03	1232,88
265,25	1193,97
265,46	1116,14
265,68	1175,53
265,89	1216,49
266,11	1144,81
266,33	1173,49
266,54	1153,01
266,76	1167,34
266,98	1224,69
267,19	1134,57
267,41	1200,11
267,62	1234,93
267,84	1165,29
268,06	1216,49
268,27	1191,92
268,49	1198,06
268,70	1189,87
268,92	1110,00
269,14	1212,40
269,35	1196,01
269,57	1187,82
269,79	1163,25
270,00	1173,49
270,22	1202,16
270,43	1179,63
270,65	1193,97
270,87	1177,58
271,08	1175,53
271,30	1148,91
271,51	1198,06
271,73	1153,01
271,95	1200,11
272,16	1218,54
272,38	1263,60
272,59	1181,68
272,81	1134,57
273,02	1085,42
273,24	1220,59
273,46	1130,48
273,67	1222,64
273,89	1241,07
274,10	1198,06
274,32	1198,06
274,54	1210,35
274,75	1236,97
274,97	1234,93
275,18	1196,01
275,40	1159,15
275,61	1196,01
275,83	1169,39
276,05	1251,31
276,26	1169,39
276,48	1230,83
276,69	1210,35
276,91	1191,92
277,12	1177,58
277,34	1230,83
277,55	1157,10
277,77	1175,53
277,99	1085,42
278,20	1177,58
278,42	1183,73
278,63	1187,82
278,85	1153,01
279,06	1204,21
279,28	1220,59
279,49	1157,10
279,71	1185,77
279,93	1251,31
280,14	1239,02
280,36	1179,63
280,57	1220,59
280,79	1187,82
281,00	1177,58
281,22	1298,41
281,43	1220,59
281,65	1169,39
281,86	1150,96
282,08	1167,34
282,29	1175,53
282,51	1191,92
282,73	1159,15
282,94	1226,73
283,16	1220,59
283,37	1165,29
283,59	1249,26
283,80	1171,44
284,02	1212,40
284,23	1179,63
284,45	1275,88
284,66	1251,31
284,88	1206,25
285,09	1173,49
285,31	1249,26
285,52	1138,67
285,74	1232,88
285,95	1140,72
286,17	1251,31
286,38	1191,92
286,60	1120,24
286,81	1191,92
287,03	1220,59
287,24	1173,49
287,46	1153,01
287,67	1220,59
287,89	1179,63
288,10	1177,58
288,32	1218,54
288,53	1132,53
288,75	1196,01
288,96	1224,69
289,18	1204,21
289,39	1132,53
289,61	1232,88
289,82	1144,81
290,04	1155,05
290,25	1146,86
290,47	1216,49
290,68	1175,53
290,90	1150,96
291,11	1259,50
291,33	1165,29
291,54	1146,86
291,76	1196,01
291,97	1144,81
292,18	1148,91
292,40	1222,64
292,61	1230,83
292,83	1138,67
293,04	1142,77
293,26	1193,97
293,47	1230,83
293,69	1177,58
293,90	1144,81
294,12	1212,40
294,33	1202,16
294,55	1161,20
294,76	1247,21
294,97	1175,53
295,19	1140,72
295,40	1171,44
295,62	1138,67
295,83	1183,73
296,05	1257,45
296,26	1165,29
296,48	1273,84
296,69	1183,73
296,90	1150,96
297,12	1212,40
297,33	1124,33
297,55	1187,82
297,76	1191,92
297,98	1191,92
298,19	1218,54
298,41	1159,15
298,62	1155,05
298,83	1210,35
299,05	1232,88
299,26	1185,77
299,48	1181,68
299,69	1204,21
299,90	1198,06
300,12	1134,57
300,33	1265,64
300,55	1230,83
300,76	1206,25
300,98	1146,86
301,19	1134,57
301,40	1146,86
301,62	1167,34
301,83	1157,10
302,05	1130,48
302,26	1212,40
302,47	1216,49
302,69	1191,92
302,90	1138,67
303,12	1193,97
303,33	1226,73
303,54	1171,44
303,76	1134,57
303,97	1198,06
304,19	1191,92
304,40	1189,87
304,61	1175,53
304,83	1284,08
305,04	1183,73
305,26	1187,82
305,47	1157,10
305,68	1193,97
305,90	1216,49
306,11	1191,92
306,33	1210,35
306,54	1210,35
306,75	1236,97
306,97	1107,95
307,18	1183,73
307,39	1112,05
307,61	1255,40
307,82	1148,91
308,04	1167,34
308,25	1169,39
308,46	1183,73
308,68	1204,21
308,89	1187,82
309,10	1239,02
309,32	1157,10
309,53	1208,30
309,74	1138,67
309,96	1191,92
310,17	1228,78
310,39	1177,58
310,60	1198,06
310,81	1224,69
311,03	1138,67
311,24	1155,05
311,45	1212,40
311,67	1210,35
311,88	1173,49
312,09	1163,25
312,31	1155,05
312,52	1167,34
312,73	1159,15
312,95	1224,69
313,16	1173,49
313,37	1148,91
313,59	1220,59
313,80	1193,97
314,01	1189,87
314,23	1214,45
314,44	1232,88
314,65	1191,92
314,87	1175,53
315,08	1191,92
315,29	1222,64
315,51	1177,58
315,72	1214,45
315,93	1175,53
316,15	1206,25
316,36	1210,35
316,57	1214,45
316,79	1222,64
317,00	1165,29
317,21	1150,96
317,43	1142,77
317,64	1138,67
317,85	1216,49
318,07	1189,87
318,28	1239,02
318,49	1177,58
318,70	1202,16
318,92	1171,44
319,13	1239,02
319,34	1153,01
319,56	1173,49
319,77	1161,20
319,98	1169,39
320,20	1208,30
320,41	1175,53
320,62	1222,64
320,83	1251,31
321,05	1245,16
321,26	1161,20
321,47	1150,96
321,69	1222,64
321,90	1191,92
322,11	1153,01
322,32	1128,43
322,54	1163,25
322,75	1091,57
322,96	1177,58
323,18	1159,15
323,39	1198,06
323,60	1271,79
323,81	1130,48
324,03	1169,39
324,24	1259,50
324,45	1146,86
324,66	1228,78
324,88	1196,01
325,09	1116,14
325,30	1236,97
325,52	1138,67
325,73	1153,01
325,94	1224,69
326,15	1224,69
326,37	1249,26
326,58	1101,81
326,79	1216,49
327,00	1173,49
327,22	1167,34
327,43	1163,25
327,64	1204,21
327,85	1234,93
328,07	1220,59
328,28	1222,64
328,49	1214,45
328,70	1177,58
328,92	1189,87
329,13	1224,69
329,34	1216,49
329,55	1161,20
329,76	1257,45
329,98	1193,97
330,19	1146,86
330,40	1261,55
330,61	1181,68
330,83	1140,72
331,04	1204,21
331,25	1138,67
331,46	1163,25
331,68	1183,73
331,89	1247,21
332,10	1187,82
332,31	1150,96
332,52	1206,25
332,74	1177,58
332,95	1146,86
333,16	1165,29
333,37	1165,29
333,58	1230,83
333,80	1193,97
334,01	1228,78
334,22	1181,68
334,43	1183,73
334,64	1118,19
334,86	1218,54
335,07	1206,25
335,28	1200,11
335,49	1163,25
335,70	1208,30
335,92	1155,05
336,13	1134,57
336,34	1142,77
336,55	1196,01
336,76	1232,88
336,98	1193,97
337,19	1116,14
337,40	1142,77
337,61	1120,24
337,82	1157,10
338,04	1150,96
338,25	1173,49
338,46	1218,54
338,67	1220,59
338,88	1200,11
339,09	1202,16
339,31	1200,11
339,52	1173,49
339,73	1150,96
339,94	1210,35
340,15	1228,78
340,36	1167,34
340,58	1206,25
340,79	1146,86
341,00	1196,01
341,21	1198,06
341,42	1177,58
341,63	1191,92
341,85	1138,67
342,06	1200,11
342,27	1214,45
342,48	1071,09
342,69	1163,25
342,90	1118,19
343,12	1132,53
343,33	1169,39
343,54	1187,82
343,75	1185,77
343,96	1185,77
344,17	1267,69
344,38	1255,40
344,60	1208,30
344,81	1136,62
345,02	1173,49
345,23	1173,49
345,44	1136,62
345,65	1167,34
345,86	1234,93
346,07	1198,06
346,29	1187,82
346,50	1263,60
346,71	1126,38
346,92	1218,54
347,13	1138,67
347,34	1157,10
347,55	1198,06
347,76	1216,49
347,98	1259,50
348,19	1153,01
348,40	1208,30
348,61	1171,44
348,82	1169,39
349,03	1183,73
349,24	1224,69
349,45	1134,57
349,66	1120,24
349,88	1202,16
350,09	1120,24
350,30	1189,87
350,51	1177,58
350,72	1245,16
350,93	1214,45
351,14	1144,81
351,35	1245,16
351,56	1214,45
351,77	1198,06
351,99	1153,01
352,20	1175,53
352,41	1206,25
352,62	1216,49
352,83	1181,68
353,04	1216,49
353,25	1214,45
353,46	1218,54
353,67	1228,78
353,88	1134,57
354,09	1138,67
354,30	1193,97
354,52	1173,49
354,73	1234,93
354,94	1177,58
355,15	1189,87
355,36	1173,49
355,57	1144,81
355,78	1208,30
355,99	1187,82
356,20	1175,53
356,41	1189,87
356,62	1165,29
356,83	1146,86
357,04	1175,53
357,25	1146,86
357,46	1146,86
357,68	1155,05
357,89	1124,33
358,10	1181,68
358,31	1146,86
358,52	1191,92
358,73	1173,49
358,94	1206,25
359,15	1210,35
359,36	1218,54
359,57	1155,05
359,78	1173,49
359,99	1179,63
360,20	1230,83
360,41	1146,86
360,62	1212,40
360,83	1187,82
361,04	1212,40
361,25	1177,58
361,46	1275,88
361,67	1177,58
361,88	1124,33
362,09	1216,49
362,30	1167,34
362,51	1177,58
362,72	1200,11
362,93	1191,92
363,14	1212,40
363,35	1107,95
363,56	1175,53
363,78	1185,77
363,99	1150,96
364,20	1193,97
364,41	1146,86
364,62	1214,45
364,83	1208,30
365,04	1081,33
365,25	1193,97
365,46	1167,34
365,67	1148,91
365,88	1171,44
366,09	1204,21
366,30	1236,97
366,51	1210,35
366,72	1144,81
366,93	1189,87
367,14	1120,24
367,35	1236,97
367,56	1105,90
367,77	1183,73
367,98	1218,54
368,18	1114,10
368,39	1179,63
368,60	1185,77
368,81	1204,21
369,02	1212,40
369,23	1128,43
369,44	1245,16
369,65	1216,49
369,86	1198,06
370,07	1159,15
370,28	1212,40
370,49	1185,77
370,70	1210,35
370,91	1116,14
371,12	1208,30
371,33	1103,86
371,54	1202,16
371,75	1191,92
371,96	1185,77
372,17	1212,40
372,38	1236,97
372,59	1183,73
372,80	1169,39
373,01	1224,69
373,22	1214,45
373,43	1157,10
373,64	1212,40
373,85	1159,15
374,06	1183,73
374,26	1163,25
374,47	1148,91
374,68	1191,92
374,89	1230,83
375,10	1200,11
375,31	1198,06
375,52	1232,88
375,73	1224,69
375,94	1204,21
376,15	1173,49
376,36	1187,82
376,57	1220,59
376,78	1253,36
376,99	1200,11
377,20	1134,57
377,40	1189,87
377,61	1243,12
377,82	1167,34
378,03	1204,21
378,24	1118,19
378,45	1228,78
378,66	1163,25
378,87	1150,96
379,08	1118,19
379,29	1146,86
379,50	1163,25
379,71	1159,15
379,91	1177,58
380,12	1148,91
380,33	1161,20
380,54	1200,11
380,75	1220,59
380,96	1159,15
381,17	1181,68
381,38	1255,40
381,59	1165,29
381,80	1150,96
382,00	1191,92
382,21	1187,82
382,42	1175,53
382,63	1179,63
382,84	1234,93
383,05	1247,21
383,26	1206,25
383,47	1212,40
383,68	1230,83
383,88	1214,45
384,09	1167,34
384,30	1290,22
384,51	1163,25
384,72	1136,62
384,93	1189,87
385,14	1134,57
385,35	1159,15
385,55	1179,63
385,76	1161,20
385,97	1218,54
386,18	1155,05
386,39	1165,29
386,60	1130,48
386,81	1220,59
387,02	1181,68
387,22	1136,62
387,43	1124,33
387,64	1134,57
387,85	1208,30
388,06	1202,16
388,27	1200,11
388,48	1126,38
388,68	1107,95
388,89	1220,59
389,10	1187,82
389,31	1146,86
389,52	1208,30
389,73	1099,76
389,93	1306,60
390,14	1130,48
390,35	1128,43
390,56	1189,87
390,77	1179,63
390,98	1187,82
391,18	1273,84
391,39	1198,06
391,60	1212,40
391,81	1226,73
392,02	1251,31
392,23	1220,59
392,43	1171,44
392,64	1146,86
392,85	1257,45
393,06	1165,29
393,27	1144,81
393,47	1116,14
393,68	1189,87
393,89	1171,44
394,10	1163,25
394,31	1269,74
394,52	1212,40
394,72	1222,64
394,93	1136,62
395,14	1169,39
395,35	1138,67
395,56	1081,33
395,76	1171,44
395,97	1161,20
396,18	1208,30
396,39	1183,73
396,60	1157,10
396,80	1153,01
397,01	1294,32
397,22	1179,63
397,43	1155,05
397,64	1232,88
397,84	1163,25
398,05	1210,35
398,26	1157,10
398,47	1167,34
398,67	1189,87
398,88	1175,53
399,09	1150,96
399,30	1265,64
399,51	1210,35
399,71	1159,15
399,92	1198,06
400,13	1241,07
400,34	1198,06
400,54	1241,07
400,75	1212,40
400,96	1155,05
401,17	1214,45
401,37	1173,49
401,58	1212,40
401,79	1179,63
402,00	1200,11
402,21	1206,25
402,41	1167,34
402,62	1179,63
402,83	1196,01
403,04	1189,87
403,24	1212,40
403,45	1189,87
403,66	1183,73
403,87	1206,25
404,07	1193,97
404,28	1196,01
404,49	1169,39
404,70	1245,16
404,90	1140,72
405,11	1138,67
405,32	1181,68
405,52	1294,32
405,73	1177,58
405,94	1134,57
406,15	1185,77
406,35	1208,30
406,56	1198,06
406,77	1206,25
406,98	1236,97
407,18	1153,01
407,39	1232,88
407,60	1177,58
407,80	1265,64
408,01	1202,16
408,22	1198,06
408,43	1228,78
408,63	1173,49
408,84	1110,00
409,05	1118,19
409,25	1236,97
409,46	1198,06
409,67	1140,72
409,88	1107,95
410,08	1173,49
410,29	1183,73
410,50	1210,35
410,70	1216,49
410,91	1185,77
411,12	1130,48
411,32	1134,57
411,53	1155,05
411,74	1204,21
411,95	1089,52
412,15	1185,77
412,36	1251,31
412,57	1208,30
412,77	1200,11
412,98	1202,16
413,19	1216,49
413,39	1085,42
413,60	1212,40
413,81	1284,08
414,01	1202,16
414,22	1261,55
414,43	1163,25
414,63	1228,78
414,84	1167,34
415,05	1212,40
415,25	1175,53
415,46	1224,69
415,67	1134,57
415,87	1185,77
416,08	1165,29
416,29	1220,59
416,49	1163,25
416,70	1179,63
416,91	1257,45
417,11	1222,64
417,32	1202,16
417,53	1150,96
417,73	1124,33
417,94	1169,39
418,15	1230,83
418,35	1146,86
418,56	1171,44
418,77	1208,30
418,97	1153,01
419,18	1155,05
419,38	1206,25
419,59	1120,24
419,80	1263,60
420,00	1191,92
420,21	1153,01
420,42	1196,01
420,62	1241,07
420,83	1153,01
421,04	1167,34
421,24	1128,43
421,45	1179,63
421,65	1171,44
421,86	1144,81
422,07	1230,83
422,27	1181,68
422,48	1097,71
422,69	1163,25
422,89	1110,00
423,10	1218,54
423,30	1167,34
423,51	1134,57
423,72	1196,01
423,92	1171,44
424,13	1150,96
424,33	1265,64
424,54	1251,31
424,75	1206,25
424,95	1204,21
425,16	1175,53
425,36	1196,01
425,57	1150,96
425,78	1173,49
425,98	1175,53
426,19	1183,73
426,39	1153,01
426,60	1179,63
426,81	1150,96
427,01	1167,34
427,22	1198,06
427,42	1189,87
427,63	1181,68
427,83	1198,06
428,04	1179,63
428,25	1159,15
428,45	1155,05
428,66	1122,29
428,86	1253,36
429,07	1232,88
429,28	1193,97
429,48	1249,26
429,69	1159,15
429,89	1157,10
430,10	1191,92
430,30	1214,45
430,51	1177,58
430,71	1169,39
430,92	1167,34
431,13	1185,77
431,33	1206,25
431,54	1204,21
431,74	1177,58
431,95	1175,53
432,15	1204,21
432,36	1265,64
432,56	1189,87
432,77	1169,39
432,98	1214,45
433,18	1107,95
433,39	1206,25
433,59	1159,15
433,80	1304,56
434,00	1157,10
434,21	1177,58
434,41	1120,24
434,62	1191,92
434,82	1255,40
435,03	1255,40
435,23	1150,96
435,44	1163,25
435,64	1222,64
435,85	1175,53
436,06	1165,29
436,26	1165,29
436,47	1239,02
436,67	1183,73
436,88	1208,30
437,08	1134,57
437,29	1165,29
437,49	1220,59
437,70	1157,10
437,90	1236,97
438,11	1130,48
438,31	1118,19
438,52	1146,86
438,72	1216,49
438,93	1128,43
439,13	1183,73
439,34	1171,44
439,54	1120,24
439,75	1216,49
439,95	1202,16
440,16	1255,40
440,36	1155,05
440,57	1155,05
440,77	1220,59
440,98	1146,86
441,18	1138,67
441,39	1200,11
441,59	1181,68
441,80	1163,25
442,00	1175,53
442,21	1220,59
442,41	1175,53
442,62	1220,59
442,82	1148,91
443,02	1218,54
443,23	1196,01
443,43	1206,25
443,64	1142,77
443,84	1167,34
444,05	1206,25
444,25	1140,72
444,46	1183,73
444,66	1220,59
444,87	1183,73
445,07	1236,97
445,28	1187,82
445,48	1214,45
445,69	1107,95
445,89	1179,63
446,09	1146,86
446,30	1148,91
446,50	1241,07
446,71	1187,82
446,91	1196,01
447,12	1218,54
447,32	1173,49
447,53	1196,01
447,73	1191,92
447,93	1163,25
448,14	1128,43
448,34	1155,05
448,55	1253,36
448,75	1097,71
448,96	1179,63
449,16	1136,62
449,36	1134,57
449,57	1159,15
449,77	1265,64
449,98	1165,29
450,18	1173,49
450,39	1083,38
450,59	1232,88
450,79	1126,38
451,00	1257,45
451,20	1196,01
451,41	1210,35
451,61	1173,49
451,81	1230,83
452,02	1146,86
452,22	1159,15
452,43	1167,34
452,63	1196,01
452,84	1265,64
453,04	1165,29
453,24	1206,25
453,45	1146,86
453,65	1148,91
453,86	1236,97
454,06	1208,30
454,26	1271,79
454,47	1142,77
454,67	1157,10
454,87	1138,67
455,08	1204,21
455,28	1216,49
455,49	1204,21
455,69	1220,59
455,89	1273,84
456,10	1136,62
456,30	1191,92
456,51	1177,58
456,71	1155,05
456,91	1175,53
457,12	1243,12
457,32	1169,39
457,52	1243,12
457,73	1249,26
457,93	1193,97
458,14	1257,45
458,34	1161,20
458,54	1253,36
458,75	1253,36
458,95	1243,12
459,15	1257,45
459,36	1196,01
459,56	1144,81
459,76	1112,05
459,97	1271,79
460,17	1167,34
460,37	1073,14
460,58	1191,92
460,78	1232,88
460,99	1144,81
461,19	1138,67
461,39	1187,82
461,60	1167,34
461,80	1118,19
462,00	1110,00
462,21	1144,81
462,41	1253,36
462,61	1191,92
462,82	1155,05
463,02	1159,15
463,22	1175,53
463,43	1169,39
463,63	1187,82
463,83	1191,92
464,04	1120,24
464,24	1189,87
464,44	1179,63
464,64	1157,10
464,85	1185,77
465,05	1134,57
465,25	1226,73
465,46	1224,69
465,66	1136,62
465,86	1224,69
466,07	1236,97
466,27	1216,49
466,47	1218,54
466,68	1136,62
466,88	1136,62
467,08	1191,92
467,29	1226,73
467,49	1183,73
467,69	1155,05
467,89	1120,24
468,10	1159,15
468,30	1116,14
468,50	1263,60
468,71	1171,44
468,91	1208,30
469,11	1118,19
469,31	1179,63
469,52	1163,25
469,72	1224,69
469,92	1210,35
470,13	1239,02
470,33	1247,21
470,53	1241,07
470,73	1204,21
470,94	1206,25
471,14	1234,93
471,34	1257,45
471,54	1175,53
471,75	1150,96
471,95	1157,10
472,15	1214,45
472,36	1185,77
472,56	1255,40
472,76	1163,25
472,96	1177,58
473,17	1214,45
473,37	1157,10
473,57	1193,97
473,77	1255,40
473,98	1155,05
474,18	1222,64
474,38	1130,48
474,58	1163,25
474,79	1157,10
474,99	1202,16
475,19	1112,05
475,39	1204,21
475,60	1206,25
475,80	1173,49
476,00	1187,82
476,20	1191,92
476,41	1196,01
476,61	1204,21
476,81	1165,29
477,01	1191,92
477,21	1183,73
477,42	1171,44
477,62	1177,58
477,82	1153,01
478,02	1191,92
478,23	1175,53
478,43	1173,49
478,63	1218,54
478,83	1183,73
479,03	1157,10
479,24	1204,21
479,44	1183,73
479,64	1255,40
479,84	1134,57
480,04	1212,40
480,25	1116,14
480,45	1189,87
480,65	1212,40
480,85	1206,25
481,06	1171,44
481,26	1210,35
481,46	1228,78
481,66	1157,10
481,86	1202,16
482,06	1206,25
482,27	1232,88
482,47	1234,93
482,67	1130,48
482,87	1148,91
483,07	1200,11
483,28	1208,30
483,48	1187,82
483,68	1177,58
483,88	1204,21
484,08	1271,79
484,29	1138,67
484,49	1159,15
484,69	1171,44
484,89	1224,69
485,09	1177,58
485,29	1155,05
485,50	1206,25
485,70	1142,77
485,90	1124,33
486,10	1124,33
486,30	1198,06
486,50	1232,88
486,71	1257,45
486,91	1220,59
487,11	1187,82
487,31	1183,73
487,51	1204,21
487,71	1112,05
487,91	1220,59
488,12	1163,25
488,32	1085,42
488,52	1175,53
488,72	1196,01
488,92	1153,01
489,12	1173,49
489,32	1181,68
489,53	1146,86
489,73	1267,69
489,93	1142,77
490,13	1118,19
490,33	1169,39
490,53	1236,97
490,73	1226,73
490,94	1138,67
491,14	1187,82
491,34	1230,83
491,54	1167,34
491,74	1150,96
491,94	1204,21
492,14	1234,93
492,34	1220,59
492,54	1261,55
492,75	1204,21
492,95	1169,39
493,15	1124,33
493,35	1167,34
493,55	1110,00
493,75	1171,44
493,95	1118,19
494,15	1155,05
494,35	1157,10
494,56	1093,62
494,76	1185,77
494,96	1232,88
495,16	1161,20
495,36	1099,76
495,56	1138,67
495,76	1157,10
495,96	1185,77
496,16	1196,01
496,36	1167,34
496,56	1204,21
496,77	1183,73
496,97	1150,96
497,17	1110,00
497,37	1220,59
497,57	1130,48
497,77	1230,83
497,97	1181,68
498,17	1167,34
498,37	1089,52
498,57	1134,57
498,77	1153,01
498,97	1179,63
499,17	1284,08
499,38	1185,77
499,58	1183,73
499,78	1222,64
499,98	1163,25
500,18	1193,97
500,38	1130,48
500,58	1236,97
500,78	1140,72
500,98	1247,21
501,18	1228,78
501,38	1206,25
501,58	1191,92
501,78	1236,97
501,98	1157,10
502,18	1259,50
502,38	1159,15
502,58	1183,73
502,78	1150,96
502,98	1202,16
503,18	1259,50
503,38	1255,40
503,59	1220,59
503,79	1120,24
503,99	1179,63
504,19	1239,02
504,39	1232,88
504,59	1179,63
504,79	1239,02
504,99	1179,63
505,19	1208,30
505,39	1163,25
505,59	1245,16
505,79	1140,72
505,99	1171,44
506,19	1153,01
506,39	1169,39
506,59	1171,44
506,79	1206,25
506,99	1228,78
507,19	1138,67
507,39	1259,50
507,59	1204,21
507,79	1155,05
507,99	1196,01
508,19	1202,16
508,39	1157,10
508,59	1241,07
508,79	1232,88
508,99	1200,11
509,19	1189,87
509,39	1335,28
509,59	1193,97
509,79	1222,64
509,99	1171,44
510,19	1163,25
510,39	1167,34
510,59	1134,57
510,79	1224,69
510,99	1171,44
511,19	1187,82
511,39	1159,15
511,59	1179,63
511,79	1157,10
511,99	1222,64
512,19	1097,71
512,38	1181,68
512,58	1183,73
512,78	1128,43
512,98	1183,73
513,18	1159,15
513,38	1157,10
513,58	1204,21
513,78	1189,87
513,98	1220,59
514,18	1169,39
514,38	1175,53
514,58	1202,16
514,78	1220,59
514,98	1161,20
515,18	1155,05
515,38	1136,62
515,58	1198,06
515,78	1196,01
515,98	1202,16
516,18	1073,14
516,38	1150,96
516,57	1159,15
516,77	1251,31
516,97	1101,81
517,17	1279,98
517,37	1185,77
517,57	1241,07
517,77	1198,06
517,97	1163,25
518,17	1177,58
518,37	1214,45
518,57	1202,16
518,77	1216,49
518,97	1202,16
519,16	1175,53
519,36	1128,43
519,56	1216,49
519,76	1130,48
519,96	1282,03
520,16	1220,59
520,36	1144,81
520,56	1066,99
520,76	1191,92
520,96	1169,39
521,16	1163,25
521,35	1142,77
521,55	1171,44
521,75	1196,01
521,95	1210,35
522,15	1101,81
522,35	1259,50
522,55	1193,97
522,75	1134,57
522,95	1185,77
523,14	1206,25
523,34	1196,01
523,54	1202,16
523,74	1232,88
523,94	1259,50
524,14	1261,55
524,34	1204,21
524,54	1083,38
524,73	1150,96
524,93	1163,25
525,13	1220,59
525,33	1189,87
525,53	1263,60
525,73	1208,30
525,93	1175,53
526,13	1204,21
526,32	1196,01
526,52	1214,45
526,72	1183,73
526,92	1167,34
527,12	1234,93
527,32	1179,63
527,52	1212,40
527,71	1095,66
527,91	1245,16
528,11	1208,30
528,31	1236,97
528,51	1275,88
528,71	1126,38
528,90	1142,77
529,10	1200,11
529,30	1232,88
529,50	1230,83
529,70	1187,82
529,90	1191,92
530,09	1243,12
530,29	1185,77
530,49	1228,78
530,69	1171,44
530,89	1161,20
531,09	1167,34
531,28	1200,11
531,48	1183,73
531,68	1193,97
531,88	1146,86
532,08	1177,58
532,28	1165,29
532,47	1191,92
532,67	1208,30
532,87	1212,40
533,07	1212,40
533,27	1216,49
533,46	1196,01
533,66	1136,62
533,86	1234,93
534,06	1140,72
534,26	1169,39
534,45	1226,73
534,65	1161,20
534,85	1193,97
535,05	1171,44
535,25	1161,20
535,44	1167,34
535,64	1159,15
535,84	1138,67
536,04	1140,72
536,24	1150,96
536,43	1093,62
536,63	1230,83
536,83	1159,15
537,03	1198,06
537,22	1167,34
537,42	1134,57
537,62	1196,01
537,82	1183,73
538,02	1202,16
538,21	1175,53
538,41	1134,57
538,61	1189,87
538,81	1132,53
539,00	1193,97
539,20	1171,44
539,40	1255,40
539,60	1155,05
539,79	1210,35
539,99	1196,01
540,19	1185,77
540,39	1128,43
540,58	1226,73
540,78	1185,77
540,98	1206,25
541,18	1155,05
541,37	1136,62
541,57	1191,92
541,77	1212,40
541,97	1191,92
542,16	1138,67
542,36	1148,91
542,56	1193,97
542,76	1165,29
542,95	1243,12
543,15	1167,34
543,35	1163,25
543,54	1138,67
543,74	1128,43
543,94	1167,34
544,14	1191,92
544,33	1200,11
544,53	1193,97
544,73	1185,77
544,93	1173,49
545,12	1142,77
545,32	1181,68
545,52	1226,73
545,71	1224,69
545,91	1150,96
546,11	1161,20
546,30	1112,05
546,50	1167,34
546,70	1185,77
546,90	1177,58
547,09	1181,68
547,29	1200,11
547,49	1148,91
547,68	1169,39
547,88	1218,54
548,08	1112,05
548,27	1208,30
548,47	1167,34
548,67	1187,82
548,87	1175,53
549,06	1165,29
549,26	1193,97
549,46	1208,30
549,65	1279,98
549,85	1167,34
550,05	1222,64
550,24	1196,01
550,44	1148,91
550,64	1222,64
550,83	1257,45
551,03	1222,64
551,23	1116,14
551,42	1081,33
551,62	1130,48
551,82	1126,38
552,01	1249,26
552,21	1169,39
552,41	1171,44
552,60	1202,16
552,80	1206,25
553,00	1206,25
553,19	1216,49
553,39	1155,05
553,59	1181,68
553,78	1144,81
553,98	1177,58
554,17	1191,92
554,37	1181,68
554,57	1138,67
554,76	1150,96
554,96	1196,01
555,16	1173,49
555,35	1191,92
555,55	1206,25
555,75	1179,63
555,94	1196,01
556,14	1210,35
556,33	1196,01
556,53	1191,92
556,73	1259,50
556,92	1263,60
557,12	1275,88
557,32	1191,92
557,51	1236,97
557,71	1122,29
557,90	1245,16
558,10	1161,20
558,30	1257,45
558,49	1142,77
558,69	1118,19
558,88	1230,83
559,08	1181,68
559,28	1181,68
559,47	1134,57
559,67	1179,63
559,86	1175,53
560,06	1222,64
560,26	1232,88
560,45	1216,49
560,65	1243,12
560,84	1245,16
561,04	1198,06
561,24	1134,57
561,43	1249,26
561,63	1144,81
561,82	1173,49
562,02	1257,45
562,22	1226,73
562,41	1157,10
562,61	1210,35
562,80	1114,10
563,00	1140,72
563,19	1218,54
563,39	1175,53
563,59	1128,43
563,78	1169,39
563,98	1171,44
564,17	1193,97
564,37	1175,53
564,56	1138,67
564,76	1177,58
564,96	1212,40
565,15	1142,77
565,35	1236,97
565,54	1163,25
565,74	1167,34
565,93	1150,96
566,13	1140,72
566,32	1161,20
566,52	1134,57
566,71	1210,35
566,91	1169,39
567,11	1212,40
567,30	1189,87
567,50	1212,40
567,69	1208,30
567,89	1169,39
568,08	1173,49
568,28	1193,97
568,47	1179,63
568,67	1185,77
568,86	1175,53
569,06	1179,63
569,25	1189,87
569,45	1173,49
569,64	1163,25
569,84	1177,58
570,04	1187,82
570,23	1208,30
570,43	1191,92
570,62	1234,93
570,82	1198,06
571,01	1150,96
571,21	1163,25
571,40	1159,15
571,60	1148,91
571,79	1200,11
571,99	1175,53
572,18	1241,07
572,38	1216,49
572,57	1134,57
572,77	1284,08
572,96	1236,97
573,16	1142,77
573,35	1159,15
573,55	1157,10
573,74	1222,64
573,94	1212,40
574,13	1140,72
574,33	1173,49
574,52	1169,39
574,71	1114,10
574,91	1245,16
575,10	1175,53
575,30	1181,68
575,49	1226,73
575,69	1161,20
575,88	1146,86
576,08	1220,59
576,27	1181,68
576,47	1130,48
576,66	1126,38
576,86	1220,59
577,05	1208,30
577,25	1122,29
577,44	1159,15
577,64	1224,69
577,83	1208,30
578,02	1208,30
578,22	1155,05
578,41	1206,25
578,61	1114,10
578,80	1212,40
579,00	1128,43
579,19	1159,15
579,39	1247,21
579,58	1210,35
579,77	1204,21
579,97	1181,68
580,16	1206,25
580,36	1245,16
580,55	1181,68
580,75	1142,77
580,94	1175,53
581,13	1224,69
581,33	1142,77
581,52	1179,63
581,72	1216,49
581,91	1198,06
582,11	1103,86
582,30	1234,93
582,49	1200,11
582,69	1191,92
582,88	1222,64
583,08	1177,58
583,27	1210,35
583,47	1275,88
583,66	1220,59
583,85	1216,49
584,05	1183,73
584,24	1185,77
584,44	1181,68
584,63	1183,73
584,82	1159,15
585,02	1120,24
585,21	1134,57
585,41	1212,40
585,60	1142,77
585,79	1116,14
585,99	1181,68
586,18	1183,73
586,37	1265,64
586,57	1179,63
586,76	1214,45
586,96	1290,22
587,15	1134,57
587,34	1206,25
587,54	1177,58
587,73	1191,92
587,93	1179,63
588,12	1189,87
588,31	1169,39
588,51	1122,29
588,70	1179,63
588,89	1234,93
589,09	1155,05
589,28	1183,73
589,47	1196,01
589,67	1159,15
589,86	1155,05
590,06	1128,43
590,25	1175,53
590,44	1112,05
590,64	1138,67
590,83	1171,44
591,02	1191,92
591,22	1130,48
591,41	1193,97
591,60	1134,57
591,80	1218,54
591,99	1222,64
592,18	1208,30
592,38	1241,07
592,57	1177,58
592,76	1175,53
592,96	1253,36
593,15	1126,38
593,34	1146,86
593,54	1155,05
593,73	1148,91
593,92	1161,20
594,12	1118,19
594,31	1210,35
594,50	1116,14
594,70	1140,72
594,89	1114,10
595,08	1140,72
595,28	1261,55
595,47	1155,05
595,66	1257,45
595,86	1210,35
596,05	1165,29
596,24	1183,73
596,43	1167,34
596,63	1220,59
596,82	1200,11
597,01	1232,88
597,21	1167,34
597,40	1153,01
597,59	1210,35
597,79	1185,77
597,98	1191,92
598,17	1181,68
598,36	1189,87
598,56	1169,39
598,75	1208,30
598,94	1159,15
599,14	1150,96
599,33	1193,97
599,52	1222,64
599,71	1185,77
599,91	1226,73
600,10	1198,06
600,29	1247,21
600,48	1138,67
600,68	1173,49
600,87	1208,30
601,06	1191,92
601,26	1161,20
601,45	1208,30
601,64	1202,16
601,83	1255,40
602,03	1198,06
602,22	1142,77
602,41	1171,44
602,60	1189,87
602,80	1155,05
602,99	1140,72
603,18	1191,92
603,37	1169,39
603,57	1200,11
603,76	1173,49
603,95	1216,49
604,14	1185,77
604,34	1142,77
604,53	1236,97
604,72	1187,82
604,91	1202,16
605,10	1167,34
605,30	1224,69
605,49	1163,25
605,68	1189,87
605,87	1273,84
606,07	1185,77
606,26	1157,10
606,45	1165,29
606,64	1161,20
606,84	1228,78
607,03	1144,81
607,22	1224,69
607,41	1189,87
607,60	1253,36
607,80	1222,64
607,99	1187,82
608,18	1216,49
608,37	1230,83
608,56	1198,06
608,76	1153,01
608,95	1110,00
609,14	1179,63
609,33	1204,21
609,52	1200,11
609,72	1253,36
609,91	1193,97
610,10	1290,22
610,29	1212,40
610,48	1142,77
610,68	1191,92
610,87	1230,83
611,06	1200,11
611,25	1239,02
611,44	1171,44
611,63	1230,83
611,83	1181,68
612,02	1243,12
612,21	1163,25
612,40	1216,49
612,59	1208,30
612,79	1159,15
612,98	1265,64
613,17	1157,10
613,36	1185,77
613,55	1189,87
613,74	1187,82
613,93	1228,78
614,13	1179,63
614,32	1167,34
614,51	1179,63
614,70	1210,35
614,89	1173,49
615,08	1150,96
615,28	1165,29
615,47	1159,15
615,66	1200,11
615,85	1284,08
616,04	1157,10
616,23	1126,38
616,42	1224,69
616,62	1198,06
616,81	1193,97
617,00	1234,93
617,19	1191,92
617,38	1161,20
617,57	1181,68
617,76	1085,42
617,95	1157,10
618,15	1228,78
618,34	1189,87
618,53	1189,87
618,72	1126,38
618,91	1208,30
619,10	1193,97
619,29	1163,25
619,48	1112,05
619,68	1136,62
619,87	1200,11
620,06	1228,78
620,25	1234,93
620,44	1167,34
620,63	1228,78
620,82	1189,87
621,01	1273,84
621,20	1200,11
621,39	1146,86
621,59	1204,21
621,78	1200,11
621,97	1167,34
622,16	1218,54
622,35	1220,59
622,54	1189,87
622,73	1148,91
622,92	1245,16
623,11	1159,15
623,30	1075,18
623,49	1148,91
623,68	1193,97
623,88	1146,86
624,07	1191,92
624,26	1177,58
624,45	1150,96
624,64	1150,96
624,83	1222,64
625,02	1171,44
625,21	1130,48
625,40	1232,88
625,59	1234,93
625,78	1210,35
625,97	1157,10
626,16	1179,63
626,35	1198,06
626,54	1175,53
626,74	1118,19
626,93	1218,54
627,12	1265,64
627,31	1157,10
627,50	1202,16
627,69	1153,01
627,88	1212,40
628,07	1241,07
628,26	1181,68
628,45	1298,41
628,64	1277,93
628,83	1230,83
629,02	1208,30
629,21	1163,25
629,40	1210,35
629,59	1196,01
629,78	1214,45
629,97	1193,97
630,16	1214,45
630,35	1220,59
630,54	1230,83
630,73	1261,55
630,92	1224,69
631,11	1218,54
631,30	1306,60
631,49	1462,25
631,68	1796,07
631,87	3979,20
632,06	14839,58
632,25	41940,35
632,44	53101,78
632,63	55219,38
632,82	34274,80
633,01	17055,48
633,20	5009,33
633,39	5285,81
633,58	2680,79
633,77	2074,59
633,96	1781,73
634,15	1511,40
634,34	1566,70
634,53	1421,29
634,72	1544,17
634,91	1357,80
635,10	1396,71
635,29	1230,83
635,48	1212,40
635,67	1204,21
635,86	1167,34
636,05	1179,63
636,24	1210,35
636,43	1228,78
636,62	1210,35
636,81	1224,69
637,00	1218,54
637,19	1181,68
637,38	1169,39
637,57	1132,53
637,76	1175,53
637,95	1247,21
638,14	1210,35
638,33	1146,86
638,52	1204,21
638,71	1216,49
638,89	1249,26
639,08	1191,92
639,27	1218,54
639,46	1204,21
639,65	1236,97
639,84	1163,25
640,03	1185,77
640,22	1208,30
640,41	1204,21
640,60	1165,29
640,79	1220,59
640,98	1193,97
641,17	1228,78
641,36	1214,45
641,55	1206,25
641,74	1179,63
641,92	1175,53
642,11	1187,82
642,30	1204,21
642,49	1222,64
642,68	1243,12
642,87	1208,30
643,06	1171,44
643,25	1212,40
643,44	1230,83
643,63	1177,58
643,82	1210,35
644,00	1177,58
644,19	1150,96
644,38	1159,15
644,57	1239,02
644,76	1173,49
644,95	1183,73
645,14	1095,66
645,33	1132,53
645,52	1150,96
645,71	1249,26
645,89	1150,96
646,08	1153,01
646,27	1196,01
646,46	1196,01
646,65	1179,63
646,84	1157,10
647,03	1247,21
647,22	1224,69
647,40	1126,38
647,59	1214,45
647,78	1206,25
647,97	1228,78
648,16	1239,02
648,35	1146,86
648,54	1142,77
648,73	1169,39
648,91	1146,86
649,10	1191,92
649,29	1183,73
649,48	1169,39
649,67	1185,77
649,86	1259,50
650,05	1218,54
650,23	1173,49
650,42	1185,77
650,61	1150,96
650,80	1169,39
650,99	1200,11
651,18	1173,49
651,36	1183,73
651,55	1142,77
651,74	1185,77
651,93	1191,92
652,12	1208,30
652,31	1110,00
652,49	1181,68
652,68	1196,01
652,87	1169,39
653,06	1189,87
653,25	1146,86
653,44	1196,01
653,62	1200,11
653,81	1245,16
654,00	1171,44
654,19	1181,68
654,38	1161,20
654,56	1169,39
654,75	1169,39
654,94	1210,35
655,13	1167,34
655,32	1196,01
655,51	1183,73
655,69	1193,97
655,88	1183,73
656,07	1206,25
656,26	1187,82
656,45	1191,92
656,63	1212,40
656,82	1175,53
657,01	1101,81
657,20	1150,96
657,38	1200,11
657,57	1112,05
657,76	1148,91
657,95	1261,55
658,14	1169,39
658,32	1163,25
658,51	1183,73
658,70	1150,96
658,89	1204,21
659,08	1177,58
659,26	1224,69
659,45	1148,91
659,64	1177,58
659,83	1204,21
660,01	1189,87
660,20	1169,39
660,39	1187,82
660,58	1157,10
660,76	1208,30
660,95	1175,53
661,14	1216,49
661,33	1191,92
661,51	1222,64
661,70	1183,73
661,89	1134,57
662,08	1122,29
662,26	1191,92
662,45	1134,57
662,64	1277,93
662,83	1208,30
663,01	1138,67
663,20	1120,24
663,39	1189,87
663,58	1187,82
663,76	1267,69
663,95	1224,69
664,14	1181,68
664,32	1189,87
664,51	1218,54
664,70	1116,14
664,89	1196,01
665,07	1148,91
665,26	1265,64
665,45	1191,92
665,64	1189,87
665,82	1189,87
666,01	1232,88
666,20	1226,73
666,38	1193,97
666,57	1126,38
666,76	1230,83
666,95	1185,77
667,13	1187,82
667,32	1185,77
667,51	1185,77
667,69	1212,40
667,88	1187,82
668,07	1114,10
668,25	1265,64
668,44	1226,73
668,63	1251,31
668,81	1161,20
669,00	1189,87
669,19	1185,77
669,38	1138,67
669,56	1204,21
669,75	1126,38
669,94	1165,29
670,12	1146,86
670,31	1286,12
670,50	1204,21
670,68	1177,58
670,87	1200,11
671,06	1257,45
671,24	1191,92
671,43	1200,11
671,62	1191,92
671,80	1107,95
671,99	1181,68
672,18	1155,05
672,36	1204,21
672,55	1153,01
672,74	1167,34
672,92	1159,15
673,11	1191,92
673,29	1132,53
673,48	1204,21
673,67	1255,40
673,85	1193,97
674,04	1183,73
674,23	1118,19
674,41	1177,58
674,60	1187,82
674,79	1212,40
674,97	1153,01
675,16	1230,83
675,34	1206,25
675,53	1167,34
675,72	1187,82
675,90	1136,62
676,09	1130,48
676,28	1224,69
676,46	1142,77
676,65	1146,86
676,83	1157,10
677,02	1179,63
677,21	1161,20
677,39	1204,21
677,58	1144,81
677,77	1185,77
677,95	1130,48
678,14	1232,88
678,32	1185,77
678,51	1228,78
678,70	1181,68
678,88	1087,47
679,07	1116,14
679,25	1212,40
679,44	1169,39
679,63	1228,78
679,81	1153,01
680,00	1208,30
680,18	1212,40
680,37	1193,97
680,55	1206,25
680,74	1196,01
680,93	1181,68
681,11	1157,10
681,30	1206,25
681,48	1107,95
681,67	1275,88
681,85	1200,11
682,04	1181,68
682,23	1142,77
682,41	1169,39
682,60	1163,25
682,78	1163,25
682,97	1183,73
683,15	1200,11
683,34	1208,30
683,53	1202,16
683,71	1179,63
683,90	1171,44
684,08	1187,82
684,27	1224,69
684,45	1187,82
684,64	1275,88
684,82	1208,30
685,01	1122,29
685,19	1265,64
685,38	1165,29
685,57	1148,91
685,75	1173,49
685,94	1138,67
686,12	1214,45
686,31	1159,15
686,49	1161,20
686,68	1196,01
686,86	1144,81
687,05	1230,83
687,23	1185,77
687,42	1126,38
687,60	1226,73
687,79	1167,34
687,97	1187,82
688,16	1173,49
688,34	1196,01
688,53	1202,16
688,71	1196,01
688,90	1232,88
689,08	1206,25
689,27	1138,67
689,45	1206,25
689,64	1153,01
689,82	1163,25
690,01	1202,16
690,19	1249,26
690,38	1286,12
690,56	1161,20
690,75	1210,35
690,93	1148,91
691,12	1150,96
691,30	1150,96
691,49	1193,97
691,67	1220,59
691,86	1239,02
692,04	1187,82
692,23	1122,29
692,41	1089,52
692,60	1198,06
692,78	1177,58
692,97	1247,21
693,15	1275,88
693,34	1200,11
693,52	1175,53
693,71	1153,01
693,89	1214,45
694,08	1196,01
694,26	1232,88
694,44	1179,63
694,63	1148,91
694,81	1230,83
695,00	1159,15
695,18	1232,88
695,37	1210,35
695,55	1163,25
695,74	1128,43
695,92	1142,77
696,10	1183,73
696,29	1175,53
696,47	1146,86
696,66	1138,67
696,84	1118,19
697,03	1198,06
697,21	1212,40
697,40	1191,92
697,58	1140,72
697,76	1116,14
697,95	1159,15
698,13	1157,10
698,32	1148,91
698,50	1138,67
698,68	1136,62
698,87	1159,15
699,05	1153,01
699,24	1193,97
699,42	1183,73
699,61	1204,21
699,79	1161,20
699,97	1122,29
700,16	1140,72
700,34	1187,82
700,53	1183,73
700,71	1144,81
700,89	1181,68
701,08	1245,16
701,26	1214,45
701,45	1185,77
701,63	1161,20
701,81	1239,02
702,00	1204,21
702,18	1085,42
702,37	1212,40
702,55	1214,45
702,73	1155,05
702,92	1249,26
703,10	1200,11
703,28	1191,92
703,47	1220,59
703,65	1202,16
703,84	1230,83
704,02	1236,97
704,20	1148,91
704,39	1196,01
704,57	1132,53
704,75	1191,92
704,94	1183,73
705,12	1118,19
705,30	1177,58
705,49	1163,25
705,67	1159,15
705,86	1249,26
706,04	1179,63
706,22	1191,92
706,41	1140,72
706,59	1228,78
706,77	1110,00
706,96	1183,73
707,14	1161,20
707,32	1193,97
707,51	1116,14
707,69	1189,87
707,87	1171,44
708,06	1191,92
708,24	1243,12
708,42	1189,87
708,61	1191,92
708,79	1146,86
708,97	1144,81
709,16	1284,08
709,34	1228,78
709,52	1161,20
709,71	1093,62
709,89	1159,15
710,07	1159,15
710,26	1144,81
710,44	1183,73
710,62	1171,44
710,80	1142,77
710,99	1181,68
711,17	1202,16
711,35	1132,53
711,54	1126,38
711,72	1159,15
711,90	1161,20
712,09	1118,19
712,27	1159,15
712,45	1126,38
712,63	1089,52
712,82	1236,97
713,00	1191,92
713,18	1142,77
713,37	1155,05
713,55	1165,29
713,73	1157,10
713,91	1118,19
714,10	1179,63
714,28	1187,82
714,46	1224,69
714,65	1187,82
714,83	1150,96
715,01	1148,91
715,19	1181,68
715,38	1179,63
715,56	1185,77
715,74	1142,77
715,92	1226,73
716,11	1173,49
716,29	1103,86
716,47	1146,86
716,65	1181,68
716,84	1146,86
717,02	1183,73
717,20	1116,14
717,38	1212,40
717,57	1179,63
717,75	1214,45
717,93	1155,05
718,11	1118,19
718,30	1204,21
718,48	1181,68
718,66	1161,20
718,84	1171,44
719,03	1202,16
719,21	1196,01
719,39	1214,45
719,57	1171,44
719,75	1175,53
719,94	1218,54
720,12	1208,30
720,30	1159,15
720,48	1181,68
720,67	1253,36
720,85	1265,64
721,03	1155,05
721,21	1165,29
721,39	1286,12
721,58	1200,11
721,76	1191,92
721,94	1165,29
722,12	1177,58
722,30	1153,01
722,49	1212,40
722,67	1181,68
722,85	1173,49
723,03	1173,49
723,21	1218,54
723,40	1155,05
723,58	1200,11
723,76	1228,78
723,94	1153,01
724,12	1198,06
724,30	1187,82
724,49	1232,88
724,67	1239,02
724,85	1179,63
725,03	1148,91
725,21	1150,96
725,40	1179,63
725,58	1167,34
725,76	1204,21
725,94	1112,05
726,12	1187,82
726,30	1236,97
726,49	1167,34
726,67	1138,67
726,85	1208,30
727,03	1204,21
727,21	1183,73
727,39	1138,67
727,57	1202,16
727,76	1179,63
727,94	1200,11
728,12	1185,77
728,30	1140,72
728,48	1191,92
728,66	1212,40
728,84	1144,81
729,03	1243,12
729,21	1140,72
729,39	1175,53
729,57	1171,44
729,75	1181,68
729,93	1171,44
730,11	1116,14
730,30	1200,11
730,48	1208,30
730,66	1198,06
730,84	1144,81
731,02	1210,35
731,20	1198,06
731,38	1097,71
731,56	1187,82
731,74	1171,44
731,93	1247,21
732,11	1114,10
732,29	1206,25
732,47	1202,16
732,65	1183,73
732,83	1124,33
733,01	1220,59
733,19	1155,05
733,37	1167,34
733,56	1148,91
733,74	1175,53
733,92	1175,53
734,10	1173,49
734,28	1150,96
734,46	1261,55
734,64	1155,05
734,82	1148,91
735,00	1183,73
735,18	1202,16
735,36	1220,59
735,54	1249,26
735,73	1183,73
735,91	1189,87
736,09	1257,45
736,27	1214,45
736,45	1189,87
736,63	1148,91
736,81	1198,06
736,99	1220,59
737,17	1105,90
737,35	1247,21
737,53	1181,68
737,71	1208,30
737,89	1173,49
738,07	1212,40
738,25	1165,29
738,43	1206,25
738,61	1183,73
738,80	1110,00
738,98	1161,20
739,16	1230,83
739,34	1167,34
739,52	1193,97
739,70	1169,39
739,88	1193,97
740,06	1136,62
740,24	1179,63
740,42	1179,63
740,60	1191,92
740,78	1148,91
740,96	1150,96
741,14	1150,96
741,32	1269,74
741,50	1155,05
741,68	1224,69
741,86	1185,77
742,04	1173,49
742,22	1191,92
742,40	1204,21
742,58	1191,92
742,76	1243,12
742,94	1155,05
743,12	1224,69
743,30	1179,63
743,48	1228,78
743,66	1169,39
743,84	1200,11
744,02	1103,86
744,20	1179,63
744,38	1159,15
744,56	1116,14
744,74	1185,77
744,92	1214,45
745,10	1257,45
745,28	1196,01
745,46	1167,34
745,64	1224,69
745,82	1187,82
746,00	1271,79
746,18	1226,73
746,36	1189,87
746,54	1144,81
746,72	1232,88
746,90	1200,11
747,08	1138,67
747,26	1198,06
747,44	1155,05
747,62	1249,26
747,80	1220,59
747,98	1155,05
748,15	1183,73
748,33	1226,73
748,51	1144,81
748,69	1204,21
748,87	1177,58
749,05	1146,86
749,23	1193,97
749,41	1183,73
749,59	1146,86
749,77	1230,83
749,95	1183,73
750,13	1204,21
750,31	1157,10
750,49	1189,87
750,67	1214,45
750,85	1239,02
751,03	1120,24
751,20	1206,25
751,38	1220,59
751,56	1193,97
751,74	1216,49
751,92	1114,10
752,10	1241,07
752,28	1107,95
752,46	1202,16
752,64	1218,54
752,82	1251,31
753,00	1236,97
753,18	1222,64
753,35	1214,45
753,53	1204,21
753,71	1183,73
753,89	1142,77
754,07	1191,92
754,25	1189,87
754,43	1175,53
754,61	1232,88
754,79	1165,29
754,97	1187,82
755,14	1226,73
755,32	1165,29
755,50	1161,20
755,68	1144,81
755,86	1210,35
756,04	1112,05
756,22	1187,82
756,40	1161,20
756,57	1142,77
756,75	1247,21
756,93	1214,45
757,11	1259,50
757,29	1169,39
757,47	1150,96
757,65	1241,07
757,82	1204,21
758,00	1185,77
758,18	1183,73
758,36	1206,25
758,54	1206,25
758,72	1130,48
758,90	1200,11
759,07	1189,87
759,25	1196,01
759,43	1265,64
759,61	1128,43
759,79	1228,78
759,97	1228,78
760,15	1161,20
760,32	1150,96
760,50	1222,64
760,68	1200,11
760,86	1181,68
761,04	1234,93
761,22	1187,82
761,39	1169,39
761,57	1204,21
761,75	1126,38
761,93	1116,14
762,11	1120,24
762,28	1175,53
762,46	1161,20
762,64	1212,40
762,82	1136,62
763,00	1230,83
763,18	1159,15
763,35	1134,57
763,53	1185,77
763,71	1212,40
763,89	1208,30
764,07	1169,39
764,24	1216,49
764,42	1277,93
764,60	1216,49
764,78	1183,73
764,96	1245,16
765,13	1126,38
765,31	1185,77
765,49	1155,05
765,67	1196,01
765,84	1212,40
766,02	1200,11
766,20	1277,93
766,38	1243,12
766,56	1120,24
766,73	1183,73
766,91	1179,63
767,09	1232,88
767,27	1226,73
767,44	1167,34
767,62	1110,00
767,80	1179,63
767,98	1163,25
768,15	1298,41
768,33	1232,88
768,51	1179,63
768,69	1224,69
768,87	1189,87
769,04	1189,87
769,22	1226,73
769,40	1208,30
769,58	1163,25
769,75	1245,16
769,93	1204,21
770,11	1196,01
770,28	1284,08
770,46	1251,31
770,64	1273,84
770,82	1157,10
770,99	1169,39
771,17	1169,39
771,35	1177,58
771,53	1105,90
771,70	1171,44
771,88	1110,00
772,06	1159,15
772,23	1173,49
772,41	1161,20
772,59	1187,82
772,77	1130,48
772,94	1159,15
773,12	1222,64
773,30	1232,88
773,47	1157,10
773,65	1210,35
773,83	1185,77
774,01	1210,35
774,18	1134,57
774,36	1181,68
774,54	1208,30
774,71	1126,38
774,89	1245,16
775,07	1216,49
775,24	1226,73
775,42	1257,45
775,60	1228,78
775,78	1191,92
775,95	1214,45
776,13	1144,81
776,31	1091,57
776,48	1136,62
776,66	1157,10
776,84	1208,30
777,01	1210,35
777,19	1198,06
777,37	1261,55
777,54	1171,44
777,72	1140,72
777,90	1146,86
778,07	1224,69
778,25	1157,10
778,43	1181,68
778,60	1130,48
778,78	1159,15
778,96	1206,25
779,13	1124,33
779,31	1155,05
779,49	1228,78
779,66	1173,49
779,84	1187,82
780,01	1212,40
780,19	1157,10
780,37	1159,15
780,54	1206,25
780,72	1146,86
780,90	1165,29
781,07	1200,11
781,25	1079,28
781,43	1175,53
781,60	1116,14
781,78	1224,69
781,95	1148,91
782,13	1183,73
782,31	1179,63
782,48	1191,92
782,66	1161,20
782,83	1202,16
783,01	1093,62
783,19	1167,34
783,36	1140,72
783,54	1200,11
783,72	1138,67
783,89	1138,67
784,07	1140,72
784,24	1259,50
784,42	1249,26
784,60	1114,10
784,77	1144,81
784,95	1177,58
785,12	1202,16
785,30	1159,15
785,47	1157,10
785,65	1118,19
785,83	1153,01
786,00	1079,28
786,18	1167,34
786,35	1146,86
786,53	1130,48
786,71	1183,73
786,88	1202,16
787,06	1212,40
787,23	1208,30
787,41	1224,69
787,58	1095,66
787,76	1118,19
787,94	1236,97
788,11	1187,82
788,29	1134,57
788,46	1247,21
788,64	1159,15
788,81	1114,10
788,99	1222,64
789,16	1167,34
789,34	1173,49
789,52	1140,72
789,69	1261,55
789,87	1157,10
790,04	1257,45
790,22	1150,96
790,39	1228,78
790,57	1198,06
790,74	1140,72
790,92	1212,40
791,09	1220,59
791,27	1253,36
791,44	1263,60
791,62	1175,53
791,79	1218,54
791,97	1206,25
792,15	1198,06
792,32	1191,92
792,50	1202,16
792,67	1200,11
792,85	1204,21
793,02	1132,53
793,20	1228,78
793,37	1214,45
793,55	1245,16
793,72	1179,63
793,90	1173,49
794,07	1228,78
794,25	1175,53
794,42	1163,25
794,60	1216,49
794,77	1163,25
794,95	1222,64
795,12	1140,72
795,30	1085,42
795,47	1153,01
795,65	1175,53
795,82	1216,49
796,00	1200,11
796,17	1153,01
796,34	1177,58
796,52	1204,21
796,69	1126,38
796,87	1226,73
797,04	1185,77
797,22	1153,01
797,39	1212,40
797,57	1220,59
797,74	1191,92
797,92	1155,05
798,09	1187,82
798,27	1163,25
798,44	1198,06
798,62	1228,78
798,79	1200,11
798,96	1216,49
799,14	1189,87
799,31	1187,82
799,49	1183,73
799,66	1183,73
799,84	1206,25
800,01	1171,44
800,19	1200,11
800,36	1191,92
800,53	1196,01
800,71	1167,34
800,88	1165,29
801,06	1204,21
801,23	1232,88
801,41	1191,92
801,58	1284,08
801,75	1214,45
801,93	1161,20
802,10	1130,48
802,28	1200,11
802,45	1204,21
802,63	1208,30
802,80	1218,54
802,97	1161,20
803,15	1093,62
803,32	1148,91
803,50	1189,87
803,67	1187,82
803,84	1126,38
804,02	1112,05
804,19	1232,88
804,37	1167,34
804,54	1181,68
804,71	1222,64
804,89	1148,91
805,06	1214,45
805,24	1132,53
805,41	1183,73
805,58	1140,72
805,76	1185,77
805,93	1191,92
806,10	1167,34
806,28	1161,20
806,45	1224,69
806,63	1206,25
806,80	1241,07
806,97	1126,38
807,15	1165,29
807,32	1183,73
807,49	1185,77
807,67	1167,34
807,84	1218,54
808,01	1191,92
808,19	1226,73
808,36	1189,87
808,54	1130,48
808,71	1224,69
808,88	1161,20
809,06	1251,31
809,23	1232,88
809,40	1130,48
809,58	1155,05
809,75	1212,40
809,92	1261,55
810,10	1107,95
810,27	1222,64
810,44	1226,73
810,62	1150,96
810,79	1171,44
810,96	1161,20
811,14	1185,77
811,31	1234,93
811,48	1167,34
811,66	1165,29
811,83	1167,34
812,00	1185,77
812,18	1245,16
812,35	1165,29
812,52	1208,30
812,69	1153,01
812,87	1267,69
813,04	1206,25
813,21	1181,68
813,39	1210,35
813,56	1220,59
813,73	1140,72
813,91	1236,97
814,08	1210,35
814,25	1200,11
814,42	1128,43
814,60	1177,58
814,77	1163,25
814,94	1208,30
815,12	1191,92
815,29	1075,18
815,46	1198,06
815,63	1132,53
815,81	1212,40
815,98	1189,87
816,15	1196,01
816,33	1239,02
816,50	1132,53
816,67	1142,77
816,84	1228,78
817,02	1232,88
817,19	1159,15
817,36	1150,96
817,53	1196,01
817,71	1185,77
817,88	1263,60
818,05	1175,53
818,22	1181,68
818,40	1220,59
818,57	1161,20
818,74	1236,97
818,91	1200,11
819,09	1134,57
819,26	1187,82
819,43	1253,36
819,60	1206,25
819,78	1216,49
819,95	1171,44
820,12	1214,45
820,29	1110,00
820,47	1220,59
820,64	1191,92
820,81	1163,25
820,98	1155,05
821,15	1130,48
821,33	1179,63
821,50	1175,53
821,67	1193,97
821,84	1142,77
822,02	1249,26
822,19	1218,54
822,36	1222,64
822,53	1210,35
822,70	1165,29
822,88	1153,01
823,05	1179,63
823,22	1253,36
823,39	1169,39
823,56	1165,29
823,74	1196,01
823,91	1101,81
824,08	1175,53
824,25	1249,26
824,42	1179,63
824,60	1107,95
824,77	1165,29
824,94	1193,97
825,11	1222,64
825,28	1155,05
825,45	1193,97
825,63	1216,49
825,80	1169,39
825,97	1177,58
826,14	1214,45
826,31	1146,86
826,48	1181,68
826,66	1140,72
826,83	1159,15
827,00	1210,35
827,17	1191,92
827,34	1177,58
827,51	1173,49
827,69	1202,16
827,86	1157,10
828,03	1122,29
828,20	1146,86
828,37	1157,10
828,54	1212,40
828,71	1144,81
828,89	1171,44
829,06	1101,81
829,23	1171,44
829,40	1204,21
829,57	1187,82
829,74	1177,58
829,91	1187,82
830,09	1177,58
830,26	1116,14
830,43	1226,73
830,60	1177,58
830,77	1153,01
830,94	1173,49
831,11	1204,21
831,28	1165,29
831,46	1196,01
831,63	1142,77
831,80	1206,25
831,97	1179,63
832,14	1177,58
832,31	1130,48
832,48	1196,01
832,65	1136,62
832,82	1130,48
832,99	1239,02
833,17	1224,69
833,34	1189,87
833,51	1236,97
833,68	1138,67
833,85	1255,40
834,02	1159,15
834,19	1239,02
834,36	1200,11
834,53	1183,73
834,70	1181,68
834,87	1187,82
835,04	1193,97
835,22	1196,01
835,39	1220,59
835,56	1163,25
835,73	1167,34
835,90	1177,58
836,07	1202,16
836,24	1175,53
836,41	1253,36
836,58	1165,29
836,75	1226,73
836,92	1128,43
837,09	1161,20
837,26	1196,01
837,43	1228,78
837,60	1200,11
837,77	1220,59
837,94	1187,82
838,12	1216,49
838,29	1165,29
838,46	1198,06
838,63	1187,82
838,80	1179,63
838,97	1232,88
839,14	1177,58
839,31	1193,97
839,48	1239,02
839,65	1153,01
839,82	1206,25
839,99	1165,29
840,16	1107,95
840,33	1087,47
840,50	1282,03
840,67	1222,64
840,84	1157,10
841,01	1167,34
841,18	1157,10
841,35	1130,48
841,52	1226,73
841,69	1142,77
841,86	1052,66
842,03	1232,88
842,20	1191,92
842,37	1191,92
842,54	1212,40
842,71	1214,45
842,88	1118,19
843,05	1200,11
843,22	1224,69
843,39	1177,58
843,56	1159,15
843,73	1255,40
843,90	1204,21
844,07	1257,45
844,24	1234,93
844,41	1110,00
844,58	1171,44
844,75	1210,35
844,92	1177,58
845,09	1187,82
845,26	1187,82
845,43	1155,05
845,60	1187,82
845,77	1138,67
845,94	1169,39
846,10	1204,21
846,27	1200,11
846,44	1161,20
846,61	1110,00
846,78	1212,40
846,95	1132,53
847,12	1171,44
847,29	1171,44
847,46	1142,77
847,63	1253,36
847,80	1202,16
847,97	1206,25
848,14	1177,58
848,31	1204,21
848,48	1163,25
848,65	1198,06
848,82	1183,73
848,98	1173,49
849,15	1204,21
849,32	1263,60
849,49	1214,45
849,66	1196,01
849,83	1089,52
850,00	1204,21
850,17	1167,34
850,34	1204,21
850,51	1198,06
850,68	1179,63
850,85	1228,78
851,01	1200,11
851,18	1183,73
851,35	1261,55
851,52	1220,59
851,69	1159,15
851,86	1228,78
852,03	1167,34
852,20	1245,16
852,37	1132,53
852,53	1142,77
852,70	1214,45
852,87	1224,69
853,04	1228,78
853,21	1165,29
853,38	1177,58
853,55	1183,73
853,72	1157,10
853,89	1177,58
854,05	1191,92
854,22	1183,73
854,39	1138,67
854,56	1130,48
854,73	1150,96
854,90	1191,92
855,07	1175,53
855,23	1169,39
855,40	1134,57
855,57	1140,72
855,74	1140,72
855,91	1165,29
856,08	1228,78
856,25	1136,62
856,41	1155,05
856,58	1224,69
856,75	1148,91
856,92	1206,25
857,09	1220,59
857,26	1167,34
857,42	1157,10
857,59	1214,45
857,76	1181,68
857,93	1122,29
858,10	1181,68
858,27	1134,57
858,43	1142,77
858,60	1159,15
858,77	1208,30
858,94	1228,78
859,11	1191,92
859,27	1212,40
859,44	1189,87
859,61	1193,97
859,78	1187,82
859,95	1175,53
860,12	1173,49
860,28	1167,34
860,45	1198,06
860,62	1200,11
860,79	1134,57
860,95	1187,82
861,12	1187,82
861,29	1165,29
861,46	1153,01
861,63	1185,77
861,79	1175,53
861,96	1157,10
862,13	1167,34
862,30	1185,77
862,47	1206,25
862,63	1173,49
862,80	1173,49
862,97	1239,02
863,14	1236,97
863,30	1165,29
863,47	1183,73
863,64	1142,77
863,81	1214,45
863,97	1185,77
864,14	1220,59
864,31	1193,97
864,48	1257,45
864,65	1140,72
864,81	1239,02
864,98	1159,15
865,15	1159,15
865,32	1120,24
865,48	1175,53
865,65	1196,01
865,82	1175,53
865,98	1249,26
866,15	1210,35
866,32	1214,45
866,49	1187,82
866,65	1220,59
866,82	1198,06
866,99	1193,97
867,16	1204,21
867,32	1173,49
867,49	1228,78
867,66	1185,77
867,83	1212,40
867,99	1169,39
868,16	1181,68
868,33	1171,44
868,49	1228,78
868,66	1204,21
868,83	1163,25
868,99	1198,06
869,16	1144,81
869,33	1245,16
869,50	1155,05
869,66	1171,44
869,83	1216,49
870,00	1142,77
870,16	1251,31
870,33	1236,97
870,50	1155,05
870,66	1146,86
870,83	1142,77
871,00	1138,67
871,17	1232,88
871,33	1175,53
871,50	1249,26
871,67	1146,86
871,83	1212,40
872,00	1222,64
872,17	1101,81
872,33	1181,68
872,50	1142,77
872,67	1193,97
872,83	1210,35
873,00	1161,20
873,17	1226,73
873,33	1230,83
873,50	1206,25
873,67	1163,25
873,83	1210,35
874,00	1144,81
874,16	1228,78
874,33	1140,72
874,50	1173,49
874,66	1167,34
874,83	1159,15
875,00	1214,45
875,16	1234,93
875,33	1214,45
875,50	1208,30
875,66	1206,25
875,83	1222,64
875,99	1173,49
876,16	1200,11
876,33	1200,11
876,49	1193,97
876,66	1222,64
876,83	1204,21
876,99	1206,25
877,16	1136,62
877,32	1175,53
877,49	1255,40
877,66	1220,59
877,82	1261,55
877,99	1187,82
878,15	1236,97
878,32	1191,92
878,49	1236,97
878,65	1179,63
878,82	1202,16
878,98	1226,73
879,15	1257,45
879,32	1165,29
879,48	1212,40
879,65	1228,78
879,81	1163,25
879,98	1144,81
880,15	1183,73
880,31	1191,92
880,48	1255,40
880,64	1157,10
880,81	1189,87
880,97	1216,49
881,14	1214,45
881,31	1185,77
881,47	1177,58
881,64	1179,63
881,80	1173,49
881,97	1206,25
882,13	1142,77
882,30	1150,96
882,47	1224,69
882,63	1165,29
882,80	1189,87
882,96	1128,43
883,13	1288,17
883,29	1222,64
883,46	1247,21
883,62	1193,97
883,79	1130,48
883,95	1171,44
884,12	1220,59
884,29	1148,91
884,45	1296,36
884,62	1134,57
884,78	1159,15
884,95	1263,60
885,11	1206,25
885,28	1185,77
885,44	1243,12
885,61	1169,39
885,77	1132,53
885,94	1146,86
886,10	1148,91
886,27	1208,30
886,43	1220,59
886,60	1124,33
886,76	1196,01
886,93	1146,86
887,09	1212,40
887,26	1167,34
887,42	1239,02
887,59	1208,30
887,75	1124,33
887,92	1175,53
888,08	1128,43
888,25	1179,63
888,41	1187,82
888,58	1191,92
888,74	1210,35
888,91	1191,92
