177,47	1187,82
177,69	1187,82
177,91	1187,82
178,13	1138,67
178,36	1136,62
178,58	1144,81
178,80	1150,96
179,02	1200,11
179,24	1163,25
179,46	1253,36
179,68	1183,73
179,90	1277,93
180,13	1212,40
180,35	1165,29
180,57	1200,11
180,79	1124,33
181,01	1165,29
181,23	1167,34
181,45	1169,39
181,67	1183,73
181,90	1126,38
182,12	1187,82
182,34	1179,63
182,56	1208,30
182,78	1083,38
183,00	1116,14
183,22	1191,92
183,44	1204,21
183,66	1175,53
183,89	1210,35
184,11	1191,92
184,33	1179,63
184,55	1140,72
184,77	1177,58
184,99	1134,57
185,21	1155,05
185,43	1167,34
185,65	1134,57
185,87	1193,97
186,10	1167,34
186,32	1247,21
186,54	1161,20
186,76	1150,96
186,98	1210,35
187,20	1169,39
187,42	1155,05
187,64	1175,53
187,86	1185,77
188,08	1204,21
188,30	1161,20
188,52	1097,71
188,75	1163,25
188,97	1148,91
189,19	1234,93
189,41	1191,92
189,63	1163,25
189,85	1124,33
190,07	1146,86
190,29	1179,63
190,51	1155,05
190,73	1183,73
190,95	1239,02
191,17	1150,96
191,39	1138,67
191,61	1185,77
191,84	1204,21
192,06	1193,97
192,28	1095,66
192,50	1253,36
192,72	1198,06
192,94	1159,15
193,16	1216,49
193,38	1245,16
193,60	1169,39
193,82	1183,73
194,04	1175,53
194,26	1159,15
194,48	1146,86
194,70	1220,59
194,92	1284,08
195,14	1200,11
195,36	1142,77
195,58	1085,42
195,80	1134,57
196,02	1183,73
196,24	1144,81
196,46	1167,34
196,69	1103,86
196,91	1189,87
197,13	1134,57
197,35	1204,21
197,57	1150,96
197,79	1228,78
198,01	1148,91
198,23	1198,06
198,45	1183,73
198,67	1255,40
198,89	1212,40
199,11	1230,83
199,33	1132,53
199,55	1159,15
199,77	1181,68
199,99	1167,34
200,21	1206,25
200,43	1146,86
200,65	1208,30
200,87	1187,82
201,09	1200,11
201,31	1193,97
201,53	1179,63
201,75	1189,87
201,97	1271,79
202,19	1179,63
202,41	1107,95
202,63	1202,16
202,85	1179,63
203,07	1134,57
203,29	1228,78
203,51	1134,57
203,73	1191,92
203,95	1173,49
204,17	1245,16
204,39	1216,49
204,61	1177,58
204,83	1153,01
205,05	1232,88
205,27	1132,53
205,49	1116,14
205,71	1183,73
205,93	1187,82
206,15	1210,35
206,37	1148,91
206,59	1208,30
206,81	1161,20
207,03	1179,63
207,25	1169,39
207,47	1183,73
207,69	1103,86
207,91	1130,48
208,13	1169,39
208,34	1179,63
208,56	1218,54
208,78	1243,12
209,00	1187,82
209,22	1224,69
209,44	1191,92
209,66	1247,21
209,88	1253,36
210,10	1191,92
210,32	1167,34
210,54	1214,45
210,76	1206,25
210,98	1150,96
211,20	1165,29
211,42	1126,38
211,64	1165,29
211,86	1136,62
212,08	1167,34
212,30	1093,62
212,52	1077,23
212,74	1257,45
212,96	1206,25
213,17	1185,77
213,39	1198,06
213,61	1175,53
213,83	1173,49
214,05	1138,67
214,27	1150,96
214,49	1196,01
214,71	1177,58
214,93	1181,68
215,15	1146,86
215,37	1175,53
215,59	1142,77
215,81	1169,39
216,03	1193,97
216,24	1103,86
216,46	1181,68
216,68	1261,55
216,90	1079,28
217,12	1200,11
217,34	1148,91
217,56	1193,97
217,78	1146,86
218,00	1163,25
218,22	1173,49
218,44	1165,29
218,66	1218,54
218,87	1165,29
219,09	1187,82
219,31	1185,77
219,53	1159,15
219,75	1175,53
219,97	1153,01
220,19	1130,48
220,41	1263,60
220,63	1204,21
220,85	1169,39
221,06	1159,15
221,28	1134,57
221,50	1179,63
221,72	1167,34
221,94	1193,97
222,16	1155,05
222,38	1155,05
222,60	1191,92
222,82	1161,20
223,03	1200,11
223,25	1189,87
223,47	1136,62
223,69	1187,82
223,91	1157,10
224,13	1220,59
224,35	1183,73
224,57	1159,15
224,78	1163,25
225,00	1177,58
225,22	1200,11
225,44	1146,86
225,66	1140,72
225,88	1202,16
226,10	1183,73
226,32	1191,92
226,53	1148,91
226,75	1181,68
226,97	1128,43
227,19	1167,34
227,41	1187,82
227,63	1126,38
227,85	1204,21
228,06	1144,81
228,28	1165,29
228,50	1234,93
228,72	1204,21
228,94	1191,92
229,16	1167,34
229,37	1224,69
229,59	1169,39
229,81	1191,92
230,03	1130,48
230,25	1165,29
230,47	1148,91
230,69	1138,67
230,90	1161,20
231,12	1134,57
231,34	1124,33
231,56	1181,68
231,78	1212,40
232,00	1150,96
232,21	1130,48
232,43	1105,90
232,65	1142,77
232,87	1146,86
233,09	1142,77
233,30	1136,62
233,52	1179,63
233,74	1142,77
233,96	1183,73
234,18	1159,15
234,40	1146,86
234,61	1177,58
234,83	1212,40
235,05	1218,54
235,27	1214,45
235,49	1173,49
235,70	1191,92
235,92	1118,19
236,14	1093,62
236,36	1150,96
236,58	1167,34
236,79	1177,58
237,01	1239,02
237,23	1200,11
237,45	1150,96
237,67	1150,96
237,88	1136,62
238,10	1124,33
238,32	1177,58
238,54	1069,04
238,76	1226,73
238,97	1189,87
239,19	1120,24
239,41	1206,25
239,63	1132,53
239,85	1187,82
240,06	1204,21
240,28	1216,49
240,50	1175,53
240,72	1130,48
240,93	1212,40
241,15	1126,38
241,37	1189,87
241,59	1163,25
241,81	1216,49
242,02	1161,20
242,24	1177,58
242,46	1177,58
242,68	1189,87
242,89	1189,87
243,11	1157,10
243,33	1116,14
243,55	1173,49
243,76	1230,83
243,98	1216,49
244,20	1150,96
244,42	1167,34
244,64	1183,73
244,85	1144,81
245,07	1157,10
245,29	1206,25
245,51	1163,25
245,72	1134,57
245,94	1183,73
246,16	1103,86
246,38	1241,07
246,59	1150,96
246,81	1179,63
247,03	1191,92
247,24	1157,10
247,46	1175,53
247,68	1134,57
247,90	1150,96
248,11	1171,44
248,33	1136,62
248,55	1155,05
248,77	1175,53
248,98	1206,25
249,20	1171,44
249,42	1183,73
249,64	1142,77
249,85	1226,73
250,07	1183,73
250,29	1212,40
250,50	1273,84
250,72	1130,48
250,94	1206,25
251,16	1103,86
251,37	1148,91
251,59	1157,10
251,81	1144,81
252,02	1179,63
252,24	1148,91
252,46	1191,92
252,68	1130,48
252,89	1224,69
253,11	1153,01
253,33	1136,62
253,54	1181,68
253,76	1167,34
253,98	1130,48
254,20	1134,57
254,41	1173,49
254,63	1169,39
254,85	1185,77
255,06	1216,49
255,28	1189,87
255,50	1193,97
255,71	1140,72
255,93	1208,30
256,15	1187,82
256,36	1191,92
256,58	1198,06
256,80	1077,23
257,02	1169,39
257,23	1189,87
257,45	1198,06
257,67	1212,40
257,88	1155,05
258,10	1222,64
258,32	1157,10
258,53	1173,49
258,75	1216,49
258,97	1222,64
259,18	1112,05
259,40	1148,91
259,62	1202,16
259,83	1181,68
260,05	1093,62
260,27	1150,96
260,48	1212,40
260,70	1140,72
260,92	1148,91
261,13	1085,42
261,35	1220,59
261,57	1218,54
261,78	1159,15
262,00	1161,20
262,22	1099,76
262,43	1183,73
262,65	1138,67
262,86	1222,64
263,08	1220,59
263,30	1216,49
263,51	1189,87
263,73	1191,92
263,95	1146,86
264,16	1165,29
264,38	1220,59
264,60	1191,92
264,81	1202,16
265,03	1183,73
265,25	1163,25
265,46	1193,97
265,68	1216,49
265,89	1220,59
266,11	1126,38
266,33	1167,34
266,54	1181,68
266,76	1107,95
266,98	1208,30
267,19	1187,82
267,41	1138,67
267,62	1210,35
267,84	1239,02
268,06	1204,21
268,27	1142,77
268,49	1163,25
268,70	1189,87
268,92	1198,06
269,14	1167,34
269,35	1196,01
269,57	1169,39
269,79	1124,33
270,00	1128,43
270,22	1142,77
270,43	1122,29
270,65	1200,11
270,87	1153,01
271,08	1236,97
271,30	1191,92
271,51	1175,53
271,73	1191,92
271,95	1191,92
272,16	1193,97
272,38	1191,92
272,59	1183,73
272,81	1116,14
273,02	1167,34
273,24	1089,52
273,46	1155,05
273,67	1134,57
273,89	1169,39
274,10	1124,33
274,32	1247,21
274,54	1179,63
274,75	1175,53
274,97	1118,19
275,18	1107,95
275,40	1196,01
275,61	1132,53
275,83	1189,87
276,05	1177,58
276,26	1159,15
276,48	1183,73
276,69	1136,62
276,91	1157,10
277,12	1073,14
277,34	1191,92
277,55	1230,83
277,77	1107,95
277,99	1204,21
278,20	1177,58
278,42	1167,34
278,63	1169,39
278,85	1159,15
279,06	1114,10
279,28	1210,35
279,49	1167,34
279,71	1140,72
279,93	1128,43
280,14	1146,86
280,36	1167,34
280,57	1189,87
280,79	1153,01
281,00	1181,68
281,22	1148,91
281,43	1200,11
281,65	1206,25
281,86	1222,64
282,08	1193,97
282,29	1206,25
282,51	1177,58
282,73	1196,01
282,94	1142,77
283,16	1153,01
283,37	1187,82
283,59	1224,69
283,80	1146,86
284,02	1155,05
284,23	1118,19
284,45	1146,86
284,66	1136,62
284,88	1161,20
285,09	1220,59
285,31	1126,38
285,52	1138,67
285,74	1179,63
285,95	1138,67
286,17	1163,25
286,38	1165,29
286,60	1267,69
286,81	1216,49
287,03	1259,50
287,24	1173,49
287,46	1249,26
287,67	1241,07
287,89	1187,82
288,10	1157,10
288,32	1110,00
288,53	1177,58
288,75	1234,93
288,96	1189,87
289,18	1163,25
289,39	1132,53
289,61	1116,14
289,82	1187,82
290,04	1144,81
290,25	1208,30
290,47	1224,69
290,68	1185,77
290,90	1148,91
291,11	1204,21
291,33	1163,25
291,54	1144,81
291,76	1171,44
291,97	1177,58
292,18	1191,92
292,40	1118,19
292,61	1232,88
292,83	1136,62
293,04	1187,82
293,26	1185,77
293,47	1173,49
293,69	1099,76
293,90	1150,96
294,12	1253,36
294,33	1157,10
294,55	1206,25
294,76	1126,38
294,97	1161,20
295,19	1179,63
295,40	1187,82
295,62	1136,62
295,83	1150,96
296,05	1187,82
296,26	1241,07
296,48	1157,10
296,69	1130,48
296,90	1187,82
297,12	1124,33
297,33	1155,05
297,55	1185,77
297,76	1075,18
297,98	1114,10
298,19	1128,43
298,41	1173,49
298,62	1228,78
298,83	1163,25
299,05	1136,62
299,26	1169,39
299,48	1138,67
299,69	1204,21
299,90	1265,64
300,12	1138,67
300,33	1159,15
300,55	1118,19
300,76	1196,01
300,98	1222,64
301,19	1224,69
301,40	1222,64
301,62	1206,25
301,83	1163,25
302,05	1200,11
302,26	1171,44
302,47	1181,68
302,69	1120,24
302,90	1226,73
303,12	1189,87
303,33	1163,25
303,54	1142,77
303,76	1179,63
303,97	1167,34
304,19	1228,78
304,40	1159,15
304,61	1140,72
304,83	1144,81
305,04	1140,72
305,26	1198,06
305,47	1279,98
305,68	1165,29
305,90	1216,49
306,11	1130,48
306,33	1130,48
306,54	1122,29
306,75	1173,49
306,97	1181,68
307,18	1130,48
307,39	1110,00
307,61	1179,63
307,82	1206,25
308,04	1210,35
308,25	1140,72
308,46	1189,87
308,68	1167,34
308,89	1159,15
309,10	1146,86
309,32	1161,20
309,53	1179,63
309,74	1265,64
309,96	1200,11
310,17	1196,01
310,39	1126,38
310,60	1214,45
310,81	1191,92
311,03	1218,54
311,24	1142,77
311,45	1177,58
311,67	1210,35
311,88	1161,20
312,09	1200,11
312,31	1159,15
312,52	1181,68
312,73	1136,62
312,95	1189,87
313,16	1148,91
313,37	1196,01
313,59	1159,15
313,80	1196,01
314,01	1179,63
314,23	1198,06
314,44	1159,15
314,65	1122,29
314,87	1198,06
315,08	1155,05
315,29	1132,53
315,51	1144,81
315,72	1179,63
315,93	1191,92
316,15	1189,87
316,36	1140,72
316,57	1191,92
316,79	1157,10
317,00	1181,68
317,21	1148,91
317,43	1183,73
317,64	1204,21
317,85	1138,67
318,07	1185,77
318,28	1148,91
318,49	1157,10
318,70	1138,67
318,92	1167,34
319,13	1308,65
319,34	1171,44
319,56	1124,33
319,77	1177,58
319,98	1153,01
320,20	1181,68
320,41	1224,69
320,62	1142,77
320,83	1218,54
321,05	1239,02
321,26	1136,62
321,47	1163,25
321,69	1153,01
321,90	1255,40
322,11	1150,96
322,32	1187,82
322,54	1200,11
322,75	1134,57
322,96	1173,49
323,18	1165,29
323,39	1183,73
323,60	1167,34
323,81	1153,01
324,03	1163,25
324,24	1126,38
324,45	1216,49
324,66	1175,53
324,88	1105,90
325,09	1161,20
325,30	1110,00
325,52	1122,29
325,73	1196,01
325,94	1161,20
326,15	1153,01
326,37	1175,53
326,58	1181,68
326,79	1226,73
327,00	1181,68
327,22	1187,82
327,43	1175,53
327,64	1189,87
327,85	1214,45
328,07	1232,88
328,28	1165,29
328,49	1116,14
328,70	1228,78
328,92	1208,30
329,13	1210,35
329,34	1214,45
329,55	1189,87
329,76	1159,15
329,98	1204,21
330,19	1140,72
330,40	1181,68
330,61	1189,87
330,83	1122,29
331,04	1122,29
331,25	1212,40
331,46	1101,81
331,68	1269,74
331,89	1165,29
332,10	1114,10
332,31	1198,06
332,52	1181,68
332,74	1239,02
332,95	1103,86
333,16	1134,57
333,37	1179,63
333,58	1216,49
333,80	1208,30
334,01	1181,68
334,22	1284,08
334,43	1171,44
334,64	1228,78
334,86	1212,40
335,07	1208,30
335,28	1150,96
335,49	1183,73
335,70	1132,53
335,92	1157,10
336,13	1122,29
336,34	1159,15
336,55	1116,14
336,76	1165,29
336,98	1130,48
337,19	1142,77
337,40	1228,78
337,61	1150,96
337,82	1212,40
338,04	1249,26
338,25	1198,06
338,46	1126,38
338,67	1142,77
338,88	1134,57
339,09	1239,02
339,31	1165,29
339,52	1167,34
339,73	1075,18
339,94	1118,19
340,15	1114,10
340,36	1159,15
340,58	1187,82
340,79	1138,67
341,00	1202,16
341,21	1224,69
341,42	1159,15
341,63	1214,45
341,85	1202,16
342,06	1259,50
342,27	1126,38
342,48	1181,68
342,69	1191,92
342,90	1138,67
343,12	1191,92
343,33	1148,91
343,54	1138,67
343,75	1177,58
343,96	1218,54
344,17	1196,01
344,38	1140,72
344,60	1196,01
344,81	1255,40
345,02	1198,06
345,23	1230,83
345,44	1165,29
345,65	1093,62
345,86	1239,02
346,07	1191,92
346,29	1136,62
346,50	1230,83
346,71	1179,63
346,92	1153,01
347,13	1212,40
347,34	1212,40
347,55	1171,44
347,76	1116,14
347,98	1198,06
348,19	1150,96
348,40	1157,10
348,61	1167,34
348,82	1187,82
349,03	1128,43
349,24	1159,15
349,45	1220,59
349,66	1161,20
349,88	1138,67
350,09	1181,68
350,30	1165,29
350,51	1196,01
350,72	1165,29
350,93	1140,72
351,14	1177,58
351,35	1163,25
351,56	1216,49
351,77	1126,38
351,99	1173,49
352,20	1122,29
352,41	1140,72
352,62	1118,19
352,83	1175,53
353,04	1171,44
353,25	1200,11
353,46	1214,45
353,67	1183,73
353,88	1140,72
354,09	1150,96
354,30	1114,10
354,52	1171,44
354,73	1200,11
354,94	1155,05
355,15	1191,92
355,36	1236,97
355,57	1177,58
355,78	1161,20
355,99	1173,49
356,20	1181,68
356,41	1234,93
356,62	1146,86
356,83	1107,95
357,04	1124,33
357,25	1220,59
357,46	1200,11
357,68	1189,87
357,89	1116,14
358,10	1191,92
358,31	1234,93
358,52	1204,21
358,73	1066,99
358,94	1198,06
359,15	1132,53
359,36	1175,53
359,57	1183,73
359,78	1093,62
359,99	1198,06
360,20	1253,36
360,41	1066,99
360,62	1155,05
360,83	1208,30
361,04	1124,33
361,25	1142,77
361,46	1142,77
361,67	1157,10
361,88	1167,34
362,09	1214,45
362,30	1167,34
362,51	1298,41
362,72	1132,53
362,93	1191,92
363,14	1120,24
363,35	1142,77
363,56	1292,27
363,78	1228,78
363,99	1171,44
364,20	1116,14
364,41	1198,06
364,62	1181,68
364,83	1167,34
365,04	1183,73
365,25	1214,45
365,46	1153,01
365,67	1200,11
365,88	1202,16
366,09	1208,30
366,30	1193,97
366,51	1216,49
366,72	1185,77
366,93	1228,78
367,14	1146,86
367,35	1216,49
367,56	1146,86
367,77	1140,72
367,98	1216,49
368,18	1171,44
368,39	1173,49
368,60	1208,30
368,81	1226,73
369,02	1191,92
369,23	1132,53
369,44	1220,59
369,65	1191,92
369,86	1150,96
370,07	1171,44
370,28	1124,33
370,49	1204,21
370,70	1175,53
370,91	1138,67
371,12	1198,06
371,33	1085,42
371,54	1167,34
371,75	1183,73
371,96	1146,86
372,17	1224,69
372,38	1212,40
372,59	1126,38
372,80	1220,59
373,01	1157,10
373,22	1179,63
373,43	1130,48
373,64	1167,34
373,85	1126,38
374,06	1097,71
374,26	1191,92
374,47	1144,81
374,68	1183,73
374,89	1110,00
375,10	1122,29
375,31	1216,49
375,52	1220,59
375,73	1099,76
375,94	1165,29
376,15	1169,39
376,36	1218,54
376,57	1175,53
376,78	1155,05
376,99	1208,30
377,20	1189,87
377,40	1128,43
377,61	1185,77
377,82	1208,30
378,03	1198,06
378,24	1159,15
378,45	1179,63
378,66	1189,87
378,87	1196,01
379,08	1241,07
379,29	1138,67
379,50	1175,53
379,71	1198,06
379,91	1181,68
380,12	1181,68
380,33	1091,57
380,54	1132,53
380,75	1189,87
380,96	1157,10
381,17	1236,97
381,38	1220,59
381,59	1095,66
381,80	1144,81
382,00	1200,11
382,21	1105,90
382,42	1159,15
382,63	1224,69
382,84	1191,92
383,05	1138,67
383,26	1171,44
383,47	1214,45
383,68	1200,11
383,88	1122,29
384,09	1210,35
384,30	1114,10
384,51	1165,29
384,72	1116,14
384,93	1173,49
385,14	1210,35
385,35	1208,30
385,55	1214,45
385,76	1177,58
385,97	1167,34
386,18	1107,95
386,39	1196,01
386,60	1118,19
386,81	1177,58
387,02	1183,73
387,22	1163,25
387,43	1118,19
387,64	1175,53
387,85	1173,49
388,06	1210,35
388,27	1142,77
388,48	1105,90
388,68	1179,63
388,89	1150,96
389,10	1196,01
389,31	1167,34
389,52	1212,40
389,73	1206,25
389,93	1110,00
390,14	1071,09
390,35	1122,29
390,56	1167,34
390,77	1318,89
390,98	1173,49
391,18	1265,64
391,39	1159,15
391,60	1228,78
391,81	1112,05
392,02	1144,81
392,23	1232,88
392,43	1175,53
392,64	1298,41
392,85	1200,11
393,06	1120,24
393,27	1163,25
393,47	1181,68
393,68	1132,53
393,89	1103,86
394,10	1220,59
394,31	1175,53
394,52	1196,01
394,72	1226,73
394,93	1105,90
395,14	1169,39
395,35	1169,39
395,56	1155,05
395,76	1136,62
395,97	1163,25
396,18	1189,87
396,39	1167,34
396,60	1212,40
396,80	1064,94
397,01	1191,92
397,22	1218,54
397,43	1198,06
397,64	1171,44
397,84	1142,77
398,05	1110,00
398,26	1198,06
398,47	1228,78
398,67	1124,33
398,88	1193,97
399,09	1155,05
399,30	1146,86
399,51	1214,45
399,71	1196,01
399,92	1200,11
400,13	1200,11
400,34	1259,50
400,54	1177,58
400,75	1134,57
400,96	1206,25
401,17	1171,44
401,37	1239,02
401,58	1173,49
401,79	1161,20
402,00	1128,43
402,21	1167,34
402,41	1189,87
402,62	1144,81
402,83	1175,53
403,04	1165,29
403,24	1146,86
403,45	1208,30
403,66	1212,40
403,87	1177,58
404,07	1247,21
404,28	1165,29
404,49	1159,15
404,70	1214,45
404,90	1177,58
405,11	1153,01
405,32	1171,44
405,52	1206,25
405,73	1175,53
405,94	1220,59
406,15	1198,06
406,35	1130,48
406,56	1122,29
406,77	1150,96
406,98	1169,39
407,18	1161,20
407,39	1200,11
407,60	1167,34
407,80	1140,72
408,01	1189,87
408,22	1116,14
408,43	1200,11
408,63	1165,29
408,84	1212,40
409,05	1253,36
409,25	1114,10
409,46	1241,07
409,67	1157,10
409,88	1234,93
410,08	1196,01
410,29	1175,53
410,50	1171,44
410,70	1226,73
410,91	1198,06
411,12	1189,87
411,32	1179,63
411,53	1208,30
411,74	1155,05
411,95	1142,77
412,15	1173,49
412,36	1161,20
412,57	1210,35
412,77	1148,91
412,98	1183,73
413,19	1181,68
413,39	1212,40
413,60	1198,06
413,81	1239,02
414,01	1183,73
414,22	1196,01
414,43	1130,48
414,63	1171,44
414,84	1222,64
415,05	1134,57
415,25	1138,67
415,46	1155,05
415,67	1159,15
415,87	1144,81
416,08	1159,15
416,29	1179,63
416,49	1202,16
416,70	1116,14
416,91	1177,58
417,11	1142,77
417,32	1189,87
417,53	1130,48
417,73	1232,88
417,94	1247,21
418,15	1134,57
418,35	1183,73
418,56	1191,92
418,77	1212,40
418,97	1155,05
419,18	1107,95
419,38	1226,73
419,59	1161,20
419,80	1175,53
420,00	1267,69
420,21	1148,91
420,42	1110,00
420,62	1187,82
420,83	1208,30
421,04	1193,97
421,24	1138,67
421,45	1208,30
421,65	1267,69
421,86	1193,97
422,07	1187,82
422,27	1146,86
422,48	1144,81
422,69	1193,97
422,89	1173,49
423,10	1196,01
423,30	1144,81
423,51	1138,67
423,72	1161,20
423,92	1187,82
424,13	1153,01
424,33	1114,10
424,54	1173,49
424,75	1136,62
424,95	1183,73
425,16	1193,97
425,36	1167,34
425,57	1187,82
425,78	1196,01
425,98	1161,20
426,19	1224,69
426,39	1210,35
426,60	1173,49
426,81	1181,68
427,01	1161,20
427,22	1175,53
427,42	1179,63
427,63	1142,77
427,83	1130,48
428,04	1179,63
428,25	1177,58
428,45	1222,64
428,66	1179,63
428,86	1232,88
429,07	1144,81
429,28	1204,21
429,48	1157,10
429,69	1134,57
429,89	1075,18
430,10	1226,73
430,30	1206,25
430,51	1251,31
430,71	1167,34
430,92	1155,05
431,13	1236,97
431,33	1124,33
431,54	1138,67
431,74	1239,02
431,95	1120,24
432,15	1216,49
432,36	1105,90
432,56	1220,59
432,77	1167,34
432,98	1189,87
433,18	1148,91
433,39	1239,02
433,59	1179,63
433,80	1169,39
434,00	1204,21
434,21	1153,01
434,41	1218,54
434,62	1159,15
434,82	1140,72
435,03	1130,48
435,23	1159,15
435,44	1130,48
435,64	1253,36
435,85	1171,44
436,06	1116,14
436,26	1159,15
436,47	1220,59
436,67	1198,06
436,88	1155,05
437,08	1191,92
437,29	1165,29
437,49	1138,67
437,70	1171,44
437,90	1153,01
438,11	1150,96
438,31	1216,49
438,52	1157,10
438,72	1144,81
438,93	1234,93
439,13	1183,73
439,34	1153,01
439,54	1179,63
439,75	1257,45
439,95	1212,40
440,16	1097,71
440,36	1140,72
440,57	1191,92
440,77	1185,77
440,98	1169,39
441,18	1196,01
441,39	1118,19
441,59	1167,34
441,80	1153,01
442,00	1171,44
442,21	1191,92
442,41	1177,58
442,62	1187,82
442,82	1179,63
443,02	1171,44
443,23	1208,30
443,43	1126,38
443,64	1163,25
443,84	1153,01
444,05	1103,86
444,25	1097,71
444,46	1165,29
444,66	1208,30
444,87	1210,35
445,07	1173,49
445,28	1155,05
445,48	1196,01
445,69	1210,35
445,89	1122,29
446,09	1198,06
446,30	1112,05
446,50	1179,63
446,71	1183,73
446,91	1218,54
447,12	1200,11
447,32	1243,12
447,53	1189,87
447,73	1153,01
447,93	1189,87
448,14	1089,52
448,34	1187,82
448,55	1157,10
448,75	1130,48
448,96	1183,73
449,16	1183,73
449,36	1232,88
449,57	1181,68
449,77	1200,11
449,98	1288,17
450,18	1163,25
450,39	1212,40
450,59	1163,25
450,79	1185,77
451,00	1146,86
451,20	1138,67
451,41	1185,77
451,61	1167,34
451,81	1196,01
452,02	1132,53
452,22	1208,30
452,43	1144,81
452,63	1157,10
452,84	1103,86
453,04	1140,72
453,24	1200,11
453,45	1153,01
453,65	1183,73
453,86	1116,14
454,06	1163,25
454,26	1196,01
454,47	1138,67
454,67	1216,49
454,87	1112,05
455,08	1210,35
455,28	1198,06
455,49	1204,21
455,69	1163,25
455,89	1150,96
456,10	1177,58
456,30	1212,40
456,51	1212,40
456,71	1167,34
456,91	1163,25
457,12	1198,06
457,32	1093,62
457,52	1159,15
457,73	1144,81
457,93	1159,15
458,14	1179,63
458,34	1122,29
458,54	1216,49
458,75	1146,86
458,95	1099,76
459,15	1253,36
459,36	1169,39
459,56	1187,82
459,76	1126,38
459,97	1236,97
460,17	1196,01
460,37	1167,34
460,58	1196,01
460,78	1124,33
460,99	1183,73
461,19	1232,88
461,39	1193,97
461,60	1175,53
461,80	1210,35
462,00	1159,15
462,21	1116,14
462,41	1216,49
462,61	1142,77
462,82	1212,40
463,02	1198,06
463,22	1191,92
463,43	1208,30
463,63	1175,53
463,83	1185,77
464,04	1222,64
464,24	1193,97
464,44	1241,07
464,64	1165,29
464,85	1249,26
465,05	1189,87
465,25	1060,85
465,46	1187,82
465,66	1193,97
465,86	1122,29
466,07	1173,49
466,27	1132,53
466,47	1148,91
466,68	1171,44
466,88	1181,68
467,08	1130,48
467,29	1159,15
467,49	1218,54
467,69	1216,49
467,89	1159,15
468,10	1165,29
468,30	1130,48
468,50	1218,54
468,71	1163,25
468,91	1185,77
469,11	1159,15
469,31	1159,15
469,52	1191,92
469,72	1191,92
469,92	1134,57
470,13	1191,92
470,33	1161,20
470,53	1171,44
470,73	1171,44
470,94	1183,73
471,14	1142,77
471,34	1177,58
471,54	1159,15
471,75	1159,15
471,95	1159,15
472,15	1175,53
472,36	1153,01
472,56	1228,78
472,76	1142,77
472,96	1232,88
473,17	1140,72
473,37	1224,69
473,57	1126,38
473,77	1185,77
473,98	1210,35
474,18	1144,81
474,38	1212,40
474,58	1103,86
474,79	1095,66
474,99	1142,77
475,19	1148,91
475,39	1118,19
475,60	1114,10
475,80	1206,25
476,00	1171,44
476,20	1210,35
476,41	1148,91
476,61	1183,73
476,81	1183,73
477,01	1181,68
477,21	1159,15
477,42	1165,29
477,62	1193,97
477,82	1200,11
478,02	1239,02
478,23	1116,14
478,43	1196,01
478,63	1150,96
478,83	1163,25
479,03	1228,78
479,24	1157,10
479,44	1134,57
479,64	1144,81
479,84	1200,11
480,04	1171,44
480,25	1193,97
480,45	1155,05
480,65	1224,69
480,85	1202,16
481,06	1224,69
481,26	1142,77
481,46	1193,97
481,66	1165,29
481,86	1101,81
482,06	1165,29
482,27	1159,15
482,47	1228,78
482,67	1126,38
482,87	1144,81
483,07	1187,82
483,28	1132,53
483,48	1150,96
483,68	1101,81
483,88	1185,77
484,08	1148,91
484,29	1210,35
484,49	1148,91
484,69	1101,81
484,89	1171,44
485,09	1150,96
485,29	1177,58
485,50	1253,36
485,70	1124,33
485,90	1157,10
486,10	1200,11
486,30	1179,63
486,50	1163,25
486,71	1167,34
486,91	1279,98
487,11	1150,96
487,31	1159,15
487,51	1204,21
487,71	1193,97
487,91	1191,92
488,12	1212,40
488,32	1171,44
488,52	1187,82
488,72	1138,67
488,92	1120,24
489,12	1234,93
489,32	1173,49
489,53	1230,83
489,73	1167,34
489,93	1138,67
490,13	1198,06
490,33	1144,81
490,53	1179,63
490,73	1200,11
490,94	1175,53
491,14	1204,21
491,34	1167,34
491,54	1130,48
491,74	1191,92
491,94	1251,31
492,14	1193,97
492,34	1142,77
492,54	1136,62
492,75	1173,49
492,95	1161,20
493,15	1124,33
493,35	1185,77
493,55	1179,63
493,75	1193,97
493,95	1179,63
494,15	1146,86
494,35	1222,64
494,56	1236,97
494,76	1181,68
494,96	1142,77
495,16	1206,25
495,36	1128,43
495,56	1165,29
495,76	1171,44
495,96	1130,48
496,16	1224,69
496,36	1175,53
496,56	1163,25
496,77	1181,68
496,97	1187,82
497,17	1261,55
497,37	1120,24
497,57	1142,77
497,77	1107,95
497,97	1224,69
498,17	1079,28
498,37	1222,64
498,57	1173,49
498,77	1150,96
498,97	1126,38
499,17	1138,67
499,38	1187,82
499,58	1200,11
499,78	1191,92
499,98	1101,81
500,18	1148,91
500,38	1265,64
500,58	1226,73
500,78	1159,15
500,98	1095,66
501,18	1134,57
501,38	1218,54
501,58	1202,16
501,78	1126,38
501,98	1181,68
502,18	1277,93
502,38	1171,44
502,58	1212,40
502,78	1081,33
502,98	1265,64
503,18	1159,15
503,38	1163,25
503,59	1181,68
503,79	1220,59
503,99	1130,48
504,19	1189,87
504,39	1126,38
504,59	1204,21
504,79	1245,16
504,99	1196,01
505,19	1144,81
505,39	1224,69
505,59	1187,82
505,79	1144,81
505,99	1148,91
506,19	1204,21
506,39	1167,34
506,59	1132,53
506,79	1173,49
506,99	1132,53
507,19	1243,12
507,39	1273,84
507,59	1187,82
507,79	1140,72
507,99	1150,96
508,19	1144,81
508,39	1210,35
508,59	1132,53
508,79	1210,35
508,99	1179,63
509,19	1253,36
509,39	1171,44
509,59	1130,48
509,79	1153,01
509,99	1146,86
510,19	1150,96
510,39	1130,48
510,59	1232,88
510,79	1140,72
510,99	1206,25
511,19	1126,38
511,39	1177,58
511,59	1130,48
511,79	1150,96
511,99	1175,53
512,19	1216,49
512,38	1101,81
512,58	1134,57
512,78	1218,54
512,98	1191,92
513,18	1200,11
513,38	1177,58
513,58	1191,92
513,78	1126,38
513,98	1236,97
514,18	1263,60
514,38	1138,67
514,58	1116,14
514,78	1161,20
514,98	1136,62
515,18	1175,53
515,38	1222,64
515,58	1138,67
515,78	1177,58
515,98	1189,87
516,18	1204,21
516,38	1157,10
516,57	1275,88
516,77	1165,29
516,97	1110,00
517,17	1150,96
517,37	1163,25
517,57	1249,26
517,77	1142,77
517,97	1175,53
518,17	1208,30
518,37	1226,73
518,57	1181,68
518,77	1202,16
518,97	1122,29
519,16	1202,16
519,36	1206,25
519,56	1167,34
519,76	1200,11
519,96	1191,92
520,16	1138,67
520,36	1198,06
520,56	1177,58
520,76	1163,25
520,96	1212,40
521,16	1153,01
521,35	1153,01
521,55	1183,73
521,75	1138,67
521,95	1187,82
522,15	1169,39
522,35	1138,67
522,55	1167,34
522,75	1148,91
522,95	1183,73
523,14	1187,82
523,34	1208,30
523,54	1126,38
523,74	1169,39
523,94	1241,07
524,14	1191,92
524,34	1148,91
524,54	1112,05
524,73	1173,49
524,93	1236,97
525,13	1171,44
525,33	1159,15
525,53	1155,05
525,73	1136,62
525,93	1142,77
526,13	1167,34
526,32	1175,53
526,52	1220,59
526,72	1142,77
526,92	1183,73
527,12	1165,29
527,32	1116,14
527,52	1159,15
527,71	1097,71
527,91	1224,69
528,11	1214,45
528,31	1132,53
528,51	1177,58
528,71	1189,87
528,90	1220,59
529,10	1253,36
529,30	1177,58
529,50	1165,29
529,70	1167,34
529,90	1159,15
530,09	1183,73
530,29	1122,29
530,49	1134,57
530,69	1224,69
530,89	1257,45
531,09	1206,25
531,28	1167,34
531,48	1191,92
531,68	1128,43
531,88	1228,78
532,08	1290,22
532,28	1099,76
532,47	1204,21
532,67	1204,21
532,87	1214,45
533,07	1228,78
533,27	1204,21
533,46	1214,45
533,66	1200,11
533,86	1146,86
534,06	1140,72
534,26	1167,34
534,45	1236,97
534,65	1159,15
534,85	1198,06
535,05	1189,87
535,25	1191,92
535,44	1120,24
535,64	1083,38
535,84	1091,57
536,04	1153,01
536,24	1232,88
536,43	1179,63
536,63	1165,29
536,83	1202,16
537,03	1159,15
537,22	1136,62
537,42	1163,25
537,62	1146,86
537,82	1179,63
538,02	1146,86
538,21	1200,11
538,41	1226,73
538,61	1171,44
538,81	1198,06
539,00	1179,63
539,20	1138,67
539,40	1210,35
539,60	1234,93
539,79	1173,49
539,99	1185,77
540,19	1173,49
540,39	1163,25
540,58	1134,57
540,78	1157,10
540,98	1171,44
541,18	1122,29
541,37	1073,14
541,57	1097,71
541,77	1179,63
541,97	1241,07
542,16	1167,34
542,36	1253,36
542,56	1185,77
542,76	1234,93
542,95	1157,10
543,15	1167,34
543,35	1181,68
543,54	1126,38
543,74	1185,77
543,94	1218,54
544,14	1204,21
544,33	1206,25
544,53	1175,53
544,73	1136,62
544,93	1183,73
545,12	1118,19
545,32	1198,06
545,52	1206,25
545,71	1198,06
545,91	1150,96
546,11	1187,82
546,30	1140,72
546,50	1132,53
546,70	1185,77
546,90	1157,10
547,09	1189,87
547,29	1183,73
547,49	1171,44
547,68	1155,05
547,88	1179,63
548,08	1241,07
548,27	1271,79
548,47	1193,97
548,67	1171,44
548,87	1200,11
549,06	1122,29
549,26	1155,05
549,46	1212,40
549,65	1140,72
549,85	1212,40
550,05	1150,96
550,24	1275,88
550,44	1210,35
550,64	1144,81
550,83	1208,30
551,03	1148,91
551,23	1155,05
551,42	1214,45
551,62	1206,25
551,82	1198,06
552,01	1140,72
552,21	1148,91
552,41	1132,53
552,60	1138,67
552,80	1236,97
553,00	1165,29
553,19	1181,68
553,39	1150,96
553,59	1208,30
553,78	1181,68
553,98	1150,96
554,17	1200,11
554,37	1153,01
554,57	1101,81
554,76	1167,34
554,96	1232,88
555,16	1183,73
555,35	1155,05
555,55	1118,19
555,75	1153,01
555,94	1253,36
556,14	1191,92
556,33	1222,64
556,53	1144,81
556,73	1228,78
556,92	1179,63
557,12	1177,58
557,32	1130,48
557,51	1146,86
557,71	1110,00
557,90	1124,33
558,10	1183,73
558,30	1239,02
558,49	1181,68
558,69	1134,57
558,88	1136,62
559,08	1150,96
559,28	1216,49
559,47	1236,97
559,67	1200,11
559,86	1214,45
560,06	1140,72
560,26	1118,19
560,45	1191,92
560,65	1112,05
560,84	1118,19
561,04	1183,73
561,24	1200,11
561,43	1140,72
561,63	1204,21
561,82	1165,29
562,02	1216,49
562,22	1243,12
562,41	1146,86
562,61	1185,77
562,80	1138,67
563,00	1116,14
563,19	1138,67
563,39	1179,63
563,59	1081,33
563,78	1132,53
563,98	1118,19
564,17	1232,88
564,37	1198,06
564,56	1159,15
564,76	1267,69
564,96	1200,11
565,15	1159,15
565,35	1181,68
565,54	1202,16
565,74	1202,16
565,93	1212,40
566,13	1142,77
566,32	1177,58
566,52	1130,48
566,71	1110,00
566,91	1150,96
567,11	1212,40
567,30	1159,15
567,50	1146,86
567,69	1107,95
567,89	1220,59
568,08	1214,45
568,28	1142,77
568,47	1198,06
568,67	1230,83
568,86	1126,38
569,06	1191,92
569,25	1148,91
569,45	1140,72
569,64	1181,68
569,84	1183,73
570,04	1247,21
570,23	1220,59
570,43	1226,73
570,62	1110,00
570,82	1134,57
571,01	1206,25
571,21	1173,49
571,40	1130,48
571,60	1175,53
571,79	1183,73
571,99	1165,29
572,18	1216,49
572,38	1148,91
572,57	1163,25
572,77	1175,53
572,96	1183,73
573,16	1191,92
573,35	1138,67
573,55	1181,68
573,74	1155,05
573,94	1138,67
574,13	1228,78
574,33	1130,48
574,52	1193,97
574,71	1191,92
574,91	1239,02
575,10	1210,35
575,30	1181,68
575,49	1134,57
575,69	1200,11
575,88	1128,43
576,08	1173,49
576,27	1226,73
576,47	1126,38
576,66	1290,22
576,86	1220,59
577,05	1183,73
577,25	1189,87
577,44	1171,44
577,64	1177,58
577,83	1148,91
578,02	1134,57
578,22	1165,29
578,41	1146,86
578,61	1132,53
578,80	1191,92
579,00	1251,31
579,19	1126,38
579,39	1171,44
579,58	1212,40
579,77	1216,49
579,97	1099,76
580,16	1200,11
580,36	1169,39
580,55	1148,91
580,75	1132,53
580,94	1249,26
581,13	1144,81
581,33	1208,30
581,52	1191,92
581,72	1169,39
581,91	1206,25
582,11	1171,44
582,30	1187,82
582,49	1175,53
582,69	1155,05
582,88	1157,10
583,08	1183,73
583,27	1226,73
583,47	1159,15
583,66	1155,05
583,85	1210,35
584,05	1169,39
584,24	1159,15
584,44	1189,87
584,63	1189,87
584,82	1153,01
585,02	1169,39
585,21	1200,11
585,41	1216,49
585,60	1161,20
585,79	1189,87
585,99	1161,20
586,18	1118,19
586,37	1142,77
586,57	1214,45
586,76	1183,73
586,96	1204,21
587,15	1179,63
587,34	1191,92
587,54	1175,53
587,73	1210,35
587,93	1230,83
588,12	1193,97
588,31	1169,39
588,51	1112,05
588,70	1169,39
588,89	1191,92
589,09	1247,21
589,28	1257,45
589,47	1183,73
589,67	1214,45
589,86	1177,58
590,06	1099,76
590,25	1173,49
590,44	1081,33
590,64	1185,77
590,83	1130,48
591,02	1163,25
591,22	1157,10
591,41	1202,16
591,60	1140,72
591,80	1204,21
591,99	1236,97
592,18	1173,49
592,38	1232,88
592,57	1198,06
592,76	1193,97
592,96	1222,64
593,15	1095,66
593,34	1148,91
593,54	1134,57
593,73	1110,00
593,92	1140,72
594,12	1148,91
594,31	1134,57
594,50	1222,64
594,70	1155,05
594,89	1282,03
595,08	1167,34
595,28	1181,68
595,47	1236,97
595,66	1179,63
595,86	1191,92
596,05	1144,81
596,24	1087,47
596,43	1189,87
596,63	1183,73
596,82	1161,20
597,01	1171,44
597,21	1208,30
597,40	1185,77
597,59	1134,57
597,79	1196,01
597,98	1161,20
598,17	1126,38
598,36	1116,14
598,56	1118,19
598,75	1187,82
598,94	1177,58
599,14	1126,38
599,33	1103,86
599,52	1230,83
599,71	1179,63
599,91	1226,73
600,10	1103,86
600,29	1230,83
600,48	1091,57
600,68	1187,82
600,87	1191,92
601,06	1189,87
601,26	1187,82
601,45	1146,86
601,64	1196,01
601,83	1110,00
602,03	1116,14
602,22	1187,82
602,41	1138,67
602,60	1132,53
602,80	1220,59
602,99	1183,73
603,18	1187,82
603,37	1116,14
603,57	1189,87
603,76	1167,34
603,95	1159,15
604,14	1249,26
604,34	1193,97
604,53	1159,15
604,72	1241,07
604,91	1191,92
605,10	1185,77
605,30	1148,91
605,49	1239,02
605,68	1198,06
605,87	1144,81
606,07	1208,30
606,26	1177,58
606,45	1189,87
606,64	1210,35
606,84	1206,25
607,03	1200,11
607,22	1212,40
607,41	1196,01
607,60	1144,81
607,80	1234,93
607,99	1153,01
608,18	1169,39
608,37	1159,15
608,56	1073,14
608,76	1165,29
608,95	1187,82
609,14	1175,53
609,33	1091,57
609,52	1212,40
609,72	1208,30
609,91	1148,91
610,10	1234,93
610,29	1085,42
610,48	1298,41
610,68	1191,92
610,87	1167,34
611,06	1165,29
611,25	1161,20
611,44	1191,92
611,63	1245,16
611,83	1110,00
612,02	1196,01
612,21	1222,64
612,40	1144,81
612,59	1181,68
612,79	1161,20
612,98	1177,58
613,17	1126,38
613,36	1183,73
613,55	1169,39
613,74	1134,57
613,93	1202,16
614,13	1206,25
614,32	1140,72
614,51	1198,06
614,70	1179,63
614,89	1169,39
615,08	1124,33
615,28	1169,39
615,47	1202,16
615,66	1196,01
615,85	1142,77
616,04	1204,21
616,23	1220,59
616,42	1282,03
616,62	1222,64
616,81	1261,55
617,00	1208,30
617,19	1191,92
617,38	1163,25
617,57	1161,20
617,76	1236,97
617,95	1187,82
618,15	1153,01
618,34	1142,77
618,53	1257,45
618,72	1249,26
618,91	1171,44
619,10	1150,96
619,29	1179,63
619,48	1179,63
619,68	1142,77
619,87	1153,01
620,06	1183,73
620,25	1222,64
620,44	1161,20
620,63	1198,06
620,82	1165,29
621,01	1198,06
621,20	1191,92
621,39	1155,05
621,59	1200,11
621,78	1157,10
621,97	1144,81
622,16	1185,77
622,35	1161,20
622,54	1159,15
622,73	1183,73
622,92	1167,34
623,11	1155,05
623,30	1228,78
623,49	1187,82
623,68	1198,06
623,88	1214,45
624,07	1087,47
624,26	1196,01
624,45	1255,40
624,64	1157,10
624,83	1206,25
625,02	1202,16
625,21	1187,82
625,40	1103,86
625,59	1175,53
625,78	1126,38
625,97	1196,01
626,16	1155,05
626,35	1179,63
626,54	1171,44
626,74	1155,05
626,93	1167,34
627,12	1236,97
627,31	1269,74
627,50	1167,34
627,69	1212,40
627,88	1118,19
628,07	1134,57
628,26	1208,30
628,45	1255,40
628,64	1300,46
628,83	1196,01
629,02	1234,93
629,21	1218,54
629,40	1167,34
629,59	1269,74
629,78	1146,86
629,97	1245,16
630,16	1132,53
630,35	1165,29
630,54	1257,45
630,73	1155,05
630,92	1212,40
631,11	1220,59
631,30	1282,03
631,49	1484,78
631,68	1914,85
631,87	3942,34
632,06	16195,34
632,25	47570,22
632,44	61221,98
632,63	63681,59
632,82	41143,69
633,01	20135,63
633,20	5916,58
633,39	5986,21
633,58	2895,83
633,77	2146,27
633,96	1787,88
634,15	1517,54
634,34	1497,07
634,53	1466,35
634,72	1511,40
634,91	1413,10
635,10	1261,55
635,29	1341,42
635,48	1261,55
635,67	1261,55
635,86	1171,44
636,05	1196,01
636,24	1261,55
636,43	1200,11
636,62	1167,34
636,81	1228,78
637,00	1112,05
637,19	1206,25
637,38	1224,69
637,57	1247,21
637,76	1183,73
637,95	1157,10
638,14	1175,53
638,33	1181,68
638,52	1140,72
638,71	1159,15
638,89	1216,49
639,08	1138,67
639,27	1157,10
639,46	1179,63
639,65	1257,45
639,84	1198,06
640,03	1155,05
640,22	1187,82
640,41	1202,16
640,60	1155,05
640,79	1138,67
640,98	1183,73
641,17	1241,07
641,36	1153,01
641,55	1202,16
641,74	1191,92
641,92	1200,11
642,11	1159,15
642,30	1132,53
642,49	1218,54
642,68	1204,21
642,87	1163,25
643,06	1222,64
643,25	1177,58
643,44	1208,30
643,63	1136,62
643,82	1148,91
644,00	1204,21
644,19	1150,96
644,38	1306,60
644,57	1193,97
644,76	1155,05
644,95	1167,34
645,14	1130,48
645,33	1232,88
645,52	1228,78
645,71	1126,38
645,89	1198,06
646,08	1105,90
646,27	1177,58
646,46	1204,21
646,65	1103,86
646,84	1134,57
647,03	1196,01
647,22	1148,91
647,40	1214,45
647,59	1249,26
647,78	1146,86
647,97	1144,81
648,16	1126,38
648,35	1118,19
648,54	1179,63
648,73	1206,25
648,91	1110,00
649,10	1157,10
649,29	1124,33
649,48	1191,92
649,67	1224,69
649,86	1161,20
650,05	1193,97
650,23	1224,69
650,42	1243,12
650,61	1134,57
650,80	1220,59
650,99	1124,33
651,18	1150,96
651,36	1157,10
651,55	1157,10
651,74	1230,83
651,93	1161,20
652,12	1177,58
652,31	1132,53
652,49	1183,73
652,68	1146,86
652,87	1191,92
653,06	1118,19
653,25	1155,05
653,44	1099,76
653,62	1159,15
653,81	1128,43
654,00	1234,93
654,19	1171,44
654,38	1114,10
654,56	1220,59
654,75	1189,87
654,94	1146,86
655,13	1107,95
655,32	1155,05
655,51	1140,72
655,69	1138,67
655,88	1206,25
656,07	1169,39
656,26	1167,34
656,45	1206,25
656,63	1196,01
656,82	1153,01
657,01	1208,30
657,20	1175,53
657,38	1167,34
657,57	1150,96
657,76	1138,67
657,95	1171,44
658,14	1138,67
658,32	1163,25
658,51	1101,81
658,70	1181,68
658,89	1124,33
659,08	1222,64
659,26	1146,86
659,45	1167,34
659,64	1196,01
659,83	1251,31
660,01	1214,45
660,20	1132,53
660,39	1148,91
660,58	1163,25
660,76	1259,50
660,95	1120,24
661,14	1204,21
661,33	1161,20
661,51	1218,54
661,70	1153,01
661,89	1150,96
662,08	1236,97
662,26	1279,98
662,45	1177,58
662,64	1187,82
662,83	1159,15
663,01	1214,45
663,20	1153,01
663,39	1134,57
663,58	1114,10
663,76	1114,10
663,95	1163,25
664,14	1173,49
664,32	1163,25
664,51	1196,01
664,70	1177,58
664,89	1282,03
665,07	1161,20
665,26	1144,81
665,45	1132,53
665,64	1167,34
665,82	1214,45
666,01	1183,73
666,20	1189,87
666,38	1173,49
666,57	1216,49
666,76	1179,63
666,95	1204,21
667,13	1212,40
667,32	1140,72
667,51	1175,53
667,69	1193,97
667,88	1210,35
668,07	1232,88
668,25	1179,63
668,44	1175,53
668,63	1208,30
668,81	1253,36
669,00	1173,49
669,19	1220,59
669,38	1198,06
669,56	1128,43
669,75	1161,20
669,94	1165,29
670,12	1146,86
670,31	1142,77
670,50	1134,57
670,68	1200,11
670,87	1189,87
671,06	1175,53
671,24	1146,86
671,43	1177,58
671,62	1253,36
671,80	1169,39
671,99	1163,25
672,18	1159,15
672,36	1124,33
672,55	1155,05
672,74	1187,82
672,92	1153,01
673,11	1142,77
673,29	1118,19
673,48	1189,87
673,67	1175,53
673,85	1216,49
674,04	1161,20
674,23	1181,68
674,41	1114,10
674,60	1234,93
674,79	1228,78
674,97	1187,82
675,16	1155,05
675,34	1150,96
675,53	1177,58
675,72	1179,63
675,90	1163,25
676,09	1112,05
676,28	1118,19
676,46	1155,05
676,65	1224,69
676,83	1165,29
677,02	1161,20
677,21	1181,68
677,39	1185,77
677,58	1198,06
677,77	1204,21
677,95	1159,15
678,14	1148,91
678,32	1171,44
678,51	1173,49
678,70	1208,30
678,88	1136,62
679,07	1142,77
679,25	1189,87
679,44	1230,83
679,63	1204,21
679,81	1202,16
680,00	1134,57
680,18	1198,06
680,37	1196,01
680,55	1228,78
680,74	1161,20
680,93	1124,33
681,11	1206,25
681,30	1251,31
681,48	1224,69
681,67	1157,10
681,85	1120,24
682,04	1196,01
682,23	1179,63
682,41	1153,01
682,60	1171,44
682,78	1155,05
682,97	1173,49
683,15	1247,21
683,34	1202,16
683,53	1277,93
683,71	1179,63
683,90	1171,44
684,08	1157,10
684,27	1091,57
684,45	1165,29
684,64	1114,10
684,82	1196,01
685,01	1177,58
685,19	1175,53
685,38	1124,33
685,57	1187,82
685,75	1134,57
685,94	1224,69
686,12	1200,11
686,31	1142,77
686,49	1175,53
686,68	1167,34
686,86	1128,43
687,05	1163,25
687,23	1175,53
687,42	1193,97
687,60	1239,02
687,79	1159,15
687,97	1157,10
688,16	1187,82
688,34	1167,34
688,53	1179,63
688,71	1134,57
688,90	1126,38
689,08	1134,57
689,27	1243,12
689,45	1140,72
689,64	1103,86
689,82	1210,35
690,01	1118,19
690,19	1212,40
690,38	1136,62
690,56	1191,92
690,75	1146,86
690,93	1050,61
691,12	1171,44
691,30	1136,62
691,49	1185,77
691,67	1206,25
691,86	1177,58
692,04	1218,54
692,23	1220,59
692,41	1181,68
692,60	1212,40
692,78	1185,77
692,97	1114,10
693,15	1241,07
693,34	1144,81
693,52	1191,92
693,71	1159,15
693,89	1208,30
694,08	1134,57
694,26	1134,57
694,44	1171,44
694,63	1208,30
694,81	1173,49
695,00	1173,49
695,18	1138,67
695,37	1228,78
695,55	1118,19
695,74	1153,01
695,92	1239,02
696,10	1189,87
696,29	1212,40
696,47	1185,77
696,66	1210,35
696,84	1196,01
697,03	1122,29
697,21	1159,15
697,40	1163,25
697,58	1181,68
697,76	1251,31
697,95	1216,49
698,13	1183,73
698,32	1173,49
698,50	1142,77
698,68	1259,50
698,87	1163,25
699,05	1189,87
699,24	1167,34
699,42	1191,92
699,61	1140,72
699,79	1218,54
699,97	1169,39
700,16	1159,15
700,34	1167,34
700,53	1189,87
700,71	1161,20
700,89	1110,00
701,08	1171,44
701,26	1126,38
701,45	1202,16
701,63	1183,73
701,81	1257,45
702,00	1177,58
702,18	1112,05
702,37	1169,39
702,55	1212,40
702,73	1212,40
702,92	1167,34
703,10	1200,11
703,28	1175,53
703,47	1185,77
703,65	1189,87
703,84	1193,97
704,02	1091,57
704,20	1165,29
704,39	1146,86
704,57	1214,45
704,75	1220,59
704,94	1150,96
705,12	1216,49
705,30	1212,40
705,49	1222,64
705,67	1155,05
705,86	1130,48
706,04	1198,06
706,22	1175,53
706,41	1263,60
706,59	1103,86
706,77	1157,10
706,96	1204,21
707,14	1093,62
707,32	1200,11
707,51	1155,05
707,69	1261,55
707,87	1183,73
708,06	1103,86
708,24	1171,44
708,42	1222,64
708,61	1122,29
708,79	1163,25
708,97	1157,10
709,16	1169,39
709,34	1161,20
709,52	1169,39
709,71	1185,77
709,89	1204,21
710,07	1208,30
710,26	1204,21
710,44	1138,67
710,62	1107,95
710,80	1171,44
710,99	1155,05
711,17	1212,40
711,35	1138,67
711,54	1173,49
711,72	1153,01
711,90	1112,05
712,09	1271,79
712,27	1189,87
712,45	1200,11
712,63	1097,71
712,82	1159,15
713,00	1185,77
713,18	1185,77
713,37	1107,95
713,55	1087,47
713,73	1214,45
713,91	1179,63
714,10	1144,81
714,28	1138,67
714,46	1187,82
714,65	1173,49
714,83	1128,43
715,01	1193,97
715,19	1142,77
715,38	1204,21
715,56	1134,57
715,74	1155,05
715,92	1218,54
716,11	1171,44
716,29	1171,44
716,47	1175,53
716,65	1196,01
716,84	1193,97
717,02	1249,26
717,20	1218,54
717,38	1253,36
717,57	1193,97
717,75	1282,03
717,93	1159,15
718,11	1155,05
718,30	1185,77
718,48	1171,44
718,66	1107,95
718,84	1122,29
719,03	1251,31
719,21	1177,58
719,39	1181,68
719,57	1097,71
719,75	1138,67
719,94	1208,30
720,12	1165,29
720,30	1132,53
720,48	1214,45
720,67	1200,11
720,85	1134,57
721,03	1245,16
721,21	1202,16
721,39	1132,53
721,58	1181,68
721,76	1216,49
721,94	1173,49
722,12	1159,15
722,30	1171,44
722,49	1200,11
722,67	1114,10
722,85	1185,77
723,03	1099,76
723,21	1173,49
723,40	1214,45
723,58	1171,44
723,76	1216,49
723,94	1214,45
724,12	1171,44
724,30	1181,68
724,49	1173,49
724,67	1181,68
724,85	1124,33
725,03	1097,71
725,21	1171,44
725,40	1214,45
725,58	1146,86
725,76	1165,29
725,94	1206,25
726,12	1230,83
726,30	1120,24
726,49	1165,29
726,67	1202,16
726,85	1179,63
727,03	1187,82
727,21	1251,31
727,39	1204,21
727,57	1183,73
727,76	1198,06
727,94	1069,04
728,12	1245,16
728,30	1228,78
728,48	1126,38
728,66	1198,06
728,84	1175,53
729,03	1150,96
729,21	1150,96
729,39	1142,77
729,57	1136,62
729,75	1161,20
729,93	1179,63
730,11	1234,93
730,30	1200,11
730,48	1099,76
730,66	1167,34
730,84	1142,77
731,02	1259,50
731,20	1171,44
731,38	1228,78
731,56	1208,30
731,74	1177,58
731,93	1187,82
732,11	1165,29
732,29	1208,30
732,47	1148,91
732,65	1187,82
732,83	1144,81
733,01	1159,15
733,19	1130,48
733,37	1112,05
733,56	1189,87
733,74	1243,12
733,92	1173,49
734,10	1167,34
734,28	1185,77
734,46	1161,20
734,64	1146,86
734,82	1216,49
735,00	1191,92
735,18	1175,53
735,36	1214,45
735,54	1214,45
735,73	1196,01
735,91	1110,00
736,09	1153,01
736,27	1153,01
736,45	1167,34
736,63	1165,29
736,81	1200,11
736,99	1136,62
737,17	1169,39
737,35	1204,21
737,53	1193,97
737,71	1200,11
737,89	1134,57
738,07	1142,77
738,25	1134,57
738,43	1200,11
738,61	1110,00
738,80	1208,30
738,98	1138,67
739,16	1181,68
739,34	1243,12
739,52	1191,92
739,70	1140,72
739,88	1150,96
740,06	1189,87
740,24	1171,44
740,42	1138,67
740,60	1118,19
740,78	1196,01
740,96	1226,73
741,14	1150,96
741,32	1214,45
741,50	1175,53
741,68	1157,10
741,86	1124,33
742,04	1144,81
742,22	1204,21
742,40	1196,01
742,58	1150,96
742,76	1187,82
742,94	1148,91
743,12	1210,35
743,30	1148,91
743,48	1118,19
743,66	1251,31
743,84	1191,92
744,02	1204,21
744,20	1196,01
744,38	1073,14
744,56	1214,45
744,74	1150,96
744,92	1206,25
745,10	1173,49
745,28	1173,49
745,46	1134,57
745,64	1212,40
745,82	1110,00
746,00	1200,11
746,18	1114,10
746,36	1140,72
746,54	1167,34
746,72	1095,66
746,90	1148,91
747,08	1187,82
747,26	1177,58
747,44	1157,10
747,62	1204,21
747,80	1202,16
747,98	1144,81
748,15	1165,29
748,33	1204,21
748,51	1155,05
748,69	1245,16
748,87	1181,68
749,05	1228,78
749,23	1159,15
749,41	1185,77
749,59	1159,15
749,77	1140,72
749,95	1183,73
750,13	1114,10
750,31	1200,11
750,49	1150,96
750,67	1167,34
750,85	1191,92
751,03	1138,67
751,20	1150,96
751,38	1193,97
751,56	1071,09
751,74	1142,77
751,92	1230,83
752,10	1126,38
752,28	1116,14
752,46	1171,44
752,64	1167,34
752,82	1249,26
753,00	1175,53
753,18	1191,92
753,35	1124,33
753,53	1232,88
753,71	1191,92
753,89	1161,20
754,07	1150,96
754,25	1189,87
754,43	1120,24
754,61	1255,40
754,79	1171,44
754,97	1216,49
755,14	1187,82
755,32	1173,49
755,50	1169,39
755,68	1183,73
755,86	1189,87
756,04	1097,71
756,22	1163,25
756,40	1210,35
756,57	1226,73
756,75	1155,05
756,93	1210,35
757,11	1165,29
757,29	1101,81
757,47	1208,30
757,65	1196,01
757,82	1167,34
758,00	1148,91
758,18	1110,00
758,36	1159,15
758,54	1191,92
758,72	1245,16
758,90	1200,11
759,07	1150,96
759,25	1175,53
759,43	1183,73
759,61	1146,86
759,79	1210,35
759,97	1169,39
760,15	1224,69
760,32	1107,95
760,50	1126,38
760,68	1175,53
760,86	1150,96
761,04	1173,49
761,22	1157,10
761,39	1212,40
761,57	1146,86
761,75	1171,44
761,93	1136,62
762,11	1167,34
762,28	1126,38
762,46	1134,57
762,64	1183,73
762,82	1191,92
763,00	1175,53
763,18	1193,97
763,35	1181,68
763,53	1193,97
763,71	1232,88
763,89	1230,83
764,07	1157,10
764,24	1189,87
764,42	1202,16
764,60	1161,20
764,78	1138,67
764,96	1206,25
765,13	1177,58
765,31	1204,21
765,49	1191,92
765,67	1122,29
765,84	1200,11
766,02	1138,67
766,20	1212,40
766,38	1204,21
766,56	1134,57
766,73	1226,73
766,91	1181,68
767,09	1167,34
767,27	1146,86
767,44	1142,77
767,62	1247,21
767,80	1181,68
767,98	1093,62
768,15	1148,91
768,33	1175,53
768,51	1116,14
768,69	1163,25
768,87	1112,05
769,04	1206,25
769,22	1148,91
769,40	1261,55
769,58	1169,39
769,75	1146,86
769,93	1157,10
770,11	1126,38
770,28	1128,43
770,46	1196,01
770,64	1241,07
770,82	1202,16
770,99	1122,29
771,17	1153,01
771,35	1140,72
771,53	1224,69
771,70	1157,10
771,88	1167,34
772,06	1134,57
772,23	1173,49
772,41	1232,88
772,59	1116,14
772,77	1159,15
772,94	1200,11
773,12	1185,77
773,30	1177,58
773,47	1134,57
773,65	1155,05
773,83	1177,58
774,01	1181,68
774,18	1224,69
774,36	1202,16
774,54	1177,58
774,71	1114,10
774,89	1181,68
775,07	1146,86
775,24	1142,77
775,42	1177,58
775,60	1179,63
775,78	1175,53
775,95	1232,88
776,13	1193,97
776,31	1249,26
776,48	1179,63
776,66	1163,25
776,84	1210,35
777,01	1134,57
777,19	1175,53
777,37	1216,49
777,54	1148,91
777,72	1138,67
777,90	1134,57
778,07	1208,30
778,25	1181,68
778,43	1208,30
778,60	1212,40
778,78	1159,15
778,96	1226,73
779,13	1181,68
779,31	1271,79
779,49	1169,39
779,66	1124,33
779,84	1193,97
780,01	1173,49
780,19	1214,45
780,37	1134,57
780,54	1220,59
780,72	1163,25
780,90	1159,15
781,07	1099,76
781,25	1216,49
781,43	1193,97
781,60	1230,83
781,78	1187,82
781,95	1167,34
782,13	1179,63
782,31	1153,01
782,48	1177,58
782,66	1157,10
782,83	1138,67
783,01	1134,57
783,19	1155,05
783,36	1198,06
783,54	1163,25
783,72	1171,44
783,89	1173,49
784,07	1177,58
784,24	1118,19
784,42	1200,11
784,60	1216,49
784,77	1216,49
784,95	1230,83
785,12	1146,86
785,30	1140,72
785,47	1138,67
785,65	1118,19
785,83	1116,14
786,00	1279,98
786,18	1275,88
786,35	1159,15
786,53	1189,87
786,71	1155,05
786,88	1183,73
787,06	1179,63
787,23	1189,87
787,41	1132,53
787,58	1132,53
787,76	1179,63
787,94	1189,87
788,11	1165,29
788,29	1173,49
788,46	1173,49
788,64	1196,01
788,81	1150,96
788,99	1165,29
789,16	1193,97
789,34	1226,73
789,52	1161,20
789,69	1200,11
789,87	1110,00
790,04	1144,81
790,22	1134,57
790,39	1157,10
790,57	1212,40
790,74	1212,40
790,92	1173,49
791,09	1118,19
791,27	1204,21
791,44	1130,48
791,62	1148,91
791,79	1132,53
791,97	1167,34
792,15	1136,62
792,32	1208,30
792,50	1120,24
792,67	1153,01
792,85	1132,53
793,02	1175,53
793,20	1144,81
793,37	1138,67
793,55	1140,72
793,72	1175,53
793,90	1140,72
794,07	1169,39
794,25	1204,21
794,42	1171,44
794,60	1206,25
794,77	1189,87
794,95	1212,40
795,12	1146,86
795,30	1224,69
795,47	1138,67
795,65	1173,49
795,82	1153,01
796,00	1157,10
796,17	1224,69
796,34	1189,87
796,52	1128,43
796,69	1204,21
796,87	1171,44
797,04	1134,57
797,22	1165,29
797,39	1232,88
797,57	1093,62
797,74	1200,11
797,92	1169,39
798,09	1163,25
798,27	1163,25
798,44	1142,77
798,62	1171,44
798,79	1196,01
798,96	1210,35
799,14	1159,15
799,31	1157,10
799,49	1206,25
799,66	1132,53
799,84	1189,87
800,01	1193,97
800,19	1193,97
800,36	1163,25
800,53	1167,34
800,71	1202,16
800,88	1155,05
801,06	1157,10
801,23	1224,69
801,41	1196,01
801,58	1239,02
801,75	1193,97
801,93	1146,86
802,10	1171,44
802,28	1167,34
802,45	1146,86
802,63	1144,81
802,80	1245,16
802,97	1142,77
803,15	1150,96
803,32	1142,77
803,50	1196,01
803,67	1177,58
803,84	1187,82
804,02	1175,53
804,19	1138,67
804,37	1181,68
804,54	1134,57
804,71	1157,10
804,89	1247,21
805,06	1230,83
805,24	1120,24
805,41	1183,73
805,58	1159,15
805,76	1202,16
805,93	1163,25
806,10	1148,91
806,28	1171,44
806,45	1118,19
806,63	1169,39
806,80	1204,21
806,97	1122,29
807,15	1173,49
807,32	1120,24
807,49	1220,59
807,67	1099,76
807,84	1224,69
808,01	1269,74
808,19	1148,91
808,36	1107,95
808,54	1161,20
808,71	1159,15
808,88	1126,38
809,06	1196,01
809,23	1116,14
809,40	1198,06
809,58	1142,77
809,75	1216,49
809,92	1134,57
810,10	1167,34
810,27	1173,49
810,44	1179,63
810,62	1155,05
810,79	1234,93
810,96	1140,72
811,14	1218,54
811,31	1202,16
811,48	1228,78
811,66	1159,15
811,83	1200,11
812,00	1206,25
812,18	1132,53
812,35	1183,73
812,52	1116,14
812,69	1204,21
812,87	1140,72
813,04	1173,49
813,21	1161,20
813,39	1069,04
813,56	1163,25
813,73	1163,25
813,91	1202,16
814,08	1232,88
814,25	1126,38
814,42	1157,10
814,60	1148,91
814,77	1165,29
814,94	1204,21
815,12	1206,25
815,29	1187,82
815,46	1181,68
815,63	1179,63
815,81	1189,87
815,98	1183,73
816,15	1193,97
816,33	1130,48
816,50	1146,86
816,67	1157,10
816,84	1245,16
817,02	1161,20
817,19	1173,49
817,36	1169,39
817,53	1163,25
817,71	1236,97
817,88	1093,62
818,05	1142,77
818,22	1177,58
818,40	1185,77
818,57	1212,40
818,74	1191,92
818,91	1177,58
819,09	1169,39
819,26	1177,58
819,43	1212,40
819,60	1161,20
819,78	1185,77
819,95	1259,50
820,12	1200,11
820,29	1179,63
820,47	1175,53
820,64	1187,82
820,81	1114,10
820,98	1165,29
821,15	1169,39
821,33	1122,29
821,50	1146,86
821,67	1185,77
821,84	1208,30
822,02	1183,73
822,19	1185,77
822,36	1187,82
822,53	1118,19
822,70	1169,39
822,88	1200,11
823,05	1191,92
823,22	1150,96
823,39	1146,86
823,56	1142,77
823,74	1142,77
823,91	1144,81
824,08	1175,53
824,25	1116,14
824,42	1200,11
824,60	1183,73
824,77	1153,01
824,94	1165,29
825,11	1214,45
825,28	1200,11
825,45	1220,59
825,63	1105,90
825,80	1171,44
825,97	1124,33
826,14	1116,14
826,31	1167,34
826,48	1241,07
826,66	1103,86
826,83	1142,77
827,00	1183,73
827,17	1218,54
827,34	1144,81
827,51	1101,81
827,69	1179,63
827,86	1206,25
828,03	1175,53
828,20	1185,77
828,37	1118,19
828,54	1159,15
828,71	1144,81
828,89	1212,40
829,06	1167,34
829,23	1193,97
829,40	1208,30
829,57	1234,93
829,74	1204,21
829,91	1150,96
830,09	1179,63
830,26	1204,21
830,43	1245,16
830,60	1210,35
830,77	1163,25
830,94	1169,39
831,11	1169,39
831,28	1210,35
831,46	1230,83
831,63	1140,72
831,80	1179,63
831,97	1208,30
832,14	1089,52
832,31	1183,73
832,48	1177,58
832,65	1175,53
832,82	1204,21
832,99	1159,15
833,17	1191,92
833,34	1134,57
833,51	1122,29
833,68	1140,72
833,85	1144,81
834,02	1153,01
834,19	1193,97
834,36	1181,68
834,53	1179,63
834,70	1185,77
834,87	1216,49
835,04	1191,92
835,22	1155,05
835,39	1167,34
835,56	1191,92
835,73	1142,77
835,90	1122,29
836,07	1220,59
836,24	1148,91
836,41	1140,72
836,58	1208,30
836,75	1126,38
836,92	1144,81
837,09	1120,24
837,26	1136,62
837,43	1187,82
837,60	1202,16
837,77	1189,87
837,94	1163,25
838,12	1175,53
838,29	1169,39
838,46	1144,81
838,63	1155,05
838,80	1216,49
838,97	1146,86
839,14	1148,91
839,31	1173,49
839,48	1134,57
839,65	1083,38
839,82	1122,29
839,99	1150,96
840,16	1177,58
840,33	1138,67
840,50	1183,73
840,67	1142,77
840,84	1103,86
841,01	1185,77
841,18	1179,63
841,35	1171,44
841,52	1189,87
841,69	1163,25
841,86	1212,40
842,03	1159,15
842,20	1153,01
842,37	1093,62
842,54	1179,63
842,71	1218,54
842,88	1161,20
843,05	1138,67
843,22	1112,05
843,39	1261,55
843,56	1171,44
843,73	1206,25
843,90	1140,72
844,07	1112,05
844,24	1193,97
844,41	1144,81
844,58	1183,73
844,75	1179,63
844,92	1153,01
845,09	1124,33
845,26	1163,25
845,43	1187,82
845,60	1140,72
845,77	1126,38
845,94	1249,26
846,10	1193,97
846,27	1175,53
846,44	1175,53
846,61	1216,49
846,78	1179,63
846,95	1177,58
847,12	1136,62
847,29	1222,64
847,46	1138,67
847,63	1224,69
847,80	1177,58
847,97	1169,39
848,14	1249,26
848,31	1198,06
848,48	1200,11
848,65	1165,29
848,82	1208,30
848,98	1157,10
849,15	1101,81
849,32	1173,49
849,49	1193,97
849,66	1202,16
849,83	1116,14
850,00	1101,81
850,17	1105,90
850,34	1167,34
850,51	1167,34
850,68	1196,01
850,85	1177,58
851,01	1165,29
851,18	1159,15
851,35	1095,66
851,52	1228,78
851,69	1210,35
851,86	1196,01
852,03	1183,73
852,20	1126,38
852,37	1212,40
852,53	1200,11
852,70	1175,53
852,87	1122,29
853,04	1157,10
853,21	1220,59
853,38	1198,06
853,55	1161,20
853,72	1198,06
853,89	1187,82
854,05	1140,72
854,22	1183,73
854,39	1251,31
854,56	1163,25
854,73	1171,44
854,90	1114,10
855,07	1126,38
855,23	1140,72
855,40	1191,92
855,57	1241,07
855,74	1179,63
855,91	1167,34
856,08	1163,25
856,25	1216,49
856,41	1196,01
856,58	1136,62
856,75	1167,34
856,92	1173,49
857,09	1157,10
857,26	1196,01
857,42	1275,88
857,59	1179,63
857,76	1093,62
857,93	1208,30
858,10	1173,49
858,27	1165,29
858,43	1161,20
858,60	1183,73
858,77	1159,15
858,94	1200,11
859,11	1161,20
859,27	1210,35
859,44	1177,58
859,61	1236,97
859,78	1208,30
859,95	1150,96
860,12	1212,40
860,28	1212,40
860,45	1146,86
860,62	1175,53
860,79	1150,96
860,95	1153,01
861,12	1169,39
861,29	1085,42
861,46	1150,96
861,63	1169,39
861,79	1150,96
861,96	1064,94
862,13	1159,15
862,30	1136,62
862,47	1150,96
862,63	1146,86
862,80	1177,58
862,97	1220,59
863,14	1212,40
863,30	1187,82
863,47	1085,42
863,64	1183,73
863,81	1142,77
863,97	1257,45
864,14	1200,11
864,31	1179,63
864,48	1200,11
864,65	1191,92
864,81	1189,87
864,98	1171,44
865,15	1118,19
865,32	1140,72
865,48	1191,92
865,65	1126,38
865,82	1161,20
865,98	1282,03
866,15	1228,78
866,32	1134,57
866,49	1150,96
866,65	1216,49
866,82	1216,49
866,99	1126,38
867,16	1187,82
867,32	1210,35
867,49	1245,16
867,66	1177,58
867,83	1216,49
867,99	1216,49
868,16	1177,58
868,33	1140,72
868,49	1101,81
868,66	1232,88
868,83	1167,34
868,99	1085,42
869,16	1224,69
869,33	1202,16
869,50	1198,06
869,66	1155,05
869,83	1105,90
870,00	1181,68
870,16	1185,77
870,33	1171,44
870,50	1140,72
870,66	1179,63
870,83	1179,63
871,00	1142,77
871,17	1161,20
871,33	1200,11
871,50	1196,01
871,67	1153,01
871,83	1150,96
872,00	1220,59
872,17	1196,01
872,33	1232,88
872,50	1144,81
872,67	1150,96
872,83	1161,20
873,00	1189,87
873,17	1165,29
873,33	1226,73
873,50	1134,57
873,67	1126,38
873,83	1159,15
874,00	1193,97
874,16	1189,87
874,33	1175,53
874,50	1124,33
874,66	1185,77
874,83	1191,92
875,00	1167,34
875,16	1173,49
875,33	1146,86
875,50	1150,96
875,66	1177,58
875,83	1210,35
875,99	1165,29
876,16	1177,58
876,33	1208,30
876,49	1230,83
876,66	1122,29
876,83	1118,19
876,99	1159,15
877,16	1142,77
877,32	1134,57
877,49	1150,96
877,66	1136,62
877,82	1226,73
877,99	1140,72
878,15	1114,10
878,32	1130,48
878,49	1191,92
878,65	1161,20
878,82	1196,01
878,98	1247,21
879,15	1130,48
879,32	1191,92
879,48	1150,96
879,65	1167,34
879,81	1167,34
879,98	1167,34
880,15	1153,01
880,31	1202,16
880,48	1122,29
880,64	1210,35
880,81	1089,52
880,97	1136,62
881,14	1140,72
881,31	1232,88
881,47	1155,05
881,64	1167,34
881,80	1159,15
881,97	1161,20
882,13	1144,81
882,30	1118,19
882,47	1132,53
882,63	1181,68
882,80	1183,73
882,96	1212,40
883,13	1206,25
883,29	1165,29
883,46	1196,01
883,62	1204,21
883,79	1146,86
883,95	1155,05
884,12	1099,76
884,29	1075,18
884,45	1228,78
884,62	1093,62
884,78	1101,81
884,95	1183,73
885,11	1159,15
885,28	1177,58
885,44	1212,40
885,61	1169,39
885,77	1212,40
885,94	1159,15
886,10	1273,84
886,27	1181,68
886,43	1173,49
886,60	1130,48
886,76	1216,49
886,93	1191,92
887,09	1153,01
887,26	1157,10
887,42	1167,34
887,59	1185,77
887,75	1159,15
887,92	1171,44
888,08	1173,49
888,25	1185,77
888,41	1198,06
888,58	1208,30
888,74	1146,86
888,91	1196,01
