177,47	1263,60
177,69	1263,60
177,91	1263,60
178,13	1146,86
178,36	1175,53
178,58	1159,15
178,80	1206,25
179,02	1177,58
179,24	1181,68
179,46	1136,62
179,68	1196,01
179,90	1146,86
180,13	1196,01
180,35	1165,29
180,57	1144,81
180,79	1146,86
181,01	1138,67
181,23	1163,25
181,45	1198,06
181,67	1153,01
181,90	1187,82
182,12	1132,53
182,34	1155,05
182,56	1175,53
182,78	1118,19
183,00	1171,44
183,22	1134,57
183,44	1134,57
183,66	1134,57
183,89	1198,06
184,11	1196,01
184,33	1138,67
184,55	1236,97
184,77	1165,29
184,99	1140,72
185,21	1150,96
185,43	1136,62
185,65	1181,68
185,87	1230,83
186,10	1148,91
186,32	1155,05
186,54	1159,15
186,76	1165,29
186,98	1159,15
187,20	1224,69
187,42	1110,00
187,64	1214,45
187,86	1196,01
188,08	1222,64
188,30	1193,97
188,52	1200,11
188,75	1191,92
188,97	1200,11
189,19	1148,91
189,41	1183,73
189,63	1210,35
189,85	1173,49
190,07	1179,63
190,29	1140,72
190,51	1228,78
190,73	1146,86
190,95	1206,25
191,17	1212,40
191,39	1185,77
191,61	1230,83
191,84	1241,07
192,06	1146,86
192,28	1183,73
192,50	1208,30
192,72	1224,69
192,94	1175,53
193,16	1116,14
193,38	1177,58
193,60	1165,29
193,82	1214,45
194,04	1196,01
194,26	1169,39
194,48	1210,35
194,70	1132,53
194,92	1083,38
195,14	1153,01
195,36	1140,72
195,58	1232,88
195,80	1218,54
196,02	1083,38
196,24	1161,20
196,46	1163,25
196,69	1118,19
196,91	1204,21
197,13	1189,87
197,35	1220,59
197,57	1165,29
197,79	1193,97
198,01	1169,39
198,23	1239,02
198,45	1187,82
198,67	1171,44
198,89	1114,10
199,11	1196,01
199,33	1122,29
199,55	1171,44
199,77	1130,48
199,99	1179,63
200,21	1200,11
200,43	1114,10
200,65	1179,63
200,87	1169,39
201,09	1183,73
201,31	1200,11
201,53	1167,34
201,75	1189,87
201,97	1169,39
202,19	1107,95
202,41	1196,01
202,63	1157,10
202,85	1245,16
203,07	1206,25
203,29	1181,68
203,51	1208,30
203,73	1081,33
203,95	1200,11
204,17	1189,87
204,39	1198,06
204,61	1222,64
204,83	1208,30
205,05	1206,25
205,27	1275,88
205,49	1148,91
205,71	1230,83
205,93	1118,19
206,15	1150,96
206,37	1163,25
206,59	1134,57
206,81	1220,59
207,03	1200,11
207,25	1216,49
207,47	1150,96
207,69	1142,77
207,91	1261,55
208,13	1222,64
208,34	1181,68
208,56	1173,49
208,78	1212,40
209,00	1097,71
209,22	1132,53
209,44	1193,97
209,66	1214,45
209,88	1185,77
210,10	1255,40
210,32	1177,58
210,54	1120,24
210,76	1196,01
210,98	1189,87
211,20	1177,58
211,42	1218,54
211,64	1206,25
211,86	1128,43
212,08	1153,01
212,30	1214,45
212,52	1173,49
212,74	1146,86
212,96	1196,01
213,17	1214,45
213,39	1222,64
213,61	1165,29
213,83	1159,15
214,05	1220,59
214,27	1112,05
214,49	1241,07
214,71	1134,57
214,93	1218,54
215,15	1110,00
215,37	1173,49
215,59	1181,68
215,81	1173,49
216,03	1161,20
216,24	1159,15
216,46	1210,35
216,68	1224,69
216,90	1171,44
217,12	1214,45
217,34	1159,15
217,56	1220,59
217,78	1134,57
218,00	1196,01
218,22	1173,49
218,44	1265,64
218,66	1218,54
218,87	1179,63
219,09	1191,92
219,31	1224,69
219,53	1210,35
219,75	1218,54
219,97	1198,06
220,19	1222,64
220,41	1159,15
220,63	1159,15
220,85	1202,16
221,06	1142,77
221,28	1163,25
221,50	1206,25
221,72	1220,59
221,94	1175,53
222,16	1196,01
222,38	1257,45
222,60	1232,88
222,82	1183,73
223,03	1167,34
223,25	1157,10
223,47	1159,15
223,69	1122,29
223,91	1161,20
224,13	1208,30
224,35	1234,93
224,57	1101,81
224,78	1232,88
225,00	1200,11
225,22	1212,40
225,44	1239,02
225,66	1146,86
225,88	1142,77
226,10	1146,86
226,32	1208,30
226,53	1212,40
226,75	1175,53
226,97	1159,15
227,19	1210,35
227,41	1200,11
227,63	1232,88
227,85	1185,77
228,06	1101,81
228,28	1208,30
228,50	1130,48
228,72	1167,34
228,94	1179,63
229,16	1150,96
229,37	1204,21
229,59	1138,67
229,81	1169,39
230,03	1150,96
230,25	1140,72
230,47	1171,44
230,69	1204,21
230,90	1181,68
231,12	1132,53
231,34	1116,14
231,56	1175,53
231,78	1177,58
232,00	1183,73
232,21	1282,03
232,43	1122,29
232,65	1112,05
232,87	1189,87
233,09	1179,63
233,30	1134,57
233,52	1171,44
233,74	1185,77
233,96	1212,40
234,18	1181,68
234,40	1138,67
234,61	1163,25
234,83	1214,45
235,05	1202,16
235,27	1165,29
235,49	1179,63
235,70	1087,47
235,92	1196,01
236,14	1175,53
236,36	1206,25
236,58	1169,39
236,79	1189,87
237,01	1103,86
237,23	1210,35
237,45	1198,06
237,67	1173,49
237,88	1185,77
238,10	1136,62
238,32	1204,21
238,54	1189,87
238,76	1255,40
238,97	1185,77
239,19	1153,01
239,41	1173,49
239,63	1214,45
239,85	1208,30
240,06	1157,10
240,28	1171,44
240,50	1245,16
240,72	1171,44
240,93	1212,40
241,15	1085,42
241,37	1198,06
241,59	1198,06
241,81	1214,45
242,02	1173,49
242,24	1236,97
242,46	1208,30
242,68	1196,01
242,89	1173,49
243,11	1193,97
243,33	1155,05
243,55	1097,71
243,76	1140,72
243,98	1122,29
244,20	1277,93
244,42	1189,87
244,64	1181,68
244,85	1173,49
245,07	1153,01
245,29	1169,39
245,51	1134,57
245,72	1187,82
245,94	1230,83
246,16	1153,01
246,38	1189,87
246,59	1167,34
246,81	1245,16
247,03	1142,77
247,24	1218,54
247,46	1208,30
247,68	1230,83
247,90	1196,01
248,11	1193,97
248,33	1167,34
248,55	1150,96
248,77	1128,43
248,98	1171,44
249,20	1148,91
249,42	1148,91
249,64	1165,29
249,85	1146,86
250,07	1204,21
250,29	1189,87
250,50	1216,49
250,72	1171,44
250,94	1249,26
251,16	1150,96
251,37	1202,16
251,59	1212,40
251,81	1097,71
252,02	1202,16
252,24	1159,15
252,46	1175,53
252,68	1243,12
252,89	1243,12
253,11	1064,94
253,33	1159,15
253,54	1189,87
253,76	1144,81
253,98	1191,92
254,20	1206,25
254,41	1161,20
254,63	1198,06
254,85	1157,10
255,06	1157,10
255,28	1150,96
255,50	1185,77
255,71	1216,49
255,93	1163,25
256,15	1155,05
256,36	1198,06
256,58	1175,53
256,80	1249,26
257,02	1224,69
257,23	1206,25
257,45	1181,68
257,67	1122,29
257,88	1189,87
258,10	1202,16
258,32	1118,19
258,53	1200,11
258,75	1222,64
258,97	1196,01
259,18	1150,96
259,40	1144,81
259,62	1146,86
259,83	1204,21
260,05	1144,81
260,27	1169,39
260,48	1185,77
260,70	1185,77
260,92	1112,05
261,13	1249,26
261,35	1138,67
261,57	1134,57
261,78	1185,77
262,00	1159,15
262,22	1169,39
262,43	1253,36
262,65	1175,53
262,86	1185,77
263,08	1159,15
263,30	1163,25
263,51	1204,21
263,73	1284,08
263,95	1153,01
264,16	1171,44
264,38	1179,63
264,60	1136,62
264,81	1097,71
265,03	1167,34
265,25	1179,63
265,46	1185,77
265,68	1212,40
265,89	1230,83
266,11	1175,53
266,33	1173,49
266,54	1161,20
266,76	1187,82
266,98	1222,64
267,19	1191,92
267,41	1206,25
267,62	1204,21
267,84	1222,64
268,06	1200,11
268,27	1185,77
268,49	1189,87
268,70	1099,76
268,92	1165,29
269,14	1118,19
269,35	1245,16
269,57	1132,53
269,79	1183,73
270,00	1148,91
270,22	1216,49
270,43	1189,87
270,65	1239,02
270,87	1136,62
271,08	1163,25
271,30	1208,30
271,51	1110,00
271,73	1210,35
271,95	1185,77
272,16	1165,29
272,38	1191,92
272,59	1193,97
272,81	1148,91
273,02	1150,96
273,24	1198,06
273,46	1175,53
273,67	1230,83
273,89	1191,92
274,10	1132,53
274,32	1177,58
274,54	1177,58
274,75	1138,67
274,97	1204,21
275,18	1165,29
275,40	1239,02
275,61	1196,01
275,83	1185,77
276,05	1142,77
276,26	1173,49
276,48	1193,97
276,69	1198,06
276,91	1204,21
277,12	1208,30
277,34	1187,82
277,55	1116,14
277,77	1110,00
277,99	1265,64
278,20	1200,11
278,42	1220,59
278,63	1239,02
278,85	1222,64
279,06	1222,64
279,28	1236,97
279,49	1138,67
279,71	1148,91
279,93	1202,16
280,14	1249,26
280,36	1124,33
280,57	1155,05
280,79	1214,45
281,00	1171,44
281,22	1140,72
281,43	1155,05
281,65	1193,97
281,86	1144,81
282,08	1163,25
282,29	1165,29
282,51	1234,93
282,73	1150,96
282,94	1214,45
283,16	1243,12
283,37	1210,35
283,59	1232,88
283,80	1161,20
284,02	1232,88
284,23	1144,81
284,45	1216,49
284,66	1144,81
284,88	1132,53
285,09	1155,05
285,31	1232,88
285,52	1134,57
285,74	1132,53
285,95	1181,68
286,17	1161,20
286,38	1216,49
286,60	1198,06
286,81	1220,59
287,03	1177,58
287,24	1144,81
287,46	1198,06
287,67	1196,01
287,89	1126,38
288,10	1122,29
288,32	1173,49
288,53	1157,10
288,75	1277,93
288,96	1169,39
289,18	1146,86
289,39	1220,59
289,61	1216,49
289,82	1183,73
290,04	1142,77
290,25	1175,53
290,47	1191,92
290,68	1142,77
290,90	1212,40
291,11	1167,34
291,33	1239,02
291,54	1187,82
291,76	1175,53
291,97	1222,64
292,18	1118,19
292,40	1163,25
292,61	1179,63
292,83	1165,29
293,04	1206,25
293,26	1161,20
293,47	1169,39
293,69	1234,93
293,90	1128,43
294,12	1159,15
294,33	1146,86
294,55	1191,92
294,76	1220,59
294,97	1118,19
295,19	1210,35
295,40	1187,82
295,62	1196,01
295,83	1142,77
296,05	1234,93
296,26	1218,54
296,48	1212,40
296,69	1173,49
296,90	1165,29
297,12	1159,15
297,33	1216,49
297,55	1222,64
297,76	1157,10
297,98	1198,06
298,19	1150,96
298,41	1138,67
298,62	1159,15
298,83	1251,31
299,05	1134,57
299,26	1177,58
299,48	1144,81
299,69	1165,29
299,90	1179,63
300,12	1191,92
300,33	1142,77
300,55	1171,44
300,76	1146,86
300,98	1251,31
301,19	1153,01
301,40	1177,58
301,62	1050,61
301,83	1105,90
302,05	1157,10
302,26	1167,34
302,47	1200,11
302,69	1110,00
302,90	1169,39
303,12	1214,45
303,33	1177,58
303,54	1142,77
303,76	1146,86
303,97	1183,73
304,19	1200,11
304,40	1124,33
304,61	1159,15
304,83	1146,86
305,04	1134,57
305,26	1191,92
305,47	1159,15
305,68	1218,54
305,90	1200,11
306,11	1171,44
306,33	1079,28
306,54	1159,15
306,75	1210,35
306,97	1165,29
307,18	1155,05
307,39	1177,58
307,61	1226,73
307,82	1130,48
308,04	1228,78
308,25	1232,88
308,46	1181,68
308,68	1159,15
308,89	1114,10
309,10	1161,20
309,32	1130,48
309,53	1171,44
309,74	1191,92
309,96	1101,81
310,17	1230,83
310,39	1214,45
310,60	1150,96
310,81	1200,11
311,03	1241,07
311,24	1191,92
311,45	1306,60
311,67	1208,30
311,88	1146,86
312,09	1150,96
312,31	1253,36
312,52	1150,96
312,73	1265,64
312,95	1091,57
313,16	1212,40
313,37	1167,34
313,59	1265,64
313,80	1069,04
314,01	1183,73
314,23	1193,97
314,44	1163,25
314,65	1234,93
314,87	1200,11
315,08	1171,44
315,29	1171,44
315,51	1216,49
315,72	1183,73
315,93	1155,05
316,15	1144,81
316,36	1110,00
316,57	1232,88
316,79	1243,12
317,00	1165,29
317,21	1138,67
317,43	1202,16
317,64	1181,68
317,85	1110,00
318,07	1200,11
318,28	1208,30
318,49	1118,19
318,70	1124,33
318,92	1173,49
319,13	1169,39
319,34	1153,01
319,56	1173,49
319,77	1157,10
319,98	1224,69
320,20	1189,87
320,41	1185,77
320,62	1157,10
320,83	1175,53
321,05	1124,33
321,26	1214,45
321,47	1173,49
321,69	1187,82
321,90	1173,49
322,11	1220,59
322,32	1163,25
322,54	1191,92
322,75	1155,05
322,96	1189,87
323,18	1093,62
323,39	1144,81
323,60	1101,81
323,81	1282,03
324,03	1198,06
324,24	1124,33
324,45	1130,48
324,66	1146,86
324,88	1173,49
325,09	1212,40
325,30	1073,14
325,52	1191,92
325,73	1126,38
325,94	1179,63
326,15	1161,20
326,37	1097,71
326,58	1169,39
326,79	1181,68
327,00	1259,50
327,22	1208,30
327,43	1181,68
327,64	1224,69
327,85	1224,69
328,07	1208,30
328,28	1163,25
328,49	1161,20
328,70	1165,29
328,92	1150,96
329,13	1144,81
329,34	1183,73
329,55	1257,45
329,76	1206,25
329,98	1198,06
330,19	1232,88
330,40	1257,45
330,61	1216,49
330,83	1163,25
331,04	1144,81
331,25	1146,86
331,46	1132,53
331,68	1239,02
331,89	1261,55
332,10	1161,20
332,31	1214,45
332,52	1224,69
332,74	1159,15
332,95	1177,58
333,16	1218,54
333,37	1169,39
333,58	1159,15
333,80	1138,67
334,01	1187,82
334,22	1200,11
334,43	1155,05
334,64	1185,77
334,86	1179,63
335,07	1155,05
335,28	1193,97
335,49	1187,82
335,70	1226,73
335,92	1331,18
336,13	1175,53
336,34	1153,01
336,55	1161,20
336,76	1191,92
336,98	1189,87
337,19	1155,05
337,40	1232,88
337,61	1247,21
337,82	1204,21
338,04	1177,58
338,25	1157,10
338,46	1112,05
338,67	1198,06
338,88	1150,96
339,09	1132,53
339,31	1128,43
339,52	1144,81
339,73	1148,91
339,94	1126,38
340,15	1200,11
340,36	1189,87
340,58	1163,25
340,79	1167,34
341,00	1173,49
341,21	1132,53
341,42	1236,97
341,63	1173,49
341,85	1146,86
342,06	1234,93
342,27	1189,87
342,48	1206,25
342,69	1071,09
342,90	1220,59
343,12	1175,53
343,33	1232,88
343,54	1146,86
343,75	1259,50
343,96	1142,77
344,17	1130,48
344,38	1163,25
344,60	1204,21
344,81	1138,67
345,02	1185,77
345,23	1196,01
345,44	1208,30
345,65	1181,68
345,86	1148,91
346,07	1128,43
346,29	1167,34
346,50	1150,96
346,71	1212,40
346,92	1179,63
347,13	1150,96
347,34	1138,67
347,55	1144,81
347,76	1114,10
347,98	1179,63
348,19	1130,48
348,40	1249,26
348,61	1214,45
348,82	1191,92
349,03	1167,34
349,24	1232,88
349,45	1212,40
349,66	1161,20
349,88	1179,63
350,09	1150,96
350,30	1181,68
350,51	1173,49
350,72	1146,86
350,93	1241,07
351,14	1157,10
351,35	1200,11
351,56	1200,11
351,77	1171,44
351,99	1200,11
352,20	1163,25
352,41	1202,16
352,62	1140,72
352,83	1191,92
353,04	1208,30
353,25	1191,92
353,46	1181,68
353,67	1169,39
353,88	1212,40
354,09	1118,19
354,30	1175,53
354,52	1157,10
354,73	1216,49
354,94	1189,87
355,15	1206,25
355,36	1230,83
355,57	1198,06
355,78	1161,20
355,99	1196,01
356,20	1187,82
356,41	1218,54
356,62	1136,62
356,83	1173,49
357,04	1220,59
357,25	1138,67
357,46	1191,92
357,68	1171,44
357,89	1089,52
358,10	1214,45
358,31	1146,86
358,52	1144,81
358,73	1144,81
358,94	1163,25
359,15	1232,88
359,36	1130,48
359,57	1169,39
359,78	1095,66
359,99	1167,34
360,20	1224,69
360,41	1148,91
360,62	1112,05
360,83	1214,45
361,04	1212,40
361,25	1163,25
361,46	1171,44
361,67	1101,81
361,88	1161,20
362,09	1134,57
362,30	1058,80
362,51	1163,25
362,72	1157,10
362,93	1138,67
363,14	1126,38
363,35	1159,15
363,56	1208,30
363,78	1153,01
363,99	1204,21
364,20	1191,92
364,41	1196,01
364,62	1130,48
364,83	1140,72
365,04	1103,86
365,25	1261,55
365,46	1169,39
365,67	1155,05
365,88	1167,34
366,09	1101,81
366,30	1101,81
366,51	1226,73
366,72	1136,62
366,93	1212,40
367,14	1191,92
367,35	1161,20
367,56	1165,29
367,77	1206,25
367,98	1216,49
368,18	1210,35
368,39	1214,45
368,60	1148,91
368,81	1177,58
369,02	1200,11
369,23	1128,43
369,44	1232,88
369,65	1226,73
369,86	1220,59
370,07	1193,97
370,28	1198,06
370,49	1163,25
370,70	1122,29
370,91	1191,92
371,12	1198,06
371,33	1212,40
371,54	1269,74
371,75	1175,53
371,96	1193,97
372,17	1144,81
372,38	1204,21
372,59	1128,43
372,80	1183,73
373,01	1228,78
373,22	1173,49
373,43	1175,53
373,64	1200,11
373,85	1153,01
374,06	1202,16
374,26	1230,83
374,47	1157,10
374,68	1136,62
374,89	1177,58
375,10	1200,11
375,31	1191,92
375,52	1140,72
375,73	1116,14
375,94	1146,86
376,15	1200,11
376,36	1204,21
376,57	1142,77
376,78	1159,15
376,99	1161,20
377,20	1153,01
377,40	1118,19
377,61	1177,58
377,82	1220,59
378,03	1157,10
378,24	1224,69
378,45	1191,92
378,66	1243,12
378,87	1159,15
379,08	1130,48
379,29	1245,16
379,50	1157,10
379,71	1085,42
379,91	1146,86
380,12	1232,88
380,33	1196,01
380,54	1159,15
380,75	1171,44
380,96	1234,93
381,17	1222,64
381,38	1216,49
381,59	1210,35
381,80	1191,92
382,00	1193,97
382,21	1210,35
382,42	1107,95
382,63	1153,01
382,84	1183,73
383,05	1146,86
383,26	1132,53
383,47	1132,53
383,68	1128,43
383,88	1169,39
384,09	1228,78
384,30	1181,68
384,51	1206,25
384,72	1159,15
384,93	1220,59
385,14	1191,92
385,35	1122,29
385,55	1183,73
385,76	1200,11
385,97	1230,83
386,18	1148,91
386,39	1112,05
386,60	1155,05
386,81	1153,01
387,02	1173,49
387,22	1191,92
387,43	1085,42
387,64	1245,16
387,85	1081,33
388,06	1148,91
388,27	1198,06
388,48	1150,96
388,68	1204,21
388,89	1224,69
389,10	1114,10
389,31	1212,40
389,52	1128,43
389,73	1173,49
389,93	1153,01
390,14	1155,05
390,35	1198,06
390,56	1181,68
390,77	1155,05
390,98	1159,15
391,18	1138,67
391,39	1230,83
391,60	1208,30
391,81	1245,16
392,02	1132,53
392,23	1144,81
392,43	1159,15
392,64	1236,97
392,85	1173,49
393,06	1167,34
393,27	1198,06
393,47	1216,49
393,68	1165,29
393,89	1165,29
394,10	1146,86
394,31	1185,77
394,52	1173,49
394,72	1167,34
394,93	1208,30
395,14	1216,49
395,35	1208,30
395,56	1198,06
395,76	1148,91
395,97	1177,58
396,18	1273,84
396,39	1116,14
396,60	1163,25
396,80	1230,83
397,01	1183,73
397,22	1173,49
397,43	1163,25
397,64	1173,49
397,84	1116,14
398,05	1191,92
398,26	1122,29
398,47	1218,54
398,67	1144,81
398,88	1191,92
399,09	1116,14
399,30	1159,15
399,51	1214,45
399,71	1146,86
399,92	1202,16
400,13	1212,40
400,34	1175,53
400,54	1085,42
400,75	1171,44
400,96	1142,77
401,17	1171,44
401,37	1161,20
401,58	1169,39
401,79	1175,53
402,00	1189,87
402,21	1150,96
402,41	1232,88
402,62	1136,62
402,83	1103,86
403,04	1183,73
403,24	1206,25
403,45	1187,82
403,66	1210,35
403,87	1140,72
404,07	1181,68
404,28	1200,11
404,49	1206,25
404,70	1122,29
404,90	1161,20
405,11	1189,87
405,32	1177,58
405,52	1196,01
405,73	1185,77
405,94	1142,77
406,15	1136,62
406,35	1236,97
406,56	1167,34
406,77	1112,05
406,98	1169,39
407,18	1144,81
407,39	1218,54
407,60	1228,78
407,80	1218,54
408,01	1245,16
408,22	1212,40
408,43	1132,53
408,63	1224,69
408,84	1183,73
409,05	1175,53
409,25	1202,16
409,46	1226,73
409,67	1146,86
409,88	1212,40
410,08	1099,76
410,29	1153,01
410,50	1167,34
410,70	1183,73
410,91	1236,97
411,12	1198,06
411,32	1159,15
411,53	1200,11
411,74	1161,20
411,95	1273,84
412,15	1155,05
412,36	1179,63
412,57	1142,77
412,77	1222,64
412,98	1214,45
413,19	1247,21
413,39	1183,73
413,60	1155,05
413,81	1177,58
414,01	1163,25
414,22	1183,73
414,43	1171,44
414,63	1157,10
414,84	1191,92
415,05	1161,20
415,25	1177,58
415,46	1153,01
415,67	1167,34
415,87	1208,30
416,08	1189,87
416,29	1191,92
416,49	1169,39
416,70	1165,29
416,91	1150,96
417,11	1187,82
417,32	1167,34
417,53	1142,77
417,73	1165,29
417,94	1191,92
418,15	1134,57
418,35	1175,53
418,56	1191,92
418,77	1140,72
418,97	1153,01
419,18	1157,10
419,38	1222,64
419,59	1165,29
419,80	1255,40
420,00	1136,62
420,21	1181,68
420,42	1136,62
420,62	1212,40
420,83	1101,81
421,04	1222,64
421,24	1150,96
421,45	1193,97
421,65	1220,59
421,86	1175,53
422,07	1066,99
422,27	1189,87
422,48	1116,14
422,69	1232,88
422,89	1214,45
423,10	1224,69
423,30	1173,49
423,51	1153,01
423,72	1224,69
423,92	1189,87
424,13	1208,30
424,33	1208,30
424,54	1275,88
424,75	1130,48
424,95	1177,58
425,16	1191,92
425,36	1191,92
425,57	1183,73
425,78	1132,53
425,98	1230,83
426,19	1234,93
426,39	1214,45
426,60	1153,01
426,81	1187,82
427,01	1177,58
427,22	1167,34
427,42	1144,81
427,63	1187,82
427,83	1128,43
428,04	1196,01
428,25	1196,01
428,45	1216,49
428,66	1155,05
428,86	1177,58
429,07	1220,59
429,28	1206,25
429,48	1124,33
429,69	1239,02
429,89	1077,23
430,10	1210,35
430,30	1167,34
430,51	1146,86
430,71	1157,10
430,92	1153,01
431,13	1122,29
431,33	1150,96
431,54	1126,38
431,74	1167,34
431,95	1173,49
432,15	1214,45
432,36	1093,62
432,56	1179,63
432,77	1181,68
432,98	1138,67
433,18	1183,73
433,39	1212,40
433,59	1132,53
433,80	1118,19
434,00	1187,82
434,21	1095,66
434,41	1173,49
434,62	1183,73
434,82	1144,81
435,03	1189,87
435,23	1228,78
435,44	1110,00
435,64	1196,01
435,85	1185,77
436,06	1181,68
436,26	1132,53
436,47	1183,73
436,67	1183,73
436,88	1140,72
437,08	1220,59
437,29	1212,40
437,49	1220,59
437,70	1107,95
437,90	1189,87
438,11	1216,49
438,31	1200,11
438,52	1200,11
438,72	1200,11
438,93	1282,03
439,13	1173,49
439,34	1273,84
439,54	1249,26
439,75	1247,21
439,95	1101,81
440,16	1159,15
440,36	1212,40
440,57	1134,57
440,77	1114,10
440,98	1167,34
441,18	1193,97
441,39	1198,06
441,59	1232,88
441,80	1163,25
442,00	1185,77
442,21	1200,11
442,41	1183,73
442,62	1226,73
442,82	1206,25
443,02	1236,97
443,23	1132,53
443,43	1120,24
443,64	1198,06
443,84	1175,53
444,05	1177,58
444,25	1202,16
444,46	1107,95
444,66	1157,10
444,87	1150,96
445,07	1196,01
445,28	1126,38
445,48	1144,81
445,69	1191,92
445,89	1157,10
446,09	1193,97
446,30	1183,73
446,50	1218,54
446,71	1120,24
446,91	1269,74
447,12	1202,16
447,32	1148,91
447,53	1130,48
447,73	1155,05
447,93	1191,92
448,14	1214,45
448,34	1140,72
448,55	1089,52
448,75	1171,44
448,96	1140,72
449,16	1150,96
449,36	1118,19
449,57	1183,73
449,77	1241,07
449,98	1140,72
450,18	1165,29
450,39	1130,48
450,59	1212,40
450,79	1146,86
451,00	1159,15
451,20	1230,83
451,41	1224,69
451,61	1144,81
451,81	1167,34
452,02	1204,21
452,22	1241,07
452,43	1165,29
452,63	1165,29
452,84	1130,48
453,04	1124,33
453,24	1183,73
453,45	1210,35
453,65	1224,69
453,86	1142,77
454,06	1222,64
454,26	1226,73
454,47	1130,48
454,67	1206,25
454,87	1103,86
455,08	1144,81
455,28	1101,81
455,49	1167,34
455,69	1163,25
455,89	1196,01
456,10	1128,43
456,30	1220,59
456,51	1118,19
456,71	1179,63
456,91	1200,11
457,12	1196,01
457,32	1175,53
457,52	1161,20
457,73	1138,67
457,93	1206,25
458,14	1146,86
458,34	1173,49
458,54	1150,96
458,75	1138,67
458,95	1220,59
459,15	1187,82
459,36	1222,64
459,56	1212,40
459,76	1208,30
459,97	1189,87
460,17	1161,20
460,37	1189,87
460,58	1198,06
460,78	1193,97
460,99	1175,53
461,19	1173,49
461,39	1222,64
461,60	1220,59
461,80	1171,44
462,00	1134,57
462,21	1148,91
462,41	1220,59
462,61	1161,20
462,82	1101,81
463,02	1167,34
463,22	1155,05
463,43	1228,78
463,63	1173,49
463,83	1212,40
464,04	1204,21
464,24	1206,25
464,44	1234,93
464,64	1173,49
464,85	1134,57
465,05	1185,77
465,25	1206,25
465,46	1239,02
465,66	1130,48
465,86	1167,34
466,07	1253,36
466,27	1183,73
466,47	1179,63
466,68	1177,58
466,88	1171,44
467,08	1220,59
467,29	1132,53
467,49	1144,81
467,69	1241,07
467,89	1216,49
468,10	1183,73
468,30	1110,00
468,50	1095,66
468,71	1179,63
468,91	1167,34
469,11	1144,81
469,31	1165,29
469,52	1181,68
469,72	1179,63
469,92	1146,86
470,13	1099,76
470,33	1200,11
470,53	1173,49
470,73	1185,77
470,94	1273,84
471,14	1241,07
471,34	1165,29
471,54	1148,91
471,75	1206,25
471,95	1200,11
472,15	1175,53
472,36	1155,05
472,56	1167,34
472,76	1136,62
472,96	1191,92
473,17	1165,29
473,37	1144,81
473,57	1175,53
473,77	1183,73
473,98	1196,01
474,18	1142,77
474,38	1185,77
474,58	1085,42
474,79	1161,20
474,99	1204,21
475,19	1206,25
475,39	1099,76
475,60	1177,58
475,80	1128,43
476,00	1140,72
476,20	1142,77
476,41	1138,67
476,61	1191,92
476,81	1200,11
477,01	1198,06
477,21	1189,87
477,42	1118,19
477,62	1146,86
477,82	1148,91
478,02	1208,30
478,23	1173,49
478,43	1220,59
478,63	1218,54
478,83	1179,63
479,03	1187,82
479,24	1200,11
479,44	1175,53
479,64	1155,05
479,84	1112,05
480,04	1208,30
480,25	1118,19
480,45	1136,62
480,65	1148,91
480,85	1259,50
481,06	1171,44
481,26	1103,86
481,46	1159,15
481,66	1163,25
481,86	1155,05
482,06	1173,49
482,27	1202,16
482,47	1236,97
482,67	1179,63
482,87	1116,14
483,07	1136,62
483,28	1196,01
483,48	1107,95
483,68	1157,10
483,88	1161,20
484,08	1200,11
484,29	1159,15
484,49	1196,01
484,69	1116,14
484,89	1167,34
485,09	1175,53
485,29	1177,58
485,50	1148,91
485,70	1191,92
485,90	1181,68
486,10	1134,57
486,30	1200,11
486,50	1167,34
486,71	1193,97
486,91	1148,91
487,11	1153,01
487,31	1142,77
487,51	1171,44
487,71	1167,34
487,91	1173,49
488,12	1218,54
488,32	1189,87
488,52	1148,91
488,72	1140,72
488,92	1175,53
489,12	1173,49
489,32	1150,96
489,53	1107,95
489,73	1150,96
489,93	1155,05
490,13	1140,72
490,33	1144,81
490,53	1140,72
490,73	1226,73
490,94	1134,57
491,14	1165,29
491,34	1130,48
491,54	1241,07
491,74	1269,74
491,94	1239,02
492,14	1150,96
492,34	1251,31
492,54	1157,10
492,75	1187,82
492,95	1161,20
493,15	1124,33
493,35	1136,62
493,55	1181,68
493,75	1249,26
493,95	1155,05
494,15	1165,29
494,35	1218,54
494,56	1150,96
494,76	1212,40
494,96	1193,97
495,16	1181,68
495,36	1239,02
495,56	1193,97
495,76	1183,73
495,96	1193,97
496,16	1167,34
496,36	1263,60
496,56	1206,25
496,77	1198,06
496,97	1177,58
497,17	1220,59
497,37	1183,73
497,57	1142,77
497,77	1198,06
497,97	1167,34
498,17	1146,86
498,37	1114,10
498,57	1126,38
498,77	1159,15
498,97	1214,45
499,17	1273,84
499,38	1167,34
499,58	1181,68
499,78	1144,81
499,98	1204,21
500,18	1198,06
500,38	1165,29
500,58	1175,53
500,78	1114,10
500,98	1189,87
501,18	1165,29
501,38	1196,01
501,58	1220,59
501,78	1220,59
501,98	1157,10
502,18	1185,77
502,38	1142,77
502,58	1179,63
502,78	1187,82
502,98	1245,16
503,18	1218,54
503,38	1134,57
503,59	1265,64
503,79	1118,19
503,99	1161,20
504,19	1187,82
504,39	1204,21
504,59	1200,11
504,79	1130,48
504,99	1261,55
505,19	1126,38
505,39	1146,86
505,59	1136,62
505,79	1134,57
505,99	1167,34
506,19	1155,05
506,39	1277,93
506,59	1230,83
506,79	1132,53
506,99	1187,82
507,19	1091,57
507,39	1202,16
507,59	1169,39
507,79	1171,44
507,99	1241,07
508,19	1177,58
508,39	1179,63
508,59	1159,15
508,79	1218,54
508,99	1257,45
509,19	1159,15
509,39	1224,69
509,59	1167,34
509,79	1175,53
509,99	1181,68
510,19	1157,10
510,39	1210,35
510,59	1163,25
510,79	1179,63
510,99	1159,15
511,19	1202,16
511,39	1183,73
511,59	1183,73
511,79	1165,29
511,99	1155,05
512,19	1167,34
512,38	1148,91
512,58	1132,53
512,78	1191,92
512,98	1191,92
513,18	1144,81
513,38	1118,19
513,58	1189,87
513,78	1118,19
513,98	1165,29
514,18	1167,34
514,38	1224,69
514,58	1185,77
514,78	1193,97
514,98	1196,01
515,18	1179,63
515,38	1212,40
515,58	1198,06
515,78	1222,64
515,98	1189,87
516,18	1183,73
516,38	1179,63
516,57	1171,44
516,77	1159,15
516,97	1253,36
517,17	1208,30
517,37	1126,38
517,57	1208,30
517,77	1163,25
517,97	1163,25
518,17	1196,01
518,37	1183,73
518,57	1198,06
518,77	1130,48
518,97	1157,10
519,16	1241,07
519,36	1177,58
519,56	1220,59
519,76	1236,97
519,96	1130,48
520,16	1189,87
520,36	1214,45
520,56	1185,77
520,76	1202,16
520,96	1202,16
521,16	1198,06
521,35	1224,69
521,55	1189,87
521,75	1253,36
521,95	1200,11
522,15	1132,53
522,35	1245,16
522,55	1116,14
522,75	1234,93
522,95	1179,63
523,14	1198,06
523,34	1187,82
523,54	1200,11
523,74	1239,02
523,94	1150,96
524,14	1179,63
524,34	1116,14
524,54	1167,34
524,73	1124,33
524,93	1212,40
525,13	1200,11
525,33	1124,33
525,53	1189,87
525,73	1103,86
525,93	1208,30
526,13	1206,25
526,32	1167,34
526,52	1241,07
526,72	1183,73
526,92	1150,96
527,12	1150,96
527,32	1193,97
527,52	1191,92
527,71	1138,67
527,91	1193,97
528,11	1189,87
528,31	1148,91
528,51	1157,10
528,71	1185,77
528,90	1155,05
529,10	1241,07
529,30	1208,30
529,50	1144,81
529,70	1138,67
529,90	1169,39
530,09	1155,05
530,29	1153,01
530,49	1171,44
530,69	1157,10
530,89	1138,67
531,09	1230,83
531,28	1177,58
531,48	1249,26
531,68	1204,21
531,88	1200,11
532,08	1202,16
532,28	1148,91
532,47	1159,15
532,67	1224,69
532,87	1183,73
533,07	1212,40
533,27	1122,29
533,46	1216,49
533,66	1177,58
533,86	1224,69
534,06	1251,31
534,26	1208,30
534,45	1150,96
534,65	1214,45
534,85	1124,33
535,05	1089,52
535,25	1236,97
535,44	1140,72
535,64	1210,35
535,84	1124,33
536,04	1169,39
536,24	1157,10
536,43	1163,25
536,63	1187,82
536,83	1103,86
537,03	1171,44
537,22	1175,53
537,42	1146,86
537,62	1228,78
537,82	1177,58
538,02	1171,44
538,21	1146,86
538,41	1193,97
538,61	1167,34
538,81	1169,39
539,00	1107,95
539,20	1191,92
539,40	1099,76
539,60	1173,49
539,79	1181,68
539,99	1107,95
540,19	1208,30
540,39	1249,26
540,58	1210,35
540,78	1159,15
540,98	1218,54
541,18	1206,25
541,37	1255,40
541,57	1146,86
541,77	1224,69
541,97	1196,01
542,16	1241,07
542,36	1163,25
542,56	1206,25
542,76	1167,34
542,95	1171,44
543,15	1177,58
543,35	1204,21
543,54	1159,15
543,74	1134,57
543,94	1167,34
544,14	1140,72
544,33	1144,81
544,53	1142,77
544,73	1161,20
544,93	1128,43
545,12	1159,15
545,32	1159,15
545,52	1241,07
545,71	1189,87
545,91	1134,57
546,11	1202,16
546,30	1167,34
546,50	1249,26
546,70	1167,34
546,90	1163,25
547,09	1130,48
547,29	1189,87
547,49	1169,39
547,68	1191,92
547,88	1140,72
548,08	1099,76
548,27	1224,69
548,47	1167,34
548,67	1175,53
548,87	1202,16
549,06	1171,44
549,26	1130,48
549,46	1110,00
549,65	1155,05
549,85	1167,34
550,05	1175,53
550,24	1163,25
550,44	1159,15
550,64	1136,62
550,83	1187,82
551,03	1171,44
551,23	1134,57
551,42	1167,34
551,62	1122,29
551,82	1179,63
552,01	1169,39
552,21	1167,34
552,41	1193,97
552,60	1208,30
552,80	1185,77
553,00	1171,44
553,19	1148,91
553,39	1155,05
553,59	1198,06
553,78	1171,44
553,98	1214,45
554,17	1249,26
554,37	1142,77
554,57	1163,25
554,76	1175,53
554,96	1230,83
555,16	1191,92
555,35	1177,58
555,55	1181,68
555,75	1208,30
555,94	1232,88
556,14	1134,57
556,33	1179,63
556,53	1171,44
556,73	1069,04
556,92	1153,01
557,12	1157,10
557,32	1159,15
557,51	1193,97
557,71	1245,16
557,90	1146,86
558,10	1216,49
558,30	1167,34
558,49	1208,30
558,69	1140,72
558,88	1150,96
559,08	1214,45
559,28	1157,10
559,47	1153,01
559,67	1177,58
559,86	1173,49
560,06	1226,73
560,26	1212,40
560,45	1187,82
560,65	1208,30
560,84	1183,73
561,04	1226,73
561,24	1126,38
561,43	1196,01
561,63	1138,67
561,82	1185,77
562,02	1214,45
562,22	1196,01
562,41	1212,40
562,61	1155,05
562,80	1171,44
563,00	1142,77
563,19	1196,01
563,39	1200,11
563,59	1155,05
563,78	1196,01
563,98	1196,01
564,17	1257,45
564,37	1202,16
564,56	1124,33
564,76	1214,45
564,96	1144,81
565,15	1122,29
565,35	1144,81
565,54	1171,44
565,74	1159,15
565,93	1148,91
566,13	1171,44
566,32	1204,21
566,52	1169,39
566,71	1138,67
566,91	1193,97
567,11	1163,25
567,30	1173,49
567,50	1089,52
567,69	1187,82
567,89	1175,53
568,08	1161,20
568,28	1212,40
568,47	1210,35
568,67	1146,86
568,86	1255,40
569,06	1245,16
569,25	1196,01
569,45	1179,63
569,64	1226,73
569,84	1193,97
570,04	1249,26
570,23	1165,29
570,43	1232,88
570,62	1146,86
570,82	1185,77
571,01	1157,10
571,21	1146,86
571,40	1122,29
571,60	1189,87
571,79	1198,06
571,99	1247,21
572,18	1171,44
572,38	1132,53
572,57	1161,20
572,77	1159,15
572,96	1185,77
573,16	1228,78
573,35	1138,67
573,55	1175,53
573,74	1255,40
573,94	1230,83
574,13	1220,59
574,33	1148,91
574,52	1202,16
574,71	1134,57
574,91	1185,77
575,10	1126,38
575,30	1232,88
575,49	1163,25
575,69	1200,11
575,88	1150,96
576,08	1216,49
576,27	1200,11
576,47	1177,58
576,66	1239,02
576,86	1175,53
577,05	1228,78
577,25	1185,77
577,44	1163,25
577,64	1157,10
577,83	1171,44
578,02	1155,05
578,22	1124,33
578,41	1247,21
578,61	1105,90
578,80	1175,53
579,00	1193,97
579,19	1163,25
579,39	1222,64
579,58	1222,64
579,77	1206,25
579,97	1222,64
580,16	1126,38
580,36	1232,88
580,55	1224,69
580,75	1107,95
580,94	1169,39
581,13	1210,35
581,33	1122,29
581,52	1167,34
581,72	1150,96
581,91	1191,92
582,11	1155,05
582,30	1212,40
582,49	1183,73
582,69	1148,91
582,88	1234,93
583,08	1118,19
583,27	1208,30
583,47	1097,71
583,66	1134,57
583,85	1208,30
584,05	1202,16
584,24	1208,30
584,44	1167,34
584,63	1142,77
584,82	1167,34
585,02	1157,10
585,21	1185,77
585,41	1236,97
585,60	1261,55
585,79	1204,21
585,99	1290,22
586,18	1157,10
586,37	1163,25
586,57	1191,92
586,76	1163,25
586,96	1191,92
587,15	1222,64
587,34	1155,05
587,54	1179,63
587,73	1142,77
587,93	1130,48
588,12	1159,15
588,31	1187,82
588,51	1153,01
588,70	1163,25
588,89	1171,44
589,09	1226,73
589,28	1175,53
589,47	1191,92
589,67	1081,33
589,86	1153,01
590,06	1175,53
590,25	1230,83
590,44	1144,81
590,64	1193,97
590,83	1214,45
591,02	1177,58
591,22	1132,53
591,41	1107,95
591,60	1148,91
591,80	1138,67
591,99	1153,01
592,18	1263,60
592,38	1187,82
592,57	1140,72
592,76	1169,39
592,96	1212,40
593,15	1196,01
593,34	1163,25
593,54	1099,76
593,73	1230,83
593,92	1187,82
594,12	1273,84
594,31	1220,59
594,50	1140,72
594,70	1173,49
594,89	1167,34
595,08	1157,10
595,28	1228,78
595,47	1155,05
595,66	1226,73
595,86	1155,05
596,05	1150,96
596,24	1142,77
596,43	1142,77
596,63	1187,82
596,82	1241,07
597,01	1148,91
597,21	1206,25
597,40	1177,58
597,59	1214,45
597,79	1208,30
597,98	1187,82
598,17	1155,05
598,36	1161,20
598,56	1179,63
598,75	1144,81
598,94	1189,87
599,14	1208,30
599,33	1218,54
599,52	1210,35
599,71	1253,36
599,91	1183,73
600,10	1150,96
600,29	1136,62
600,48	1204,21
600,68	1196,01
600,87	1187,82
601,06	1163,25
601,26	1179,63
601,45	1187,82
601,64	1179,63
601,83	1167,34
602,03	1138,67
602,22	1189,87
602,41	1177,58
602,60	1177,58
602,80	1146,86
602,99	1146,86
603,18	1193,97
603,37	1169,39
603,57	1187,82
603,76	1144,81
603,95	1175,53
604,14	1196,01
604,34	1146,86
604,53	1228,78
604,72	1206,25
604,91	1167,34
605,10	1150,96
605,30	1159,15
605,49	1239,02
605,68	1175,53
605,87	1247,21
606,07	1202,16
606,26	1179,63
606,45	1251,31
606,64	1216,49
606,84	1196,01
607,03	1165,29
607,22	1169,39
607,41	1163,25
607,60	1146,86
607,80	1175,53
607,99	1204,21
608,18	1208,30
608,37	1181,68
608,56	1171,44
608,76	1189,87
608,95	1212,40
609,14	1118,19
609,33	1296,36
609,52	1110,00
609,72	1148,91
609,91	1138,67
610,10	1247,21
610,29	1175,53
610,48	1155,05
610,68	1214,45
610,87	1177,58
611,06	1155,05
611,25	1171,44
611,44	1157,10
611,63	1193,97
611,83	1224,69
612,02	1187,82
612,21	1191,92
612,40	1163,25
612,59	1181,68
612,79	1214,45
612,98	1175,53
613,17	1226,73
613,36	1200,11
613,55	1118,19
613,74	1224,69
613,93	1267,69
614,13	1163,25
614,32	1208,30
614,51	1171,44
614,70	1183,73
614,89	1249,26
615,08	1091,57
615,28	1173,49
615,47	1173,49
615,66	1163,25
615,85	1146,86
616,04	1155,05
616,23	1214,45
616,42	1208,30
616,62	1181,68
616,81	1173,49
617,00	1198,06
617,19	1167,34
617,38	1179,63
617,57	1173,49
617,76	1177,58
617,95	1208,30
618,15	1150,96
618,34	1177,58
618,53	1181,68
618,72	1148,91
618,91	1177,58
619,10	1222,64
619,29	1204,21
619,48	1255,40
619,68	1183,73
619,87	1208,30
620,06	1214,45
620,25	1177,58
620,44	1177,58
620,63	1245,16
620,82	1185,77
621,01	1167,34
621,20	1114,10
621,39	1148,91
621,59	1210,35
621,78	1179,63
621,97	1200,11
622,16	1216,49
622,35	1144,81
622,54	1247,21
622,73	1146,86
622,92	1206,25
623,11	1173,49
623,30	1290,22
623,49	1243,12
623,68	1198,06
623,88	1138,67
624,07	1198,06
624,26	1243,12
624,45	1189,87
624,64	1200,11
624,83	1171,44
625,02	1177,58
625,21	1196,01
625,40	1249,26
625,59	1138,67
625,78	1189,87
625,97	1177,58
626,16	1177,58
626,35	1222,64
626,54	1177,58
626,74	1191,92
626,93	1222,64
627,12	1239,02
627,31	1163,25
627,50	1210,35
627,69	1245,16
627,88	1212,40
628,07	1179,63
628,26	1171,44
628,45	1261,55
628,64	1261,55
628,83	1239,02
629,02	1185,77
629,21	1210,35
629,40	1210,35
629,59	1265,64
629,78	1216,49
629,97	1202,16
630,16	1204,21
630,35	1120,24
630,54	1163,25
630,73	1144,81
630,92	1232,88
631,11	1212,40
631,30	1419,24
631,49	1374,19
631,68	1689,57
631,87	3530,70
632,06	12885,82
632,25	37506,50
632,44	49157,39
632,63	51307,76
632,82	32568,85
633,01	16580,36
633,20	4763,58
633,39	5081,01
633,58	2443,23
633,77	1964,00
633,96	1658,85
634,15	1456,11
634,34	1509,35
634,53	1544,17
634,72	1433,58
634,91	1384,43
635,10	1380,33
635,29	1261,55
635,48	1275,88
635,67	1257,45
635,86	1140,72
636,05	1222,64
636,24	1200,11
636,43	1214,45
636,62	1189,87
636,81	1146,86
637,00	1228,78
637,19	1200,11
637,38	1191,92
637,57	1171,44
637,76	1200,11
637,95	1198,06
638,14	1206,25
638,33	1196,01
638,52	1249,26
638,71	1128,43
638,89	1126,38
639,08	1210,35
639,27	1136,62
639,46	1236,97
639,65	1193,97
639,84	1198,06
640,03	1179,63
640,22	1202,16
640,41	1210,35
640,60	1150,96
640,79	1185,77
640,98	1161,20
641,17	1175,53
641,36	1212,40
641,55	1206,25
641,74	1196,01
641,92	1232,88
642,11	1150,96
642,30	1198,06
642,49	1206,25
642,68	1173,49
642,87	1224,69
643,06	1230,83
643,25	1120,24
643,44	1200,11
643,63	1191,92
643,82	1153,01
644,00	1146,86
644,19	1212,40
644,38	1185,77
644,57	1206,25
644,76	1196,01
644,95	1208,30
645,14	1216,49
645,33	1175,53
645,52	1042,42
645,71	1134,57
645,89	1167,34
646,08	1228,78
646,27	1220,59
646,46	1175,53
646,65	1142,77
646,84	1273,84
647,03	1267,69
647,22	1212,40
647,40	1189,87
647,59	1202,16
647,78	1198,06
647,97	1196,01
648,16	1173,49
648,35	1183,73
648,54	1196,01
648,73	1236,97
648,91	1165,29
649,10	1255,40
649,29	1183,73
649,48	1255,40
649,67	1153,01
649,86	1140,72
650,05	1218,54
650,23	1179,63
650,42	1120,24
650,61	1185,77
650,80	1155,05
650,99	1220,59
651,18	1185,77
651,36	1140,72
651,55	1165,29
651,74	1177,58
651,93	1169,39
652,12	1153,01
652,31	1122,29
652,49	1110,00
652,68	1191,92
652,87	1181,68
653,06	1124,33
653,25	1234,93
653,44	1249,26
653,62	1183,73
653,81	1191,92
654,00	1140,72
654,19	1181,68
654,38	1208,30
654,56	1214,45
654,75	1173,49
654,94	1163,25
655,13	1161,20
655,32	1181,68
655,51	1232,88
655,69	1148,91
655,88	1251,31
656,07	1132,53
656,26	1179,63
656,45	1167,34
656,63	1247,21
656,82	1222,64
657,01	1140,72
657,20	1159,15
657,38	1208,30
657,57	1120,24
657,76	1179,63
657,95	1161,20
658,14	1216,49
658,32	1204,21
658,51	1226,73
658,70	1314,80
658,89	1159,15
659,08	1103,86
659,26	1181,68
659,45	1124,33
659,64	1232,88
659,83	1167,34
660,01	1191,92
660,20	1175,53
660,39	1185,77
660,58	1183,73
660,76	1181,68
660,95	1175,53
661,14	1265,64
661,33	1146,86
661,51	1187,82
661,70	1189,87
661,89	1200,11
662,08	1153,01
662,26	1241,07
662,45	1204,21
662,64	1198,06
662,83	1140,72
663,01	1126,38
663,20	1173,49
663,39	1214,45
663,58	1144,81
663,76	1196,01
663,95	1093,62
664,14	1150,96
664,32	1116,14
664,51	1134,57
664,70	1159,15
664,89	1130,48
665,07	1220,59
665,26	1202,16
665,45	1191,92
665,64	1226,73
665,82	1220,59
666,01	1157,10
666,20	1212,40
666,38	1222,64
666,57	1171,44
666,76	1218,54
666,95	1210,35
667,13	1175,53
667,32	1161,20
667,51	1118,19
667,69	1177,58
667,88	1183,73
668,07	1173,49
668,25	1243,12
668,44	1159,15
668,63	1185,77
668,81	1161,20
669,00	1095,66
669,19	1167,34
669,38	1200,11
669,56	1191,92
669,75	1140,72
669,94	1265,64
670,12	1198,06
670,31	1183,73
670,50	1124,33
670,68	1181,68
670,87	1128,43
671,06	1169,39
671,24	1175,53
671,43	1093,62
671,62	1241,07
671,80	1175,53
671,99	1183,73
672,18	1232,88
672,36	1200,11
672,55	1200,11
672,74	1204,21
672,92	1159,15
673,11	1105,90
673,29	1142,77
673,48	1214,45
673,67	1187,82
673,85	1198,06
674,04	1126,38
674,23	1191,92
674,41	1077,23
674,60	1214,45
674,79	1157,10
674,97	1175,53
675,16	1210,35
675,34	1159,15
675,53	1189,87
675,72	1069,04
675,90	1216,49
676,09	1212,40
676,28	1150,96
676,46	1136,62
676,65	1165,29
676,83	1191,92
677,02	1196,01
677,21	1183,73
677,39	1191,92
677,58	1181,68
677,77	1124,33
677,95	1216,49
678,14	1138,67
678,32	1228,78
678,51	1142,77
678,70	1134,57
678,88	1083,38
679,07	1198,06
679,25	1269,74
679,44	1220,59
679,63	1179,63
679,81	1212,40
680,00	1191,92
680,18	1122,29
680,37	1224,69
680,55	1232,88
680,74	1159,15
680,93	1206,25
681,11	1200,11
681,30	1208,30
681,48	1222,64
681,67	1144,81
681,85	1114,10
682,04	1226,73
682,23	1196,01
682,41	1193,97
682,60	1130,48
682,78	1144,81
682,97	1071,09
683,15	1236,97
683,34	1114,10
683,53	1148,91
683,71	1118,19
683,90	1177,58
684,08	1153,01
684,27	1150,96
684,45	1159,15
684,64	1206,25
684,82	1198,06
685,01	1183,73
685,19	1179,63
685,38	1206,25
685,57	1150,96
685,75	1093,62
685,94	1107,95
686,12	1130,48
686,31	1187,82
686,49	1189,87
686,68	1130,48
686,86	1171,44
687,05	1263,60
687,23	1226,73
687,42	1150,96
687,60	1173,49
687,79	1165,29
687,97	1191,92
688,16	1247,21
688,34	1142,77
688,53	1200,11
688,71	1245,16
688,90	1103,86
689,08	1148,91
689,27	1200,11
689,45	1183,73
689,64	1200,11
689,82	1189,87
690,01	1183,73
690,19	1146,86
690,38	1218,54
690,56	1159,15
690,75	1144,81
690,93	1138,67
691,12	1210,35
691,30	1241,07
691,49	1165,29
691,67	1157,10
691,86	1089,52
692,04	1163,25
692,23	1173,49
692,41	1208,30
692,60	1189,87
692,78	1191,92
692,97	1122,29
693,15	1161,20
693,34	1093,62
693,52	1206,25
693,71	1163,25
693,89	1198,06
694,08	1083,38
694,26	1157,10
694,44	1138,67
694,63	1155,05
694,81	1077,23
695,00	1275,88
695,18	1163,25
695,37	1202,16
695,55	1167,34
695,74	1175,53
695,92	1150,96
696,10	1134,57
696,29	1191,92
696,47	1185,77
696,66	1130,48
696,84	1189,87
697,03	1187,82
697,21	1163,25
697,40	1259,50
697,58	1196,01
697,76	1191,92
697,95	1232,88
698,13	1126,38
698,32	1206,25
698,50	1134,57
698,68	1167,34
698,87	1208,30
699,05	1232,88
699,24	1208,30
699,42	1159,15
699,61	1185,77
699,79	1155,05
699,97	1185,77
700,16	1177,58
700,34	1224,69
700,53	1181,68
700,71	1163,25
700,89	1196,01
701,08	1212,40
701,26	1146,86
701,45	1212,40
701,63	1187,82
701,81	1185,77
702,00	1189,87
702,18	1165,29
702,37	1171,44
702,55	1210,35
702,73	1148,91
702,92	1165,29
703,10	1214,45
703,28	1187,82
703,47	1196,01
703,65	1148,91
703,84	1157,10
704,02	1220,59
704,20	1220,59
704,39	1232,88
704,57	1167,34
704,75	1097,71
704,94	1130,48
705,12	1222,64
705,30	1193,97
705,49	1191,92
705,67	1153,01
705,86	1191,92
706,04	1228,78
706,22	1196,01
706,41	1228,78
706,59	1204,21
706,77	1169,39
706,96	1185,77
707,14	1204,21
707,32	1146,86
707,51	1253,36
707,69	1185,77
707,87	1157,10
708,06	1220,59
708,24	1189,87
708,42	1196,01
708,61	1159,15
708,79	1228,78
708,97	1210,35
709,16	1226,73
709,34	1183,73
709,52	1114,10
709,71	1232,88
709,89	1124,33
710,07	1144,81
710,26	1054,70
710,44	1153,01
710,62	1208,30
710,80	1208,30
710,99	1232,88
711,17	1136,62
711,35	1204,21
711,54	1239,02
711,72	1124,33
711,90	1191,92
712,09	1185,77
712,27	1132,53
712,45	1159,15
712,63	1150,96
712,82	1183,73
713,00	1163,25
713,18	1181,68
713,37	1214,45
713,55	1193,97
713,73	1187,82
713,91	1155,05
714,10	1232,88
714,28	1177,58
714,46	1189,87
714,65	1232,88
714,83	1273,84
715,01	1191,92
715,19	1198,06
715,38	1187,82
715,56	1165,29
715,74	1243,12
715,92	1193,97
716,11	1245,16
716,29	1177,58
716,47	1165,29
716,65	1216,49
716,84	1230,83
717,02	1132,53
717,20	1263,60
717,38	1138,67
717,57	1148,91
717,75	1110,00
717,93	1126,38
718,11	1198,06
718,30	1183,73
718,48	1200,11
718,66	1191,92
718,84	1255,40
719,03	1116,14
719,21	1255,40
719,39	1138,67
719,57	1179,63
719,75	1204,21
719,94	1179,63
720,12	1206,25
720,30	1206,25
720,48	1163,25
720,67	1153,01
720,85	1142,77
721,03	1212,40
721,21	1114,10
721,39	1148,91
721,58	1171,44
721,76	1150,96
721,94	1169,39
722,12	1155,05
722,30	1169,39
722,49	1157,10
722,67	1239,02
722,85	1155,05
723,03	1214,45
723,21	1075,18
723,40	1173,49
723,58	1196,01
723,76	1255,40
723,94	1097,71
724,12	1189,87
724,30	1189,87
724,49	1224,69
724,67	1218,54
724,85	1159,15
725,03	1261,55
725,21	1112,05
725,40	1169,39
725,58	1288,17
725,76	1148,91
725,94	1153,01
726,12	1167,34
726,30	1157,10
726,49	1128,43
726,67	1257,45
726,85	1101,81
727,03	1269,74
727,21	1241,07
727,39	1206,25
727,57	1200,11
727,76	1196,01
727,94	1241,07
728,12	1155,05
728,30	1191,92
728,48	1202,16
728,66	1206,25
728,84	1175,53
729,03	1251,31
729,21	1138,67
729,39	1208,30
729,57	1120,24
729,75	1167,34
729,93	1159,15
730,11	1175,53
730,30	1167,34
730,48	1134,57
730,66	1177,58
730,84	1191,92
731,02	1187,82
731,20	1214,45
731,38	1181,68
731,56	1193,97
731,74	1189,87
731,93	1124,33
732,11	1224,69
732,29	1165,29
732,47	1140,72
732,65	1204,21
732,83	1120,24
733,01	1202,16
733,19	1247,21
733,37	1114,10
733,56	1173,49
733,74	1200,11
733,92	1167,34
734,10	1110,00
734,28	1116,14
734,46	1245,16
734,64	1153,01
734,82	1196,01
735,00	1200,11
735,18	1153,01
735,36	1210,35
735,54	1210,35
735,73	1161,20
735,91	1175,53
736,09	1163,25
736,27	1181,68
736,45	1157,10
736,63	1189,87
736,81	1267,69
736,99	1208,30
737,17	1099,76
737,35	1181,68
737,53	1236,97
737,71	1134,57
737,89	1179,63
738,07	1230,83
738,25	1175,53
738,43	1144,81
738,61	1138,67
738,80	1150,96
738,98	1142,77
739,16	1228,78
739,34	1187,82
739,52	1206,25
739,70	1171,44
739,88	1220,59
740,06	1181,68
740,24	1183,73
740,42	1155,05
740,60	1175,53
740,78	1171,44
740,96	1247,21
741,14	1138,67
741,32	1247,21
741,50	1124,33
741,68	1132,53
741,86	1142,77
742,04	1163,25
742,22	1171,44
742,40	1130,48
742,58	1220,59
742,76	1177,58
742,94	1124,33
743,12	1216,49
743,30	1210,35
743,48	1120,24
743,66	1177,58
743,84	1159,15
744,02	1163,25
744,20	1208,30
744,38	1273,84
744,56	1181,68
744,74	1105,90
744,92	1150,96
745,10	1222,64
745,28	1175,53
745,46	1226,73
745,64	1265,64
745,82	1150,96
746,00	1226,73
746,18	1206,25
746,36	1175,53
746,54	1189,87
746,72	1165,29
746,90	1202,16
747,08	1206,25
747,26	1157,10
747,44	1193,97
747,62	1185,77
747,80	1224,69
747,98	1144,81
748,15	1103,86
748,33	1120,24
748,51	1249,26
748,69	1142,77
748,87	1187,82
749,05	1138,67
749,23	1130,48
749,41	1171,44
749,59	1187,82
749,77	1177,58
749,95	1214,45
750,13	1179,63
750,31	1200,11
750,49	1163,25
750,67	1175,53
750,85	1218,54
751,03	1206,25
751,20	1185,77
751,38	1216,49
751,56	1220,59
751,74	1167,34
751,92	1187,82
752,10	1181,68
752,28	1161,20
752,46	1239,02
752,64	1179,63
752,82	1146,86
753,00	1142,77
753,18	1243,12
753,35	1263,60
753,53	1169,39
753,71	1165,29
753,89	1193,97
754,07	1175,53
754,25	1214,45
754,43	1196,01
754,61	1167,34
754,79	1187,82
754,97	1169,39
755,14	1128,43
755,32	1177,58
755,50	1212,40
755,68	1124,33
755,86	1206,25
756,04	1118,19
756,22	1214,45
756,40	1148,91
756,57	1165,29
756,75	1130,48
756,93	1134,57
757,11	1208,30
757,29	1196,01
757,47	1234,93
757,65	1173,49
757,82	1171,44
758,00	1155,05
758,18	1126,38
758,36	1191,92
758,54	1191,92
758,72	1173,49
758,90	1181,68
759,07	1134,57
759,25	1228,78
759,43	1116,14
759,61	1253,36
759,79	1144,81
759,97	1130,48
760,15	1239,02
760,32	1243,12
760,50	1155,05
760,68	1130,48
760,86	1236,97
761,04	1150,96
761,22	1220,59
761,39	1163,25
761,57	1245,16
761,75	1155,05
761,93	1206,25
762,11	1118,19
762,28	1167,34
762,46	1107,95
762,64	1198,06
762,82	1288,17
763,00	1136,62
763,18	1142,77
763,35	1206,25
763,53	1155,05
763,71	1124,33
763,89	1257,45
764,07	1226,73
764,24	1196,01
764,42	1171,44
764,60	1226,73
764,78	1193,97
764,96	1171,44
765,13	1124,33
765,31	1167,34
765,49	1159,15
765,67	1181,68
765,84	1200,11
766,02	1171,44
766,20	1144,81
766,38	1220,59
766,56	1236,97
766,73	1161,20
766,91	1173,49
767,09	1173,49
767,27	1183,73
767,44	1116,14
767,62	1095,66
767,80	1167,34
767,98	1081,33
768,15	1110,00
768,33	1198,06
768,51	1196,01
768,69	1165,29
768,87	1153,01
769,04	1292,27
769,22	1249,26
769,40	1177,58
769,58	1224,69
769,75	1214,45
769,93	1112,05
770,11	1251,31
770,28	1243,12
770,46	1167,34
770,64	1146,86
770,82	1060,85
770,99	1226,73
771,17	1167,34
771,35	1253,36
771,53	1208,30
771,70	1216,49
771,88	1210,35
772,06	1193,97
772,23	1093,62
772,41	1263,60
772,59	1253,36
772,77	1163,25
772,94	1124,33
773,12	1224,69
773,30	1191,92
773,47	1214,45
773,65	1179,63
773,83	1148,91
774,01	1208,30
774,18	1181,68
774,36	1177,58
774,54	1212,40
774,71	1243,12
774,89	1220,59
775,07	1177,58
775,24	1118,19
775,42	1089,52
775,60	1224,69
775,78	1157,10
775,95	1095,66
776,13	1153,01
776,31	1159,15
776,48	1179,63
776,66	1181,68
776,84	1159,15
777,01	1179,63
777,19	1185,77
777,37	1171,44
777,54	1114,10
777,72	1216,49
777,90	1165,29
778,07	1140,72
778,25	1150,96
778,43	1165,29
778,60	1212,40
778,78	1191,92
778,96	1163,25
779,13	1191,92
779,31	1153,01
779,49	1226,73
779,66	1173,49
779,84	1191,92
780,01	1175,53
780,19	1165,29
780,37	1185,77
780,54	1163,25
780,72	1165,29
780,90	1122,29
781,07	1155,05
781,25	1208,30
781,43	1163,25
781,60	1212,40
781,78	1134,57
781,95	1206,25
782,13	1234,93
782,31	1208,30
782,48	1136,62
782,66	1232,88
782,83	1193,97
783,01	1107,95
783,19	1183,73
783,36	1206,25
783,54	1212,40
783,72	1130,48
783,89	1153,01
784,07	1134,57
784,24	1200,11
784,42	1196,01
784,60	1251,31
784,77	1165,29
784,95	1144,81
785,12	1148,91
785,30	1165,29
785,47	1226,73
785,65	1191,92
785,83	1220,59
786,00	1132,53
786,18	1122,29
786,35	1118,19
786,53	1157,10
786,71	1150,96
786,88	1212,40
787,06	1148,91
787,23	1196,01
787,41	1196,01
787,58	1255,40
787,76	1183,73
787,94	1138,67
788,11	1177,58
788,29	1167,34
788,46	1214,45
788,64	1128,43
788,81	1222,64
788,99	1116,14
789,16	1216,49
789,34	1196,01
789,52	1181,68
789,69	1175,53
789,87	1110,00
790,04	1150,96
790,22	1177,58
790,39	1183,73
790,57	1185,77
790,74	1062,90
790,92	1279,98
791,09	1239,02
791,27	1110,00
791,44	1142,77
791,62	1245,16
791,79	1218,54
791,97	1171,44
792,15	1161,20
792,32	1173,49
792,50	1230,83
792,67	1177,58
792,85	1138,67
793,02	1196,01
793,20	1191,92
793,37	1196,01
793,55	1183,73
793,72	1150,96
793,90	1181,68
794,07	1191,92
794,25	1171,44
794,42	1144,81
794,60	1138,67
794,77	1177,58
794,95	1196,01
795,12	1185,77
795,30	1224,69
795,47	1142,77
795,65	1204,21
795,82	1177,58
796,00	1196,01
796,17	1224,69
796,34	1177,58
796,52	1175,53
796,69	1218,54
796,87	1142,77
797,04	1196,01
797,22	1146,86
797,39	1183,73
797,57	1206,25
797,74	1153,01
797,92	1187,82
798,09	1150,96
798,27	1191,92
798,44	1187,82
798,62	1130,48
798,79	1247,21
798,96	1241,07
799,14	1105,90
799,31	1179,63
799,49	1255,40
799,66	1212,40
799,84	1210,35
800,01	1177,58
800,19	1163,25
800,36	1140,72
800,53	1150,96
800,71	1196,01
800,88	1165,29
801,06	1159,15
801,23	1239,02
801,41	1124,33
801,58	1196,01
801,75	1128,43
801,93	1130,48
802,10	1204,21
802,28	1208,30
802,45	1146,86
802,63	1173,49
802,80	1167,34
802,97	1214,45
803,15	1204,21
803,32	1196,01
803,50	1208,30
803,67	1183,73
803,84	1210,35
804,02	1239,02
804,19	1116,14
804,37	1187,82
804,54	1150,96
804,71	1122,29
804,89	1124,33
805,06	1118,19
805,24	1259,50
805,41	1159,15
805,58	1155,05
805,76	1089,52
805,93	1128,43
806,10	1116,14
806,28	1204,21
806,45	1212,40
806,63	1200,11
806,80	1218,54
806,97	1153,01
807,15	1179,63
807,32	1191,92
807,49	1196,01
807,67	1163,25
807,84	1185,77
808,01	1161,20
808,19	1193,97
808,36	1230,83
808,54	1218,54
808,71	1169,39
808,88	1187,82
809,06	1259,50
809,23	1175,53
809,40	1216,49
809,58	1236,97
809,75	1155,05
809,92	1132,53
810,10	1202,16
810,27	1181,68
810,44	1171,44
810,62	1191,92
810,79	1193,97
810,96	1193,97
811,14	1103,86
811,31	1110,00
811,48	1185,77
811,66	1226,73
811,83	1171,44
812,00	1146,86
812,18	1228,78
812,35	1239,02
812,52	1212,40
812,69	1173,49
812,87	1196,01
813,04	1120,24
813,21	1136,62
813,39	1187,82
813,56	1179,63
813,73	1249,26
813,91	1202,16
814,08	1146,86
814,25	1159,15
814,42	1165,29
814,60	1216,49
814,77	1218,54
814,94	1159,15
815,12	1196,01
815,29	1101,81
815,46	1196,01
815,63	1216,49
815,81	1206,25
815,98	1214,45
816,15	1171,44
816,33	1169,39
816,50	1187,82
816,67	1142,77
816,84	1165,29
817,02	1181,68
817,19	1181,68
817,36	1161,20
817,53	1236,97
817,71	1191,92
817,88	1214,45
818,05	1105,90
818,22	1163,25
818,40	1232,88
818,57	1167,34
818,74	1236,97
818,91	1153,01
819,09	1206,25
819,26	1146,86
819,43	1114,10
819,60	1210,35
819,78	1132,53
819,95	1214,45
820,12	1171,44
820,29	1220,59
820,47	1136,62
820,64	1234,93
820,81	1138,67
820,98	1128,43
821,15	1189,87
821,33	1155,05
821,50	1144,81
821,67	1200,11
821,84	1196,01
822,02	1169,39
822,19	1157,10
822,36	1218,54
822,53	1193,97
822,70	1118,19
822,88	1245,16
823,05	1167,34
823,22	1202,16
823,39	1122,29
823,56	1187,82
823,74	1126,38
823,91	1150,96
824,08	1196,01
824,25	1161,20
824,42	1200,11
824,60	1136,62
824,77	1261,55
824,94	1198,06
825,11	1165,29
825,28	1155,05
825,45	1155,05
825,63	1171,44
825,80	1173,49
825,97	1173,49
826,14	1138,67
826,31	1146,86
826,48	1196,01
826,66	1255,40
826,83	1204,21
827,00	1204,21
827,17	1230,83
827,34	1169,39
827,51	1189,87
827,69	1159,15
827,86	1271,79
828,03	1187,82
828,20	1144,81
828,37	1210,35
828,54	1218,54
828,71	1218,54
828,89	1101,81
829,06	1239,02
829,23	1200,11
829,40	1112,05
829,57	1173,49
829,74	1185,77
829,91	1077,23
830,09	1214,45
830,26	1126,38
830,43	1228,78
830,60	1138,67
830,77	1185,77
830,94	1220,59
831,11	1146,86
831,28	1181,68
831,46	1253,36
831,63	1232,88
831,80	1155,05
831,97	1247,21
832,14	1120,24
832,31	1165,29
832,48	1200,11
832,65	1200,11
832,82	1157,10
832,99	1196,01
833,17	1204,21
833,34	1134,57
833,51	1173,49
833,68	1193,97
833,85	1157,10
834,02	1196,01
834,19	1191,92
834,36	1165,29
834,53	1118,19
834,70	1247,21
834,87	1187,82
835,04	1153,01
835,22	1214,45
835,39	1214,45
835,56	1175,53
835,73	1148,91
835,90	1134,57
836,07	1224,69
836,24	1216,49
836,41	1187,82
836,58	1187,82
836,75	1177,58
836,92	1169,39
837,09	1181,68
837,26	1208,30
837,43	1243,12
837,60	1183,73
837,77	1196,01
837,94	1226,73
838,12	1245,16
838,29	1230,83
838,46	1234,93
838,63	1175,53
838,80	1200,11
838,97	1132,53
839,14	1095,66
839,31	1136,62
839,48	1198,06
839,65	1148,91
839,82	1189,87
839,99	1187,82
840,16	1150,96
840,33	1204,21
840,50	1101,81
840,67	1202,16
840,84	1153,01
841,01	1189,87
841,18	1136,62
841,35	1193,97
841,52	1220,59
841,69	1204,21
841,86	1181,68
842,03	1114,10
842,20	1224,69
842,37	1085,42
842,54	1165,29
842,71	1157,10
842,88	1153,01
843,05	1245,16
843,22	1226,73
843,39	1171,44
843,56	1181,68
843,73	1198,06
843,90	1210,35
844,07	1138,67
844,24	1212,40
844,41	1124,33
844,58	1130,48
844,75	1150,96
844,92	1273,84
845,09	1146,86
845,26	1241,07
845,43	1103,86
845,60	1181,68
845,77	1130,48
845,94	1208,30
846,10	1150,96
846,27	1159,15
846,44	1249,26
846,61	1214,45
846,78	1163,25
846,95	1196,01
847,12	1099,76
847,29	1163,25
847,46	1202,16
847,63	1159,15
847,80	1161,20
847,97	1101,81
848,14	1271,79
848,31	1200,11
848,48	1198,06
848,65	1218,54
848,82	1185,77
848,98	1202,16
849,15	1118,19
849,32	1202,16
849,49	1126,38
849,66	1208,30
849,83	1089,52
850,00	1144,81
850,17	1175,53
850,34	1179,63
850,51	1187,82
850,68	1159,15
850,85	1153,01
851,01	1165,29
851,18	1224,69
851,35	1210,35
851,52	1150,96
851,69	1212,40
851,86	1134,57
852,03	1167,34
852,20	1165,29
852,37	1193,97
852,53	1142,77
852,70	1161,20
852,87	1161,20
853,04	1138,67
853,21	1169,39
853,38	1212,40
853,55	1206,25
853,72	1144,81
853,89	1161,20
854,05	1218,54
854,22	1177,58
854,39	1204,21
854,56	1179,63
854,73	1171,44
854,90	1212,40
855,07	1097,71
855,23	1150,96
855,40	1177,58
855,57	1110,00
855,74	1200,11
855,91	1208,30
856,08	1114,10
856,25	1097,71
856,41	1157,10
856,58	1212,40
856,75	1175,53
856,92	1124,33
857,09	1175,53
857,26	1150,96
857,42	1220,59
857,59	1198,06
857,76	1146,86
857,93	1187,82
858,10	1210,35
858,27	1140,72
858,43	1144,81
858,60	1193,97
858,77	1140,72
858,94	1159,15
859,11	1116,14
859,27	1114,10
859,44	1150,96
859,61	1202,16
859,78	1200,11
859,95	1204,21
860,12	1136,62
860,28	1200,11
860,45	1196,01
860,62	1179,63
860,79	1310,70
860,95	1122,29
861,12	1193,97
861,29	1138,67
861,46	1206,25
861,63	1138,67
861,79	1181,68
861,96	1171,44
862,13	1185,77
862,30	1181,68
862,47	1165,29
862,63	1206,25
862,80	1157,10
862,97	1206,25
863,14	1163,25
863,30	1163,25
863,47	1157,10
863,64	1171,44
863,81	1214,45
863,97	1196,01
864,14	1155,05
864,31	1054,70
864,48	1210,35
864,65	1167,34
864,81	1153,01
864,98	1146,86
865,15	1193,97
865,32	1206,25
865,48	1181,68
865,65	1216,49
865,82	1185,77
865,98	1171,44
866,15	1171,44
866,32	1060,85
866,49	1146,86
866,65	1165,29
866,82	1146,86
866,99	1138,67
867,16	1200,11
867,32	1175,53
867,49	1181,68
867,66	1183,73
867,83	1241,07
867,99	1183,73
868,16	1216,49
868,33	1202,16
868,49	1261,55
868,66	1181,68
868,83	1208,30
868,99	1157,10
869,16	1146,86
869,33	1153,01
869,50	1159,15
869,66	1206,25
869,83	1222,64
870,00	1200,11
870,16	1134,57
870,33	1208,30
870,50	1181,68
870,66	1183,73
870,83	1169,39
871,00	1255,40
871,17	1101,81
871,33	1200,11
871,50	1216,49
871,67	1189,87
871,83	1202,16
872,00	1239,02
872,17	1159,15
872,33	1175,53
872,50	1214,45
872,67	1191,92
872,83	1216,49
873,00	1206,25
873,17	1173,49
873,33	1163,25
873,50	1093,62
873,67	1169,39
873,83	1159,15
874,00	1126,38
874,16	1167,34
874,33	1204,21
874,50	1220,59
874,66	1189,87
874,83	1239,02
875,00	1177,58
875,16	1185,77
875,33	1222,64
875,50	1165,29
875,66	1236,97
875,83	1159,15
875,99	1200,11
876,16	1232,88
876,33	1175,53
876,49	1167,34
876,66	1165,29
876,83	1165,29
876,99	1208,30
877,16	1116,14
877,32	1130,48
877,49	1173,49
877,66	1226,73
877,82	1128,43
877,99	1175,53
878,15	1177,58
878,32	1173,49
878,49	1181,68
878,65	1130,48
878,82	1159,15
878,98	1173,49
879,15	1245,16
879,32	1167,34
879,48	1173,49
879,65	1185,77
879,81	1157,10
879,98	1234,93
880,15	1144,81
880,31	1122,29
880,48	1126,38
880,64	1169,39
880,81	1196,01
880,97	1122,29
881,14	1128,43
881,31	1146,86
881,47	1171,44
881,64	1189,87
881,80	1171,44
881,97	1150,96
882,13	1212,40
882,30	1212,40
882,47	1161,20
882,63	1216,49
882,80	1177,58
882,96	1200,11
883,13	1214,45
883,29	1189,87
883,46	1228,78
883,62	1189,87
883,79	1200,11
883,95	1157,10
884,12	1196,01
884,29	1171,44
884,45	1202,16
884,62	1202,16
884,78	1232,88
884,95	1148,91
885,11	1212,40
885,28	1204,21
885,44	1173,49
885,61	1157,10
885,77	1206,25
885,94	1198,06
886,10	1159,15
886,27	1134,57
886,43	1142,77
886,60	1142,77
886,76	1196,01
886,93	1167,34
887,09	1189,87
887,26	1232,88
887,42	1206,25
887,59	1159,15
887,75	1163,25
887,92	1146,86
888,08	1159,15
888,25	1169,39
888,41	1132,53
888,58	1234,93
888,74	1177,58
888,91	1155,05
