177,47	1208,30
177,69	1208,30
177,91	1208,30
178,13	1167,34
178,36	1165,29
178,58	1140,72
178,80	1241,07
179,02	1163,25
179,24	1161,20
179,46	1185,77
179,68	1183,73
179,90	1175,53
180,13	1189,87
180,35	1165,29
180,57	1202,16
180,79	1189,87
181,01	1200,11
181,23	1146,86
181,45	1159,15
181,67	1150,96
181,90	1150,96
182,12	1191,92
182,34	1245,16
182,56	1099,76
182,78	1173,49
183,00	1124,33
183,22	1155,05
183,44	1155,05
183,66	1146,86
183,89	1198,06
184,11	1263,60
184,33	1142,77
184,55	1200,11
184,77	1169,39
184,99	1136,62
185,21	1177,58
185,43	1179,63
185,65	1091,57
185,87	1202,16
186,10	1161,20
186,32	1214,45
186,54	1114,10
186,76	1179,63
186,98	1181,68
187,20	1181,68
187,42	1155,05
187,64	1247,21
187,86	1189,87
188,08	1234,93
188,30	1179,63
188,52	1198,06
188,75	1095,66
188,97	1269,74
189,19	1103,86
189,41	1150,96
189,63	1140,72
189,85	1163,25
190,07	1044,46
190,29	1216,49
190,51	1222,64
190,73	1148,91
190,95	1243,12
191,17	1202,16
191,39	1110,00
191,61	1179,63
191,84	1167,34
192,06	1146,86
192,28	1183,73
192,50	1148,91
192,72	1204,21
192,94	1175,53
193,16	1126,38
193,38	1198,06
193,60	1198,06
193,82	1175,53
194,04	1120,24
194,26	1208,30
194,48	1189,87
194,70	1220,59
194,92	1103,86
195,14	1171,44
195,36	1153,01
195,58	1175,53
195,80	1138,67
196,02	1175,53
196,24	1142,77
196,46	1169,39
196,69	1148,91
196,91	1110,00
197,13	1202,16
197,35	1222,64
197,57	1200,11
197,79	1081,33
198,01	1163,25
198,23	1107,95
198,45	1183,73
198,67	1175,53
198,89	1181,68
199,11	1136,62
199,33	1253,36
199,55	1122,29
199,77	1208,30
199,99	1220,59
200,21	1146,86
200,43	1179,63
200,65	1118,19
200,87	1200,11
201,09	1140,72
201,31	1179,63
201,53	1163,25
201,75	1075,18
201,97	1052,66
202,19	1155,05
202,41	1193,97
202,63	1146,86
202,85	1122,29
203,07	1173,49
203,29	1110,00
203,51	1222,64
203,73	1210,35
203,95	1249,26
204,17	1216,49
204,39	1175,53
204,61	1105,90
204,83	1130,48
205,05	1126,38
205,27	1222,64
205,49	1130,48
205,71	1191,92
205,93	1130,48
206,15	1142,77
206,37	1122,29
206,59	1136,62
206,81	1187,82
207,03	1183,73
207,25	1144,81
207,47	1165,29
207,69	1157,10
207,91	1114,10
208,13	1214,45
208,34	1239,02
208,56	1118,19
208,78	1228,78
209,00	1234,93
209,22	1148,91
209,44	1155,05
209,66	1142,77
209,88	1212,40
210,10	1193,97
210,32	1183,73
210,54	1218,54
210,76	1163,25
210,98	1175,53
211,20	1120,24
211,42	1191,92
211,64	1153,01
211,86	1210,35
212,08	1185,77
212,30	1132,53
212,52	1153,01
212,74	1241,07
212,96	1196,01
213,17	1183,73
213,39	1198,06
213,61	1126,38
213,83	1224,69
214,05	1175,53
214,27	1153,01
214,49	1155,05
214,71	1232,88
214,93	1114,10
215,15	1157,10
215,37	1173,49
215,59	1169,39
215,81	1208,30
216,03	1142,77
216,24	1150,96
216,46	1095,66
216,68	1134,57
216,90	1212,40
217,12	1153,01
217,34	1191,92
217,56	1232,88
217,78	1177,58
218,00	1210,35
218,22	1153,01
218,44	1177,58
218,66	1263,60
218,87	1222,64
219,09	1159,15
219,31	1183,73
219,53	1177,58
219,75	1144,81
219,97	1130,48
220,19	1161,20
220,41	1175,53
220,63	1183,73
220,85	1255,40
221,06	1144,81
221,28	1204,21
221,50	1239,02
221,72	1179,63
221,94	1183,73
222,16	1204,21
222,38	1210,35
222,60	1181,68
222,82	1230,83
223,03	1114,10
223,25	1081,33
223,47	1202,16
223,69	1189,87
223,91	1177,58
224,13	1202,16
224,35	1210,35
224,57	1144,81
224,78	1177,58
225,00	1163,25
225,22	1142,77
225,44	1187,82
225,66	1173,49
225,88	1130,48
226,10	1200,11
226,32	1116,14
226,53	1134,57
226,75	1187,82
226,97	1159,15
227,19	1193,97
227,41	1155,05
227,63	1218,54
227,85	1110,00
228,06	1126,38
228,28	1198,06
228,50	1183,73
228,72	1126,38
228,94	1138,67
229,16	1220,59
229,37	1193,97
229,59	1167,34
229,81	1179,63
230,03	1161,20
230,25	1153,01
230,47	1177,58
230,69	1167,34
230,90	1177,58
231,12	1204,21
231,34	1177,58
231,56	1247,21
231,78	1161,20
232,00	1224,69
232,21	1196,01
232,43	1198,06
232,65	1220,59
232,87	1181,68
233,09	1216,49
233,30	1134,57
233,52	1200,11
233,74	1228,78
233,96	1202,16
234,18	1140,72
234,40	1208,30
234,61	1261,55
234,83	1216,49
235,05	1204,21
235,27	1210,35
235,49	1212,40
235,70	1177,58
235,92	1177,58
236,14	1193,97
236,36	1232,88
236,58	1214,45
236,79	1204,21
237,01	1216,49
237,23	1171,44
237,45	1165,29
237,67	1089,52
237,88	1169,39
238,10	1171,44
238,32	1150,96
238,54	1200,11
238,76	1175,53
238,97	1228,78
239,19	1191,92
239,41	1075,18
239,63	1138,67
239,85	1167,34
240,06	1148,91
240,28	1232,88
240,50	1163,25
240,72	1163,25
240,93	1249,26
241,15	1110,00
241,37	1140,72
241,59	1208,30
241,81	1167,34
242,02	1097,71
242,24	1140,72
242,46	1232,88
242,68	1146,86
242,89	1202,16
243,11	1228,78
243,33	1132,53
243,55	1204,21
243,76	1167,34
243,98	1103,86
244,20	1257,45
244,42	1136,62
244,64	1140,72
244,85	1177,58
245,07	1161,20
245,29	1191,92
245,51	1191,92
245,72	1183,73
245,94	1126,38
246,16	1212,40
246,38	1163,25
246,59	1189,87
246,81	1112,05
247,03	1173,49
247,24	1134,57
247,46	1193,97
247,68	1273,84
247,90	1124,33
248,11	1185,77
248,33	1204,21
248,55	1148,91
248,77	1118,19
248,98	1202,16
249,20	1165,29
249,42	1189,87
249,64	1204,21
249,85	1191,92
250,07	1146,86
250,29	1175,53
250,50	1222,64
250,72	1140,72
250,94	1193,97
251,16	1140,72
251,37	1191,92
251,59	1175,53
251,81	1208,30
252,02	1183,73
252,24	1155,05
252,46	1189,87
252,68	1228,78
252,89	1167,34
253,11	1114,10
253,33	1140,72
253,54	1243,12
253,76	1185,77
253,98	1214,45
254,20	1173,49
254,41	1114,10
254,63	1103,86
254,85	1249,26
255,06	1204,21
255,28	1204,21
255,50	1196,01
255,71	1075,18
255,93	1198,06
256,15	1177,58
256,36	1163,25
256,58	1179,63
256,80	1175,53
257,02	1150,96
257,23	1208,30
257,45	1206,25
257,67	1183,73
257,88	1153,01
258,10	1165,29
258,32	1130,48
258,53	1173,49
258,75	1269,74
258,97	1204,21
259,18	1157,10
259,40	1138,67
259,62	1169,39
259,83	1148,91
260,05	1150,96
260,27	1214,45
260,48	1138,67
260,70	1169,39
260,92	1132,53
261,13	1185,77
261,35	1161,20
261,57	1181,68
261,78	1122,29
262,00	1159,15
262,22	1064,94
262,43	1161,20
262,65	1155,05
262,86	1261,55
263,08	1167,34
263,30	1200,11
263,51	1116,14
263,73	1159,15
263,95	1179,63
264,16	1234,93
264,38	1204,21
264,60	1163,25
264,81	1200,11
265,03	1138,67
265,25	1175,53
265,46	1216,49
265,68	1138,67
265,89	1140,72
266,11	1167,34
266,33	1118,19
266,54	1224,69
266,76	1202,16
266,98	1144,81
267,19	1163,25
267,41	1247,21
267,62	1163,25
267,84	1169,39
268,06	1249,26
268,27	1171,44
268,49	1208,30
268,70	1206,25
268,92	1183,73
269,14	1134,57
269,35	1232,88
269,57	1179,63
269,79	1159,15
270,00	1206,25
270,22	1132,53
270,43	1187,82
270,65	1138,67
270,87	1206,25
271,08	1159,15
271,30	1245,16
271,51	1169,39
271,73	1171,44
271,95	1163,25
272,16	1167,34
272,38	1218,54
272,59	1153,01
272,81	1148,91
273,02	1167,34
273,24	1157,10
273,46	1146,86
273,67	1163,25
273,89	1196,01
274,10	1261,55
274,32	1114,10
274,54	1128,43
274,75	1198,06
274,97	1132,53
275,18	1142,77
275,40	1187,82
275,61	1155,05
275,83	1249,26
276,05	1196,01
276,26	1232,88
276,48	1144,81
276,69	1110,00
276,91	1183,73
277,12	1150,96
277,34	1118,19
277,55	1196,01
277,77	1243,12
277,99	1144,81
278,20	1155,05
278,42	1177,58
278,63	1222,64
278,85	1198,06
279,06	1171,44
279,28	1173,49
279,49	1148,91
279,71	1169,39
279,93	1230,83
280,14	1167,34
280,36	1136,62
280,57	1239,02
280,79	1122,29
281,00	1220,59
281,22	1124,33
281,43	1214,45
281,65	1144,81
281,86	1075,18
282,08	1126,38
282,29	1126,38
282,51	1177,58
282,73	1206,25
282,94	1167,34
283,16	1155,05
283,37	1150,96
283,59	1142,77
283,80	1251,31
284,02	1187,82
284,23	1198,06
284,45	1187,82
284,66	1163,25
284,88	1204,21
285,09	1165,29
285,31	1118,19
285,52	1212,40
285,74	1239,02
285,95	1282,03
286,17	1191,92
286,38	1187,82
286,60	1222,64
286,81	1191,92
287,03	1253,36
287,24	1122,29
287,46	1138,67
287,67	1200,11
287,89	1140,72
288,10	1175,53
288,32	1159,15
288,53	1189,87
288,75	1114,10
288,96	1177,58
289,18	1183,73
289,39	1189,87
289,61	1185,77
289,82	1085,42
290,04	1155,05
290,25	1222,64
290,47	1179,63
290,68	1146,86
290,90	1193,97
291,11	1150,96
291,33	1134,57
291,54	1179,63
291,76	1193,97
291,97	1161,20
292,18	1198,06
292,40	1208,30
292,61	1179,63
292,83	1163,25
293,04	1173,49
293,26	1126,38
293,47	1183,73
293,69	1189,87
293,90	1187,82
294,12	1187,82
294,33	1304,56
294,55	1136,62
294,76	1126,38
294,97	1159,15
295,19	1138,67
295,40	1210,35
295,62	1216,49
295,83	1148,91
296,05	1150,96
296,26	1126,38
296,48	1232,88
296,69	1239,02
296,90	1191,92
297,12	1153,01
297,33	1187,82
297,55	1193,97
297,76	1122,29
297,98	1196,01
298,19	1179,63
298,41	1183,73
298,62	1161,20
298,83	1175,53
299,05	1159,15
299,26	1155,05
299,48	1216,49
299,69	1193,97
299,90	1181,68
300,12	1191,92
300,33	1181,68
300,55	1171,44
300,76	1204,21
300,98	1101,81
301,19	1173,49
301,40	1144,81
301,62	1208,30
301,83	1146,86
302,05	1232,88
302,26	1185,77
302,47	1138,67
302,69	1050,61
302,90	1232,88
303,12	1204,21
303,33	1189,87
303,54	1144,81
303,76	1163,25
303,97	1163,25
304,19	1140,72
304,40	1161,20
304,61	1163,25
304,83	1130,48
305,04	1265,64
305,26	1103,86
305,47	1167,34
305,68	1177,58
305,90	1159,15
306,11	1226,73
306,33	1159,15
306,54	1241,07
306,75	1200,11
306,97	1181,68
307,18	1136,62
307,39	1165,29
307,61	1212,40
307,82	1124,33
308,04	1179,63
308,25	1136,62
308,46	1142,77
308,68	1200,11
308,89	1153,01
309,10	1239,02
309,32	1148,91
309,53	1216,49
309,74	1193,97
309,96	1153,01
310,17	1239,02
310,39	1167,34
310,60	1208,30
310,81	1179,63
311,03	1177,58
311,24	1196,01
311,45	1169,39
311,67	1204,21
311,88	1144,81
312,09	1247,21
312,31	1214,45
312,52	1239,02
312,73	1224,69
312,95	1099,76
313,16	1155,05
313,37	1208,30
313,59	1212,40
313,80	1069,04
314,01	1146,86
314,23	1196,01
314,44	1157,10
314,65	1140,72
314,87	1167,34
315,08	1181,68
315,29	1282,03
315,51	1167,34
315,72	1181,68
315,93	1171,44
316,15	1124,33
316,36	1163,25
316,57	1183,73
316,79	1204,21
317,00	1169,39
317,21	1126,38
317,43	1218,54
317,64	1183,73
317,85	1173,49
318,07	1171,44
318,28	1214,45
318,49	1210,35
318,70	1204,21
318,92	1140,72
319,13	1204,21
319,34	1163,25
319,56	1175,53
319,77	1171,44
319,98	1136,62
320,20	1167,34
320,41	1173,49
320,62	1228,78
320,83	1222,64
321,05	1163,25
321,26	1249,26
321,47	1097,71
321,69	1171,44
321,90	1155,05
322,11	1173,49
322,32	1161,20
322,54	1128,43
322,75	1189,87
322,96	1183,73
323,18	1204,21
323,39	1165,29
323,60	1204,21
323,81	1173,49
324,03	1257,45
324,24	1257,45
324,45	1148,91
324,66	1189,87
324,88	1243,12
325,09	1142,77
325,30	1179,63
325,52	1171,44
325,73	1128,43
325,94	1208,30
326,15	1257,45
326,37	1171,44
326,58	1196,01
326,79	1185,77
327,00	1191,92
327,22	1191,92
327,43	1146,86
327,64	1185,77
327,85	1167,34
328,07	1150,96
328,28	1126,38
328,49	1198,06
328,70	1245,16
328,92	1275,88
329,13	1163,25
329,34	1216,49
329,55	1138,67
329,76	1112,05
329,98	1196,01
330,19	1204,21
330,40	1128,43
330,61	1177,58
330,83	1222,64
331,04	1196,01
331,25	1185,77
331,46	1273,84
331,68	1224,69
331,89	1112,05
332,10	1167,34
332,31	1146,86
332,52	1185,77
332,74	1210,35
332,95	1196,01
333,16	1126,38
333,37	1130,48
333,58	1157,10
333,80	1196,01
334,01	1167,34
334,22	1099,76
334,43	1187,82
334,64	1253,36
334,86	1165,29
335,07	1159,15
335,28	1181,68
335,49	1085,42
335,70	1228,78
335,92	1116,14
336,13	1138,67
336,34	1189,87
336,55	1230,83
336,76	1183,73
336,98	1187,82
337,19	1230,83
337,40	1198,06
337,61	1130,48
337,82	1120,24
338,04	1163,25
338,25	1191,92
338,46	1163,25
338,67	1185,77
338,88	1191,92
339,09	1226,73
339,31	1138,67
339,52	1138,67
339,73	1150,96
339,94	1214,45
340,15	1183,73
340,36	1200,11
340,58	1153,01
340,79	1144,81
341,00	1191,92
341,21	1189,87
341,42	1185,77
341,63	1155,05
341,85	1206,25
342,06	1169,39
342,27	1159,15
342,48	1120,24
342,69	1140,72
342,90	1167,34
343,12	1114,10
343,33	1142,77
343,54	1153,01
343,75	1155,05
343,96	1165,29
344,17	1150,96
344,38	1224,69
344,60	1210,35
344,81	1196,01
345,02	1159,15
345,23	1200,11
345,44	1116,14
345,65	1218,54
345,86	1161,20
346,07	1177,58
346,29	1148,91
346,50	1120,24
346,71	1169,39
346,92	1224,69
347,13	1175,53
347,34	1202,16
347,55	1181,68
347,76	1134,57
347,98	1101,81
348,19	1208,30
348,40	1200,11
348,61	1216,49
348,82	1132,53
349,03	1179,63
349,24	1120,24
349,45	1202,16
349,66	1134,57
349,88	1210,35
350,09	1177,58
350,30	1159,15
350,51	1126,38
350,72	1153,01
350,93	1212,40
351,14	1216,49
351,35	1177,58
351,56	1126,38
351,77	1200,11
351,99	1181,68
352,20	1245,16
352,41	1200,11
352,62	1179,63
352,83	1185,77
353,04	1171,44
353,25	1183,73
353,46	1216,49
353,67	1159,15
353,88	1198,06
354,09	1093,62
354,30	1206,25
354,52	1183,73
354,73	1159,15
354,94	1196,01
355,15	1191,92
355,36	1214,45
355,57	1200,11
355,78	1206,25
355,99	1198,06
356,20	1222,64
356,41	1187,82
356,62	1189,87
356,83	1148,91
357,04	1126,38
357,25	1142,77
357,46	1200,11
357,68	1136,62
357,89	1191,92
358,10	1138,67
358,31	1163,25
358,52	1167,34
358,73	1232,88
358,94	1157,10
359,15	1169,39
359,36	1191,92
359,57	1245,16
359,78	1140,72
359,99	1214,45
360,20	1202,16
360,41	1204,21
360,62	1175,53
360,83	1167,34
361,04	1142,77
361,25	1173,49
361,46	1167,34
361,67	1220,59
361,88	1210,35
362,09	1212,40
362,30	1169,39
362,51	1138,67
362,72	1134,57
362,93	1140,72
363,14	1142,77
363,35	1165,29
363,56	1230,83
363,78	1230,83
363,99	1226,73
364,20	1165,29
364,41	1222,64
364,62	1126,38
364,83	1155,05
365,04	1128,43
365,25	1175,53
365,46	1267,69
365,67	1185,77
365,88	1150,96
366,09	1183,73
366,30	1112,05
366,51	1126,38
366,72	1179,63
366,93	1150,96
367,14	1200,11
367,35	1167,34
367,56	1159,15
367,77	1191,92
367,98	1146,86
368,18	1120,24
368,39	1155,05
368,60	1177,58
368,81	1179,63
369,02	1144,81
369,23	1146,86
369,44	1155,05
369,65	1163,25
369,86	1161,20
370,07	1161,20
370,28	1150,96
370,49	1198,06
370,70	1212,40
370,91	1191,92
371,12	1126,38
371,33	1216,49
371,54	1148,91
371,75	1118,19
371,96	1198,06
372,17	1208,30
372,38	1220,59
372,59	1269,74
372,80	1138,67
373,01	1189,87
373,22	1181,68
373,43	1155,05
373,64	1165,29
373,85	1124,33
374,06	1157,10
374,26	1187,82
374,47	1198,06
374,68	1110,00
374,89	1210,35
375,10	1165,29
375,31	1169,39
375,52	1163,25
375,73	1196,01
375,94	1159,15
376,15	1165,29
376,36	1130,48
376,57	1193,97
376,78	1150,96
376,99	1101,81
377,20	1163,25
377,40	1177,58
377,61	1208,30
377,82	1214,45
378,03	1216,49
378,24	1179,63
378,45	1134,57
378,66	1208,30
378,87	1198,06
379,08	1161,20
379,29	1232,88
379,50	1177,58
379,71	1146,86
379,91	1165,29
380,12	1136,62
380,33	1134,57
380,54	1167,34
380,75	1232,88
380,96	1189,87
381,17	1206,25
381,38	1150,96
381,59	1169,39
381,80	1153,01
382,00	1269,74
382,21	1136,62
382,42	1161,20
382,63	1140,72
382,84	1157,10
383,05	1234,93
383,26	1118,19
383,47	1089,52
383,68	1224,69
383,88	1234,93
384,09	1167,34
384,30	1224,69
384,51	1185,77
384,72	1189,87
384,93	1230,83
385,14	1150,96
385,35	1206,25
385,55	1155,05
385,76	1187,82
385,97	1112,05
386,18	1218,54
386,39	1116,14
386,60	1157,10
386,81	1175,53
387,02	1181,68
387,22	1163,25
387,43	1173,49
387,64	1130,48
387,85	1157,10
388,06	1167,34
388,27	1206,25
388,48	1132,53
388,68	1128,43
388,89	1146,86
389,10	1175,53
389,31	1161,20
389,52	1183,73
389,73	1142,77
389,93	1185,77
390,14	1144,81
390,35	1159,15
390,56	1196,01
390,77	1165,29
390,98	1138,67
391,18	1153,01
391,39	1136,62
391,60	1206,25
391,81	1134,57
392,02	1159,15
392,23	1208,30
392,43	1130,48
392,64	1146,86
392,85	1173,49
393,06	1130,48
393,27	1159,15
393,47	1206,25
393,68	1241,07
393,89	1279,98
394,10	1167,34
394,31	1193,97
394,52	1189,87
394,72	1146,86
394,93	1085,42
395,14	1124,33
395,35	1208,30
395,56	1220,59
395,76	1183,73
395,97	1183,73
396,18	1173,49
396,39	1189,87
396,60	1159,15
396,80	1210,35
397,01	1159,15
397,22	1179,63
397,43	1155,05
397,64	1179,63
397,84	1144,81
398,05	1155,05
398,26	1128,43
398,47	1210,35
398,67	1140,72
398,88	1185,77
399,09	1165,29
399,30	1187,82
399,51	1163,25
399,71	1206,25
399,92	1196,01
400,13	1255,40
400,34	1159,15
400,54	1179,63
400,75	1130,48
400,96	1202,16
401,17	1191,92
401,37	1153,01
401,58	1155,05
401,79	1126,38
402,00	1118,19
402,21	1228,78
402,41	1236,97
402,62	1181,68
402,83	1161,20
403,04	1185,77
403,24	1163,25
403,45	1169,39
403,66	1224,69
403,87	1136,62
404,07	1269,74
404,28	1216,49
404,49	1230,83
404,70	1218,54
404,90	1200,11
405,11	1159,15
405,32	1206,25
405,52	1150,96
405,73	1183,73
405,94	1220,59
406,15	1208,30
406,35	1169,39
406,56	1138,67
406,77	1228,78
406,98	1155,05
407,18	1210,35
407,39	1175,53
407,60	1077,23
407,80	1150,96
408,01	1146,86
408,22	1183,73
408,43	1185,77
408,63	1159,15
408,84	1212,40
409,05	1185,77
409,25	1198,06
409,46	1167,34
409,67	1167,34
409,88	1128,43
410,08	1140,72
410,29	1132,53
410,50	1165,29
410,70	1193,97
410,91	1173,49
411,12	1198,06
411,32	1183,73
411,53	1155,05
411,74	1189,87
411,95	1142,77
412,15	1132,53
412,36	1171,44
412,57	1208,30
412,77	1150,96
412,98	1206,25
413,19	1091,57
413,39	1081,33
413,60	1212,40
413,81	1136,62
414,01	1112,05
414,22	1171,44
414,43	1232,88
414,63	1191,92
414,84	1226,73
415,05	1167,34
415,25	1181,68
415,46	1179,63
415,67	1099,76
415,87	1060,85
416,08	1173,49
416,29	1138,67
416,49	1198,06
416,70	1214,45
416,91	1210,35
417,11	1169,39
417,32	1167,34
417,53	1175,53
417,73	1148,91
417,94	1173,49
418,15	1146,86
418,35	1159,15
418,56	1177,58
418,77	1208,30
418,97	1165,29
419,18	1212,40
419,38	1163,25
419,59	1138,67
419,80	1150,96
420,00	1165,29
420,21	1138,67
420,42	1157,10
420,62	1216,49
420,83	1191,92
421,04	1146,86
421,24	1175,53
421,45	1150,96
421,65	1234,93
421,86	1228,78
422,07	1148,91
422,27	1153,01
422,48	1118,19
422,69	1239,02
422,89	1153,01
423,10	1191,92
423,30	1202,16
423,51	1214,45
423,72	1196,01
423,92	1181,68
424,13	1114,10
424,33	1239,02
424,54	1150,96
424,75	1142,77
424,95	1138,67
425,16	1165,29
425,36	1163,25
425,57	1224,69
425,78	1171,44
425,98	1181,68
426,19	1146,86
426,39	1089,52
426,60	1116,14
426,81	1249,26
427,01	1144,81
427,22	1200,11
427,42	1165,29
427,63	1214,45
427,83	1279,98
428,04	1167,34
428,25	1153,01
428,45	1191,92
428,66	1165,29
428,86	1079,28
429,07	1249,26
429,28	1200,11
429,48	1118,19
429,69	1095,66
429,89	1146,86
430,10	1138,67
430,30	1202,16
430,51	1150,96
430,71	1226,73
430,92	1181,68
431,13	1155,05
431,33	1181,68
431,54	1093,62
431,74	1165,29
431,95	1159,15
432,15	1200,11
432,36	1185,77
432,56	1177,58
432,77	1153,01
432,98	1181,68
433,18	1179,63
433,39	1167,34
433,59	1138,67
433,80	1138,67
434,00	1198,06
434,21	1138,67
434,41	1216,49
434,62	1142,77
434,82	1218,54
435,03	1157,10
435,23	1185,77
435,44	1140,72
435,64	1183,73
435,85	1189,87
436,06	1175,53
436,26	1130,48
436,47	1110,00
436,67	1153,01
436,88	1241,07
437,08	1200,11
437,29	1206,25
437,49	1132,53
437,70	1187,82
437,90	1210,35
438,11	1175,53
438,31	1157,10
438,52	1146,86
438,72	1138,67
438,93	1169,39
439,13	1130,48
439,34	1189,87
439,54	1157,10
439,75	1118,19
439,95	1167,34
440,16	1124,33
440,36	1177,58
440,57	1171,44
440,77	1130,48
440,98	1208,30
441,18	1241,07
441,39	1167,34
441,59	1173,49
441,80	1204,21
442,00	1191,92
442,21	1202,16
442,41	1189,87
442,62	1142,77
442,82	1163,25
443,02	1124,33
443,23	1230,83
443,43	1212,40
443,64	1155,05
443,84	1167,34
444,05	1173,49
444,25	1171,44
444,46	1263,60
444,66	1089,52
444,87	1150,96
445,07	1279,98
445,28	1163,25
445,48	1159,15
445,69	1112,05
445,89	1097,71
446,09	1189,87
446,30	1136,62
446,50	1134,57
446,71	1163,25
446,91	1204,21
447,12	1159,15
447,32	1146,86
447,53	1153,01
447,73	1128,43
447,93	1198,06
448,14	1134,57
448,34	1165,29
448,55	1214,45
448,75	1132,53
448,96	1165,29
449,16	1179,63
449,36	1236,97
449,57	1097,71
449,77	1165,29
449,98	1138,67
450,18	1148,91
450,39	1177,58
450,59	1206,25
450,79	1140,72
451,00	1181,68
451,20	1167,34
451,41	1271,79
451,61	1146,86
451,81	1163,25
452,02	1132,53
452,22	1196,01
452,43	1234,93
452,63	1202,16
452,84	1161,20
453,04	1193,97
453,24	1177,58
453,45	1126,38
453,65	1150,96
453,86	1161,20
454,06	1075,18
454,26	1103,86
454,47	1118,19
454,67	1130,48
454,87	1134,57
455,08	1146,86
455,28	1153,01
455,49	1173,49
455,69	1148,91
455,89	1216,49
456,10	1169,39
456,30	1167,34
456,51	1116,14
456,71	1230,83
456,91	1208,30
457,12	1069,04
457,32	1175,53
457,52	1142,77
457,73	1191,92
457,93	1177,58
458,14	1179,63
458,34	1204,21
458,54	1226,73
458,75	1148,91
458,95	1136,62
459,15	1142,77
459,36	1120,24
459,56	1130,48
459,76	1191,92
459,97	1169,39
460,17	1206,25
460,37	1187,82
460,58	1181,68
460,78	1165,29
460,99	1210,35
461,19	1165,29
461,39	1120,24
461,60	1243,12
461,80	1112,05
462,00	1196,01
462,21	1179,63
462,41	1173,49
462,61	1171,44
462,82	1245,16
463,02	1114,10
463,22	1173,49
463,43	1196,01
463,63	1159,15
463,83	1204,21
464,04	1153,01
464,24	1243,12
464,44	1161,20
464,64	1202,16
464,85	1150,96
465,05	1193,97
465,25	1155,05
465,46	1202,16
465,66	1181,68
465,86	1185,77
466,07	1138,67
466,27	1175,53
466,47	1126,38
466,68	1187,82
466,88	1177,58
467,08	1167,34
467,29	1161,20
467,49	1165,29
467,69	1179,63
467,89	1153,01
468,10	1103,86
468,30	1163,25
468,50	1153,01
468,71	1173,49
468,91	1181,68
469,11	1189,87
469,31	1159,15
469,52	1226,73
469,72	1134,57
469,92	1140,72
470,13	1153,01
470,33	1193,97
470,53	1212,40
470,73	1165,29
470,94	1183,73
471,14	1169,39
471,34	1155,05
471,54	1191,92
471,75	1181,68
471,95	1128,43
472,15	1148,91
472,36	1093,62
472,56	1251,31
472,76	1185,77
472,96	1200,11
473,17	1216,49
473,37	1153,01
473,57	1181,68
473,77	1183,73
473,98	1105,90
474,18	1112,05
474,38	1191,92
474,58	1175,53
474,79	1171,44
474,99	1191,92
475,19	1171,44
475,39	1150,96
475,60	1216,49
475,80	1222,64
476,00	1157,10
476,20	1187,82
476,41	1175,53
476,61	1179,63
476,81	1122,29
477,01	1173,49
477,21	1118,19
477,42	1169,39
477,62	1193,97
477,82	1206,25
478,02	1193,97
478,23	1175,53
478,43	1216,49
478,63	1187,82
478,83	1167,34
479,03	1116,14
479,24	1198,06
479,44	1183,73
479,64	1183,73
479,84	1208,30
480,04	1193,97
480,25	1216,49
480,45	1181,68
480,65	1169,39
480,85	1165,29
481,06	1163,25
481,26	1134,57
481,46	1210,35
481,66	1204,21
481,86	1185,77
482,06	1136,62
482,27	1193,97
482,47	1161,20
482,67	1134,57
482,87	1198,06
483,07	1191,92
483,28	1169,39
483,48	1148,91
483,68	1181,68
483,88	1132,53
484,08	1148,91
484,29	1185,77
484,49	1163,25
484,69	1208,30
484,89	1155,05
485,09	1253,36
485,29	1144,81
485,50	1171,44
485,70	1202,16
485,90	1173,49
486,10	1140,72
486,30	1159,15
486,50	1165,29
486,71	1202,16
486,91	1185,77
487,11	1202,16
487,31	1136,62
487,51	1167,34
487,71	1200,11
487,91	1208,30
488,12	1120,24
488,32	1167,34
488,52	1222,64
488,72	1126,38
488,92	1236,97
489,12	1159,15
489,32	1253,36
489,53	1169,39
489,73	1066,99
489,93	1155,05
490,13	1136,62
490,33	1214,45
490,53	1234,93
490,73	1110,00
490,94	1101,81
491,14	1161,20
491,34	1196,01
491,54	1136,62
491,74	1171,44
491,94	1189,87
492,14	1148,91
492,34	1173,49
492,54	1173,49
492,75	1146,86
492,95	1236,97
493,15	1208,30
493,35	1187,82
493,55	1210,35
493,75	1159,15
493,95	1132,53
494,15	1150,96
494,35	1159,15
494,56	1126,38
494,76	1196,01
494,96	1173,49
495,16	1208,30
495,36	1243,12
495,56	1191,92
495,76	1214,45
495,96	1214,45
496,16	1146,86
496,36	1159,15
496,56	1148,91
496,77	1159,15
496,97	1175,53
497,17	1122,29
497,37	1124,33
497,57	1122,29
497,77	1163,25
497,97	1150,96
498,17	1179,63
498,37	1116,14
498,57	1181,68
498,77	1163,25
498,97	1163,25
499,17	1239,02
499,38	1140,72
499,58	1193,97
499,78	1134,57
499,98	1173,49
500,18	1243,12
500,38	1183,73
500,58	1220,59
500,78	1157,10
500,98	1175,53
501,18	1206,25
501,38	1171,44
501,58	1204,21
501,78	1157,10
501,98	1177,58
502,18	1155,05
502,38	1134,57
502,58	1196,01
502,78	1146,86
502,98	1193,97
503,18	1165,29
503,38	1208,30
503,59	1216,49
503,79	1179,63
503,99	1167,34
504,19	1181,68
504,39	1165,29
504,59	1112,05
504,79	1101,81
504,99	1191,92
505,19	1153,01
505,39	1187,82
505,59	1159,15
505,79	1191,92
505,99	1249,26
506,19	1191,92
506,39	1165,29
506,59	1130,48
506,79	1208,30
506,99	1222,64
507,19	1200,11
507,39	1134,57
507,59	1241,07
507,79	1243,12
507,99	1200,11
508,19	1155,05
508,39	1191,92
508,59	1153,01
508,79	1179,63
508,99	1163,25
509,19	1136,62
509,39	1202,16
509,59	1122,29
509,79	1198,06
509,99	1212,40
510,19	1105,90
510,39	1183,73
510,59	1198,06
510,79	1222,64
510,99	1228,78
511,19	1236,97
511,39	1138,67
511,59	1183,73
511,79	1138,67
511,99	1181,68
512,19	1163,25
512,38	1124,33
512,58	1132,53
512,78	1196,01
512,98	1177,58
513,18	1198,06
513,38	1208,30
513,58	1128,43
513,78	1146,86
513,98	1200,11
514,18	1155,05
514,38	1138,67
514,58	1189,87
514,78	1196,01
514,98	1214,45
515,18	1134,57
515,38	1148,91
515,58	1226,73
515,78	1132,53
515,98	1157,10
516,18	1167,34
516,38	1142,77
516,57	1177,58
516,77	1093,62
516,97	1120,24
517,17	1124,33
517,37	1107,95
517,57	1212,40
517,77	1126,38
517,97	1173,49
518,17	1183,73
518,37	1169,39
518,57	1212,40
518,77	1161,20
518,97	1142,77
519,16	1112,05
519,36	1165,29
519,56	1169,39
519,76	1177,58
519,96	1124,33
520,16	1189,87
520,36	1101,81
520,56	1140,72
520,76	1132,53
520,96	1128,43
521,16	1193,97
521,35	1167,34
521,55	1148,91
521,75	1171,44
521,95	1159,15
522,15	1183,73
522,35	1255,40
522,55	1191,92
522,75	1124,33
522,95	1161,20
523,14	1216,49
523,34	1175,53
523,54	1122,29
523,74	1144,81
523,94	1114,10
524,14	1179,63
524,34	1181,68
524,54	1124,33
524,73	1187,82
524,93	1134,57
525,13	1142,77
525,33	1232,88
525,53	1173,49
525,73	1214,45
525,93	1228,78
526,13	1134,57
526,32	1161,20
526,52	1241,07
526,72	1142,77
526,92	1148,91
527,12	1206,25
527,32	1144,81
527,52	1193,97
527,71	1167,34
527,91	1200,11
528,11	1146,86
528,31	1128,43
528,51	1146,86
528,71	1239,02
528,90	1116,14
529,10	1208,30
529,30	1150,96
529,50	1134,57
529,70	1165,29
529,90	1177,58
530,09	1134,57
530,29	1099,76
530,49	1101,81
530,69	1169,39
530,89	1230,83
531,09	1236,97
531,28	1218,54
531,48	1159,15
531,68	1200,11
531,88	1144,81
532,08	1200,11
532,28	1118,19
532,47	1241,07
532,67	1159,15
532,87	1216,49
533,07	1150,96
533,27	1165,29
533,46	1183,73
533,66	1163,25
533,86	1148,91
534,06	1171,44
534,26	1153,01
534,45	1163,25
534,65	1187,82
534,85	1161,20
535,05	1202,16
535,25	1087,47
535,44	1241,07
535,64	1212,40
535,84	1161,20
536,04	1200,11
536,24	1161,20
536,43	1196,01
536,63	1198,06
536,83	1159,15
537,03	1214,45
537,22	1206,25
537,42	1177,58
537,62	1167,34
537,82	1239,02
538,02	1220,59
538,21	1181,68
538,41	1159,15
538,61	1191,92
538,81	1179,63
539,00	1181,68
539,20	1091,57
539,40	1169,39
539,60	1142,77
539,79	1200,11
539,99	1146,86
540,19	1167,34
540,39	1146,86
540,58	1189,87
540,78	1157,10
540,98	1210,35
541,18	1157,10
541,37	1171,44
541,57	1187,82
541,77	1173,49
541,97	1134,57
542,16	1165,29
542,36	1200,11
542,56	1206,25
542,76	1191,92
542,95	1206,25
543,15	1122,29
543,35	1142,77
543,54	1204,21
543,74	1196,01
543,94	1175,53
544,14	1155,05
544,33	1148,91
544,53	1173,49
544,73	1093,62
544,93	1175,53
545,12	1150,96
545,32	1167,34
545,52	1134,57
545,71	1202,16
545,91	1130,48
546,11	1202,16
546,30	1181,68
546,50	1218,54
546,70	1112,05
546,90	1189,87
547,09	1140,72
547,29	1198,06
547,49	1157,10
547,68	1191,92
547,88	1134,57
548,08	1187,82
548,27	1239,02
548,47	1218,54
548,67	1236,97
548,87	1191,92
549,06	1171,44
549,26	1101,81
549,46	1142,77
549,65	1193,97
549,85	1218,54
550,05	1144,81
550,24	1181,68
550,44	1148,91
550,64	1163,25
550,83	1175,53
551,03	1134,57
551,23	1241,07
551,42	1212,40
551,62	1196,01
551,82	1204,21
552,01	1165,29
552,21	1193,97
552,41	1181,68
552,60	1187,82
552,80	1173,49
553,00	1122,29
553,19	1118,19
553,39	1198,06
553,59	1189,87
553,78	1187,82
553,98	1175,53
554,17	1173,49
554,37	1138,67
554,57	1130,48
554,76	1163,25
554,96	1159,15
555,16	1126,38
555,35	1228,78
555,55	1148,91
555,75	1159,15
555,94	1122,29
556,14	1185,77
556,33	1214,45
556,53	1144,81
556,73	1148,91
556,92	1163,25
557,12	1124,33
557,32	1161,20
557,51	1130,48
557,71	1212,40
557,90	1206,25
558,10	1210,35
558,30	1169,39
558,49	1167,34
558,69	1189,87
558,88	1150,96
559,08	1247,21
559,28	1081,33
559,47	1175,53
559,67	1232,88
559,86	1216,49
560,06	1157,10
560,26	1105,90
560,45	1126,38
560,65	1173,49
560,84	1122,29
561,04	1206,25
561,24	1234,93
561,43	1196,01
561,63	1179,63
561,82	1212,40
562,02	1148,91
562,22	1126,38
562,41	1202,16
562,61	1218,54
562,80	1183,73
563,00	1189,87
563,19	1107,95
563,39	1159,15
563,59	1218,54
563,78	1212,40
563,98	1066,99
564,17	1116,14
564,37	1185,77
564,56	1155,05
564,76	1163,25
564,96	1120,24
565,15	1134,57
565,35	1175,53
565,54	1140,72
565,74	1148,91
565,93	1142,77
566,13	1173,49
566,32	1071,09
566,52	1165,29
566,71	1159,15
566,91	1148,91
567,11	1142,77
567,30	1163,25
567,50	1218,54
567,69	1161,20
567,89	1155,05
568,08	1171,44
568,28	1130,48
568,47	1183,73
568,67	1155,05
568,86	1148,91
569,06	1163,25
569,25	1247,21
569,45	1136,62
569,64	1204,21
569,84	1140,72
570,04	1202,16
570,23	1222,64
570,43	1136,62
570,62	1085,42
570,82	1167,34
571,01	1206,25
571,21	1234,93
571,40	1148,91
571,60	1134,57
571,79	1191,92
571,99	1132,53
572,18	1105,90
572,38	1230,83
572,57	1216,49
572,77	1140,72
572,96	1196,01
573,16	1179,63
573,35	1171,44
573,55	1144,81
573,74	1179,63
573,94	1167,34
574,13	1214,45
574,33	1253,36
574,52	1198,06
574,71	1169,39
574,91	1148,91
575,10	1257,45
575,30	1173,49
575,49	1189,87
575,69	1279,98
575,88	1257,45
576,08	1179,63
576,27	1187,82
576,47	1179,63
576,66	1126,38
576,86	1148,91
577,05	1136,62
577,25	1163,25
577,44	1183,73
577,64	1181,68
577,83	1220,59
578,02	1261,55
578,22	1093,62
578,41	1204,21
578,61	1212,40
578,80	1196,01
579,00	1148,91
579,19	1142,77
579,39	1226,73
579,58	1167,34
579,77	1169,39
579,97	1155,05
580,16	1181,68
580,36	1150,96
580,55	1138,67
580,75	1157,10
580,94	1144,81
581,13	1105,90
581,33	1200,11
581,52	1245,16
581,72	1159,15
581,91	1091,57
582,11	1236,97
582,30	1181,68
582,49	1171,44
582,69	1212,40
582,88	1136,62
583,08	1153,01
583,27	1144,81
583,47	1157,10
583,66	1181,68
583,85	1218,54
584,05	1181,68
584,24	1124,33
584,44	1173,49
584,63	1210,35
584,82	1118,19
585,02	1175,53
585,21	1220,59
585,41	1132,53
585,60	1210,35
585,79	1144,81
585,99	1239,02
586,18	1120,24
586,37	1157,10
586,57	1107,95
586,76	1191,92
586,96	1150,96
587,15	1282,03
587,34	1179,63
587,54	1163,25
587,73	1187,82
587,93	1175,53
588,12	1181,68
588,31	1243,12
588,51	1157,10
588,70	1105,90
588,89	1189,87
589,09	1191,92
589,28	1171,44
589,47	1173,49
589,67	1239,02
589,86	1101,81
590,06	1165,29
590,25	1208,30
590,44	1245,16
590,64	1247,21
590,83	1167,34
591,02	1146,86
591,22	1212,40
591,41	1200,11
591,60	1171,44
591,80	1167,34
591,99	1191,92
592,18	1200,11
592,38	1187,82
592,57	1185,77
592,76	1236,97
592,96	1142,77
593,15	1120,24
593,34	1236,97
593,54	1159,15
593,73	1200,11
593,92	1112,05
594,12	1210,35
594,31	1167,34
594,50	1138,67
594,70	1236,97
594,89	1185,77
595,08	1161,20
595,28	1224,69
595,47	1153,01
595,66	1173,49
595,86	1136,62
596,05	1157,10
596,24	1161,20
596,43	1163,25
596,63	1126,38
596,82	1259,50
597,01	1173,49
597,21	1144,81
597,40	1196,01
597,59	1210,35
597,79	1159,15
597,98	1177,58
598,17	1144,81
598,36	1130,48
598,56	1118,19
598,75	1204,21
598,94	1185,77
599,14	1159,15
599,33	1181,68
599,52	1214,45
599,71	1167,34
599,91	1132,53
600,10	1228,78
600,29	1126,38
600,48	1110,00
600,68	1060,85
600,87	1196,01
601,06	1155,05
601,26	1175,53
601,45	1204,21
601,64	1161,20
601,83	1167,34
602,03	1167,34
602,22	1230,83
602,41	1167,34
602,60	1159,15
602,80	1132,53
602,99	1155,05
603,18	1224,69
603,37	1222,64
603,57	1150,96
603,76	1183,73
603,95	1148,91
604,14	1214,45
604,34	1157,10
604,53	1271,79
604,72	1155,05
604,91	1126,38
605,10	1128,43
605,30	1175,53
605,49	1236,97
605,68	1224,69
605,87	1198,06
606,07	1208,30
606,26	1198,06
606,45	1179,63
606,64	1128,43
606,84	1185,77
607,03	1177,58
607,22	1208,30
607,41	1175,53
607,60	1171,44
607,80	1169,39
607,99	1181,68
608,18	1202,16
608,37	1153,01
608,56	1236,97
608,76	1198,06
608,95	1200,11
609,14	1175,53
609,33	1159,15
609,52	1155,05
609,72	1214,45
609,91	1200,11
610,10	1220,59
610,29	1165,29
610,48	1204,21
610,68	1212,40
610,87	1159,15
611,06	1181,68
611,25	1155,05
611,44	1173,49
611,63	1230,83
611,83	1148,91
612,02	1136,62
612,21	1189,87
612,40	1142,77
612,59	1202,16
612,79	1245,16
612,98	1183,73
613,17	1134,57
613,36	1159,15
613,55	1165,29
613,74	1226,73
613,93	1181,68
614,13	1206,25
614,32	1232,88
614,51	1169,39
614,70	1187,82
614,89	1228,78
615,08	1150,96
615,28	1153,01
615,47	1212,40
615,66	1204,21
615,85	1191,92
616,04	1216,49
616,23	1128,43
616,42	1146,86
616,62	1212,40
616,81	1155,05
617,00	1220,59
617,19	1165,29
617,38	1140,72
617,57	1228,78
617,76	1110,00
617,95	1165,29
618,15	1183,73
618,34	1232,88
618,53	1187,82
618,72	1222,64
618,91	1191,92
619,10	1187,82
619,29	1144,81
619,48	1257,45
619,68	1093,62
619,87	1183,73
620,06	1196,01
620,25	1136,62
620,44	1130,48
620,63	1196,01
620,82	1110,00
621,01	1148,91
621,20	1167,34
621,39	1259,50
621,59	1214,45
621,78	1206,25
621,97	1165,29
622,16	1263,60
622,35	1130,48
622,54	1200,11
622,73	1134,57
622,92	1130,48
623,11	1163,25
623,30	1212,40
623,49	1167,34
623,68	1148,91
623,88	1216,49
624,07	1183,73
624,26	1163,25
624,45	1148,91
624,64	1171,44
624,83	1146,86
625,02	1161,20
625,21	1157,10
625,40	1153,01
625,59	1230,83
625,78	1128,43
625,97	1122,29
626,16	1159,15
626,35	1173,49
626,54	1218,54
626,74	1161,20
626,93	1212,40
627,12	1185,77
627,31	1134,57
627,50	1181,68
627,69	1204,21
627,88	1181,68
628,07	1259,50
628,26	1239,02
628,45	1269,74
628,64	1245,16
628,83	1196,01
629,02	1171,44
629,21	1148,91
629,40	1171,44
629,59	1177,58
629,78	1200,11
629,97	1196,01
630,16	1146,86
630,35	1153,01
630,54	1236,97
630,73	1191,92
630,92	1251,31
631,11	1296,36
631,30	1306,60
631,49	1454,06
631,68	1695,72
631,87	3704,78
632,06	13610,80
632,25	39040,43
632,44	50711,80
632,63	52976,86
632,82	33881,60
633,01	17239,80
633,20	5029,81
633,39	5228,46
633,58	2598,87
633,77	2080,74
633,96	1685,48
634,15	1535,98
634,34	1478,63
634,53	1597,42
634,72	1476,59
634,91	1411,05
635,10	1245,16
635,29	1273,84
635,48	1249,26
635,67	1239,02
635,86	1226,73
636,05	1271,79
636,24	1181,68
636,43	1191,92
636,62	1191,92
636,81	1206,25
637,00	1175,53
637,19	1161,20
637,38	1138,67
637,57	1183,73
637,76	1138,67
637,95	1153,01
638,14	1251,31
638,33	1187,82
638,52	1210,35
638,71	1122,29
638,89	1210,35
639,08	1118,19
639,27	1255,40
639,46	1161,20
639,65	1214,45
639,84	1118,19
640,03	1155,05
640,22	1148,91
640,41	1171,44
640,60	1189,87
640,79	1177,58
640,98	1200,11
641,17	1167,34
641,36	1206,25
641,55	1198,06
641,74	1136,62
641,92	1212,40
642,11	1177,58
642,30	1259,50
642,49	1118,19
642,68	1157,10
642,87	1144,81
643,06	1175,53
643,25	1181,68
643,44	1232,88
643,63	1208,30
643,82	1191,92
644,00	1161,20
644,19	1193,97
644,38	1132,53
644,57	1126,38
644,76	1157,10
644,95	1148,91
645,14	1081,33
645,33	1159,15
645,52	1198,06
645,71	1212,40
645,89	1189,87
646,08	1185,77
646,27	1220,59
646,46	1288,17
646,65	1165,29
646,84	1144,81
647,03	1193,97
647,22	1075,18
647,40	1150,96
647,59	1230,83
647,78	1114,10
647,97	1222,64
648,16	1155,05
648,35	1241,07
648,54	1138,67
648,73	1126,38
648,91	1218,54
649,10	1232,88
649,29	1081,33
649,48	1224,69
649,67	1167,34
649,86	1236,97
650,05	1165,29
650,23	1202,16
650,42	1189,87
650,61	1144,81
650,80	1163,25
650,99	1200,11
651,18	1183,73
651,36	1128,43
651,55	1136,62
651,74	1159,15
651,93	1132,53
652,12	1202,16
652,31	1163,25
652,49	1116,14
652,68	1216,49
652,87	1118,19
653,06	1193,97
653,25	1150,96
653,44	1183,73
653,62	1292,27
653,81	1157,10
654,00	1198,06
654,19	1198,06
654,38	1187,82
654,56	1216,49
654,75	1083,38
654,94	1220,59
655,13	1216,49
655,32	1159,15
655,51	1198,06
655,69	1075,18
655,88	1185,77
656,07	1212,40
656,26	1175,53
656,45	1265,64
656,63	1142,77
656,82	1204,21
657,01	1216,49
657,20	1232,88
657,38	1198,06
657,57	1257,45
657,76	1177,58
657,95	1179,63
658,14	1177,58
658,32	1191,92
658,51	1206,25
658,70	1167,34
658,89	1183,73
659,08	1206,25
659,26	1210,35
659,45	1189,87
659,64	1216,49
659,83	1179,63
660,01	1183,73
660,20	1200,11
660,39	1167,34
660,58	1165,29
660,76	1208,30
660,95	1214,45
661,14	1206,25
661,33	1218,54
661,51	1181,68
661,70	1144,81
661,89	1173,49
662,08	1144,81
662,26	1177,58
662,45	1214,45
662,64	1171,44
662,83	1173,49
663,01	1193,97
663,20	1187,82
663,39	1218,54
663,58	1142,77
663,76	1191,92
663,95	1177,58
664,14	1232,88
664,32	1177,58
664,51	1120,24
664,70	1171,44
664,89	1155,05
665,07	1163,25
665,26	1234,93
665,45	1163,25
665,64	1193,97
665,82	1179,63
666,01	1167,34
666,20	1136,62
666,38	1181,68
666,57	1130,48
666,76	1245,16
666,95	1189,87
667,13	1212,40
667,32	1169,39
667,51	1206,25
667,69	1167,34
667,88	1153,01
668,07	1224,69
668,25	1177,58
668,44	1181,68
668,63	1243,12
668,81	1224,69
669,00	1155,05
669,19	1198,06
669,38	1230,83
669,56	1157,10
669,75	1204,21
669,94	1122,29
670,12	1232,88
670,31	1146,86
670,50	1204,21
670,68	1179,63
670,87	1130,48
671,06	1173,49
671,24	1187,82
671,43	1187,82
671,62	1150,96
671,80	1128,43
671,99	1212,40
672,18	1185,77
672,36	1155,05
672,55	1226,73
672,74	1187,82
672,92	1155,05
673,11	1155,05
673,29	1165,29
673,48	1249,26
673,67	1196,01
673,85	1130,48
674,04	1189,87
674,23	1181,68
674,41	1122,29
674,60	1208,30
674,79	1142,77
674,97	1165,29
675,16	1146,86
675,34	1204,21
675,53	1204,21
675,72	1075,18
675,90	1216,49
676,09	1191,92
676,28	1159,15
676,46	1130,48
676,65	1214,45
676,83	1175,53
677,02	1206,25
677,21	1163,25
677,39	1157,10
677,58	1169,39
677,77	1216,49
677,95	1196,01
678,14	1161,20
678,32	1189,87
678,51	1198,06
678,70	1138,67
678,88	1230,83
679,07	1171,44
679,25	1234,93
679,44	1134,57
679,63	1167,34
679,81	1204,21
680,00	1150,96
680,18	1185,77
680,37	1216,49
680,55	1198,06
680,74	1163,25
680,93	1167,34
681,11	1167,34
681,30	1204,21
681,48	1187,82
681,67	1200,11
681,85	1173,49
682,04	1187,82
682,23	1212,40
682,41	1206,25
682,60	1138,67
682,78	1153,01
682,97	1247,21
683,15	1191,92
683,34	1146,86
683,53	1142,77
683,71	1173,49
683,90	1134,57
684,08	1130,48
684,27	1185,77
684,45	1146,86
684,64	1173,49
684,82	1112,05
685,01	1142,77
685,19	1196,01
685,38	1183,73
685,57	1132,53
685,75	1095,66
685,94	1116,14
686,12	1159,15
686,31	1171,44
686,49	1150,96
686,68	1155,05
686,86	1210,35
687,05	1232,88
687,23	1155,05
687,42	1140,72
687,60	1157,10
687,79	1196,01
687,97	1196,01
688,16	1226,73
688,34	1179,63
688,53	1183,73
688,71	1153,01
688,90	1126,38
689,08	1148,91
689,27	1198,06
689,45	1198,06
689,64	1159,15
689,82	1243,12
690,01	1239,02
690,19	1138,67
690,38	1179,63
690,56	1132,53
690,75	1165,29
690,93	1118,19
691,12	1165,29
691,30	1167,34
691,49	1214,45
691,67	1171,44
691,86	1177,58
692,04	1226,73
692,23	1161,20
692,41	1216,49
692,60	1153,01
692,78	1142,77
692,97	1163,25
693,15	1214,45
693,34	1150,96
693,52	1157,10
693,71	1142,77
693,89	1165,29
694,08	1157,10
694,26	1236,97
694,44	1142,77
694,63	1136,62
694,81	1181,68
695,00	1200,11
695,18	1130,48
695,37	1200,11
695,55	1226,73
695,74	1189,87
695,92	1114,10
696,10	1136,62
696,29	1112,05
696,47	1140,72
696,66	1167,34
696,84	1204,21
697,03	1206,25
697,21	1204,21
697,40	1173,49
697,58	1167,34
697,76	1214,45
697,95	1228,78
698,13	1146,86
698,32	1208,30
698,50	1138,67
698,68	1140,72
698,87	1165,29
699,05	1112,05
699,24	1239,02
699,42	1171,44
699,61	1222,64
699,79	1140,72
699,97	1198,06
700,16	1191,92
700,34	1249,26
700,53	1157,10
700,71	1120,24
700,89	1183,73
701,08	1204,21
701,26	1175,53
701,45	1247,21
701,63	1200,11
701,81	1183,73
702,00	1110,00
702,18	1220,59
702,37	1187,82
702,55	1202,16
702,73	1179,63
702,92	1126,38
703,10	1171,44
703,28	1236,97
703,47	1177,58
703,65	1191,92
703,84	1200,11
704,02	1136,62
704,20	1130,48
704,39	1146,86
704,57	1134,57
704,75	1167,34
704,94	1126,38
705,12	1185,77
705,30	1239,02
705,49	1224,69
705,67	1249,26
705,86	1183,73
706,04	1187,82
706,22	1177,58
706,41	1171,44
706,59	1134,57
706,77	1247,21
706,96	1228,78
707,14	1169,39
707,32	1138,67
707,51	1173,49
707,69	1171,44
707,87	1175,53
708,06	1167,34
708,24	1193,97
708,42	1122,29
708,61	1122,29
708,79	1173,49
708,97	1230,83
709,16	1171,44
709,34	1167,34
709,52	1208,30
709,71	1155,05
709,89	1093,62
710,07	1159,15
710,26	1220,59
710,44	1146,86
710,62	1189,87
710,80	1255,40
710,99	1200,11
711,17	1140,72
711,35	1181,68
711,54	1122,29
711,72	1230,83
711,90	1181,68
712,09	1150,96
712,27	1146,86
712,45	1171,44
712,63	1183,73
712,82	1169,39
713,00	1191,92
713,18	1187,82
713,37	1239,02
713,55	1030,13
713,73	1171,44
713,91	1159,15
714,10	1232,88
714,28	1144,81
714,46	1193,97
714,65	1105,90
714,83	1165,29
715,01	1224,69
715,19	1189,87
715,38	1165,29
715,56	1222,64
715,74	1236,97
715,92	1142,77
716,11	1218,54
716,29	1116,14
716,47	1208,30
716,65	1148,91
716,84	1155,05
717,02	1163,25
717,20	1185,77
717,38	1202,16
717,57	1193,97
717,75	1191,92
717,93	1177,58
718,11	1257,45
718,30	1128,43
718,48	1222,64
718,66	1200,11
718,84	1159,15
719,03	1132,53
719,21	1191,92
719,39	1107,95
719,57	1136,62
719,75	1142,77
719,94	1150,96
720,12	1204,21
720,30	1142,77
720,48	1220,59
720,67	1122,29
720,85	1185,77
721,03	1095,66
721,21	1173,49
721,39	1200,11
721,58	1196,01
721,76	1216,49
721,94	1200,11
722,12	1136,62
722,30	1173,49
722,49	1206,25
722,67	1173,49
722,85	1224,69
723,03	1165,29
723,21	1218,54
723,40	1161,20
723,58	1177,58
723,76	1171,44
723,94	1191,92
724,12	1159,15
724,30	1163,25
724,49	1196,01
724,67	1183,73
724,85	1150,96
725,03	1177,58
725,21	1204,21
725,40	1191,92
725,58	1136,62
725,76	1257,45
725,94	1138,67
726,12	1196,01
726,30	1136,62
726,49	1210,35
726,67	1157,10
726,85	1171,44
727,03	1208,30
727,21	1200,11
727,39	1116,14
727,57	1181,68
727,76	1177,58
727,94	1212,40
728,12	1212,40
728,30	1218,54
728,48	1126,38
728,66	1142,77
728,84	1187,82
729,03	1167,34
729,21	1140,72
729,39	1163,25
729,57	1175,53
729,75	1179,63
729,93	1216,49
730,11	1206,25
730,30	1150,96
730,48	1241,07
730,66	1140,72
730,84	1220,59
731,02	1179,63
731,20	1220,59
731,38	1114,10
731,56	1171,44
731,74	1128,43
731,93	1232,88
732,11	1200,11
732,29	1148,91
732,47	1191,92
732,65	1204,21
732,83	1220,59
733,01	1167,34
733,19	1112,05
733,37	1179,63
733,56	1150,96
733,74	1150,96
733,92	1218,54
734,10	1214,45
734,28	1220,59
734,46	1114,10
734,64	1159,15
734,82	1198,06
735,00	1220,59
735,18	1159,15
735,36	1161,20
735,54	1236,97
735,73	1222,64
735,91	1138,67
736,09	1112,05
736,27	1103,86
736,45	1163,25
736,63	1253,36
736,81	1165,29
736,99	1165,29
737,17	1189,87
737,35	1216,49
737,53	1206,25
737,71	1210,35
737,89	1150,96
738,07	1228,78
738,25	1173,49
738,43	1224,69
738,61	1212,40
738,80	1226,73
738,98	1189,87
739,16	1126,38
739,34	1222,64
739,52	1191,92
739,70	1134,57
739,88	1290,22
740,06	1157,10
740,24	1183,73
740,42	1144,81
740,60	1177,58
740,78	1157,10
740,96	1148,91
741,14	1112,05
741,32	1140,72
741,50	1185,77
741,68	1171,44
741,86	1208,30
742,04	1130,48
742,22	1161,20
742,40	1175,53
742,58	1112,05
742,76	1093,62
742,94	1138,67
743,12	1187,82
743,30	1132,53
743,48	1183,73
743,66	1224,69
743,84	1167,34
744,02	1224,69
744,20	1232,88
744,38	1241,07
744,56	1198,06
744,74	1167,34
744,92	1243,12
745,10	1171,44
745,28	1187,82
745,46	1153,01
745,64	1200,11
745,82	1103,86
746,00	1124,33
746,18	1122,29
746,36	1179,63
746,54	1173,49
746,72	1196,01
746,90	1142,77
747,08	1142,77
747,26	1191,92
747,44	1161,20
747,62	1155,05
747,80	1101,81
747,98	1093,62
748,15	1232,88
748,33	1189,87
748,51	1173,49
748,69	1079,28
748,87	1191,92
749,05	1200,11
749,23	1159,15
749,41	1120,24
749,59	1204,21
749,77	1212,40
749,95	1167,34
750,13	1142,77
750,31	1167,34
750,49	1218,54
750,67	1169,39
750,85	1204,21
751,03	1204,21
751,20	1124,33
751,38	1216,49
751,56	1175,53
751,74	1220,59
751,92	1220,59
752,10	1165,29
752,28	1212,40
752,46	1126,38
752,64	1187,82
752,82	1191,92
753,00	1198,06
753,18	1208,30
753,35	1269,74
753,53	1157,10
753,71	1157,10
753,89	1138,67
754,07	1122,29
754,25	1107,95
754,43	1179,63
754,61	1146,86
754,79	1122,29
754,97	1185,77
755,14	1212,40
755,32	1198,06
755,50	1144,81
755,68	1200,11
755,86	1263,60
756,04	1173,49
756,22	1187,82
756,40	1171,44
756,57	1189,87
756,75	1187,82
756,93	1157,10
757,11	1232,88
757,29	1155,05
757,47	1239,02
757,65	1173,49
757,82	1230,83
758,00	1171,44
758,18	1148,91
758,36	1155,05
758,54	1206,25
758,72	1177,58
758,90	1128,43
759,07	1085,42
759,25	1189,87
759,43	1150,96
759,61	1175,53
759,79	1222,64
759,97	1159,15
760,15	1136,62
760,32	1144,81
760,50	1204,21
760,68	1171,44
760,86	1200,11
761,04	1220,59
761,22	1144,81
761,39	1157,10
761,57	1220,59
761,75	1175,53
761,93	1081,33
762,11	1196,01
762,28	1171,44
762,46	1189,87
762,64	1107,95
762,82	1101,81
763,00	1163,25
763,18	1114,10
763,35	1187,82
763,53	1159,15
763,71	1187,82
763,89	1161,20
764,07	1169,39
764,24	1148,91
764,42	1173,49
764,60	1218,54
764,78	1234,93
764,96	1161,20
765,13	1228,78
765,31	1193,97
765,49	1112,05
765,67	1226,73
765,84	1159,15
766,02	1177,58
766,20	1165,29
766,38	1247,21
766,56	1169,39
766,73	1155,05
766,91	1175,53
767,09	1107,95
767,27	1169,39
767,44	1177,58
767,62	1216,49
767,80	1185,77
767,98	1202,16
768,15	1269,74
768,33	1126,38
768,51	1163,25
768,69	1132,53
768,87	1191,92
769,04	1181,68
769,22	1239,02
769,40	1185,77
769,58	1173,49
769,75	1169,39
769,93	1198,06
770,11	1081,33
770,28	1157,10
770,46	1165,29
770,64	1179,63
770,82	1191,92
770,99	1161,20
771,17	1185,77
771,35	1130,48
771,53	1239,02
771,70	1204,21
771,88	1191,92
772,06	1155,05
772,23	1177,58
772,41	1191,92
772,59	1091,57
772,77	1105,90
772,94	1120,24
773,12	1177,58
773,30	1171,44
773,47	1222,64
773,65	1150,96
773,83	1206,25
774,01	1165,29
774,18	1196,01
774,36	1185,77
774,54	1167,34
774,71	1075,18
774,89	1175,53
775,07	1138,67
775,24	1236,97
775,42	1187,82
775,60	1224,69
775,78	1126,38
775,95	1173,49
776,13	1204,21
776,31	1128,43
776,48	1212,40
776,66	1128,43
776,84	1202,16
777,01	1159,15
777,19	1226,73
777,37	1185,77
777,54	1132,53
777,72	1171,44
777,90	1206,25
778,07	1269,74
778,25	1134,57
778,43	1132,53
778,60	1157,10
778,78	1189,87
778,96	1202,16
779,13	1189,87
779,31	1230,83
779,49	1187,82
779,66	1208,30
779,84	1126,38
780,01	1105,90
780,19	1230,83
780,37	1155,05
780,54	1202,16
780,72	1210,35
780,90	1220,59
781,07	1175,53
781,25	1228,78
781,43	1165,29
781,60	1200,11
781,78	1126,38
781,95	1200,11
782,13	1191,92
782,31	1167,34
782,48	1187,82
782,66	1236,97
782,83	1144,81
783,01	1165,29
783,19	1134,57
783,36	1126,38
783,54	1138,67
783,72	1267,69
783,89	1173,49
784,07	1153,01
784,24	1148,91
784,42	1103,86
784,60	1224,69
784,77	1130,48
784,95	1177,58
785,12	1169,39
785,30	1165,29
785,47	1245,16
785,65	1103,86
785,83	1124,33
786,00	1198,06
786,18	1185,77
786,35	1224,69
786,53	1241,07
786,71	1142,77
786,88	1198,06
787,06	1259,50
787,23	1167,34
787,41	1185,77
787,58	1112,05
787,76	1136,62
787,94	1257,45
788,11	1157,10
788,29	1193,97
788,46	1165,29
788,64	1148,91
788,81	1204,21
788,99	1081,33
789,16	1243,12
789,34	1232,88
789,52	1173,49
789,69	1140,72
789,87	1253,36
790,04	1187,82
790,22	1169,39
790,39	1165,29
790,57	1183,73
790,74	1234,93
790,92	1198,06
791,09	1112,05
791,27	1196,01
791,44	1265,64
791,62	1189,87
791,79	1200,11
791,97	1196,01
792,15	1150,96
792,32	1177,58
792,50	1087,47
792,67	1198,06
792,85	1216,49
793,02	1200,11
793,20	1175,53
793,37	1118,19
793,55	1228,78
793,72	1101,81
793,90	1183,73
794,07	1077,23
794,25	1165,29
794,42	1138,67
794,60	1124,33
794,77	1185,77
794,95	1222,64
795,12	1212,40
795,30	1312,75
795,47	1193,97
795,65	1216,49
795,82	1150,96
796,00	1185,77
796,17	1212,40
796,34	1183,73
796,52	1249,26
796,69	1173,49
796,87	1101,81
797,04	1218,54
797,22	1216,49
797,39	1232,88
797,57	1136,62
797,74	1234,93
797,92	1187,82
798,09	1216,49
798,27	1167,34
798,44	1101,81
798,62	1204,21
798,79	1241,07
798,96	1183,73
799,14	1202,16
799,31	1247,21
799,49	1206,25
799,66	1193,97
799,84	1265,64
800,01	1159,15
800,19	1189,87
800,36	1056,75
800,53	1183,73
800,71	1167,34
800,88	1204,21
801,06	1171,44
801,23	1214,45
801,41	1206,25
801,58	1191,92
801,75	1130,48
801,93	1163,25
802,10	1189,87
802,28	1220,59
802,45	1122,29
802,63	1202,16
802,80	1200,11
802,97	1179,63
803,15	1169,39
803,32	1247,21
803,50	1173,49
803,67	1185,77
803,84	1191,92
804,02	1169,39
804,19	1163,25
804,37	1144,81
804,54	1130,48
804,71	1191,92
804,89	1183,73
805,06	1179,63
805,24	1167,34
805,41	1179,63
805,58	1163,25
805,76	1191,92
805,93	1142,77
806,10	1153,01
806,28	1071,09
806,45	1146,86
806,63	1200,11
806,80	1214,45
806,97	1146,86
807,15	1181,68
807,32	1130,48
807,49	1138,67
807,67	1183,73
807,84	1181,68
808,01	1167,34
808,19	1251,31
808,36	1189,87
808,54	1140,72
808,71	1146,86
808,88	1165,29
809,06	1193,97
809,23	1187,82
809,40	1171,44
809,58	1114,10
809,75	1202,16
809,92	1179,63
810,10	1167,34
810,27	1173,49
810,44	1187,82
810,62	1187,82
810,79	1114,10
810,96	1146,86
811,14	1091,57
811,31	1132,53
811,48	1206,25
811,66	1226,73
811,83	1167,34
812,00	1187,82
812,18	1124,33
812,35	1226,73
812,52	1157,10
812,69	1179,63
812,87	1191,92
813,04	1189,87
813,21	1196,01
813,39	1208,30
813,56	1155,05
813,73	1204,21
813,91	1224,69
814,08	1171,44
814,25	1234,93
814,42	1212,40
814,60	1210,35
814,77	1167,34
814,94	1142,77
815,12	1136,62
815,29	1093,62
815,46	1251,31
815,63	1200,11
815,81	1150,96
815,98	1146,86
816,15	1200,11
816,33	1148,91
816,50	1124,33
816,67	1157,10
816,84	1157,10
817,02	1218,54
817,19	1124,33
817,36	1218,54
817,53	1157,10
817,71	1083,38
817,88	1146,86
818,05	1259,50
818,22	1210,35
818,40	1173,49
818,57	1163,25
818,74	1191,92
818,91	1200,11
819,09	1214,45
819,26	1212,40
819,43	1204,21
819,60	1171,44
819,78	1169,39
819,95	1107,95
820,12	1243,12
820,29	1163,25
820,47	1148,91
820,64	1224,69
820,81	1181,68
820,98	1142,77
821,15	1208,30
821,33	1185,77
821,50	1179,63
821,67	1165,29
821,84	1163,25
822,02	1161,20
822,19	1165,29
822,36	1173,49
822,53	1144,81
822,70	1191,92
822,88	1132,53
823,05	1130,48
823,22	1175,53
823,39	1116,14
823,56	1179,63
823,74	1124,33
823,91	1173,49
824,08	1220,59
824,25	1239,02
824,42	1140,72
824,60	1210,35
824,77	1146,86
824,94	1107,95
825,11	1167,34
825,28	1124,33
825,45	1212,40
825,63	1144,81
825,80	1101,81
825,97	1163,25
826,14	1116,14
826,31	1212,40
826,48	1230,83
826,66	1112,05
826,83	1163,25
827,00	1128,43
827,17	1146,86
827,34	1200,11
827,51	1226,73
827,69	1214,45
827,86	1134,57
828,03	1224,69
828,20	1189,87
828,37	1099,76
828,54	1208,30
828,71	1132,53
828,89	1187,82
829,06	1181,68
829,23	1155,05
829,40	1134,57
829,57	1177,58
829,74	1130,48
829,91	1159,15
830,09	1185,77
830,26	1230,83
830,43	1161,20
830,60	1146,86
830,77	1198,06
830,94	1218,54
831,11	1212,40
831,28	1191,92
831,46	1196,01
831,63	1208,30
831,80	1118,19
831,97	1157,10
832,14	1146,86
832,31	1204,21
832,48	1140,72
832,65	1208,30
832,82	1126,38
832,99	1114,10
833,17	1204,21
833,34	1171,44
833,51	1228,78
833,68	1183,73
833,85	1220,59
834,02	1200,11
834,19	1103,86
834,36	1140,72
834,53	1169,39
834,70	1187,82
834,87	1171,44
835,04	1183,73
835,22	1153,01
835,39	1157,10
835,56	1116,14
835,73	1177,58
835,90	1124,33
836,07	1157,10
836,24	1138,67
836,41	1181,68
836,58	1187,82
836,75	1179,63
836,92	1202,16
837,09	1173,49
837,26	1159,15
837,43	1193,97
837,60	1077,23
837,77	1171,44
837,94	1200,11
838,12	1142,77
838,29	1177,58
838,46	1183,73
838,63	1189,87
838,80	1255,40
838,97	1138,67
839,14	1126,38
839,31	1155,05
839,48	1144,81
839,65	1146,86
839,82	1181,68
839,99	1265,64
840,16	1183,73
840,33	1210,35
840,50	1196,01
840,67	1224,69
840,84	1132,53
841,01	1202,16
841,18	1132,53
841,35	1208,30
841,52	1173,49
841,69	1204,21
841,86	1146,86
842,03	1177,58
842,20	1226,73
842,37	1159,15
842,54	1181,68
842,71	1138,67
842,88	1198,06
843,05	1153,01
843,22	1216,49
843,39	1107,95
843,56	1179,63
843,73	1241,07
843,90	1202,16
844,07	1236,97
844,24	1245,16
844,41	1150,96
844,58	1136,62
844,75	1198,06
844,92	1128,43
845,09	1228,78
845,26	1142,77
845,43	1193,97
845,60	1208,30
845,77	1181,68
845,94	1198,06
846,10	1196,01
846,27	1144,81
846,44	1187,82
846,61	1167,34
846,78	1060,85
846,95	1167,34
847,12	1208,30
847,29	1196,01
847,46	1193,97
847,63	1167,34
847,80	1185,77
847,97	1189,87
848,14	1198,06
848,31	1210,35
848,48	1255,40
848,65	1185,77
848,82	1171,44
848,98	1136,62
849,15	1216,49
849,32	1202,16
849,49	1107,95
849,66	1167,34
849,83	1210,35
850,00	1150,96
850,17	1159,15
850,34	1232,88
850,51	1167,34
850,68	1202,16
850,85	1185,77
851,01	1163,25
851,18	1159,15
851,35	1239,02
851,52	1167,34
851,69	1167,34
851,86	1208,30
852,03	1159,15
852,20	1157,10
852,37	1167,34
852,53	1175,53
852,70	1220,59
852,87	1175,53
853,04	1196,01
853,21	1179,63
853,38	1206,25
853,55	1112,05
853,72	1148,91
853,89	1200,11
854,05	1165,29
854,22	1263,60
854,39	1187,82
854,56	1150,96
854,73	1179,63
854,90	1202,16
855,07	1208,30
855,23	1241,07
855,40	1175,53
855,57	1181,68
855,74	1222,64
855,91	1230,83
856,08	1093,62
856,25	1157,10
856,41	1185,77
856,58	1150,96
856,75	1116,14
856,92	1165,29
857,09	1132,53
857,26	1183,73
857,42	1171,44
857,59	1206,25
857,76	1169,39
857,93	1222,64
858,10	1200,11
858,27	1146,86
858,43	1132,53
858,60	1189,87
858,77	1144,81
858,94	1091,57
859,11	1239,02
859,27	1198,06
859,44	1142,77
859,61	1251,31
859,78	1163,25
859,95	1126,38
860,12	1163,25
860,28	1114,10
860,45	1208,30
860,62	1157,10
860,79	1163,25
860,95	1236,97
861,12	1097,71
861,29	1169,39
861,46	1198,06
861,63	1189,87
861,79	1226,73
861,96	1224,69
862,13	1114,10
862,30	1130,48
862,47	1140,72
862,63	1181,68
862,80	1204,21
862,97	1175,53
863,14	1146,86
863,30	1189,87
863,47	1224,69
863,64	1216,49
863,81	1204,21
863,97	1226,73
864,14	1150,96
864,31	1175,53
864,48	1101,81
864,65	1179,63
864,81	1120,24
864,98	1177,58
865,15	1150,96
865,32	1148,91
865,48	1210,35
865,65	1198,06
865,82	1241,07
865,98	1169,39
866,15	1200,11
866,32	1183,73
866,49	1153,01
866,65	1187,82
866,82	1150,96
866,99	1142,77
867,16	1206,25
867,32	1161,20
867,49	1191,92
867,66	1150,96
867,83	1236,97
867,99	1212,40
868,16	1105,90
868,33	1161,20
868,49	1249,26
868,66	1171,44
868,83	1159,15
868,99	1157,10
869,16	1189,87
869,33	1177,58
869,50	1175,53
869,66	1134,57
869,83	1204,21
870,00	1130,48
870,16	1239,02
870,33	1173,49
870,50	1214,45
870,66	1167,34
870,83	1179,63
871,00	1206,25
871,17	1155,05
871,33	1241,07
871,50	1144,81
871,67	1132,53
871,83	1185,77
872,00	1146,86
872,17	1110,00
872,33	1179,63
872,50	1171,44
872,67	1245,16
872,83	1169,39
873,00	1169,39
873,17	1157,10
873,33	1185,77
873,50	1189,87
873,67	1220,59
873,83	1206,25
874,00	1155,05
874,16	1167,34
874,33	1226,73
874,50	1208,30
874,66	1196,01
874,83	1189,87
875,00	1204,21
875,16	1148,91
875,33	1198,06
875,50	1163,25
875,66	1224,69
875,83	1163,25
875,99	1150,96
876,16	1261,55
876,33	1220,59
876,49	1224,69
876,66	1136,62
876,83	1165,29
876,99	1179,63
877,16	1173,49
877,32	1140,72
877,49	1204,21
877,66	1126,38
877,82	1153,01
877,99	1142,77
878,15	1153,01
878,32	1163,25
878,49	1196,01
878,65	1214,45
878,82	1157,10
878,98	1236,97
879,15	1173,49
879,32	1142,77
879,48	1153,01
879,65	1214,45
879,81	1282,03
879,98	1126,38
880,15	1181,68
880,31	1249,26
880,48	1146,86
880,64	1216,49
880,81	1153,01
880,97	1173,49
881,14	1204,21
881,31	1132,53
881,47	1189,87
881,64	1183,73
881,80	1134,57
881,97	1245,16
882,13	1196,01
882,30	1198,06
882,47	1245,16
882,63	1187,82
882,80	1150,96
882,96	1148,91
883,13	1138,67
883,29	1245,16
883,46	1091,57
883,62	1175,53
883,79	1148,91
883,95	1130,48
884,12	1183,73
884,29	1134,57
884,45	1142,77
884,62	1193,97
884,78	1177,58
884,95	1216,49
885,11	1169,39
885,28	1130,48
885,44	1173,49
885,61	1144,81
885,77	1173,49
885,94	1261,55
886,10	1157,10
886,27	1261,55
886,43	1150,96
886,60	1187,82
886,76	1150,96
886,93	1153,01
887,09	1155,05
887,26	1150,96
887,42	1132,53
887,59	1220,59
887,75	1146,86
887,92	1245,16
888,08	1179,63
888,25	1200,11
888,41	1208,30
888,58	1165,29
888,74	1140,72
888,91	1159,15
