177,47	1161,20
177,69	1161,20
177,91	1161,20
178,13	1171,44
178,36	1153,01
178,58	1267,69
178,80	1130,48
179,02	1167,34
179,24	1251,31
179,46	1183,73
179,68	1216,49
179,90	1206,25
180,13	1183,73
180,35	1200,11
180,57	1114,10
180,79	1183,73
181,01	1216,49
181,23	1142,77
181,45	1157,10
181,67	1173,49
181,90	1136,62
182,12	1193,97
182,34	1218,54
182,56	1134,57
182,78	1138,67
183,00	1191,92
183,22	1196,01
183,44	1193,97
183,66	1251,31
183,89	1155,05
184,11	1189,87
184,33	1146,86
184,55	1185,77
184,77	1183,73
184,99	1144,81
185,21	1114,10
185,43	1173,49
185,65	1206,25
185,87	1243,12
186,10	1202,16
186,32	1198,06
186,54	1191,92
186,76	1212,40
186,98	1265,64
187,20	1255,40
187,42	1185,77
187,64	1206,25
187,86	1208,30
188,08	1193,97
188,30	1224,69
188,52	1193,97
188,75	1177,58
188,97	1179,63
189,19	1202,16
189,41	1179,63
189,63	1118,19
189,85	1204,21
190,07	1232,88
190,29	1185,77
190,51	1101,81
190,73	1216,49
190,95	1189,87
191,17	1210,35
191,39	1118,19
191,61	1234,93
191,84	1187,82
192,06	1191,92
192,28	1179,63
192,50	1261,55
192,72	1122,29
192,94	1210,35
193,16	1220,59
193,38	1071,09
193,60	1177,58
193,82	1183,73
194,04	1191,92
194,26	1173,49
194,48	1140,72
194,70	1212,40
194,92	1159,15
195,14	1124,33
195,36	1249,26
195,58	1167,34
195,80	1167,34
196,02	1157,10
196,24	1153,01
196,46	1134,57
196,69	1167,34
196,91	1163,25
197,13	1181,68
197,35	1202,16
197,57	1144,81
197,79	1179,63
198,01	1198,06
198,23	1243,12
198,45	1196,01
198,67	1198,06
198,89	1136,62
199,11	1185,77
199,33	1179,63
199,55	1181,68
199,77	1253,36
199,99	1208,30
200,21	1144,81
200,43	1257,45
200,65	1212,40
200,87	1179,63
201,09	1189,87
201,31	1114,10
201,53	1196,01
201,75	1191,92
201,97	1169,39
202,19	1216,49
202,41	1220,59
202,63	1206,25
202,85	1142,77
203,07	1181,68
203,29	1175,53
203,51	1155,05
203,73	1171,44
203,95	1210,35
204,17	1226,73
204,39	1167,34
204,61	1220,59
204,83	1261,55
205,05	1191,92
205,27	1224,69
205,49	1193,97
205,71	1234,93
205,93	1181,68
206,15	1216,49
206,37	1165,29
206,59	1144,81
206,81	1122,29
207,03	1202,16
207,25	1241,07
207,47	1157,10
207,69	1204,21
207,91	1173,49
208,13	1142,77
208,34	1200,11
208,56	1220,59
208,78	1185,77
209,00	1146,86
209,22	1204,21
209,44	1267,69
209,66	1220,59
209,88	1226,73
210,10	1183,73
210,32	1140,72
210,54	1214,45
210,76	1179,63
210,98	1142,77
211,20	1159,15
211,42	1130,48
211,64	1150,96
211,86	1167,34
212,08	1228,78
212,30	1222,64
212,52	1177,58
212,74	1226,73
212,96	1159,15
213,17	1179,63
213,39	1206,25
213,61	1159,15
213,83	1208,30
214,05	1226,73
214,27	1200,11
214,49	1241,07
214,71	1167,34
214,93	1146,86
215,15	1173,49
215,37	1146,86
215,59	1243,12
215,81	1196,01
216,03	1193,97
216,24	1165,29
216,46	1200,11
216,68	1191,92
216,90	1161,20
217,12	1163,25
217,34	1175,53
217,56	1196,01
217,78	1234,93
218,00	1136,62
218,22	1185,77
218,44	1181,68
218,66	1138,67
218,87	1165,29
219,09	1169,39
219,31	1153,01
219,53	1259,50
219,75	1189,87
219,97	1187,82
220,19	1175,53
220,41	1155,05
220,63	1191,92
220,85	1177,58
221,06	1169,39
221,28	1241,07
221,50	1134,57
221,72	1200,11
221,94	1155,05
222,16	1153,01
222,38	1093,62
222,60	1177,58
222,82	1165,29
223,03	1200,11
223,25	1124,33
223,47	1212,40
223,69	1136,62
223,91	1169,39
224,13	1249,26
224,35	1187,82
224,57	1175,53
224,78	1134,57
225,00	1175,53
225,22	1226,73
225,44	1126,38
225,66	1210,35
225,88	1157,10
226,10	1136,62
226,32	1107,95
226,53	1247,21
226,75	1210,35
226,97	1181,68
227,19	1202,16
227,41	1116,14
227,63	1198,06
227,85	1191,92
228,06	1167,34
228,28	1196,01
228,50	1130,48
228,72	1181,68
228,94	1185,77
229,16	1142,77
229,37	1148,91
229,59	1239,02
229,81	1206,25
230,03	1212,40
230,25	1146,86
230,47	1230,83
230,69	1181,68
230,90	1181,68
231,12	1138,67
231,34	1196,01
231,56	1126,38
231,78	1136,62
232,00	1150,96
232,21	1204,21
232,43	1175,53
232,65	1167,34
232,87	1193,97
233,09	1179,63
233,30	1140,72
233,52	1198,06
233,74	1155,05
233,96	1222,64
234,18	1181,68
234,40	1196,01
234,61	1153,01
234,83	1189,87
235,05	1204,21
235,27	1210,35
235,49	1155,05
235,70	1206,25
235,92	1157,10
236,14	1218,54
236,36	1165,29
236,58	1169,39
236,79	1187,82
237,01	1167,34
237,23	1243,12
237,45	1198,06
237,67	1191,92
237,88	1202,16
238,10	1208,30
238,32	1210,35
238,54	1177,58
238,76	1241,07
238,97	1114,10
239,19	1153,01
239,41	1187,82
239,63	1159,15
239,85	1175,53
240,06	1126,38
240,28	1230,83
240,50	1146,86
240,72	1130,48
240,93	1187,82
241,15	1183,73
241,37	1191,92
241,59	1200,11
241,81	1206,25
242,02	1269,74
242,24	1171,44
242,46	1175,53
242,68	1220,59
242,89	1200,11
243,11	1161,20
243,33	1187,82
243,55	1269,74
243,76	1167,34
243,98	1157,10
244,20	1241,07
244,42	1077,23
244,64	1136,62
244,85	1126,38
245,07	1081,33
245,29	1128,43
245,51	1241,07
245,72	1193,97
245,94	1110,00
246,16	1165,29
246,38	1175,53
246,59	1208,30
246,81	1159,15
247,03	1126,38
247,24	1165,29
247,46	1200,11
247,68	1163,25
247,90	1132,53
248,11	1189,87
248,33	1155,05
248,55	1214,45
248,77	1122,29
248,98	1198,06
249,20	1181,68
249,42	1122,29
249,64	1187,82
249,85	1173,49
250,07	1198,06
250,29	1204,21
250,50	1103,86
250,72	1193,97
250,94	1181,68
251,16	1212,40
251,37	1187,82
251,59	1245,16
251,81	1224,69
252,02	1212,40
252,24	1200,11
252,46	1253,36
252,68	1167,34
252,89	1175,53
253,11	1130,48
253,33	1241,07
253,54	1177,58
253,76	1206,25
253,98	1136,62
254,20	1187,82
254,41	1187,82
254,63	1146,86
254,85	1163,25
255,06	1234,93
255,28	1138,67
255,50	1206,25
255,71	1140,72
255,93	1146,86
256,15	1167,34
256,36	1183,73
256,58	1208,30
256,80	1148,91
257,02	1110,00
257,23	1157,10
257,45	1161,20
257,67	1200,11
257,88	1146,86
258,10	1150,96
258,32	1163,25
258,53	1138,67
258,75	1193,97
258,97	1183,73
259,18	1132,53
259,40	1191,92
259,62	1157,10
259,83	1169,39
260,05	1171,44
260,27	1230,83
260,48	1224,69
260,70	1161,20
260,92	1122,29
261,13	1204,21
261,35	1183,73
261,57	1132,53
261,78	1175,53
262,00	1220,59
262,22	1150,96
262,43	1189,87
262,65	1142,77
262,86	1153,01
263,08	1103,86
263,30	1101,81
263,51	1140,72
263,73	1234,93
263,95	1228,78
264,16	1181,68
264,38	1179,63
264,60	1124,33
264,81	1290,22
265,03	1200,11
265,25	1183,73
265,46	1138,67
265,68	1183,73
265,89	1148,91
266,11	1212,40
266,33	1140,72
266,54	1193,97
266,76	1165,29
266,98	1122,29
267,19	1179,63
267,41	1173,49
267,62	1163,25
267,84	1171,44
268,06	1183,73
268,27	1138,67
268,49	1216,49
268,70	1216,49
268,92	1275,88
269,14	1112,05
269,35	1114,10
269,57	1173,49
269,79	1198,06
270,00	1175,53
270,22	1148,91
270,43	1198,06
270,65	1208,30
270,87	1200,11
271,08	1196,01
271,30	1161,20
271,51	1124,33
271,73	1175,53
271,95	1157,10
272,16	1138,67
272,38	1142,77
272,59	1243,12
272,81	1183,73
273,02	1183,73
273,24	1236,97
273,46	1216,49
273,67	1177,58
273,89	1169,39
274,10	1212,40
274,32	1228,78
274,54	1204,21
274,75	1208,30
274,97	1261,55
275,18	1161,20
275,40	1206,25
275,61	1155,05
275,83	1239,02
276,05	1177,58
276,26	1185,77
276,48	1228,78
276,69	1193,97
276,91	1193,97
277,12	1224,69
277,34	1126,38
277,55	1198,06
277,77	1224,69
277,99	1249,26
278,20	1175,53
278,42	1134,57
278,63	1142,77
278,85	1181,68
279,06	1187,82
279,28	1191,92
279,49	1159,15
279,71	1148,91
279,93	1193,97
280,14	1155,05
280,36	1265,64
280,57	1153,01
280,79	1193,97
281,00	1263,60
281,22	1191,92
281,43	1259,50
281,65	1087,47
281,86	1210,35
282,08	1136,62
282,29	1171,44
282,51	1157,10
282,73	1181,68
282,94	1196,01
283,16	1179,63
283,37	1247,21
283,59	1134,57
283,80	1097,71
284,02	1247,21
284,23	1165,29
284,45	1208,30
284,66	1140,72
284,88	1159,15
285,09	1191,92
285,31	1185,77
285,52	1163,25
285,74	1236,97
285,95	1212,40
286,17	1224,69
286,38	1257,45
286,60	1183,73
286,81	1134,57
287,03	1183,73
287,24	1206,25
287,46	1163,25
287,67	1167,34
287,89	1175,53
288,10	1134,57
288,32	1120,24
288,53	1187,82
288,75	1142,77
288,96	1191,92
289,18	1155,05
289,39	1232,88
289,61	1236,97
289,82	1159,15
290,04	1193,97
290,25	1153,01
290,47	1150,96
290,68	1167,34
290,90	1210,35
291,11	1179,63
291,33	1220,59
291,54	1155,05
291,76	1140,72
291,97	1173,49
292,18	1130,48
292,40	1159,15
292,61	1128,43
292,83	1204,21
293,04	1167,34
293,26	1204,21
293,47	1189,87
293,69	1222,64
293,90	1122,29
294,12	1187,82
294,33	1114,10
294,55	1232,88
294,76	1079,28
294,97	1245,16
295,19	1175,53
295,40	1243,12
295,62	1210,35
295,83	1232,88
296,05	1157,10
296,26	1107,95
296,48	1226,73
296,69	1173,49
296,90	1181,68
297,12	1183,73
297,33	1122,29
297,55	1103,86
297,76	1193,97
297,98	1214,45
298,19	1232,88
298,41	1163,25
298,62	1200,11
298,83	1138,67
299,05	1181,68
299,26	1155,05
299,48	1167,34
299,69	1144,81
299,90	1126,38
300,12	1159,15
300,33	1214,45
300,55	1150,96
300,76	1132,53
300,98	1179,63
301,19	1181,68
301,40	1253,36
301,62	1161,20
301,83	1179,63
302,05	1239,02
302,26	1198,06
302,47	1232,88
302,69	1161,20
302,90	1222,64
303,12	1175,53
303,33	1230,83
303,54	1241,07
303,76	1175,53
303,97	1183,73
304,19	1142,77
304,40	1089,52
304,61	1185,77
304,83	1175,53
305,04	1193,97
305,26	1142,77
305,47	1189,87
305,68	1179,63
305,90	1163,25
306,11	1173,49
306,33	1136,62
306,54	1161,20
306,75	1142,77
306,97	1187,82
307,18	1173,49
307,39	1196,01
307,61	1118,19
307,82	1157,10
308,04	1206,25
308,25	1163,25
308,46	1138,67
308,68	1183,73
308,89	1206,25
309,10	1150,96
309,32	1146,86
309,53	1175,53
309,74	1183,73
309,96	1146,86
310,17	1181,68
310,39	1220,59
310,60	1173,49
310,81	1163,25
311,03	1261,55
311,24	1220,59
311,45	1173,49
311,67	1206,25
311,88	1206,25
312,09	1142,77
312,31	1171,44
312,52	1236,97
312,73	1177,58
312,95	1163,25
313,16	1255,40
313,37	1224,69
313,59	1210,35
313,80	1142,77
314,01	1218,54
314,23	1161,20
314,44	1187,82
314,65	1150,96
314,87	1212,40
315,08	1161,20
315,29	1159,15
315,51	1216,49
315,72	1165,29
315,93	1198,06
316,15	1204,21
316,36	1175,53
316,57	1157,10
316,79	1091,57
317,00	1083,38
317,21	1183,73
317,43	1183,73
317,64	1206,25
317,85	1177,58
318,07	1208,30
318,28	1239,02
318,49	1163,25
318,70	1083,38
318,92	1142,77
319,13	1148,91
319,34	1202,16
319,56	1167,34
319,77	1146,86
319,98	1179,63
320,20	1167,34
320,41	1200,11
320,62	1247,21
320,83	1193,97
321,05	1144,81
321,26	1183,73
321,47	1224,69
321,69	1167,34
321,90	1169,39
322,11	1146,86
322,32	1193,97
322,54	1173,49
322,75	1243,12
322,96	1112,05
323,18	1159,15
323,39	1140,72
323,60	1253,36
323,81	1222,64
324,03	1175,53
324,24	1144,81
324,45	1163,25
324,66	1148,91
324,88	1163,25
325,09	1118,19
325,30	1157,10
325,52	1212,40
325,73	1134,57
325,94	1165,29
326,15	1159,15
326,37	1236,97
326,58	1140,72
326,79	1122,29
327,00	1146,86
327,22	1216,49
327,43	1169,39
327,64	1107,95
327,85	1171,44
328,07	1175,53
328,28	1212,40
328,49	1200,11
328,70	1150,96
328,92	1161,20
329,13	1171,44
329,34	1224,69
329,55	1163,25
329,76	1173,49
329,98	1150,96
330,19	1193,97
330,40	1159,15
330,61	1183,73
330,83	1159,15
331,04	1175,53
331,25	1114,10
331,46	1171,44
331,68	1110,00
331,89	1120,24
332,10	1171,44
332,31	1193,97
332,52	1218,54
332,74	1159,15
332,95	1189,87
333,16	1198,06
333,37	1167,34
333,58	1271,79
333,80	1208,30
334,01	1167,34
334,22	1163,25
334,43	1163,25
334,64	1198,06
334,86	1239,02
335,07	1171,44
335,28	1245,16
335,49	1208,30
335,70	1073,14
335,92	1173,49
336,13	1087,47
336,34	1118,19
336,55	1134,57
336,76	1198,06
336,98	1159,15
337,19	1140,72
337,40	1185,77
337,61	1185,77
337,82	1150,96
338,04	1253,36
338,25	1177,58
338,46	1253,36
338,67	1200,11
338,88	1214,45
339,09	1224,69
339,31	1167,34
339,52	1124,33
339,73	1177,58
339,94	1155,05
340,15	1200,11
340,36	1214,45
340,58	1138,67
340,79	1212,40
341,00	1107,95
341,21	1148,91
341,42	1224,69
341,63	1183,73
341,85	1198,06
342,06	1271,79
342,27	1177,58
342,48	1214,45
342,69	1167,34
342,90	1200,11
343,12	1157,10
343,33	1232,88
343,54	1171,44
343,75	1132,53
343,96	1177,58
344,17	1142,77
344,38	1075,18
344,60	1204,21
344,81	1245,16
345,02	1220,59
345,23	1234,93
345,44	1239,02
345,65	1112,05
345,86	1218,54
346,07	1148,91
346,29	1085,42
346,50	1220,59
346,71	1189,87
346,92	1144,81
347,13	1185,77
347,34	1218,54
347,55	1150,96
347,76	1134,57
347,98	1200,11
348,19	1181,68
348,40	1206,25
348,61	1171,44
348,82	1206,25
349,03	1163,25
349,24	1142,77
349,45	1165,29
349,66	1140,72
349,88	1101,81
350,09	1130,48
350,30	1191,92
350,51	1140,72
350,72	1200,11
350,93	1181,68
351,14	1177,58
351,35	1208,30
351,56	1132,53
351,77	1220,59
351,99	1165,29
352,20	1175,53
352,41	1107,95
352,62	1230,83
352,83	1153,01
353,04	1177,58
353,25	1157,10
353,46	1208,30
353,67	1210,35
353,88	1138,67
354,09	1163,25
354,30	1185,77
354,52	1241,07
354,73	1124,33
354,94	1230,83
355,15	1212,40
355,36	1163,25
355,57	1230,83
355,78	1181,68
355,99	1196,01
356,20	1216,49
356,41	1173,49
356,62	1224,69
356,83	1232,88
357,04	1193,97
357,25	1171,44
357,46	1236,97
357,68	1187,82
357,89	1146,86
358,10	1179,63
358,31	1163,25
358,52	1161,20
358,73	1159,15
358,94	1208,30
359,15	1253,36
359,36	1218,54
359,57	1218,54
359,78	1165,29
359,99	1140,72
360,20	1214,45
360,41	1165,29
360,62	1226,73
360,83	1138,67
361,04	1232,88
361,25	1173,49
361,46	1236,97
361,67	1196,01
361,88	1214,45
362,09	1196,01
362,30	1198,06
362,51	1132,53
362,72	1144,81
362,93	1146,86
363,14	1222,64
363,35	1193,97
363,56	1241,07
363,78	1153,01
363,99	1277,93
364,20	1187,82
364,41	1263,60
364,62	1183,73
364,83	1134,57
365,04	1239,02
365,25	1191,92
365,46	1165,29
365,67	1146,86
365,88	1114,10
366,09	1159,15
366,30	1132,53
366,51	1136,62
366,72	1187,82
366,93	1200,11
367,14	1243,12
367,35	1191,92
367,56	1183,73
367,77	1230,83
367,98	1179,63
368,18	1179,63
368,39	1189,87
368,60	1189,87
368,81	1185,77
369,02	1191,92
369,23	1181,68
369,44	1198,06
369,65	1163,25
369,86	1236,97
370,07	1171,44
370,28	1206,25
370,49	1216,49
370,70	1140,72
370,91	1155,05
371,12	1222,64
371,33	1159,15
371,54	1208,30
371,75	1212,40
371,96	1101,81
372,17	1177,58
372,38	1193,97
372,59	1132,53
372,80	1153,01
373,01	1155,05
373,22	1202,16
373,43	1130,48
373,64	1163,25
373,85	1210,35
374,06	1157,10
374,26	1175,53
374,47	1138,67
374,68	1165,29
374,89	1208,30
375,10	1171,44
375,31	1169,39
375,52	1193,97
375,73	1218,54
375,94	1163,25
376,15	1202,16
376,36	1138,67
376,57	1185,77
376,78	1175,53
376,99	1206,25
377,20	1159,15
377,40	1124,33
377,61	1136,62
377,82	1200,11
378,03	1153,01
378,24	1218,54
378,45	1196,01
378,66	1200,11
378,87	1148,91
379,08	1175,53
379,29	1204,21
379,50	1148,91
379,71	1157,10
379,91	1239,02
380,12	1212,40
380,33	1236,97
380,54	1173,49
380,75	1206,25
380,96	1159,15
381,17	1214,45
381,38	1124,33
381,59	1214,45
381,80	1167,34
382,00	1212,40
382,21	1165,29
382,42	1212,40
382,63	1208,30
382,84	1134,57
383,05	1134,57
383,26	1222,64
383,47	1216,49
383,68	1187,82
383,88	1142,77
384,09	1140,72
384,30	1277,93
384,51	1261,55
384,72	1150,96
384,93	1134,57
385,14	1191,92
385,35	1173,49
385,55	1189,87
385,76	1165,29
385,97	1243,12
386,18	1202,16
386,39	1124,33
386,60	1189,87
386,81	1157,10
387,02	1200,11
387,22	1181,68
387,43	1196,01
387,64	1138,67
387,85	1159,15
388,06	1112,05
388,27	1142,77
388,48	1124,33
388,68	1208,30
388,89	1171,44
389,10	1150,96
389,31	1234,93
389,52	1185,77
389,73	1187,82
389,93	1091,57
390,14	1241,07
390,35	1177,58
390,56	1163,25
390,77	1200,11
390,98	1120,24
391,18	1146,86
391,39	1200,11
391,60	1181,68
391,81	1114,10
392,02	1187,82
392,23	1140,72
392,43	1130,48
392,64	1210,35
392,85	1150,96
393,06	1218,54
393,27	1202,16
393,47	1169,39
393,68	1171,44
393,89	1169,39
394,10	1173,49
394,31	1128,43
394,52	1165,29
394,72	1089,52
394,93	1159,15
395,14	1163,25
395,35	1245,16
395,56	1116,14
395,76	1271,79
395,97	1239,02
396,18	1196,01
396,39	1187,82
396,60	1202,16
396,80	1122,29
397,01	1208,30
397,22	1236,97
397,43	1255,40
397,64	1126,38
397,84	1163,25
398,05	1277,93
398,26	1224,69
398,47	1169,39
398,67	1175,53
398,88	1193,97
399,09	1153,01
399,30	1202,16
399,51	1214,45
399,71	1140,72
399,92	1136,62
400,13	1161,20
400,34	1189,87
400,54	1173,49
400,75	1206,25
400,96	1161,20
401,17	1208,30
401,37	1202,16
401,58	1212,40
401,79	1208,30
402,00	1167,34
402,21	1136,62
402,41	1212,40
402,62	1259,50
402,83	1187,82
403,04	1132,53
403,24	1189,87
403,45	1189,87
403,66	1155,05
403,87	1142,77
404,07	1218,54
404,28	1148,91
404,49	1263,60
404,70	1216,49
404,90	1187,82
405,11	1081,33
405,32	1159,15
405,52	1175,53
405,73	1259,50
405,94	1277,93
406,15	1220,59
406,35	1200,11
406,56	1185,77
406,77	1216,49
406,98	1169,39
407,18	1132,53
407,39	1204,21
407,60	1239,02
407,80	1181,68
408,01	1138,67
408,22	1206,25
408,43	1140,72
408,63	1241,07
408,84	1187,82
409,05	1214,45
409,25	1179,63
409,46	1146,86
409,67	1163,25
409,88	1241,07
410,08	1232,88
410,29	1226,73
410,50	1148,91
410,70	1126,38
410,91	1216,49
411,12	1167,34
411,32	1146,86
411,53	1234,93
411,74	1171,44
411,95	1144,81
412,15	1118,19
412,36	1187,82
412,57	1216,49
412,77	1177,58
412,98	1171,44
413,19	1261,55
413,39	1124,33
413,60	1228,78
413,81	1204,21
414,01	1153,01
414,22	1169,39
414,43	1208,30
414,63	1216,49
414,84	1150,96
415,05	1208,30
415,25	1214,45
415,46	1196,01
415,67	1128,43
415,87	1150,96
416,08	1216,49
416,29	1097,71
416,49	1216,49
416,70	1146,86
416,91	1173,49
417,11	1159,15
417,32	1175,53
417,53	1142,77
417,73	1169,39
417,94	1146,86
418,15	1173,49
418,35	1136,62
418,56	1220,59
418,77	1159,15
418,97	1163,25
419,18	1191,92
419,38	1187,82
419,59	1216,49
419,80	1198,06
420,00	1269,74
420,21	1134,57
420,42	1163,25
420,62	1228,78
420,83	1218,54
421,04	1177,58
421,24	1249,26
421,45	1200,11
421,65	1245,16
421,86	1206,25
422,07	1161,20
422,27	1138,67
422,48	1138,67
422,69	1212,40
422,89	1165,29
423,10	1202,16
423,30	1187,82
423,51	1142,77
423,72	1169,39
423,92	1128,43
424,13	1187,82
424,33	1161,20
424,54	1204,21
424,75	1208,30
424,95	1069,04
425,16	1200,11
425,36	1167,34
425,57	1124,33
425,78	1177,58
425,98	1140,72
426,19	1200,11
426,39	1204,21
426,60	1167,34
426,81	1146,86
427,01	1103,86
427,22	1187,82
427,42	1193,97
427,63	1181,68
427,83	1157,10
428,04	1161,20
428,25	1118,19
428,45	1159,15
428,66	1198,06
428,86	1138,67
429,07	1136,62
429,28	1200,11
429,48	1159,15
429,69	1218,54
429,89	1191,92
430,10	1175,53
430,30	1247,21
430,51	1224,69
430,71	1079,28
430,92	1216,49
431,13	1163,25
431,33	1249,26
431,54	1277,93
431,74	1157,10
431,95	1232,88
432,15	1144,81
432,36	1157,10
432,56	1183,73
432,77	1269,74
432,98	1208,30
433,18	1171,44
433,39	1210,35
433,59	1196,01
433,80	1167,34
434,00	1200,11
434,21	1212,40
434,41	1165,29
434,62	1181,68
434,82	1142,77
435,03	1222,64
435,23	1132,53
435,44	1198,06
435,64	1157,10
435,85	1265,64
436,06	1234,93
436,26	1216,49
436,47	1177,58
436,67	1261,55
436,88	1101,81
437,08	1236,97
437,29	1191,92
437,49	1132,53
437,70	1185,77
437,90	1200,11
438,11	1107,95
438,31	1181,68
438,52	1175,53
438,72	1132,53
438,93	1183,73
439,13	1169,39
439,34	1171,44
439,54	1216,49
439,75	1169,39
439,95	1196,01
440,16	1089,52
440,36	1232,88
440,57	1136,62
440,77	1148,91
440,98	1189,87
441,18	1241,07
441,39	1144,81
441,59	1212,40
441,80	1208,30
442,00	1191,92
442,21	1169,39
442,41	1187,82
442,62	1187,82
442,82	1212,40
443,02	1138,67
443,23	1165,29
443,43	1204,21
443,64	1167,34
443,84	1107,95
444,05	1132,53
444,25	1202,16
444,46	1150,96
444,66	1167,34
444,87	1163,25
445,07	1155,05
445,28	1173,49
445,48	1167,34
445,69	1232,88
445,89	1146,86
446,09	1122,29
446,30	1144,81
446,50	1146,86
446,71	1265,64
446,91	1200,11
447,12	1181,68
447,32	1165,29
447,53	1216,49
447,73	1216,49
447,93	1200,11
448,14	1232,88
448,34	1173,49
448,55	1087,47
448,75	1175,53
448,96	1167,34
449,16	1187,82
449,36	1171,44
449,57	1167,34
449,77	1230,83
449,98	1175,53
450,18	1183,73
450,39	1148,91
450,59	1155,05
450,79	1236,97
451,00	1204,21
451,20	1208,30
451,41	1150,96
451,61	1142,77
451,81	1218,54
452,02	1189,87
452,22	1183,73
452,43	1208,30
452,63	1200,11
452,84	1163,25
453,04	1138,67
453,24	1179,63
453,45	1148,91
453,65	1185,77
453,86	1171,44
454,06	1214,45
454,26	1173,49
454,47	1150,96
454,67	1212,40
454,87	1179,63
455,08	1312,75
455,28	1177,58
455,49	1212,40
455,69	1208,30
455,89	1206,25
456,10	1124,33
456,30	1153,01
456,51	1134,57
456,71	1331,18
456,91	1171,44
457,12	1097,71
457,32	1105,90
457,52	1159,15
457,73	1228,78
457,93	1218,54
458,14	1130,48
458,34	1189,87
458,54	1245,16
458,75	1206,25
458,95	1138,67
459,15	1130,48
459,36	1210,35
459,56	1222,64
459,76	1181,68
459,97	1228,78
460,17	1214,45
460,37	1146,86
460,58	1165,29
460,78	1181,68
460,99	1153,01
461,19	1222,64
461,39	1140,72
461,60	1185,77
461,80	1198,06
462,00	1142,77
462,21	1198,06
462,41	1232,88
462,61	1183,73
462,82	1226,73
463,02	1196,01
463,22	1173,49
463,43	1212,40
463,63	1165,29
463,83	1134,57
464,04	1124,33
464,24	1181,68
464,44	1216,49
464,64	1124,33
464,85	1239,02
465,05	1140,72
465,25	1191,92
465,46	1210,35
465,66	1101,81
465,86	1214,45
466,07	1200,11
466,27	1247,21
466,47	1150,96
466,68	1214,45
466,88	1206,25
467,08	1163,25
467,29	1198,06
467,49	1191,92
467,69	1228,78
467,89	1198,06
468,10	1202,16
468,30	1200,11
468,50	1251,31
468,71	1232,88
468,91	1216,49
469,11	1191,92
469,31	1224,69
469,52	1177,58
469,72	1175,53
469,92	1114,10
470,13	1159,15
470,33	1163,25
470,53	1169,39
470,73	1130,48
470,94	1232,88
471,14	1216,49
471,34	1279,98
471,54	1167,34
471,75	1150,96
471,95	1200,11
472,15	1193,97
472,36	1150,96
472,56	1220,59
472,76	1222,64
472,96	1245,16
473,17	1128,43
473,37	1165,29
473,57	1144,81
473,77	1167,34
473,98	1230,83
474,18	1216,49
474,38	1191,92
474,58	1210,35
474,79	1153,01
474,99	1175,53
475,19	1200,11
475,39	1169,39
475,60	1245,16
475,80	1189,87
476,00	1212,40
476,20	1216,49
476,41	1204,21
476,61	1138,67
476,81	1234,93
477,01	1247,21
477,21	1189,87
477,42	1183,73
477,62	1183,73
477,82	1173,49
478,02	1159,15
478,23	1150,96
478,43	1169,39
478,63	1206,25
478,83	1175,53
479,03	1224,69
479,24	1189,87
479,44	1198,06
479,64	1200,11
479,84	1171,44
480,04	1189,87
480,25	1183,73
480,45	1218,54
480,65	1253,36
480,85	1150,96
481,06	1140,72
481,26	1148,91
481,46	1241,07
481,66	1181,68
481,86	1163,25
482,06	1224,69
482,27	1224,69
482,47	1271,79
482,67	1204,21
482,87	1159,15
483,07	1204,21
483,28	1163,25
483,48	1273,84
483,68	1146,86
483,88	1214,45
484,08	1216,49
484,29	1150,96
484,49	1136,62
484,69	1161,20
484,89	1196,01
485,09	1163,25
485,29	1091,57
485,50	1142,77
485,70	1159,15
485,90	1161,20
486,10	1171,44
486,30	1138,67
486,50	1153,01
486,71	1150,96
486,91	1118,19
487,11	1146,86
487,31	1134,57
487,51	1116,14
487,71	1167,34
487,91	1187,82
488,12	1183,73
488,32	1155,05
488,52	1200,11
488,72	1167,34
488,92	1202,16
489,12	1216,49
489,32	1181,68
489,53	1132,53
489,73	1183,73
489,93	1130,48
490,13	1167,34
490,33	1124,33
490,53	1230,83
490,73	1218,54
490,94	1214,45
491,14	1175,53
491,34	1204,21
491,54	1153,01
491,74	1185,77
491,94	1261,55
492,14	1236,97
492,34	1218,54
492,54	1159,15
492,75	1173,49
492,95	1132,53
493,15	1265,64
493,35	1204,21
493,55	1138,67
493,75	1150,96
493,95	1177,58
494,15	1234,93
494,35	1177,58
494,56	1153,01
494,76	1146,86
494,96	1200,11
495,16	1163,25
495,36	1216,49
495,56	1185,77
495,76	1247,21
495,96	1159,15
496,16	1128,43
496,36	1112,05
496,56	1146,86
496,77	1175,53
496,97	1226,73
497,17	1130,48
497,37	1200,11
497,57	1196,01
497,77	1212,40
497,97	1181,68
498,17	1222,64
498,37	1214,45
498,57	1181,68
498,77	1202,16
498,97	1177,58
499,17	1155,05
499,38	1212,40
499,58	1208,30
499,78	1187,82
499,98	1218,54
500,18	1216,49
500,38	1159,15
500,58	1175,53
500,78	1140,72
500,98	1261,55
501,18	1161,20
501,38	1224,69
501,58	1230,83
501,78	1175,53
501,98	1191,92
502,18	1167,34
502,38	1148,91
502,58	1206,25
502,78	1179,63
502,98	1110,00
503,18	1132,53
503,38	1112,05
503,59	1187,82
503,79	1150,96
503,99	1204,21
504,19	1114,10
504,39	1271,79
504,59	1257,45
504,79	1218,54
504,99	1193,97
505,19	1159,15
505,39	1185,77
505,59	1200,11
505,79	1181,68
505,99	1163,25
506,19	1214,45
506,39	1171,44
506,59	1134,57
506,79	1132,53
506,99	1226,73
507,19	1214,45
507,39	1230,83
507,59	1198,06
507,79	1196,01
507,99	1173,49
508,19	1181,68
508,39	1214,45
508,59	1243,12
508,79	1173,49
508,99	1208,30
509,19	1241,07
509,39	1155,05
509,59	1253,36
509,79	1202,16
509,99	1136,62
510,19	1134,57
510,39	1155,05
510,59	1163,25
510,79	1107,95
510,99	1103,86
511,19	1216,49
511,39	1232,88
511,59	1103,86
511,79	1216,49
511,99	1208,30
512,19	1196,01
512,38	1189,87
512,58	1122,29
512,78	1167,34
512,98	1200,11
513,18	1153,01
513,38	1148,91
513,58	1196,01
513,78	1169,39
513,98	1212,40
514,18	1169,39
514,38	1189,87
514,58	1239,02
514,78	1177,58
514,98	1173,49
515,18	1146,86
515,38	1136,62
515,58	1144,81
515,78	1189,87
515,98	1173,49
516,18	1212,40
516,38	1183,73
516,57	1146,86
516,77	1146,86
516,97	1150,96
517,17	1161,20
517,37	1206,25
517,57	1132,53
517,77	1150,96
517,97	1204,21
518,17	1179,63
518,37	1155,05
518,57	1202,16
518,77	1159,15
518,97	1136,62
519,16	1191,92
519,36	1241,07
519,56	1200,11
519,76	1163,25
519,96	1273,84
520,16	1214,45
520,36	1216,49
520,56	1191,92
520,76	1126,38
520,96	1185,77
521,16	1234,93
521,35	1208,30
521,55	1187,82
521,75	1118,19
521,95	1159,15
522,15	1110,00
522,35	1148,91
522,55	1165,29
522,75	1198,06
522,95	1171,44
523,14	1173,49
523,34	1226,73
523,54	1134,57
523,74	1146,86
523,94	1251,31
524,14	1193,97
524,34	1187,82
524,54	1187,82
524,73	1165,29
524,93	1177,58
525,13	1167,34
525,33	1191,92
525,53	1146,86
525,73	1216,49
525,93	1077,23
526,13	1181,68
526,32	1193,97
526,52	1243,12
526,72	1069,04
526,92	1157,10
527,12	1183,73
527,32	1236,97
527,52	1163,25
527,71	1214,45
527,91	1200,11
528,11	1146,86
528,31	1216,49
528,51	1155,05
528,71	1175,53
528,90	1155,05
529,10	1157,10
529,30	1185,77
529,50	1193,97
529,70	1179,63
529,90	1183,73
530,09	1257,45
530,29	1167,34
530,49	1191,92
530,69	1232,88
530,89	1216,49
531,09	1193,97
531,28	1173,49
531,48	1222,64
531,68	1159,15
531,88	1159,15
532,08	1169,39
532,28	1259,50
532,47	1239,02
532,67	1132,53
532,87	1210,35
533,07	1218,54
533,27	1202,16
533,46	1171,44
533,66	1189,87
533,86	1146,86
534,06	1163,25
534,26	1150,96
534,45	1157,10
534,65	1128,43
534,85	1153,01
535,05	1112,05
535,25	1183,73
535,44	1110,00
535,64	1169,39
535,84	1150,96
536,04	1241,07
536,24	1179,63
536,43	1179,63
536,63	1191,92
536,83	1224,69
537,03	1202,16
537,22	1214,45
537,42	1239,02
537,62	1189,87
537,82	1148,91
538,02	1150,96
538,21	1273,84
538,41	1138,67
538,61	1200,11
538,81	1175,53
539,00	1171,44
539,20	1200,11
539,40	1155,05
539,60	1198,06
539,79	1132,53
539,99	1148,91
540,19	1204,21
540,39	1165,29
540,58	1144,81
540,78	1169,39
540,98	1220,59
541,18	1173,49
541,37	1179,63
541,57	1187,82
541,77	1169,39
541,97	1163,25
542,16	1239,02
542,36	1187,82
542,56	1196,01
542,76	1173,49
542,95	1183,73
543,15	1239,02
543,35	1146,86
543,54	1218,54
543,74	1171,44
543,94	1202,16
544,14	1165,29
544,33	1107,95
544,53	1193,97
544,73	1130,48
544,93	1236,97
545,12	1234,93
545,32	1134,57
545,52	1110,00
545,71	1183,73
545,91	1191,92
546,11	1183,73
546,30	1101,81
546,50	1183,73
546,70	1277,93
546,90	1202,16
547,09	1200,11
547,29	1140,72
547,49	1122,29
547,68	1183,73
547,88	1259,50
548,08	1234,93
548,27	1171,44
548,47	1239,02
548,67	1232,88
548,87	1198,06
549,06	1224,69
549,26	1155,05
549,46	1167,34
549,65	1218,54
549,85	1193,97
550,05	1173,49
550,24	1142,77
550,44	1124,33
550,64	1155,05
550,83	1116,14
551,03	1134,57
551,23	1228,78
551,42	1230,83
551,62	1167,34
551,82	1155,05
552,01	1134,57
552,21	1181,68
552,41	1202,16
552,60	1175,53
552,80	1220,59
553,00	1132,53
553,19	1220,59
553,39	1249,26
553,59	1161,20
553,78	1222,64
553,98	1187,82
554,17	1165,29
554,37	1196,01
554,57	1193,97
554,76	1234,93
554,96	1140,72
555,16	1271,79
555,35	1189,87
555,55	1191,92
555,75	1175,53
555,94	1142,77
556,14	1153,01
556,33	1155,05
556,53	1185,77
556,73	1132,53
556,92	1224,69
557,12	1157,10
557,32	1226,73
557,51	1189,87
557,71	1181,68
557,90	1146,86
558,10	1105,90
558,30	1208,30
558,49	1146,86
558,69	1163,25
558,88	1163,25
559,08	1140,72
559,28	1163,25
559,47	1208,30
559,67	1159,15
559,86	1241,07
560,06	1114,10
560,26	1167,34
560,45	1239,02
560,65	1167,34
560,84	1179,63
561,04	1218,54
561,24	1189,87
561,43	1218,54
561,63	1222,64
561,82	1245,16
562,02	1179,63
562,22	1249,26
562,41	1220,59
562,61	1122,29
562,80	1181,68
563,00	1224,69
563,19	1132,53
563,39	1167,34
563,59	1179,63
563,78	1150,96
563,98	1175,53
564,17	1232,88
564,37	1175,53
564,56	1130,48
564,76	1177,58
564,96	1171,44
565,15	1171,44
565,35	1163,25
565,54	1191,92
565,74	1245,16
565,93	1130,48
566,13	1167,34
566,32	1216,49
566,52	1175,53
566,71	1228,78
566,91	1198,06
567,11	1275,88
567,30	1148,91
567,50	1134,57
567,69	1140,72
567,89	1220,59
568,08	1159,15
568,28	1163,25
568,47	1130,48
568,67	1101,81
568,86	1181,68
569,06	1177,58
569,25	1181,68
569,45	1198,06
569,64	1212,40
569,84	1226,73
570,04	1185,77
570,23	1204,21
570,43	1155,05
570,62	1167,34
570,82	1128,43
571,01	1167,34
571,21	1232,88
571,40	1189,87
571,60	1255,40
571,79	1155,05
571,99	1165,29
572,18	1214,45
572,38	1245,16
572,57	1140,72
572,77	1204,21
572,96	1208,30
573,16	1101,81
573,35	1107,95
573,55	1150,96
573,74	1206,25
573,94	1220,59
574,13	1206,25
574,33	1216,49
574,52	1247,21
574,71	1112,05
574,91	1091,57
575,10	1208,30
575,30	1181,68
575,49	1142,77
575,69	1142,77
575,88	1165,29
576,08	1105,90
576,27	1228,78
576,47	1175,53
576,66	1206,25
576,86	1214,45
577,05	1222,64
577,25	1175,53
577,44	1212,40
577,64	1159,15
577,83	1208,30
578,02	1181,68
578,22	1130,48
578,41	1218,54
578,61	1124,33
578,80	1206,25
579,00	1261,55
579,19	1196,01
579,39	1187,82
579,58	1191,92
579,77	1173,49
579,97	1122,29
580,16	1146,86
580,36	1140,72
580,55	1157,10
580,75	1239,02
580,94	1169,39
581,13	1239,02
581,33	1150,96
581,52	1193,97
581,72	1150,96
581,91	1204,21
582,11	1165,29
582,30	1101,81
582,49	1148,91
582,69	1173,49
582,88	1177,58
583,08	1142,77
583,27	1146,86
583,47	1163,25
583,66	1122,29
583,85	1177,58
584,05	1208,30
584,24	1142,77
584,44	1183,73
584,63	1284,08
584,82	1187,82
585,02	1159,15
585,21	1130,48
585,41	1165,29
585,60	1159,15
585,79	1153,01
585,99	1128,43
586,18	1159,15
586,37	1110,00
586,57	1218,54
586,76	1097,71
586,96	1171,44
587,15	1179,63
587,34	1220,59
587,54	1066,99
587,73	1183,73
587,93	1200,11
588,12	1196,01
588,31	1226,73
588,51	1206,25
588,70	1153,01
588,89	1210,35
589,09	1200,11
589,28	1165,29
589,47	1241,07
589,67	1224,69
589,86	1228,78
590,06	1167,34
590,25	1216,49
590,44	1167,34
590,64	1157,10
590,83	1146,86
591,02	1163,25
591,22	1148,91
591,41	1148,91
591,60	1181,68
591,80	1138,67
591,99	1187,82
592,18	1165,29
592,38	1128,43
592,57	1259,50
592,76	1163,25
592,96	1173,49
593,15	1185,77
593,34	1290,22
593,54	1091,57
593,73	1212,40
593,92	1171,44
594,12	1175,53
594,31	1216,49
594,50	1204,21
594,70	1146,86
594,89	1150,96
595,08	1187,82
595,28	1191,92
595,47	1134,57
595,66	1222,64
595,86	1191,92
596,05	1165,29
596,24	1206,25
596,43	1171,44
596,63	1130,48
596,82	1116,14
597,01	1214,45
597,21	1218,54
597,40	1105,90
597,59	1191,92
597,79	1136,62
597,98	1222,64
598,17	1187,82
598,36	1175,53
598,56	1183,73
598,75	1161,20
598,94	1200,11
599,14	1153,01
599,33	1218,54
599,52	1220,59
599,71	1163,25
599,91	1179,63
600,10	1116,14
600,29	1200,11
600,48	1196,01
600,68	1193,97
600,87	1157,10
601,06	1193,97
601,26	1189,87
601,45	1169,39
601,64	1191,92
601,83	1148,91
602,03	1196,01
602,22	1130,48
602,41	1163,25
602,60	1196,01
602,80	1128,43
602,99	1148,91
603,18	1177,58
603,37	1224,69
603,57	1216,49
603,76	1179,63
603,95	1212,40
604,14	1218,54
604,34	1161,20
604,53	1204,21
604,72	1120,24
604,91	1187,82
605,10	1140,72
605,30	1175,53
605,49	1163,25
605,68	1200,11
605,87	1198,06
606,07	1183,73
606,26	1126,38
606,45	1150,96
606,64	1191,92
606,84	1187,82
607,03	1101,81
607,22	1146,86
607,41	1265,64
607,60	1146,86
607,80	1198,06
607,99	1198,06
608,18	1251,31
608,37	1130,48
608,56	1193,97
608,76	1185,77
608,95	1167,34
609,14	1226,73
609,33	1138,67
609,52	1167,34
609,72	1120,24
609,91	1146,86
610,10	1204,21
610,29	1173,49
610,48	1193,97
610,68	1175,53
610,87	1230,83
611,06	1202,16
611,25	1218,54
611,44	1214,45
611,63	1253,36
611,83	1155,05
612,02	1165,29
612,21	1165,29
612,40	1204,21
612,59	1189,87
612,79	1165,29
612,98	1202,16
613,17	1163,25
613,36	1148,91
613,55	1191,92
613,74	1134,57
613,93	1212,40
614,13	1218,54
614,32	1155,05
614,51	1153,01
614,70	1216,49
614,89	1132,53
615,08	1193,97
615,28	1196,01
615,47	1234,93
615,66	1179,63
615,85	1150,96
616,04	1173,49
616,23	1165,29
616,42	1159,15
616,62	1196,01
616,81	1263,60
617,00	1224,69
617,19	1148,91
617,38	1177,58
617,57	1232,88
617,76	1241,07
617,95	1183,73
618,15	1228,78
618,34	1167,34
618,53	1177,58
618,72	1253,36
618,91	1138,67
619,10	1187,82
619,29	1232,88
619,48	1177,58
619,68	1214,45
619,87	1134,57
620,06	1224,69
620,25	1210,35
620,44	1191,92
620,63	1179,63
620,82	1169,39
621,01	1232,88
621,20	1134,57
621,39	1187,82
621,59	1232,88
621,78	1220,59
621,97	1181,68
622,16	1200,11
622,35	1171,44
622,54	1200,11
622,73	1241,07
622,92	1247,21
623,11	1181,68
623,30	1208,30
623,49	1216,49
623,68	1175,53
623,88	1204,21
624,07	1218,54
624,26	1189,87
624,45	1175,53
624,64	1142,77
624,83	1167,34
625,02	1265,64
625,21	1202,16
625,40	1187,82
625,59	1241,07
625,78	1161,20
625,97	1273,84
626,16	1239,02
626,35	1175,53
626,54	1159,15
626,74	1134,57
626,93	1165,29
627,12	1198,06
627,31	1247,21
627,50	1306,60
627,69	1142,77
627,88	1183,73
628,07	1208,30
628,26	1187,82
628,45	1300,46
628,64	1327,08
628,83	1253,36
629,02	1282,03
629,21	1153,01
629,40	1189,87
629,59	1200,11
629,78	1187,82
629,97	1202,16
630,16	1193,97
630,35	1181,68
630,54	1230,83
630,73	1204,21
630,92	1163,25
631,11	1226,73
631,30	1388,52
631,49	1466,35
631,68	1886,18
631,87	3999,68
632,06	15169,30
632,25	43464,04
632,44	55051,45
632,63	57711,76
632,82	35950,04
633,01	18509,54
633,20	5320,62
633,39	5474,22
633,58	2779,09
633,77	2195,42
633,96	1736,68
634,15	1437,67
634,34	1497,07
634,53	1525,74
634,72	1525,74
634,91	1458,15
635,10	1308,65
635,29	1275,88
635,48	1230,83
635,67	1126,38
635,86	1261,55
636,05	1206,25
636,24	1210,35
636,43	1140,72
636,62	1243,12
636,81	1183,73
637,00	1177,58
637,19	1167,34
637,38	1216,49
637,57	1218,54
637,76	1148,91
637,95	1175,53
638,14	1247,21
638,33	1208,30
638,52	1202,16
638,71	1191,92
638,89	1175,53
639,08	1243,12
639,27	1239,02
639,46	1146,86
639,65	1216,49
639,84	1175,53
640,03	1239,02
640,22	1183,73
640,41	1212,40
640,60	1232,88
640,79	1181,68
640,98	1222,64
641,17	1173,49
641,36	1212,40
641,55	1181,68
641,74	1204,21
641,92	1218,54
642,11	1177,58
642,30	1296,36
642,49	1247,21
642,68	1216,49
642,87	1161,20
643,06	1165,29
643,25	1128,43
643,44	1204,21
643,63	1218,54
643,82	1179,63
644,00	1279,98
644,19	1247,21
644,38	1204,21
644,57	1136,62
644,76	1181,68
644,95	1107,95
645,14	1193,97
645,33	1189,87
645,52	1146,86
645,71	1189,87
645,89	1153,01
646,08	1181,68
646,27	1165,29
646,46	1232,88
646,65	1191,92
646,84	1245,16
647,03	1187,82
647,22	1257,45
647,40	1222,64
647,59	1175,53
647,78	1167,34
647,97	1228,78
648,16	1140,72
648,35	1206,25
648,54	1122,29
648,73	1177,58
648,91	1167,34
649,10	1189,87
649,29	1150,96
649,48	1216,49
649,67	1187,82
649,86	1148,91
650,05	1175,53
650,23	1183,73
650,42	1253,36
650,61	1196,01
650,80	1200,11
650,99	1187,82
651,18	1169,39
651,36	1208,30
651,55	1132,53
651,74	1189,87
651,93	1202,16
652,12	1159,15
652,31	1230,83
652,49	1255,40
652,68	1185,77
652,87	1116,14
653,06	1222,64
653,25	1095,66
653,44	1130,48
653,62	1112,05
653,81	1171,44
654,00	1153,01
654,19	1216,49
654,38	1230,83
654,56	1202,16
654,75	1177,58
654,94	1198,06
655,13	1148,91
655,32	1200,11
655,51	1210,35
655,69	1208,30
655,88	1161,20
656,07	1181,68
656,26	1206,25
656,45	1249,26
656,63	1150,96
656,82	1214,45
657,01	1220,59
657,20	1146,86
657,38	1212,40
657,57	1171,44
657,76	1198,06
657,95	1187,82
658,14	1196,01
658,32	1136,62
658,51	1232,88
658,70	1138,67
658,89	1128,43
659,08	1150,96
659,26	1196,01
659,45	1206,25
659,64	1114,10
659,83	1234,93
660,01	1247,21
660,20	1175,53
660,39	1177,58
660,58	1146,86
660,76	1165,29
660,95	1136,62
661,14	1196,01
661,33	1163,25
661,51	1218,54
661,70	1208,30
661,89	1206,25
662,08	1228,78
662,26	1177,58
662,45	1142,77
662,64	1212,40
662,83	1249,26
663,01	1181,68
663,20	1202,16
663,39	1210,35
663,58	1218,54
663,76	1185,77
663,95	1210,35
664,14	1183,73
664,32	1134,57
664,51	1239,02
664,70	1191,92
664,89	1198,06
665,07	1110,00
665,26	1183,73
665,45	1204,21
665,64	1189,87
665,82	1150,96
666,01	1132,53
666,20	1134,57
666,38	1150,96
666,57	1218,54
666,76	1150,96
666,95	1177,58
667,13	1187,82
667,32	1140,72
667,51	1224,69
667,69	1179,63
667,88	1097,71
668,07	1216,49
668,25	1191,92
668,44	1134,57
668,63	1181,68
668,81	1214,45
669,00	1200,11
669,19	1138,67
669,38	1157,10
669,56	1257,45
669,75	1187,82
669,94	1159,15
670,12	1126,38
670,31	1183,73
670,50	1161,20
670,68	1191,92
670,87	1210,35
671,06	1167,34
671,24	1224,69
671,43	1183,73
671,62	1212,40
671,80	1183,73
671,99	1224,69
672,18	1193,97
672,36	1150,96
672,55	1185,77
672,74	1128,43
672,92	1257,45
673,11	1148,91
673,29	1146,86
673,48	1179,63
673,67	1163,25
673,85	1232,88
674,04	1134,57
674,23	1183,73
674,41	1206,25
674,60	1234,93
674,79	1243,12
674,97	1241,07
675,16	1157,10
675,34	1177,58
675,53	1173,49
675,72	1175,53
675,90	1157,10
676,09	1153,01
676,28	1187,82
676,46	1167,34
676,65	1200,11
676,83	1200,11
677,02	1159,15
677,21	1220,59
677,39	1132,53
677,58	1193,97
677,77	1226,73
677,95	1173,49
678,14	1175,53
678,32	1175,53
678,51	1138,67
678,70	1212,40
678,88	1091,57
679,07	1200,11
679,25	1204,21
679,44	1142,77
679,63	1169,39
679,81	1208,30
680,00	1169,39
680,18	1099,76
680,37	1234,93
680,55	1177,58
680,74	1165,29
680,93	1185,77
681,11	1134,57
681,30	1214,45
681,48	1181,68
681,67	1173,49
681,85	1202,16
682,04	1208,30
682,23	1193,97
682,41	1118,19
682,60	1167,34
682,78	1118,19
682,97	1134,57
683,15	1273,84
683,34	1161,20
683,53	1134,57
683,71	1161,20
683,90	1163,25
684,08	1206,25
684,27	1130,48
684,45	1169,39
684,64	1175,53
684,82	1187,82
685,01	1153,01
685,19	1228,78
685,38	1148,91
685,57	1271,79
685,75	1173,49
685,94	1157,10
686,12	1179,63
686,31	1189,87
686,49	1224,69
686,68	1177,58
686,86	1159,15
687,05	1210,35
687,23	1146,86
687,42	1216,49
687,60	1161,20
687,79	1150,96
687,97	1216,49
688,16	1222,64
688,34	1212,40
688,53	1220,59
688,71	1138,67
688,90	1212,40
689,08	1089,52
689,27	1212,40
689,45	1208,30
689,64	1114,10
689,82	1134,57
690,01	1169,39
690,19	1126,38
690,38	1169,39
690,56	1200,11
690,75	1138,67
690,93	1191,92
691,12	1148,91
691,30	1150,96
691,49	1183,73
691,67	1245,16
691,86	1146,86
692,04	1177,58
692,23	1220,59
692,41	1163,25
692,60	1206,25
692,78	1155,05
692,97	1181,68
693,15	1155,05
693,34	1185,77
693,52	1183,73
693,71	1245,16
693,89	1181,68
694,08	1224,69
694,26	1105,90
694,44	1222,64
694,63	1138,67
694,81	1202,16
695,00	1163,25
695,18	1105,90
695,37	1159,15
695,55	1153,01
695,74	1245,16
695,92	1144,81
696,10	1189,87
696,29	1157,10
696,47	1167,34
696,66	1177,58
696,84	1185,77
697,03	1140,72
697,21	1148,91
697,40	1130,48
697,58	1298,41
697,76	1171,44
697,95	1200,11
698,13	1226,73
698,32	1193,97
698,50	1144,81
698,68	1191,92
698,87	1134,57
699,05	1243,12
699,24	1165,29
699,42	1159,15
699,61	1181,68
699,79	1214,45
699,97	1210,35
700,16	1175,53
700,34	1234,93
700,53	1177,58
700,71	1198,06
700,89	1204,21
701,08	1130,48
701,26	1169,39
701,45	1243,12
701,63	1159,15
701,81	1196,01
702,00	1142,77
702,18	1216,49
702,37	1247,21
702,55	1110,00
702,73	1216,49
702,92	1142,77
703,10	1132,53
703,28	1177,58
703,47	1210,35
703,65	1191,92
703,84	1198,06
704,02	1165,29
704,20	1263,60
704,39	1161,20
704,57	1175,53
704,75	1196,01
704,94	1177,58
705,12	1202,16
705,30	1175,53
705,49	1163,25
705,67	1130,48
705,86	1243,12
706,04	1177,58
706,22	1214,45
706,41	1163,25
706,59	1239,02
706,77	1189,87
706,96	1226,73
707,14	1234,93
707,32	1247,21
707,51	1173,49
707,69	1232,88
707,87	1169,39
708,06	1269,74
708,24	1236,97
708,42	1157,10
708,61	1183,73
708,79	1185,77
708,97	1144,81
709,16	1193,97
709,34	1189,87
709,52	1134,57
709,71	1224,69
709,89	1165,29
710,07	1202,16
710,26	1179,63
710,44	1173,49
710,62	1208,30
710,80	1165,29
710,99	1148,91
711,17	1116,14
711,35	1167,34
711,54	1189,87
711,72	1169,39
711,90	1204,21
712,09	1171,44
712,27	1167,34
712,45	1163,25
712,63	1062,90
712,82	1224,69
713,00	1163,25
713,18	1155,05
713,37	1271,79
713,55	1239,02
713,73	1146,86
713,91	1230,83
714,10	1198,06
714,28	1144,81
714,46	1128,43
714,65	1181,68
714,83	1177,58
715,01	1239,02
715,19	1210,35
715,38	1224,69
715,56	1146,86
715,74	1175,53
715,92	1155,05
716,11	1193,97
716,29	1181,68
716,47	1216,49
716,65	1196,01
716,84	1144,81
717,02	1226,73
717,20	1183,73
717,38	1142,77
717,57	1191,92
717,75	1153,01
717,93	1167,34
718,11	1204,21
718,30	1173,49
718,48	1208,30
718,66	1150,96
718,84	1239,02
719,03	1177,58
719,21	1144,81
719,39	1126,38
719,57	1251,31
719,75	1196,01
719,94	1159,15
720,12	1261,55
720,30	1183,73
720,48	1183,73
720,67	1126,38
720,85	1216,49
721,03	1177,58
721,21	1120,24
721,39	1116,14
721,58	1107,95
721,76	1222,64
721,94	1196,01
722,12	1163,25
722,30	1220,59
722,49	1191,92
722,67	1198,06
722,85	1163,25
723,03	1175,53
723,21	1220,59
723,40	1204,21
723,58	1232,88
723,76	1142,77
723,94	1183,73
724,12	1153,01
724,30	1181,68
724,49	1220,59
724,67	1148,91
724,85	1218,54
725,03	1204,21
725,21	1183,73
725,40	1222,64
725,58	1220,59
725,76	1165,29
725,94	1128,43
726,12	1202,16
726,30	1155,05
726,49	1150,96
726,67	1208,30
726,85	1163,25
727,03	1208,30
727,21	1128,43
727,39	1204,21
727,57	1150,96
727,76	1214,45
727,94	1150,96
728,12	1167,34
728,30	1163,25
728,48	1173,49
728,66	1075,18
728,84	1204,21
729,03	1196,01
729,21	1169,39
729,39	1175,53
729,57	1218,54
729,75	1226,73
729,93	1236,97
730,11	1208,30
730,30	1134,57
730,48	1153,01
730,66	1140,72
730,84	1189,87
731,02	1216,49
731,20	1212,40
731,38	1204,21
731,56	1208,30
731,74	1204,21
731,93	1185,77
732,11	1183,73
732,29	1208,30
732,47	1163,25
732,65	1153,01
732,83	1148,91
733,01	1177,58
733,19	1101,81
733,37	1175,53
733,56	1175,53
733,74	1138,67
733,92	1216,49
734,10	1116,14
734,28	1155,05
734,46	1206,25
734,64	1187,82
734,82	1124,33
735,00	1167,34
735,18	1230,83
735,36	1163,25
735,54	1183,73
735,73	1187,82
735,91	1202,16
736,09	1110,00
736,27	1142,77
736,45	1173,49
736,63	1140,72
736,81	1161,20
736,99	1214,45
737,17	1171,44
737,35	1159,15
737,53	1150,96
737,71	1150,96
737,89	1179,63
738,07	1189,87
738,25	1159,15
738,43	1150,96
738,61	1218,54
738,80	1165,29
738,98	1126,38
739,16	1220,59
739,34	1142,77
739,52	1171,44
739,70	1142,77
739,88	1228,78
740,06	1200,11
740,24	1214,45
740,42	1198,06
740,60	1153,01
740,78	1212,40
740,96	1169,39
741,14	1202,16
741,32	1163,25
741,50	1120,24
741,68	1134,57
741,86	1220,59
742,04	1193,97
742,22	1204,21
742,40	1159,15
742,58	1193,97
742,76	1169,39
742,94	1210,35
743,12	1101,81
743,30	1214,45
743,48	1155,05
743,66	1153,01
743,84	1236,97
744,02	1224,69
744,20	1167,34
744,38	1138,67
744,56	1220,59
744,74	1230,83
744,92	1099,76
745,10	1226,73
745,28	1116,14
745,46	1204,21
745,64	1198,06
745,82	1196,01
746,00	1132,53
746,18	1212,40
746,36	1138,67
746,54	1165,29
746,72	1146,86
746,90	1114,10
747,08	1165,29
747,26	1226,73
747,44	1200,11
747,62	1210,35
747,80	1234,93
747,98	1191,92
748,15	1198,06
748,33	1153,01
748,51	1220,59
748,69	1206,25
748,87	1169,39
749,05	1153,01
749,23	1105,90
749,41	1173,49
749,59	1216,49
749,77	1173,49
749,95	1222,64
750,13	1216,49
750,31	1183,73
750,49	1163,25
750,67	1138,67
750,85	1171,44
751,03	1187,82
751,20	1239,02
751,38	1212,40
751,56	1163,25
751,74	1142,77
751,92	1185,77
752,10	1222,64
752,28	1118,19
752,46	1150,96
752,64	1220,59
752,82	1218,54
753,00	1216,49
753,18	1214,45
753,35	1191,92
753,53	1150,96
753,71	1173,49
753,89	1214,45
754,07	1155,05
754,25	1163,25
754,43	1198,06
754,61	1220,59
754,79	1189,87
754,97	1202,16
755,14	1175,53
755,32	1310,70
755,50	1187,82
755,68	1198,06
755,86	1196,01
756,04	1206,25
756,22	1232,88
756,40	1236,97
756,57	1173,49
756,75	1234,93
756,93	1200,11
757,11	1161,20
757,29	1179,63
757,47	1216,49
757,65	1175,53
757,82	1150,96
758,00	1142,77
758,18	1226,73
758,36	1185,77
758,54	1210,35
758,72	1122,29
758,90	1163,25
759,07	1212,40
759,25	1142,77
759,43	1210,35
759,61	1173,49
759,79	1146,86
759,97	1132,53
760,15	1204,21
760,32	1171,44
760,50	1243,12
760,68	1142,77
760,86	1241,07
761,04	1191,92
761,22	1171,44
761,39	1208,30
761,57	1210,35
761,75	1200,11
761,93	1153,01
762,11	1146,86
762,28	1159,15
762,46	1220,59
762,64	1110,00
762,82	1150,96
763,00	1208,30
763,18	1216,49
763,35	1232,88
763,53	1173,49
763,71	1247,21
763,89	1189,87
764,07	1167,34
764,24	1204,21
764,42	1200,11
764,60	1175,53
764,78	1175,53
764,96	1159,15
765,13	1187,82
765,31	1146,86
765,49	1138,67
765,67	1202,16
765,84	1183,73
766,02	1218,54
766,20	1167,34
766,38	1169,39
766,56	1120,24
766,73	1148,91
766,91	1142,77
767,09	1126,38
767,27	1208,30
767,44	1134,57
767,62	1214,45
767,80	1189,87
767,98	1206,25
768,15	1226,73
768,33	1228,78
768,51	1236,97
768,69	1177,58
768,87	1294,32
769,04	1226,73
769,22	1191,92
769,40	1130,48
769,58	1140,72
769,75	1163,25
769,93	1185,77
770,11	1269,74
770,28	1159,15
770,46	1159,15
770,64	1222,64
770,82	1177,58
770,99	1167,34
771,17	1124,33
771,35	1216,49
771,53	1177,58
771,70	1157,10
771,88	1200,11
772,06	1191,92
772,23	1236,97
772,41	1134,57
772,59	1202,16
772,77	1177,58
772,94	1177,58
773,12	1220,59
773,30	1220,59
773,47	1187,82
773,65	1191,92
773,83	1110,00
774,01	1126,38
774,18	1198,06
774,36	1243,12
774,54	1230,83
774,71	1286,12
774,89	1128,43
775,07	1146,86
775,24	1179,63
775,42	1204,21
775,60	1134,57
775,78	1075,18
775,95	1144,81
776,13	1153,01
776,31	1157,10
776,48	1191,92
776,66	1200,11
776,84	1163,25
777,01	1226,73
777,19	1222,64
777,37	1196,01
777,54	1218,54
777,72	1185,77
777,90	1191,92
778,07	1185,77
778,25	1249,26
778,43	1196,01
778,60	1183,73
778,78	1208,30
778,96	1093,62
779,13	1128,43
779,31	1269,74
779,49	1150,96
779,66	1220,59
779,84	1222,64
780,01	1263,60
780,19	1204,21
780,37	1228,78
780,54	1200,11
780,72	1212,40
780,90	1189,87
781,07	1257,45
781,25	1167,34
781,43	1193,97
781,60	1196,01
781,78	1202,16
781,95	1146,86
782,13	1185,77
782,31	1120,24
782,48	1204,21
782,66	1204,21
782,83	1181,68
783,01	1204,21
783,19	1179,63
783,36	1142,77
783,54	1130,48
783,72	1146,86
783,89	1159,15
784,07	1165,29
784,24	1181,68
784,42	1169,39
784,60	1204,21
784,77	1175,53
784,95	1214,45
785,12	1202,16
785,30	1144,81
785,47	1210,35
785,65	1200,11
785,83	1249,26
786,00	1130,48
786,18	1163,25
786,35	1140,72
786,53	1200,11
786,71	1175,53
786,88	1191,92
787,06	1101,81
787,23	1103,86
787,41	1183,73
787,58	1173,49
787,76	1153,01
787,94	1161,20
788,11	1110,00
788,29	1202,16
788,46	1183,73
788,64	1171,44
788,81	1218,54
788,99	1112,05
789,16	1212,40
789,34	1173,49
789,52	1079,28
789,69	1163,25
789,87	1179,63
790,04	1204,21
790,22	1232,88
790,39	1263,60
790,57	1208,30
790,74	1175,53
790,92	1232,88
791,09	1224,69
791,27	1234,93
791,44	1294,32
791,62	1191,92
791,79	1161,20
791,97	1208,30
792,15	1120,24
792,32	1200,11
792,50	1220,59
792,67	1183,73
792,85	1140,72
793,02	1138,67
793,20	1165,29
793,37	1163,25
793,55	1173,49
793,72	1202,16
793,90	1167,34
794,07	1200,11
794,25	1216,49
794,42	1185,77
794,60	1169,39
794,77	1161,20
794,95	1196,01
795,12	1165,29
795,30	1146,86
795,47	1126,38
795,65	1155,05
795,82	1155,05
796,00	1200,11
796,17	1126,38
796,34	1177,58
796,52	1159,15
796,69	1239,02
796,87	1171,44
797,04	1181,68
797,22	1163,25
797,39	1079,28
797,57	1185,77
797,74	1196,01
797,92	1175,53
798,09	1206,25
798,27	1189,87
798,44	1173,49
798,62	1144,81
798,79	1132,53
798,96	1159,15
799,14	1173,49
799,31	1228,78
799,49	1169,39
799,66	1144,81
799,84	1198,06
800,01	1216,49
800,19	1214,45
800,36	1169,39
800,53	1202,16
800,71	1101,81
800,88	1198,06
801,06	1101,81
801,23	1130,48
801,41	1175,53
801,58	1148,91
801,75	1198,06
801,93	1171,44
802,10	1200,11
802,28	1173,49
802,45	1181,68
802,63	1157,10
802,80	1177,58
802,97	1118,19
803,15	1136,62
803,32	1200,11
803,50	1140,72
803,67	1255,40
803,84	1196,01
804,02	1269,74
804,19	1187,82
804,37	1150,96
804,54	1193,97
804,71	1185,77
804,89	1144,81
805,06	1245,16
805,24	1187,82
805,41	1198,06
805,58	1189,87
805,76	1208,30
805,93	1189,87
806,10	1171,44
806,28	1155,05
806,45	1157,10
806,63	1230,83
806,80	1216,49
806,97	1101,81
807,15	1081,33
807,32	1091,57
807,49	1181,68
807,67	1214,45
807,84	1138,67
808,01	1167,34
808,19	1243,12
808,36	1198,06
808,54	1279,98
808,71	1101,81
808,88	1216,49
809,06	1177,58
809,23	1167,34
809,40	1253,36
809,58	1232,88
809,75	1222,64
809,92	1150,96
810,10	1165,29
810,27	1179,63
810,44	1066,99
810,62	1206,25
810,79	1202,16
810,96	1167,34
811,14	1161,20
811,31	1122,29
811,48	1079,28
811,66	1155,05
811,83	1140,72
812,00	1161,20
812,18	1165,29
812,35	1196,01
812,52	1218,54
812,69	1189,87
812,87	1132,53
813,04	1187,82
813,21	1148,91
813,39	1179,63
813,56	1132,53
813,73	1132,53
813,91	1112,05
814,08	1216,49
814,25	1208,30
814,42	1175,53
814,60	1226,73
814,77	1247,21
814,94	1167,34
815,12	1210,35
815,29	1148,91
815,46	1181,68
815,63	1191,92
815,81	1177,58
815,98	1169,39
816,15	1101,81
816,33	1128,43
816,50	1118,19
816,67	1183,73
816,84	1167,34
817,02	1222,64
817,19	1196,01
817,36	1171,44
817,53	1198,06
817,71	1116,14
817,88	1198,06
818,05	1269,74
818,22	1150,96
818,40	1224,69
818,57	1220,59
818,74	1161,20
818,91	1150,96
819,09	1216,49
819,26	1234,93
819,43	1236,97
819,60	1075,18
819,78	1214,45
819,95	1232,88
820,12	1130,48
820,29	1155,05
820,47	1171,44
820,64	1232,88
820,81	1251,31
820,98	1136,62
821,15	1265,64
821,33	1159,15
821,50	1191,92
821,67	1189,87
821,84	1181,68
822,02	1226,73
822,19	1253,36
822,36	1198,06
822,53	1275,88
822,70	1130,48
822,88	1177,58
823,05	1165,29
823,22	1179,63
823,39	1179,63
823,56	1169,39
823,74	1163,25
823,91	1140,72
824,08	1142,77
824,25	1224,69
824,42	1228,78
824,60	1193,97
824,77	1202,16
824,94	1193,97
825,11	1189,87
825,28	1187,82
825,45	1103,86
825,63	1218,54
825,80	1153,01
825,97	1144,81
826,14	1155,05
826,31	1210,35
826,48	1183,73
826,66	1179,63
826,83	1126,38
827,00	1247,21
827,17	1175,53
827,34	1128,43
827,51	1220,59
827,69	1155,05
827,86	1187,82
828,03	1208,30
828,20	1140,72
828,37	1224,69
828,54	1230,83
828,71	1191,92
828,89	1175,53
829,06	1112,05
829,23	1173,49
829,40	1140,72
829,57	1161,20
829,74	1196,01
829,91	1232,88
830,09	1128,43
830,26	1181,68
830,43	1183,73
830,60	1193,97
830,77	1175,53
830,94	1273,84
831,11	1142,77
831,28	1167,34
831,46	1171,44
831,63	1144,81
831,80	1239,02
831,97	1150,96
832,14	1212,40
832,31	1134,57
832,48	1177,58
832,65	1185,77
832,82	1257,45
832,99	1247,21
833,17	1226,73
833,34	1216,49
833,51	1165,29
833,68	1073,14
833,85	1155,05
834,02	1112,05
834,19	1150,96
834,36	1277,93
834,53	1210,35
834,70	1183,73
834,87	1191,92
835,04	1206,25
835,22	1138,67
835,39	1124,33
835,56	1191,92
835,73	1189,87
835,90	1177,58
836,07	1222,64
836,24	1153,01
836,41	1198,06
836,58	1165,29
836,75	1157,10
836,92	1153,01
837,09	1247,21
837,26	1193,97
837,43	1187,82
837,60	1224,69
837,77	1110,00
837,94	1214,45
838,12	1155,05
838,29	1169,39
838,46	1206,25
838,63	1230,83
838,80	1140,72
838,97	1173,49
839,14	1247,21
839,31	1179,63
839,48	1134,57
839,65	1150,96
839,82	1226,73
839,99	1191,92
840,16	1173,49
840,33	1159,15
840,50	1173,49
840,67	1077,23
840,84	1196,01
841,01	1122,29
841,18	1200,11
841,35	1261,55
841,52	1101,81
841,69	1155,05
841,86	1114,10
842,03	1153,01
842,20	1175,53
842,37	1150,96
842,54	1214,45
842,71	1236,97
842,88	1153,01
843,05	1189,87
843,22	1177,58
843,39	1198,06
843,56	1112,05
843,73	1214,45
843,90	1224,69
844,07	1183,73
844,24	1138,67
844,41	1165,29
844,58	1155,05
844,75	1236,97
844,92	1239,02
845,09	1187,82
845,26	1198,06
845,43	1165,29
845,60	1146,86
845,77	1159,15
845,94	1230,83
846,10	1093,62
846,27	1193,97
846,44	1144,81
846,61	1165,29
846,78	1239,02
846,95	1173,49
847,12	1257,45
847,29	1140,72
847,46	1198,06
847,63	1138,67
847,80	1224,69
847,97	1222,64
848,14	1212,40
848,31	1134,57
848,48	1118,19
848,65	1265,64
848,82	1142,77
848,98	1187,82
849,15	1175,53
849,32	1148,91
849,49	1155,05
849,66	1142,77
849,83	1275,88
850,00	1200,11
850,17	1236,97
850,34	1173,49
850,51	1200,11
850,68	1107,95
850,85	1206,25
851,01	1144,81
851,18	1171,44
851,35	1165,29
851,52	1169,39
851,69	1130,48
851,86	1179,63
852,03	1191,92
852,20	1196,01
852,37	1232,88
852,53	1200,11
852,70	1171,44
852,87	1155,05
853,04	1198,06
853,21	1103,86
853,38	1187,82
853,55	1208,30
853,72	1171,44
853,89	1187,82
854,05	1124,33
854,22	1148,91
854,39	1196,01
854,56	1169,39
854,73	1175,53
854,90	1169,39
855,07	1257,45
855,23	1173,49
855,40	1200,11
855,57	1126,38
855,74	1202,16
855,91	1153,01
856,08	1177,58
856,25	1159,15
856,41	1228,78
856,58	1089,52
856,75	1263,60
856,92	1202,16
857,09	1124,33
857,26	1110,00
857,42	1161,20
857,59	1187,82
857,76	1200,11
857,93	1155,05
858,10	1193,97
858,27	1206,25
858,43	1214,45
858,60	1193,97
858,77	1234,93
858,94	1241,07
859,11	1181,68
859,27	1148,91
859,44	1193,97
859,61	1157,10
859,78	1224,69
859,95	1114,10
860,12	1144,81
860,28	1179,63
860,45	1122,29
860,62	1226,73
860,79	1191,92
860,95	1196,01
861,12	1146,86
861,29	1206,25
861,46	1216,49
861,63	1181,68
861,79	1159,15
861,96	1202,16
862,13	1097,71
862,30	1150,96
862,47	1196,01
862,63	1189,87
862,80	1146,86
862,97	1167,34
863,14	1142,77
863,30	1179,63
863,47	1173,49
863,64	1161,20
863,81	1167,34
863,97	1284,08
864,14	1210,35
864,31	1167,34
864,48	1187,82
864,65	1204,21
864,81	1226,73
864,98	1198,06
865,15	1175,53
865,32	1214,45
865,48	1181,68
865,65	1144,81
865,82	1146,86
865,98	1185,77
866,15	1130,48
866,32	1169,39
866,49	1183,73
866,65	1224,69
866,82	1142,77
866,99	1216,49
867,16	1122,29
867,32	1112,05
867,49	1206,25
867,66	1144,81
867,83	1169,39
867,99	1243,12
868,16	1173,49
868,33	1210,35
868,49	1105,90
868,66	1220,59
868,83	1134,57
868,99	1122,29
869,16	1148,91
869,33	1179,63
869,50	1202,16
869,66	1202,16
869,83	1163,25
870,00	1210,35
870,16	1183,73
870,33	1142,77
870,50	1198,06
870,66	1120,24
870,83	1187,82
871,00	1105,90
871,17	1181,68
871,33	1193,97
871,50	1204,21
871,67	1228,78
871,83	1224,69
872,00	1146,86
872,17	1189,87
872,33	1191,92
872,50	1134,57
872,67	1249,26
872,83	1157,10
873,00	1155,05
873,17	1167,34
873,33	1187,82
873,50	1165,29
873,67	1198,06
873,83	1220,59
874,00	1159,15
874,16	1214,45
874,33	1155,05
874,50	1110,00
874,66	1185,77
874,83	1214,45
875,00	1208,30
875,16	1179,63
875,33	1187,82
875,50	1269,74
875,66	1208,30
875,83	1191,92
875,99	1218,54
876,16	1138,67
876,33	1140,72
876,49	1138,67
876,66	1157,10
876,83	1179,63
876,99	1224,69
877,16	1185,77
877,32	1202,16
877,49	1187,82
877,66	1150,96
877,82	1144,81
877,99	1155,05
878,15	1191,92
878,32	1189,87
878,49	1236,97
878,65	1110,00
878,82	1222,64
878,98	1198,06
879,15	1155,05
879,32	1130,48
879,48	1161,20
879,65	1253,36
879,81	1179,63
879,98	1124,33
880,15	1179,63
880,31	1204,21
880,48	1216,49
880,64	1181,68
880,81	1253,36
880,97	1181,68
881,14	1224,69
881,31	1183,73
881,47	1185,77
881,64	1179,63
881,80	1185,77
881,97	1128,43
882,13	1202,16
882,30	1181,68
882,47	1193,97
882,63	1183,73
882,80	1236,97
882,96	1148,91
883,13	1153,01
883,29	1187,82
883,46	1171,44
883,62	1144,81
883,79	1189,87
883,95	1140,72
884,12	1208,30
884,29	1239,02
884,45	1214,45
884,62	1128,43
884,78	1087,47
884,95	1159,15
885,11	1173,49
885,28	1202,16
885,44	1234,93
885,61	1271,79
885,77	1259,50
885,94	1196,01
886,10	1224,69
886,27	1191,92
886,43	1155,05
886,60	1208,30
886,76	1173,49
886,93	1196,01
887,09	1187,82
887,26	1220,59
887,42	1187,82
887,59	1130,48
887,75	1163,25
887,92	1179,63
888,08	1089,52
888,25	1193,97
888,41	1171,44
888,58	1208,30
888,74	1187,82
888,91	1204,21
