177,47	1175,53
177,69	1175,53
177,91	1175,53
178,13	1157,10
178,36	1200,11
178,58	1157,10
178,80	1126,38
179,02	1163,25
179,24	1167,34
179,46	1142,77
179,68	1134,57
179,90	1179,63
180,13	1157,10
180,35	1169,39
180,57	1259,50
180,79	1118,19
181,01	1142,77
181,23	1212,40
181,45	1144,81
181,67	1218,54
181,90	1220,59
182,12	1126,38
182,34	1128,43
182,56	1187,82
182,78	1198,06
183,00	1134,57
183,22	1122,29
183,44	1173,49
183,66	1206,25
183,89	1177,58
184,11	1191,92
184,33	1230,83
184,55	1140,72
184,77	1198,06
184,99	1165,29
185,21	1163,25
185,43	1146,86
185,65	1136,62
185,87	1150,96
186,10	1191,92
186,32	1187,82
186,54	1196,01
186,76	1189,87
186,98	1142,77
187,20	1175,53
187,42	1126,38
187,64	1175,53
187,86	1173,49
188,08	1155,05
188,30	1196,01
188,52	1167,34
188,75	1132,53
188,97	1196,01
189,19	1103,86
189,41	1214,45
189,63	1200,11
189,85	1099,76
190,07	1236,97
190,29	1183,73
190,51	1163,25
190,73	1173,49
190,95	1196,01
191,17	1150,96
191,39	1122,29
191,61	1191,92
191,84	1247,21
192,06	1204,21
192,28	1181,68
192,50	1130,48
192,72	1153,01
192,94	1222,64
193,16	1142,77
193,38	1222,64
193,60	1224,69
193,82	1122,29
194,04	1214,45
194,26	1138,67
194,48	1169,39
194,70	1161,20
194,92	1173,49
195,14	1183,73
195,36	1122,29
195,58	1208,30
195,80	1214,45
196,02	1181,68
196,24	1175,53
196,46	1179,63
196,69	1159,15
196,91	1173,49
197,13	1140,72
197,35	1196,01
197,57	1212,40
197,79	1179,63
198,01	1128,43
198,23	1163,25
198,45	1122,29
198,67	1167,34
198,89	1163,25
199,11	1163,25
199,33	1159,15
199,55	1198,06
199,77	1157,10
199,99	1153,01
200,21	1112,05
200,43	1206,25
200,65	1118,19
200,87	1107,95
201,09	1165,29
201,31	1200,11
201,53	1247,21
201,75	1124,33
201,97	1183,73
202,19	1124,33
202,41	1116,14
202,63	1204,21
202,85	1196,01
203,07	1216,49
203,29	1220,59
203,51	1218,54
203,73	1146,86
203,95	1175,53
204,17	1101,81
204,39	1198,06
204,61	1191,92
204,83	1155,05
205,05	1181,68
205,27	1138,67
205,49	1173,49
205,71	1187,82
205,93	1212,40
206,15	1185,77
206,37	1138,67
206,59	1191,92
206,81	1230,83
207,03	1142,77
207,25	1216,49
207,47	1187,82
207,69	1214,45
207,91	1183,73
208,13	1198,06
208,34	1216,49
208,56	1091,57
208,78	1171,44
209,00	1155,05
209,22	1138,67
209,44	1208,30
209,66	1222,64
209,88	1191,92
210,10	1161,20
210,32	1198,06
210,54	1193,97
210,76	1116,14
210,98	1163,25
211,20	1193,97
211,42	1161,20
211,64	1198,06
211,86	1202,16
212,08	1144,81
212,30	1196,01
212,52	1224,69
212,74	1175,53
212,96	1165,29
213,17	1126,38
213,39	1206,25
213,61	1198,06
213,83	1153,01
214,05	1230,83
214,27	1140,72
214,49	1173,49
214,71	1148,91
214,93	1282,03
215,15	1169,39
215,37	1105,90
215,59	1257,45
215,81	1234,93
216,03	1191,92
216,24	1255,40
216,46	1224,69
216,68	1200,11
216,90	1214,45
217,12	1196,01
217,34	1142,77
217,56	1193,97
217,78	1212,40
218,00	1171,44
218,22	1150,96
218,44	1179,63
218,66	1169,39
218,87	1181,68
219,09	1150,96
219,31	1204,21
219,53	1157,10
219,75	1128,43
219,97	1157,10
220,19	1142,77
220,41	1239,02
220,63	1146,86
220,85	1112,05
221,06	1241,07
221,28	1202,16
221,50	1134,57
221,72	1214,45
221,94	1212,40
222,16	1175,53
222,38	1140,72
222,60	1122,29
222,82	1185,77
223,03	1136,62
223,25	1171,44
223,47	1179,63
223,69	1196,01
223,91	1167,34
224,13	1212,40
224,35	1177,58
224,57	1136,62
224,78	1150,96
225,00	1146,86
225,22	1179,63
225,44	1155,05
225,66	1134,57
225,88	1148,91
226,10	1142,77
226,32	1198,06
226,53	1159,15
226,75	1161,20
226,97	1136,62
227,19	1185,77
227,41	1220,59
227,63	1128,43
227,85	1179,63
228,06	1146,86
228,28	1177,58
228,50	1206,25
228,72	1222,64
228,94	1155,05
229,16	1148,91
229,37	1200,11
229,59	1177,58
229,81	1173,49
230,03	1218,54
230,25	1112,05
230,47	1134,57
230,69	1124,33
230,90	1146,86
231,12	1206,25
231,34	1171,44
231,56	1140,72
231,78	1099,76
232,00	1183,73
232,21	1146,86
232,43	1218,54
232,65	1116,14
232,87	1193,97
233,09	1132,53
233,30	1130,48
233,52	1163,25
233,74	1224,69
233,96	1208,30
234,18	1193,97
234,40	1128,43
234,61	1167,34
234,83	1181,68
235,05	1198,06
235,27	1107,95
235,49	1196,01
235,70	1193,97
235,92	1177,58
236,14	1161,20
236,36	1198,06
236,58	1155,05
236,79	1204,21
237,01	1183,73
237,23	1171,44
237,45	1265,64
237,67	1214,45
237,88	1097,71
238,10	1173,49
238,32	1165,29
238,54	1169,39
238,76	1177,58
238,97	1165,29
239,19	1140,72
239,41	1191,92
239,63	1177,58
239,85	1249,26
240,06	1126,38
240,28	1216,49
240,50	1165,29
240,72	1200,11
240,93	1122,29
241,15	1157,10
241,37	1220,59
241,59	1126,38
241,81	1155,05
242,02	1196,01
242,24	1198,06
242,46	1179,63
242,68	1179,63
242,89	1214,45
243,11	1187,82
243,33	1159,15
243,55	1138,67
243,76	1214,45
243,98	1138,67
244,20	1198,06
244,42	1183,73
244,64	1173,49
244,85	1167,34
245,07	1159,15
245,29	1155,05
245,51	1224,69
245,72	1230,83
245,94	1204,21
246,16	1175,53
246,38	1140,72
246,59	1120,24
246,81	1218,54
247,03	1187,82
247,24	1138,67
247,46	1210,35
247,68	1200,11
247,90	1142,77
248,11	1132,53
248,33	1161,20
248,55	1146,86
248,77	1150,96
248,98	1193,97
249,20	1150,96
249,42	1175,53
249,64	1251,31
249,85	1196,01
250,07	1064,94
250,29	1136,62
250,50	1224,69
250,72	1210,35
250,94	1208,30
251,16	1114,10
251,37	1153,01
251,59	1144,81
251,81	1204,21
252,02	1163,25
252,24	1159,15
252,46	1120,24
252,68	1110,00
252,89	1177,58
253,11	1136,62
253,33	1185,77
253,54	1159,15
253,76	1173,49
253,98	1114,10
254,20	1204,21
254,41	1175,53
254,63	1118,19
254,85	1200,11
255,06	1212,40
255,28	1216,49
255,50	1196,01
255,71	1243,12
255,93	1153,01
256,15	1136,62
256,36	1259,50
256,58	1144,81
256,80	1206,25
257,02	1177,58
257,23	1226,73
257,45	1101,81
257,67	1165,29
257,88	1132,53
258,10	1138,67
258,32	1153,01
258,53	1175,53
258,75	1202,16
258,97	1179,63
259,18	1206,25
259,40	1220,59
259,62	1144,81
259,83	1257,45
260,05	1177,58
260,27	1165,29
260,48	1200,11
260,70	1206,25
260,92	1118,19
261,13	1251,31
261,35	1224,69
261,57	1179,63
261,78	1101,81
262,00	1200,11
262,22	1200,11
262,43	1167,34
262,65	1183,73
262,86	1130,48
263,08	1179,63
263,30	1120,24
263,51	1163,25
263,73	1187,82
263,95	1128,43
264,16	1138,67
264,38	1118,19
264,60	1083,38
264,81	1232,88
265,03	1175,53
265,25	1216,49
265,46	1105,90
265,68	1155,05
265,89	1173,49
266,11	1120,24
266,33	1112,05
266,54	1148,91
266,76	1214,45
266,98	1185,77
267,19	1191,92
267,41	1155,05
267,62	1144,81
267,84	1153,01
268,06	1214,45
268,27	1198,06
268,49	1183,73
268,70	1200,11
268,92	1146,86
269,14	1212,40
269,35	1220,59
269,57	1191,92
269,79	1173,49
270,00	1179,63
270,22	1220,59
270,43	1175,53
270,65	1179,63
270,87	1089,52
271,08	1126,38
271,30	1155,05
271,51	1167,34
271,73	1169,39
271,95	1128,43
272,16	1150,96
272,38	1169,39
272,59	1187,82
272,81	1142,77
273,02	1112,05
273,24	1140,72
273,46	1155,05
273,67	1148,91
273,89	1236,97
274,10	1243,12
274,32	1165,29
274,54	1167,34
274,75	1171,44
274,97	1193,97
275,18	1193,97
275,40	1167,34
275,61	1183,73
275,83	1181,68
276,05	1122,29
276,26	1193,97
276,48	1183,73
276,69	1171,44
276,91	1144,81
277,12	1204,21
277,34	1222,64
277,55	1187,82
277,77	1171,44
277,99	1179,63
278,20	1144,81
278,42	1198,06
278,63	1191,92
278,85	1157,10
279,06	1169,39
279,28	1167,34
279,49	1218,54
279,71	1105,90
279,93	1171,44
280,14	1103,86
280,36	1144,81
280,57	1169,39
280,79	1155,05
281,00	1165,29
281,22	1249,26
281,43	1169,39
281,65	1204,21
281,86	1173,49
282,08	1161,20
282,29	1212,40
282,51	1103,86
282,73	1167,34
282,94	1204,21
283,16	1085,42
283,37	1173,49
283,59	1136,62
283,80	1196,01
284,02	1148,91
284,23	1148,91
284,45	1167,34
284,66	1239,02
284,88	1239,02
285,09	1099,76
285,31	1208,30
285,52	1081,33
285,74	1185,77
285,95	1212,40
286,17	1200,11
286,38	1073,14
286,60	1183,73
286,81	1132,53
287,03	1148,91
287,24	1171,44
287,46	1118,19
287,67	1226,73
287,89	1216,49
288,10	1114,10
288,32	1171,44
288,53	1185,77
288,75	1101,81
288,96	1144,81
289,18	1220,59
289,39	1134,57
289,61	1183,73
289,82	1136,62
290,04	1105,90
290,25	1138,67
290,47	1177,58
290,68	1130,48
290,90	1175,53
291,11	1165,29
291,33	1116,14
291,54	1177,58
291,76	1148,91
291,97	1161,20
292,18	1146,86
292,40	1224,69
292,61	1118,19
292,83	1185,77
293,04	1198,06
293,26	1212,40
293,47	1187,82
293,69	1196,01
293,90	1126,38
294,12	1191,92
294,33	1165,29
294,55	1183,73
294,76	1169,39
294,97	1153,01
295,19	1175,53
295,40	1189,87
295,62	1179,63
295,83	1136,62
296,05	1142,77
296,26	1196,01
296,48	1204,21
296,69	1134,57
296,90	1150,96
297,12	1138,67
297,33	1157,10
297,55	1110,00
297,76	1181,68
297,98	1222,64
298,19	1214,45
298,41	1185,77
298,62	1116,14
298,83	1183,73
299,05	1165,29
299,26	1097,71
299,48	1185,77
299,69	1179,63
299,90	1175,53
300,12	1126,38
300,33	1175,53
300,55	1191,92
300,76	1150,96
300,98	1181,68
301,19	1173,49
301,40	1173,49
301,62	1181,68
301,83	1181,68
302,05	1167,34
302,26	1167,34
302,47	1222,64
302,69	1161,20
302,90	1118,19
303,12	1177,58
303,33	1161,20
303,54	1081,33
303,76	1130,48
303,97	1140,72
304,19	1165,29
304,40	1155,05
304,61	1175,53
304,83	1157,10
305,04	1177,58
305,26	1116,14
305,47	1148,91
305,68	1236,97
305,90	1144,81
306,11	1107,95
306,33	1179,63
306,54	1212,40
306,75	1175,53
306,97	1230,83
307,18	1114,10
307,39	1124,33
307,61	1159,15
307,82	1187,82
308,04	1169,39
308,25	1142,77
308,46	1220,59
308,68	1144,81
308,89	1118,19
309,10	1118,19
309,32	1116,14
309,53	1153,01
309,74	1169,39
309,96	1165,29
310,17	1171,44
310,39	1210,35
310,60	1126,38
310,81	1296,36
311,03	1189,87
311,24	1150,96
311,45	1163,25
311,67	1110,00
311,88	1167,34
312,09	1159,15
312,31	1165,29
312,52	1200,11
312,73	1159,15
312,95	1132,53
313,16	1134,57
313,37	1159,15
313,59	1144,81
313,80	1187,82
314,01	1189,87
314,23	1142,77
314,44	1167,34
314,65	1173,49
314,87	1198,06
315,08	1144,81
315,29	1157,10
315,51	1173,49
315,72	1130,48
315,93	1136,62
316,15	1144,81
316,36	1173,49
316,57	1253,36
316,79	1136,62
317,00	1191,92
317,21	1181,68
317,43	1128,43
317,64	1155,05
317,85	1187,82
318,07	1138,67
318,28	1200,11
318,49	1171,44
318,70	1183,73
318,92	1099,76
319,13	1241,07
319,34	1198,06
319,56	1165,29
319,77	1214,45
319,98	1142,77
320,20	1183,73
320,41	1239,02
320,62	1107,95
320,83	1181,68
321,05	1159,15
321,26	1138,67
321,47	1140,72
321,69	1105,90
321,90	1155,05
322,11	1196,01
322,32	1177,58
322,54	1198,06
322,75	1140,72
322,96	1101,81
323,18	1175,53
323,39	1148,91
323,60	1183,73
323,81	1179,63
324,03	1157,10
324,24	1128,43
324,45	1175,53
324,66	1130,48
324,88	1236,97
325,09	1175,53
325,30	1200,11
325,52	1204,21
325,73	1208,30
325,94	1148,91
326,15	1112,05
326,37	1187,82
326,58	1185,77
326,79	1087,47
327,00	1189,87
327,22	1163,25
327,43	1159,15
327,64	1241,07
327,85	1247,21
328,07	1185,77
328,28	1173,49
328,49	1163,25
328,70	1163,25
328,92	1155,05
329,13	1163,25
329,34	1177,58
329,55	1148,91
329,76	1163,25
329,98	1075,18
330,19	1183,73
330,40	1165,29
330,61	1177,58
330,83	1175,53
331,04	1247,21
331,25	1220,59
331,46	1142,77
331,68	1177,58
331,89	1179,63
332,10	1062,90
332,31	1189,87
332,52	1132,53
332,74	1167,34
332,95	1138,67
333,16	1206,25
333,37	1155,05
333,58	1169,39
333,80	1163,25
334,01	1204,21
334,22	1142,77
334,43	1175,53
334,64	1232,88
334,86	1191,92
335,07	1144,81
335,28	1173,49
335,49	1189,87
335,70	1157,10
335,92	1163,25
336,13	1169,39
336,34	1161,20
336,55	1216,49
336,76	1099,76
336,98	1167,34
337,19	1105,90
337,40	1189,87
337,61	1169,39
337,82	1206,25
338,04	1267,69
338,25	1097,71
338,46	1189,87
338,67	1173,49
338,88	1142,77
339,09	1241,07
339,31	1155,05
339,52	1148,91
339,73	1159,15
339,94	1230,83
340,15	1200,11
340,36	1161,20
340,58	1136,62
340,79	1183,73
341,00	1181,68
341,21	1103,86
341,42	1126,38
341,63	1146,86
341,85	1206,25
342,06	1171,44
342,27	1159,15
342,48	1077,23
342,69	1196,01
342,90	1142,77
343,12	1161,20
343,33	1189,87
343,54	1140,72
343,75	1150,96
343,96	1183,73
344,17	1157,10
344,38	1196,01
344,60	1234,93
344,81	1198,06
345,02	1167,34
345,23	1269,74
345,44	1175,53
345,65	1202,16
345,86	1167,34
346,07	1208,30
346,29	1138,67
346,50	1212,40
346,71	1140,72
346,92	1212,40
347,13	1167,34
347,34	1200,11
347,55	1116,14
347,76	1155,05
347,98	1181,68
348,19	1202,16
348,40	1177,58
348,61	1228,78
348,82	1212,40
349,03	1183,73
349,24	1265,64
349,45	1228,78
349,66	1157,10
349,88	1189,87
350,09	1212,40
350,30	1144,81
350,51	1124,33
350,72	1191,92
350,93	1142,77
351,14	1181,68
351,35	1187,82
351,56	1148,91
351,77	1144,81
351,99	1181,68
352,20	1146,86
352,41	1157,10
352,62	1171,44
352,83	1171,44
353,04	1124,33
353,25	1185,77
353,46	1249,26
353,67	1177,58
353,88	1183,73
354,09	1114,10
354,30	1234,93
354,52	1148,91
354,73	1196,01
354,94	1126,38
355,15	1175,53
355,36	1116,14
355,57	1198,06
355,78	1159,15
355,99	1163,25
356,20	1167,34
356,41	1185,77
356,62	1163,25
356,83	1214,45
357,04	1091,57
357,25	1130,48
357,46	1204,21
357,68	1198,06
357,89	1087,47
358,10	1220,59
358,31	1114,10
358,52	1216,49
358,73	1185,77
358,94	1261,55
359,15	1124,33
359,36	1222,64
359,57	1155,05
359,78	1130,48
359,99	1171,44
360,20	1101,81
360,41	1187,82
360,62	1265,64
360,83	1150,96
361,04	1171,44
361,25	1134,57
361,46	1163,25
361,67	1144,81
361,88	1175,53
362,09	1212,40
362,30	1155,05
362,51	1218,54
362,72	1101,81
362,93	1212,40
363,14	1187,82
363,35	1181,68
363,56	1243,12
363,78	1165,29
363,99	1183,73
364,20	1222,64
364,41	1134,57
364,62	1114,10
364,83	1208,30
365,04	1112,05
365,25	1179,63
365,46	1138,67
365,67	1167,34
365,88	1230,83
366,09	1132,53
366,30	1097,71
366,51	1099,76
366,72	1177,58
366,93	1114,10
367,14	1142,77
367,35	1222,64
367,56	1087,47
367,77	1144,81
367,98	1101,81
368,18	1134,57
368,39	1157,10
368,60	1212,40
368,81	1161,20
369,02	1120,24
369,23	1103,86
369,44	1128,43
369,65	1234,93
369,86	1150,96
370,07	1236,97
370,28	1171,44
370,49	1179,63
370,70	1163,25
370,91	1155,05
371,12	1161,20
371,33	1265,64
371,54	1167,34
371,75	1200,11
371,96	1206,25
372,17	1165,29
372,38	1165,29
372,59	1206,25
372,80	1140,72
373,01	1181,68
373,22	1163,25
373,43	1206,25
373,64	1161,20
373,85	1181,68
374,06	1216,49
374,26	1097,71
374,47	1144,81
374,68	1167,34
374,89	1148,91
375,10	1191,92
375,31	1159,15
375,52	1251,31
375,73	1220,59
375,94	1196,01
376,15	1226,73
376,36	1159,15
376,57	1142,77
376,78	1128,43
376,99	1232,88
377,20	1083,38
377,40	1150,96
377,61	1161,20
377,82	1202,16
378,03	1165,29
378,24	1161,20
378,45	1177,58
378,66	1189,87
378,87	1136,62
379,08	1157,10
379,29	1169,39
379,50	1183,73
379,71	1159,15
379,91	1153,01
380,12	1058,80
380,33	1212,40
380,54	1173,49
380,75	1163,25
380,96	1191,92
381,17	1171,44
381,38	1259,50
381,59	1212,40
381,80	1167,34
382,00	1210,35
382,21	1198,06
382,42	1097,71
382,63	1155,05
382,84	1122,29
383,05	1187,82
383,26	1167,34
383,47	1150,96
383,68	1187,82
383,88	1130,48
384,09	1193,97
384,30	1120,24
384,51	1171,44
384,72	1165,29
384,93	1155,05
385,14	1126,38
385,35	1247,21
385,55	1179,63
385,76	1128,43
385,97	1144,81
386,18	1124,33
386,39	1140,72
386,60	1163,25
386,81	1153,01
387,02	1191,92
387,22	1228,78
387,43	1191,92
387,64	1200,11
387,85	1202,16
388,06	1198,06
388,27	1128,43
388,48	1161,20
388,68	1198,06
388,89	1177,58
389,10	1226,73
389,31	1210,35
389,52	1138,67
389,73	1163,25
389,93	1081,33
390,14	1161,20
390,35	1167,34
390,56	1198,06
390,77	1185,77
390,98	1140,72
391,18	1157,10
391,39	1165,29
391,60	1181,68
391,81	1159,15
392,02	1183,73
392,23	1253,36
392,43	1118,19
392,64	1159,15
392,85	1189,87
393,06	1187,82
393,27	1200,11
393,47	1226,73
393,68	1185,77
393,89	1171,44
394,10	1130,48
394,31	1173,49
394,52	1216,49
394,72	1132,53
394,93	1234,93
395,14	1212,40
395,35	1191,92
395,56	1204,21
395,76	1171,44
395,97	1198,06
396,18	1198,06
396,39	1153,01
396,60	1191,92
396,80	1206,25
397,01	1157,10
397,22	1171,44
397,43	1159,15
397,64	1181,68
397,84	1140,72
398,05	1130,48
398,26	1101,81
398,47	1189,87
398,67	1224,69
398,88	1148,91
399,09	1146,86
399,30	1130,48
399,51	1066,99
399,71	1269,74
399,92	1128,43
400,13	1134,57
400,34	1167,34
400,54	1148,91
400,75	1134,57
400,96	1175,53
401,17	1161,20
401,37	1200,11
401,58	1208,30
401,79	1171,44
402,00	1155,05
402,21	1210,35
402,41	1187,82
402,62	1163,25
402,83	1216,49
403,04	1144,81
403,24	1153,01
403,45	1132,53
403,66	1161,20
403,87	1185,77
404,07	1208,30
404,28	1214,45
404,49	1249,26
404,70	1107,95
404,90	1142,77
405,11	1198,06
405,32	1202,16
405,52	1128,43
405,73	1212,40
405,94	1167,34
406,15	1105,90
406,35	1196,01
406,56	1265,64
406,77	1144,81
406,98	1208,30
407,18	1232,88
407,39	1165,29
407,60	1183,73
407,80	1142,77
408,01	1173,49
408,22	1200,11
408,43	1134,57
408,63	1150,96
408,84	1179,63
409,05	1144,81
409,25	1150,96
409,46	1144,81
409,67	1208,30
409,88	1200,11
410,08	1236,97
410,29	1243,12
410,50	1230,83
410,70	1157,10
410,91	1220,59
411,12	1105,90
411,32	1189,87
411,53	1253,36
411,74	1249,26
411,95	1196,01
412,15	1138,67
412,36	1161,20
412,57	1220,59
412,77	1161,20
412,98	1183,73
413,19	1232,88
413,39	1202,16
413,60	1163,25
413,81	1222,64
414,01	1153,01
414,22	1216,49
414,43	1159,15
414,63	1124,33
414,84	1167,34
415,05	1191,92
415,25	1187,82
415,46	1161,20
415,67	1208,30
415,87	1193,97
416,08	1228,78
416,29	1146,86
416,49	1138,67
416,70	1187,82
416,91	1110,00
417,11	1222,64
417,32	1161,20
417,53	1130,48
417,73	1185,77
417,94	1175,53
418,15	1177,58
418,35	1193,97
418,56	1173,49
418,77	1126,38
418,97	1222,64
419,18	1214,45
419,38	1171,44
419,59	1206,25
419,80	1138,67
420,00	1230,83
420,21	1198,06
420,42	1163,25
420,62	1169,39
420,83	1161,20
421,04	1095,66
421,24	1265,64
421,45	1093,62
421,65	1124,33
421,86	1181,68
422,07	1146,86
422,27	1148,91
422,48	1124,33
422,69	1124,33
422,89	1120,24
423,10	1216,49
423,30	1212,40
423,51	1161,20
423,72	1163,25
423,92	1245,16
424,13	1191,92
424,33	1155,05
424,54	1189,87
424,75	1175,53
424,95	1220,59
425,16	1185,77
425,36	1181,68
425,57	1153,01
425,78	1114,10
425,98	1089,52
426,19	1208,30
426,39	1179,63
426,60	1206,25
426,81	1144,81
427,01	1130,48
427,22	1155,05
427,42	1148,91
427,63	1138,67
427,83	1185,77
428,04	1161,20
428,25	1126,38
428,45	1216,49
428,66	1165,29
428,86	1175,53
429,07	1130,48
429,28	1159,15
429,48	1161,20
429,69	1126,38
429,89	1144,81
430,10	1142,77
430,30	1140,72
430,51	1157,10
430,71	1153,01
430,92	1245,16
431,13	1230,83
431,33	1175,53
431,54	1148,91
431,74	1175,53
431,95	1222,64
432,15	1140,72
432,36	1161,20
432,56	1122,29
432,77	1187,82
432,98	1150,96
433,18	1189,87
433,39	1150,96
433,59	1155,05
433,80	1200,11
434,00	1218,54
434,21	1204,21
434,41	1204,21
434,62	1247,21
434,82	1296,36
435,03	1142,77
435,23	1169,39
435,44	1097,71
435,64	1198,06
435,85	1261,55
436,06	1122,29
436,26	1146,86
436,47	1165,29
436,67	1120,24
436,88	1103,86
437,08	1191,92
437,29	1247,21
437,49	1214,45
437,70	1185,77
437,90	1118,19
438,11	1167,34
438,31	1200,11
438,52	1159,15
438,72	1202,16
438,93	1247,21
439,13	1167,34
439,34	1130,48
439,54	1179,63
439,75	1138,67
439,95	1191,92
440,16	1177,58
440,36	1232,88
440,57	1159,15
440,77	1171,44
440,98	1171,44
441,18	1155,05
441,39	1134,57
441,59	1183,73
441,80	1130,48
442,00	1185,77
442,21	1122,29
442,41	1189,87
442,62	1150,96
442,82	1171,44
443,02	1155,05
443,23	1155,05
443,43	1187,82
443,64	1163,25
443,84	1224,69
444,05	1144,81
444,25	1183,73
444,46	1204,21
444,66	1157,10
444,87	1216,49
445,07	1095,66
445,28	1124,33
445,48	1163,25
445,69	1171,44
445,89	1161,20
446,09	1228,78
446,30	1159,15
446,50	1189,87
446,71	1114,10
446,91	1265,64
447,12	1216,49
447,32	1239,02
447,53	1286,12
447,73	1122,29
447,93	1157,10
448,14	1171,44
448,34	1134,57
448,55	1142,77
448,75	1224,69
448,96	1196,01
449,16	1153,01
449,36	1163,25
449,57	1187,82
449,77	1142,77
449,98	1210,35
450,18	1204,21
450,39	1157,10
450,59	1116,14
450,79	1196,01
451,00	1036,27
451,20	1181,68
451,41	1239,02
451,61	1202,16
451,81	1216,49
452,02	1218,54
452,22	1155,05
452,43	1177,58
452,63	1230,83
452,84	1159,15
453,04	1138,67
453,24	1157,10
453,45	1202,16
453,65	1187,82
453,86	1189,87
454,06	1179,63
454,26	1167,34
454,47	1118,19
454,67	1204,21
454,87	1150,96
455,08	1208,30
455,28	1138,67
455,49	1130,48
455,69	1142,77
455,89	1179,63
456,10	1144,81
456,30	1167,34
456,51	1120,24
456,71	1167,34
456,91	1222,64
457,12	1171,44
457,32	1157,10
457,52	1200,11
457,73	1136,62
457,93	1157,10
458,14	1112,05
458,34	1161,20
458,54	1218,54
458,75	1148,91
458,95	1206,25
459,15	1216,49
459,36	1134,57
459,56	1226,73
459,76	1218,54
459,97	1259,50
460,17	1212,40
460,37	1202,16
460,58	1163,25
460,78	1183,73
460,99	1134,57
461,19	1181,68
461,39	1208,30
461,60	1175,53
461,80	1220,59
462,00	1167,34
462,21	1138,67
462,41	1224,69
462,61	1087,47
462,82	1130,48
463,02	1269,74
463,22	1187,82
463,43	1169,39
463,63	1208,30
463,83	1214,45
464,04	1177,58
464,24	1130,48
464,44	1304,56
464,64	1210,35
464,85	1148,91
465,05	1204,21
465,25	1107,95
465,46	1173,49
465,66	1148,91
465,86	1183,73
466,07	1183,73
466,27	1204,21
466,47	1095,66
466,68	1095,66
466,88	1105,90
467,08	1202,16
467,29	1173,49
467,49	1155,05
467,69	1187,82
467,89	1159,15
468,10	1157,10
468,30	1136,62
468,50	1193,97
468,71	1130,48
468,91	1148,91
469,11	1228,78
469,31	1146,86
469,52	1122,29
469,72	1226,73
469,92	1245,16
470,13	1220,59
470,33	1169,39
470,53	1132,53
470,73	1165,29
470,94	1181,68
471,14	1208,30
471,34	1165,29
471,54	1138,67
471,75	1148,91
471,95	1163,25
472,15	1110,00
472,36	1163,25
472,56	1142,77
472,76	1144,81
472,96	1155,05
473,17	1216,49
473,37	1118,19
473,57	1101,81
473,77	1173,49
473,98	1171,44
474,18	1134,57
474,38	1146,86
474,58	1165,29
474,79	1171,44
474,99	1175,53
475,19	1155,05
475,39	1171,44
475,60	1253,36
475,80	1202,16
476,00	1187,82
476,20	1191,92
476,41	1175,53
476,61	1093,62
476,81	1118,19
477,01	1146,86
477,21	1138,67
477,42	1204,21
477,62	1185,77
477,82	1179,63
478,02	1144,81
478,23	1138,67
478,43	1191,92
478,63	1222,64
478,83	1128,43
479,03	1214,45
479,24	1171,44
479,44	1179,63
479,64	1138,67
479,84	1134,57
480,04	1198,06
480,25	1230,83
480,45	1144,81
480,65	1167,34
480,85	1179,63
481,06	1148,91
481,26	1136,62
481,46	1189,87
481,66	1101,81
481,86	1146,86
482,06	1136,62
482,27	1181,68
482,47	1187,82
482,67	1134,57
482,87	1230,83
483,07	1179,63
483,28	1128,43
483,48	1150,96
483,68	1163,25
483,88	1099,76
484,08	1185,77
484,29	1214,45
484,49	1220,59
484,69	1101,81
484,89	1183,73
485,09	1159,15
485,29	1206,25
485,50	1140,72
485,70	1234,93
485,90	1204,21
486,10	1150,96
486,30	1155,05
486,50	1181,68
486,71	1132,53
486,91	1159,15
487,11	1165,29
487,31	1175,53
487,51	1136,62
487,71	1093,62
487,91	1167,34
488,12	1103,86
488,32	1249,26
488,52	1138,67
488,72	1183,73
488,92	1220,59
489,12	1159,15
489,32	1130,48
489,53	1187,82
489,73	1202,16
489,93	1222,64
490,13	1177,58
490,33	1130,48
490,53	1144,81
490,73	1202,16
490,94	1142,77
491,14	1228,78
491,34	1202,16
491,54	1200,11
491,74	1183,73
491,94	1124,33
492,14	1191,92
492,34	1126,38
492,54	1128,43
492,75	1183,73
492,95	1155,05
493,15	1251,31
493,35	1089,52
493,55	1150,96
493,75	1181,68
493,95	1181,68
494,15	1185,77
494,35	1071,09
494,56	1196,01
494,76	1224,69
494,96	1116,14
495,16	1148,91
495,36	1208,30
495,56	1257,45
495,76	1144,81
495,96	1183,73
496,16	1146,86
496,36	1216,49
496,56	1146,86
496,77	1161,20
496,97	1173,49
497,17	1128,43
497,37	1122,29
497,57	1214,45
497,77	1155,05
497,97	1206,25
498,17	1189,87
498,37	1159,15
498,57	1150,96
498,77	1175,53
498,97	1179,63
499,17	1193,97
499,38	1136,62
499,58	1110,00
499,78	1212,40
499,98	1157,10
500,18	1177,58
500,38	1241,07
500,58	1177,58
500,78	1228,78
500,98	1177,58
501,18	1298,41
501,38	1224,69
501,58	1179,63
501,78	1161,20
501,98	1234,93
502,18	1138,67
502,38	1169,39
502,58	1126,38
502,78	1099,76
502,98	1165,29
503,18	1157,10
503,38	1208,30
503,59	1183,73
503,79	1193,97
503,99	1148,91
504,19	1114,10
504,39	1196,01
504,59	1224,69
504,79	1146,86
504,99	1163,25
505,19	1208,30
505,39	1189,87
505,59	1126,38
505,79	1138,67
505,99	1134,57
506,19	1146,86
506,39	1099,76
506,59	1179,63
506,79	1148,91
506,99	1171,44
507,19	1161,20
507,39	1150,96
507,59	1206,25
507,79	1212,40
507,99	1142,77
508,19	1140,72
508,39	1128,43
508,59	1175,53
508,79	1193,97
508,99	1116,14
509,19	1216,49
509,39	1126,38
509,59	1173,49
509,79	1212,40
509,99	1140,72
510,19	1130,48
510,39	1204,21
510,59	1181,68
510,79	1204,21
510,99	1191,92
511,19	1179,63
511,39	1163,25
511,59	1220,59
511,79	1110,00
511,99	1142,77
512,19	1157,10
512,38	1187,82
512,58	1144,81
512,78	1142,77
512,98	1204,21
513,18	1187,82
513,38	1177,58
513,58	1134,57
513,78	1167,34
513,98	1110,00
514,18	1155,05
514,38	1167,34
514,58	1171,44
514,78	1167,34
514,98	1099,76
515,18	1112,05
515,38	1181,68
515,58	1144,81
515,78	1181,68
515,98	1091,57
516,18	1161,20
516,38	1179,63
516,57	1144,81
516,77	1185,77
516,97	1189,87
517,17	1243,12
517,37	1138,67
517,57	1177,58
517,77	1177,58
517,97	1122,29
518,17	1142,77
518,37	1204,21
518,57	1204,21
518,77	1208,30
518,97	1179,63
519,16	1140,72
519,36	1208,30
519,56	1173,49
519,76	1169,39
519,96	1243,12
520,16	1142,77
520,36	1159,15
520,56	1161,20
520,76	1185,77
520,96	1183,73
521,16	1138,67
521,35	1173,49
521,55	1230,83
521,75	1183,73
521,95	1220,59
522,15	1146,86
522,35	1193,97
522,55	1142,77
522,75	1193,97
522,95	1103,86
523,14	1155,05
523,34	1175,53
523,54	1181,68
523,74	1159,15
523,94	1216,49
524,14	1128,43
524,34	1214,45
524,54	1150,96
524,73	1206,25
524,93	1114,10
525,13	1159,15
525,33	1130,48
525,53	1140,72
525,73	1200,11
525,93	1163,25
526,13	1148,91
526,32	1146,86
526,52	1214,45
526,72	1150,96
526,92	1239,02
527,12	1167,34
527,32	1181,68
527,52	1175,53
527,71	1204,21
527,91	1204,21
528,11	1173,49
528,31	1216,49
528,51	1171,44
528,71	1208,30
528,90	1173,49
529,10	1159,15
529,30	1187,82
529,50	1167,34
529,70	1177,58
529,90	1198,06
530,09	1169,39
530,29	1173,49
530,49	1134,57
530,69	1193,97
530,89	1179,63
531,09	1175,53
531,28	1120,24
531,48	1193,97
531,68	1144,81
531,88	1163,25
532,08	1222,64
532,28	1056,75
532,47	1148,91
532,67	1130,48
532,87	1181,68
533,07	1245,16
533,27	1128,43
533,46	1136,62
533,66	1253,36
533,86	1175,53
534,06	1167,34
534,26	1099,76
534,45	1218,54
534,65	1204,21
534,85	1171,44
535,05	1140,72
535,25	1148,91
535,44	1224,69
535,64	1212,40
535,84	1191,92
536,04	1112,05
536,24	1153,01
536,43	1189,87
536,63	1173,49
536,83	1116,14
537,03	1210,35
537,22	1107,95
537,42	1165,29
537,62	1150,96
537,82	1224,69
538,02	1191,92
538,21	1161,20
538,41	1243,12
538,61	1179,63
538,81	1161,20
539,00	1097,71
539,20	1169,39
539,40	1189,87
539,60	1112,05
539,79	1146,86
539,99	1107,95
540,19	1249,26
540,39	1200,11
540,58	1136,62
540,78	1232,88
540,98	1249,26
541,18	1099,76
541,37	1144,81
541,57	1171,44
541,77	1206,25
541,97	1177,58
542,16	1183,73
542,36	1173,49
542,56	1173,49
542,76	1163,25
542,95	1175,53
543,15	1193,97
543,35	1200,11
543,54	1216,49
543,74	1103,86
543,94	1071,09
544,14	1206,25
544,33	1200,11
544,53	1130,48
544,73	1155,05
544,93	1185,77
545,12	1239,02
545,32	1107,95
545,52	1183,73
545,71	1161,20
545,91	1144,81
546,11	1101,81
546,30	1153,01
546,50	1185,77
546,70	1136,62
546,90	1198,06
547,09	1144,81
547,29	1163,25
547,49	1163,25
547,68	1243,12
547,88	1193,97
548,08	1212,40
548,27	1163,25
548,47	1126,38
548,67	1191,92
548,87	1175,53
549,06	1226,73
549,26	1198,06
549,46	1144,81
549,65	1173,49
549,85	1224,69
550,05	1187,82
550,24	1105,90
550,44	1138,67
550,64	1146,86
550,83	1126,38
551,03	1204,21
551,23	1146,86
551,42	1245,16
551,62	1228,78
551,82	1187,82
552,01	1161,20
552,21	1196,01
552,41	1232,88
552,60	1159,15
552,80	1177,58
553,00	1114,10
553,19	1251,31
553,39	1140,72
553,59	1124,33
553,78	1208,30
553,98	1230,83
554,17	1150,96
554,37	1187,82
554,57	1128,43
554,76	1085,42
554,96	1159,15
555,16	1173,49
555,35	1177,58
555,55	1224,69
555,75	1148,91
555,94	1142,77
556,14	1193,97
556,33	1216,49
556,53	1241,07
556,73	1196,01
556,92	1210,35
557,12	1218,54
557,32	1155,05
557,51	1189,87
557,71	1191,92
557,90	1189,87
558,10	1234,93
558,30	1181,68
558,49	1251,31
558,69	1167,34
558,88	1177,58
559,08	1251,31
559,28	1175,53
559,47	1177,58
559,67	1202,16
559,86	1193,97
560,06	1148,91
560,26	1208,30
560,45	1132,53
560,65	1140,72
560,84	1118,19
561,04	1175,53
561,24	1122,29
561,43	1189,87
561,63	1193,97
561,82	1228,78
562,02	1167,34
562,22	1165,29
562,41	1191,92
562,61	1236,97
562,80	1200,11
563,00	1179,63
563,19	1157,10
563,39	1161,20
563,59	1253,36
563,78	1177,58
563,98	1175,53
564,17	1189,87
564,37	1165,29
564,56	1148,91
564,76	1179,63
564,96	1183,73
565,15	1214,45
565,35	1169,39
565,54	1107,95
565,74	1206,25
565,93	1187,82
566,13	1171,44
566,32	1175,53
566,52	1183,73
566,71	1171,44
566,91	1181,68
567,11	1118,19
567,30	1241,07
567,50	1200,11
567,69	1150,96
567,89	1202,16
568,08	1196,01
568,28	1241,07
568,47	1159,15
568,67	1140,72
568,86	1173,49
569,06	1177,58
569,25	1159,15
569,45	1224,69
569,64	1169,39
569,84	1171,44
570,04	1216,49
570,23	1179,63
570,43	1206,25
570,62	1124,33
570,82	1165,29
571,01	1116,14
571,21	1175,53
571,40	1171,44
571,60	1189,87
571,79	1183,73
571,99	1218,54
572,18	1163,25
572,38	1224,69
572,57	1114,10
572,77	1157,10
572,96	1146,86
573,16	1183,73
573,35	1187,82
573,55	1230,83
573,74	1171,44
573,94	1189,87
574,13	1140,72
574,33	1165,29
574,52	1101,81
574,71	1202,16
574,91	1193,97
575,10	1124,33
575,30	1142,77
575,49	1236,97
575,69	1191,92
575,88	1189,87
576,08	1148,91
576,27	1138,67
576,47	1179,63
576,66	1150,96
576,86	1239,02
577,05	1185,77
577,25	1167,34
577,44	1167,34
577,64	1173,49
577,83	1171,44
578,02	1157,10
578,22	1251,31
578,41	1189,87
578,61	1167,34
578,80	1200,11
579,00	1191,92
579,19	1187,82
579,39	1183,73
579,58	1179,63
579,77	1191,92
579,97	1210,35
580,16	1161,20
580,36	1181,68
580,55	1148,91
580,75	1050,61
580,94	1167,34
581,13	1196,01
581,33	1196,01
581,52	1193,97
581,72	1165,29
581,91	1239,02
582,11	1191,92
582,30	1185,77
582,49	1157,10
582,69	1255,40
582,88	1200,11
583,08	1232,88
583,27	1247,21
583,47	1140,72
583,66	1146,86
583,85	1179,63
584,05	1167,34
584,24	1128,43
584,44	1148,91
584,63	1161,20
584,82	1220,59
585,02	1226,73
585,21	1214,45
585,41	1200,11
585,60	1171,44
585,79	1232,88
585,99	1216,49
586,18	1138,67
586,37	1150,96
586,57	1212,40
586,76	1200,11
586,96	1157,10
587,15	1218,54
587,34	1208,30
587,54	1198,06
587,73	1146,86
587,93	1181,68
588,12	1148,91
588,31	1155,05
588,51	1173,49
588,70	1153,01
588,89	1161,20
589,09	1175,53
589,28	1120,24
589,47	1175,53
589,67	1112,05
589,86	1214,45
590,06	1210,35
590,25	1142,77
590,44	1181,68
590,64	1171,44
590,83	1189,87
591,02	1220,59
591,22	1183,73
591,41	1177,58
591,60	1130,48
591,80	1118,19
591,99	1087,47
592,18	1183,73
592,38	1204,21
592,57	1251,31
592,76	1179,63
592,96	1208,30
593,15	1175,53
593,34	1177,58
593,54	1179,63
593,73	1118,19
593,92	1144,81
594,12	1163,25
594,31	1193,97
594,50	1208,30
594,70	1146,86
594,89	1245,16
595,08	1228,78
595,28	1155,05
595,47	1150,96
595,66	1165,29
595,86	1148,91
596,05	1132,53
596,24	1259,50
596,43	1148,91
596,63	1241,07
596,82	1148,91
597,01	1093,62
597,21	1140,72
597,40	1265,64
597,59	1163,25
597,79	1218,54
597,98	1157,10
598,17	1175,53
598,36	1157,10
598,56	1187,82
598,75	1126,38
598,94	1222,64
599,14	1206,25
599,33	1196,01
599,52	1179,63
599,71	1134,57
599,91	1208,30
600,10	1165,29
600,29	1126,38
600,48	1153,01
600,68	1220,59
600,87	1155,05
601,06	1239,02
601,26	1171,44
601,45	1210,35
601,64	1179,63
601,83	1177,58
602,03	1181,68
602,22	1206,25
602,41	1075,18
602,60	1150,96
602,80	1161,20
602,99	1165,29
603,18	1157,10
603,37	1173,49
603,57	1183,73
603,76	1189,87
603,95	1085,42
604,14	1245,16
604,34	1126,38
604,53	1210,35
604,72	1126,38
604,91	1204,21
605,10	1271,79
605,30	1189,87
605,49	1112,05
605,68	1085,42
605,87	1146,86
606,07	1204,21
606,26	1218,54
606,45	1159,15
606,64	1267,69
606,84	1230,83
607,03	1144,81
607,22	1198,06
607,41	1214,45
607,60	1116,14
607,80	1150,96
607,99	1196,01
608,18	1140,72
608,37	1284,08
608,56	1218,54
608,76	1062,90
608,95	1144,81
609,14	1126,38
609,33	1148,91
609,52	1179,63
609,72	1101,81
609,91	1239,02
610,10	1142,77
610,29	1175,53
610,48	1142,77
610,68	1107,95
610,87	1132,53
611,06	1165,29
611,25	1181,68
611,44	1189,87
611,63	1210,35
611,83	1142,77
612,02	1175,53
612,21	1136,62
612,40	1071,09
612,59	1173,49
612,79	1126,38
612,98	1142,77
613,17	1277,93
613,36	1171,44
613,55	1161,20
613,74	1171,44
613,93	1208,30
614,13	1169,39
614,32	1179,63
614,51	1216,49
614,70	1144,81
614,89	1124,33
615,08	1187,82
615,28	1142,77
615,47	1144,81
615,66	1236,97
615,85	1075,18
616,04	1187,82
616,23	1261,55
616,42	1183,73
616,62	1169,39
616,81	1153,01
617,00	1144,81
617,19	1193,97
617,38	1130,48
617,57	1122,29
617,76	1153,01
617,95	1105,90
618,15	1193,97
618,34	1171,44
618,53	1150,96
618,72	1261,55
618,91	1167,34
619,10	1110,00
619,29	1128,43
619,48	1177,58
619,68	1257,45
619,87	1167,34
620,06	1173,49
620,25	1105,90
620,44	1128,43
620,63	1153,01
620,82	1169,39
621,01	1169,39
621,20	1236,97
621,39	1101,81
621,59	1191,92
621,78	1198,06
621,97	1183,73
622,16	1175,53
622,35	1056,75
622,54	1259,50
622,73	1165,29
622,92	1101,81
623,11	1183,73
623,30	1150,96
623,49	1191,92
623,68	1148,91
623,88	1171,44
624,07	1196,01
624,26	1165,29
624,45	1193,97
624,64	1200,11
624,83	1185,77
625,02	1167,34
625,21	1159,15
625,40	1157,10
625,59	1255,40
625,78	1173,49
625,97	1200,11
626,16	1220,59
626,35	1167,34
626,54	1169,39
626,74	1171,44
626,93	1183,73
627,12	1206,25
627,31	1173,49
627,50	1228,78
627,69	1144,81
627,88	1230,83
628,07	1165,29
628,26	1249,26
628,45	1224,69
628,64	1261,55
628,83	1202,16
629,02	1163,25
629,21	1222,64
629,40	1198,06
629,59	1167,34
629,78	1247,21
629,97	1214,45
630,16	1234,93
630,35	1138,67
630,54	1128,43
630,73	1179,63
630,92	1169,39
631,11	1214,45
631,30	1267,69
631,49	1402,86
631,68	1859,56
631,87	3891,14
632,06	14716,70
632,25	43976,03
632,44	58578,05
632,63	60058,73
632,82	37952,96
633,01	19128,03
633,20	5398,45
633,39	5650,35
633,58	2901,97
633,77	2080,74
633,96	1730,53
634,15	1492,97
634,34	1540,07
634,53	1560,55
634,72	1507,30
634,91	1503,21
635,10	1390,57
635,29	1370,09
635,48	1253,36
635,67	1224,69
635,86	1216,49
636,05	1230,83
636,24	1224,69
636,43	1216,49
636,62	1159,15
636,81	1181,68
637,00	1146,86
637,19	1169,39
637,38	1259,50
637,57	1220,59
637,76	1247,21
637,95	1245,16
638,14	1114,10
638,33	1146,86
638,52	1257,45
638,71	1161,20
638,89	1171,44
639,08	1202,16
639,27	1226,73
639,46	1130,48
639,65	1183,73
639,84	1157,10
640,03	1171,44
640,22	1222,64
640,41	1196,01
640,60	1200,11
640,79	1175,53
640,98	1116,14
641,17	1212,40
641,36	1116,14
641,55	1150,96
641,74	1214,45
641,92	1167,34
642,11	1247,21
642,30	1153,01
642,49	1157,10
642,68	1136,62
642,87	1173,49
643,06	1175,53
643,25	1142,77
643,44	1181,68
643,63	1208,30
643,82	1150,96
644,00	1142,77
644,19	1150,96
644,38	1163,25
644,57	1187,82
644,76	1150,96
644,95	1167,34
645,14	1196,01
645,33	1196,01
645,52	1226,73
645,71	1155,05
645,89	1208,30
646,08	1247,21
646,27	1196,01
646,46	1163,25
646,65	1128,43
646,84	1157,10
647,03	1243,12
647,22	1167,34
647,40	1124,33
647,59	1165,29
647,78	1150,96
647,97	1239,02
648,16	1155,05
648,35	1228,78
648,54	1097,71
648,73	1216,49
648,91	1163,25
649,10	1196,01
649,29	1187,82
649,48	1144,81
649,67	1183,73
649,86	1155,05
650,05	1214,45
650,23	1202,16
650,42	1118,19
650,61	1136,62
650,80	1150,96
650,99	1212,40
651,18	1146,86
651,36	1206,25
651,55	1255,40
651,74	1175,53
651,93	1183,73
652,12	1134,57
652,31	1153,01
652,49	1185,77
652,68	1193,97
652,87	1185,77
653,06	1218,54
653,25	1157,10
653,44	1107,95
653,62	1167,34
653,81	1150,96
654,00	1155,05
654,19	1157,10
654,38	1232,88
654,56	1165,29
654,75	1206,25
654,94	1101,81
655,13	1144,81
655,32	1181,68
655,51	1179,63
655,69	1110,00
655,88	1224,69
656,07	1130,48
656,26	1150,96
656,45	1198,06
656,63	1175,53
656,82	1126,38
657,01	1220,59
657,20	1116,14
657,38	1241,07
657,57	1064,94
657,76	1122,29
657,95	1218,54
658,14	1183,73
658,32	1134,57
658,51	1132,53
658,70	1142,77
658,89	1171,44
659,08	1161,20
659,26	1216,49
659,45	1183,73
659,64	1157,10
659,83	1144,81
660,01	1095,66
660,20	1189,87
660,39	1155,05
660,58	1228,78
660,76	1138,67
660,95	1191,92
661,14	1196,01
661,33	1150,96
661,51	1173,49
661,70	1198,06
661,89	1267,69
662,08	1122,29
662,26	1169,39
662,45	1169,39
662,64	1191,92
662,83	1189,87
663,01	1241,07
663,20	1130,48
663,39	1183,73
663,58	1200,11
663,76	1132,53
663,95	1196,01
664,14	1150,96
664,32	1169,39
664,51	1179,63
664,70	1159,15
664,89	1136,62
665,07	1122,29
665,26	1196,01
665,45	1128,43
665,64	1236,97
665,82	1120,24
666,01	1142,77
666,20	1148,91
666,38	1183,73
666,57	1110,00
666,76	1187,82
666,95	1175,53
667,13	1148,91
667,32	1212,40
667,51	1136,62
667,69	1187,82
667,88	1138,67
668,07	1165,29
668,25	1107,95
668,44	1212,40
668,63	1181,68
668,81	1167,34
669,00	1163,25
669,19	1157,10
669,38	1136,62
669,56	1173,49
669,75	1191,92
669,94	1185,77
670,12	1206,25
670,31	1216,49
670,50	1198,06
670,68	1150,96
670,87	1126,38
671,06	1148,91
671,24	1202,16
671,43	1142,77
671,62	1177,58
671,80	1142,77
671,99	1171,44
672,18	1167,34
672,36	1138,67
672,55	1206,25
672,74	1228,78
672,92	1165,29
673,11	1226,73
673,29	1157,10
673,48	1159,15
673,67	1253,36
673,85	1138,67
674,04	1239,02
674,23	1124,33
674,41	1155,05
674,60	1140,72
674,79	1189,87
674,97	1150,96
675,16	1122,29
675,34	1173,49
675,53	1142,77
675,72	1116,14
675,90	1212,40
676,09	1132,53
676,28	1175,53
676,46	1183,73
676,65	1204,21
676,83	1097,71
677,02	1193,97
677,21	1165,29
677,39	1144,81
677,58	1173,49
677,77	1239,02
677,95	1150,96
678,14	1173,49
678,32	1189,87
678,51	1216,49
678,70	1193,97
678,88	1261,55
679,07	1175,53
679,25	1224,69
679,44	1241,07
679,63	1138,67
679,81	1165,29
680,00	1130,48
680,18	1191,92
680,37	1179,63
680,55	1161,20
680,74	1155,05
680,93	1169,39
681,11	1183,73
681,30	1146,86
681,48	1130,48
681,67	1130,48
681,85	1101,81
682,04	1202,16
682,23	1159,15
682,41	1220,59
682,60	1165,29
682,78	1120,24
682,97	1155,05
683,15	1144,81
683,34	1189,87
683,53	1187,82
683,71	1095,66
683,90	1210,35
684,08	1191,92
684,27	1200,11
684,45	1134,57
684,64	1191,92
684,82	1183,73
685,01	1142,77
685,19	1224,69
685,38	1177,58
685,57	1161,20
685,75	1193,97
685,94	1116,14
686,12	1107,95
686,31	1183,73
686,49	1132,53
686,68	1159,15
686,86	1165,29
687,05	1177,58
687,23	1128,43
687,42	1161,20
687,60	1204,21
687,79	1124,33
687,97	1189,87
688,16	1153,01
688,34	1239,02
688,53	1153,01
688,71	1187,82
688,90	1150,96
689,08	1142,77
689,27	1159,15
689,45	1128,43
689,64	1204,21
689,82	1169,39
690,01	1196,01
690,19	1230,83
690,38	1136,62
690,56	1183,73
690,75	1212,40
690,93	1169,39
691,12	1136,62
691,30	1204,21
691,49	1142,77
691,67	1177,58
691,86	1210,35
692,04	1142,77
692,23	1144,81
692,41	1148,91
692,60	1107,95
692,78	1234,93
692,97	1200,11
693,15	1179,63
693,34	1185,77
693,52	1161,20
693,71	1165,29
693,89	1175,53
694,08	1183,73
694,26	1234,93
694,44	1163,25
694,63	1241,07
694,81	1191,92
695,00	1161,20
695,18	1181,68
695,37	1206,25
695,55	1144,81
695,74	1277,93
695,92	1204,21
696,10	1181,68
696,29	1232,88
696,47	1183,73
696,66	1175,53
696,84	1167,34
697,03	1128,43
697,21	1206,25
697,40	1220,59
697,58	1167,34
697,76	1087,47
697,95	1150,96
698,13	1202,16
698,32	1230,83
698,50	1193,97
698,68	1130,48
698,87	1173,49
699,05	1234,93
699,24	1159,15
699,42	1228,78
699,61	1146,86
699,79	1157,10
699,97	1101,81
700,16	1181,68
700,34	1122,29
700,53	1155,05
700,71	1124,33
700,89	1230,83
701,08	1165,29
701,26	1175,53
701,45	1142,77
701,63	1126,38
701,81	1212,40
702,00	1144,81
702,18	1118,19
702,37	1191,92
702,55	1204,21
702,73	1122,29
702,92	1097,71
703,10	1171,44
703,28	1089,52
703,47	1161,20
703,65	1261,55
703,84	1222,64
704,02	1236,97
704,20	1157,10
704,39	1198,06
704,57	1189,87
704,75	1216,49
704,94	1148,91
705,12	1118,19
705,30	1153,01
705,49	1134,57
705,67	1124,33
705,86	1208,30
706,04	1175,53
706,22	1165,29
706,41	1204,21
706,59	1155,05
706,77	1163,25
706,96	1165,29
707,14	1173,49
707,32	1273,84
707,51	1175,53
707,69	1196,01
707,87	1187,82
708,06	1167,34
708,24	1173,49
708,42	1179,63
708,61	1148,91
708,79	1167,34
708,97	1208,30
709,16	1212,40
709,34	1220,59
709,52	1163,25
709,71	1148,91
709,89	1171,44
710,07	1169,39
710,26	1185,77
710,44	1206,25
710,62	1128,43
710,80	1144,81
710,99	1153,01
711,17	1183,73
711,35	1116,14
711,54	1187,82
711,72	1210,35
711,90	1191,92
712,09	1185,77
712,27	1169,39
712,45	1153,01
712,63	1122,29
712,82	1169,39
713,00	1153,01
713,18	1159,15
713,37	1171,44
713,55	1114,10
713,73	1220,59
713,91	1140,72
714,10	1189,87
714,28	1236,97
714,46	1214,45
714,65	1155,05
714,83	1218,54
715,01	1189,87
715,19	1183,73
715,38	1179,63
715,56	1155,05
715,74	1196,01
715,92	1204,21
716,11	1196,01
716,29	1204,21
716,47	1124,33
716,65	1183,73
716,84	1140,72
717,02	1193,97
717,20	1130,48
717,38	1226,73
717,57	1157,10
717,75	1189,87
717,93	1214,45
718,11	1208,30
718,30	1169,39
718,48	1163,25
718,66	1208,30
718,84	1181,68
719,03	1157,10
719,21	1177,58
719,39	1161,20
719,57	1153,01
719,75	1171,44
719,94	1157,10
720,12	1142,77
720,30	1150,96
720,48	1204,21
720,67	1202,16
720,85	1183,73
721,03	1150,96
721,21	1105,90
721,39	1181,68
721,58	1148,91
721,76	1118,19
721,94	1216,49
722,12	1159,15
722,30	1163,25
722,49	1134,57
722,67	1224,69
722,85	1230,83
723,03	1134,57
723,21	1216,49
723,40	1177,58
723,58	1189,87
723,76	1208,30
723,94	1144,81
724,12	1150,96
724,30	1157,10
724,49	1126,38
724,67	1173,49
724,85	1187,82
725,03	1189,87
725,21	1134,57
725,40	1171,44
725,58	1087,47
725,76	1144,81
725,94	1177,58
726,12	1243,12
726,30	1153,01
726,49	1226,73
726,67	1126,38
726,85	1226,73
727,03	1163,25
727,21	1171,44
727,39	1208,30
727,57	1196,01
727,76	1163,25
727,94	1228,78
728,12	1177,58
728,30	1181,68
728,48	1200,11
728,66	1103,86
728,84	1183,73
729,03	1198,06
729,21	1128,43
729,39	1167,34
729,57	1198,06
729,75	1159,15
729,93	1165,29
730,11	1196,01
730,30	1202,16
730,48	1196,01
730,66	1179,63
730,84	1224,69
731,02	1163,25
731,20	1210,35
731,38	1183,73
731,56	1232,88
731,74	1224,69
731,93	1126,38
732,11	1150,96
732,29	1200,11
732,47	1155,05
732,65	1220,59
732,83	1146,86
733,01	1087,47
733,19	1220,59
733,37	1157,10
733,56	1214,45
733,74	1167,34
733,92	1095,66
734,10	1138,67
734,28	1144,81
734,46	1165,29
734,64	1173,49
734,82	1224,69
735,00	1136,62
735,18	1193,97
735,36	1208,30
735,54	1175,53
735,73	1175,53
735,91	1200,11
736,09	1163,25
736,27	1169,39
736,45	1126,38
736,63	1116,14
736,81	1196,01
736,99	1222,64
737,17	1206,25
737,35	1241,07
737,53	1099,76
737,71	1198,06
737,89	1183,73
738,07	1212,40
738,25	1148,91
738,43	1191,92
738,61	1179,63
738,80	1136,62
738,98	1136,62
739,16	1193,97
739,34	1185,77
739,52	1134,57
739,70	1183,73
739,88	1214,45
740,06	1167,34
740,24	1185,77
740,42	1251,31
740,60	1116,14
740,78	1177,58
740,96	1177,58
741,14	1232,88
741,32	1110,00
741,50	1138,67
741,68	1200,11
741,86	1220,59
742,04	1107,95
742,22	1138,67
742,40	1249,26
742,58	1196,01
742,76	1239,02
742,94	1083,38
743,12	1187,82
743,30	1165,29
743,48	1263,60
743,66	1210,35
743,84	1222,64
744,02	1181,68
744,20	1202,16
744,38	1146,86
744,56	1196,01
744,74	1122,29
744,92	1173,49
745,10	1159,15
745,28	1222,64
745,46	1169,39
745,64	1138,67
745,82	1196,01
746,00	1241,07
746,18	1224,69
746,36	1183,73
746,54	1224,69
746,72	1130,48
746,90	1134,57
747,08	1165,29
747,26	1208,30
747,44	1222,64
747,62	1185,77
747,80	1132,53
747,98	1105,90
748,15	1122,29
748,33	1122,29
748,51	1105,90
748,69	1169,39
748,87	1150,96
749,05	1136,62
749,23	1214,45
749,41	1118,19
749,59	1136,62
749,77	1161,20
749,95	1134,57
750,13	1124,33
750,31	1153,01
750,49	1177,58
750,67	1189,87
750,85	1243,12
751,03	1167,34
751,20	1155,05
751,38	1196,01
751,56	1210,35
751,74	1214,45
751,92	1134,57
752,10	1081,33
752,28	1179,63
752,46	1085,42
752,64	1198,06
752,82	1140,72
753,00	1173,49
753,18	1206,25
753,35	1208,30
753,53	1171,44
753,71	1193,97
753,89	1128,43
754,07	1163,25
754,25	1116,14
754,43	1165,29
754,61	1105,90
754,79	1247,21
754,97	1181,68
755,14	1148,91
755,32	1220,59
755,50	1191,92
755,68	1177,58
755,86	1165,29
756,04	1077,23
756,22	1179,63
756,40	1159,15
756,57	1183,73
756,75	1216,49
756,93	1126,38
757,11	1169,39
757,29	1202,16
757,47	1146,86
757,65	1189,87
757,82	1204,21
758,00	1177,58
758,18	1150,96
758,36	1118,19
758,54	1185,77
758,72	1134,57
758,90	1124,33
759,07	1132,53
759,25	1118,19
759,43	1232,88
759,61	1112,05
759,79	1167,34
759,97	1134,57
760,15	1183,73
760,32	1146,86
760,50	1175,53
760,68	1228,78
760,86	1193,97
761,04	1114,10
761,22	1226,73
761,39	1157,10
761,57	1187,82
761,75	1216,49
761,93	1208,30
762,11	1126,38
762,28	1204,21
762,46	1169,39
762,64	1216,49
762,82	1157,10
763,00	1118,19
763,18	1196,01
763,35	1230,83
763,53	1171,44
763,71	1185,77
763,89	1234,93
764,07	1183,73
764,24	1161,20
764,42	1198,06
764,60	1175,53
764,78	1216,49
764,96	1183,73
765,13	1189,87
765,31	1189,87
765,49	1136,62
765,67	1193,97
765,84	1146,86
766,02	1183,73
766,20	1212,40
766,38	1140,72
766,56	1265,64
766,73	1179,63
766,91	1155,05
767,09	1095,66
767,27	1148,91
767,44	1196,01
767,62	1161,20
767,80	1159,15
767,98	1136,62
768,15	1198,06
768,33	1189,87
768,51	1148,91
768,69	1105,90
768,87	1210,35
769,04	1191,92
769,22	1245,16
769,40	1150,96
769,58	1150,96
769,75	1163,25
769,93	1193,97
770,11	1173,49
770,28	1144,81
770,46	1181,68
770,64	1226,73
770,82	1103,86
770,99	1193,97
771,17	1263,60
771,35	1134,57
771,53	1228,78
771,70	1132,53
771,88	1103,86
772,06	1118,19
772,23	1130,48
772,41	1181,68
772,59	1157,10
772,77	1189,87
772,94	1099,76
773,12	1173,49
773,30	1142,77
773,47	1230,83
773,65	1161,20
773,83	1161,20
774,01	1087,47
774,18	1179,63
774,36	1112,05
774,54	1185,77
774,71	1218,54
774,89	1097,71
775,07	1122,29
775,24	1112,05
775,42	1112,05
775,60	1116,14
775,78	1181,68
775,95	1216,49
776,13	1177,58
776,31	1198,06
776,48	1210,35
776,66	1146,86
776,84	1200,11
777,01	1142,77
777,19	1171,44
777,37	1196,01
777,54	1208,30
777,72	1189,87
777,90	1193,97
778,07	1189,87
778,25	1128,43
778,43	1198,06
778,60	1130,48
778,78	1181,68
778,96	1187,82
779,13	1257,45
779,31	1159,15
779,49	1236,97
779,66	1171,44
779,84	1220,59
780,01	1183,73
780,19	1206,25
780,37	1136,62
780,54	1171,44
780,72	1226,73
780,90	1175,53
781,07	1136,62
781,25	1220,59
781,43	1245,16
781,60	1114,10
781,78	1107,95
781,95	1183,73
782,13	1150,96
782,31	1200,11
782,48	1132,53
782,66	1136,62
782,83	1134,57
783,01	1159,15
783,19	1185,77
783,36	1126,38
783,54	1224,69
783,72	1232,88
783,89	1095,66
784,07	1144,81
784,24	1196,01
784,42	1150,96
784,60	1173,49
784,77	1079,28
784,95	1134,57
785,12	1136,62
785,30	1155,05
785,47	1134,57
785,65	1132,53
785,83	1112,05
786,00	1208,30
786,18	1134,57
786,35	1177,58
786,53	1181,68
786,71	1124,33
786,88	1173,49
787,06	1122,29
787,23	1210,35
787,41	1163,25
787,58	1167,34
787,76	1181,68
787,94	1134,57
788,11	1245,16
788,29	1105,90
788,46	1171,44
788,64	1177,58
788,81	1159,15
788,99	1196,01
789,16	1187,82
789,34	1132,53
789,52	1234,93
789,69	1245,16
789,87	1126,38
790,04	1165,29
790,22	1204,21
790,39	1187,82
790,57	1241,07
790,74	1148,91
790,92	1126,38
791,09	1089,52
791,27	1165,29
791,44	1175,53
791,62	1138,67
791,79	1165,29
791,97	1214,45
792,15	1124,33
792,32	1200,11
792,50	1193,97
792,67	1148,91
792,85	1191,92
793,02	1210,35
793,20	1132,53
793,37	1187,82
793,55	1142,77
793,72	1196,01
793,90	1181,68
794,07	1179,63
794,25	1157,10
794,42	1138,67
794,60	1245,16
794,77	1136,62
794,95	1187,82
795,12	1243,12
795,30	1179,63
795,47	1120,24
795,65	1220,59
795,82	1208,30
796,00	1177,58
796,17	1234,93
796,34	1095,66
796,52	1210,35
796,69	1159,15
796,87	1142,77
797,04	1210,35
797,22	1228,78
797,39	1138,67
797,57	1153,01
797,74	1177,58
797,92	1130,48
798,09	1200,11
798,27	1200,11
798,44	1159,15
798,62	1048,56
798,79	1148,91
798,96	1155,05
799,14	1167,34
799,31	1161,20
799,49	1122,29
799,66	1177,58
799,84	1191,92
800,01	1167,34
800,19	1153,01
800,36	1175,53
800,53	1177,58
800,71	1142,77
800,88	1165,29
801,06	1112,05
801,23	1142,77
801,41	1159,15
801,58	1122,29
801,75	1105,90
801,93	1140,72
802,10	1175,53
802,28	1167,34
802,45	1224,69
802,63	1267,69
802,80	1148,91
802,97	1198,06
803,15	1193,97
803,32	1226,73
803,50	1165,29
803,67	1124,33
803,84	1134,57
804,02	1142,77
804,19	1183,73
804,37	1089,52
804,54	1165,29
804,71	1150,96
804,89	1150,96
805,06	1144,81
805,24	1126,38
805,41	1114,10
805,58	1165,29
805,76	1095,66
805,93	1218,54
806,10	1134,57
806,28	1150,96
806,45	1181,68
806,63	1138,67
806,80	1183,73
806,97	1140,72
807,15	1273,84
807,32	1136,62
807,49	1257,45
807,67	1134,57
807,84	1142,77
808,01	1155,05
808,19	1187,82
808,36	1138,67
808,54	1206,25
808,71	1163,25
808,88	1142,77
809,06	1150,96
809,23	1187,82
809,40	1148,91
809,58	1187,82
809,75	1175,53
809,92	1198,06
810,10	1175,53
810,27	1173,49
810,44	1196,01
810,62	1179,63
810,79	1251,31
810,96	1148,91
811,14	1144,81
811,31	1114,10
811,48	1159,15
811,66	1206,25
811,83	1118,19
812,00	1239,02
812,18	1126,38
812,35	1210,35
812,52	1206,25
812,69	1212,40
812,87	1122,29
813,04	1210,35
813,21	1167,34
813,39	1155,05
813,56	1216,49
813,73	1185,77
813,91	1173,49
814,08	1150,96
814,25	1187,82
814,42	1097,71
814,60	1159,15
814,77	1279,98
814,94	1134,57
815,12	1163,25
815,29	1193,97
815,46	1196,01
815,63	1181,68
815,81	1171,44
815,98	1167,34
816,15	1159,15
816,33	1214,45
816,50	1120,24
816,67	1196,01
816,84	1157,10
817,02	1216,49
817,19	1081,33
817,36	1187,82
817,53	1175,53
817,71	1181,68
817,88	1202,16
818,05	1130,48
818,22	1181,68
818,40	1118,19
818,57	1191,92
818,74	1175,53
818,91	1136,62
819,09	1107,95
819,26	1183,73
819,43	1249,26
819,60	1187,82
819,78	1167,34
819,95	1120,24
820,12	1257,45
820,29	1179,63
820,47	1253,36
820,64	1214,45
820,81	1241,07
820,98	1171,44
821,15	1144,81
821,33	1177,58
821,50	1175,53
821,67	1208,30
821,84	1181,68
822,02	1200,11
822,19	1130,48
822,36	1181,68
822,53	1103,86
822,70	1259,50
822,88	1204,21
823,05	1228,78
823,22	1128,43
823,39	1196,01
823,56	1097,71
823,74	1142,77
823,91	1269,74
824,08	1177,58
824,25	1212,40
824,42	1249,26
824,60	1163,25
824,77	1183,73
824,94	1140,72
825,11	1140,72
825,28	1163,25
825,45	1189,87
825,63	1259,50
825,80	1157,10
825,97	1167,34
826,14	1175,53
826,31	1148,91
826,48	1159,15
826,66	1202,16
826,83	1183,73
827,00	1183,73
827,17	1159,15
827,34	1140,72
827,51	1191,92
827,69	1103,86
827,86	1239,02
828,03	1167,34
828,20	1216,49
828,37	1103,86
828,54	1126,38
828,71	1153,01
828,89	1116,14
829,06	1171,44
829,23	1171,44
829,40	1169,39
829,57	1157,10
829,74	1239,02
829,91	1173,49
830,09	1132,53
830,26	1200,11
830,43	1146,86
830,60	1161,20
830,77	1146,86
830,94	1114,10
831,11	1138,67
831,28	1175,53
831,46	1159,15
831,63	1150,96
831,80	1175,53
831,97	1122,29
832,14	1239,02
832,31	1185,77
832,48	1218,54
832,65	1146,86
832,82	1034,22
832,99	1167,34
833,17	1179,63
833,34	1196,01
833,51	1167,34
833,68	1206,25
833,85	1095,66
834,02	1210,35
834,19	1118,19
834,36	1224,69
834,53	1171,44
834,70	1226,73
834,87	1173,49
835,04	1103,86
835,22	1163,25
835,39	1193,97
835,56	1216,49
835,73	1183,73
835,90	1155,05
836,07	1183,73
836,24	1267,69
836,41	1187,82
836,58	1118,19
836,75	1146,86
836,92	1103,86
837,09	1198,06
837,26	1226,73
837,43	1193,97
837,60	1267,69
837,77	1177,58
837,94	1185,77
838,12	1159,15
838,29	1175,53
838,46	1189,87
838,63	1173,49
838,80	1191,92
838,97	1103,86
839,14	1101,81
839,31	1105,90
839,48	1097,71
839,65	1148,91
839,82	1191,92
839,99	1202,16
840,16	1112,05
840,33	1179,63
840,50	1185,77
840,67	1169,39
840,84	1179,63
841,01	1142,77
841,18	1157,10
841,35	1159,15
841,52	1138,67
841,69	1177,58
841,86	1167,34
842,03	1183,73
842,20	1253,36
842,37	1216,49
842,54	1142,77
842,71	1187,82
842,88	1222,64
843,05	1120,24
843,22	1185,77
843,39	1155,05
843,56	1228,78
843,73	1142,77
843,90	1134,57
844,07	1165,29
844,24	1183,73
844,41	1140,72
844,58	1206,25
844,75	1144,81
844,92	1138,67
845,09	1138,67
845,26	1216,49
845,43	1196,01
845,60	1157,10
845,77	1198,06
845,94	1218,54
846,10	1134,57
846,27	1196,01
846,44	1140,72
846,61	1239,02
846,78	1169,39
846,95	1191,92
847,12	1245,16
847,29	1130,48
847,46	1163,25
847,63	1099,76
847,80	1101,81
847,97	1148,91
848,14	1120,24
848,31	1089,52
848,48	1130,48
848,65	1198,06
848,82	1087,47
848,98	1171,44
849,15	1138,67
849,32	1191,92
849,49	1171,44
849,66	1069,04
849,83	1177,58
850,00	1155,05
850,17	1122,29
850,34	1120,24
850,51	1124,33
850,68	1218,54
850,85	1165,29
851,01	1124,33
851,18	1183,73
851,35	1173,49
851,52	1157,10
851,69	1089,52
851,86	1216,49
852,03	1212,40
852,20	1198,06
852,37	1230,83
852,53	1138,67
852,70	1185,77
852,87	1202,16
853,04	1204,21
853,21	1116,14
853,38	1107,95
853,55	1257,45
853,72	1179,63
853,89	1187,82
854,05	1134,57
854,22	1179,63
854,39	1228,78
854,56	1183,73
854,73	1185,77
854,90	1134,57
855,07	1241,07
855,23	1245,16
855,40	1232,88
855,57	1155,05
855,74	1206,25
855,91	1212,40
856,08	1181,68
856,25	1128,43
856,41	1200,11
856,58	1101,81
856,75	1150,96
856,92	1204,21
857,09	1124,33
857,26	1177,58
857,42	1204,21
857,59	1208,30
857,76	1220,59
857,93	1142,77
858,10	1212,40
858,27	1220,59
858,43	1116,14
858,60	1118,19
858,77	1234,93
858,94	1187,82
859,11	1144,81
859,27	1228,78
859,44	1208,30
859,61	1136,62
859,78	1167,34
859,95	1122,29
860,12	1200,11
860,28	1101,81
860,45	1169,39
860,62	1179,63
860,79	1222,64
860,95	1155,05
861,12	1085,42
861,29	1163,25
861,46	1153,01
861,63	1218,54
861,79	1230,83
861,96	1144,81
862,13	1167,34
862,30	1179,63
862,47	1263,60
862,63	1116,14
862,80	1220,59
862,97	1185,77
863,14	1212,40
863,30	1124,33
863,47	1118,19
863,64	1189,87
863,81	1150,96
863,97	1224,69
864,14	1116,14
864,31	1218,54
864,48	1220,59
864,65	1196,01
864,81	1110,00
864,98	1083,38
865,15	1183,73
865,32	1148,91
865,48	1140,72
865,65	1138,67
865,82	1148,91
865,98	1261,55
866,15	1241,07
866,32	1130,48
866,49	1138,67
866,65	1105,90
866,82	1204,21
866,99	1210,35
867,16	1173,49
867,32	1163,25
867,49	1142,77
867,66	1171,44
867,83	1171,44
867,99	1234,93
868,16	1120,24
868,33	1140,72
868,49	1198,06
868,66	1196,01
868,83	1144,81
868,99	1159,15
869,16	1202,16
869,33	1183,73
869,50	1136,62
869,66	1138,67
869,83	1167,34
870,00	1136,62
870,16	1157,10
870,33	1193,97
870,50	1153,01
870,66	1163,25
870,83	1142,77
871,00	1132,53
871,17	1163,25
871,33	1181,68
871,50	1138,67
871,67	1206,25
871,83	1091,57
872,00	1150,96
872,17	1128,43
872,33	1122,29
872,50	1101,81
872,67	1212,40
872,83	1153,01
873,00	1181,68
873,17	1144,81
873,33	1171,44
873,50	1173,49
873,67	1189,87
873,83	1105,90
874,00	1161,20
874,16	1191,92
874,33	1187,82
874,50	1255,40
874,66	1263,60
874,83	1208,30
875,00	1175,53
875,16	1155,05
875,33	1185,77
875,50	1155,05
875,66	1179,63
875,83	1214,45
875,99	1210,35
876,16	1142,77
876,33	1146,86
876,49	1132,53
876,66	1208,30
876,83	1124,33
876,99	1163,25
877,16	1150,96
877,32	1200,11
877,49	1146,86
877,66	1191,92
877,82	1222,64
877,99	1140,72
878,15	1212,40
878,32	1144,81
878,49	1150,96
878,65	1245,16
878,82	1159,15
878,98	1155,05
879,15	1148,91
879,32	1265,64
879,48	1173,49
879,65	1206,25
879,81	1124,33
879,98	1161,20
880,15	1085,42
880,31	1183,73
880,48	1150,96
880,64	1144,81
880,81	1175,53
880,97	1138,67
881,14	1251,31
881,31	1150,96
881,47	1140,72
881,64	1138,67
881,80	1163,25
881,97	1114,10
882,13	1105,90
882,30	1210,35
882,47	1206,25
882,63	1138,67
882,80	1138,67
882,96	1130,48
883,13	1196,01
883,29	1196,01
883,46	1157,10
883,62	1181,68
883,79	1157,10
883,95	1085,42
884,12	1173,49
884,29	1159,15
884,45	1189,87
884,62	1153,01
884,78	1142,77
884,95	1116,14
885,11	1216,49
885,28	1134,57
885,44	1193,97
885,61	1187,82
885,77	1107,95
885,94	1196,01
886,10	1183,73
886,27	1183,73
886,43	1146,86
886,60	1189,87
886,76	1181,68
886,93	1161,20
887,09	1091,57
887,26	1105,90
887,42	1132,53
887,59	1171,44
887,75	1175,53
887,92	1191,92
888,08	1208,30
888,25	1122,29
888,41	1198,06
888,58	1120,24
888,74	1200,11
888,91	1120,24
