177,47	1138,67
177,69	1138,67
177,91	1138,67
178,13	1136,62
178,36	1167,34
178,58	1132,53
178,80	1165,29
179,02	1224,69
179,24	1189,87
179,46	1234,93
179,68	1202,16
179,90	1226,73
180,13	1175,53
180,35	1181,68
180,57	1140,72
180,79	1232,88
181,01	1126,38
181,23	1251,31
181,45	1179,63
181,67	1128,43
181,90	1175,53
182,12	1116,14
182,34	1230,83
182,56	1171,44
182,78	1181,68
183,00	1083,38
183,22	1259,50
183,44	1222,64
183,66	1105,90
183,89	1157,10
184,11	1155,05
184,33	1122,29
184,55	1191,92
184,77	1183,73
184,99	1124,33
185,21	1073,14
185,43	1161,20
185,65	1212,40
185,87	1150,96
186,10	1212,40
186,32	1150,96
186,54	1159,15
186,76	1214,45
186,98	1110,00
187,20	1243,12
187,42	1155,05
187,64	1206,25
187,86	1138,67
188,08	1169,39
188,30	1208,30
188,52	1214,45
188,75	1167,34
188,97	1144,81
189,19	1153,01
189,41	1163,25
189,63	1140,72
189,85	1163,25
190,07	1196,01
190,29	1171,44
190,51	1185,77
190,73	1134,57
190,95	1191,92
191,17	1173,49
191,39	1148,91
191,61	1167,34
191,84	1155,05
192,06	1134,57
192,28	1134,57
192,50	1128,43
192,72	1177,58
192,94	1200,11
193,16	1185,77
193,38	1198,06
193,60	1136,62
193,82	1208,30
194,04	1212,40
194,26	1118,19
194,48	1153,01
194,70	1142,77
194,92	1216,49
195,14	1146,86
195,36	1200,11
195,58	1136,62
195,80	1191,92
196,02	1163,25
196,24	1175,53
196,46	1153,01
196,69	1175,53
196,91	1193,97
197,13	1179,63
197,35	1122,29
197,57	1071,09
197,79	1140,72
198,01	1177,58
198,23	1132,53
198,45	1208,30
198,67	1198,06
198,89	1134,57
199,11	1187,82
199,33	1200,11
199,55	1116,14
199,77	1226,73
199,99	1228,78
200,21	1212,40
200,43	1224,69
200,65	1212,40
200,87	1214,45
201,09	1134,57
201,31	1167,34
201,53	1198,06
201,75	1220,59
201,97	1202,16
202,19	1167,34
202,41	1171,44
202,63	1148,91
202,85	1116,14
203,07	1146,86
203,29	1150,96
203,51	1204,21
203,73	1118,19
203,95	1136,62
204,17	1185,77
204,39	1140,72
204,61	1177,58
204,83	1153,01
205,05	1177,58
205,27	1169,39
205,49	1216,49
205,71	1112,05
205,93	1279,98
206,15	1210,35
206,37	1161,20
206,59	1116,14
206,81	1175,53
207,03	1124,33
207,25	1148,91
207,47	1187,82
207,69	1144,81
207,91	1208,30
208,13	1157,10
208,34	1171,44
208,56	1146,86
208,78	1175,53
209,00	1163,25
209,22	1290,22
209,44	1132,53
209,66	1214,45
209,88	1226,73
210,10	1204,21
210,32	1185,77
210,54	1193,97
210,76	1167,34
210,98	1193,97
211,20	1171,44
211,42	1189,87
211,64	1208,30
211,86	1259,50
212,08	1126,38
212,30	1142,77
212,52	1153,01
212,74	1112,05
212,96	1224,69
213,17	1177,58
213,39	1212,40
213,61	1124,33
213,83	1198,06
214,05	1171,44
214,27	1224,69
214,49	1206,25
214,71	1169,39
214,93	1148,91
215,15	1140,72
215,37	1144,81
215,59	1130,48
215,81	1150,96
216,03	1204,21
216,24	1097,71
216,46	1159,15
216,68	1173,49
216,90	1150,96
217,12	1210,35
217,34	1159,15
217,56	1169,39
217,78	1226,73
218,00	1196,01
218,22	1177,58
218,44	1110,00
218,66	1146,86
218,87	1187,82
219,09	1130,48
219,31	1130,48
219,53	1132,53
219,75	1144,81
219,97	1173,49
220,19	1140,72
220,41	1220,59
220,63	1171,44
220,85	1118,19
221,06	1157,10
221,28	1191,92
221,50	1150,96
221,72	1175,53
221,94	1212,40
222,16	1228,78
222,38	1128,43
222,60	1171,44
222,82	1187,82
223,03	1181,68
223,25	1150,96
223,47	1105,90
223,69	1173,49
223,91	1155,05
224,13	1191,92
224,35	1150,96
224,57	1228,78
224,78	1171,44
225,00	1159,15
225,22	1144,81
225,44	1114,10
225,66	1183,73
225,88	1269,74
226,10	1200,11
226,32	1179,63
226,53	1177,58
226,75	1155,05
226,97	1214,45
227,19	1228,78
227,41	1175,53
227,63	1171,44
227,85	1148,91
228,06	1157,10
228,28	1132,53
228,50	1208,30
228,72	1187,82
228,94	1134,57
229,16	1118,19
229,37	1230,83
229,59	1144,81
229,81	1234,93
230,03	1093,62
230,25	1187,82
230,47	1171,44
230,69	1150,96
230,90	1095,66
231,12	1124,33
231,34	1163,25
231,56	1204,21
231,78	1148,91
232,00	1196,01
232,21	1193,97
232,43	1130,48
232,65	1220,59
232,87	1181,68
233,09	1153,01
233,30	1134,57
233,52	1171,44
233,74	1083,38
233,96	1110,00
234,18	1196,01
234,40	1228,78
234,61	1077,23
234,83	1155,05
235,05	1157,10
235,27	1179,63
235,49	1228,78
235,70	1150,96
235,92	1173,49
236,14	1175,53
236,36	1200,11
236,58	1144,81
236,79	1157,10
237,01	1191,92
237,23	1189,87
237,45	1103,86
237,67	1167,34
237,88	1171,44
238,10	1155,05
238,32	1091,57
238,54	1179,63
238,76	1167,34
238,97	1126,38
239,19	1165,29
239,41	1159,15
239,63	1179,63
239,85	1198,06
240,06	1140,72
240,28	1126,38
240,50	1232,88
240,72	1132,53
240,93	1161,20
241,15	1189,87
241,37	1175,53
241,59	1171,44
241,81	1171,44
242,02	1218,54
242,24	1214,45
242,46	1159,15
242,68	1171,44
242,89	1138,67
243,11	1200,11
243,33	1206,25
243,55	1185,77
243,76	1146,86
243,98	1097,71
244,20	1249,26
244,42	1122,29
244,64	1185,77
244,85	1101,81
245,07	1214,45
245,29	1165,29
245,51	1163,25
245,72	1159,15
245,94	1185,77
246,16	1202,16
246,38	1167,34
246,59	1282,03
246,81	1140,72
247,03	1212,40
247,24	1189,87
247,46	1161,20
247,68	1179,63
247,90	1144,81
248,11	1187,82
248,33	1140,72
248,55	1212,40
248,77	1116,14
248,98	1249,26
249,20	1196,01
249,42	1204,21
249,64	1161,20
249,85	1138,67
250,07	1150,96
250,29	1232,88
250,50	1159,15
250,72	1171,44
250,94	1218,54
251,16	1212,40
251,37	1153,01
251,59	1198,06
251,81	1163,25
252,02	1183,73
252,24	1134,57
252,46	1189,87
252,68	1165,29
252,89	1191,92
253,11	1116,14
253,33	1206,25
253,54	1181,68
253,76	1120,24
253,98	1165,29
254,20	1204,21
254,41	1200,11
254,63	1103,86
254,85	1234,93
255,06	1218,54
255,28	1132,53
255,50	1249,26
255,71	1183,73
255,93	1155,05
256,15	1187,82
256,36	1134,57
256,58	1196,01
256,80	1107,95
257,02	1099,76
257,23	1144,81
257,45	1107,95
257,67	1263,60
257,88	1216,49
258,10	1146,86
258,32	1167,34
258,53	1177,58
258,75	1214,45
258,97	1169,39
259,18	1198,06
259,40	1175,53
259,62	1187,82
259,83	1126,38
260,05	1204,21
260,27	1124,33
260,48	1191,92
260,70	1179,63
260,92	1222,64
261,13	1177,58
261,35	1243,12
261,57	1155,05
261,78	1116,14
262,00	1193,97
262,22	1185,77
262,43	1222,64
262,65	1241,07
262,86	1179,63
263,08	1161,20
263,30	1171,44
263,51	1157,10
263,73	1173,49
263,95	1148,91
264,16	1222,64
264,38	1159,15
264,60	1191,92
264,81	1208,30
265,03	1187,82
265,25	1144,81
265,46	1136,62
265,68	1150,96
265,89	1210,35
266,11	1171,44
266,33	1110,00
266,54	1130,48
266,76	1155,05
266,98	1171,44
267,19	1181,68
267,41	1208,30
267,62	1171,44
267,84	1175,53
268,06	1196,01
268,27	1224,69
268,49	1230,83
268,70	1159,15
268,92	1099,76
269,14	1179,63
269,35	1134,57
269,57	1050,61
269,79	1175,53
270,00	1169,39
270,22	1150,96
270,43	1175,53
270,65	1163,25
270,87	1167,34
271,08	1103,86
271,30	1142,77
271,51	1167,34
271,73	1146,86
271,95	1114,10
272,16	1130,48
272,38	1157,10
272,59	1159,15
272,81	1126,38
273,02	1040,37
273,24	1208,30
273,46	1128,43
273,67	1136,62
273,89	1290,22
274,10	1091,57
274,32	1175,53
274,54	1126,38
274,75	1126,38
274,97	1193,97
275,18	1177,58
275,40	1146,86
275,61	1177,58
275,83	1153,01
276,05	1189,87
276,26	1091,57
276,48	1138,67
276,69	1204,21
276,91	1110,00
277,12	1193,97
277,34	1142,77
277,55	1142,77
277,77	1189,87
277,99	1191,92
278,20	1142,77
278,42	1161,20
278,63	1130,48
278,85	1230,83
279,06	1241,07
279,28	1245,16
279,49	1144,81
279,71	1134,57
279,93	1167,34
280,14	1155,05
280,36	1179,63
280,57	1101,81
280,79	1183,73
281,00	1165,29
281,22	1185,77
281,43	1183,73
281,65	1126,38
281,86	1083,38
282,08	1189,87
282,29	1161,20
282,51	1210,35
282,73	1114,10
282,94	1138,67
283,16	1173,49
283,37	1157,10
283,59	1163,25
283,80	1148,91
284,02	1183,73
284,23	1153,01
284,45	1163,25
284,66	1134,57
284,88	1183,73
285,09	1204,21
285,31	1189,87
285,52	1177,58
285,74	1159,15
285,95	1144,81
286,17	1228,78
286,38	1196,01
286,60	1155,05
286,81	1116,14
287,03	1073,14
287,24	1169,39
287,46	1179,63
287,67	1220,59
287,89	1177,58
288,10	1148,91
288,32	1249,26
288,53	1105,90
288,75	1146,86
288,96	1167,34
289,18	1173,49
289,39	1167,34
289,61	1169,39
289,82	1177,58
290,04	1155,05
290,25	1230,83
290,47	1177,58
290,68	1159,15
290,90	1183,73
291,11	1175,53
291,33	1212,40
291,54	1234,93
291,76	1142,77
291,97	1181,68
292,18	1222,64
292,40	1134,57
292,61	1183,73
292,83	1155,05
293,04	1165,29
293,26	1159,15
293,47	1187,82
293,69	1073,14
293,90	1222,64
294,12	1130,48
294,33	1226,73
294,55	1144,81
294,76	1148,91
294,97	1120,24
295,19	1167,34
295,40	1146,86
295,62	1142,77
295,83	1153,01
296,05	1093,62
296,26	1206,25
296,48	1155,05
296,69	1183,73
296,90	1169,39
297,12	1153,01
297,33	1157,10
297,55	1245,16
297,76	1193,97
297,98	1142,77
298,19	1132,53
298,41	1128,43
298,62	1060,85
298,83	1234,93
299,05	1226,73
299,26	1153,01
299,48	1181,68
299,69	1171,44
299,90	1179,63
300,12	1185,77
300,33	1255,40
300,55	1216,49
300,76	1230,83
300,98	1189,87
301,19	1208,30
301,40	1167,34
301,62	1142,77
301,83	1150,96
302,05	1097,71
302,26	1150,96
302,47	1165,29
302,69	1173,49
302,90	1255,40
303,12	1161,20
303,33	1173,49
303,54	1165,29
303,76	1230,83
303,97	1206,25
304,19	1171,44
304,40	1173,49
304,61	1181,68
304,83	1200,11
305,04	1132,53
305,26	1095,66
305,47	1234,93
305,68	1175,53
305,90	1187,82
306,11	1159,15
306,33	1150,96
306,54	1105,90
306,75	1167,34
306,97	1198,06
307,18	1204,21
307,39	1148,91
307,61	1150,96
307,82	1097,71
308,04	1239,02
308,25	1130,48
308,46	1185,77
308,68	1146,86
308,89	1126,38
309,10	1196,01
309,32	1155,05
309,53	1142,77
309,74	1183,73
309,96	1191,92
310,17	1200,11
310,39	1120,24
310,60	1236,97
310,81	1202,16
311,03	1224,69
311,24	1153,01
311,45	1218,54
311,67	1196,01
311,88	1230,83
312,09	1144,81
312,31	1157,10
312,52	1187,82
312,73	1124,33
312,95	1136,62
313,16	1169,39
313,37	1148,91
313,59	1167,34
313,80	1142,77
314,01	1140,72
314,23	1081,33
314,44	1181,68
314,65	1193,97
314,87	1150,96
315,08	1257,45
315,29	1144,81
315,51	1200,11
315,72	1163,25
315,93	1208,30
316,15	1210,35
316,36	1234,93
316,57	1118,19
316,79	1200,11
317,00	1202,16
317,21	1173,49
317,43	1220,59
317,64	1175,53
317,85	1179,63
318,07	1191,92
318,28	1167,34
318,49	1196,01
318,70	1140,72
318,92	1132,53
319,13	1187,82
319,34	1142,77
319,56	1193,97
319,77	1210,35
319,98	1202,16
320,20	1132,53
320,41	1220,59
320,62	1150,96
320,83	1167,34
321,05	1222,64
321,26	1148,91
321,47	1083,38
321,69	1167,34
321,90	1128,43
322,11	1161,20
322,32	1153,01
322,54	1206,25
322,75	1232,88
322,96	1179,63
323,18	1173,49
323,39	1196,01
323,60	1124,33
323,81	1171,44
324,03	1202,16
324,24	1198,06
324,45	1183,73
324,66	1165,29
324,88	1165,29
325,09	1185,77
325,30	1218,54
325,52	1208,30
325,73	1163,25
325,94	1165,29
326,15	1101,81
326,37	1218,54
326,58	1183,73
326,79	1255,40
327,00	1138,67
327,22	1171,44
327,43	1134,57
327,64	1177,58
327,85	1110,00
328,07	1153,01
328,28	1105,90
328,49	1179,63
328,70	1179,63
328,92	1183,73
329,13	1155,05
329,34	1202,16
329,55	1232,88
329,76	1204,21
329,98	1146,86
330,19	1155,05
330,40	1122,29
330,61	1165,29
330,83	1177,58
331,04	1150,96
331,25	1202,16
331,46	1202,16
331,68	1153,01
331,89	1085,42
332,10	1114,10
332,31	1247,21
332,52	1167,34
332,74	1155,05
332,95	1187,82
333,16	1208,30
333,37	1200,11
333,58	1163,25
333,80	1142,77
334,01	1130,48
334,22	1138,67
334,43	1140,72
334,64	1142,77
334,86	1179,63
335,07	1105,90
335,28	1110,00
335,49	1198,06
335,70	1247,21
335,92	1187,82
336,13	1161,20
336,34	1169,39
336,55	1222,64
336,76	1146,86
336,98	1116,14
337,19	1163,25
337,40	1198,06
337,61	1185,77
337,82	1234,93
338,04	1206,25
338,25	1122,29
338,46	1189,87
338,67	1236,97
338,88	1138,67
339,09	1177,58
339,31	1126,38
339,52	1183,73
339,73	1179,63
339,94	1107,95
340,15	1122,29
340,36	1167,34
340,58	1171,44
340,79	1134,57
341,00	1185,77
341,21	1136,62
341,42	1169,39
341,63	1189,87
341,85	1142,77
342,06	1128,43
342,27	1187,82
342,48	1185,77
342,69	1181,68
342,90	1093,62
343,12	1208,30
343,33	1165,29
343,54	1191,92
343,75	1116,14
343,96	1126,38
344,17	1161,20
344,38	1171,44
344,60	1105,90
344,81	1169,39
345,02	1189,87
345,23	1212,40
345,44	1220,59
345,65	1136,62
345,86	1193,97
346,07	1122,29
346,29	1232,88
346,50	1214,45
346,71	1150,96
346,92	1150,96
347,13	1212,40
347,34	1142,77
347,55	1165,29
347,76	1087,47
347,98	1179,63
348,19	1112,05
348,40	1163,25
348,61	1146,86
348,82	1212,40
349,03	1144,81
349,24	1126,38
349,45	1234,93
349,66	1122,29
349,88	1187,82
350,09	1236,97
350,30	1130,48
350,51	1153,01
350,72	1230,83
350,93	1114,10
351,14	1161,20
351,35	1218,54
351,56	1130,48
351,77	1193,97
351,99	1228,78
352,20	1161,20
352,41	1218,54
352,62	1142,77
352,83	1234,93
353,04	1208,30
353,25	1148,91
353,46	1161,20
353,67	1165,29
353,88	1196,01
354,09	1134,57
354,30	1161,20
354,52	1212,40
354,73	1171,44
354,94	1169,39
355,15	1187,82
355,36	1183,73
355,57	1181,68
355,78	1155,05
355,99	1138,67
356,20	1200,11
356,41	1150,96
356,62	1173,49
356,83	1134,57
357,04	1191,92
357,25	1138,67
357,46	1204,21
357,68	1218,54
357,89	1118,19
358,10	1173,49
358,31	1138,67
358,52	1163,25
358,73	1212,40
358,94	1230,83
359,15	1140,72
359,36	1191,92
359,57	1130,48
359,78	1175,53
359,99	1173,49
360,20	1259,50
360,41	1159,15
360,62	1120,24
360,83	1146,86
361,04	1159,15
361,25	1214,45
361,46	1118,19
361,67	1200,11
361,88	1189,87
362,09	1122,29
362,30	1126,38
362,51	1179,63
362,72	1148,91
362,93	1161,20
363,14	1189,87
363,35	1163,25
363,56	1153,01
363,78	1118,19
363,99	1171,44
364,20	1187,82
364,41	1155,05
364,62	1089,52
364,83	1251,31
365,04	1236,97
365,25	1216,49
365,46	1169,39
365,67	1144,81
365,88	1191,92
366,09	1263,60
366,30	1142,77
366,51	1126,38
366,72	1142,77
366,93	1284,08
367,14	1134,57
367,35	1183,73
367,56	1175,53
367,77	1171,44
367,98	1245,16
368,18	1253,36
368,39	1107,95
368,60	1206,25
368,81	1183,73
369,02	1175,53
369,23	1173,49
369,44	1200,11
369,65	1212,40
369,86	1138,67
370,07	1193,97
370,28	1173,49
370,49	1202,16
370,70	1185,77
370,91	1081,33
371,12	1200,11
371,33	1271,79
371,54	1169,39
371,75	1245,16
371,96	1165,29
372,17	1146,86
372,38	1173,49
372,59	1148,91
372,80	1107,95
373,01	1120,24
373,22	1204,21
373,43	1140,72
373,64	1179,63
373,85	1136,62
374,06	1220,59
374,26	1189,87
374,47	1103,86
374,68	1193,97
374,89	1198,06
375,10	1122,29
375,31	1218,54
375,52	1136,62
375,73	1241,07
375,94	1212,40
376,15	1214,45
376,36	1159,15
376,57	1241,07
376,78	1204,21
376,99	1179,63
377,20	1202,16
377,40	1161,20
377,61	1220,59
377,82	1161,20
378,03	1255,40
378,24	1171,44
378,45	1189,87
378,66	1144,81
378,87	1177,58
379,08	1138,67
379,29	1175,53
379,50	1148,91
379,71	1144,81
379,91	1226,73
380,12	1269,74
380,33	1187,82
380,54	1148,91
380,75	1204,21
380,96	1193,97
381,17	1226,73
381,38	1187,82
381,59	1210,35
381,80	1132,53
382,00	1263,60
382,21	1204,21
382,42	1183,73
382,63	1146,86
382,84	1155,05
383,05	1103,86
383,26	1175,53
383,47	1175,53
383,68	1150,96
383,88	1228,78
384,09	1066,99
384,30	1218,54
384,51	1196,01
384,72	1165,29
384,93	1220,59
385,14	1091,57
385,35	1212,40
385,55	1157,10
385,76	1169,39
385,97	1144,81
386,18	1193,97
386,39	1167,34
386,60	1167,34
386,81	1232,88
387,02	1222,64
387,22	1169,39
387,43	1230,83
387,64	1107,95
387,85	1146,86
388,06	1179,63
388,27	1097,71
388,48	1107,95
388,68	1179,63
388,89	1167,34
389,10	1183,73
389,31	1163,25
389,52	1148,91
389,73	1185,77
389,93	1171,44
390,14	1187,82
390,35	1116,14
390,56	1261,55
390,77	1222,64
390,98	1157,10
391,18	1193,97
391,39	1169,39
391,60	1200,11
391,81	1175,53
392,02	1177,58
392,23	1083,38
392,43	1257,45
392,64	1132,53
392,85	1175,53
393,06	1173,49
393,27	1175,53
393,47	1198,06
393,68	1191,92
393,89	1210,35
394,10	1183,73
394,31	1150,96
394,52	1150,96
394,72	1132,53
394,93	1230,83
395,14	1134,57
395,35	1173,49
395,56	1153,01
395,76	1191,92
395,97	1263,60
396,18	1183,73
396,39	1165,29
396,60	1130,48
396,80	1183,73
397,01	1173,49
397,22	1191,92
397,43	1189,87
397,64	1241,07
397,84	1183,73
398,05	1191,92
398,26	1163,25
398,47	1261,55
398,67	1191,92
398,88	1095,66
399,09	1183,73
399,30	1191,92
399,51	1163,25
399,71	1171,44
399,92	1155,05
400,13	1193,97
400,34	1167,34
400,54	1130,48
400,75	1157,10
400,96	1181,68
401,17	1175,53
401,37	1263,60
401,58	1253,36
401,79	1171,44
402,00	1163,25
402,21	1239,02
402,41	1275,88
402,62	1183,73
402,83	1138,67
403,04	1138,67
403,24	1175,53
403,45	1171,44
403,66	1216,49
403,87	1220,59
404,07	1200,11
404,28	1140,72
404,49	1161,20
404,70	1134,57
404,90	1212,40
405,11	1259,50
405,32	1189,87
405,52	1198,06
405,73	1189,87
405,94	1204,21
406,15	1175,53
406,35	1128,43
406,56	1163,25
406,77	1112,05
406,98	1159,15
407,18	1198,06
407,39	1189,87
407,60	1140,72
407,80	1177,58
408,01	1232,88
408,22	1193,97
408,43	1155,05
408,63	1179,63
408,84	1216,49
409,05	1198,06
409,25	1081,33
409,46	1220,59
409,67	1261,55
409,88	1146,86
410,08	1132,53
410,29	1189,87
410,50	1128,43
410,70	1214,45
410,91	1126,38
411,12	1148,91
411,32	1232,88
411,53	1200,11
411,74	1128,43
411,95	1163,25
412,15	1107,95
412,36	1214,45
412,57	1161,20
412,77	1148,91
412,98	1157,10
413,19	1228,78
413,39	1179,63
413,60	1171,44
413,81	1181,68
414,01	1171,44
414,22	1208,30
414,43	1159,15
414,63	1175,53
414,84	1187,82
415,05	1134,57
415,25	1214,45
415,46	1187,82
415,67	1185,77
415,87	1218,54
416,08	1138,67
416,29	1105,90
416,49	1185,77
416,70	1216,49
416,91	1210,35
417,11	1187,82
417,32	1236,97
417,53	1163,25
417,73	1200,11
417,94	1155,05
418,15	1204,21
418,35	1189,87
418,56	1124,33
418,77	1187,82
418,97	1142,77
419,18	1165,29
419,38	1204,21
419,59	1165,29
419,80	1200,11
420,00	1144,81
420,21	1183,73
420,42	1173,49
420,62	1138,67
420,83	1155,05
421,04	1157,10
421,24	1114,10
421,45	1140,72
421,65	1216,49
421,86	1163,25
422,07	1239,02
422,27	1144,81
422,48	1159,15
422,69	1124,33
422,89	1097,71
423,10	1189,87
423,30	1269,74
423,51	1243,12
423,72	1144,81
423,92	1169,39
424,13	1218,54
424,33	1171,44
424,54	1185,77
424,75	1134,57
424,95	1247,21
425,16	1093,62
425,36	1163,25
425,57	1177,58
425,78	1161,20
425,98	1226,73
426,19	1222,64
426,39	1181,68
426,60	1208,30
426,81	1189,87
427,01	1187,82
427,22	1175,53
427,42	1112,05
427,63	1191,92
427,83	1157,10
428,04	1161,20
428,25	1177,58
428,45	1155,05
428,66	1128,43
428,86	1193,97
429,07	1163,25
429,28	1200,11
429,48	1253,36
429,69	1183,73
429,89	1169,39
430,10	1157,10
430,30	1212,40
430,51	1175,53
430,71	1259,50
430,92	1179,63
431,13	1273,84
431,33	1155,05
431,54	1175,53
431,74	1177,58
431,95	1234,93
432,15	1175,53
432,36	1232,88
432,56	1138,67
432,77	1146,86
432,98	1198,06
433,18	1185,77
433,39	1177,58
433,59	1183,73
433,80	1230,83
434,00	1122,29
434,21	1128,43
434,41	1189,87
434,62	1175,53
434,82	1173,49
435,03	1144,81
435,23	1187,82
435,44	1177,58
435,64	1132,53
435,85	1189,87
436,06	1116,14
436,26	1198,06
436,47	1159,15
436,67	1157,10
436,88	1236,97
437,08	1171,44
437,29	1134,57
437,49	1150,96
437,70	1153,01
437,90	1165,29
438,11	1159,15
438,31	1204,21
438,52	1189,87
438,72	1253,36
438,93	1112,05
439,13	1181,68
439,34	1173,49
439,54	1148,91
439,75	1138,67
439,95	1157,10
440,16	1202,16
440,36	1146,86
440,57	1150,96
440,77	1093,62
440,98	1255,40
441,18	1210,35
441,39	1210,35
441,59	1175,53
441,80	1155,05
442,00	1187,82
442,21	1216,49
442,41	1165,29
442,62	1101,81
442,82	1173,49
443,02	1177,58
443,23	1271,79
443,43	1214,45
443,64	1122,29
443,84	1153,01
444,05	1202,16
444,25	1157,10
444,46	1183,73
444,66	1193,97
444,87	1185,77
445,07	1218,54
445,28	1200,11
445,48	1146,86
445,69	1232,88
445,89	1224,69
446,09	1216,49
446,30	1191,92
446,50	1222,64
446,71	1187,82
446,91	1126,38
447,12	1241,07
447,32	1230,83
447,53	1191,92
447,73	1169,39
447,93	1144,81
448,14	1136,62
448,34	1183,73
448,55	1167,34
448,75	1159,15
448,96	1157,10
449,16	1177,58
449,36	1169,39
449,57	1224,69
449,77	1198,06
449,98	1228,78
450,18	1198,06
450,39	1181,68
450,59	1148,91
450,79	1236,97
451,00	1236,97
451,20	1128,43
451,41	1183,73
451,61	1179,63
451,81	1191,92
452,02	1124,33
452,22	1157,10
452,43	1212,40
452,63	1173,49
452,84	1218,54
453,04	1144,81
453,24	1097,71
453,45	1159,15
453,65	1257,45
453,86	1144,81
454,06	1228,78
454,26	1153,01
454,47	1171,44
454,67	1083,38
454,87	1183,73
455,08	1179,63
455,28	1142,77
455,49	1183,73
455,69	1126,38
455,89	1224,69
456,10	1189,87
456,30	1214,45
456,51	1243,12
456,71	1095,66
456,91	1153,01
457,12	1110,00
457,32	1120,24
457,52	1157,10
457,73	1189,87
457,93	1155,05
458,14	1148,91
458,34	1169,39
458,54	1161,20
458,75	1161,20
458,95	1134,57
459,15	1216,49
459,36	1191,92
459,56	1112,05
459,76	1142,77
459,97	1232,88
460,17	1146,86
460,37	1116,14
460,58	1126,38
460,78	1216,49
460,99	1216,49
461,19	1142,77
461,39	1187,82
461,60	1138,67
461,80	1200,11
462,00	1226,73
462,21	1132,53
462,41	1189,87
462,61	1163,25
462,82	1175,53
463,02	1169,39
463,22	1150,96
463,43	1232,88
463,63	1134,57
463,83	1167,34
464,04	1200,11
464,24	1163,25
464,44	1255,40
464,64	1214,45
464,85	1036,27
465,05	1167,34
465,25	1212,40
465,46	1167,34
465,66	1140,72
465,86	1165,29
466,07	1234,93
466,27	1206,25
466,47	1224,69
466,68	1191,92
466,88	1171,44
467,08	1155,05
467,29	1196,01
467,49	1089,52
467,69	1210,35
467,89	1200,11
468,10	1144,81
468,30	1228,78
468,50	1218,54
468,71	1179,63
468,91	1163,25
469,11	1171,44
469,31	1183,73
469,52	1226,73
469,72	1148,91
469,92	1144,81
470,13	1214,45
470,33	1132,53
470,53	1169,39
470,73	1302,51
470,94	1247,21
471,14	1191,92
471,34	1060,85
471,54	1193,97
471,75	1183,73
471,95	1140,72
472,15	1183,73
472,36	1183,73
472,56	1228,78
472,76	1161,20
472,96	1150,96
473,17	1198,06
473,37	1204,21
473,57	1218,54
473,77	1193,97
473,98	1200,11
474,18	1148,91
474,38	1220,59
474,58	1165,29
474,79	1241,07
474,99	1173,49
475,19	1124,33
475,39	1220,59
475,60	1210,35
475,80	1243,12
476,00	1179,63
476,20	1183,73
476,41	1159,15
476,61	1157,10
476,81	1157,10
477,01	1165,29
477,21	1202,16
477,42	1128,43
477,62	1202,16
477,82	1150,96
478,02	1218,54
478,23	1124,33
478,43	1144,81
478,63	1212,40
478,83	1134,57
479,03	1159,15
479,24	1200,11
479,44	1153,01
479,64	1124,33
479,84	1222,64
480,04	1144,81
480,25	1189,87
480,45	1185,77
480,65	1052,66
480,85	1204,21
481,06	1183,73
481,26	1191,92
481,46	1155,05
481,66	1153,01
481,86	1134,57
482,06	1093,62
482,27	1226,73
482,47	1196,01
482,67	1206,25
482,87	1169,39
483,07	1249,26
483,28	1148,91
483,48	1177,58
483,68	1224,69
483,88	1181,68
484,08	1150,96
484,29	1196,01
484,49	1185,77
484,69	1183,73
484,89	1097,71
485,09	1218,54
485,29	1220,59
485,50	1157,10
485,70	1210,35
485,90	1150,96
486,10	1261,55
486,30	1222,64
486,50	1159,15
486,71	1140,72
486,91	1224,69
487,11	1202,16
487,31	1126,38
487,51	1122,29
487,71	1099,76
487,91	1159,15
488,12	1134,57
488,32	1222,64
488,52	1132,53
488,72	1150,96
488,92	1185,77
489,12	1183,73
489,32	1173,49
489,53	1181,68
489,73	1165,29
489,93	1165,29
490,13	1101,81
490,33	1196,01
490,53	1191,92
490,73	1277,93
490,94	1232,88
491,14	1228,78
491,34	1216,49
491,54	1200,11
491,74	1157,10
491,94	1226,73
492,14	1204,21
492,34	1171,44
492,54	1173,49
492,75	1220,59
492,95	1153,01
493,15	1148,91
493,35	1157,10
493,55	1161,20
493,75	1134,57
493,95	1185,77
494,15	1175,53
494,35	1148,91
494,56	1132,53
494,76	1277,93
494,96	1234,93
495,16	1167,34
495,36	1116,14
495,56	1122,29
495,76	1167,34
495,96	1163,25
496,16	1161,20
496,36	1116,14
496,56	1155,05
496,77	1122,29
496,97	1193,97
497,17	1097,71
497,37	1140,72
497,57	1159,15
497,77	1206,25
497,97	1208,30
498,17	1177,58
498,37	1167,34
498,57	1107,95
498,77	1210,35
498,97	1159,15
499,17	1206,25
499,38	1198,06
499,58	1255,40
499,78	1210,35
499,98	1138,67
500,18	1093,62
500,38	1150,96
500,58	1245,16
500,78	1116,14
500,98	1085,42
501,18	1232,88
501,38	1155,05
501,58	1179,63
501,78	1198,06
501,98	1134,57
502,18	1132,53
502,38	1232,88
502,58	1243,12
502,78	1198,06
502,98	1144,81
503,18	1206,25
503,38	1198,06
503,59	1185,77
503,79	1150,96
503,99	1185,77
504,19	1234,93
504,39	1239,02
504,59	1179,63
504,79	1206,25
504,99	1157,10
505,19	1230,83
505,39	1136,62
505,59	1181,68
505,79	1132,53
505,99	1120,24
506,19	1134,57
506,39	1146,86
506,59	1177,58
506,79	1083,38
506,99	1175,53
507,19	1157,10
507,39	1191,92
507,59	1185,77
507,79	1091,57
507,99	1146,86
508,19	1167,34
508,39	1171,44
508,59	1171,44
508,79	1212,40
508,99	1167,34
509,19	1206,25
509,39	1157,10
509,59	1110,00
509,79	1222,64
509,99	1150,96
510,19	1136,62
510,39	1103,86
510,59	1175,53
510,79	1161,20
510,99	1163,25
511,19	1167,34
511,39	1196,01
511,59	1159,15
511,79	1200,11
511,99	1212,40
512,19	1171,44
512,38	1226,73
512,58	1148,91
512,78	1132,53
512,98	1177,58
513,18	1185,77
513,38	1134,57
513,58	1239,02
513,78	1165,29
513,98	1189,87
514,18	1146,86
514,38	1185,77
514,58	1214,45
514,78	1161,20
514,98	1140,72
515,18	1206,25
515,38	1204,21
515,58	1150,96
515,78	1243,12
515,98	1185,77
516,18	1101,81
516,38	1216,49
516,57	1200,11
516,77	1191,92
516,97	1167,34
517,17	1177,58
517,37	1142,77
517,57	1081,33
517,77	1165,29
517,97	1167,34
518,17	1112,05
518,37	1212,40
518,57	1191,92
518,77	1208,30
518,97	1204,21
519,16	1191,92
519,36	1173,49
519,56	1140,72
519,76	1069,04
519,96	1249,26
520,16	1079,28
520,36	1216,49
520,56	1183,73
520,76	1150,96
520,96	1247,21
521,16	1214,45
521,35	1140,72
521,55	1212,40
521,75	1189,87
521,95	1159,15
522,15	1179,63
522,35	1181,68
522,55	1196,01
522,75	1165,29
522,95	1146,86
523,14	1228,78
523,34	1179,63
523,54	1112,05
523,74	1161,20
523,94	1187,82
524,14	1179,63
524,34	1163,25
524,54	1159,15
524,73	1138,67
524,93	1163,25
525,13	1148,91
525,33	1216,49
525,53	1142,77
525,73	1165,29
525,93	1198,06
526,13	1159,15
526,32	1167,34
526,52	1181,68
526,72	1167,34
526,92	1167,34
527,12	1167,34
527,32	1175,53
527,52	1208,30
527,71	1126,38
527,91	1128,43
528,11	1179,63
528,31	1189,87
528,51	1155,05
528,71	1185,77
528,90	1134,57
529,10	1222,64
529,30	1216,49
529,50	1107,95
529,70	1122,29
529,90	1159,15
530,09	1142,77
530,29	1181,68
530,49	1140,72
530,69	1144,81
530,89	1179,63
531,09	1169,39
531,28	1218,54
531,48	1175,53
531,68	1146,86
531,88	1173,49
532,08	1189,87
532,28	1181,68
532,47	1179,63
532,67	1130,48
532,87	1085,42
533,07	1153,01
533,27	1159,15
533,46	1159,15
533,66	1230,83
533,86	1165,29
534,06	1241,07
534,26	1146,86
534,45	1138,67
534,65	1148,91
534,85	1085,42
535,05	1173,49
535,25	1130,48
535,44	1144,81
535,64	1187,82
535,84	1187,82
536,04	1161,20
536,24	1198,06
536,43	1163,25
536,63	1198,06
536,83	1232,88
537,03	1175,53
537,22	1144,81
537,42	1112,05
537,62	1171,44
537,82	1167,34
538,02	1236,97
538,21	1136,62
538,41	1236,97
538,61	1167,34
538,81	1138,67
539,00	1130,48
539,20	1116,14
539,40	1169,39
539,60	1155,05
539,79	1175,53
539,99	1204,21
540,19	1167,34
540,39	1148,91
540,58	1171,44
540,78	1185,77
540,98	1239,02
541,18	1136,62
541,37	1144,81
541,57	1169,39
541,77	1187,82
541,97	1167,34
542,16	1126,38
542,36	1118,19
542,56	1193,97
542,76	1206,25
542,95	1185,77
543,15	1191,92
543,35	1189,87
543,54	1196,01
543,74	1269,74
543,94	1159,15
544,14	1163,25
544,33	1196,01
544,53	1155,05
544,73	1191,92
544,93	1089,52
545,12	1142,77
545,32	1189,87
545,52	1130,48
545,71	1163,25
545,91	1187,82
546,11	1189,87
546,30	1159,15
546,50	1167,34
546,70	1185,77
546,90	1220,59
547,09	1214,45
547,29	1228,78
547,49	1198,06
547,68	1232,88
547,88	1126,38
548,08	1249,26
548,27	1196,01
548,47	1146,86
548,67	1101,81
548,87	1263,60
549,06	1228,78
549,26	1155,05
549,46	1044,46
549,65	1110,00
549,85	1118,19
550,05	1169,39
550,24	1206,25
550,44	1169,39
550,64	1118,19
550,83	1148,91
551,03	1204,21
551,23	1200,11
551,42	1167,34
551,62	1173,49
551,82	1150,96
552,01	1157,10
552,21	1208,30
552,41	1142,77
552,60	1187,82
552,80	1132,53
553,00	1146,86
553,19	1189,87
553,39	1128,43
553,59	1198,06
553,78	1167,34
553,98	1159,15
554,17	1150,96
554,37	1161,20
554,57	1175,53
554,76	1142,77
554,96	1157,10
555,16	1189,87
555,35	1105,90
555,55	1148,91
555,75	1116,14
555,94	1144,81
556,14	1232,88
556,33	1165,29
556,53	1146,86
556,73	1150,96
556,92	1179,63
557,12	1140,72
557,32	1163,25
557,51	1212,40
557,71	1157,10
557,90	1226,73
558,10	1138,67
558,30	1175,53
558,49	1183,73
558,69	1169,39
558,88	1150,96
559,08	1181,68
559,28	1169,39
559,47	1183,73
559,67	1200,11
559,86	1161,20
560,06	1222,64
560,26	1206,25
560,45	1161,20
560,65	1130,48
560,84	1202,16
561,04	1165,29
561,24	1202,16
561,43	1239,02
561,63	1157,10
561,82	1208,30
562,02	1179,63
562,22	1165,29
562,41	1136,62
562,61	1150,96
562,80	1157,10
563,00	1081,33
563,19	1114,10
563,39	1216,49
563,59	1126,38
563,78	1202,16
563,98	1161,20
564,17	1159,15
564,37	1124,33
564,56	1220,59
564,76	1234,93
564,96	1138,67
565,15	1169,39
565,35	1150,96
565,54	1226,73
565,74	1161,20
565,93	1136,62
566,13	1216,49
566,32	1183,73
566,52	1243,12
566,71	1126,38
566,91	1157,10
567,11	1200,11
567,30	1212,40
567,50	1165,29
567,69	1271,79
567,89	1167,34
568,08	1144,81
568,28	1224,69
568,47	1150,96
568,67	1148,91
568,86	1212,40
569,06	1212,40
569,25	1114,10
569,45	1167,34
569,64	1099,76
569,84	1126,38
570,04	1167,34
570,23	1150,96
570,43	1171,44
570,62	1132,53
570,82	1140,72
571,01	1183,73
571,21	1214,45
571,40	1198,06
571,60	1212,40
571,79	1146,86
571,99	1241,07
572,18	1146,86
572,38	1175,53
572,57	1185,77
572,77	1216,49
572,96	1103,86
573,16	1116,14
573,35	1130,48
573,55	1269,74
573,74	1118,19
573,94	1122,29
574,13	1200,11
574,33	1210,35
574,52	1155,05
574,71	1153,01
574,91	1140,72
575,10	1163,25
575,30	1150,96
575,49	1175,53
575,69	1159,15
575,88	1261,55
576,08	1204,21
576,27	1173,49
576,47	1161,20
576,66	1220,59
576,86	1130,48
577,05	1216,49
577,25	1204,21
577,44	1187,82
577,64	1155,05
577,83	1200,11
578,02	1169,39
578,22	1146,86
578,41	1212,40
578,61	1196,01
578,80	1167,34
579,00	1208,30
579,19	1142,77
579,39	1239,02
579,58	1171,44
579,77	1187,82
579,97	1120,24
580,16	1105,90
580,36	1130,48
580,55	1114,10
580,75	1171,44
580,94	1181,68
581,13	1200,11
581,33	1218,54
581,52	1200,11
581,72	1169,39
581,91	1196,01
582,11	1163,25
582,30	1114,10
582,49	1189,87
582,69	1159,15
582,88	1153,01
583,08	1140,72
583,27	1159,15
583,47	1142,77
583,66	1216,49
583,85	1112,05
584,05	1165,29
584,24	1191,92
584,44	1136,62
584,63	1150,96
584,82	1150,96
585,02	1132,53
585,21	1169,39
585,41	1130,48
585,60	1216,49
585,79	1200,11
585,99	1196,01
586,18	1142,77
586,37	1253,36
586,57	1165,29
586,76	1200,11
586,96	1216,49
587,15	1200,11
587,34	1161,20
587,54	1230,83
587,73	1189,87
587,93	1169,39
588,12	1212,40
588,31	1167,34
588,51	1138,67
588,70	1159,15
588,89	1128,43
589,09	1294,32
589,28	1196,01
589,47	1177,58
589,67	1161,20
589,86	1200,11
590,06	1214,45
590,25	1206,25
590,44	1183,73
590,64	1208,30
590,83	1140,72
591,02	1179,63
591,22	1136,62
591,41	1159,15
591,60	1169,39
591,80	1157,10
591,99	1167,34
592,18	1230,83
592,38	1220,59
592,57	1161,20
592,76	1212,40
592,96	1142,77
593,15	1097,71
593,34	1159,15
593,54	1163,25
593,73	1191,92
593,92	1259,50
594,12	1118,19
594,31	1142,77
594,50	1126,38
594,70	1191,92
594,89	1173,49
595,08	1220,59
595,28	1173,49
595,47	1140,72
595,66	1161,20
595,86	1140,72
596,05	1159,15
596,24	1177,58
596,43	1236,97
596,63	1130,48
596,82	1253,36
597,01	1142,77
597,21	1222,64
597,40	1140,72
597,59	1191,92
597,79	1179,63
597,98	1126,38
598,17	1198,06
598,36	1142,77
598,56	1183,73
598,75	1155,05
598,94	1165,29
599,14	1167,34
599,33	1142,77
599,52	1171,44
599,71	1218,54
599,91	1069,04
600,10	1114,10
600,29	1179,63
600,48	1214,45
600,68	1142,77
600,87	1157,10
601,06	1132,53
601,26	1198,06
601,45	1198,06
601,64	1179,63
601,83	1204,21
602,03	1173,49
602,22	1146,86
602,41	1142,77
602,60	1220,59
602,80	1177,58
602,99	1257,45
603,18	1107,95
603,37	1112,05
603,57	1200,11
603,76	1163,25
603,95	1142,77
604,14	1175,53
604,34	1138,67
604,53	1181,68
604,72	1136,62
604,91	1228,78
605,10	1200,11
605,30	1167,34
605,49	1107,95
605,68	1212,40
605,87	1216,49
606,07	1150,96
606,26	1179,63
606,45	1173,49
606,64	1112,05
606,84	1132,53
607,03	1208,30
607,22	1214,45
607,41	1116,14
607,60	1232,88
607,80	1171,44
607,99	1140,72
608,18	1216,49
608,37	1165,29
608,56	1163,25
608,76	1144,81
608,95	1161,20
609,14	1259,50
609,33	1181,68
609,52	1124,33
609,72	1257,45
609,91	1126,38
610,10	1101,81
610,29	1232,88
610,48	1189,87
610,68	1173,49
610,87	1165,29
611,06	1167,34
611,25	1124,33
611,44	1112,05
611,63	1187,82
611,83	1230,83
612,02	1134,57
612,21	1140,72
612,40	1150,96
612,59	1171,44
612,79	1122,29
612,98	1167,34
613,17	1146,86
613,36	1206,25
613,55	1165,29
613,74	1253,36
613,93	1165,29
614,13	1204,21
614,32	1153,01
614,51	1187,82
614,70	1130,48
614,89	1157,10
615,08	1163,25
615,28	1255,40
615,47	1093,62
615,66	1157,10
615,85	1206,25
616,04	1153,01
616,23	1124,33
616,42	1236,97
616,62	1179,63
616,81	1148,91
617,00	1142,77
617,19	1161,20
617,38	1124,33
617,57	1187,82
617,76	1234,93
617,95	1155,05
618,15	1183,73
618,34	1138,67
618,53	1142,77
618,72	1161,20
618,91	1169,39
619,10	1167,34
619,29	1064,94
619,48	1126,38
619,68	1116,14
619,87	1236,97
620,06	1171,44
620,25	1202,16
620,44	1130,48
620,63	1146,86
620,82	1173,49
621,01	1167,34
621,20	1087,47
621,39	1175,53
621,59	1187,82
621,78	1212,40
621,97	1187,82
622,16	1277,93
622,35	1093,62
622,54	1177,58
622,73	1236,97
622,92	1208,30
623,11	1216,49
623,30	1249,26
623,49	1241,07
623,68	1146,86
623,88	1179,63
624,07	1202,16
624,26	1220,59
624,45	1210,35
624,64	1150,96
624,83	1114,10
625,02	1155,05
625,21	1159,15
625,40	1189,87
625,59	1159,15
625,78	1126,38
625,97	1183,73
626,16	1183,73
626,35	1171,44
626,54	1169,39
626,74	1185,77
626,93	1222,64
627,12	1212,40
627,31	1253,36
627,50	1148,91
627,69	1187,82
627,88	1173,49
628,07	1171,44
628,26	1232,88
628,45	1286,12
628,64	1357,80
628,83	1265,64
629,02	1339,37
629,21	1169,39
629,40	1241,07
629,59	1165,29
629,78	1216,49
629,97	1191,92
630,16	1165,29
630,35	1216,49
630,54	1124,33
630,73	1118,19
630,92	1198,06
631,11	1259,50
631,30	1314,80
631,49	1499,11
631,68	1761,25
631,87	3964,87
632,06	15343,38
632,25	44981,59
632,44	59581,55
632,63	61027,42
632,82	38942,13
633,01	19793,62
633,20	5674,92
633,39	6045,60
633,58	2789,33
633,77	2230,24
633,96	1730,53
634,15	1509,35
634,34	1558,50
634,53	1497,07
634,72	1439,72
634,91	1464,30
635,10	1255,40
635,29	1269,74
635,48	1322,99
635,67	1218,54
635,86	1236,97
636,05	1163,25
636,24	1179,63
636,43	1185,77
636,62	1206,25
636,81	1263,60
637,00	1222,64
637,19	1230,83
637,38	1140,72
637,57	1179,63
637,76	1187,82
637,95	1150,96
638,14	1224,69
638,33	1157,10
638,52	1169,39
638,71	1140,72
638,89	1185,77
639,08	1191,92
639,27	1124,33
639,46	1212,40
639,65	1187,82
639,84	1189,87
640,03	1159,15
640,22	1114,10
640,41	1220,59
640,60	1253,36
640,79	1187,82
640,98	1198,06
641,17	1173,49
641,36	1202,16
641,55	1167,34
641,74	1159,15
641,92	1165,29
642,11	1169,39
642,30	1222,64
642,49	1216,49
642,68	1189,87
642,87	1191,92
643,06	1196,01
643,25	1183,73
643,44	1157,10
643,63	1173,49
643,82	1155,05
644,00	1153,01
644,19	1142,77
644,38	1210,35
644,57	1191,92
644,76	1159,15
644,95	1196,01
645,14	1153,01
645,33	1177,58
645,52	1150,96
645,71	1163,25
645,89	1132,53
646,08	1247,21
646,27	1136,62
646,46	1230,83
646,65	1173,49
646,84	1273,84
647,03	1200,11
647,22	1167,34
647,40	1196,01
647,59	1103,86
647,78	1187,82
647,97	1118,19
648,16	1259,50
648,35	1206,25
648,54	1224,69
648,73	1099,76
648,91	1216,49
649,10	1224,69
649,29	1157,10
649,48	1193,97
649,67	1175,53
649,86	1159,15
650,05	1198,06
650,23	1161,20
650,42	1140,72
650,61	1142,77
650,80	1165,29
650,99	1159,15
651,18	1153,01
651,36	1130,48
651,55	1071,09
651,74	1216,49
651,93	1150,96
652,12	1185,77
652,31	1120,24
652,49	1218,54
652,68	1146,86
652,87	1245,16
653,06	1120,24
653,25	1214,45
653,44	1132,53
653,62	1198,06
653,81	1093,62
654,00	1155,05
654,19	1200,11
654,38	1232,88
654,56	1140,72
654,75	1189,87
654,94	1105,90
655,13	1206,25
655,32	1142,77
655,51	1167,34
655,69	1165,29
655,88	1255,40
656,07	1210,35
656,26	1142,77
656,45	1150,96
656,63	1234,93
656,82	1206,25
657,01	1130,48
657,20	1173,49
657,38	1112,05
657,57	1202,16
657,76	1208,30
657,95	1120,24
658,14	1210,35
658,32	1187,82
658,51	1165,29
658,70	1181,68
658,89	1212,40
659,08	1183,73
659,26	1138,67
659,45	1159,15
659,64	1220,59
659,83	1245,16
660,01	1173,49
660,20	1187,82
660,39	1175,53
660,58	1204,21
660,76	1273,84
660,95	1183,73
661,14	1193,97
661,33	1191,92
661,51	1198,06
661,70	1189,87
661,89	1228,78
662,08	1218,54
662,26	1216,49
662,45	1146,86
662,64	1148,91
662,83	1155,05
663,01	1138,67
663,20	1210,35
663,39	1171,44
663,58	1140,72
663,76	1206,25
663,95	1169,39
664,14	1161,20
664,32	1134,57
664,51	1173,49
664,70	1097,71
664,89	1130,48
665,07	1236,97
665,26	1173,49
665,45	1101,81
665,64	1167,34
665,82	1210,35
666,01	1169,39
666,20	1085,42
666,38	1204,21
666,57	1130,48
666,76	1228,78
666,95	1171,44
667,13	1222,64
667,32	1142,77
667,51	1210,35
667,69	1218,54
667,88	1255,40
668,07	1144,81
668,25	1173,49
668,44	1150,96
668,63	1175,53
668,81	1179,63
669,00	1085,42
669,19	1122,29
669,38	1181,68
669,56	1116,14
669,75	1181,68
669,94	1216,49
670,12	1208,30
670,31	1118,19
670,50	1171,44
670,68	1243,12
670,87	1173,49
671,06	1150,96
671,24	1185,77
671,43	1167,34
671,62	1208,30
671,80	1163,25
671,99	1173,49
672,18	1224,69
672,36	1198,06
672,55	1218,54
672,74	1173,49
672,92	1255,40
673,11	1216,49
673,29	1140,72
673,48	1159,15
673,67	1249,26
673,85	1116,14
674,04	1132,53
674,23	1171,44
674,41	1171,44
674,60	1204,21
674,79	1130,48
674,97	1253,36
675,16	1159,15
675,34	1208,30
675,53	1179,63
675,72	1173,49
675,90	1150,96
676,09	1150,96
676,28	1122,29
676,46	1255,40
676,65	1138,67
676,83	1239,02
677,02	1175,53
677,21	1214,45
677,39	1122,29
677,58	1159,15
677,77	1148,91
677,95	1132,53
678,14	1136,62
678,32	1234,93
678,51	1187,82
678,70	1183,73
678,88	1159,15
679,07	1144,81
679,25	1232,88
679,44	1177,58
679,63	1091,57
679,81	1122,29
680,00	1171,44
680,18	1177,58
680,37	1122,29
680,55	1187,82
680,74	1134,57
680,93	1132,53
681,11	1107,95
681,30	1101,81
681,48	1173,49
681,67	1091,57
681,85	1132,53
682,04	1185,77
682,23	1167,34
682,41	1200,11
682,60	1189,87
682,78	1155,05
682,97	1177,58
683,15	1187,82
683,34	1218,54
683,53	1140,72
683,71	1171,44
683,90	1112,05
684,08	1218,54
684,27	1161,20
684,45	1175,53
684,64	1130,48
684,82	1228,78
685,01	1150,96
685,19	1167,34
685,38	1243,12
685,57	1165,29
685,75	1208,30
685,94	1210,35
686,12	1169,39
686,31	1122,29
686,49	1185,77
686,68	1146,86
686,86	1140,72
687,05	1171,44
687,23	1107,95
687,42	1193,97
687,60	1183,73
687,79	1148,91
687,97	1189,87
688,16	1165,29
688,34	1191,92
688,53	1187,82
688,71	1142,77
688,90	1200,11
689,08	1150,96
689,27	1134,57
689,45	1138,67
689,64	1150,96
689,82	1120,24
690,01	1161,20
690,19	1148,91
690,38	1183,73
690,56	1187,82
690,75	1247,21
690,93	1157,10
691,12	1140,72
691,30	1167,34
691,49	1191,92
691,67	1159,15
691,86	1177,58
692,04	1161,20
692,23	1179,63
692,41	1155,05
692,60	1181,68
692,78	1165,29
692,97	1105,90
693,15	1263,60
693,34	1153,01
693,52	1222,64
693,71	1200,11
693,89	1189,87
694,08	1116,14
694,26	1114,10
694,44	1134,57
694,63	1228,78
694,81	1187,82
695,00	1220,59
695,18	1185,77
695,37	1167,34
695,55	1216,49
695,74	1234,93
695,92	1173,49
696,10	1144,81
696,29	1175,53
696,47	1179,63
696,66	1116,14
696,84	1239,02
697,03	1206,25
697,21	1200,11
697,40	1204,21
697,58	1198,06
697,76	1159,15
697,95	1171,44
698,13	1161,20
698,32	1177,58
698,50	1177,58
698,68	1157,10
698,87	1206,25
699,05	1159,15
699,24	1165,29
699,42	1234,93
699,61	1163,25
699,79	1200,11
699,97	1179,63
700,16	1185,77
700,34	1196,01
700,53	1142,77
700,71	1114,10
700,89	1198,06
701,08	1093,62
701,26	1124,33
701,45	1204,21
701,63	1173,49
701,81	1118,19
702,00	1165,29
702,18	1208,30
702,37	1173,49
702,55	1220,59
702,73	1253,36
702,92	1165,29
703,10	1171,44
703,28	1179,63
703,47	1150,96
703,65	1163,25
703,84	1126,38
704,02	1153,01
704,20	1177,58
704,39	1153,01
704,57	1210,35
704,75	1146,86
704,94	1140,72
705,12	1181,68
705,30	1185,77
705,49	1177,58
705,67	1202,16
705,86	1204,21
706,04	1138,67
706,22	1253,36
706,41	1277,93
706,59	1132,53
706,77	1169,39
706,96	1212,40
707,14	1171,44
707,32	1271,79
707,51	1169,39
707,69	1193,97
707,87	1193,97
708,06	1196,01
708,24	1249,26
708,42	1189,87
708,61	1169,39
708,79	1187,82
708,97	1191,92
709,16	1140,72
709,34	1210,35
709,52	1150,96
709,71	1169,39
709,89	1120,24
710,07	1226,73
710,26	1155,05
710,44	1132,53
710,62	1140,72
710,80	1173,49
710,99	1179,63
711,17	1187,82
711,35	1175,53
711,54	1128,43
711,72	1220,59
711,90	1185,77
712,09	1210,35
712,27	1208,30
712,45	1148,91
712,63	1183,73
712,82	1093,62
713,00	1134,57
713,18	1136,62
713,37	1175,53
713,55	1159,15
713,73	1159,15
713,91	1196,01
714,10	1167,34
714,28	1056,75
714,46	1124,33
714,65	1185,77
714,83	1171,44
715,01	1212,40
715,19	1181,68
715,38	1189,87
715,56	1146,86
715,74	1232,88
715,92	1150,96
716,11	1144,81
716,29	1187,82
716,47	1146,86
716,65	1208,30
716,84	1142,77
717,02	1210,35
717,20	1155,05
717,38	1155,05
717,57	1159,15
717,75	1093,62
717,93	1200,11
718,11	1157,10
718,30	1183,73
718,48	1150,96
718,66	1187,82
718,84	1239,02
719,03	1126,38
719,21	1212,40
719,39	1142,77
719,57	1200,11
719,75	1181,68
719,94	1128,43
720,12	1189,87
720,30	1140,72
720,48	1193,97
720,67	1198,06
720,85	1220,59
721,03	1167,34
721,21	1179,63
721,39	1159,15
721,58	1198,06
721,76	1183,73
721,94	1181,68
722,12	1173,49
722,30	1165,29
722,49	1140,72
722,67	1148,91
722,85	1118,19
723,03	1191,92
723,21	1247,21
723,40	1241,07
723,58	1196,01
723,76	1134,57
723,94	1110,00
724,12	1230,83
724,30	1232,88
724,49	1167,34
724,67	1189,87
724,85	1138,67
725,03	1189,87
725,21	1214,45
725,40	1163,25
725,58	1198,06
725,76	1185,77
725,94	1099,76
726,12	1167,34
726,30	1222,64
726,49	1128,43
726,67	1181,68
726,85	1267,69
727,03	1181,68
727,21	1169,39
727,39	1130,48
727,57	1095,66
727,76	1103,86
727,94	1216,49
728,12	1138,67
728,30	1212,40
728,48	1177,58
728,66	1167,34
728,84	1179,63
729,03	1150,96
729,21	1134,57
729,39	1161,20
729,57	1157,10
729,75	1110,00
729,93	1185,77
730,11	1200,11
730,30	1234,93
730,48	1159,15
730,66	1148,91
730,84	1177,58
731,02	1187,82
731,20	1163,25
731,38	1153,01
731,56	1101,81
731,74	1155,05
731,93	1232,88
732,11	1196,01
732,29	1161,20
732,47	1144,81
732,65	1220,59
732,83	1202,16
733,01	1183,73
733,19	1169,39
733,37	1243,12
733,56	1150,96
733,74	1171,44
733,92	1210,35
734,10	1085,42
734,28	1196,01
734,46	1169,39
734,64	1177,58
734,82	1175,53
735,00	1198,06
735,18	1157,10
735,36	1167,34
735,54	1173,49
735,73	1177,58
735,91	1222,64
736,09	1148,91
736,27	1136,62
736,45	1140,72
736,63	1175,53
736,81	1175,53
736,99	1136,62
737,17	1128,43
737,35	1107,95
737,53	1179,63
737,71	1198,06
737,89	1136,62
738,07	1134,57
738,25	1208,30
738,43	1193,97
738,61	1126,38
738,80	1159,15
738,98	1163,25
739,16	1200,11
739,34	1140,72
739,52	1171,44
739,70	1146,86
739,88	1167,34
740,06	1148,91
740,24	1202,16
740,42	1157,10
740,60	1142,77
740,78	1236,97
740,96	1173,49
741,14	1200,11
741,32	1202,16
741,50	1220,59
741,68	1122,29
741,86	1196,01
742,04	1224,69
742,22	1220,59
742,40	1177,58
742,58	1198,06
742,76	1150,96
742,94	1165,29
743,12	1210,35
743,30	1120,24
743,48	1134,57
743,66	1161,20
743,84	1269,74
744,02	1267,69
744,20	1183,73
744,38	1167,34
744,56	1216,49
744,74	1144,81
744,92	1159,15
745,10	1175,53
745,28	1220,59
745,46	1163,25
745,64	1140,72
745,82	1224,69
746,00	1128,43
746,18	1214,45
746,36	1150,96
746,54	1150,96
746,72	1189,87
746,90	1208,30
747,08	1173,49
747,26	1236,97
747,44	1185,77
747,62	1187,82
747,80	1189,87
747,98	1175,53
748,15	1222,64
748,33	1120,24
748,51	1198,06
748,69	1189,87
748,87	1220,59
749,05	1146,86
749,23	1157,10
749,41	1142,77
749,59	1150,96
749,77	1134,57
749,95	1161,20
750,13	1198,06
750,31	1206,25
750,49	1189,87
750,67	1239,02
750,85	1259,50
751,03	1150,96
751,20	1234,93
751,38	1155,05
751,56	1159,15
751,74	1187,82
751,92	1202,16
752,10	1175,53
752,28	1118,19
752,46	1183,73
752,64	1187,82
752,82	1165,29
753,00	1126,38
753,18	1228,78
753,35	1138,67
753,53	1236,97
753,71	1155,05
753,89	1163,25
754,07	1204,21
754,25	1185,77
754,43	1222,64
754,61	1212,40
754,79	1179,63
754,97	1165,29
755,14	1169,39
755,32	1175,53
755,50	1140,72
755,68	1183,73
755,86	1118,19
756,04	1210,35
756,22	1181,68
756,40	1232,88
756,57	1122,29
756,75	1198,06
756,93	1175,53
757,11	1183,73
757,29	1251,31
757,47	1110,00
757,65	1128,43
757,82	1130,48
758,00	1099,76
758,18	1179,63
758,36	1138,67
758,54	1200,11
758,72	1196,01
758,90	1165,29
759,07	1107,95
759,25	1171,44
759,43	1187,82
759,61	1110,00
759,79	1198,06
759,97	1146,86
760,15	1142,77
760,32	1112,05
760,50	1202,16
760,68	1165,29
760,86	1159,15
761,04	1183,73
761,22	1181,68
761,39	1130,48
761,57	1146,86
761,75	1173,49
761,93	1261,55
762,11	1183,73
762,28	1210,35
762,46	1175,53
762,64	1185,77
762,82	1163,25
763,00	1185,77
763,18	1128,43
763,35	1144,81
763,53	1175,53
763,71	1150,96
763,89	1216,49
764,07	1191,92
764,24	1138,67
764,42	1142,77
764,60	1169,39
764,78	1198,06
764,96	1150,96
765,13	1146,86
765,31	1097,71
765,49	1210,35
765,67	1196,01
765,84	1110,00
766,02	1202,16
766,20	1165,29
766,38	1216,49
766,56	1183,73
766,73	1142,77
766,91	1159,15
767,09	1196,01
767,27	1187,82
767,44	1196,01
767,62	1107,95
767,80	1173,49
767,98	1136,62
768,15	1187,82
768,33	1134,57
768,51	1200,11
768,69	1245,16
768,87	1204,21
769,04	1167,34
769,22	1167,34
769,40	1185,77
769,58	1265,64
769,75	1122,29
769,93	1171,44
770,11	1212,40
770,28	1130,48
770,46	1226,73
770,64	1212,40
770,82	1202,16
770,99	1175,53
771,17	1144,81
771,35	1228,78
771,53	1130,48
771,70	1167,34
771,88	1087,47
772,06	1185,77
772,23	1169,39
772,41	1181,68
772,59	1214,45
772,77	1175,53
772,94	1146,86
773,12	1214,45
773,30	1146,86
773,47	1191,92
773,65	1165,29
773,83	1204,21
774,01	1142,77
774,18	1181,68
774,36	1226,73
774,54	1171,44
774,71	1085,42
774,89	1148,91
775,07	1126,38
775,24	1132,53
775,42	1161,20
775,60	1165,29
775,78	1179,63
775,95	1122,29
776,13	1122,29
776,31	1232,88
776,48	1040,37
776,66	1155,05
776,84	1167,34
777,01	1142,77
777,19	1157,10
777,37	1161,20
777,54	1239,02
777,72	1146,86
777,90	1181,68
778,07	1198,06
778,25	1126,38
778,43	1124,33
778,60	1177,58
778,78	1181,68
778,96	1232,88
779,13	1118,19
779,31	1214,45
779,49	1134,57
779,66	1153,01
779,84	1189,87
780,01	1222,64
780,19	1165,29
780,37	1200,11
780,54	1116,14
780,72	1097,71
780,90	1191,92
781,07	1189,87
781,25	1118,19
781,43	1208,30
781,60	1261,55
781,78	1107,95
781,95	1134,57
782,13	1134,57
782,31	1056,75
782,48	1140,72
782,66	1196,01
782,83	1214,45
783,01	1179,63
783,19	1163,25
783,36	1138,67
783,54	1161,20
783,72	1163,25
783,89	1085,42
784,07	1230,83
784,24	1200,11
784,42	1165,29
784,60	1126,38
784,77	1226,73
784,95	1198,06
785,12	1146,86
785,30	1150,96
785,47	1075,18
785,65	1224,69
785,83	1236,97
786,00	1171,44
786,18	1118,19
786,35	1171,44
786,53	1169,39
786,71	1146,86
786,88	1216,49
787,06	1116,14
787,23	1269,74
787,41	1187,82
787,58	1134,57
787,76	1167,34
787,94	1150,96
788,11	1148,91
788,29	1200,11
788,46	1191,92
788,64	1187,82
788,81	1157,10
788,99	1155,05
789,16	1159,15
789,34	1150,96
789,52	1177,58
789,69	1118,19
789,87	1228,78
790,04	1232,88
790,22	1200,11
790,39	1208,30
790,57	1120,24
790,74	1230,83
790,92	1138,67
791,09	1161,20
791,27	1206,25
791,44	1079,28
791,62	1181,68
791,79	1167,34
791,97	1222,64
792,15	1157,10
792,32	1171,44
792,50	1155,05
792,67	1208,30
792,85	1175,53
793,02	1196,01
793,20	1198,06
793,37	1081,33
793,55	1150,96
793,72	1153,01
793,90	1087,47
794,07	1155,05
794,25	1165,29
794,42	1239,02
794,60	1144,81
794,77	1202,16
794,95	1155,05
795,12	1155,05
795,30	1175,53
795,47	1120,24
795,65	1214,45
795,82	1212,40
796,00	1128,43
796,17	1140,72
796,34	1153,01
796,52	1153,01
796,69	1206,25
796,87	1191,92
797,04	1130,48
797,22	1153,01
797,39	1239,02
797,57	1196,01
797,74	1126,38
797,92	1142,77
798,09	1171,44
798,27	1122,29
798,44	1214,45
798,62	1144,81
798,79	1177,58
798,96	1165,29
799,14	1191,92
799,31	1198,06
799,49	1181,68
799,66	1175,53
799,84	1171,44
800,01	1159,15
800,19	1202,16
800,36	1132,53
800,53	1210,35
800,71	1253,36
800,88	1122,29
801,06	1128,43
801,23	1150,96
801,41	1114,10
801,58	1153,01
801,75	1161,20
801,93	1245,16
802,10	1150,96
802,28	1153,01
802,45	1124,33
802,63	1146,86
802,80	1138,67
802,97	1220,59
803,15	1210,35
803,32	1206,25
803,50	1208,30
803,67	1191,92
803,84	1267,69
804,02	1191,92
804,19	1187,82
804,37	1138,67
804,54	1177,58
804,71	1171,44
804,89	1099,76
805,06	1183,73
805,24	1101,81
805,41	1185,77
805,58	1187,82
805,76	1169,39
805,93	1177,58
806,10	1187,82
806,28	1142,77
806,45	1157,10
806,63	1222,64
806,80	1167,34
806,97	1218,54
807,15	1142,77
807,32	1189,87
807,49	1128,43
807,67	1118,19
807,84	1222,64
808,01	1189,87
808,19	1175,53
808,36	1200,11
808,54	1155,05
808,71	1153,01
808,88	1198,06
809,06	1210,35
809,23	1153,01
809,40	1196,01
809,58	1128,43
809,75	1204,21
809,92	1157,10
810,10	1175,53
810,27	1171,44
810,44	1173,49
810,62	1159,15
810,79	1196,01
810,96	1257,45
811,14	1146,86
811,31	1161,20
811,48	1179,63
811,66	1148,91
811,83	1224,69
812,00	1208,30
812,18	1216,49
812,35	1216,49
812,52	1155,05
812,69	1187,82
812,87	1277,93
813,04	1159,15
813,21	1208,30
813,39	1288,17
813,56	1171,44
813,73	1271,79
813,91	1163,25
814,08	1136,62
814,25	1185,77
814,42	1114,10
814,60	1114,10
814,77	1122,29
814,94	1148,91
815,12	1134,57
815,29	1095,66
815,46	1179,63
815,63	1175,53
815,81	1193,97
815,98	1167,34
816,15	1204,21
816,33	1200,11
816,50	1165,29
816,67	1181,68
816,84	1185,77
817,02	1140,72
817,19	1210,35
817,36	1183,73
817,53	1150,96
817,71	1181,68
817,88	1177,58
818,05	1128,43
818,22	1130,48
818,40	1110,00
818,57	1161,20
818,74	1185,77
818,91	1177,58
819,09	1150,96
819,26	1124,33
819,43	1191,92
819,60	1196,01
819,78	1161,20
819,95	1204,21
820,12	1277,93
820,29	1175,53
820,47	1171,44
820,64	1198,06
820,81	1208,30
820,98	1181,68
821,15	1196,01
821,33	1140,72
821,50	1126,38
821,67	1173,49
821,84	1218,54
822,02	1148,91
822,19	1183,73
822,36	1165,29
822,53	1161,20
822,70	1200,11
822,88	1116,14
823,05	1189,87
823,22	1185,77
823,39	1150,96
823,56	1241,07
823,74	1193,97
823,91	1155,05
824,08	1110,00
824,25	1204,21
824,42	1157,10
824,60	1232,88
824,77	1179,63
824,94	1120,24
825,11	1167,34
825,28	1134,57
825,45	1210,35
825,63	1116,14
825,80	1253,36
825,97	1136,62
826,14	1165,29
826,31	1155,05
826,48	1206,25
826,66	1185,77
826,83	1187,82
827,00	1183,73
827,17	1089,52
827,34	1159,15
827,51	1144,81
827,69	1185,77
827,86	1220,59
828,03	1167,34
828,20	1159,15
828,37	1196,01
828,54	1224,69
828,71	1271,79
828,89	1136,62
829,06	1155,05
829,23	1103,86
829,40	1159,15
829,57	1161,20
829,74	1175,53
829,91	1216,49
830,09	1150,96
830,26	1169,39
830,43	1146,86
830,60	1155,05
830,77	1204,21
830,94	1249,26
831,11	1112,05
831,28	1200,11
831,46	1198,06
831,63	1122,29
831,80	1153,01
831,97	1114,10
832,14	1189,87
832,31	1173,49
832,48	1185,77
832,65	1206,25
832,82	1181,68
832,99	1277,93
833,17	1165,29
833,34	1179,63
833,51	1124,33
833,68	1097,71
833,85	1114,10
834,02	1130,48
834,19	1081,33
834,36	1142,77
834,53	1185,77
834,70	1191,92
834,87	1153,01
835,04	1083,38
835,22	1142,77
835,39	1144,81
835,56	1179,63
835,73	1200,11
835,90	1144,81
836,07	1204,21
836,24	1183,73
836,41	1134,57
836,58	1155,05
836,75	1122,29
836,92	1202,16
837,09	1161,20
837,26	1202,16
837,43	1132,53
837,60	1191,92
837,77	1163,25
837,94	1189,87
838,12	1138,67
838,29	1148,91
838,46	1173,49
838,63	1093,62
838,80	1175,53
838,97	1130,48
839,14	1200,11
839,31	1130,48
839,48	1148,91
839,65	1177,58
839,82	1122,29
839,99	1181,68
840,16	1191,92
840,33	1191,92
840,50	1212,40
840,67	1159,15
840,84	1171,44
841,01	1191,92
841,18	1185,77
841,35	1132,53
841,52	1148,91
841,69	1089,52
841,86	1267,69
842,03	1191,92
842,20	1169,39
842,37	1196,01
842,54	1200,11
842,71	1066,99
842,88	1206,25
843,05	1132,53
843,22	1212,40
843,39	1146,86
843,56	1130,48
843,73	1089,52
843,90	1196,01
844,07	1144,81
844,24	1198,06
844,41	1200,11
844,58	1200,11
844,75	1202,16
844,92	1175,53
845,09	1191,92
845,26	1249,26
845,43	1181,68
845,60	1101,81
845,77	1144,81
845,94	1167,34
846,10	1159,15
846,27	1150,96
846,44	1171,44
846,61	1236,97
846,78	1159,15
846,95	1177,58
847,12	1122,29
847,29	1157,10
847,46	1210,35
847,63	1181,68
847,80	1157,10
847,97	1142,77
848,14	1089,52
848,31	1136,62
848,48	1122,29
848,65	1175,53
848,82	1124,33
848,98	1193,97
849,15	1236,97
849,32	1234,93
849,49	1177,58
849,66	1140,72
849,83	1236,97
850,00	1150,96
850,17	1187,82
850,34	1183,73
850,51	1179,63
850,68	1155,05
850,85	1202,16
851,01	1107,95
851,18	1148,91
851,35	1099,76
851,52	1175,53
851,69	1155,05
851,86	1251,31
852,03	1187,82
852,20	1212,40
852,37	1159,15
852,53	1245,16
852,70	1181,68
852,87	1216,49
853,04	1136,62
853,21	1130,48
853,38	1153,01
853,55	1173,49
853,72	1167,34
853,89	1101,81
854,05	1181,68
854,22	1150,96
854,39	1236,97
854,56	1204,21
854,73	1179,63
854,90	1218,54
855,07	1157,10
855,23	1181,68
855,40	1212,40
855,57	1142,77
855,74	1134,57
855,91	1146,86
856,08	1138,67
856,25	1167,34
856,41	1204,21
856,58	1144,81
856,75	1200,11
856,92	1196,01
857,09	1198,06
857,26	1091,57
857,42	1167,34
857,59	1191,92
857,76	1091,57
857,93	1177,58
858,10	1142,77
858,27	1165,29
858,43	1183,73
858,60	1163,25
858,77	1163,25
858,94	1134,57
859,11	1189,87
859,27	1187,82
859,44	1132,53
859,61	1118,19
859,78	1132,53
859,95	1179,63
860,12	1167,34
860,28	1126,38
860,45	1150,96
860,62	1130,48
860,79	1159,15
860,95	1163,25
861,12	1175,53
861,29	1241,07
861,46	1165,29
861,63	1177,58
861,79	1191,92
861,96	1122,29
862,13	1116,14
862,30	1138,67
862,47	1183,73
862,63	1126,38
862,80	1165,29
862,97	1138,67
863,14	1167,34
863,30	1204,21
863,47	1181,68
863,64	1118,19
863,81	1269,74
863,97	1155,05
864,14	1177,58
864,31	1155,05
864,48	1150,96
864,65	1144,81
864,81	1193,97
864,98	1142,77
865,15	1200,11
865,32	1142,77
865,48	1161,20
865,65	1163,25
865,82	1150,96
865,98	1097,71
866,15	1196,01
866,32	1150,96
866,49	1148,91
866,65	1191,92
866,82	1210,35
866,99	1196,01
867,16	1193,97
867,32	1218,54
867,49	1183,73
867,66	1110,00
867,83	1120,24
867,99	1146,86
868,16	1214,45
868,33	1230,83
868,49	1157,10
868,66	1130,48
868,83	1126,38
868,99	1224,69
869,16	1085,42
869,33	1173,49
869,50	1163,25
869,66	1138,67
869,83	1181,68
870,00	1155,05
870,16	1083,38
870,33	1185,77
870,50	1228,78
870,66	1232,88
870,83	1159,15
871,00	1193,97
871,17	1232,88
871,33	1114,10
871,50	1093,62
871,67	1218,54
871,83	1183,73
872,00	1222,64
872,17	1155,05
872,33	1153,01
872,50	1146,86
872,67	1153,01
872,83	1163,25
873,00	1165,29
873,17	1200,11
873,33	1148,91
873,50	1148,91
873,67	1167,34
873,83	1175,53
874,00	1208,30
874,16	1284,08
874,33	1081,33
874,50	1222,64
874,66	1269,74
874,83	1136,62
875,00	1226,73
875,16	1212,40
875,33	1101,81
875,50	1173,49
875,66	1251,31
875,83	1222,64
875,99	1136,62
876,16	1146,86
876,33	1130,48
876,49	1169,39
876,66	1150,96
876,83	1187,82
876,99	1146,86
877,16	1163,25
877,32	1161,20
877,49	1189,87
877,66	1165,29
877,82	1245,16
877,99	1155,05
878,15	1204,21
878,32	1093,62
878,49	1173,49
878,65	1212,40
878,82	1189,87
878,98	1193,97
879,15	1185,77
879,32	1136,62
879,48	1206,25
879,65	1157,10
879,81	1153,01
879,98	1150,96
880,15	1206,25
880,31	1163,25
880,48	1161,20
880,64	1112,05
880,81	1150,96
880,97	1161,20
881,14	1146,86
881,31	1142,77
881,47	1155,05
881,64	1146,86
881,80	1167,34
881,97	1191,92
882,13	1191,92
882,30	1226,73
882,47	1232,88
882,63	1204,21
882,80	1181,68
882,96	1255,40
883,13	1114,10
883,29	1191,92
883,46	1241,07
883,62	1103,86
883,79	1167,34
883,95	1146,86
884,12	1249,26
884,29	1150,96
884,45	1193,97
884,62	1124,33
884,78	1153,01
884,95	1169,39
885,11	1144,81
885,28	1118,19
885,44	1208,30
885,61	1206,25
885,77	1161,20
885,94	1179,63
886,10	1165,29
886,27	1157,10
886,43	1224,69
886,60	1150,96
886,76	1157,10
886,93	1183,73
887,09	1165,29
887,26	1114,10
887,42	1165,29
887,59	1196,01
887,75	1167,34
887,92	1187,82
888,08	1191,92
888,25	1122,29
888,41	1218,54
888,58	1193,97
888,74	1224,69
888,91	1179,63
