177,47	1226,73
177,69	1226,73
177,91	1226,73
178,13	1128,43
178,36	1126,38
178,58	1173,49
178,80	1153,01
179,02	1210,35
179,24	1191,92
179,46	1171,44
179,68	1247,21
179,90	1183,73
180,13	1208,30
180,35	1161,20
180,57	1202,16
180,79	1210,35
181,01	1148,91
181,23	1234,93
181,45	1179,63
181,67	1204,21
181,90	1177,58
182,12	1173,49
182,34	1105,90
182,56	1212,40
182,78	1181,68
183,00	1183,73
183,22	1142,77
183,44	1191,92
183,66	1236,97
183,89	1159,15
184,11	1185,77
184,33	1181,68
184,55	1095,66
184,77	1173,49
184,99	1243,12
185,21	1214,45
185,43	1175,53
185,65	1273,84
185,87	1173,49
186,10	1236,97
186,32	1181,68
186,54	1126,38
186,76	1146,86
186,98	1185,77
187,20	1206,25
187,42	1146,86
187,64	1196,01
187,86	1212,40
188,08	1232,88
188,30	1187,82
188,52	1228,78
188,75	1230,83
188,97	1173,49
189,19	1185,77
189,41	1155,05
189,63	1165,29
189,85	1202,16
190,07	1185,77
190,29	1175,53
190,51	1216,49
190,73	1140,72
190,95	1183,73
191,17	1167,34
191,39	1177,58
191,61	1148,91
191,84	1171,44
192,06	1232,88
192,28	1183,73
192,50	1122,29
192,72	1144,81
192,94	1146,86
193,16	1150,96
193,38	1228,78
193,60	1187,82
193,82	1187,82
194,04	1191,92
194,26	1126,38
194,48	1183,73
194,70	1167,34
194,92	1114,10
195,14	1130,48
195,36	1208,30
195,58	1159,15
195,80	1116,14
196,02	1206,25
196,24	1208,30
196,46	1118,19
196,69	1153,01
196,91	1185,77
197,13	1204,21
197,35	1105,90
197,57	1198,06
197,79	1191,92
198,01	1153,01
198,23	1173,49
198,45	1177,58
198,67	1181,68
198,89	1247,21
199,11	1255,40
199,33	1148,91
199,55	1163,25
199,77	1230,83
199,99	1118,19
200,21	1159,15
200,43	1150,96
200,65	1132,53
200,87	1196,01
201,09	1177,58
201,31	1191,92
201,53	1284,08
201,75	1159,15
201,97	1175,53
202,19	1222,64
202,41	1222,64
202,63	1243,12
202,85	1234,93
203,07	1163,25
203,29	1142,77
203,51	1144,81
203,73	1206,25
203,95	1196,01
204,17	1136,62
204,39	1228,78
204,61	1210,35
204,83	1214,45
205,05	1251,31
205,27	1216,49
205,49	1169,39
205,71	1171,44
205,93	1163,25
206,15	1212,40
206,37	1200,11
206,59	1173,49
206,81	1181,68
207,03	1150,96
207,25	1128,43
207,47	1234,93
207,69	1196,01
207,91	1214,45
208,13	1210,35
208,34	1155,05
208,56	1189,87
208,78	1187,82
209,00	1193,97
209,22	1234,93
209,44	1191,92
209,66	1107,95
209,88	1173,49
210,10	1177,58
210,32	1116,14
210,54	1138,67
210,76	1107,95
210,98	1155,05
211,20	1136,62
211,42	1198,06
211,64	1191,92
211,86	1290,22
212,08	1208,30
212,30	1210,35
212,52	1243,12
212,74	1214,45
212,96	1224,69
213,17	1179,63
213,39	1220,59
213,61	1245,16
213,83	1165,29
214,05	1216,49
214,27	1191,92
214,49	1191,92
214,71	1130,48
214,93	1216,49
215,15	1191,92
215,37	1251,31
215,59	1206,25
215,81	1277,93
216,03	1081,33
216,24	1148,91
216,46	1153,01
216,68	1167,34
216,90	1187,82
217,12	1189,87
217,34	1181,68
217,56	1169,39
217,78	1150,96
218,00	1114,10
218,22	1171,44
218,44	1206,25
218,66	1179,63
218,87	1189,87
219,09	1165,29
219,31	1134,57
219,53	1134,57
219,75	1218,54
219,97	1202,16
220,19	1230,83
220,41	1236,97
220,63	1169,39
220,85	1234,93
221,06	1212,40
221,28	1161,20
221,50	1142,77
221,72	1193,97
221,94	1239,02
222,16	1216,49
222,38	1193,97
222,60	1167,34
222,82	1159,15
223,03	1210,35
223,25	1122,29
223,47	1206,25
223,69	1148,91
223,91	1239,02
224,13	1220,59
224,35	1191,92
224,57	1234,93
224,78	1271,79
225,00	1165,29
225,22	1130,48
225,44	1130,48
225,66	1204,21
225,88	1228,78
226,10	1128,43
226,32	1220,59
226,53	1138,67
226,75	1216,49
226,97	1185,77
227,19	1206,25
227,41	1093,62
227,63	1173,49
227,85	1177,58
228,06	1191,92
228,28	1138,67
228,50	1200,11
228,72	1114,10
228,94	1161,20
229,16	1110,00
229,37	1165,29
229,59	1163,25
229,81	1224,69
230,03	1081,33
230,25	1175,53
230,47	1214,45
230,69	1144,81
230,90	1155,05
231,12	1189,87
231,34	1169,39
231,56	1183,73
231,78	1193,97
232,00	1136,62
232,21	1157,10
232,43	1193,97
232,65	1153,01
232,87	1206,25
233,09	1193,97
233,30	1185,77
233,52	1202,16
233,74	1196,01
233,96	1159,15
234,18	1169,39
234,40	1177,58
234,61	1114,10
234,83	1218,54
235,05	1228,78
235,27	1122,29
235,49	1132,53
235,70	1167,34
235,92	1224,69
236,14	1169,39
236,36	1179,63
236,58	1236,97
236,79	1236,97
237,01	1161,20
237,23	1226,73
237,45	1124,33
237,67	1185,77
237,88	1189,87
238,10	1153,01
238,32	1202,16
238,54	1183,73
238,76	1181,68
238,97	1183,73
239,19	1140,72
239,41	1204,21
239,63	1175,53
239,85	1239,02
240,06	1177,58
240,28	1173,49
240,50	1202,16
240,72	1124,33
240,93	1189,87
241,15	1077,23
241,37	1202,16
241,59	1239,02
241,81	1220,59
242,02	1208,30
242,24	1112,05
242,46	1288,17
242,68	1175,53
242,89	1173,49
243,11	1228,78
243,33	1200,11
243,55	1222,64
243,76	1124,33
243,98	1138,67
244,20	1083,38
244,42	1214,45
244,64	1224,69
244,85	1183,73
245,07	1138,67
245,29	1265,64
245,51	1097,71
245,72	1202,16
245,94	1183,73
246,16	1173,49
246,38	1159,15
246,59	1169,39
246,81	1138,67
247,03	1132,53
247,24	1107,95
247,46	1193,97
247,68	1183,73
247,90	1140,72
248,11	1187,82
248,33	1224,69
248,55	1169,39
248,77	1142,77
248,98	1175,53
249,20	1142,77
249,42	1228,78
249,64	1146,86
249,85	1198,06
250,07	1071,09
250,29	1171,44
250,50	1263,60
250,72	1183,73
250,94	1171,44
251,16	1234,93
251,37	1165,29
251,59	1177,58
251,81	1155,05
252,02	1175,53
252,24	1210,35
252,46	1134,57
252,68	1183,73
252,89	1183,73
253,11	1191,92
253,33	1288,17
253,54	1228,78
253,76	1218,54
253,98	1079,28
254,20	1214,45
254,41	1208,30
254,63	1132,53
254,85	1212,40
255,06	1169,39
255,28	1193,97
255,50	1181,68
255,71	1157,10
255,93	1187,82
256,15	1249,26
256,36	1153,01
256,58	1159,15
256,80	1183,73
257,02	1173,49
257,23	1165,29
257,45	1200,11
257,67	1183,73
257,88	1169,39
258,10	1269,74
258,32	1126,38
258,53	1148,91
258,75	1214,45
258,97	1171,44
259,18	1163,25
259,40	1191,92
259,62	1241,07
259,83	1140,72
260,05	1161,20
260,27	1191,92
260,48	1183,73
260,70	1191,92
260,92	1226,73
261,13	1114,10
261,35	1183,73
261,57	1206,25
261,78	1089,52
262,00	1214,45
262,22	1191,92
262,43	1193,97
262,65	1157,10
262,86	1181,68
263,08	1218,54
263,30	1167,34
263,51	1212,40
263,73	1183,73
263,95	1218,54
264,16	1173,49
264,38	1290,22
264,60	1202,16
264,81	1214,45
265,03	1179,63
265,25	1216,49
265,46	1243,12
265,68	1175,53
265,89	1153,01
266,11	1200,11
266,33	1191,92
266,54	1116,14
266,76	1091,57
266,98	1134,57
267,19	1273,84
267,41	1218,54
267,62	1200,11
267,84	1181,68
268,06	1155,05
268,27	1204,21
268,49	1183,73
268,70	1142,77
268,92	1132,53
269,14	1249,26
269,35	1179,63
269,57	1204,21
269,79	1193,97
270,00	1163,25
270,22	1236,97
270,43	1130,48
270,65	1148,91
270,87	1142,77
271,08	1218,54
271,30	1187,82
271,51	1142,77
271,73	1114,10
271,95	1175,53
272,16	1116,14
272,38	1171,44
272,59	1148,91
272,81	1179,63
273,02	1167,34
273,24	1142,77
273,46	1157,10
273,67	1159,15
273,89	1179,63
274,10	1206,25
274,32	1206,25
274,54	1134,57
274,75	1196,01
274,97	1161,20
275,18	1175,53
275,40	1146,86
275,61	1142,77
275,83	1161,20
276,05	1177,58
276,26	1177,58
276,48	1196,01
276,69	1200,11
276,91	1257,45
277,12	1198,06
277,34	1189,87
277,55	1222,64
277,77	1144,81
277,99	1204,21
278,20	1140,72
278,42	1126,38
278,63	1206,25
278,85	1204,21
279,06	1187,82
279,28	1112,05
279,49	1247,21
279,71	1167,34
279,93	1193,97
280,14	1200,11
280,36	1163,25
280,57	1204,21
280,79	1159,15
281,00	1196,01
281,22	1257,45
281,43	1222,64
281,65	1202,16
281,86	1150,96
282,08	1118,19
282,29	1150,96
282,51	1142,77
282,73	1155,05
282,94	1255,40
283,16	1200,11
283,37	1122,29
283,59	1181,68
283,80	1183,73
284,02	1236,97
284,23	1265,64
284,45	1210,35
284,66	1196,01
284,88	1175,53
285,09	1165,29
285,31	1226,73
285,52	1210,35
285,74	1120,24
285,95	1101,81
286,17	1159,15
286,38	1208,30
286,60	1224,69
286,81	1142,77
287,03	1216,49
287,24	1157,10
287,46	1173,49
287,67	1153,01
287,89	1196,01
288,10	1261,55
288,32	1144,81
288,53	1144,81
288,75	1259,50
288,96	1144,81
289,18	1134,57
289,39	1181,68
289,61	1224,69
289,82	1150,96
290,04	1171,44
290,25	1183,73
290,47	1191,92
290,68	1150,96
290,90	1185,77
291,11	1202,16
291,33	1136,62
291,54	1200,11
291,76	1167,34
291,97	1089,52
292,18	1110,00
292,40	1220,59
292,61	1202,16
292,83	1177,58
293,04	1230,83
293,26	1236,97
293,47	1173,49
293,69	1198,06
293,90	1202,16
294,12	1175,53
294,33	1150,96
294,55	1189,87
294,76	1220,59
294,97	1132,53
295,19	1167,34
295,40	1191,92
295,62	1191,92
295,83	1159,15
296,05	1161,20
296,26	1177,58
296,48	1208,30
296,69	1120,24
296,90	1185,77
297,12	1167,34
297,33	1171,44
297,55	1171,44
297,76	1130,48
297,98	1236,97
298,19	1236,97
298,41	1185,77
298,62	1142,77
298,83	1191,92
299,05	1169,39
299,26	1239,02
299,48	1177,58
299,69	1247,21
299,90	1173,49
300,12	1163,25
300,33	1181,68
300,55	1210,35
300,76	1183,73
300,98	1196,01
301,19	1120,24
301,40	1142,77
301,62	1191,92
301,83	1175,53
302,05	1189,87
302,26	1181,68
302,47	1214,45
302,69	1214,45
302,90	1234,93
303,12	1191,92
303,33	1167,34
303,54	1185,77
303,76	1130,48
303,97	1204,21
304,19	1249,26
304,40	1206,25
304,61	1226,73
304,83	1169,39
305,04	1140,72
305,26	1142,77
305,47	1110,00
305,68	1142,77
305,90	1167,34
306,11	1177,58
306,33	1222,64
306,54	1198,06
306,75	1216,49
306,97	1191,92
307,18	1155,05
307,39	1183,73
307,61	1159,15
307,82	1126,38
308,04	1183,73
308,25	1167,34
308,46	1165,29
308,68	1126,38
308,89	1214,45
309,10	1204,21
309,32	1163,25
309,53	1155,05
309,74	1200,11
309,96	1167,34
310,17	1200,11
310,39	1167,34
310,60	1257,45
310,81	1208,30
311,03	1171,44
311,24	1187,82
311,45	1216,49
311,67	1155,05
311,88	1118,19
312,09	1140,72
312,31	1167,34
312,52	1249,26
312,73	1142,77
312,95	1202,16
313,16	1226,73
313,37	1128,43
313,59	1249,26
313,80	1226,73
314,01	1138,67
314,23	1206,25
314,44	1177,58
314,65	1173,49
314,87	1136,62
315,08	1161,20
315,29	1144,81
315,51	1257,45
315,72	1200,11
315,93	1126,38
316,15	1198,06
316,36	1183,73
316,57	1110,00
316,79	1134,57
317,00	1214,45
317,21	1177,58
317,43	1118,19
317,64	1198,06
317,85	1193,97
318,07	1187,82
318,28	1187,82
318,49	1114,10
318,70	1191,92
318,92	1157,10
319,13	1155,05
319,34	1136,62
319,56	1218,54
319,77	1167,34
319,98	1163,25
320,20	1218,54
320,41	1118,19
320,62	1189,87
320,83	1142,77
321,05	1249,26
321,26	1189,87
321,47	1198,06
321,69	1202,16
321,90	1245,16
322,11	1179,63
322,32	1169,39
322,54	1212,40
322,75	1167,34
322,96	1140,72
323,18	1187,82
323,39	1128,43
323,60	1191,92
323,81	1216,49
324,03	1216,49
324,24	1208,30
324,45	1200,11
324,66	1191,92
324,88	1208,30
325,09	1175,53
325,30	1208,30
325,52	1220,59
325,73	1210,35
325,94	1177,58
326,15	1222,64
326,37	1236,97
326,58	1210,35
326,79	1204,21
327,00	1101,81
327,22	1140,72
327,43	1175,53
327,64	1191,92
327,85	1228,78
328,07	1265,64
328,28	1167,34
328,49	1263,60
328,70	1169,39
328,92	1161,20
329,13	1224,69
329,34	1214,45
329,55	1150,96
329,76	1257,45
329,98	1202,16
330,19	1212,40
330,40	1177,58
330,61	1140,72
330,83	1148,91
331,04	1232,88
331,25	1130,48
331,46	1167,34
331,68	1183,73
331,89	1261,55
332,10	1132,53
332,31	1284,08
332,52	1210,35
332,74	1210,35
332,95	1191,92
333,16	1181,68
333,37	1157,10
333,58	1157,10
333,80	1183,73
334,01	1193,97
334,22	1181,68
334,43	1230,83
334,64	1267,69
334,86	1206,25
335,07	1071,09
335,28	1193,97
335,49	1173,49
335,70	1087,47
335,92	1171,44
336,13	1075,18
336,34	1167,34
336,55	1163,25
336,76	1187,82
336,98	1179,63
337,19	1165,29
337,40	1179,63
337,61	1187,82
337,82	1204,21
338,04	1202,16
338,25	1200,11
338,46	1142,77
338,67	1193,97
338,88	1132,53
339,09	1177,58
339,31	1161,20
339,52	1179,63
339,73	1052,66
339,94	1159,15
340,15	1175,53
340,36	1146,86
340,58	1140,72
340,79	1234,93
341,00	1222,64
341,21	1138,67
341,42	1110,00
341,63	1189,87
341,85	1150,96
342,06	1241,07
342,27	1200,11
342,48	1202,16
342,69	1087,47
342,90	1200,11
343,12	1161,20
343,33	1171,44
343,54	1167,34
343,75	1169,39
343,96	1142,77
344,17	1228,78
344,38	1134,57
344,60	1216,49
344,81	1198,06
345,02	1251,31
345,23	1175,53
345,44	1116,14
345,65	1161,20
345,86	1191,92
346,07	1185,77
346,29	1239,02
346,50	1189,87
346,71	1206,25
346,92	1212,40
347,13	1214,45
347,34	1138,67
347,55	1138,67
347,76	1132,53
347,98	1089,52
348,19	1204,21
348,40	1163,25
348,61	1134,57
348,82	1165,29
349,03	1232,88
349,24	1183,73
349,45	1159,15
349,66	1159,15
349,88	1159,15
350,09	1173,49
350,30	1148,91
350,51	1140,72
350,72	1153,01
350,93	1159,15
351,14	1185,77
351,35	1204,21
351,56	1130,48
351,77	1150,96
351,99	1165,29
352,20	1165,29
352,41	1212,40
352,62	1167,34
352,83	1198,06
353,04	1167,34
353,25	1144,81
353,46	1247,21
353,67	1216,49
353,88	1140,72
354,09	1183,73
354,30	1183,73
354,52	1130,48
354,73	1206,25
354,94	1101,81
355,15	1193,97
355,36	1212,40
355,57	1163,25
355,78	1175,53
355,99	1142,77
356,20	1191,92
356,41	1181,68
356,62	1181,68
356,83	1134,57
357,04	1124,33
357,25	1155,05
357,46	1191,92
357,68	1239,02
357,89	1183,73
358,10	1171,44
358,31	1218,54
358,52	1171,44
358,73	1185,77
358,94	1193,97
359,15	1181,68
359,36	1093,62
359,57	1220,59
359,78	1193,97
359,99	1206,25
360,20	1200,11
360,41	1177,58
360,62	1239,02
360,83	1110,00
361,04	1208,30
361,25	1189,87
361,46	1161,20
361,67	1150,96
361,88	1167,34
362,09	1165,29
362,30	1193,97
362,51	1185,77
362,72	1232,88
362,93	1150,96
363,14	1208,30
363,35	1146,86
363,56	1200,11
363,78	1175,53
363,99	1171,44
364,20	1173,49
364,41	1230,83
364,62	1116,14
364,83	1193,97
365,04	1191,92
365,25	1218,54
365,46	1189,87
365,67	1122,29
365,88	1183,73
366,09	1179,63
366,30	1167,34
366,51	1142,77
366,72	1159,15
366,93	1206,25
367,14	1126,38
367,35	1183,73
367,56	1132,53
367,77	1204,21
367,98	1148,91
368,18	1198,06
368,39	1159,15
368,60	1265,64
368,81	1185,77
369,02	1224,69
369,23	1173,49
369,44	1202,16
369,65	1157,10
369,86	1196,01
370,07	1128,43
370,28	1210,35
370,49	1224,69
370,70	1181,68
370,91	1148,91
371,12	1165,29
371,33	1167,34
371,54	1212,40
371,75	1230,83
371,96	1183,73
372,17	1232,88
372,38	1165,29
372,59	1146,86
372,80	1224,69
373,01	1222,64
373,22	1206,25
373,43	1171,44
373,64	1185,77
373,85	1144,81
374,06	1169,39
374,26	1220,59
374,47	1134,57
374,68	1169,39
374,89	1167,34
375,10	1185,77
375,31	1187,82
375,52	1130,48
375,73	1169,39
375,94	1175,53
376,15	1171,44
376,36	1177,58
376,57	1165,29
376,78	1077,23
376,99	1189,87
377,20	1208,30
377,40	1263,60
377,61	1167,34
377,82	1169,39
378,03	1179,63
378,24	1220,59
378,45	1163,25
378,66	1165,29
378,87	1198,06
379,08	1245,16
379,29	1177,58
379,50	1189,87
379,71	1157,10
379,91	1189,87
380,12	1236,97
380,33	1140,72
380,54	1107,95
380,75	1171,44
380,96	1134,57
381,17	1216,49
381,38	1183,73
381,59	1220,59
381,80	1189,87
382,00	1155,05
382,21	1212,40
382,42	1183,73
382,63	1191,92
382,84	1179,63
383,05	1159,15
383,26	1150,96
383,47	1208,30
383,68	1157,10
383,88	1224,69
384,09	1120,24
384,30	1226,73
384,51	1167,34
384,72	1187,82
384,93	1185,77
385,14	1187,82
385,35	1218,54
385,55	1191,92
385,76	1177,58
385,97	1153,01
386,18	1243,12
386,39	1177,58
386,60	1228,78
386,81	1198,06
387,02	1130,48
387,22	1097,71
387,43	1169,39
387,64	1196,01
387,85	1206,25
388,06	1196,01
388,27	1144,81
388,48	1181,68
388,68	1148,91
388,89	1232,88
389,10	1220,59
389,31	1187,82
389,52	1165,29
389,73	1165,29
389,93	1163,25
390,14	1173,49
390,35	1208,30
390,56	1224,69
390,77	1126,38
390,98	1200,11
391,18	1218,54
391,39	1191,92
391,60	1198,06
391,81	1216,49
392,02	1183,73
392,23	1130,48
392,43	1179,63
392,64	1234,93
392,85	1255,40
393,06	1138,67
393,27	1169,39
393,47	1185,77
393,68	1214,45
393,89	1146,86
394,10	1142,77
394,31	1085,42
394,52	1161,20
394,72	1128,43
394,93	1183,73
395,14	1222,64
395,35	1200,11
395,56	1224,69
395,76	1241,07
395,97	1216,49
396,18	1122,29
396,39	1101,81
396,60	1163,25
396,80	1124,33
397,01	1159,15
397,22	1200,11
397,43	1169,39
397,64	1157,10
397,84	1126,38
398,05	1210,35
398,26	1189,87
398,47	1165,29
398,67	1196,01
398,88	1179,63
399,09	1200,11
399,30	1116,14
399,51	1189,87
399,71	1171,44
399,92	1204,21
400,13	1228,78
400,34	1259,50
400,54	1189,87
400,75	1232,88
400,96	1161,20
401,17	1150,96
401,37	1216,49
401,58	1167,34
401,79	1269,74
402,00	1206,25
402,21	1185,77
402,41	1140,72
402,62	1167,34
402,83	1183,73
403,04	1140,72
403,24	1282,03
403,45	1183,73
403,66	1198,06
403,87	1173,49
404,07	1112,05
404,28	1144,81
404,49	1177,58
404,70	1234,93
404,90	1175,53
405,11	1212,40
405,32	1134,57
405,52	1165,29
405,73	1118,19
405,94	1122,29
406,15	1171,44
406,35	1212,40
406,56	1157,10
406,77	1183,73
406,98	1148,91
407,18	1124,33
407,39	1181,68
407,60	1222,64
407,80	1163,25
408,01	1171,44
408,22	1173,49
408,43	1167,34
408,63	1187,82
408,84	1179,63
409,05	1193,97
409,25	1155,05
409,46	1175,53
409,67	1200,11
409,88	1193,97
410,08	1148,91
410,29	1175,53
410,50	1216,49
410,70	1224,69
410,91	1155,05
411,12	1056,75
411,32	1163,25
411,53	1216,49
411,74	1161,20
411,95	1245,16
412,15	1169,39
412,36	1134,57
412,57	1241,07
412,77	1183,73
412,98	1163,25
413,19	1245,16
413,39	1163,25
413,60	1187,82
413,81	1206,25
414,01	1173,49
414,22	1159,15
414,43	1251,31
414,63	1165,29
414,84	1193,97
415,05	1263,60
415,25	1128,43
415,46	1204,21
415,67	1169,39
415,87	1243,12
416,08	1163,25
416,29	1204,21
416,49	1157,10
416,70	1150,96
416,91	1179,63
417,11	1101,81
417,32	1110,00
417,53	1142,77
417,73	1189,87
417,94	1243,12
418,15	1167,34
418,35	1146,86
418,56	1148,91
418,77	1204,21
418,97	1210,35
419,18	1200,11
419,38	1193,97
419,59	1267,69
419,80	1159,15
420,00	1183,73
420,21	1247,21
420,42	1169,39
420,62	1169,39
420,83	1189,87
421,04	1173,49
421,24	1163,25
421,45	1134,57
421,65	1196,01
421,86	1204,21
422,07	1282,03
422,27	1247,21
422,48	1193,97
422,69	1198,06
422,89	1179,63
423,10	1196,01
423,30	1196,01
423,51	1163,25
423,72	1140,72
423,92	1142,77
424,13	1155,05
424,33	1275,88
424,54	1161,20
424,75	1167,34
424,95	1249,26
425,16	1214,45
425,36	1126,38
425,57	1128,43
425,78	1140,72
425,98	1206,25
426,19	1220,59
426,39	1155,05
426,60	1177,58
426,81	1239,02
427,01	1181,68
427,22	1214,45
427,42	1146,86
427,63	1261,55
427,83	1218,54
428,04	1206,25
428,25	1200,11
428,45	1148,91
428,66	1173,49
428,86	1187,82
429,07	1161,20
429,28	1247,21
429,48	1218,54
429,69	1187,82
429,89	1196,01
430,10	1212,40
430,30	1232,88
430,51	1153,01
430,71	1153,01
430,92	1159,15
431,13	1193,97
431,33	1253,36
431,54	1181,68
431,74	1179,63
431,95	1179,63
432,15	1138,67
432,36	1173,49
432,56	1212,40
432,77	1163,25
432,98	1161,20
433,18	1247,21
433,39	1146,86
433,59	1179,63
433,80	1140,72
434,00	1189,87
434,21	1153,01
434,41	1142,77
434,62	1206,25
434,82	1136,62
435,03	1171,44
435,23	1097,71
435,44	1177,58
435,64	1185,77
435,85	1130,48
436,06	1107,95
436,26	1179,63
436,47	1097,71
436,67	1220,59
436,88	1206,25
437,08	1187,82
437,29	1179,63
437,49	1196,01
437,70	1136,62
437,90	1189,87
438,11	1157,10
438,31	1230,83
438,52	1181,68
438,72	1206,25
438,93	1216,49
439,13	1214,45
439,34	1177,58
439,54	1138,67
439,75	1230,83
439,95	1130,48
440,16	1216,49
440,36	1171,44
440,57	1196,01
440,77	1216,49
440,98	1165,29
441,18	1114,10
441,39	1126,38
441,59	1167,34
441,80	1198,06
442,00	1132,53
442,21	1228,78
442,41	1155,05
442,62	1214,45
442,82	1089,52
443,02	1232,88
443,23	1142,77
443,43	1241,07
443,64	1198,06
443,84	1157,10
444,05	1236,97
444,25	1179,63
444,46	1157,10
444,66	1214,45
444,87	1155,05
445,07	1171,44
445,28	1171,44
445,48	1177,58
445,69	1179,63
445,89	1185,77
446,09	1230,83
446,30	1169,39
446,50	1218,54
446,71	1146,86
446,91	1163,25
447,12	1189,87
447,32	1208,30
447,53	1183,73
447,73	1251,31
447,93	1124,33
448,14	1124,33
448,34	1138,67
448,55	1185,77
448,75	1146,86
448,96	1204,21
449,16	1177,58
449,36	1163,25
449,57	1157,10
449,77	1173,49
449,98	1157,10
450,18	1210,35
450,39	1177,58
450,59	1126,38
450,79	1193,97
451,00	1216,49
451,20	1165,29
451,41	1155,05
451,61	1185,77
451,81	1140,72
452,02	1191,92
452,22	1206,25
452,43	1142,77
452,63	1191,92
452,84	1144,81
453,04	1159,15
453,24	1157,10
453,45	1122,29
453,65	1124,33
453,86	1212,40
454,06	1150,96
454,26	1163,25
454,47	1286,12
454,67	1196,01
454,87	1126,38
455,08	1167,34
455,28	1169,39
455,49	1155,05
455,69	1222,64
455,89	1134,57
456,10	1077,23
456,30	1265,64
456,51	1126,38
456,71	1183,73
456,91	1171,44
457,12	1120,24
457,32	1239,02
457,52	1138,67
457,73	1185,77
457,93	1228,78
458,14	1193,97
458,34	1165,29
458,54	1169,39
458,75	1167,34
458,95	1155,05
459,15	1239,02
459,36	1167,34
459,56	1155,05
459,76	1169,39
459,97	1101,81
460,17	1228,78
460,37	1220,59
460,58	1120,24
460,78	1177,58
460,99	1150,96
461,19	1193,97
461,39	1124,33
461,60	1157,10
461,80	1179,63
462,00	1204,21
462,21	1196,01
462,41	1132,53
462,61	1198,06
462,82	1144,81
463,02	1153,01
463,22	1089,52
463,43	1157,10
463,63	1210,35
463,83	1140,72
464,04	1198,06
464,24	1153,01
464,44	1183,73
464,64	1202,16
464,85	1173,49
465,05	1159,15
465,25	1177,58
465,46	1134,57
465,66	1187,82
465,86	1202,16
466,07	1230,83
466,27	1142,77
466,47	1243,12
466,68	1153,01
466,88	1249,26
467,08	1200,11
467,29	1163,25
467,49	1189,87
467,69	1167,34
467,89	1167,34
468,10	1148,91
468,30	1179,63
468,50	1236,97
468,71	1146,86
468,91	1208,30
469,11	1112,05
469,31	1169,39
469,52	1171,44
469,72	1175,53
469,92	1198,06
470,13	1093,62
470,33	1212,40
470,53	1175,53
470,73	1126,38
470,94	1191,92
471,14	1183,73
471,34	1265,64
471,54	1128,43
471,75	1150,96
471,95	1144,81
472,15	1234,93
472,36	1159,15
472,56	1177,58
472,76	1167,34
472,96	1226,73
473,17	1265,64
473,37	1140,72
473,57	1163,25
473,77	1095,66
473,98	1239,02
474,18	1189,87
474,38	1196,01
474,58	1173,49
474,79	1165,29
474,99	1220,59
475,19	1212,40
475,39	1191,92
475,60	1155,05
475,80	1249,26
476,00	1153,01
476,20	1208,30
476,41	1204,21
476,61	1216,49
476,81	1220,59
477,01	1126,38
477,21	1265,64
477,42	1181,68
477,62	1200,11
477,82	1118,19
478,02	1224,69
478,23	1200,11
478,43	1136,62
478,63	1122,29
478,83	1138,67
479,03	1177,58
479,24	1183,73
479,44	1185,77
479,64	1116,14
479,84	1216,49
480,04	1202,16
480,25	1230,83
480,45	1159,15
480,65	1218,54
480,85	1142,77
481,06	1157,10
481,26	1179,63
481,46	1175,53
481,66	1222,64
481,86	1157,10
482,06	1144,81
482,27	1142,77
482,47	1165,29
482,67	1179,63
482,87	1153,01
483,07	1214,45
483,28	1175,53
483,48	1153,01
483,68	1155,05
483,88	1165,29
484,08	1130,48
484,29	1183,73
484,49	1103,86
484,69	1126,38
484,89	1224,69
485,09	1175,53
485,29	1251,31
485,50	1212,40
485,70	1218,54
485,90	1222,64
486,10	1187,82
486,30	1140,72
486,50	1216,49
486,71	1234,93
486,91	1202,16
487,11	1228,78
487,31	1191,92
487,51	1171,44
487,71	1210,35
487,91	1179,63
488,12	1144,81
488,32	1148,91
488,52	1099,76
488,72	1177,58
488,92	1097,71
489,12	1222,64
489,32	1198,06
489,53	1253,36
489,73	1144,81
489,93	1165,29
490,13	1179,63
490,33	1222,64
490,53	1167,34
490,73	1210,35
490,94	1216,49
491,14	1161,20
491,34	1118,19
491,54	1239,02
491,74	1226,73
491,94	1167,34
492,14	1181,68
492,34	1163,25
492,54	1212,40
492,75	1193,97
492,95	1169,39
493,15	1142,77
493,35	1185,77
493,55	1122,29
493,75	1232,88
493,95	1150,96
494,15	1155,05
494,35	1177,58
494,56	1228,78
494,76	1134,57
494,96	1134,57
495,16	1198,06
495,36	1138,67
495,56	1130,48
495,76	1163,25
495,96	1118,19
496,16	1208,30
496,36	1196,01
496,56	1198,06
496,77	1222,64
496,97	1216,49
497,17	1148,91
497,37	1206,25
497,57	1110,00
497,77	1097,71
497,97	1150,96
498,17	1257,45
498,37	1206,25
498,57	1124,33
498,77	1234,93
498,97	1173,49
499,17	1255,40
499,38	1279,98
499,58	1155,05
499,78	1245,16
499,98	1228,78
500,18	1179,63
500,38	1171,44
500,58	1173,49
500,78	1245,16
500,98	1155,05
501,18	1193,97
501,38	1177,58
501,58	1228,78
501,78	1105,90
501,98	1230,83
502,18	1144,81
502,38	1132,53
502,58	1198,06
502,78	1232,88
502,98	1163,25
503,18	1245,16
503,38	1159,15
503,59	1222,64
503,79	1198,06
503,99	1183,73
504,19	1142,77
504,39	1236,97
504,59	1210,35
504,79	1193,97
504,99	1185,77
505,19	1169,39
505,39	1159,15
505,59	1112,05
505,79	1161,20
505,99	1220,59
506,19	1193,97
506,39	1140,72
506,59	1191,92
506,79	1243,12
506,99	1206,25
507,19	1161,20
507,39	1161,20
507,59	1206,25
507,79	1193,97
507,99	1150,96
508,19	1183,73
508,39	1177,58
508,59	1236,97
508,79	1189,87
508,99	1146,86
509,19	1216,49
509,39	1153,01
509,59	1144,81
509,79	1251,31
509,99	1159,15
510,19	1150,96
510,39	1185,77
510,59	1161,20
510,79	1196,01
510,99	1169,39
511,19	1089,52
511,39	1193,97
511,59	1169,39
511,79	1146,86
511,99	1220,59
512,19	1243,12
512,38	1159,15
512,58	1210,35
512,78	1161,20
512,98	1267,69
513,18	1198,06
513,38	1146,86
513,58	1185,77
513,78	1144,81
513,98	1136,62
514,18	1181,68
514,38	1181,68
514,58	1183,73
514,78	1269,74
514,98	1208,30
515,18	1187,82
515,38	1146,86
515,58	1146,86
515,78	1236,97
515,98	1243,12
516,18	1220,59
516,38	1167,34
516,57	1208,30
516,77	1159,15
516,97	1249,26
517,17	1142,77
517,37	1200,11
517,57	1130,48
517,77	1216,49
517,97	1241,07
518,17	1191,92
518,37	1132,53
518,57	1220,59
518,77	1150,96
518,97	1253,36
519,16	1191,92
519,36	1095,66
519,56	1155,05
519,76	1208,30
519,96	1150,96
520,16	1196,01
520,36	1271,79
520,56	1161,20
520,76	1177,58
520,96	1136,62
521,16	1191,92
521,35	1097,71
521,55	1228,78
521,75	1146,86
521,95	1118,19
522,15	1167,34
522,35	1173,49
522,55	1142,77
522,75	1200,11
522,95	1189,87
523,14	1208,30
523,34	1187,82
523,54	1130,48
523,74	1169,39
523,94	1128,43
524,14	1124,33
524,34	1183,73
524,54	1169,39
524,73	1191,92
524,93	1105,90
525,13	1208,30
525,33	1159,15
525,53	1183,73
525,73	1263,60
525,93	1175,53
526,13	1159,15
526,32	1228,78
526,52	1177,58
526,72	1169,39
526,92	1206,25
527,12	1187,82
527,32	1110,00
527,52	1163,25
527,71	1150,96
527,91	1179,63
528,11	1114,10
528,31	1198,06
528,51	1185,77
528,71	1218,54
528,90	1183,73
529,10	1175,53
529,30	1183,73
529,50	1066,99
529,70	1112,05
529,90	1208,30
530,09	1132,53
530,29	1210,35
530,49	1220,59
530,69	1241,07
530,89	1181,68
531,09	1140,72
531,28	1226,73
531,48	1214,45
531,68	1107,95
531,88	1189,87
532,08	1181,68
532,28	1112,05
532,47	1153,01
532,67	1228,78
532,87	1230,83
533,07	1267,69
533,27	1216,49
533,46	1118,19
533,66	1175,53
533,86	1150,96
534,06	1189,87
534,26	1181,68
534,45	1255,40
534,65	1165,29
534,85	1130,48
535,05	1220,59
535,25	1189,87
535,44	1148,91
535,64	1126,38
535,84	1243,12
536,04	1159,15
536,24	1239,02
536,43	1179,63
536,63	1103,86
536,83	1189,87
537,03	1112,05
537,22	1212,40
537,42	1175,53
537,62	1218,54
537,82	1202,16
538,02	1181,68
538,21	1218,54
538,41	1196,01
538,61	1132,53
538,81	1134,57
539,00	1230,83
539,20	1144,81
539,40	1173,49
539,60	1187,82
539,79	1083,38
539,99	1140,72
540,19	1206,25
540,39	1214,45
540,58	1257,45
540,78	1239,02
540,98	1253,36
541,18	1148,91
541,37	1212,40
541,57	1173,49
541,77	1169,39
541,97	1267,69
542,16	1191,92
542,36	1245,16
542,56	1128,43
542,76	1239,02
542,95	1191,92
543,15	1241,07
543,35	1196,01
543,54	1230,83
543,74	1232,88
543,94	1187,82
544,14	1218,54
544,33	1175,53
544,53	1124,33
544,73	1161,20
544,93	1157,10
545,12	1159,15
545,32	1157,10
545,52	1167,34
545,71	1183,73
545,91	1214,45
546,11	1208,30
546,30	1136,62
546,50	1085,42
546,70	1165,29
546,90	1198,06
547,09	1146,86
547,29	1210,35
547,49	1140,72
547,68	1212,40
547,88	1150,96
548,08	1146,86
548,27	1185,77
548,47	1167,34
548,67	1212,40
548,87	1208,30
549,06	1191,92
549,26	1153,01
549,46	1187,82
549,65	1204,21
549,85	1220,59
550,05	1222,64
550,24	1189,87
550,44	1130,48
550,64	1224,69
550,83	1161,20
551,03	1114,10
551,23	1165,29
551,42	1150,96
551,62	1155,05
551,82	1216,49
552,01	1187,82
552,21	1157,10
552,41	1165,29
552,60	1212,40
552,80	1177,58
553,00	1171,44
553,19	1175,53
553,39	1200,11
553,59	1124,33
553,78	1179,63
553,98	1230,83
554,17	1134,57
554,37	1183,73
554,57	1177,58
554,76	1167,34
554,96	1085,42
555,16	1150,96
555,35	1101,81
555,55	1191,92
555,75	1189,87
555,94	1165,29
556,14	1169,39
556,33	1198,06
556,53	1183,73
556,73	1179,63
556,92	1206,25
557,12	1175,53
557,32	1214,45
557,51	1167,34
557,71	1200,11
557,90	1169,39
558,10	1183,73
558,30	1140,72
558,49	1191,92
558,69	1191,92
558,88	1243,12
559,08	1198,06
559,28	1159,15
559,47	1200,11
559,67	1142,77
559,86	1167,34
560,06	1230,83
560,26	1122,29
560,45	1163,25
560,65	1187,82
560,84	1218,54
561,04	1208,30
561,24	1140,72
561,43	1191,92
561,63	1185,77
561,82	1216,49
562,02	1216,49
562,22	1224,69
562,41	1179,63
562,61	1196,01
562,80	1206,25
563,00	1173,49
563,19	1206,25
563,39	1198,06
563,59	1107,95
563,78	1165,29
563,98	1138,67
564,17	1236,97
564,37	1130,48
564,56	1179,63
564,76	1107,95
564,96	1230,83
565,15	1089,52
565,35	1220,59
565,54	1187,82
565,74	1110,00
565,93	1163,25
566,13	1167,34
566,32	1173,49
566,52	1085,42
566,71	1155,05
566,91	1228,78
567,11	1179,63
567,30	1183,73
567,50	1208,30
567,69	1173,49
567,89	1181,68
568,08	1228,78
568,28	1177,58
568,47	1173,49
568,67	1179,63
568,86	1247,21
569,06	1200,11
569,25	1241,07
569,45	1187,82
569,64	1214,45
569,84	1218,54
570,04	1159,15
570,23	1243,12
570,43	1175,53
570,62	1122,29
570,82	1210,35
571,01	1136,62
571,21	1105,90
571,40	1228,78
571,60	1179,63
571,79	1265,64
571,99	1232,88
572,18	1198,06
572,38	1212,40
572,57	1200,11
572,77	1148,91
572,96	1212,40
573,16	1153,01
573,35	1196,01
573,55	1179,63
573,74	1288,17
573,94	1171,44
574,13	1222,64
574,33	1234,93
574,52	1218,54
574,71	1146,86
574,91	1220,59
575,10	1198,06
575,30	1206,25
575,49	1185,77
575,69	1216,49
575,88	1218,54
576,08	1179,63
576,27	1187,82
576,47	1232,88
576,66	1116,14
576,86	1210,35
577,05	1185,77
577,25	1165,29
577,44	1253,36
577,64	1159,15
577,83	1191,92
578,02	1191,92
578,22	1212,40
578,41	1226,73
578,61	1148,91
578,80	1144,81
579,00	1193,97
579,19	1206,25
579,39	1224,69
579,58	1189,87
579,77	1206,25
579,97	1222,64
580,16	1196,01
580,36	1167,34
580,55	1181,68
580,75	1210,35
580,94	1200,11
581,13	1157,10
581,33	1155,05
581,52	1232,88
581,72	1198,06
581,91	1173,49
582,11	1185,77
582,30	1155,05
582,49	1173,49
582,69	1210,35
582,88	1218,54
583,08	1216,49
583,27	1206,25
583,47	1132,53
583,66	1144,81
583,85	1257,45
584,05	1140,72
584,24	1208,30
584,44	1126,38
584,63	1228,78
584,82	1087,47
585,02	1153,01
585,21	1144,81
585,41	1220,59
585,60	1148,91
585,79	1134,57
585,99	1122,29
586,18	1196,01
586,37	1214,45
586,57	1179,63
586,76	1198,06
586,96	1214,45
587,15	1189,87
587,34	1177,58
587,54	1247,21
587,73	1253,36
587,93	1175,53
588,12	1218,54
588,31	1200,11
588,51	1165,29
588,70	1185,77
588,89	1208,30
589,09	1173,49
589,28	1208,30
589,47	1239,02
589,67	1146,86
589,86	1245,16
590,06	1163,25
590,25	1140,72
590,44	1144,81
590,64	1136,62
590,83	1157,10
591,02	1112,05
591,22	1144,81
591,41	1181,68
591,60	1112,05
591,80	1177,58
591,99	1134,57
592,18	1269,74
592,38	1169,39
592,57	1200,11
592,76	1181,68
592,96	1187,82
593,15	1171,44
593,34	1198,06
593,54	1220,59
593,73	1118,19
593,92	1218,54
594,12	1175,53
594,31	1245,16
594,50	1155,05
594,70	1187,82
594,89	1169,39
595,08	1257,45
595,28	1189,87
595,47	1243,12
595,66	1202,16
595,86	1216,49
596,05	1161,20
596,24	1169,39
596,43	1150,96
596,63	1169,39
596,82	1179,63
597,01	1241,07
597,21	1150,96
597,40	1159,15
597,59	1183,73
597,79	1181,68
597,98	1204,21
598,17	1200,11
598,36	1142,77
598,56	1124,33
598,75	1185,77
598,94	1210,35
599,14	1218,54
599,33	1181,68
599,52	1138,67
599,71	1224,69
599,91	1159,15
600,10	1167,34
600,29	1163,25
600,48	1159,15
600,68	1202,16
600,87	1116,14
601,06	1153,01
601,26	1142,77
601,45	1134,57
601,64	1263,60
601,83	1202,16
602,03	1155,05
602,22	1193,97
602,41	1144,81
602,60	1146,86
602,80	1208,30
602,99	1136,62
603,18	1196,01
603,37	1171,44
603,57	1191,92
603,76	1171,44
603,95	1153,01
604,14	1200,11
604,34	1171,44
604,53	1173,49
604,72	1198,06
604,91	1185,77
605,10	1148,91
605,30	1163,25
605,49	1191,92
605,68	1177,58
605,87	1126,38
606,07	1232,88
606,26	1175,53
606,45	1183,73
606,64	1257,45
606,84	1196,01
607,03	1191,92
607,22	1236,97
607,41	1134,57
607,60	1146,86
607,80	1159,15
607,99	1236,97
608,18	1171,44
608,37	1249,26
608,56	1134,57
608,76	1185,77
608,95	1157,10
609,14	1210,35
609,33	1138,67
609,52	1161,20
609,72	1198,06
609,91	1179,63
610,10	1294,32
610,29	1179,63
610,48	1220,59
610,68	1126,38
610,87	1198,06
611,06	1177,58
611,25	1200,11
611,44	1128,43
611,63	1185,77
611,83	1189,87
612,02	1220,59
612,21	1134,57
612,40	1183,73
612,59	1128,43
612,79	1140,72
612,98	1208,30
613,17	1193,97
613,36	1101,81
613,55	1220,59
613,74	1120,24
613,93	1112,05
614,13	1206,25
614,32	1165,29
614,51	1191,92
614,70	1140,72
614,89	1208,30
615,08	1261,55
615,28	1155,05
615,47	1157,10
615,66	1122,29
615,85	1189,87
616,04	1175,53
616,23	1171,44
616,42	1193,97
616,62	1210,35
616,81	1214,45
617,00	1167,34
617,19	1196,01
617,38	1208,30
617,57	1193,97
617,76	1181,68
617,95	1173,49
618,15	1177,58
618,34	1146,86
618,53	1155,05
618,72	1259,50
618,91	1161,20
619,10	1153,01
619,29	1140,72
619,48	1150,96
619,68	1161,20
619,87	1150,96
620,06	1210,35
620,25	1181,68
620,44	1167,34
620,63	1210,35
620,82	1224,69
621,01	1132,53
621,20	1124,33
621,39	1175,53
621,59	1239,02
621,78	1173,49
621,97	1183,73
622,16	1146,86
622,35	1159,15
622,54	1161,20
622,73	1204,21
622,92	1265,64
623,11	1183,73
623,30	1155,05
623,49	1202,16
623,68	1196,01
623,88	1206,25
624,07	1251,31
624,26	1187,82
624,45	1298,41
624,64	1222,64
624,83	1177,58
625,02	1187,82
625,21	1155,05
625,40	1087,47
625,59	1148,91
625,78	1167,34
625,97	1306,60
626,16	1150,96
626,35	1144,81
626,54	1177,58
626,74	1130,48
626,93	1222,64
627,12	1249,26
627,31	1208,30
627,50	1181,68
627,69	1247,21
627,88	1236,97
628,07	1226,73
628,26	1189,87
628,45	1222,64
628,64	1361,90
628,83	1261,55
629,02	1155,05
629,21	1165,29
629,40	1253,36
629,59	1191,92
629,78	1226,73
629,97	1196,01
630,16	1210,35
630,35	1167,34
630,54	1183,73
630,73	1267,69
630,92	1230,83
631,11	1275,88
631,30	1292,27
631,49	1417,19
631,68	1771,49
631,87	3803,08
632,06	14380,84
632,25	42716,53
632,44	55714,99
632,63	58788,99
632,82	38127,03
633,01	18136,81
633,20	5545,90
633,39	5490,60
633,58	2623,45
633,77	2090,98
633,96	1730,53
634,15	1380,33
634,34	1413,10
634,53	1474,54
634,72	1423,34
634,91	1316,84
635,10	1320,94
635,29	1273,84
635,48	1263,60
635,67	1257,45
635,86	1241,07
636,05	1177,58
636,24	1165,29
636,43	1208,30
636,62	1208,30
636,81	1204,21
637,00	1167,34
637,19	1220,59
637,38	1273,84
637,57	1150,96
637,76	1187,82
637,95	1161,20
638,14	1212,40
638,33	1202,16
638,52	1226,73
638,71	1150,96
638,89	1208,30
639,08	1212,40
639,27	1218,54
639,46	1155,05
639,65	1247,21
639,84	1165,29
640,03	1193,97
640,22	1167,34
640,41	1153,01
640,60	1181,68
640,79	1173,49
640,98	1214,45
641,17	1175,53
641,36	1189,87
641,55	1228,78
641,74	1200,11
641,92	1220,59
642,11	1175,53
642,30	1163,25
642,49	1155,05
642,68	1218,54
642,87	1144,81
643,06	1236,97
643,25	1193,97
643,44	1232,88
643,63	1163,25
643,82	1179,63
644,00	1175,53
644,19	1200,11
644,38	1212,40
644,57	1196,01
644,76	1232,88
644,95	1189,87
645,14	1163,25
645,33	1259,50
645,52	1177,58
645,71	1185,77
645,89	1097,71
646,08	1163,25
646,27	1198,06
646,46	1114,10
646,65	1155,05
646,84	1230,83
647,03	1144,81
647,22	1206,25
647,40	1138,67
647,59	1208,30
647,78	1126,38
647,97	1120,24
648,16	1214,45
648,35	1114,10
648,54	1171,44
648,73	1136,62
648,91	1216,49
649,10	1253,36
649,29	1191,92
649,48	1142,77
649,67	1193,97
649,86	1177,58
650,05	1163,25
650,23	1196,01
650,42	1179,63
650,61	1130,48
650,80	1132,53
650,99	1155,05
651,18	1218,54
651,36	1181,68
651,55	1171,44
651,74	1120,24
651,93	1228,78
652,12	1169,39
652,31	1185,77
652,49	1200,11
652,68	1224,69
652,87	1140,72
653,06	1198,06
653,25	1153,01
653,44	1202,16
653,62	1130,48
653,81	1161,20
654,00	1150,96
654,19	1134,57
654,38	1196,01
654,56	1230,83
654,75	1146,86
654,94	1165,29
655,13	1247,21
655,32	1159,15
655,51	1228,78
655,69	1177,58
655,88	1183,73
656,07	1208,30
656,26	1161,20
656,45	1189,87
656,63	1105,90
656,82	1150,96
657,01	1234,93
657,20	1163,25
657,38	1200,11
657,57	1148,91
657,76	1189,87
657,95	1163,25
658,14	1239,02
658,32	1159,15
658,51	1191,92
658,70	1206,25
658,89	1255,40
659,08	1206,25
659,26	1105,90
659,45	1128,43
659,64	1198,06
659,83	1140,72
660,01	1210,35
660,20	1169,39
660,39	1148,91
660,58	1218,54
660,76	1183,73
660,95	1146,86
661,14	1200,11
661,33	1187,82
661,51	1155,05
661,70	1148,91
661,89	1114,10
662,08	1159,15
662,26	1175,53
662,45	1220,59
662,64	1181,68
662,83	1206,25
663,01	1196,01
663,20	1167,34
663,39	1181,68
663,58	1212,40
663,76	1206,25
663,95	1083,38
664,14	1146,86
664,32	1159,15
664,51	1181,68
664,70	1159,15
664,89	1150,96
665,07	1144,81
665,26	1232,88
665,45	1208,30
665,64	1241,07
665,82	1177,58
666,01	1144,81
666,20	1110,00
666,38	1226,73
666,57	1150,96
666,76	1210,35
666,95	1185,77
667,13	1202,16
667,32	1210,35
667,51	1239,02
667,69	1220,59
667,88	1230,83
668,07	1146,86
668,25	1114,10
668,44	1204,21
668,63	1191,92
668,81	1189,87
669,00	1161,20
669,19	1216,49
669,38	1167,34
669,56	1107,95
669,75	1114,10
669,94	1232,88
670,12	1187,82
670,31	1169,39
670,50	1169,39
670,68	1241,07
670,87	1159,15
671,06	1230,83
671,24	1175,53
671,43	1216,49
671,62	1130,48
671,80	1181,68
671,99	1159,15
672,18	1163,25
672,36	1171,44
672,55	1175,53
672,74	1187,82
672,92	1150,96
673,11	1122,29
673,29	1138,67
673,48	1175,53
673,67	1191,92
673,85	1191,92
674,04	1146,86
674,23	1226,73
674,41	1175,53
674,60	1171,44
674,79	1257,45
674,97	1200,11
675,16	1148,91
675,34	1185,77
675,53	1189,87
675,72	1187,82
675,90	1085,42
676,09	1204,21
676,28	1132,53
676,46	1175,53
676,65	1198,06
676,83	1159,15
677,02	1155,05
677,21	1206,25
677,39	1185,77
677,58	1163,25
677,77	1189,87
677,95	1196,01
678,14	1155,05
678,32	1198,06
678,51	1179,63
678,70	1196,01
678,88	1144,81
679,07	1173,49
679,25	1142,77
679,44	1175,53
679,63	1128,43
679,81	1081,33
680,00	1249,26
680,18	1122,29
680,37	1126,38
680,55	1224,69
680,74	1185,77
680,93	1169,39
681,11	1132,53
681,30	1183,73
681,48	1159,15
681,67	1245,16
681,85	1101,81
682,04	1185,77
682,23	1175,53
682,41	1167,34
682,60	1216,49
682,78	1163,25
682,97	1196,01
683,15	1202,16
683,34	1206,25
683,53	1183,73
683,71	1241,07
683,90	1236,97
684,08	1202,16
684,27	1175,53
684,45	1179,63
684,64	1202,16
684,82	1198,06
685,01	1177,58
685,19	1110,00
685,38	1202,16
685,57	1150,96
685,75	1189,87
685,94	1181,68
686,12	1196,01
686,31	1191,92
686,49	1175,53
686,68	1249,26
686,86	1226,73
687,05	1140,72
687,23	1179,63
687,42	1163,25
687,60	1118,19
687,79	1175,53
687,97	1181,68
688,16	1130,48
688,34	1134,57
688,53	1148,91
688,71	1200,11
688,90	1163,25
689,08	1177,58
689,27	1183,73
689,45	1189,87
689,64	1167,34
689,82	1146,86
690,01	1173,49
690,19	1189,87
690,38	1155,05
690,56	1187,82
690,75	1236,97
690,93	1191,92
691,12	1232,88
691,30	1208,30
691,49	1187,82
691,67	1161,20
691,86	1144,81
692,04	1124,33
692,23	1175,53
692,41	1230,83
692,60	1110,00
692,78	1210,35
692,97	1204,21
693,15	1159,15
693,34	1202,16
693,52	1142,77
693,71	1159,15
693,89	1202,16
694,08	1161,20
694,26	1157,10
694,44	1230,83
694,63	1163,25
694,81	1153,01
695,00	1148,91
695,18	1167,34
695,37	1138,67
695,55	1181,68
695,74	1136,62
695,92	1200,11
696,10	1155,05
696,29	1181,68
696,47	1161,20
696,66	1193,97
696,84	1179,63
697,03	1138,67
697,21	1140,72
697,40	1150,96
697,58	1234,93
697,76	1187,82
697,95	1171,44
698,13	1224,69
698,32	1028,08
698,50	1198,06
698,68	1191,92
698,87	1163,25
699,05	1208,30
699,24	1187,82
699,42	1204,21
699,61	1196,01
699,79	1216,49
699,97	1224,69
700,16	1261,55
700,34	1161,20
700,53	1173,49
700,71	1185,77
700,89	1218,54
701,08	1159,15
701,26	1181,68
701,45	1155,05
701,63	1167,34
701,81	1189,87
702,00	1206,25
702,18	1153,01
702,37	1099,76
702,55	1163,25
702,73	1224,69
702,92	1155,05
703,10	1193,97
703,28	1103,86
703,47	1112,05
703,65	1114,10
703,84	1193,97
704,02	1171,44
704,20	1167,34
704,39	1202,16
704,57	1118,19
704,75	1179,63
704,94	1159,15
705,12	1130,48
705,30	1142,77
705,49	1179,63
705,67	1173,49
705,86	1175,53
706,04	1198,06
706,22	1251,31
706,41	1144,81
706,59	1150,96
706,77	1099,76
706,96	1179,63
707,14	1163,25
707,32	1146,86
707,51	1183,73
707,69	1140,72
707,87	1198,06
708,06	1183,73
708,24	1165,29
708,42	1128,43
708,61	1142,77
708,79	1146,86
708,97	1165,29
709,16	1064,94
709,34	1150,96
709,52	1134,57
709,71	1165,29
709,89	1150,96
710,07	1198,06
710,26	1216,49
710,44	1142,77
710,62	1150,96
710,80	1175,53
710,99	1136,62
711,17	1159,15
711,35	1189,87
711,54	1228,78
711,72	1173,49
711,90	1202,16
712,09	1230,83
712,27	1171,44
712,45	1132,53
712,63	1208,30
712,82	1126,38
713,00	1159,15
713,18	1124,33
713,37	1181,68
713,55	1224,69
713,73	1241,07
713,91	1179,63
714,10	1200,11
714,28	1099,76
714,46	1198,06
714,65	1175,53
714,83	1153,01
715,01	1155,05
715,19	1226,73
715,38	1171,44
715,56	1228,78
715,74	1171,44
715,92	1165,29
716,11	1222,64
716,29	1187,82
716,47	1183,73
716,65	1173,49
716,84	1189,87
717,02	1208,30
717,20	1251,31
717,38	1243,12
717,57	1239,02
717,75	1255,40
717,93	1196,01
718,11	1150,96
718,30	1273,84
718,48	1251,31
718,66	1138,67
718,84	1097,71
719,03	1249,26
719,21	1148,91
719,39	1161,20
719,57	1202,16
719,75	1193,97
719,94	1181,68
720,12	1153,01
720,30	1169,39
720,48	1069,04
720,67	1257,45
720,85	1265,64
721,03	1173,49
721,21	1189,87
721,39	1144,81
721,58	1150,96
721,76	1191,92
721,94	1234,93
722,12	1179,63
722,30	1189,87
722,49	1198,06
722,67	1191,92
722,85	1171,44
723,03	1261,55
723,21	1173,49
723,40	1316,84
723,58	1144,81
723,76	1173,49
723,94	1226,73
724,12	1167,34
724,30	1228,78
724,49	1171,44
724,67	1243,12
724,85	1095,66
725,03	1208,30
725,21	1136,62
725,40	1218,54
725,58	1171,44
725,76	1191,92
725,94	1171,44
726,12	1214,45
726,30	1097,71
726,49	1253,36
726,67	1163,25
726,85	1173,49
727,03	1212,40
727,21	1142,77
727,39	1216,49
727,57	1230,83
727,76	1183,73
727,94	1187,82
728,12	1210,35
728,30	1167,34
728,48	1200,11
728,66	1200,11
728,84	1204,21
729,03	1157,10
729,21	1187,82
729,39	1214,45
729,57	1114,10
729,75	1163,25
729,93	1146,86
730,11	1099,76
730,30	1208,30
730,48	1202,16
730,66	1163,25
730,84	1159,15
731,02	1140,72
731,20	1175,53
731,38	1148,91
731,56	1200,11
731,74	1136,62
731,93	1142,77
732,11	1187,82
732,29	1189,87
732,47	1101,81
732,65	1110,00
732,83	1185,77
733,01	1198,06
733,19	1124,33
733,37	1142,77
733,56	1212,40
733,74	1171,44
733,92	1204,21
734,10	1228,78
734,28	1150,96
734,46	1208,30
734,64	1157,10
734,82	1183,73
735,00	1239,02
735,18	1118,19
735,36	1161,20
735,54	1142,77
735,73	1126,38
735,91	1206,25
736,09	1263,60
736,27	1175,53
736,45	1171,44
736,63	1128,43
736,81	1212,40
736,99	1308,65
737,17	1167,34
737,35	1150,96
737,53	1202,16
737,71	1167,34
737,89	1163,25
738,07	1163,25
738,25	1112,05
738,43	1218,54
738,61	1118,19
738,80	1279,98
738,98	1181,68
739,16	1181,68
739,34	1187,82
739,52	1216,49
739,70	1228,78
739,88	1159,15
740,06	1189,87
740,24	1202,16
740,42	1222,64
740,60	1216,49
740,78	1181,68
740,96	1181,68
741,14	1189,87
741,32	1138,67
741,50	1120,24
741,68	1138,67
741,86	1103,86
742,04	1134,57
742,22	1132,53
742,40	1282,03
742,58	1191,92
742,76	1185,77
742,94	1228,78
743,12	1173,49
743,30	1220,59
743,48	1232,88
743,66	1177,58
743,84	1181,68
744,02	1239,02
744,20	1142,77
744,38	1189,87
744,56	1196,01
744,74	1204,21
744,92	1132,53
745,10	1185,77
745,28	1163,25
745,46	1208,30
745,64	1196,01
745,82	1232,88
746,00	1200,11
746,18	1216,49
746,36	1118,19
746,54	1249,26
746,72	1208,30
746,90	1132,53
747,08	1136,62
747,26	1175,53
747,44	1157,10
747,62	1173,49
747,80	1179,63
747,98	1183,73
748,15	1173,49
748,33	1234,93
748,51	1167,34
748,69	1081,33
748,87	1173,49
749,05	1191,92
749,23	1179,63
749,41	1169,39
749,59	1214,45
749,77	1173,49
749,95	1228,78
750,13	1236,97
750,31	1175,53
750,49	1189,87
750,67	1130,48
750,85	1218,54
751,03	1200,11
751,20	1159,15
751,38	1150,96
751,56	1163,25
751,74	1216,49
751,92	1157,10
752,10	1202,16
752,28	1189,87
752,46	1179,63
752,64	1228,78
752,82	1185,77
753,00	1202,16
753,18	1208,30
753,35	1171,44
753,53	1093,62
753,71	1239,02
753,89	1153,01
754,07	1236,97
754,25	1159,15
754,43	1232,88
754,61	1198,06
754,79	1218,54
754,97	1161,20
755,14	1167,34
755,32	1165,29
755,50	1200,11
755,68	1150,96
755,86	1169,39
756,04	1204,21
756,22	1163,25
756,40	1173,49
756,57	1150,96
756,75	1183,73
756,93	1157,10
757,11	1126,38
757,29	1138,67
757,47	1234,93
757,65	1208,30
757,82	1175,53
758,00	1161,20
758,18	1234,93
758,36	1153,01
758,54	1193,97
758,72	1200,11
758,90	1173,49
759,07	1179,63
759,25	1179,63
759,43	1144,81
759,61	1191,92
759,79	1140,72
759,97	1116,14
760,15	1189,87
760,32	1214,45
760,50	1181,68
760,68	1140,72
760,86	1210,35
761,04	1198,06
761,22	1200,11
761,39	1122,29
761,57	1239,02
761,75	1181,68
761,93	1222,64
762,11	1142,77
762,28	1222,64
762,46	1153,01
762,64	1226,73
762,82	1150,96
763,00	1116,14
763,18	1155,05
763,35	1208,30
763,53	1169,39
763,71	1191,92
763,89	1128,43
764,07	1136,62
764,24	1089,52
764,42	1153,01
764,60	1157,10
764,78	1183,73
764,96	1191,92
765,13	1200,11
765,31	1118,19
765,49	1226,73
765,67	1189,87
765,84	1159,15
766,02	1165,29
766,20	1187,82
766,38	1191,92
766,56	1185,77
766,73	1220,59
766,91	1161,20
767,09	1122,29
767,27	1165,29
767,44	1177,58
767,62	1163,25
767,80	1286,12
767,98	1165,29
768,15	1200,11
768,33	1196,01
768,51	1118,19
768,69	1206,25
768,87	1200,11
769,04	1200,11
769,22	1159,15
769,40	1179,63
769,58	1206,25
769,75	1185,77
769,93	1198,06
770,11	1198,06
770,28	1193,97
770,46	1146,86
770,64	1165,29
770,82	1198,06
770,99	1175,53
771,17	1220,59
771,35	1210,35
771,53	1208,30
771,70	1091,57
771,88	1161,20
772,06	1216,49
772,23	1189,87
772,41	1220,59
772,59	1196,01
772,77	1175,53
772,94	1175,53
773,12	1171,44
773,30	1189,87
773,47	1165,29
773,65	1208,30
773,83	1204,21
774,01	1161,20
774,18	1191,92
774,36	1169,39
774,54	1171,44
774,71	1234,93
774,89	1159,15
775,07	1153,01
775,24	1124,33
775,42	1183,73
775,60	1200,11
775,78	1144,81
775,95	1187,82
776,13	1196,01
776,31	1179,63
776,48	1200,11
776,66	1218,54
776,84	1204,21
777,01	1140,72
777,19	1193,97
777,37	1110,00
777,54	1138,67
777,72	1116,14
777,90	1150,96
778,07	1165,29
778,25	1155,05
778,43	1142,77
778,60	1218,54
778,78	1171,44
778,96	1165,29
779,13	1202,16
779,31	1126,38
779,49	1118,19
779,66	1218,54
779,84	1128,43
780,01	1175,53
780,19	1218,54
780,37	1214,45
780,54	1169,39
780,72	1206,25
780,90	1212,40
781,07	1177,58
781,25	1148,91
781,43	1193,97
781,60	1161,20
781,78	1105,90
781,95	1200,11
782,13	1159,15
782,31	1138,67
782,48	1220,59
782,66	1153,01
782,83	1157,10
783,01	1142,77
783,19	1208,30
783,36	1165,29
783,54	1218,54
783,72	1222,64
783,89	1144,81
784,07	1216,49
784,24	1200,11
784,42	1138,67
784,60	1171,44
784,77	1239,02
784,95	1206,25
785,12	1126,38
785,30	1243,12
785,47	1183,73
785,65	1183,73
785,83	1189,87
786,00	1269,74
786,18	1159,15
786,35	1153,01
786,53	1204,21
786,71	1181,68
786,88	1169,39
787,06	1169,39
787,23	1140,72
787,41	1171,44
787,58	1163,25
787,76	1177,58
787,94	1232,88
788,11	1173,49
788,29	1200,11
788,46	1171,44
788,64	1212,40
788,81	1146,86
788,99	1167,34
789,16	1175,53
789,34	1132,53
789,52	1208,30
789,69	1208,30
789,87	1206,25
790,04	1200,11
790,22	1101,81
790,39	1232,88
790,57	1200,11
790,74	1159,15
790,92	1148,91
791,09	1214,45
791,27	1206,25
791,44	1179,63
791,62	1185,77
791,79	1214,45
791,97	1142,77
792,15	1212,40
792,32	1247,21
792,50	1228,78
792,67	1191,92
792,85	1163,25
793,02	1171,44
793,20	1140,72
793,37	1175,53
793,55	1118,19
793,72	1155,05
793,90	1157,10
794,07	1179,63
794,25	1220,59
794,42	1185,77
794,60	1206,25
794,77	1198,06
794,95	1132,53
795,12	1187,82
795,30	1126,38
795,47	1118,19
795,65	1187,82
795,82	1140,72
796,00	1226,73
796,17	1193,97
796,34	1243,12
796,52	1196,01
796,69	1228,78
796,87	1255,40
797,04	1230,83
797,22	1140,72
797,39	1257,45
797,57	1230,83
797,74	1150,96
797,92	1212,40
798,09	1255,40
798,27	1142,77
798,44	1193,97
798,62	1232,88
798,79	1232,88
798,96	1208,30
799,14	1212,40
799,31	1179,63
799,49	1155,05
799,66	1142,77
799,84	1167,34
800,01	1224,69
800,19	1236,97
800,36	1193,97
800,53	1155,05
800,71	1181,68
800,88	1208,30
801,06	1128,43
801,23	1128,43
801,41	1191,92
801,58	1216,49
801,75	1224,69
801,93	1132,53
802,10	1245,16
802,28	1222,64
802,45	1269,74
802,63	1153,01
802,80	1247,21
802,97	1236,97
803,15	1212,40
803,32	1173,49
803,50	1181,68
803,67	1198,06
803,84	1130,48
804,02	1114,10
804,19	1150,96
804,37	1202,16
804,54	1249,26
804,71	1163,25
804,89	1128,43
805,06	1159,15
805,24	1148,91
805,41	1200,11
805,58	1110,00
805,76	1171,44
805,93	1134,57
806,10	1146,86
806,28	1179,63
806,45	1249,26
806,63	1157,10
806,80	1148,91
806,97	1120,24
807,15	1193,97
807,32	1134,57
807,49	1150,96
807,67	1191,92
807,84	1163,25
808,01	1202,16
808,19	1189,87
808,36	1150,96
808,54	1165,29
808,71	1132,53
808,88	1218,54
809,06	1175,53
809,23	1253,36
809,40	1228,78
809,58	1163,25
809,75	1243,12
809,92	1124,33
810,10	1183,73
810,27	1212,40
810,44	1218,54
810,62	1216,49
810,79	1185,77
810,96	1193,97
811,14	1161,20
811,31	1138,67
811,48	1196,01
811,66	1251,31
811,83	1232,88
812,00	1161,20
812,18	1171,44
812,35	1212,40
812,52	1136,62
812,69	1196,01
812,87	1114,10
813,04	1122,29
813,21	1155,05
813,39	1120,24
813,56	1204,21
813,73	1177,58
813,91	1206,25
814,08	1175,53
814,25	1116,14
814,42	1183,73
814,60	1187,82
814,77	1157,10
814,94	1257,45
815,12	1193,97
815,29	1095,66
815,46	1128,43
815,63	1148,91
815,81	1198,06
815,98	1222,64
816,15	1273,84
816,33	1138,67
816,50	1224,69
816,67	1153,01
816,84	1101,81
817,02	1155,05
817,19	1222,64
817,36	1216,49
817,53	1118,19
817,71	1021,94
817,88	1105,90
818,05	1185,77
818,22	1189,87
818,40	1163,25
818,57	1142,77
818,74	1173,49
818,91	1255,40
819,09	1130,48
819,26	1114,10
819,43	1204,21
819,60	1163,25
819,78	1177,58
819,95	1124,33
820,12	1153,01
820,29	1204,21
820,47	1222,64
820,64	1183,73
820,81	1118,19
820,98	1179,63
821,15	1138,67
821,33	1157,10
821,50	1210,35
821,67	1212,40
821,84	1204,21
822,02	1232,88
822,19	1124,33
822,36	1191,92
822,53	1136,62
822,70	1148,91
822,88	1222,64
823,05	1142,77
823,22	1140,72
823,39	1208,30
823,56	1163,25
823,74	1212,40
823,91	1126,38
824,08	1222,64
824,25	1116,14
824,42	1255,40
824,60	1177,58
824,77	1183,73
824,94	1171,44
825,11	1110,00
825,28	1138,67
825,45	1150,96
825,63	1173,49
825,80	1214,45
825,97	1136,62
826,14	1177,58
826,31	1177,58
826,48	1181,68
826,66	1212,40
826,83	1167,34
827,00	1142,77
827,17	1191,92
827,34	1171,44
827,51	1155,05
827,69	1232,88
827,86	1210,35
828,03	1185,77
828,20	1226,73
828,37	1220,59
828,54	1144,81
828,71	1173,49
828,89	1269,74
829,06	1183,73
829,23	1241,07
829,40	1245,16
829,57	1187,82
829,74	1173,49
829,91	1204,21
830,09	1167,34
830,26	1253,36
830,43	1185,77
830,60	1142,77
830,77	1220,59
830,94	1179,63
831,11	1220,59
831,28	1216,49
831,46	1202,16
831,63	1228,78
831,80	1140,72
831,97	1169,39
832,14	1193,97
832,31	1224,69
832,48	1148,91
832,65	1134,57
832,82	1171,44
832,99	1159,15
833,17	1196,01
833,34	1228,78
833,51	1200,11
833,68	1157,10
833,85	1171,44
834,02	1198,06
834,19	1128,43
834,36	1226,73
834,53	1163,25
834,70	1191,92
834,87	1181,68
835,04	1173,49
835,22	1198,06
835,39	1189,87
835,56	1222,64
835,73	1200,11
835,90	1191,92
836,07	1116,14
836,24	1212,40
836,41	1212,40
836,58	1191,92
836,75	1206,25
836,92	1181,68
837,09	1220,59
837,26	1132,53
837,43	1122,29
837,60	1153,01
837,77	1159,15
837,94	1224,69
838,12	1175,53
838,29	1142,77
838,46	1161,20
838,63	1204,21
838,80	1251,31
838,97	1216,49
839,14	1259,50
839,31	1132,53
839,48	1134,57
839,65	1212,40
839,82	1148,91
839,99	1107,95
840,16	1128,43
840,33	1214,45
840,50	1198,06
840,67	1191,92
840,84	1163,25
841,01	1196,01
841,18	1241,07
841,35	1232,88
841,52	1118,19
841,69	1165,29
841,86	1130,48
842,03	1173,49
842,20	1093,62
842,37	1187,82
842,54	1173,49
842,71	1169,39
842,88	1253,36
843,05	1167,34
843,22	1193,97
843,39	1232,88
843,56	1157,10
843,73	1136,62
843,90	1183,73
844,07	1243,12
844,24	1183,73
844,41	1179,63
844,58	1183,73
844,75	1144,81
844,92	1175,53
845,09	1224,69
845,26	1099,76
845,43	1187,82
845,60	1097,71
845,77	1179,63
845,94	1179,63
846,10	1167,34
846,27	1206,25
846,44	1232,88
846,61	1196,01
846,78	1185,77
846,95	1175,53
847,12	1130,48
847,29	1126,38
847,46	1200,11
847,63	1206,25
847,80	1191,92
847,97	1118,19
848,14	1187,82
848,31	1232,88
848,48	1161,20
848,65	1177,58
848,82	1181,68
848,98	1198,06
849,15	1189,87
849,32	1150,96
849,49	1214,45
849,66	1204,21
849,83	1175,53
850,00	1136,62
850,17	1185,77
850,34	1216,49
850,51	1222,64
850,68	1153,01
850,85	1132,53
851,01	1253,36
851,18	1159,15
851,35	1189,87
851,52	1255,40
851,69	1200,11
851,86	1191,92
852,03	1126,38
852,20	1155,05
852,37	1177,58
852,53	1198,06
852,70	1118,19
852,87	1185,77
853,04	1175,53
853,21	1171,44
853,38	1183,73
853,55	1124,33
853,72	1206,25
853,89	1230,83
854,05	1155,05
854,22	1114,10
854,39	1161,20
854,56	1212,40
854,73	1169,39
854,90	1185,77
855,07	1200,11
855,23	1169,39
855,40	1222,64
855,57	1148,91
855,74	1173,49
855,91	1181,68
856,08	1171,44
856,25	1202,16
856,41	1155,05
856,58	1144,81
856,75	1163,25
856,92	1177,58
857,09	1165,29
857,26	1136,62
857,42	1196,01
857,59	1179,63
857,76	1208,30
857,93	1175,53
858,10	1273,84
858,27	1169,39
858,43	1163,25
858,60	1159,15
858,77	1177,58
858,94	1116,14
859,11	1234,93
859,27	1181,68
859,44	1116,14
859,61	1177,58
859,78	1175,53
859,95	1249,26
860,12	1251,31
860,28	1198,06
860,45	1234,93
860,62	1175,53
860,79	1169,39
860,95	1228,78
861,12	1224,69
861,29	1161,20
861,46	1148,91
861,63	1220,59
861,79	1208,30
861,96	1220,59
862,13	1130,48
862,30	1146,86
862,47	1241,07
862,63	1148,91
862,80	1189,87
862,97	1185,77
863,14	1148,91
863,30	1179,63
863,47	1150,96
863,64	1150,96
863,81	1140,72
863,97	1140,72
864,14	1245,16
864,31	1175,53
864,48	1198,06
864,65	1167,34
864,81	1245,16
864,98	1124,33
865,15	1173,49
865,32	1163,25
865,48	1228,78
865,65	1138,67
865,82	1196,01
865,98	1198,06
866,15	1241,07
866,32	1165,29
866,49	1210,35
866,65	1112,05
866,82	1134,57
866,99	1177,58
867,16	1087,47
867,32	1198,06
867,49	1136,62
867,66	1146,86
867,83	1173,49
867,99	1142,77
868,16	1120,24
868,33	1150,96
868,49	1132,53
868,66	1200,11
868,83	1167,34
868,99	1167,34
869,16	1126,38
869,33	1167,34
869,50	1161,20
869,66	1185,77
869,83	1183,73
870,00	1161,20
870,16	1210,35
870,33	1161,20
870,50	1198,06
870,66	1179,63
870,83	1138,67
871,00	1208,30
871,17	1144,81
871,33	1171,44
871,50	1218,54
871,67	1175,53
871,83	1173,49
872,00	1214,45
872,17	1097,71
872,33	1171,44
872,50	1136,62
872,67	1187,82
872,83	1171,44
873,00	1163,25
873,17	1124,33
873,33	1097,71
873,50	1212,40
873,67	1177,58
873,83	1230,83
874,00	1189,87
874,16	1255,40
874,33	1185,77
874,50	1226,73
874,66	1146,86
874,83	1204,21
875,00	1222,64
875,16	1175,53
875,33	1226,73
875,50	1144,81
875,66	1161,20
875,83	1220,59
875,99	1187,82
876,16	1179,63
876,33	1193,97
876,49	1181,68
876,66	1198,06
876,83	1150,96
876,99	1228,78
877,16	1173,49
877,32	1142,77
877,49	1153,01
877,66	1202,16
877,82	1181,68
877,99	1187,82
878,15	1132,53
878,32	1148,91
878,49	1169,39
878,65	1122,29
878,82	1189,87
878,98	1204,21
879,15	1148,91
879,32	1089,52
879,48	1206,25
879,65	1159,15
879,81	1171,44
879,98	1239,02
880,15	1222,64
880,31	1101,81
880,48	1167,34
880,64	1136,62
880,81	1230,83
880,97	1159,15
881,14	1230,83
881,31	1200,11
881,47	1167,34
881,64	1138,67
881,80	1173,49
881,97	1206,25
882,13	1277,93
882,30	1163,25
882,47	1171,44
882,63	1142,77
882,80	1185,77
882,96	1230,83
883,13	1155,05
883,29	1107,95
883,46	1200,11
883,62	1214,45
883,79	1210,35
883,95	1159,15
884,12	1163,25
884,29	1146,86
884,45	1216,49
884,62	1181,68
884,78	1140,72
884,95	1208,30
885,11	1183,73
885,28	1118,19
885,44	1214,45
885,61	1130,48
885,77	1187,82
885,94	1157,10
886,10	1204,21
886,27	1163,25
886,43	1150,96
886,60	1193,97
886,76	1153,01
886,93	1173,49
887,09	1239,02
887,26	1128,43
887,42	1171,44
887,59	1181,68
887,75	1196,01
887,92	1243,12
888,08	1169,39
888,25	1112,05
888,41	1265,64
888,58	1243,12
888,74	1208,30
888,91	1155,05
