177,47	1241,07
177,69	1241,07
177,91	1241,07
178,13	1136,62
178,36	1193,97
178,58	1218,54
178,80	1134,57
179,02	1146,86
179,24	1216,49
179,46	1185,77
179,68	1196,01
179,90	1202,16
180,13	1181,68
180,35	1232,88
180,57	1204,21
180,79	1196,01
181,01	1249,26
181,23	1120,24
181,45	1105,90
181,67	1220,59
181,90	1107,95
182,12	1097,71
182,34	1146,86
182,56	1157,10
182,78	1177,58
183,00	1200,11
183,22	1140,72
183,44	1124,33
183,66	1144,81
183,89	1204,21
184,11	1171,44
184,33	1159,15
184,55	1204,21
184,77	1173,49
184,99	1173,49
185,21	1134,57
185,43	1314,80
185,65	1159,15
185,87	1140,72
186,10	1175,53
186,32	1167,34
186,54	1185,77
186,76	1181,68
186,98	1179,63
187,20	1159,15
187,42	1206,25
187,64	1191,92
187,86	1169,39
188,08	1134,57
188,30	1163,25
188,52	1191,92
188,75	1187,82
188,97	1179,63
189,19	1167,34
189,41	1175,53
189,63	1161,20
189,85	1064,94
190,07	1183,73
190,29	1179,63
190,51	1132,53
190,73	1173,49
190,95	1212,40
191,17	1167,34
191,39	1167,34
191,61	1110,00
191,84	1150,96
192,06	1210,35
192,28	1126,38
192,50	1140,72
192,72	1089,52
192,94	1122,29
193,16	1089,52
193,38	1144,81
193,60	1128,43
193,82	1159,15
194,04	1202,16
194,26	1208,30
194,48	1222,64
194,70	1175,53
194,92	1167,34
195,14	1159,15
195,36	1110,00
195,58	1150,96
195,80	1185,77
196,02	1130,48
196,24	1103,86
196,46	1193,97
196,69	1183,73
196,91	1200,11
197,13	1179,63
197,35	1218,54
197,57	1159,15
197,79	1146,86
198,01	1200,11
198,23	1208,30
198,45	1173,49
198,67	1175,53
198,89	1167,34
199,11	1173,49
199,33	1148,91
199,55	1210,35
199,77	1216,49
199,99	1118,19
200,21	1155,05
200,43	1132,53
200,65	1153,01
200,87	1247,21
201,09	1171,44
201,31	1183,73
201,53	1153,01
201,75	1134,57
201,97	1169,39
202,19	1107,95
202,41	1155,05
202,63	1130,48
202,85	1236,97
203,07	1163,25
203,29	1138,67
203,51	1202,16
203,73	1181,68
203,95	1198,06
204,17	1191,92
204,39	1165,29
204,61	1204,21
204,83	1183,73
205,05	1204,21
205,27	1110,00
205,49	1157,10
205,71	1150,96
205,93	1146,86
206,15	1167,34
206,37	1148,91
206,59	1153,01
206,81	1157,10
207,03	1134,57
207,25	1163,25
207,47	1159,15
207,69	1159,15
207,91	1153,01
208,13	1142,77
208,34	1105,90
208,56	1175,53
208,78	1214,45
209,00	1126,38
209,22	1236,97
209,44	1081,33
209,66	1175,53
209,88	1216,49
210,10	1187,82
210,32	1157,10
210,54	1173,49
210,76	1185,77
210,98	1175,53
211,20	1116,14
211,42	1142,77
211,64	1150,96
211,86	1191,92
212,08	1148,91
212,30	1173,49
212,52	1181,68
212,74	1187,82
212,96	1153,01
213,17	1183,73
213,39	1136,62
213,61	1118,19
213,83	1220,59
214,05	1116,14
214,27	1179,63
214,49	1155,05
214,71	1128,43
214,93	1144,81
215,15	1228,78
215,37	1085,42
215,59	1155,05
215,81	1189,87
216,03	1216,49
216,24	1144,81
216,46	1169,39
216,68	1189,87
216,90	1124,33
217,12	1222,64
217,34	1101,81
217,56	1239,02
217,78	1171,44
218,00	1228,78
218,22	1128,43
218,44	1159,15
218,66	1196,01
218,87	1134,57
219,09	1150,96
219,31	1159,15
219,53	1099,76
219,75	1177,58
219,97	1146,86
220,19	1185,77
220,41	1124,33
220,63	1159,15
220,85	1239,02
221,06	1173,49
221,28	1290,22
221,50	1126,38
221,72	1120,24
221,94	1112,05
222,16	1159,15
222,38	1183,73
222,60	1132,53
222,82	1130,48
223,03	1120,24
223,25	1122,29
223,47	1144,81
223,69	1124,33
223,91	1179,63
224,13	1183,73
224,35	1181,68
224,57	1181,68
224,78	1146,86
225,00	1193,97
225,22	1189,87
225,44	1175,53
225,66	1060,85
225,88	1167,34
226,10	1116,14
226,32	1103,86
226,53	1183,73
226,75	1062,90
226,97	1189,87
227,19	1134,57
227,41	1200,11
227,63	1171,44
227,85	1210,35
228,06	1155,05
228,28	1189,87
228,50	1181,68
228,72	1093,62
228,94	1183,73
229,16	1187,82
229,37	1138,67
229,59	1224,69
229,81	1245,16
230,03	1177,58
230,25	1044,46
230,47	1171,44
230,69	1169,39
230,90	1179,63
231,12	1173,49
231,34	1232,88
231,56	1196,01
231,78	1198,06
232,00	1253,36
232,21	1173,49
232,43	1200,11
232,65	1144,81
232,87	1179,63
233,09	1155,05
233,30	1196,01
233,52	1146,86
233,74	1171,44
233,96	1214,45
234,18	1228,78
234,40	1132,53
234,61	1275,88
234,83	1179,63
235,05	1191,92
235,27	1095,66
235,49	1114,10
235,70	1204,21
235,92	1245,16
236,14	1146,86
236,36	1189,87
236,58	1183,73
236,79	1122,29
237,01	1144,81
237,23	1157,10
237,45	1171,44
237,67	1140,72
237,88	1120,24
238,10	1216,49
238,32	1140,72
238,54	1150,96
238,76	1185,77
238,97	1167,34
239,19	1150,96
239,41	1146,86
239,63	1292,27
239,85	1177,58
240,06	1146,86
240,28	1099,76
240,50	1155,05
240,72	1220,59
240,93	1114,10
241,15	1150,96
241,37	1218,54
241,59	1222,64
241,81	1183,73
242,02	1165,29
242,24	1163,25
242,46	1173,49
242,68	1144,81
242,89	1226,73
243,11	1079,28
243,33	1181,68
243,55	1189,87
243,76	1210,35
243,98	1196,01
244,20	1159,15
244,42	1210,35
244,64	1134,57
244,85	1132,53
245,07	1124,33
245,29	1148,91
245,51	1146,86
245,72	1118,19
245,94	1206,25
246,16	1196,01
246,38	1173,49
246,59	1157,10
246,81	1153,01
247,03	1142,77
247,24	1234,93
247,46	1134,57
247,68	1136,62
247,90	1118,19
248,11	1218,54
248,33	1189,87
248,55	1177,58
248,77	1202,16
248,98	1159,15
249,20	1142,77
249,42	1187,82
249,64	1187,82
249,85	1185,77
250,07	1165,29
250,29	1167,34
250,50	1175,53
250,72	1179,63
250,94	1171,44
251,16	1060,85
251,37	1187,82
251,59	1146,86
251,81	1136,62
252,02	1177,58
252,24	1112,05
252,46	1222,64
252,68	1169,39
252,89	1153,01
253,11	1181,68
253,33	1150,96
253,54	1191,92
253,76	1206,25
253,98	1171,44
254,20	1181,68
254,41	1157,10
254,63	1130,48
254,85	1134,57
255,06	1122,29
255,28	1153,01
255,50	1167,34
255,71	1165,29
255,93	1171,44
256,15	1173,49
256,36	1239,02
256,58	1232,88
256,80	1196,01
257,02	1163,25
257,23	1193,97
257,45	1103,86
257,67	1202,16
257,88	1148,91
258,10	1161,20
258,32	1177,58
258,53	1105,90
258,75	1179,63
258,97	1193,97
259,18	1153,01
259,40	1165,29
259,62	1196,01
259,83	1241,07
260,05	1171,44
260,27	1122,29
260,48	1185,77
260,70	1181,68
260,92	1171,44
261,13	1157,10
261,35	1157,10
261,57	1150,96
261,78	1083,38
262,00	1175,53
262,22	1216,49
262,43	1114,10
262,65	1175,53
262,86	1185,77
263,08	1167,34
263,30	1181,68
263,51	1224,69
263,73	1167,34
263,95	1161,20
264,16	1220,59
264,38	1161,20
264,60	1200,11
264,81	1134,57
265,03	1142,77
265,25	1163,25
265,46	1204,21
265,68	1181,68
265,89	1224,69
266,11	1179,63
266,33	1148,91
266,54	1181,68
266,76	1132,53
266,98	1163,25
267,19	1150,96
267,41	1171,44
267,62	1183,73
267,84	1212,40
268,06	1161,20
268,27	1177,58
268,49	1198,06
268,70	1120,24
268,92	1198,06
269,14	1232,88
269,35	1148,91
269,57	1171,44
269,79	1167,34
270,00	1208,30
270,22	1179,63
270,43	1116,14
270,65	1171,44
270,87	1126,38
271,08	1214,45
271,30	1118,19
271,51	1241,07
271,73	1153,01
271,95	1138,67
272,16	1157,10
272,38	1142,77
272,59	1230,83
272,81	1196,01
273,02	1212,40
273,24	1165,29
273,46	1210,35
273,67	1128,43
273,89	1230,83
274,10	1175,53
274,32	1130,48
274,54	1124,33
274,75	1128,43
274,97	1202,16
275,18	1130,48
275,40	1132,53
275,61	1107,95
275,83	1216,49
276,05	1153,01
276,26	1103,86
276,48	1130,48
276,69	1140,72
276,91	1163,25
277,12	1218,54
277,34	1103,86
277,55	1228,78
277,77	1226,73
277,99	1196,01
278,20	1128,43
278,42	1196,01
278,63	1073,14
278,85	1175,53
279,06	1165,29
279,28	1198,06
279,49	1181,68
279,71	1142,77
279,93	1185,77
280,14	1202,16
280,36	1148,91
280,57	1224,69
280,79	1171,44
281,00	1167,34
281,22	1200,11
281,43	1191,92
281,65	1202,16
281,86	1183,73
282,08	1177,58
282,29	1212,40
282,51	1191,92
282,73	1214,45
282,94	1179,63
283,16	1026,03
283,37	1171,44
283,59	1181,68
283,80	1163,25
284,02	1208,30
284,23	1191,92
284,45	1206,25
284,66	1191,92
284,88	1132,53
285,09	1093,62
285,31	1234,93
285,52	1208,30
285,74	1167,34
285,95	1200,11
286,17	1150,96
286,38	1196,01
286,60	1220,59
286,81	1249,26
287,03	1165,29
287,24	1206,25
287,46	1200,11
287,67	1130,48
287,89	1210,35
288,10	1171,44
288,32	1167,34
288,53	1116,14
288,75	1165,29
288,96	1134,57
289,18	1183,73
289,39	1204,21
289,61	1212,40
289,82	1179,63
290,04	1196,01
290,25	1099,76
290,47	1191,92
290,68	1167,34
290,90	1200,11
291,11	1169,39
291,33	1126,38
291,54	1153,01
291,76	1183,73
291,97	1157,10
292,18	1189,87
292,40	1161,20
292,61	1116,14
292,83	1181,68
293,04	1157,10
293,26	1142,77
293,47	1159,15
293,69	1185,77
293,90	1220,59
294,12	1155,05
294,33	1185,77
294,55	1222,64
294,76	1179,63
294,97	1140,72
295,19	1230,83
295,40	1146,86
295,62	1198,06
295,83	1185,77
296,05	1150,96
296,26	1140,72
296,48	1155,05
296,69	1159,15
296,90	1153,01
297,12	1165,29
297,33	1173,49
297,55	1185,77
297,76	1220,59
297,98	1185,77
298,19	1173,49
298,41	1165,29
298,62	1222,64
298,83	1146,86
299,05	1130,48
299,26	1255,40
299,48	1181,68
299,69	1167,34
299,90	1165,29
300,12	1171,44
300,33	1234,93
300,55	1191,92
300,76	1163,25
300,98	1202,16
301,19	1202,16
301,40	1181,68
301,62	1155,05
301,83	1163,25
302,05	1202,16
302,26	1196,01
302,47	1193,97
302,69	1150,96
302,90	1196,01
303,12	1052,66
303,33	1208,30
303,54	1134,57
303,76	1181,68
303,97	1161,20
304,19	1218,54
304,40	1187,82
304,61	1200,11
304,83	1159,15
305,04	1267,69
305,26	1167,34
305,47	1155,05
305,68	1243,12
305,90	1138,67
306,11	1114,10
306,33	1089,52
306,54	1132,53
306,75	1155,05
306,97	1165,29
307,18	1187,82
307,39	1126,38
307,61	1187,82
307,82	1167,34
308,04	1200,11
308,25	1146,86
308,46	1167,34
308,68	1169,39
308,89	1206,25
309,10	1251,31
309,32	1159,15
309,53	1132,53
309,74	1140,72
309,96	1167,34
310,17	1214,45
310,39	1189,87
310,60	1198,06
310,81	1187,82
311,03	1132,53
311,24	1171,44
311,45	1191,92
311,67	1159,15
311,88	1159,15
312,09	1138,67
312,31	1208,30
312,52	1191,92
312,73	1099,76
312,95	1212,40
313,16	1157,10
313,37	1191,92
313,59	1122,29
313,80	1206,25
314,01	1116,14
314,23	1126,38
314,44	1179,63
314,65	1198,06
314,87	1191,92
315,08	1212,40
315,29	1132,53
315,51	1167,34
315,72	1120,24
315,93	1212,40
316,15	1189,87
316,36	1236,97
316,57	1208,30
316,79	1097,71
317,00	1144,81
317,21	1206,25
317,43	1130,48
317,64	1173,49
317,85	1249,26
318,07	1163,25
318,28	1175,53
318,49	1210,35
318,70	1153,01
318,92	1163,25
319,13	1132,53
319,34	1230,83
319,56	1126,38
319,77	1228,78
319,98	1173,49
320,20	1234,93
320,41	1155,05
320,62	1171,44
320,83	1187,82
321,05	1179,63
321,26	1234,93
321,47	1249,26
321,69	1097,71
321,90	1136,62
322,11	1187,82
322,32	1210,35
322,54	1214,45
322,75	1191,92
322,96	1212,40
323,18	1222,64
323,39	1236,97
323,60	1196,01
323,81	1138,67
324,03	1179,63
324,24	1245,16
324,45	1212,40
324,66	1150,96
324,88	1159,15
325,09	1134,57
325,30	1140,72
325,52	1230,83
325,73	1163,25
325,94	1146,86
326,15	1107,95
326,37	1157,10
326,58	1175,53
326,79	1118,19
327,00	1200,11
327,22	1198,06
327,43	1153,01
327,64	1148,91
327,85	1155,05
328,07	1239,02
328,28	1112,05
328,49	1148,91
328,70	1114,10
328,92	1200,11
329,13	1144,81
329,34	1224,69
329,55	1228,78
329,76	1159,15
329,98	1150,96
330,19	1122,29
330,40	1236,97
330,61	1208,30
330,83	1228,78
331,04	1165,29
331,25	1171,44
331,46	1234,93
331,68	1146,86
331,89	1132,53
332,10	1200,11
332,31	1118,19
332,52	1204,21
332,74	1136,62
332,95	1171,44
333,16	1157,10
333,37	1232,88
333,58	1148,91
333,80	1114,10
334,01	1167,34
334,22	1181,68
334,43	1159,15
334,64	1179,63
334,86	1226,73
335,07	1112,05
335,28	1259,50
335,49	1198,06
335,70	1236,97
335,92	1171,44
336,13	1261,55
336,34	1159,15
336,55	1191,92
336,76	1181,68
336,98	1191,92
337,19	1220,59
337,40	1157,10
337,61	1196,01
337,82	1191,92
338,04	1101,81
338,25	1204,21
338,46	1171,44
338,67	1110,00
338,88	1187,82
339,09	1161,20
339,31	1148,91
339,52	1150,96
339,73	1153,01
339,94	1150,96
340,15	1144,81
340,36	1171,44
340,58	1226,73
340,79	1216,49
341,00	1140,72
341,21	1179,63
341,42	1134,57
341,63	1175,53
341,85	1124,33
342,06	1146,86
342,27	1171,44
342,48	1165,29
342,69	1181,68
342,90	1185,77
343,12	1150,96
343,33	1140,72
343,54	1132,53
343,75	1163,25
343,96	1183,73
344,17	1191,92
344,38	1144,81
344,60	1132,53
344,81	1183,73
345,02	1161,20
345,23	1136,62
345,44	1175,53
345,65	1153,01
345,86	1183,73
346,07	1216,49
346,29	1255,40
346,50	1189,87
346,71	1220,59
346,92	1122,29
347,13	1159,15
347,34	1191,92
347,55	1239,02
347,76	1163,25
347,98	1091,57
348,19	1116,14
348,40	1150,96
348,61	1101,81
348,82	1179,63
349,03	1200,11
349,24	1196,01
349,45	1112,05
349,66	1110,00
349,88	1134,57
350,09	1204,21
350,30	1198,06
350,51	1208,30
350,72	1159,15
350,93	1208,30
351,14	1167,34
351,35	1142,77
351,56	1134,57
351,77	1202,16
351,99	1175,53
352,20	1103,86
352,41	1196,01
352,62	1112,05
352,83	1161,20
353,04	1210,35
353,25	1157,10
353,46	1128,43
353,67	1212,40
353,88	1173,49
354,09	1208,30
354,30	1157,10
354,52	1171,44
354,73	1171,44
354,94	1185,77
355,15	1159,15
355,36	1144,81
355,57	1155,05
355,78	1200,11
355,99	1165,29
356,20	1220,59
356,41	1101,81
356,62	1175,53
356,83	1110,00
357,04	1249,26
357,25	1144,81
357,46	1298,41
357,68	1167,34
357,89	1116,14
358,10	1191,92
358,31	1181,68
358,52	1159,15
358,73	1083,38
358,94	1167,34
359,15	1138,67
359,36	1159,15
359,57	1196,01
359,78	1140,72
359,99	1071,09
360,20	1146,86
360,41	1130,48
360,62	1216,49
360,83	1175,53
361,04	1126,38
361,25	1142,77
361,46	1142,77
361,67	1171,44
361,88	1183,73
362,09	1159,15
362,30	1177,58
362,51	1181,68
362,72	1212,40
362,93	1224,69
363,14	1193,97
363,35	1171,44
363,56	1200,11
363,78	1239,02
363,99	1095,66
364,20	1204,21
364,41	1185,77
364,62	1185,77
364,83	1169,39
365,04	1218,54
365,25	1103,86
365,46	1089,52
365,67	1138,67
365,88	1120,24
366,09	1136,62
366,30	1132,53
366,51	1167,34
366,72	1183,73
366,93	1198,06
367,14	1200,11
367,35	1185,77
367,56	1175,53
367,77	1099,76
367,98	1144,81
368,18	1222,64
368,39	1216,49
368,60	1148,91
368,81	1193,97
369,02	1214,45
369,23	1101,81
369,44	1179,63
369,65	1187,82
369,86	1163,25
370,07	1142,77
370,28	1159,15
370,49	1122,29
370,70	1150,96
370,91	1132,53
371,12	1150,96
371,33	1216,49
371,54	1091,57
371,75	1142,77
371,96	1236,97
372,17	1179,63
372,38	1206,25
372,59	1124,33
372,80	1175,53
373,01	1126,38
373,22	1179,63
373,43	1200,11
373,64	1120,24
373,85	1089,52
374,06	1128,43
374,26	1146,86
374,47	1150,96
374,68	1107,95
374,89	1206,25
375,10	1177,58
375,31	1169,39
375,52	1159,15
375,73	1153,01
375,94	1150,96
376,15	1155,05
376,36	1189,87
376,57	1110,00
376,78	1218,54
376,99	1146,86
377,20	1187,82
377,40	1245,16
377,61	1171,44
377,82	1157,10
378,03	1171,44
378,24	1204,21
378,45	1202,16
378,66	1085,42
378,87	1136,62
379,08	1150,96
379,29	1222,64
379,50	1134,57
379,71	1193,97
379,91	1110,00
380,12	1212,40
380,33	1138,67
380,54	1126,38
380,75	1140,72
380,96	1241,07
381,17	1206,25
381,38	1224,69
381,59	1138,67
381,80	1140,72
382,00	1224,69
382,21	1206,25
382,42	1265,64
382,63	1216,49
382,84	1181,68
383,05	1187,82
383,26	1206,25
383,47	1196,01
383,68	1167,34
383,88	1140,72
384,09	1083,38
384,30	1138,67
384,51	1099,76
384,72	1179,63
384,93	1138,67
385,14	1132,53
385,35	1241,07
385,55	1187,82
385,76	1224,69
385,97	1183,73
386,18	1101,81
386,39	1153,01
386,60	1150,96
386,81	1071,09
387,02	1155,05
387,22	1175,53
387,43	1128,43
387,64	1134,57
387,85	1220,59
388,06	1112,05
388,27	1116,14
388,48	1101,81
388,68	1124,33
388,89	1200,11
389,10	1122,29
389,31	1243,12
389,52	1161,20
389,73	1136,62
389,93	1181,68
390,14	1163,25
390,35	1183,73
390,56	1173,49
390,77	1114,10
390,98	1183,73
391,18	1183,73
391,39	1122,29
391,60	1122,29
391,81	1218,54
392,02	1208,30
392,23	1159,15
392,43	1150,96
392,64	1153,01
392,85	1216,49
393,06	1101,81
393,27	1142,77
393,47	1224,69
393,68	1216,49
393,89	1167,34
394,10	1140,72
394,31	1216,49
394,52	1175,53
394,72	1189,87
394,93	1159,15
395,14	1114,10
395,35	1214,45
395,56	1130,48
395,76	1216,49
395,97	1134,57
396,18	1206,25
396,39	1112,05
396,60	1198,06
396,80	1230,83
397,01	1153,01
397,22	1189,87
397,43	1202,16
397,64	1249,26
397,84	1148,91
398,05	1216,49
398,26	1118,19
398,47	1173,49
398,67	1150,96
398,88	1239,02
399,09	1144,81
399,30	1191,92
399,51	1165,29
399,71	1204,21
399,92	1069,04
400,13	1259,50
400,34	1142,77
400,54	1171,44
400,75	1208,30
400,96	1183,73
401,17	1226,73
401,37	1222,64
401,58	1112,05
401,79	1134,57
402,00	1161,20
402,21	1193,97
402,41	1140,72
402,62	1148,91
402,83	1177,58
403,04	1105,90
403,24	1208,30
403,45	1169,39
403,66	1208,30
403,87	1181,68
404,07	1189,87
404,28	1181,68
404,49	1220,59
404,70	1175,53
404,90	1157,10
405,11	1196,01
405,32	1204,21
405,52	1196,01
405,73	1189,87
405,94	1105,90
406,15	1136,62
406,35	1132,53
406,56	1138,67
406,77	1208,30
406,98	1169,39
407,18	1193,97
407,39	1212,40
407,60	1165,29
407,80	1263,60
408,01	1120,24
408,22	1148,91
408,43	1155,05
408,63	1167,34
408,84	1171,44
409,05	1212,40
409,25	1138,67
409,46	1148,91
409,67	1193,97
409,88	1122,29
410,08	1085,42
410,29	1163,25
410,50	1257,45
410,70	1157,10
410,91	1187,82
411,12	1173,49
411,32	1130,48
411,53	1216,49
411,74	1101,81
411,95	1126,38
412,15	1138,67
412,36	1189,87
412,57	1251,31
412,77	1165,29
412,98	1257,45
413,19	1220,59
413,39	1179,63
413,60	1134,57
413,81	1122,29
414,01	1206,25
414,22	1155,05
414,43	1153,01
414,63	1169,39
414,84	1245,16
415,05	1202,16
415,25	1218,54
415,46	1142,77
415,67	1105,90
415,87	1206,25
416,08	1214,45
416,29	1239,02
416,49	1159,15
416,70	1214,45
416,91	1210,35
417,11	1200,11
417,32	1167,34
417,53	1099,76
417,73	1140,72
417,94	1187,82
418,15	1153,01
418,35	1181,68
418,56	1200,11
418,77	1187,82
418,97	1128,43
419,18	1155,05
419,38	1155,05
419,59	1148,91
419,80	1122,29
420,00	1095,66
420,21	1175,53
420,42	1200,11
420,62	1163,25
420,83	1136,62
421,04	1208,30
421,24	1216,49
421,45	1066,99
421,65	1181,68
421,86	1142,77
422,07	1163,25
422,27	1259,50
422,48	1093,62
422,69	1243,12
422,89	1220,59
423,10	1181,68
423,30	1159,15
423,51	1167,34
423,72	1196,01
423,92	1134,57
424,13	1202,16
424,33	1157,10
424,54	1142,77
424,75	1214,45
424,95	1159,15
425,16	1208,30
425,36	1208,30
425,57	1103,86
425,78	1157,10
425,98	1191,92
426,19	1146,86
426,39	1153,01
426,60	1187,82
426,81	1222,64
427,01	1181,68
427,22	1157,10
427,42	1200,11
427,63	1206,25
427,83	1206,25
428,04	1216,49
428,25	1193,97
428,45	1112,05
428,66	1179,63
428,86	1222,64
429,07	1124,33
429,28	1257,45
429,48	1185,77
429,69	1142,77
429,89	1146,86
430,10	1241,07
430,30	1175,53
430,51	1128,43
430,71	1130,48
430,92	1114,10
431,13	1089,52
431,33	1232,88
431,54	1146,86
431,74	1224,69
431,95	1224,69
432,15	1132,53
432,36	1126,38
432,56	1191,92
432,77	1114,10
432,98	1167,34
433,18	1101,81
433,39	1200,11
433,59	1126,38
433,80	1173,49
434,00	1159,15
434,21	1204,21
434,41	1112,05
434,62	1167,34
434,82	1144,81
435,03	1175,53
435,23	1138,67
435,44	1241,07
435,64	1157,10
435,85	1161,20
436,06	1155,05
436,26	1271,79
436,47	1146,86
436,67	1118,19
436,88	1193,97
437,08	1169,39
437,29	1159,15
437,49	1181,68
437,70	1118,19
437,90	1138,67
438,11	1140,72
438,31	1206,25
438,52	1187,82
438,72	1187,82
438,93	1134,57
439,13	1175,53
439,34	1153,01
439,54	1196,01
439,75	1196,01
439,95	1222,64
440,16	1212,40
440,36	1173,49
440,57	1204,21
440,77	1167,34
440,98	1144,81
441,18	1134,57
441,39	1175,53
441,59	1153,01
441,80	1220,59
442,00	1144,81
442,21	1200,11
442,41	1159,15
442,62	1155,05
442,82	1175,53
443,02	1171,44
443,23	1187,82
443,43	1142,77
443,64	1183,73
443,84	1193,97
444,05	1216,49
444,25	1175,53
444,46	1146,86
444,66	1204,21
444,87	1140,72
445,07	1159,15
445,28	1230,83
445,48	1150,96
445,69	1171,44
445,89	1134,57
446,09	1171,44
446,30	1146,86
446,50	1120,24
446,71	1187,82
446,91	1212,40
447,12	1204,21
447,32	1273,84
447,53	1169,39
447,73	1099,76
447,93	1175,53
448,14	1198,06
448,34	1232,88
448,55	1206,25
448,75	1105,90
448,96	1155,05
449,16	1196,01
449,36	1196,01
449,57	1191,92
449,77	1241,07
449,98	1175,53
450,18	1220,59
450,39	1142,77
450,59	1126,38
450,79	1165,29
451,00	1177,58
451,20	1142,77
451,41	1159,15
451,61	1101,81
451,81	1187,82
452,02	1142,77
452,22	1142,77
452,43	1236,97
452,63	1193,97
452,84	1212,40
453,04	1056,75
453,24	1212,40
453,45	1134,57
453,65	1208,30
453,86	1181,68
454,06	1163,25
454,26	1171,44
454,47	1208,30
454,67	1284,08
454,87	1191,92
455,08	1191,92
455,28	1171,44
455,49	1155,05
455,69	1179,63
455,89	1140,72
456,10	1116,14
456,30	1175,53
456,51	1179,63
456,71	1159,15
456,91	1118,19
457,12	1196,01
457,32	1179,63
457,52	1163,25
457,73	1146,86
457,93	1183,73
458,14	1126,38
458,34	1187,82
458,54	1196,01
458,75	1122,29
458,95	1210,35
459,15	1134,57
459,36	1120,24
459,56	1206,25
459,76	1132,53
459,97	1179,63
460,17	1214,45
460,37	1191,92
460,58	1157,10
460,78	1218,54
460,99	1185,77
461,19	1148,91
461,39	1140,72
461,60	1189,87
461,80	1200,11
462,00	1142,77
462,21	1130,48
462,41	1179,63
462,61	1181,68
462,82	1181,68
463,02	1159,15
463,22	1214,45
463,43	1212,40
463,63	1200,11
463,83	1159,15
464,04	1198,06
464,24	1206,25
464,44	1157,10
464,64	1230,83
464,85	1183,73
465,05	1161,20
465,25	1142,77
465,46	1187,82
465,66	1157,10
465,86	1189,87
466,07	1118,19
466,27	1120,24
466,47	1236,97
466,68	1175,53
466,88	1157,10
467,08	1181,68
467,29	1230,83
467,49	1142,77
467,69	1167,34
467,89	1148,91
468,10	1171,44
468,30	1189,87
468,50	1187,82
468,71	1202,16
468,91	1157,10
469,11	1148,91
469,31	1165,29
469,52	1173,49
469,72	1196,01
469,92	1189,87
470,13	1208,30
470,33	1200,11
470,53	1200,11
470,73	1140,72
470,94	1091,57
471,14	1179,63
471,34	1159,15
471,54	1081,33
471,75	1249,26
471,95	1138,67
472,15	1200,11
472,36	1179,63
472,56	1183,73
472,76	1146,86
472,96	1130,48
473,17	1175,53
473,37	1148,91
473,57	1218,54
473,77	1220,59
473,98	1142,77
474,18	1193,97
474,38	1208,30
474,58	1173,49
474,79	1173,49
474,99	1200,11
475,19	1136,62
475,39	1284,08
475,60	1185,77
475,80	1150,96
476,00	1134,57
476,20	1193,97
476,41	1212,40
476,61	1142,77
476,81	1196,01
477,01	1124,33
477,21	1150,96
477,42	1230,83
477,62	1155,05
477,82	1181,68
478,02	1134,57
478,23	1222,64
478,43	1118,19
478,63	1208,30
478,83	1259,50
479,03	1144,81
479,24	1146,86
479,44	1136,62
479,64	1103,86
479,84	1171,44
480,04	1136,62
480,25	1105,90
480,45	1165,29
480,65	1116,14
480,85	1163,25
481,06	1224,69
481,26	1171,44
481,46	1196,01
481,66	1222,64
481,86	1157,10
482,06	1155,05
482,27	1183,73
482,47	1144,81
482,67	1187,82
482,87	1146,86
483,07	1155,05
483,28	1150,96
483,48	1118,19
483,68	1161,20
483,88	1107,95
484,08	1120,24
484,29	1173,49
484,49	1099,76
484,69	1177,58
484,89	1122,29
485,09	1210,35
485,29	1165,29
485,50	1167,34
485,70	1116,14
485,90	1196,01
486,10	1241,07
486,30	1286,12
486,50	1232,88
486,71	1226,73
486,91	1175,53
487,11	1224,69
487,31	1132,53
487,51	1204,21
487,71	1159,15
487,91	1142,77
488,12	1146,86
488,32	1169,39
488,52	1171,44
488,72	1167,34
488,92	1148,91
489,12	1196,01
489,32	1185,77
489,53	1122,29
489,73	1163,25
489,93	1142,77
490,13	1185,77
490,33	1198,06
490,53	1128,43
490,73	1130,48
490,94	1183,73
491,14	1193,97
491,34	1120,24
491,54	1169,39
491,74	1212,40
491,94	1208,30
492,14	1181,68
492,34	1206,25
492,54	1198,06
492,75	1196,01
492,95	1181,68
493,15	1159,15
493,35	1198,06
493,55	1171,44
493,75	1134,57
493,95	1212,40
494,15	1148,91
494,35	1159,15
494,56	1200,11
494,76	1267,69
494,96	1146,86
495,16	1220,59
495,36	1177,58
495,56	1239,02
495,76	1153,01
495,96	1196,01
496,16	1181,68
496,36	1183,73
496,56	1093,62
496,77	1173,49
496,97	1179,63
497,17	1175,53
497,37	1183,73
497,57	1181,68
497,77	1175,53
497,97	1144,81
498,17	1140,72
498,37	1165,29
498,57	1222,64
498,77	1218,54
498,97	1206,25
499,17	1173,49
499,38	1167,34
499,58	1140,72
499,78	1150,96
499,98	1161,20
500,18	1193,97
500,38	1124,33
500,58	1226,73
500,78	1206,25
500,98	1157,10
501,18	1249,26
501,38	1165,29
501,58	1126,38
501,78	1214,45
501,98	1116,14
502,18	1179,63
502,38	1210,35
502,58	1161,20
502,78	1222,64
502,98	1153,01
503,18	1228,78
503,38	1187,82
503,59	1169,39
503,79	1142,77
503,99	1140,72
504,19	1163,25
504,39	1191,92
504,59	1220,59
504,79	1138,67
504,99	1230,83
505,19	1136,62
505,39	1138,67
505,59	1124,33
505,79	1118,19
505,99	1196,01
506,19	1204,21
506,39	1179,63
506,59	1132,53
506,79	1193,97
506,99	1150,96
507,19	1085,42
507,39	1214,45
507,59	1183,73
507,79	1185,77
507,99	1206,25
508,19	1124,33
508,39	1169,39
508,59	1183,73
508,79	1214,45
508,99	1153,01
509,19	1175,53
509,39	1163,25
509,59	1173,49
509,79	1146,86
509,99	1083,38
510,19	1216,49
510,39	1216,49
510,59	1253,36
510,79	1124,33
510,99	1165,29
511,19	1146,86
511,39	1265,64
511,59	1173,49
511,79	1224,69
511,99	1232,88
512,19	1144,81
512,38	1101,81
512,58	1161,20
512,78	1161,20
512,98	1206,25
513,18	1142,77
513,38	1132,53
513,58	1200,11
513,78	1257,45
513,98	1148,91
514,18	1177,58
514,38	1187,82
514,58	1232,88
514,78	1161,20
514,98	1114,10
515,18	1198,06
515,38	1134,57
515,58	1146,86
515,78	1200,11
515,98	1105,90
516,18	1179,63
516,38	1241,07
516,57	1179,63
516,77	1122,29
516,97	1148,91
517,17	1155,05
517,37	1157,10
517,57	1210,35
517,77	1193,97
517,97	1208,30
518,17	1214,45
518,37	1132,53
518,57	1132,53
518,77	1198,06
518,97	1183,73
519,16	1144,81
519,36	1124,33
519,56	1153,01
519,76	1196,01
519,96	1120,24
520,16	1179,63
520,36	1150,96
520,56	1146,86
520,76	1163,25
520,96	1089,52
521,16	1179,63
521,35	1187,82
521,55	1187,82
521,75	1232,88
521,95	1124,33
522,15	1114,10
522,35	1175,53
522,55	1179,63
522,75	1198,06
522,95	1169,39
523,14	1216,49
523,34	1134,57
523,54	1157,10
523,74	1122,29
523,94	1175,53
524,14	1134,57
524,34	1189,87
524,54	1167,34
524,73	1185,77
524,93	1169,39
525,13	1159,15
525,33	1134,57
525,53	1159,15
525,73	1208,30
525,93	1185,77
526,13	1126,38
526,32	1169,39
526,52	1202,16
526,72	1196,01
526,92	1171,44
527,12	1202,16
527,32	1150,96
527,52	1165,29
527,71	1210,35
527,91	1142,77
528,11	1167,34
528,31	1175,53
528,51	1247,21
528,71	1175,53
528,90	1198,06
529,10	1167,34
529,30	1155,05
529,50	1155,05
529,70	1134,57
529,90	1185,77
530,09	1212,40
530,29	1128,43
530,49	1110,00
530,69	1167,34
530,89	1132,53
531,09	1226,73
531,28	1284,08
531,48	1148,91
531,68	1155,05
531,88	1189,87
532,08	1157,10
532,28	1163,25
532,47	1177,58
532,67	1208,30
532,87	1200,11
533,07	1173,49
533,27	1177,58
533,46	1189,87
533,66	1173,49
533,86	1142,77
534,06	1161,20
534,26	1107,95
534,45	1181,68
534,65	1165,29
534,85	1173,49
535,05	1161,20
535,25	1187,82
535,44	1175,53
535,64	1251,31
535,84	1216,49
536,04	1169,39
536,24	1181,68
536,43	1126,38
536,63	1144,81
536,83	1148,91
537,03	1187,82
537,22	1036,27
537,42	1161,20
537,62	1153,01
537,82	1130,48
538,02	1177,58
538,21	1204,21
538,41	1241,07
538,61	1146,86
538,81	1206,25
539,00	1198,06
539,20	1191,92
539,40	1118,19
539,60	1189,87
539,79	1132,53
539,99	1261,55
540,19	1175,53
540,39	1200,11
540,58	1179,63
540,78	1110,00
540,98	1218,54
541,18	1200,11
541,37	1175,53
541,57	1153,01
541,77	1230,83
541,97	1161,20
542,16	1148,91
542,36	1112,05
542,56	1157,10
542,76	1191,92
542,95	1114,10
543,15	1138,67
543,35	1202,16
543,54	1150,96
543,74	1189,87
543,94	1189,87
544,14	1249,26
544,33	1228,78
544,53	1165,29
544,73	1167,34
544,93	1187,82
545,12	1216,49
545,32	1077,23
545,52	1148,91
545,71	1157,10
545,91	1159,15
546,11	1099,76
546,30	1136,62
546,50	1230,83
546,70	1138,67
546,90	1118,19
547,09	1177,58
547,29	1183,73
547,49	1239,02
547,68	1181,68
547,88	1181,68
548,08	1206,25
548,27	1181,68
548,47	1093,62
548,67	1191,92
548,87	1181,68
549,06	1150,96
549,26	1181,68
549,46	1177,58
549,65	1140,72
549,85	1153,01
550,05	1132,53
550,24	1189,87
550,44	1200,11
550,64	1191,92
550,83	1216,49
551,03	1202,16
551,23	1279,98
551,42	1222,64
551,62	1126,38
551,82	1169,39
552,01	1161,20
552,21	1189,87
552,41	1214,45
552,60	1167,34
552,80	1136,62
553,00	1155,05
553,19	1175,53
553,39	1179,63
553,59	1290,22
553,78	1200,11
553,98	1099,76
554,17	1175,53
554,37	1177,58
554,57	1093,62
554,76	1224,69
554,96	1177,58
555,16	1185,77
555,35	1169,39
555,55	1150,96
555,75	1173,49
555,94	1216,49
556,14	1255,40
556,33	1146,86
556,53	1196,01
556,73	1191,92
556,92	1187,82
557,12	1282,03
557,32	1187,82
557,51	1173,49
557,71	1150,96
557,90	1163,25
558,10	1134,57
558,30	1165,29
558,49	1193,97
558,69	1167,34
558,88	1251,31
559,08	1208,30
559,28	1124,33
559,47	1132,53
559,67	1171,44
559,86	1167,34
560,06	1196,01
560,26	1169,39
560,45	1110,00
560,65	1173,49
560,84	1187,82
561,04	1204,21
561,24	1214,45
561,43	1175,53
561,63	1175,53
561,82	1155,05
562,02	1177,58
562,22	1132,53
562,41	1218,54
562,61	1183,73
562,80	1140,72
563,00	1163,25
563,19	1228,78
563,39	1177,58
563,59	1159,15
563,78	1163,25
563,98	1159,15
564,17	1183,73
564,37	1173,49
564,56	1173,49
564,76	1208,30
564,96	1189,87
565,15	1171,44
565,35	1216,49
565,54	1224,69
565,74	1159,15
565,93	1185,77
566,13	1165,29
566,32	1183,73
566,52	1103,86
566,71	1105,90
566,91	1191,92
567,11	1183,73
567,30	1249,26
567,50	1198,06
567,69	1159,15
567,89	1212,40
568,08	1169,39
568,28	1159,15
568,47	1140,72
568,67	1146,86
568,86	1251,31
569,06	1183,73
569,25	1187,82
569,45	1189,87
569,64	1171,44
569,84	1165,29
570,04	1198,06
570,23	1185,77
570,43	1146,86
570,62	1185,77
570,82	1245,16
571,01	1175,53
571,21	1169,39
571,40	1134,57
571,60	1148,91
571,79	1159,15
571,99	1212,40
572,18	1175,53
572,38	1189,87
572,57	1138,67
572,77	1206,25
572,96	1116,14
573,16	1202,16
573,35	1155,05
573,55	1171,44
573,74	1208,30
573,94	1206,25
574,13	1083,38
574,33	1206,25
574,52	1187,82
574,71	1171,44
574,91	1116,14
575,10	1249,26
575,30	1167,34
575,49	1165,29
575,69	1167,34
575,88	1157,10
576,08	1181,68
576,27	1138,67
576,47	1191,92
576,66	1103,86
576,86	1132,53
577,05	1171,44
577,25	1157,10
577,44	1177,58
577,64	1189,87
577,83	1150,96
578,02	1204,21
578,22	1153,01
578,41	1126,38
578,61	1161,20
578,80	1142,77
579,00	1089,52
579,19	1148,91
579,39	1091,57
579,58	1161,20
579,77	1226,73
579,97	1193,97
580,16	1208,30
580,36	1153,01
580,55	1103,86
580,75	1173,49
580,94	1138,67
581,13	1138,67
581,33	1171,44
581,52	1157,10
581,72	1148,91
581,91	1148,91
582,11	1179,63
582,30	1208,30
582,49	1191,92
582,69	1058,80
582,88	1130,48
583,08	1138,67
583,27	1253,36
583,47	1138,67
583,66	1210,35
583,85	1179,63
584,05	1171,44
584,24	1173,49
584,44	1153,01
584,63	1196,01
584,82	1138,67
585,02	1122,29
585,21	1173,49
585,41	1208,30
585,60	1165,29
585,79	1120,24
585,99	1198,06
586,18	1163,25
586,37	1204,21
586,57	1150,96
586,76	1173,49
586,96	1136,62
587,15	1148,91
587,34	1208,30
587,54	1132,53
587,73	1167,34
587,93	1146,86
588,12	1241,07
588,31	1169,39
588,51	1200,11
588,70	1157,10
588,89	1189,87
589,09	1171,44
589,28	1167,34
589,47	1198,06
589,67	1118,19
589,86	1126,38
590,06	1136,62
590,25	1126,38
590,44	1085,42
590,64	1171,44
590,83	1193,97
591,02	1169,39
591,22	1175,53
591,41	1187,82
591,60	1243,12
591,80	1173,49
591,99	1153,01
592,18	1163,25
592,38	1198,06
592,57	1232,88
592,76	1093,62
592,96	1163,25
593,15	1179,63
593,34	1226,73
593,54	1142,77
593,73	1167,34
593,92	1220,59
594,12	1210,35
594,31	1228,78
594,50	1138,67
594,70	1200,11
594,89	1175,53
595,08	1169,39
595,28	1171,44
595,47	1232,88
595,66	1150,96
595,86	1161,20
596,05	1126,38
596,24	1191,92
596,43	1118,19
596,63	1204,21
596,82	1187,82
597,01	1159,15
597,21	1232,88
597,40	1163,25
597,59	1187,82
597,79	1093,62
597,98	1230,83
598,17	1157,10
598,36	1157,10
598,56	1159,15
598,75	1142,77
598,94	1171,44
599,14	1181,68
599,33	1187,82
599,52	1155,05
599,71	1200,11
599,91	1253,36
600,10	1060,85
600,29	1208,30
600,48	1202,16
600,68	1140,72
600,87	1167,34
601,06	1179,63
601,26	1132,53
601,45	1206,25
601,64	1140,72
601,83	1124,33
602,03	1175,53
602,22	1136,62
602,41	1146,86
602,60	1122,29
602,80	1167,34
602,99	1163,25
603,18	1191,92
603,37	1257,45
603,57	1124,33
603,76	1193,97
603,95	1198,06
604,14	1218,54
604,34	1150,96
604,53	1181,68
604,72	1081,33
604,91	1159,15
605,10	1191,92
605,30	1247,21
605,49	1136,62
605,68	1140,72
605,87	1196,01
606,07	1122,29
606,26	1167,34
606,45	1163,25
606,64	1220,59
606,84	1103,86
607,03	1126,38
607,22	1191,92
607,41	1200,11
607,60	1200,11
607,80	1163,25
607,99	1198,06
608,18	1222,64
608,37	1191,92
608,56	1189,87
608,76	1181,68
608,95	1126,38
609,14	1155,05
609,33	1144,81
609,52	1241,07
609,72	1200,11
609,91	1200,11
610,10	1157,10
610,29	1118,19
610,48	1169,39
610,68	1175,53
610,87	1140,72
611,06	1177,58
611,25	1202,16
611,44	1107,95
611,63	1183,73
611,83	1165,29
612,02	1202,16
612,21	1208,30
612,40	1140,72
612,59	1085,42
612,79	1191,92
612,98	1177,58
613,17	1146,86
613,36	1105,90
613,55	1173,49
613,74	1187,82
613,93	1198,06
614,13	1138,67
614,32	1200,11
614,51	1159,15
614,70	1218,54
614,89	1157,10
615,08	1103,86
615,28	1132,53
615,47	1140,72
615,66	1169,39
615,85	1159,15
616,04	1249,26
616,23	1232,88
616,42	1150,96
616,62	1134,57
616,81	1140,72
617,00	1185,77
617,19	1185,77
617,38	1222,64
617,57	1241,07
617,76	1101,81
617,95	1234,93
618,15	1167,34
618,34	1179,63
618,53	1165,29
618,72	1130,48
618,91	1226,73
619,10	1183,73
619,29	1210,35
619,48	1140,72
619,68	1224,69
619,87	1247,21
620,06	1128,43
620,25	1200,11
620,44	1202,16
620,63	1148,91
620,82	1132,53
621,01	1110,00
621,20	1204,21
621,39	1169,39
621,59	1179,63
621,78	1198,06
621,97	1185,77
622,16	1191,92
622,35	1249,26
622,54	1210,35
622,73	1163,25
622,92	1161,20
623,11	1150,96
623,30	1150,96
623,49	1150,96
623,68	1179,63
623,88	1214,45
624,07	1183,73
624,26	1224,69
624,45	1179,63
624,64	1196,01
624,83	1126,38
625,02	1118,19
625,21	1157,10
625,40	1249,26
625,59	1173,49
625,78	1191,92
625,97	1183,73
626,16	1144,81
626,35	1181,68
626,54	1148,91
626,74	1202,16
626,93	1208,30
627,12	1204,21
627,31	1200,11
627,50	1220,59
627,69	1130,48
627,88	1163,25
628,07	1173,49
628,26	1173,49
628,45	1292,27
628,64	1216,49
628,83	1196,01
629,02	1193,97
629,21	1169,39
629,40	1165,29
629,59	1163,25
629,78	1185,77
629,97	1128,43
630,16	1198,06
630,35	1236,97
630,54	1196,01
630,73	1187,82
630,92	1234,93
631,11	1286,12
631,30	1232,88
631,49	1423,34
631,68	1730,53
631,87	3516,36
632,06	13115,19
632,25	37742,02
632,44	50339,07
632,63	50197,76
632,82	31710,75
633,01	16371,46
633,20	4736,95
633,39	4949,94
633,58	2492,38
633,77	1998,82
633,96	1669,09
634,15	1427,43
634,34	1437,67
634,53	1437,67
634,72	1419,24
634,91	1400,81
635,10	1331,18
635,29	1269,74
635,48	1220,59
635,67	1187,82
635,86	1275,88
636,05	1146,86
636,24	1134,57
636,43	1175,53
636,62	1138,67
636,81	1212,40
637,00	1200,11
637,19	1212,40
637,38	1255,40
637,57	1138,67
637,76	1200,11
637,95	1173,49
638,14	1202,16
638,33	1155,05
638,52	1220,59
638,71	1122,29
638,89	1181,68
639,08	1177,58
639,27	1241,07
639,46	1069,04
639,65	1116,14
639,84	1105,90
640,03	1206,25
640,22	1202,16
640,41	1132,53
640,60	1173,49
640,79	1198,06
640,98	1142,77
641,17	1200,11
641,36	1224,69
641,55	1165,29
641,74	1167,34
641,92	1148,91
642,11	1177,58
642,30	1210,35
642,49	1202,16
642,68	1204,21
642,87	1157,10
643,06	1208,30
643,25	1155,05
643,44	1228,78
643,63	1241,07
643,82	1183,73
644,00	1159,15
644,19	1206,25
644,38	1157,10
644,57	1173,49
644,76	1136,62
644,95	1150,96
645,14	1087,47
645,33	1116,14
645,52	1112,05
645,71	1177,58
645,89	1222,64
646,08	1189,87
646,27	1200,11
646,46	1222,64
646,65	1157,10
646,84	1167,34
647,03	1142,77
647,22	1191,92
647,40	1159,15
647,59	1214,45
647,78	1155,05
647,97	1122,29
648,16	1148,91
648,35	1183,73
648,54	1216,49
648,73	1146,86
648,91	1222,64
649,10	1185,77
649,29	1130,48
649,48	1120,24
649,67	1144,81
649,86	1234,93
650,05	1187,82
650,23	1161,20
650,42	1157,10
650,61	1144,81
650,80	1150,96
650,99	1226,73
651,18	1216,49
651,36	1167,34
651,55	1116,14
651,74	1134,57
651,93	1142,77
652,12	1206,25
652,31	1187,82
652,49	1200,11
652,68	1191,92
652,87	1146,86
653,06	1196,01
653,25	1234,93
653,44	1161,20
653,62	1171,44
653,81	1132,53
654,00	1210,35
654,19	1204,21
654,38	1169,39
654,56	1083,38
654,75	1103,86
654,94	1179,63
655,13	1161,20
655,32	1247,21
655,51	1138,67
655,69	1161,20
655,88	1142,77
656,07	1103,86
656,26	1183,73
656,45	1196,01
656,63	1212,40
656,82	1247,21
657,01	1144,81
657,20	1253,36
657,38	1130,48
657,57	1159,15
657,76	1171,44
657,95	1159,15
658,14	1130,48
658,32	1148,91
658,51	1179,63
658,70	1148,91
658,89	1232,88
659,08	1212,40
659,26	1193,97
659,45	1167,34
659,64	1261,55
659,83	1183,73
660,01	1167,34
660,20	1130,48
660,39	1148,91
660,58	1247,21
660,76	1148,91
660,95	1163,25
661,14	1216,49
661,33	1204,21
661,51	1189,87
661,70	1196,01
661,89	1196,01
662,08	1208,30
662,26	1243,12
662,45	1193,97
662,64	1212,40
662,83	1124,33
663,01	1105,90
663,20	1171,44
663,39	1161,20
663,58	1222,64
663,76	1198,06
663,95	1169,39
664,14	1155,05
664,32	1157,10
664,51	1159,15
664,70	1163,25
664,89	1169,39
665,07	1204,21
665,26	1163,25
665,45	1208,30
665,64	1224,69
665,82	1128,43
666,01	1220,59
666,20	1134,57
666,38	1202,16
666,57	1148,91
666,76	1155,05
666,95	1120,24
667,13	1187,82
667,32	1138,67
667,51	1187,82
667,69	1187,82
667,88	1228,78
668,07	1247,21
668,25	1134,57
668,44	1171,44
668,63	1228,78
668,81	1079,28
669,00	1218,54
669,19	1245,16
669,38	1187,82
669,56	1216,49
669,75	1140,72
669,94	1146,86
670,12	1118,19
670,31	1171,44
670,50	1157,10
670,68	1261,55
670,87	1216,49
671,06	1220,59
671,24	1165,29
671,43	1175,53
671,62	1159,15
671,80	1144,81
671,99	1126,38
672,18	1157,10
672,36	1165,29
672,55	1163,25
672,74	1206,25
672,92	1146,86
673,11	1220,59
673,29	1198,06
673,48	1189,87
673,67	1183,73
673,85	1193,97
674,04	1134,57
674,23	1099,76
674,41	1146,86
674,60	1165,29
674,79	1138,67
674,97	1148,91
675,16	1220,59
675,34	1187,82
675,53	1105,90
675,72	1136,62
675,90	1155,05
676,09	1159,15
676,28	1173,49
676,46	1187,82
676,65	1191,92
676,83	1105,90
677,02	1193,97
677,21	1150,96
677,39	1066,99
677,58	1136,62
677,77	1142,77
677,95	1177,58
678,14	1159,15
678,32	1247,21
678,51	1171,44
678,70	1175,53
678,88	1212,40
679,07	1214,45
679,25	1097,71
679,44	1099,76
679,63	1126,38
679,81	1146,86
680,00	1134,57
680,18	1114,10
680,37	1159,15
680,55	1163,25
680,74	1183,73
680,93	1183,73
681,11	1099,76
681,30	1120,24
681,48	1122,29
681,67	1175,53
681,85	1263,60
682,04	1216,49
682,23	1093,62
682,41	1173,49
682,60	1140,72
682,78	1148,91
682,97	1116,14
683,15	1146,86
683,34	1157,10
683,53	1138,67
683,71	1204,21
683,90	1179,63
684,08	1175,53
684,27	1187,82
684,45	1204,21
684,64	1095,66
684,82	1177,58
685,01	1208,30
685,19	1163,25
685,38	1187,82
685,57	1189,87
685,75	1216,49
685,94	1224,69
686,12	1187,82
686,31	1173,49
686,49	1130,48
686,68	1226,73
686,86	1167,34
687,05	1220,59
687,23	1220,59
687,42	1150,96
687,60	1146,86
687,79	1173,49
687,97	1157,10
688,16	1163,25
688,34	1183,73
688,53	1177,58
688,71	1167,34
688,90	1263,60
689,08	1155,05
689,27	1169,39
689,45	1130,48
689,64	1130,48
689,82	1052,66
690,01	1193,97
690,19	1196,01
690,38	1110,00
690,56	1228,78
690,75	1179,63
690,93	1196,01
691,12	1251,31
691,30	1157,10
691,49	1189,87
691,67	1239,02
691,86	1191,92
692,04	1177,58
692,23	1187,82
692,41	1187,82
692,60	1226,73
692,78	1249,26
692,97	1134,57
693,15	1107,95
693,34	1191,92
693,52	1226,73
693,71	1179,63
693,89	1224,69
694,08	1175,53
694,26	1177,58
694,44	1167,34
694,63	1148,91
694,81	1185,77
695,00	1169,39
695,18	1142,77
695,37	1187,82
695,55	1107,95
695,74	1206,25
695,92	1214,45
696,10	1220,59
696,29	1200,11
696,47	1206,25
696,66	1210,35
696,84	1130,48
697,03	1175,53
697,21	1177,58
697,40	1165,29
697,58	1181,68
697,76	1153,01
697,95	1204,21
698,13	1228,78
698,32	1210,35
698,50	1259,50
698,68	1150,96
698,87	1187,82
699,05	1249,26
699,24	1150,96
699,42	1167,34
699,61	1177,58
699,79	1165,29
699,97	1146,86
700,16	1198,06
700,34	1236,97
700,53	1185,77
700,71	1196,01
700,89	1185,77
701,08	1200,11
701,26	1118,19
701,45	1140,72
701,63	1163,25
701,81	1148,91
702,00	1228,78
702,18	1200,11
702,37	1128,43
702,55	1216,49
702,73	1181,68
702,92	1224,69
703,10	1191,92
703,28	1169,39
703,47	1132,53
703,65	1202,16
703,84	1161,20
704,02	1163,25
704,20	1173,49
704,39	1142,77
704,57	1216,49
704,75	1230,83
704,94	1212,40
705,12	1167,34
705,30	1212,40
705,49	1189,87
705,67	1173,49
705,86	1206,25
706,04	1163,25
706,22	1216,49
706,41	1155,05
706,59	1179,63
706,77	1157,10
706,96	1202,16
707,14	1181,68
707,32	1179,63
707,51	1167,34
707,69	1128,43
707,87	1169,39
708,06	1140,72
708,24	1112,05
708,42	1048,56
708,61	1173,49
708,79	1187,82
708,97	1191,92
709,16	1251,31
709,34	1198,06
709,52	1099,76
709,71	1169,39
709,89	1210,35
710,07	1177,58
710,26	1130,48
710,44	1132,53
710,62	1224,69
710,80	1169,39
710,99	1110,00
711,17	1142,77
711,35	1105,90
711,54	1232,88
711,72	1171,44
711,90	1234,93
712,09	1163,25
712,27	1171,44
712,45	1220,59
712,63	1193,97
712,82	1056,75
713,00	1165,29
713,18	1171,44
713,37	1216,49
713,55	1130,48
713,73	1220,59
713,91	1200,11
714,10	1175,53
714,28	1193,97
714,46	1124,33
714,65	1193,97
714,83	1134,57
715,01	1183,73
715,19	1159,15
715,38	1177,58
715,56	1263,60
715,74	1097,71
715,92	1157,10
716,11	1179,63
716,29	1196,01
716,47	1198,06
716,65	1165,29
716,84	1198,06
717,02	1212,40
717,20	1134,57
717,38	1114,10
717,57	1206,25
717,75	1247,21
717,93	1212,40
718,11	1165,29
718,30	1146,86
718,48	1150,96
718,66	1204,21
718,84	1146,86
719,03	1167,34
719,21	1107,95
719,39	1159,15
719,57	1200,11
719,75	1208,30
719,94	1208,30
720,12	1157,10
720,30	1226,73
720,48	1163,25
720,67	1159,15
720,85	1167,34
721,03	1175,53
721,21	1150,96
721,39	1116,14
721,58	1146,86
721,76	1183,73
721,94	1093,62
722,12	1138,67
722,30	1087,47
722,49	1177,58
722,67	1161,20
722,85	1171,44
723,03	1169,39
723,21	1144,81
723,40	1226,73
723,58	1214,45
723,76	1136,62
723,94	1210,35
724,12	1208,30
724,30	1165,29
724,49	1146,86
724,67	1185,77
724,85	1191,92
725,03	1196,01
725,21	1234,93
725,40	1157,10
725,58	1224,69
725,76	1142,77
725,94	1214,45
726,12	1169,39
726,30	1150,96
726,49	1157,10
726,67	1212,40
726,85	1155,05
727,03	1081,33
727,21	1185,77
727,39	1122,29
727,57	1165,29
727,76	1165,29
727,94	1128,43
728,12	1171,44
728,30	1230,83
728,48	1128,43
728,66	1110,00
728,84	1206,25
729,03	1206,25
729,21	1144,81
729,39	1181,68
729,57	1214,45
729,75	1193,97
729,93	1202,16
730,11	1142,77
730,30	1134,57
730,48	1187,82
730,66	1234,93
730,84	1138,67
731,02	1155,05
731,20	1163,25
731,38	1196,01
731,56	1148,91
731,74	1142,77
731,93	1159,15
732,11	1148,91
732,29	1224,69
732,47	1191,92
732,65	1173,49
732,83	1155,05
733,01	1112,05
733,19	1204,21
733,37	1228,78
733,56	1155,05
733,74	1204,21
733,92	1126,38
734,10	1193,97
734,28	1103,86
734,46	1110,00
734,64	1198,06
734,82	1198,06
735,00	1118,19
735,18	1150,96
735,36	1189,87
735,54	1210,35
735,73	1114,10
735,91	1159,15
736,09	1236,97
736,27	1228,78
736,45	1167,34
736,63	1187,82
736,81	1116,14
736,99	1161,20
737,17	1159,15
737,35	1185,77
737,53	1124,33
737,71	1234,93
737,89	1126,38
738,07	1204,21
738,25	1193,97
738,43	1165,29
738,61	1171,44
738,80	1150,96
738,98	1193,97
739,16	1107,95
739,34	1155,05
739,52	1165,29
739,70	1159,15
739,88	1214,45
740,06	1212,40
740,24	1148,91
740,42	1206,25
740,60	1183,73
740,78	1140,72
740,96	1150,96
741,14	1138,67
741,32	1167,34
741,50	1112,05
741,68	1148,91
741,86	1142,77
742,04	1161,20
742,22	1189,87
742,40	1181,68
742,58	1183,73
742,76	1126,38
742,94	1191,92
743,12	1196,01
743,30	1150,96
743,48	1214,45
743,66	1177,58
743,84	1173,49
744,02	1247,21
744,20	1175,53
744,38	1185,77
744,56	1175,53
744,74	1171,44
744,92	1144,81
745,10	1191,92
745,28	1183,73
745,46	1144,81
745,64	1204,21
745,82	1196,01
746,00	1218,54
746,18	1122,29
746,36	1091,57
746,54	1259,50
746,72	1118,19
746,90	1200,11
747,08	1208,30
747,26	1091,57
747,44	1175,53
747,62	1128,43
747,80	1159,15
747,98	1146,86
748,15	1175,53
748,33	1210,35
748,51	1189,87
748,69	1232,88
748,87	1220,59
749,05	1138,67
749,23	1134,57
749,41	1122,29
749,59	1183,73
749,77	1191,92
749,95	1198,06
750,13	1126,38
750,31	1167,34
750,49	1146,86
750,67	1189,87
750,85	1161,20
751,03	1153,01
751,20	1138,67
751,38	1220,59
751,56	1183,73
751,74	1222,64
751,92	1155,05
752,10	1167,34
752,28	1187,82
752,46	1177,58
752,64	1198,06
752,82	1114,10
753,00	1191,92
753,18	1181,68
753,35	1193,97
753,53	1142,77
753,71	1171,44
753,89	1224,69
754,07	1220,59
754,25	1171,44
754,43	1161,20
754,61	1255,40
754,79	1140,72
754,97	1179,63
755,14	1163,25
755,32	1228,78
755,50	1107,95
755,68	1179,63
755,86	1114,10
756,04	1175,53
756,22	1189,87
756,40	1134,57
756,57	1267,69
756,75	1216,49
756,93	1189,87
757,11	1185,77
757,29	1155,05
757,47	1222,64
757,65	1175,53
757,82	1239,02
758,00	1085,42
758,18	1232,88
758,36	1155,05
758,54	1208,30
758,72	1083,38
758,90	1265,64
759,07	1163,25
759,25	1193,97
759,43	1144,81
759,61	1224,69
759,79	1148,91
759,97	1208,30
760,15	1191,92
760,32	1150,96
760,50	1204,21
760,68	1198,06
760,86	1241,07
761,04	1155,05
761,22	1171,44
761,39	1206,25
761,57	1247,21
761,75	1183,73
761,93	1087,47
762,11	1177,58
762,28	1191,92
762,46	1177,58
762,64	1204,21
762,82	1144,81
763,00	1144,81
763,18	1157,10
763,35	1157,10
763,53	1099,76
763,71	1187,82
763,89	1216,49
764,07	1167,34
764,24	1161,20
764,42	1175,53
764,60	1212,40
764,78	1161,20
764,96	1183,73
765,13	1150,96
765,31	1134,57
765,49	1196,01
765,67	1173,49
765,84	1169,39
766,02	1150,96
766,20	1200,11
766,38	1198,06
766,56	1136,62
766,73	1144,81
766,91	1157,10
767,09	1116,14
767,27	1191,92
767,44	1118,19
767,62	1183,73
767,80	1150,96
767,98	1179,63
768,15	1163,25
768,33	1101,81
768,51	1124,33
768,69	1163,25
768,87	1107,95
769,04	1214,45
769,22	1173,49
769,40	1169,39
769,58	1071,09
769,75	1122,29
769,93	1191,92
770,11	1153,01
770,28	1130,48
770,46	1230,83
770,64	1150,96
770,82	1189,87
770,99	1157,10
771,17	1259,50
771,35	1101,81
771,53	1163,25
771,70	1171,44
771,88	1071,09
772,06	1171,44
772,23	1120,24
772,41	1206,25
772,59	1163,25
772,77	1253,36
772,94	1132,53
773,12	1153,01
773,30	1146,86
773,47	1171,44
773,65	1140,72
773,83	1222,64
774,01	1210,35
774,18	1232,88
774,36	1136,62
774,54	1212,40
774,71	1257,45
774,89	1183,73
775,07	1122,29
775,24	1144,81
775,42	1181,68
775,60	1175,53
775,78	1167,34
775,95	1114,10
776,13	1185,77
776,31	1142,77
776,48	1247,21
776,66	1198,06
776,84	1130,48
777,01	1163,25
777,19	1163,25
777,37	1175,53
777,54	1169,39
777,72	1181,68
777,90	1212,40
778,07	1138,67
778,25	1089,52
778,43	1191,92
778,60	1167,34
778,78	1118,19
778,96	1142,77
779,13	1146,86
779,31	1198,06
779,49	1157,10
779,66	1150,96
779,84	1148,91
780,01	1097,71
780,19	1155,05
780,37	1138,67
780,54	1224,69
780,72	1120,24
780,90	1193,97
781,07	1150,96
781,25	1153,01
781,43	1150,96
781,60	1163,25
781,78	1144,81
781,95	1112,05
782,13	1206,25
782,31	1204,21
782,48	1191,92
782,66	1200,11
782,83	1191,92
783,01	1212,40
783,19	1173,49
783,36	1150,96
783,54	1060,85
783,72	1140,72
783,89	1208,30
784,07	1179,63
784,24	1148,91
784,42	1073,14
784,60	1175,53
784,77	1105,90
784,95	1134,57
785,12	1212,40
785,30	1222,64
785,47	1200,11
785,65	1146,86
785,83	1161,20
786,00	1165,29
786,18	1171,44
786,35	1157,10
786,53	1163,25
786,71	1183,73
786,88	1110,00
787,06	1107,95
787,23	1126,38
787,41	1130,48
787,58	1183,73
787,76	1177,58
787,94	1214,45
788,11	1222,64
788,29	1210,35
788,46	1210,35
788,64	1185,77
788,81	1167,34
788,99	1183,73
789,16	1228,78
789,34	1193,97
789,52	1163,25
789,69	1261,55
789,87	1177,58
790,04	1230,83
790,22	1177,58
790,39	1163,25
790,57	1099,76
790,74	1165,29
790,92	1150,96
791,09	1212,40
791,27	1185,77
791,44	1163,25
791,62	1175,53
791,79	1271,79
791,97	1167,34
792,15	1171,44
792,32	1159,15
792,50	1171,44
792,67	1173,49
792,85	1165,29
793,02	1208,30
793,20	1179,63
793,37	1146,86
793,55	1165,29
793,72	1134,57
793,90	1183,73
794,07	1187,82
794,25	1140,72
794,42	1198,06
794,60	1140,72
794,77	1200,11
794,95	1200,11
795,12	1093,62
795,30	1134,57
795,47	1155,05
795,65	1206,25
795,82	1116,14
796,00	1134,57
796,17	1189,87
796,34	1175,53
796,52	1148,91
796,69	1146,86
796,87	1187,82
797,04	1210,35
797,22	1128,43
797,39	1214,45
797,57	1126,38
797,74	1155,05
797,92	1134,57
798,09	1193,97
798,27	1118,19
798,44	1165,29
798,62	1185,77
798,79	1236,97
798,96	1138,67
799,14	1148,91
799,31	1144,81
799,49	1130,48
799,66	1181,68
799,84	1130,48
800,01	1132,53
800,19	1191,92
800,36	1138,67
800,53	1138,67
800,71	1183,73
800,88	1181,68
801,06	1175,53
801,23	1163,25
801,41	1157,10
801,58	1222,64
801,75	1206,25
801,93	1132,53
802,10	1105,90
802,28	1187,82
802,45	1122,29
802,63	1148,91
802,80	1165,29
802,97	1234,93
803,15	1204,21
803,32	1165,29
803,50	1140,72
803,67	1169,39
803,84	1157,10
804,02	1173,49
804,19	1171,44
804,37	1175,53
804,54	1175,53
804,71	1144,81
804,89	1132,53
805,06	1183,73
805,24	1064,94
805,41	1114,10
805,58	1208,30
805,76	1265,64
805,93	1120,24
806,10	1175,53
806,28	1198,06
806,45	1230,83
806,63	1187,82
806,80	1181,68
806,97	1191,92
807,15	1208,30
807,32	1193,97
807,49	1155,05
807,67	1097,71
807,84	1198,06
808,01	1187,82
808,19	1097,71
808,36	1191,92
808,54	1159,15
808,71	1144,81
808,88	1159,15
809,06	1206,25
809,23	1234,93
809,40	1163,25
809,58	1228,78
809,75	1124,33
809,92	1175,53
810,10	1210,35
810,27	1175,53
810,44	1204,21
810,62	1130,48
810,79	1183,73
810,96	1177,58
811,14	1116,14
811,31	1208,30
811,48	1249,26
811,66	1198,06
811,83	1132,53
812,00	1212,40
812,18	1232,88
812,35	1112,05
812,52	1130,48
812,69	1134,57
812,87	1179,63
813,04	1185,77
813,21	1165,29
813,39	1177,58
813,56	1155,05
813,73	1150,96
813,91	1179,63
814,08	1179,63
814,25	1126,38
814,42	1187,82
814,60	1265,64
814,77	1144,81
814,94	1159,15
815,12	1085,42
815,29	1134,57
815,46	1118,19
815,63	1146,86
815,81	1171,44
815,98	1204,21
816,15	1126,38
816,33	1155,05
816,50	1134,57
816,67	1204,21
816,84	1110,00
817,02	1202,16
817,19	1228,78
817,36	1155,05
817,53	1157,10
817,71	1175,53
817,88	1173,49
818,05	1220,59
818,22	1224,69
818,40	1202,16
818,57	1222,64
818,74	1216,49
818,91	1181,68
819,09	1187,82
819,26	1193,97
819,43	1173,49
819,60	1148,91
819,78	1214,45
819,95	1118,19
820,12	1208,30
820,29	1171,44
820,47	1126,38
820,64	1183,73
820,81	1214,45
820,98	1185,77
821,15	1146,86
821,33	1208,30
821,50	1175,53
821,67	1216,49
821,84	1126,38
822,02	1232,88
822,19	1198,06
822,36	1142,77
822,53	1126,38
822,70	1148,91
822,88	1206,25
823,05	1202,16
823,22	1226,73
823,39	1193,97
823,56	1142,77
823,74	1247,21
823,91	1196,01
824,08	1220,59
824,25	1161,20
824,42	1175,53
824,60	1173,49
824,77	1136,62
824,94	1212,40
825,11	1212,40
825,28	1175,53
825,45	1208,30
825,63	1173,49
825,80	1181,68
825,97	1161,20
826,14	1136,62
826,31	1200,11
826,48	1191,92
826,66	1126,38
826,83	1167,34
827,00	1107,95
827,17	1208,30
827,34	1226,73
827,51	1136,62
827,69	1148,91
827,86	1179,63
828,03	1167,34
828,20	1118,19
828,37	1175,53
828,54	1144,81
828,71	1085,42
828,89	1183,73
829,06	1148,91
829,23	1173,49
829,40	1189,87
829,57	1183,73
829,74	1163,25
829,91	1171,44
830,09	1224,69
830,26	1216,49
830,43	1136,62
830,60	1122,29
830,77	1181,68
830,94	1222,64
831,11	1212,40
831,28	1114,10
831,46	1181,68
831,63	1085,42
831,80	1157,10
831,97	1165,29
832,14	1062,90
832,31	1101,81
832,48	1169,39
832,65	1257,45
832,82	1148,91
832,99	1167,34
833,17	1218,54
833,34	1167,34
833,51	1132,53
833,68	1187,82
833,85	1239,02
834,02	1110,00
834,19	1126,38
834,36	1226,73
834,53	1179,63
834,70	1101,81
834,87	1202,16
835,04	1153,01
835,22	1185,77
835,39	1167,34
835,56	1187,82
835,73	1204,21
835,90	1103,86
836,07	1136,62
836,24	1144,81
836,41	1183,73
836,58	1179,63
836,75	1196,01
836,92	1105,90
837,09	1202,16
837,26	1171,44
837,43	1157,10
837,60	1206,25
837,77	1210,35
837,94	1159,15
838,12	1200,11
838,29	1138,67
838,46	1216,49
838,63	1138,67
838,80	1153,01
838,97	1148,91
839,14	1167,34
839,31	1144,81
839,48	1181,68
839,65	1177,58
839,82	1198,06
839,99	1167,34
840,16	1210,35
840,33	1206,25
840,50	1165,29
840,67	1171,44
840,84	1155,05
841,01	1118,19
841,18	1142,77
841,35	1146,86
841,52	1214,45
841,69	1163,25
841,86	1185,77
842,03	1114,10
842,20	1171,44
842,37	1116,14
842,54	1253,36
842,71	1159,15
842,88	1202,16
843,05	1196,01
843,22	1155,05
843,39	1228,78
843,56	1136,62
843,73	1150,96
843,90	1269,74
844,07	1189,87
844,24	1142,77
844,41	1208,30
844,58	1243,12
844,75	1204,21
844,92	1177,58
845,09	1138,67
845,26	1279,98
845,43	1159,15
845,60	1095,66
845,77	1175,53
845,94	1189,87
846,10	1146,86
846,27	1153,01
846,44	1144,81
846,61	1185,77
846,78	1187,82
846,95	1216,49
847,12	1150,96
847,29	1218,54
847,46	1200,11
847,63	1245,16
847,80	1202,16
847,97	1077,23
848,14	1155,05
848,31	1284,08
848,48	1173,49
848,65	1155,05
848,82	1187,82
848,98	1134,57
849,15	1079,28
849,32	1101,81
849,49	1208,30
849,66	1247,21
849,83	1212,40
850,00	1159,15
850,17	1083,38
850,34	1183,73
850,51	1185,77
850,68	1122,29
850,85	1222,64
851,01	1157,10
851,18	1193,97
851,35	1171,44
851,52	1142,77
851,69	1208,30
851,86	1132,53
852,03	1120,24
852,20	1146,86
852,37	1208,30
852,53	1159,15
852,70	1245,16
852,87	1185,77
853,04	1183,73
853,21	1138,67
853,38	1181,68
853,55	1202,16
853,72	1150,96
853,89	1134,57
854,05	1224,69
854,22	1175,53
854,39	1148,91
854,56	1150,96
854,73	1216,49
854,90	1177,58
855,07	1261,55
855,23	1171,44
855,40	1150,96
855,57	1107,95
855,74	1153,01
855,91	1130,48
856,08	1200,11
856,25	1153,01
856,41	1171,44
856,58	1161,20
856,75	1150,96
856,92	1251,31
857,09	1165,29
857,26	1173,49
857,42	1200,11
857,59	1232,88
857,76	1150,96
857,93	1085,42
858,10	1206,25
858,27	1153,01
858,43	1218,54
858,60	1183,73
858,77	1163,25
858,94	1165,29
859,11	1155,05
859,27	1150,96
859,44	1185,77
859,61	1200,11
859,78	1175,53
859,95	1116,14
860,12	1175,53
860,28	1191,92
860,45	1232,88
860,62	1185,77
860,79	1191,92
860,95	1157,10
861,12	1175,53
861,29	1163,25
861,46	1105,90
861,63	1210,35
861,79	1085,42
861,96	1189,87
862,13	1171,44
862,30	1159,15
862,47	1165,29
862,63	1218,54
862,80	1161,20
862,97	1228,78
863,14	1157,10
863,30	1134,57
863,47	1204,21
863,64	1198,06
863,81	1241,07
863,97	1234,93
864,14	1167,34
864,31	1126,38
864,48	1167,34
864,65	1200,11
864,81	1140,72
864,98	1239,02
865,15	1200,11
865,32	1150,96
865,48	1142,77
865,65	1181,68
865,82	1191,92
865,98	1206,25
866,15	1185,77
866,32	1220,59
866,49	1171,44
866,65	1124,33
866,82	1234,93
866,99	1163,25
867,16	1163,25
867,32	1234,93
867,49	1200,11
867,66	1255,40
867,83	1208,30
867,99	1206,25
868,16	1265,64
868,33	1218,54
868,49	1064,94
868,66	1243,12
868,83	1165,29
868,99	1155,05
869,16	1103,86
869,33	1198,06
869,50	1064,94
869,66	1284,08
869,83	1144,81
870,00	1191,92
870,16	1171,44
870,33	1150,96
870,50	1138,67
870,66	1216,49
870,83	1163,25
871,00	1132,53
871,17	1140,72
871,33	1185,77
871,50	1128,43
871,67	1220,59
871,83	1222,64
872,00	1232,88
872,17	1218,54
872,33	1187,82
872,50	1200,11
872,67	1185,77
872,83	1159,15
873,00	1130,48
873,17	1171,44
873,33	1107,95
873,50	1134,57
873,67	1167,34
873,83	1196,01
874,00	1159,15
874,16	1114,10
874,33	1216,49
874,50	1136,62
874,66	1159,15
874,83	1181,68
875,00	1185,77
875,16	1214,45
875,33	1116,14
875,50	1175,53
875,66	1140,72
875,83	1206,25
875,99	1134,57
876,16	1212,40
876,33	1212,40
876,49	1210,35
876,66	1187,82
876,83	1150,96
876,99	1122,29
877,16	1118,19
877,32	1153,01
877,49	1200,11
877,66	1173,49
877,82	1167,34
877,99	1126,38
878,15	1175,53
878,32	1183,73
878,49	1167,34
878,65	1239,02
878,82	1099,76
878,98	1191,92
879,15	1204,21
879,32	1157,10
879,48	1191,92
879,65	1146,86
879,81	1110,00
879,98	1200,11
880,15	1198,06
880,31	1212,40
880,48	1196,01
880,64	1124,33
880,81	1157,10
880,97	1187,82
881,14	1171,44
881,31	1138,67
881,47	1183,73
881,64	1167,34
881,80	1155,05
881,97	1187,82
882,13	1150,96
882,30	1159,15
882,47	1200,11
882,63	1214,45
882,80	1142,77
882,96	1144,81
883,13	1116,14
883,29	1118,19
883,46	1183,73
883,62	1099,76
883,79	1144,81
883,95	1142,77
884,12	1128,43
884,29	1187,82
884,45	1183,73
884,62	1212,40
884,78	1193,97
884,95	1187,82
885,11	1150,96
885,28	1159,15
885,44	1153,01
885,61	1161,20
885,77	1167,34
885,94	1120,24
886,10	1163,25
886,27	1132,53
886,43	1175,53
886,60	1167,34
886,76	1200,11
886,93	1079,28
887,09	1177,58
887,26	1187,82
887,42	1202,16
887,59	1155,05
887,75	1181,68
887,92	1204,21
888,08	1138,67
888,25	1169,39
888,41	1181,68
888,58	1167,34
888,74	1185,77
888,91	1157,10
