177,47	1302,51
177,69	1302,51
177,91	1302,51
178,13	1202,16
178,36	1218,54
178,58	1255,40
178,80	1181,68
179,02	1181,68
179,24	1179,63
179,46	1181,68
179,68	1101,81
179,90	1138,67
180,13	1228,78
180,35	1191,92
180,57	1183,73
180,79	1193,97
181,01	1185,77
181,23	1177,58
181,45	1161,20
181,67	1245,16
181,90	1189,87
182,12	1130,48
182,34	1218,54
182,56	1241,07
182,78	1214,45
183,00	1189,87
183,22	1226,73
183,44	1216,49
183,66	1220,59
183,89	1271,79
184,11	1241,07
184,33	1163,25
184,55	1124,33
184,77	1159,15
184,99	1191,92
185,21	1196,01
185,43	1136,62
185,65	1208,30
185,87	1169,39
186,10	1187,82
186,32	1273,84
186,54	1255,40
186,76	1157,10
186,98	1198,06
187,20	1239,02
187,42	1144,81
187,64	1236,97
187,86	1245,16
188,08	1185,77
188,30	1183,73
188,52	1222,64
188,75	1177,58
188,97	1198,06
189,19	1306,60
189,41	1193,97
189,63	1167,34
189,85	1196,01
190,07	1202,16
190,29	1216,49
190,51	1150,96
190,73	1181,68
190,95	1187,82
191,17	1189,87
191,39	1189,87
191,61	1136,62
191,84	1255,40
192,06	1165,29
192,28	1208,30
192,50	1200,11
192,72	1228,78
192,94	1183,73
193,16	1243,12
193,38	1130,48
193,60	1202,16
193,82	1265,64
194,04	1134,57
194,26	1173,49
194,48	1208,30
194,70	1230,83
194,92	1169,39
195,14	1224,69
195,36	1165,29
195,58	1146,86
195,80	1161,20
196,02	1202,16
196,24	1224,69
196,46	1159,15
196,69	1253,36
196,91	1167,34
197,13	1179,63
197,35	1181,68
197,57	1138,67
197,79	1247,21
198,01	1228,78
198,23	1224,69
198,45	1216,49
198,67	1189,87
198,89	1157,10
199,11	1243,12
199,33	1142,77
199,55	1202,16
199,77	1263,60
199,99	1198,06
200,21	1249,26
200,43	1202,16
200,65	1112,05
200,87	1222,64
201,09	1159,15
201,31	1155,05
201,53	1202,16
201,75	1177,58
201,97	1220,59
202,19	1122,29
202,41	1257,45
202,63	1183,73
202,85	1183,73
203,07	1212,40
203,29	1167,34
203,51	1163,25
203,73	1196,01
203,95	1259,50
204,17	1163,25
204,39	1247,21
204,61	1124,33
204,83	1161,20
205,05	1253,36
205,27	1257,45
205,49	1202,16
205,71	1216,49
205,93	1191,92
206,15	1241,07
206,37	1134,57
206,59	1165,29
206,81	1175,53
207,03	1228,78
207,25	1118,19
207,47	1236,97
207,69	1148,91
207,91	1189,87
208,13	1179,63
208,34	1224,69
208,56	1212,40
208,78	1150,96
209,00	1193,97
209,22	1198,06
209,44	1198,06
209,66	1183,73
209,88	1196,01
210,10	1257,45
210,32	1144,81
210,54	1214,45
210,76	1224,69
210,98	1183,73
211,20	1146,86
211,42	1185,77
211,64	1230,83
211,86	1126,38
212,08	1179,63
212,30	1210,35
212,52	1191,92
212,74	1236,97
212,96	1177,58
213,17	1257,45
213,39	1181,68
213,61	1263,60
213,83	1093,62
214,05	1202,16
214,27	1228,78
214,49	1177,58
214,71	1177,58
214,93	1179,63
215,15	1179,63
215,37	1159,15
215,59	1146,86
215,81	1265,64
216,03	1167,34
216,24	1165,29
216,46	1099,76
216,68	1193,97
216,90	1189,87
217,12	1198,06
217,34	1126,38
217,56	1196,01
217,78	1247,21
218,00	1236,97
218,22	1196,01
218,44	1249,26
218,66	1204,21
218,87	1243,12
219,09	1165,29
219,31	1247,21
219,53	1122,29
219,75	1171,44
219,97	1159,15
220,19	1220,59
220,41	1165,29
220,63	1257,45
220,85	1210,35
221,06	1159,15
221,28	1275,88
221,50	1204,21
221,72	1183,73
221,94	1239,02
222,16	1212,40
222,38	1239,02
222,60	1239,02
222,82	1179,63
223,03	1146,86
223,25	1196,01
223,47	1187,82
223,69	1290,22
223,91	1181,68
224,13	1271,79
224,35	1198,06
224,57	1206,25
224,78	1226,73
225,00	1243,12
225,22	1193,97
225,44	1128,43
225,66	1236,97
225,88	1163,25
226,10	1183,73
226,32	1198,06
226,53	1148,91
226,75	1218,54
226,97	1173,49
227,19	1144,81
227,41	1169,39
227,63	1171,44
227,85	1163,25
228,06	1175,53
228,28	1101,81
228,50	1241,07
228,72	1218,54
228,94	1241,07
229,16	1210,35
229,37	1148,91
229,59	1138,67
229,81	1212,40
230,03	1163,25
230,25	1204,21
230,47	1175,53
230,69	1155,05
230,90	1163,25
231,12	1261,55
231,34	1200,11
231,56	1171,44
231,78	1230,83
232,00	1157,10
232,21	1185,77
232,43	1214,45
232,65	1183,73
232,87	1208,30
233,09	1251,31
233,30	1167,34
233,52	1202,16
233,74	1191,92
233,96	1204,21
234,18	1159,15
234,40	1200,11
234,61	1210,35
234,83	1185,77
235,05	1202,16
235,27	1187,82
235,49	1181,68
235,70	1191,92
235,92	1255,40
236,14	1234,93
236,36	1198,06
236,58	1216,49
236,79	1183,73
237,01	1126,38
237,23	1183,73
237,45	1296,36
237,67	1245,16
237,88	1236,97
238,10	1245,16
238,32	1253,36
238,54	1234,93
238,76	1198,06
238,97	1208,30
239,19	1247,21
239,41	1226,73
239,63	1208,30
239,85	1212,40
240,06	1202,16
240,28	1179,63
240,50	1169,39
240,72	1169,39
240,93	1263,60
241,15	1208,30
241,37	1085,42
241,59	1226,73
241,81	1148,91
242,02	1183,73
242,24	1200,11
242,46	1234,93
242,68	1130,48
242,89	1173,49
243,11	1204,21
243,33	1157,10
243,55	1234,93
243,76	1144,81
243,98	1167,34
244,20	1232,88
244,42	1191,92
244,64	1171,44
244,85	1167,34
245,07	1239,02
245,29	1153,01
245,51	1232,88
245,72	1191,92
245,94	1208,30
246,16	1150,96
246,38	1245,16
246,59	1253,36
246,81	1116,14
247,03	1134,57
247,24	1193,97
247,46	1167,34
247,68	1263,60
247,90	1208,30
248,11	1179,63
248,33	1196,01
248,55	1169,39
248,77	1232,88
248,98	1189,87
249,20	1165,29
249,42	1183,73
249,64	1126,38
249,85	1198,06
250,07	1181,68
250,29	1218,54
250,50	1079,28
250,72	1218,54
250,94	1232,88
251,16	1177,58
251,37	1196,01
251,59	1142,77
251,81	1193,97
252,02	1204,21
252,24	1218,54
252,46	1241,07
252,68	1204,21
252,89	1163,25
253,11	1230,83
253,33	1142,77
253,54	1191,92
253,76	1159,15
253,98	1216,49
254,20	1101,81
254,41	1138,67
254,63	1224,69
254,85	1155,05
255,06	1165,29
255,28	1224,69
255,50	1155,05
255,71	1171,44
255,93	1200,11
256,15	1230,83
256,36	1159,15
256,58	1167,34
256,80	1234,93
257,02	1232,88
257,23	1148,91
257,45	1167,34
257,67	1110,00
257,88	1202,16
258,10	1177,58
258,32	1212,40
258,53	1230,83
258,75	1257,45
258,97	1142,77
259,18	1173,49
259,40	1196,01
259,62	1173,49
259,83	1189,87
260,05	1187,82
260,27	1239,02
260,48	1165,29
260,70	1173,49
260,92	1163,25
261,13	1216,49
261,35	1140,72
261,57	1212,40
261,78	1183,73
262,00	1214,45
262,22	1185,77
262,43	1243,12
262,65	1189,87
262,86	1232,88
263,08	1198,06
263,30	1181,68
263,51	1228,78
263,73	1226,73
263,95	1159,15
264,16	1144,81
264,38	1163,25
264,60	1167,34
264,81	1120,24
265,03	1189,87
265,25	1191,92
265,46	1200,11
265,68	1148,91
265,89	1220,59
266,11	1224,69
266,33	1173,49
266,54	1232,88
266,76	1132,53
266,98	1200,11
267,19	1245,16
267,41	1243,12
267,62	1175,53
267,84	1173,49
268,06	1163,25
268,27	1161,20
268,49	1191,92
268,70	1165,29
268,92	1224,69
269,14	1179,63
269,35	1232,88
269,57	1083,38
269,79	1189,87
270,00	1198,06
270,22	1230,83
270,43	1155,05
270,65	1191,92
270,87	1179,63
271,08	1198,06
271,30	1167,34
271,51	1159,15
271,73	1165,29
271,95	1255,40
272,16	1226,73
272,38	1218,54
272,59	1181,68
272,81	1171,44
273,02	1169,39
273,24	1198,06
273,46	1265,64
273,67	1220,59
273,89	1200,11
274,10	1187,82
274,32	1191,92
274,54	1189,87
274,75	1218,54
274,97	1169,39
275,18	1155,05
275,40	1142,77
275,61	1200,11
275,83	1253,36
276,05	1202,16
276,26	1290,22
276,48	1228,78
276,69	1101,81
276,91	1136,62
277,12	1208,30
277,34	1210,35
277,55	1175,53
277,77	1187,82
277,99	1163,25
278,20	1138,67
278,42	1165,29
278,63	1245,16
278,85	1157,10
279,06	1181,68
279,28	1232,88
279,49	1144,81
279,71	1204,21
279,93	1218,54
280,14	1196,01
280,36	1218,54
280,57	1130,48
280,79	1198,06
281,00	1222,64
281,22	1175,53
281,43	1193,97
281,65	1202,16
281,86	1175,53
282,08	1159,15
282,29	1132,53
282,51	1279,98
282,73	1218,54
282,94	1200,11
283,16	1187,82
283,37	1243,12
283,59	1239,02
283,80	1265,64
284,02	1107,95
284,23	1206,25
284,45	1204,21
284,66	1208,30
284,88	1114,10
285,09	1110,00
285,31	1222,64
285,52	1116,14
285,74	1259,50
285,95	1236,97
286,17	1134,57
286,38	1150,96
286,60	1245,16
286,81	1210,35
287,03	1196,01
287,24	1218,54
287,46	1153,01
287,67	1220,59
287,89	1196,01
288,10	1136,62
288,32	1210,35
288,53	1206,25
288,75	1177,58
288,96	1232,88
289,18	1134,57
289,39	1169,39
289,61	1134,57
289,82	1241,07
290,04	1228,78
290,25	1193,97
290,47	1206,25
290,68	1202,16
290,90	1142,77
291,11	1157,10
291,33	1169,39
291,54	1290,22
291,76	1183,73
291,97	1187,82
292,18	1232,88
292,40	1200,11
292,61	1220,59
292,83	1216,49
293,04	1179,63
293,26	1163,25
293,47	1226,73
293,69	1267,69
293,90	1210,35
294,12	1206,25
294,33	1230,83
294,55	1200,11
294,76	1273,84
294,97	1208,30
295,19	1253,36
295,40	1177,58
295,62	1251,31
295,83	1208,30
296,05	1175,53
296,26	1228,78
296,48	1198,06
296,69	1241,07
296,90	1181,68
297,12	1159,15
297,33	1191,92
297,55	1187,82
297,76	1232,88
297,98	1271,79
298,19	1232,88
298,41	1187,82
298,62	1187,82
298,83	1189,87
299,05	1189,87
299,26	1163,25
299,48	1200,11
299,69	1212,40
299,90	1220,59
300,12	1148,91
300,33	1163,25
300,55	1159,15
300,76	1212,40
300,98	1159,15
301,19	1175,53
301,40	1228,78
301,62	1183,73
301,83	1282,03
302,05	1142,77
302,26	1187,82
302,47	1249,26
302,69	1148,91
302,90	1216,49
303,12	1165,29
303,33	1228,78
303,54	1173,49
303,76	1216,49
303,97	1220,59
304,19	1134,57
304,40	1214,45
304,61	1165,29
304,83	1277,93
305,04	1175,53
305,26	1191,92
305,47	1222,64
305,68	1187,82
305,90	1226,73
306,11	1136,62
306,33	1157,10
306,54	1218,54
306,75	1185,77
306,97	1212,40
307,18	1187,82
307,39	1189,87
307,61	1228,78
307,82	1126,38
308,04	1191,92
308,25	1251,31
308,46	1175,53
308,68	1196,01
308,89	1179,63
309,10	1196,01
309,32	1212,40
309,53	1175,53
309,74	1118,19
309,96	1185,77
310,17	1226,73
310,39	1167,34
310,60	1214,45
310,81	1214,45
311,03	1181,68
311,24	1185,77
311,45	1284,08
311,67	1159,15
311,88	1243,12
312,09	1167,34
312,31	1132,53
312,52	1128,43
312,73	1157,10
312,95	1169,39
313,16	1282,03
313,37	1163,25
313,59	1204,21
313,80	1187,82
314,01	1206,25
314,23	1179,63
314,44	1249,26
314,65	1196,01
314,87	1165,29
315,08	1198,06
315,29	1159,15
315,51	1177,58
315,72	1177,58
315,93	1204,21
316,15	1279,98
316,36	1181,68
316,57	1261,55
316,79	1122,29
317,00	1177,58
317,21	1189,87
317,43	1220,59
317,64	1163,25
317,85	1206,25
318,07	1191,92
318,28	1243,12
318,49	1177,58
318,70	1132,53
318,92	1220,59
319,13	1187,82
319,34	1202,16
319,56	1212,40
319,77	1257,45
319,98	1167,34
320,20	1253,36
320,41	1136,62
320,62	1204,21
320,83	1226,73
321,05	1269,74
321,26	1187,82
321,47	1169,39
321,69	1146,86
321,90	1212,40
322,11	1196,01
322,32	1169,39
322,54	1212,40
322,75	1146,86
322,96	1165,29
323,18	1148,91
323,39	1202,16
323,60	1177,58
323,81	1208,30
324,03	1146,86
324,24	1163,25
324,45	1206,25
324,66	1241,07
324,88	1198,06
325,09	1138,67
325,30	1189,87
325,52	1234,93
325,73	1142,77
325,94	1193,97
326,15	1165,29
326,37	1177,58
326,58	1212,40
326,79	1224,69
327,00	1185,77
327,22	1220,59
327,43	1171,44
327,64	1153,01
327,85	1189,87
328,07	1200,11
328,28	1222,64
328,49	1212,40
328,70	1261,55
328,92	1222,64
329,13	1165,29
329,34	1171,44
329,55	1216,49
329,76	1202,16
329,98	1206,25
330,19	1142,77
330,40	1167,34
330,61	1218,54
330,83	1159,15
331,04	1124,33
331,25	1220,59
331,46	1167,34
331,68	1187,82
331,89	1155,05
332,10	1245,16
332,31	1150,96
332,52	1222,64
332,74	1222,64
332,95	1214,45
333,16	1185,77
333,37	1210,35
333,58	1163,25
333,80	1189,87
334,01	1110,00
334,22	1183,73
334,43	1183,73
334,64	1198,06
334,86	1161,20
335,07	1142,77
335,28	1273,84
335,49	1245,16
335,70	1163,25
335,92	1175,53
336,13	1228,78
336,34	1261,55
336,55	1144,81
336,76	1179,63
336,98	1220,59
337,19	1232,88
337,40	1138,67
337,61	1187,82
337,82	1181,68
338,04	1210,35
338,25	1245,16
338,46	1173,49
338,67	1226,73
338,88	1155,05
339,09	1181,68
339,31	1159,15
339,52	1171,44
339,73	1189,87
339,94	1204,21
340,15	1189,87
340,36	1187,82
340,58	1187,82
340,79	1181,68
341,00	1216,49
341,21	1214,45
341,42	1185,77
341,63	1183,73
341,85	1179,63
342,06	1169,39
342,27	1171,44
342,48	1153,01
342,69	1134,57
342,90	1187,82
343,12	1148,91
343,33	1185,77
343,54	1167,34
343,75	1251,31
343,96	1247,21
344,17	1189,87
344,38	1206,25
344,60	1134,57
344,81	1189,87
345,02	1179,63
345,23	1265,64
345,44	1210,35
345,65	1144,81
345,86	1181,68
346,07	1140,72
346,29	1196,01
346,50	1198,06
346,71	1167,34
346,92	1212,40
347,13	1220,59
347,34	1183,73
347,55	1273,84
347,76	1187,82
347,98	1187,82
348,19	1173,49
348,40	1255,40
348,61	1218,54
348,82	1220,59
349,03	1200,11
349,24	1130,48
349,45	1196,01
349,66	1163,25
349,88	1183,73
350,09	1140,72
350,30	1142,77
350,51	1120,24
350,72	1189,87
350,93	1171,44
351,14	1292,27
351,35	1232,88
351,56	1222,64
351,77	1193,97
351,99	1212,40
352,20	1181,68
352,41	1179,63
352,62	1232,88
352,83	1212,40
353,04	1181,68
353,25	1185,77
353,46	1228,78
353,67	1183,73
353,88	1206,25
354,09	1159,15
354,30	1134,57
354,52	1255,40
354,73	1189,87
354,94	1200,11
355,15	1112,05
355,36	1171,44
355,57	1169,39
355,78	1191,92
355,99	1200,11
356,20	1239,02
356,41	1269,74
356,62	1167,34
356,83	1196,01
357,04	1202,16
357,25	1183,73
357,46	1247,21
357,68	1241,07
357,89	1224,69
358,10	1157,10
358,31	1196,01
358,52	1204,21
358,73	1171,44
358,94	1165,29
359,15	1128,43
359,36	1157,10
359,57	1196,01
359,78	1200,11
359,99	1249,26
360,20	1153,01
360,41	1114,10
360,62	1228,78
360,83	1142,77
361,04	1220,59
361,25	1181,68
361,46	1181,68
361,67	1232,88
361,88	1130,48
362,09	1224,69
362,30	1206,25
362,51	1253,36
362,72	1142,77
362,93	1171,44
363,14	1173,49
363,35	1179,63
363,56	1220,59
363,78	1142,77
363,99	1206,25
364,20	1239,02
364,41	1196,01
364,62	1208,30
364,83	1222,64
365,04	1183,73
365,25	1226,73
365,46	1232,88
365,67	1144,81
365,88	1126,38
366,09	1216,49
366,30	1183,73
366,51	1153,01
366,72	1187,82
366,93	1243,12
367,14	1196,01
367,35	1263,60
367,56	1175,53
367,77	1247,21
367,98	1157,10
368,18	1193,97
368,39	1148,91
368,60	1247,21
368,81	1163,25
369,02	1216,49
369,23	1228,78
369,44	1146,86
369,65	1157,10
369,86	1286,12
370,07	1228,78
370,28	1189,87
370,49	1198,06
370,70	1181,68
370,91	1163,25
371,12	1167,34
371,33	1085,42
371,54	1241,07
371,75	1273,84
371,96	1179,63
372,17	1216,49
372,38	1185,77
372,59	1200,11
372,80	1183,73
373,01	1191,92
373,22	1163,25
373,43	1193,97
373,64	1191,92
373,85	1234,93
374,06	1159,15
374,26	1185,77
374,47	1261,55
374,68	1198,06
374,89	1222,64
375,10	1222,64
375,31	1183,73
375,52	1169,39
375,73	1265,64
375,94	1193,97
376,15	1200,11
376,36	1228,78
376,57	1136,62
376,78	1206,25
376,99	1218,54
377,20	1218,54
377,40	1206,25
377,61	1175,53
377,82	1286,12
378,03	1171,44
378,24	1175,53
378,45	1124,33
378,66	1247,21
378,87	1142,77
379,08	1204,21
379,29	1222,64
379,50	1148,91
379,71	1249,26
379,91	1212,40
380,12	1208,30
380,33	1204,21
380,54	1155,05
380,75	1214,45
380,96	1157,10
381,17	1245,16
381,38	1239,02
381,59	1185,77
381,80	1159,15
382,00	1200,11
382,21	1189,87
382,42	1239,02
382,63	1245,16
382,84	1206,25
383,05	1173,49
383,26	1232,88
383,47	1146,86
383,68	1179,63
383,88	1200,11
384,09	1187,82
384,30	1220,59
384,51	1198,06
384,72	1173,49
384,93	1177,58
385,14	1226,73
385,35	1179,63
385,55	1124,33
385,76	1175,53
385,97	1226,73
386,18	1224,69
386,39	1163,25
386,60	1146,86
386,81	1185,77
387,02	1234,93
387,22	1175,53
387,43	1239,02
387,64	1173,49
387,85	1185,77
388,06	1210,35
388,27	1214,45
388,48	1173,49
388,68	1206,25
388,89	1161,20
389,10	1165,29
389,31	1220,59
389,52	1187,82
389,73	1220,59
389,93	1234,93
390,14	1239,02
390,35	1230,83
390,56	1189,87
390,77	1220,59
390,98	1165,29
391,18	1218,54
391,39	1216,49
391,60	1243,12
391,81	1234,93
392,02	1181,68
392,23	1214,45
392,43	1187,82
392,64	1245,16
392,85	1142,77
393,06	1255,40
393,27	1159,15
393,47	1206,25
393,68	1157,10
393,89	1165,29
394,10	1187,82
394,31	1200,11
394,52	1230,83
394,72	1212,40
394,93	1165,29
395,14	1126,38
395,35	1234,93
395,56	1210,35
395,76	1177,58
395,97	1150,96
396,18	1206,25
396,39	1155,05
396,60	1210,35
396,80	1236,97
397,01	1161,20
397,22	1290,22
397,43	1165,29
397,64	1212,40
397,84	1173,49
398,05	1200,11
398,26	1212,40
398,47	1177,58
398,67	1241,07
398,88	1249,26
399,09	1261,55
399,30	1277,93
399,51	1212,40
399,71	1236,97
399,92	1189,87
400,13	1208,30
400,34	1220,59
400,54	1214,45
400,75	1208,30
400,96	1243,12
401,17	1224,69
401,37	1245,16
401,58	1234,93
401,79	1179,63
402,00	1249,26
402,21	1202,16
402,41	1175,53
402,62	1212,40
402,83	1222,64
403,04	1210,35
403,24	1107,95
403,45	1181,68
403,66	1185,77
403,87	1167,34
404,07	1208,30
404,28	1171,44
404,49	1130,48
404,70	1155,05
404,90	1259,50
405,11	1214,45
405,32	1189,87
405,52	1298,41
405,73	1175,53
405,94	1181,68
406,15	1183,73
406,35	1122,29
406,56	1187,82
406,77	1296,36
406,98	1208,30
407,18	1232,88
407,39	1165,29
407,60	1153,01
407,80	1146,86
408,01	1243,12
408,22	1122,29
408,43	1191,92
408,63	1216,49
408,84	1175,53
409,05	1241,07
409,25	1179,63
409,46	1251,31
409,67	1232,88
409,88	1204,21
410,08	1128,43
410,29	1222,64
410,50	1185,77
410,70	1239,02
410,91	1208,30
411,12	1134,57
411,32	1236,97
411,53	1189,87
411,74	1140,72
411,95	1263,60
412,15	1241,07
412,36	1140,72
412,57	1208,30
412,77	1249,26
412,98	1243,12
413,19	1214,45
413,39	1216,49
413,60	1187,82
413,81	1243,12
414,01	1165,29
414,22	1187,82
414,43	1198,06
414,63	1202,16
414,84	1157,10
415,05	1206,25
415,25	1114,10
415,46	1214,45
415,67	1122,29
415,87	1171,44
416,08	1273,84
416,29	1232,88
416,49	1206,25
416,70	1208,30
416,91	1140,72
417,11	1226,73
417,32	1247,21
417,53	1263,60
417,73	1181,68
417,94	1212,40
418,15	1202,16
418,35	1234,93
418,56	1191,92
418,77	1214,45
418,97	1198,06
419,18	1239,02
419,38	1198,06
419,59	1204,21
419,80	1230,83
420,00	1163,25
420,21	1196,01
420,42	1138,67
420,62	1214,45
420,83	1163,25
421,04	1173,49
421,24	1191,92
421,45	1247,21
421,65	1191,92
421,86	1167,34
422,07	1163,25
422,27	1175,53
422,48	1114,10
422,69	1210,35
422,89	1214,45
423,10	1206,25
423,30	1210,35
423,51	1175,53
423,72	1169,39
423,92	1183,73
424,13	1228,78
424,33	1216,49
424,54	1191,92
424,75	1200,11
424,95	1159,15
425,16	1183,73
425,36	1263,60
425,57	1220,59
425,78	1265,64
425,98	1165,29
426,19	1185,77
426,39	1239,02
426,60	1140,72
426,81	1249,26
427,01	1169,39
427,22	1171,44
427,42	1198,06
427,63	1198,06
427,83	1212,40
428,04	1230,83
428,25	1220,59
428,45	1159,15
428,66	1255,40
428,86	1171,44
429,07	1198,06
429,28	1200,11
429,48	1169,39
429,69	1200,11
429,89	1226,73
430,10	1134,57
430,30	1093,62
430,51	1226,73
430,71	1200,11
430,92	1271,79
431,13	1148,91
431,33	1191,92
431,54	1204,21
431,74	1228,78
431,95	1146,86
432,15	1181,68
432,36	1169,39
432,56	1179,63
432,77	1214,45
432,98	1232,88
433,18	1198,06
433,39	1257,45
433,59	1253,36
433,80	1185,77
434,00	1214,45
434,21	1204,21
434,41	1175,53
434,62	1181,68
434,82	1243,12
435,03	1095,66
435,23	1171,44
435,44	1216,49
435,64	1241,07
435,85	1175,53
436,06	1150,96
436,26	1189,87
436,47	1216,49
436,67	1116,14
436,88	1187,82
437,08	1165,29
437,29	1212,40
437,49	1251,31
437,70	1198,06
437,90	1187,82
438,11	1208,30
438,31	1253,36
438,52	1142,77
438,72	1218,54
438,93	1200,11
439,13	1202,16
439,34	1214,45
439,54	1142,77
439,75	1224,69
439,95	1148,91
440,16	1263,60
440,36	1140,72
440,57	1189,87
440,77	1206,25
440,98	1226,73
441,18	1241,07
441,39	1202,16
441,59	1173,49
441,80	1218,54
442,00	1208,30
442,21	1210,35
442,41	1257,45
442,62	1148,91
442,82	1263,60
443,02	1144,81
443,23	1261,55
443,43	1220,59
443,64	1173,49
443,84	1144,81
444,05	1181,68
444,25	1202,16
444,46	1140,72
444,66	1247,21
444,87	1159,15
445,07	1234,93
445,28	1153,01
445,48	1257,45
445,69	1167,34
445,89	1114,10
446,09	1159,15
446,30	1251,31
446,50	1226,73
446,71	1245,16
446,91	1187,82
447,12	1247,21
447,32	1200,11
447,53	1198,06
447,73	1183,73
447,93	1247,21
448,14	1232,88
448,34	1191,92
448,55	1181,68
448,75	1183,73
448,96	1275,88
449,16	1185,77
449,36	1226,73
449,57	1208,30
449,77	1175,53
449,98	1189,87
450,18	1257,45
450,39	1210,35
450,59	1218,54
450,79	1239,02
451,00	1187,82
451,20	1216,49
451,41	1202,16
451,61	1218,54
451,81	1163,25
452,02	1167,34
452,22	1153,01
452,43	1099,76
452,63	1189,87
452,84	1126,38
453,04	1249,26
453,24	1204,21
453,45	1247,21
453,65	1181,68
453,86	1200,11
454,06	1212,40
454,26	1228,78
454,47	1218,54
454,67	1218,54
454,87	1210,35
455,08	1198,06
455,28	1247,21
455,49	1171,44
455,69	1212,40
455,89	1126,38
456,10	1218,54
456,30	1148,91
456,51	1183,73
456,71	1153,01
456,91	1204,21
457,12	1216,49
457,32	1110,00
457,52	1175,53
457,73	1163,25
457,93	1193,97
458,14	1183,73
458,34	1267,69
458,54	1171,44
458,75	1220,59
458,95	1171,44
459,15	1179,63
459,36	1220,59
459,56	1218,54
459,76	1124,33
459,97	1216,49
460,17	1191,92
460,37	1216,49
460,58	1234,93
460,78	1200,11
460,99	1138,67
461,19	1204,21
461,39	1232,88
461,60	1259,50
461,80	1181,68
462,00	1120,24
462,21	1155,05
462,41	1212,40
462,61	1200,11
462,82	1191,92
463,02	1196,01
463,22	1232,88
463,43	1253,36
463,63	1167,34
463,83	1159,15
464,04	1224,69
464,24	1243,12
464,44	1167,34
464,64	1132,53
464,85	1210,35
465,05	1157,10
465,25	1236,97
465,46	1224,69
465,66	1124,33
465,86	1275,88
466,07	1204,21
466,27	1191,92
466,47	1216,49
466,68	1212,40
466,88	1259,50
467,08	1259,50
467,29	1153,01
467,49	1185,77
467,69	1224,69
467,89	1243,12
468,10	1279,98
468,30	1159,15
468,50	1171,44
468,71	1198,06
468,91	1196,01
469,11	1259,50
469,31	1263,60
469,52	1210,35
469,72	1290,22
469,92	1230,83
470,13	1101,81
470,33	1114,10
470,53	1226,73
470,73	1198,06
470,94	1150,96
471,14	1220,59
471,34	1187,82
471,54	1189,87
471,75	1187,82
471,95	1183,73
472,15	1142,77
472,36	1220,59
472,56	1259,50
472,76	1146,86
472,96	1173,49
473,17	1251,31
473,37	1228,78
473,57	1122,29
473,77	1222,64
473,98	1183,73
474,18	1144,81
474,38	1216,49
474,58	1189,87
474,79	1163,25
474,99	1196,01
475,19	1236,97
475,39	1126,38
475,60	1155,05
475,80	1187,82
476,00	1261,55
476,20	1196,01
476,41	1126,38
476,61	1222,64
476,81	1130,48
477,01	1214,45
477,21	1187,82
477,42	1173,49
477,62	1155,05
477,82	1171,44
478,02	1200,11
478,23	1239,02
478,43	1177,58
478,63	1196,01
478,83	1189,87
479,03	1206,25
479,24	1232,88
479,44	1159,15
479,64	1196,01
479,84	1183,73
480,04	1187,82
480,25	1243,12
480,45	1200,11
480,65	1236,97
480,85	1251,31
481,06	1228,78
481,26	1175,53
481,46	1142,77
481,66	1187,82
481,86	1165,29
482,06	1191,92
482,27	1193,97
482,47	1249,26
482,67	1157,10
482,87	1116,14
483,07	1216,49
483,28	1222,64
483,48	1167,34
483,68	1239,02
483,88	1114,10
484,08	1148,91
484,29	1189,87
484,49	1245,16
484,69	1122,29
484,89	1138,67
485,09	1099,76
485,29	1271,79
485,50	1126,38
485,70	1118,19
485,90	1236,97
486,10	1204,21
486,30	1155,05
486,50	1191,92
486,71	1167,34
486,91	1189,87
487,11	1191,92
487,31	1206,25
487,51	1263,60
487,71	1200,11
487,91	1222,64
488,12	1282,03
488,32	1241,07
488,52	1214,45
488,72	1124,33
488,92	1216,49
489,12	1191,92
489,32	1187,82
489,53	1226,73
489,73	1255,40
489,93	1204,21
490,13	1169,39
490,33	1189,87
490,53	1241,07
490,73	1187,82
490,94	1179,63
491,14	1169,39
491,34	1189,87
491,54	1208,30
491,74	1146,86
491,94	1169,39
492,14	1200,11
492,34	1179,63
492,54	1187,82
492,75	1155,05
492,95	1206,25
493,15	1228,78
493,35	1222,64
493,55	1245,16
493,75	1189,87
493,95	1224,69
494,15	1220,59
494,35	1208,30
494,56	1140,72
494,76	1183,73
494,96	1214,45
495,16	1261,55
495,36	1128,43
495,56	1224,69
495,76	1179,63
495,96	1193,97
496,16	1200,11
496,36	1247,21
496,56	1269,74
496,77	1138,67
496,97	1165,29
497,17	1208,30
497,37	1204,21
497,57	1146,86
497,77	1153,01
497,97	1148,91
498,17	1163,25
498,37	1239,02
498,57	1101,81
498,77	1130,48
498,97	1269,74
499,17	1222,64
499,38	1243,12
499,58	1253,36
499,78	1153,01
499,98	1150,96
500,18	1222,64
500,38	1239,02
500,58	1224,69
500,78	1210,35
500,98	1167,34
501,18	1193,97
501,38	1243,12
501,58	1193,97
501,78	1138,67
501,98	1193,97
502,18	1198,06
502,38	1163,25
502,58	1222,64
502,78	1222,64
502,98	1243,12
503,18	1214,45
503,38	1150,96
503,59	1161,20
503,79	1169,39
503,99	1241,07
504,19	1200,11
504,39	1146,86
504,59	1175,53
504,79	1224,69
504,99	1224,69
505,19	1181,68
505,39	1187,82
505,59	1173,49
505,79	1167,34
505,99	1214,45
506,19	1122,29
506,39	1261,55
506,59	1257,45
506,79	1159,15
506,99	1181,68
507,19	1107,95
507,39	1224,69
507,59	1146,86
507,79	1163,25
507,99	1224,69
508,19	1232,88
508,39	1241,07
508,59	1212,40
508,79	1110,00
508,99	1210,35
509,19	1204,21
509,39	1153,01
509,59	1179,63
509,79	1222,64
509,99	1153,01
510,19	1257,45
510,39	1189,87
510,59	1228,78
510,79	1212,40
510,99	1183,73
511,19	1161,20
511,39	1138,67
511,59	1208,30
511,79	1130,48
511,99	1189,87
512,19	1275,88
512,38	1200,11
512,58	1202,16
512,78	1224,69
512,98	1208,30
513,18	1218,54
513,38	1196,01
513,58	1257,45
513,78	1101,81
513,98	1230,83
514,18	1130,48
514,38	1107,95
514,58	1163,25
514,78	1165,29
514,98	1146,86
515,18	1155,05
515,38	1212,40
515,58	1183,73
515,78	1165,29
515,98	1140,72
516,18	1232,88
516,38	1202,16
516,57	1243,12
516,77	1202,16
516,97	1234,93
517,17	1214,45
517,37	1230,83
517,57	1204,21
517,77	1179,63
517,97	1247,21
518,17	1232,88
518,37	1155,05
518,57	1153,01
518,77	1241,07
518,97	1208,30
519,16	1212,40
519,36	1114,10
519,56	1216,49
519,76	1165,29
519,96	1138,67
520,16	1214,45
520,36	1200,11
520,56	1210,35
520,76	1222,64
520,96	1120,24
521,16	1243,12
521,35	1241,07
521,55	1150,96
521,75	1159,15
521,95	1193,97
522,15	1148,91
522,35	1269,74
522,55	1226,73
522,75	1214,45
522,95	1187,82
523,14	1216,49
523,34	1243,12
523,54	1259,50
523,74	1224,69
523,94	1187,82
524,14	1204,21
524,34	1185,77
524,54	1196,01
524,73	1122,29
524,93	1150,96
525,13	1196,01
525,33	1142,77
525,53	1196,01
525,73	1284,08
525,93	1132,53
526,13	1236,97
526,32	1183,73
526,52	1245,16
526,72	1196,01
526,92	1200,11
527,12	1153,01
527,32	1140,72
527,52	1200,11
527,71	1193,97
527,91	1204,21
528,11	1228,78
528,31	1165,29
528,51	1175,53
528,71	1181,68
528,90	1150,96
529,10	1247,21
529,30	1189,87
529,50	1179,63
529,70	1232,88
529,90	1200,11
530,09	1249,26
530,29	1136,62
530,49	1171,44
530,69	1193,97
530,89	1187,82
531,09	1189,87
531,28	1263,60
531,48	1165,29
531,68	1155,05
531,88	1236,97
532,08	1212,40
532,28	1153,01
532,47	1144,81
532,67	1275,88
532,87	1228,78
533,07	1208,30
533,27	1206,25
533,46	1263,60
533,66	1234,93
533,86	1193,97
534,06	1185,77
534,26	1202,16
534,45	1173,49
534,65	1204,21
534,85	1138,67
535,05	1171,44
535,25	1138,67
535,44	1177,58
535,64	1210,35
535,84	1187,82
536,04	1196,01
536,24	1187,82
536,43	1187,82
536,63	1193,97
536,83	1232,88
537,03	1200,11
537,22	1155,05
537,42	1200,11
537,62	1230,83
537,82	1173,49
538,02	1187,82
538,21	1185,77
538,41	1136,62
538,61	1241,07
538,81	1161,20
539,00	1167,34
539,20	1150,96
539,40	1136,62
539,60	1060,85
539,79	1163,25
539,99	1212,40
540,19	1255,40
540,39	1153,01
540,58	1218,54
540,78	1216,49
540,98	1146,86
541,18	1204,21
541,37	1165,29
541,57	1128,43
541,77	1175,53
541,97	1202,16
542,16	1159,15
542,36	1187,82
542,56	1150,96
542,76	1191,92
542,95	1150,96
543,15	1218,54
543,35	1206,25
543,54	1169,39
543,74	1175,53
543,94	1191,92
544,14	1241,07
544,33	1136,62
544,53	1159,15
544,73	1208,30
544,93	1259,50
545,12	1169,39
545,32	1249,26
545,52	1189,87
545,71	1228,78
545,91	1175,53
546,11	1216,49
546,30	1261,55
546,50	1200,11
546,70	1193,97
546,90	1204,21
547,09	1114,10
547,29	1255,40
547,49	1210,35
547,68	1239,02
547,88	1183,73
548,08	1255,40
548,27	1218,54
548,47	1208,30
548,67	1161,20
548,87	1218,54
549,06	1150,96
549,26	1273,84
549,46	1226,73
549,65	1144,81
549,85	1175,53
550,05	1206,25
550,24	1232,88
550,44	1208,30
550,64	1259,50
550,83	1157,10
551,03	1202,16
551,23	1265,64
551,42	1196,01
551,62	1187,82
551,82	1279,98
552,01	1193,97
552,21	1136,62
552,41	1183,73
552,60	1202,16
552,80	1222,64
553,00	1187,82
553,19	1232,88
553,39	1222,64
553,59	1255,40
553,78	1222,64
553,98	1202,16
554,17	1112,05
554,37	1222,64
554,57	1298,41
554,76	1277,93
554,96	1259,50
555,16	1177,58
555,35	1128,43
555,55	1198,06
555,75	1257,45
555,94	1167,34
556,14	1179,63
556,33	1247,21
556,53	1212,40
556,73	1218,54
556,92	1161,20
557,12	1159,15
557,32	1159,15
557,51	1173,49
557,71	1216,49
557,90	1239,02
558,10	1138,67
558,30	1161,20
558,49	1163,25
558,69	1214,45
558,88	1210,35
559,08	1175,53
559,28	1214,45
559,47	1236,97
559,67	1212,40
559,86	1212,40
560,06	1220,59
560,26	1212,40
560,45	1114,10
560,65	1183,73
560,84	1183,73
561,04	1159,15
561,24	1181,68
561,43	1226,73
561,63	1230,83
561,82	1183,73
562,02	1220,59
562,22	1191,92
562,41	1202,16
562,61	1241,07
562,80	1275,88
563,00	1198,06
563,19	1167,34
563,39	1202,16
563,59	1204,21
563,78	1245,16
563,98	1173,49
564,17	1232,88
564,37	1079,28
564,56	1099,76
564,76	1142,77
564,96	1212,40
565,15	1228,78
565,35	1150,96
565,54	1138,67
565,74	1112,05
565,93	1183,73
566,13	1171,44
566,32	1179,63
566,52	1259,50
566,71	1132,53
566,91	1220,59
567,11	1181,68
567,30	1181,68
567,50	1157,10
567,69	1220,59
567,89	1163,25
568,08	1216,49
568,28	1243,12
568,47	1228,78
568,67	1208,30
568,86	1220,59
569,06	1210,35
569,25	1212,40
569,45	1277,93
569,64	1222,64
569,84	1144,81
570,04	1251,31
570,23	1206,25
570,43	1200,11
570,62	1187,82
570,82	1161,20
571,01	1234,93
571,21	1200,11
571,40	1245,16
571,60	1239,02
571,79	1185,77
571,99	1245,16
572,18	1142,77
572,38	1193,97
572,57	1142,77
572,77	1226,73
572,96	1247,21
573,16	1263,60
573,35	1204,21
573,55	1232,88
573,74	1224,69
573,94	1136,62
574,13	1236,97
574,33	1157,10
574,52	1140,72
574,71	1187,82
574,91	1185,77
575,10	1175,53
575,30	1224,69
575,49	1140,72
575,69	1144,81
575,88	1189,87
576,08	1185,77
576,27	1265,64
576,47	1136,62
576,66	1173,49
576,86	1191,92
577,05	1157,10
577,25	1230,83
577,44	1196,01
577,64	1183,73
577,83	1200,11
578,02	1200,11
578,22	1169,39
578,41	1204,21
578,61	1236,97
578,80	1148,91
579,00	1179,63
579,19	1175,53
579,39	1142,77
579,58	1232,88
579,77	1212,40
579,97	1122,29
580,16	1249,26
580,36	1214,45
580,55	1247,21
580,75	1179,63
580,94	1251,31
581,13	1202,16
581,33	1163,25
581,52	1169,39
581,72	1136,62
581,91	1142,77
582,11	1214,45
582,30	1286,12
582,49	1187,82
582,69	1134,57
582,88	1228,78
583,08	1173,49
583,27	1183,73
583,47	1110,00
583,66	1257,45
583,85	1155,05
584,05	1193,97
584,24	1202,16
584,44	1191,92
584,63	1169,39
584,82	1146,86
585,02	1163,25
585,21	1191,92
585,41	1167,34
585,60	1208,30
585,79	1200,11
585,99	1196,01
586,18	1185,77
586,37	1191,92
586,57	1177,58
586,76	1200,11
586,96	1114,10
587,15	1189,87
587,34	1095,66
587,54	1150,96
587,73	1214,45
587,93	1241,07
588,12	1251,31
588,31	1214,45
588,51	1202,16
588,70	1138,67
588,89	1105,90
589,09	1253,36
589,28	1167,34
589,47	1265,64
589,67	1243,12
589,86	1167,34
590,06	1206,25
590,25	1175,53
590,44	1181,68
590,64	1208,30
590,83	1148,91
591,02	1236,97
591,22	1208,30
591,41	1222,64
591,60	1236,97
591,80	1189,87
591,99	1175,53
592,18	1257,45
592,38	1200,11
592,57	1120,24
592,76	1134,57
592,96	1198,06
593,15	1189,87
593,34	1249,26
593,54	1181,68
593,73	1232,88
593,92	1146,86
594,12	1138,67
594,31	1179,63
594,50	1220,59
594,70	1193,97
594,89	1161,20
595,08	1163,25
595,28	1165,29
595,47	1206,25
595,66	1198,06
595,86	1236,97
596,05	1142,77
596,24	1118,19
596,43	1208,30
596,63	1142,77
596,82	1204,21
597,01	1173,49
597,21	1179,63
597,40	1179,63
597,59	1222,64
597,79	1175,53
597,98	1150,96
598,17	1202,16
598,36	1167,34
598,56	1171,44
598,75	1275,88
598,94	1118,19
599,14	1191,92
599,33	1202,16
599,52	1118,19
599,71	1218,54
599,91	1206,25
600,10	1220,59
600,29	1191,92
600,48	1236,97
600,68	1124,33
600,87	1175,53
601,06	1126,38
601,26	1196,01
601,45	1134,57
601,64	1167,34
601,83	1236,97
602,03	1214,45
602,22	1191,92
602,41	1232,88
602,60	1193,97
602,80	1206,25
602,99	1220,59
603,18	1171,44
603,37	1249,26
603,57	1175,53
603,76	1169,39
603,95	1130,48
604,14	1165,29
604,34	1267,69
604,53	1222,64
604,72	1150,96
604,91	1245,16
605,10	1204,21
605,30	1161,20
605,49	1210,35
605,68	1134,57
605,87	1239,02
606,07	1226,73
606,26	1208,30
606,45	1257,45
606,64	1128,43
606,84	1247,21
607,03	1226,73
607,22	1144,81
607,41	1183,73
607,60	1189,87
607,80	1208,30
607,99	1236,97
608,18	1198,06
608,37	1167,34
608,56	1171,44
608,76	1208,30
608,95	1214,45
609,14	1296,36
609,33	1161,20
609,52	1218,54
609,72	1122,29
609,91	1179,63
610,10	1189,87
610,29	1146,86
610,48	1161,20
610,68	1112,05
610,87	1163,25
611,06	1128,43
611,25	1163,25
611,44	1134,57
611,63	1193,97
611,83	1232,88
612,02	1208,30
612,21	1165,29
612,40	1292,27
612,59	1183,73
612,79	1265,64
612,98	1232,88
613,17	1183,73
613,36	1175,53
613,55	1157,10
613,74	1279,98
613,93	1179,63
614,13	1167,34
614,32	1116,14
614,51	1153,01
614,70	1228,78
614,89	1210,35
615,08	1204,21
615,28	1193,97
615,47	1202,16
615,66	1148,91
615,85	1148,91
616,04	1210,35
616,23	1241,07
616,42	1157,10
616,62	1173,49
616,81	1214,45
617,00	1220,59
617,19	1226,73
617,38	1214,45
617,57	1175,53
617,76	1257,45
617,95	1216,49
618,15	1163,25
618,34	1302,51
618,53	1169,39
618,72	1206,25
618,91	1179,63
619,10	1245,16
619,29	1155,05
619,48	1212,40
619,68	1157,10
619,87	1202,16
620,06	1196,01
620,25	1253,36
620,44	1161,20
620,63	1204,21
620,82	1167,34
621,01	1226,73
621,20	1146,86
621,39	1183,73
621,59	1193,97
621,78	1146,86
621,97	1128,43
622,16	1193,97
622,35	1177,58
622,54	1210,35
622,73	1146,86
622,92	1212,40
623,11	1249,26
623,30	1202,16
623,49	1212,40
623,68	1216,49
623,88	1251,31
624,07	1230,83
624,26	1202,16
624,45	1193,97
624,64	1251,31
624,83	1187,82
625,02	1232,88
625,21	1177,58
625,40	1191,92
625,59	1265,64
625,78	1128,43
625,97	1216,49
626,16	1165,29
626,35	1220,59
626,54	1175,53
626,74	1208,30
626,93	1183,73
627,12	1191,92
627,31	1243,12
627,50	1232,88
627,69	1224,69
627,88	1275,88
628,07	1118,19
628,26	1249,26
628,45	1275,88
628,64	1275,88
628,83	1200,11
629,02	1157,10
629,21	1202,16
629,40	1230,83
629,59	1140,72
629,78	1118,19
629,97	1249,26
630,16	1212,40
630,35	1171,44
630,54	1193,97
630,73	1230,83
630,92	1253,36
631,11	1253,36
631,30	1267,69
631,49	1368,04
631,68	1413,10
631,87	2547,67
632,06	8044,42
632,25	17354,49
632,44	21491,38
632,63	27577,95
632,82	14663,46
633,01	8472,45
633,20	4087,75
633,39	2111,46
633,58	1679,33
633,77	1806,31
633,96	1568,74
634,15	1468,39
634,34	1419,24
634,53	1343,47
634,72	1372,14
634,91	1247,21
635,10	1329,13
635,29	1282,03
635,48	1148,91
635,67	1284,08
635,86	1169,39
636,05	1204,21
636,24	1181,68
636,43	1241,07
636,62	1183,73
636,81	1257,45
637,00	1165,29
637,19	1155,05
637,38	1196,01
637,57	1273,84
637,76	1134,57
637,95	1187,82
638,14	1198,06
638,33	1146,86
638,52	1273,84
638,71	1232,88
638,89	1236,97
639,08	1277,93
639,27	1220,59
639,46	1214,45
639,65	1191,92
639,84	1236,97
640,03	1222,64
640,22	1251,31
640,41	1193,97
640,60	1251,31
640,79	1210,35
640,98	1179,63
641,17	1257,45
641,36	1187,82
641,55	1189,87
641,74	1196,01
641,92	1155,05
642,11	1210,35
642,30	1247,21
642,49	1239,02
642,68	1189,87
642,87	1142,77
643,06	1206,25
643,25	1187,82
643,44	1214,45
643,63	1087,47
643,82	1136,62
644,00	1226,73
644,19	1271,79
644,38	1220,59
644,57	1173,49
644,76	1241,07
644,95	1212,40
645,14	1220,59
645,33	1175,53
645,52	1226,73
645,71	1214,45
645,89	1200,11
646,08	1200,11
646,27	1218,54
646,46	1150,96
646,65	1136,62
646,84	1198,06
647,03	1251,31
647,22	1196,01
647,40	1159,15
647,59	1212,40
647,78	1167,34
647,97	1202,16
648,16	1200,11
648,35	1245,16
648,54	1226,73
648,73	1193,97
648,91	1265,64
649,10	1132,53
649,29	1171,44
649,48	1181,68
649,67	1222,64
649,86	1177,58
650,05	1130,48
650,23	1179,63
650,42	1187,82
650,61	1286,12
650,80	1193,97
650,99	1189,87
651,18	1159,15
651,36	1239,02
651,55	1183,73
651,74	1228,78
651,93	1189,87
652,12	1175,53
652,31	1251,31
652,49	1212,40
652,68	1155,05
652,87	1224,69
653,06	1220,59
653,25	1245,16
653,44	1212,40
653,62	1220,59
653,81	1173,49
654,00	1265,64
654,19	1185,77
654,38	1206,25
654,56	1066,99
654,75	1206,25
654,94	1296,36
655,13	1275,88
655,32	1220,59
655,51	1120,24
655,69	1251,31
655,88	1187,82
656,07	1200,11
656,26	1204,21
656,45	1179,63
656,63	1150,96
656,82	1179,63
657,01	1224,69
657,20	1150,96
657,38	1243,12
657,57	1177,58
657,76	1208,30
657,95	1214,45
658,14	1253,36
658,32	1177,58
658,51	1216,49
658,70	1157,10
658,89	1243,12
659,08	1214,45
659,26	1179,63
659,45	1114,10
659,64	1212,40
659,83	1212,40
660,01	1269,74
660,20	1196,01
660,39	1181,68
660,58	1157,10
660,76	1181,68
660,95	1191,92
661,14	1224,69
661,33	1224,69
661,51	1208,30
661,70	1193,97
661,89	1261,55
662,08	1198,06
662,26	1214,45
662,45	1224,69
662,64	1208,30
662,83	1204,21
663,01	1251,31
663,20	1267,69
663,39	1232,88
663,58	1189,87
663,76	1181,68
663,95	1220,59
664,14	1257,45
664,32	1169,39
664,51	1214,45
664,70	1120,24
664,89	1220,59
665,07	1179,63
665,26	1282,03
665,45	1245,16
665,64	1185,77
665,82	1122,29
666,01	1261,55
666,20	1236,97
666,38	1157,10
666,57	1265,64
666,76	1234,93
666,95	1200,11
667,13	1153,01
667,32	1214,45
667,51	1171,44
667,69	1169,39
667,88	1267,69
668,07	1261,55
668,25	1196,01
668,44	1167,34
668,63	1142,77
668,81	1214,45
669,00	1269,74
669,19	1226,73
669,38	1181,68
669,56	1179,63
669,75	1243,12
669,94	1173,49
670,12	1193,97
670,31	1236,97
670,50	1239,02
670,68	1159,15
670,87	1247,21
671,06	1253,36
671,24	1230,83
671,43	1200,11
671,62	1193,97
671,80	1230,83
671,99	1148,91
672,18	1130,48
672,36	1189,87
672,55	1271,79
672,74	1196,01
672,92	1198,06
673,11	1226,73
673,29	1206,25
673,48	1267,69
673,67	1179,63
673,85	1163,25
674,04	1216,49
674,23	1146,86
674,41	1116,14
674,60	1200,11
674,79	1181,68
674,97	1183,73
675,16	1183,73
675,34	1144,81
675,53	1198,06
675,72	1165,29
675,90	1212,40
676,09	1126,38
676,28	1187,82
676,46	1198,06
676,65	1230,83
676,83	1261,55
677,02	1193,97
677,21	1157,10
677,39	1150,96
677,58	1169,39
677,77	1232,88
677,95	1193,97
678,14	1179,63
678,32	1175,53
678,51	1161,20
678,70	1212,40
678,88	1187,82
679,07	1193,97
679,25	1134,57
679,44	1222,64
679,63	1132,53
679,81	1226,73
680,00	1128,43
680,18	1157,10
680,37	1216,49
680,55	1228,78
680,74	1167,34
680,93	1204,21
681,11	1232,88
681,30	1202,16
681,48	1216,49
681,67	1153,01
681,85	1189,87
682,04	1146,86
682,23	1228,78
682,41	1187,82
682,60	1150,96
682,78	1208,30
682,97	1155,05
683,15	1169,39
683,34	1181,68
683,53	1181,68
683,71	1153,01
683,90	1101,81
684,08	1255,40
684,27	1167,34
684,45	1144,81
684,64	1236,97
684,82	1222,64
685,01	1202,16
685,19	1189,87
685,38	1208,30
685,57	1134,57
685,75	1169,39
685,94	1155,05
686,12	1208,30
686,31	1220,59
686,49	1239,02
686,68	1198,06
686,86	1132,53
687,05	1157,10
687,23	1288,17
687,42	1142,77
687,60	1191,92
687,79	1157,10
687,97	1220,59
688,16	1181,68
688,34	1171,44
688,53	1208,30
688,71	1253,36
688,90	1132,53
689,08	1177,58
689,27	1185,77
689,45	1130,48
689,64	1187,82
689,82	1234,93
690,01	1187,82
690,19	1236,97
690,38	1144,81
690,56	1193,97
690,75	1099,76
690,93	1165,29
691,12	1196,01
691,30	1212,40
691,49	1198,06
691,67	1208,30
691,86	1210,35
692,04	1185,77
692,23	1191,92
692,41	1282,03
692,60	1179,63
692,78	1183,73
692,97	1191,92
693,15	1189,87
693,34	1181,68
693,52	1196,01
693,71	1234,93
693,89	1204,21
694,08	1175,53
694,26	1161,20
694,44	1261,55
694,63	1161,20
694,81	1169,39
695,00	1163,25
695,18	1157,10
695,37	1267,69
695,55	1157,10
695,74	1282,03
695,92	1175,53
696,10	1320,94
696,29	1230,83
696,47	1206,25
696,66	1243,12
696,84	1200,11
697,03	1171,44
697,21	1208,30
697,40	1224,69
697,58	1198,06
697,76	1193,97
697,95	1198,06
698,13	1171,44
698,32	1173,49
698,50	1157,10
698,68	1208,30
698,87	1128,43
699,05	1208,30
699,24	1181,68
699,42	1253,36
699,61	1134,57
699,79	1200,11
699,97	1251,31
700,16	1142,77
700,34	1214,45
700,53	1241,07
700,71	1179,63
700,89	1263,60
701,08	1210,35
701,26	1169,39
701,45	1247,21
701,63	1191,92
701,81	1220,59
702,00	1232,88
702,18	1148,91
702,37	1222,64
702,55	1183,73
702,73	1189,87
702,92	1167,34
703,10	1234,93
703,28	1167,34
703,47	1185,77
703,65	1179,63
703,84	1255,40
704,02	1157,10
704,20	1183,73
704,39	1126,38
704,57	1206,25
704,75	1232,88
704,94	1198,06
705,12	1183,73
705,30	1110,00
705,49	1226,73
705,67	1230,83
705,86	1204,21
706,04	1234,93
706,22	1179,63
706,41	1204,21
706,59	1257,45
706,77	1169,39
706,96	1218,54
707,14	1103,86
707,32	1216,49
707,51	1200,11
707,69	1259,50
707,87	1193,97
708,06	1191,92
708,24	1212,40
708,42	1245,16
708,61	1175,53
708,79	1157,10
708,97	1105,90
709,16	1232,88
709,34	1204,21
709,52	1163,25
709,71	1236,97
709,89	1163,25
710,07	1196,01
710,26	1198,06
710,44	1157,10
710,62	1255,40
710,80	1181,68
710,99	1236,97
711,17	1226,73
711,35	1202,16
711,54	1243,12
711,72	1140,72
711,90	1175,53
712,09	1210,35
712,27	1167,34
712,45	1224,69
712,63	1249,26
712,82	1140,72
713,00	1191,92
713,18	1187,82
713,37	1259,50
713,55	1136,62
713,73	1206,25
713,91	1179,63
714,10	1271,79
714,28	1193,97
714,46	1189,87
714,65	1249,26
714,83	1204,21
715,01	1159,15
715,19	1132,53
715,38	1185,77
715,56	1191,92
715,74	1187,82
715,92	1200,11
716,11	1179,63
716,29	1210,35
716,47	1218,54
716,65	1222,64
716,84	1122,29
717,02	1206,25
717,20	1171,44
717,38	1165,29
717,57	1200,11
717,75	1142,77
717,93	1239,02
718,11	1228,78
718,30	1163,25
718,48	1146,86
718,66	1175,53
718,84	1177,58
719,03	1187,82
719,21	1171,44
719,39	1165,29
719,57	1140,72
719,75	1198,06
719,94	1130,48
720,12	1181,68
720,30	1234,93
720,48	1253,36
720,67	1134,57
720,85	1159,15
721,03	1200,11
721,21	1228,78
721,39	1204,21
721,58	1212,40
721,76	1187,82
721,94	1124,33
722,12	1185,77
722,30	1224,69
722,49	1191,92
722,67	1191,92
722,85	1181,68
723,03	1142,77
723,21	1218,54
723,40	1191,92
723,58	1110,00
723,76	1126,38
723,94	1163,25
724,12	1157,10
724,30	1245,16
724,49	1120,24
724,67	1191,92
724,85	1185,77
725,03	1155,05
725,21	1140,72
725,40	1191,92
725,58	1173,49
725,76	1243,12
725,94	1224,69
726,12	1177,58
726,30	1249,26
726,49	1175,53
726,67	1185,77
726,85	1212,40
727,03	1200,11
727,21	1173,49
727,39	1171,44
727,57	1171,44
727,76	1241,07
727,94	1185,77
728,12	1140,72
728,30	1200,11
728,48	1167,34
728,66	1208,30
728,84	1134,57
729,03	1226,73
729,21	1150,96
729,39	1314,80
729,57	1161,20
729,75	1157,10
729,93	1269,74
730,11	1222,64
730,30	1095,66
730,48	1265,64
730,66	1157,10
730,84	1261,55
731,02	1218,54
731,20	1206,25
731,38	1193,97
731,56	1136,62
731,74	1271,79
731,93	1150,96
732,11	1153,01
732,29	1210,35
732,47	1175,53
732,65	1222,64
732,83	1179,63
733,01	1165,29
733,19	1202,16
733,37	1202,16
733,56	1126,38
733,74	1261,55
733,92	1226,73
734,10	1247,21
734,28	1249,26
734,46	1220,59
734,64	1204,21
734,82	1183,73
735,00	1245,16
735,18	1208,30
735,36	1187,82
735,54	1208,30
735,73	1159,15
735,91	1214,45
736,09	1171,44
736,27	1140,72
736,45	1153,01
736,63	1206,25
736,81	1181,68
736,99	1284,08
737,17	1273,84
737,35	1255,40
737,53	1214,45
737,71	1148,91
737,89	1153,01
738,07	1234,93
738,25	1185,77
738,43	1093,62
738,61	1206,25
738,80	1220,59
738,98	1208,30
739,16	1249,26
739,34	1257,45
739,52	1255,40
739,70	1196,01
739,88	1173,49
740,06	1171,44
740,24	1183,73
740,42	1198,06
740,60	1163,25
740,78	1185,77
740,96	1181,68
741,14	1136,62
741,32	1228,78
741,50	1179,63
741,68	1181,68
741,86	1142,77
742,04	1165,29
742,22	1185,77
742,40	1216,49
742,58	1212,40
742,76	1214,45
742,94	1161,20
743,12	1249,26
743,30	1175,53
743,48	1202,16
743,66	1191,92
743,84	1193,97
744,02	1185,77
744,20	1171,44
744,38	1187,82
744,56	1189,87
744,74	1210,35
744,92	1249,26
745,10	1196,01
745,28	1212,40
745,46	1243,12
745,64	1175,53
745,82	1177,58
746,00	1193,97
746,18	1230,83
746,36	1169,39
746,54	1163,25
746,72	1167,34
746,90	1140,72
747,08	1255,40
747,26	1150,96
747,44	1177,58
747,62	1163,25
747,80	1267,69
747,98	1185,77
748,15	1245,16
748,33	1247,21
748,51	1261,55
748,69	1214,45
748,87	1185,77
749,05	1257,45
749,23	1157,10
749,41	1208,30
749,59	1214,45
749,77	1232,88
749,95	1275,88
750,13	1218,54
750,31	1257,45
750,49	1159,15
750,67	1171,44
750,85	1144,81
751,03	1157,10
751,20	1204,21
751,38	1161,20
751,56	1267,69
751,74	1183,73
751,92	1228,78
752,10	1226,73
752,28	1179,63
752,46	1259,50
752,64	1128,43
752,82	1236,97
753,00	1204,21
753,18	1200,11
753,35	1167,34
753,53	1241,07
753,71	1159,15
753,89	1218,54
754,07	1112,05
754,25	1224,69
754,43	1206,25
754,61	1206,25
754,79	1198,06
754,97	1159,15
755,14	1185,77
755,32	1232,88
755,50	1118,19
755,68	1212,40
755,86	1181,68
756,04	1247,21
756,22	1212,40
756,40	1243,12
756,57	1232,88
756,75	1286,12
756,93	1212,40
757,11	1173,49
757,29	1200,11
757,47	1224,69
757,65	1175,53
757,82	1134,57
758,00	1173,49
758,18	1208,30
758,36	1103,86
758,54	1161,20
758,72	1210,35
758,90	1220,59
759,07	1185,77
759,25	1296,36
759,43	1191,92
759,61	1230,83
759,79	1247,21
759,97	1230,83
760,15	1216,49
760,32	1189,87
760,50	1173,49
760,68	1224,69
760,86	1138,67
761,04	1183,73
761,22	1200,11
761,39	1196,01
761,57	1265,64
761,75	1163,25
761,93	1228,78
762,11	1220,59
762,28	1230,83
762,46	1202,16
762,64	1122,29
762,82	1171,44
763,00	1212,40
763,18	1193,97
763,35	1183,73
763,53	1259,50
763,71	1183,73
763,89	1196,01
764,07	1193,97
764,24	1171,44
764,42	1159,15
764,60	1185,77
764,78	1116,14
764,96	1157,10
765,13	1191,92
765,31	1189,87
765,49	1212,40
765,67	1241,07
765,84	1249,26
766,02	1253,36
766,20	1239,02
766,38	1187,82
766,56	1255,40
766,73	1228,78
766,91	1204,21
767,09	1294,32
767,27	1196,01
767,44	1241,07
767,62	1163,25
767,80	1161,20
767,98	1208,30
768,15	1224,69
768,33	1198,06
768,51	1208,30
768,69	1126,38
768,87	1169,39
769,04	1220,59
769,22	1187,82
769,40	1206,25
769,58	1202,16
769,75	1239,02
769,93	1241,07
770,11	1183,73
770,28	1157,10
770,46	1103,86
770,64	1218,54
770,82	1198,06
770,99	1150,96
771,17	1206,25
771,35	1232,88
771,53	1124,33
771,70	1171,44
771,88	1185,77
772,06	1148,91
772,23	1241,07
772,41	1146,86
772,59	1193,97
772,77	1251,31
772,94	1183,73
773,12	1191,92
773,30	1193,97
773,47	1210,35
773,65	1183,73
773,83	1263,60
774,01	1167,34
774,18	1167,34
774,36	1236,97
774,54	1167,34
774,71	1175,53
774,89	1136,62
775,07	1118,19
775,24	1142,77
775,42	1212,40
775,60	1255,40
775,78	1234,93
775,95	1208,30
776,13	1208,30
776,31	1161,20
776,48	1216,49
776,66	1191,92
776,84	1230,83
777,01	1173,49
777,19	1234,93
777,37	1189,87
777,54	1118,19
777,72	1218,54
777,90	1222,64
778,07	1187,82
778,25	1212,40
778,43	1138,67
778,60	1249,26
778,78	1228,78
778,96	1189,87
779,13	1216,49
779,31	1130,48
779,49	1128,43
779,66	1191,92
779,84	1157,10
780,01	1173,49
780,19	1218,54
780,37	1245,16
780,54	1187,82
780,72	1183,73
780,90	1241,07
781,07	1208,30
781,25	1159,15
781,43	1175,53
781,60	1247,21
781,78	1224,69
781,95	1148,91
782,13	1171,44
782,31	1261,55
782,48	1155,05
782,66	1198,06
782,83	1150,96
783,01	1236,97
783,19	1187,82
783,36	1206,25
783,54	1234,93
783,72	1155,05
783,89	1159,15
784,07	1253,36
784,24	1224,69
784,42	1193,97
784,60	1302,51
784,77	1222,64
784,95	1132,53
785,12	1228,78
785,30	1232,88
785,47	1183,73
785,65	1144,81
785,83	1232,88
786,00	1177,58
786,18	1206,25
786,35	1218,54
786,53	1245,16
786,71	1204,21
786,88	1189,87
787,06	1226,73
787,23	1232,88
787,41	1216,49
787,58	1222,64
787,76	1208,30
787,94	1224,69
788,11	1163,25
788,29	1251,31
788,46	1181,68
788,64	1153,01
788,81	1208,30
788,99	1191,92
789,16	1165,29
789,34	1218,54
789,52	1167,34
789,69	1150,96
789,87	1198,06
790,04	1196,01
790,22	1167,34
790,39	1173,49
790,57	1193,97
790,74	1155,05
790,92	1191,92
791,09	1206,25
791,27	1214,45
791,44	1175,53
791,62	1183,73
791,79	1208,30
791,97	1191,92
792,15	1191,92
792,32	1236,97
792,50	1236,97
792,67	1163,25
792,85	1232,88
793,02	1163,25
793,20	1122,29
793,37	1161,20
793,55	1173,49
793,72	1173,49
793,90	1239,02
794,07	1155,05
794,25	1124,33
794,42	1130,48
794,60	1228,78
794,77	1222,64
794,95	1228,78
795,12	1230,83
795,30	1181,68
795,47	1189,87
795,65	1263,60
795,82	1157,10
796,00	1118,19
796,17	1212,40
796,34	1150,96
796,52	1267,69
796,69	1187,82
796,87	1198,06
797,04	1136,62
797,22	1210,35
797,39	1173,49
797,57	1277,93
797,74	1212,40
797,92	1212,40
798,09	1185,77
798,27	1200,11
798,44	1271,79
798,62	1124,33
798,79	1193,97
798,96	1128,43
799,14	1144,81
799,31	1247,21
799,49	1175,53
799,66	1220,59
799,84	1183,73
800,01	1181,68
800,19	1163,25
800,36	1253,36
800,53	1230,83
800,71	1179,63
800,88	1271,79
801,06	1212,40
801,23	1183,73
801,41	1181,68
801,58	1220,59
801,75	1097,71
801,93	1130,48
802,10	1196,01
802,28	1208,30
802,45	1198,06
802,63	1222,64
802,80	1200,11
802,97	1177,58
803,15	1239,02
803,32	1202,16
803,50	1167,34
803,67	1265,64
803,84	1196,01
804,02	1150,96
804,19	1286,12
804,37	1142,77
804,54	1148,91
804,71	1214,45
804,89	1159,15
805,06	1232,88
805,24	1163,25
805,41	1150,96
805,58	1234,93
805,76	1183,73
805,93	1216,49
806,10	1255,40
806,28	1191,92
806,45	1140,72
806,63	1210,35
806,80	1110,00
806,97	1153,01
807,15	1087,47
807,32	1157,10
807,49	1269,74
807,67	1218,54
807,84	1191,92
808,01	1210,35
808,19	1185,77
808,36	1222,64
808,54	1232,88
808,71	1241,07
808,88	1196,01
809,06	1228,78
809,23	1183,73
809,40	1245,16
809,58	1142,77
809,75	1212,40
809,92	1300,46
810,10	1183,73
810,27	1230,83
810,44	1226,73
810,62	1140,72
810,79	1234,93
810,96	1193,97
811,14	1253,36
811,31	1138,67
811,48	1214,45
811,66	1165,29
811,83	1200,11
812,00	1206,25
812,18	1185,77
812,35	1202,16
812,52	1173,49
812,69	1165,29
812,87	1189,87
813,04	1167,34
813,21	1245,16
813,39	1212,40
813,56	1191,92
813,73	1216,49
813,91	1177,58
814,08	1198,06
814,25	1175,53
814,42	1155,05
814,60	1218,54
814,77	1218,54
814,94	1159,15
815,12	1218,54
815,29	1177,58
815,46	1181,68
815,63	1202,16
815,81	1200,11
815,98	1189,87
816,15	1224,69
816,33	1138,67
816,50	1222,64
816,67	1200,11
816,84	1247,21
817,02	1124,33
817,19	1157,10
817,36	1208,30
817,53	1234,93
817,71	1196,01
817,88	1161,20
818,05	1202,16
818,22	1177,58
818,40	1251,31
818,57	1232,88
818,74	1222,64
818,91	1204,21
819,09	1183,73
819,26	1210,35
819,43	1130,48
819,60	1179,63
819,78	1224,69
819,95	1247,21
820,12	1183,73
820,29	1251,31
820,47	1173,49
820,64	1265,64
820,81	1202,16
820,98	1140,72
821,15	1210,35
821,33	1202,16
821,50	1204,21
821,67	1167,34
821,84	1124,33
822,02	1167,34
822,19	1193,97
822,36	1216,49
822,53	1214,45
822,70	1150,96
822,88	1159,15
823,05	1234,93
823,22	1185,77
823,39	1191,92
823,56	1216,49
823,74	1261,55
823,91	1263,60
824,08	1200,11
824,25	1134,57
824,42	1253,36
824,60	1183,73
824,77	1218,54
824,94	1204,21
825,11	1243,12
825,28	1179,63
825,45	1171,44
825,63	1210,35
825,80	1161,20
825,97	1187,82
826,14	1138,67
826,31	1171,44
826,48	1175,53
826,66	1243,12
826,83	1290,22
827,00	1257,45
827,17	1165,29
827,34	1171,44
827,51	1232,88
827,69	1130,48
827,86	1204,21
828,03	1265,64
828,20	1134,57
828,37	1116,14
828,54	1204,21
828,71	1179,63
828,89	1218,54
829,06	1212,40
829,23	1241,07
829,40	1161,20
829,57	1230,83
829,74	1220,59
829,91	1122,29
830,09	1224,69
830,26	1171,44
830,43	1206,25
830,60	1212,40
830,77	1189,87
830,94	1253,36
831,11	1161,20
831,28	1167,34
831,46	1234,93
831,63	1142,77
831,80	1126,38
831,97	1191,92
832,14	1241,07
832,31	1220,59
832,48	1175,53
832,65	1161,20
832,82	1138,67
832,99	1236,97
833,17	1177,58
833,34	1165,29
833,51	1204,21
833,68	1175,53
833,85	1112,05
834,02	1312,75
834,19	1187,82
834,36	1189,87
834,53	1179,63
834,70	1253,36
834,87	1157,10
835,04	1243,12
835,22	1122,29
835,39	1198,06
835,56	1212,40
835,73	1232,88
835,90	1212,40
836,07	1163,25
836,24	1138,67
836,41	1116,14
836,58	1150,96
836,75	1144,81
836,92	1140,72
837,09	1204,21
837,26	1267,69
837,43	1247,21
837,60	1124,33
837,77	1183,73
837,94	1157,10
838,12	1206,25
838,29	1191,92
838,46	1239,02
838,63	1206,25
838,80	1112,05
838,97	1241,07
839,14	1247,21
839,31	1175,53
839,48	1263,60
839,65	1144,81
839,82	1224,69
839,99	1150,96
840,16	1193,97
840,33	1140,72
840,50	1134,57
840,67	1191,92
840,84	1239,02
841,01	1202,16
841,18	1138,67
841,35	1167,34
841,52	1230,83
841,69	1206,25
841,86	1101,81
842,03	1185,77
842,20	1269,74
842,37	1122,29
842,54	1200,11
842,71	1132,53
842,88	1245,16
843,05	1138,67
843,22	1173,49
843,39	1249,26
843,56	1134,57
843,73	1187,82
843,90	1259,50
844,07	1294,32
844,24	1134,57
844,41	1206,25
844,58	1232,88
844,75	1247,21
844,92	1177,58
845,09	1159,15
845,26	1155,05
845,43	1202,16
845,60	1222,64
845,77	1191,92
845,94	1228,78
846,10	1228,78
846,27	1191,92
846,44	1110,00
846,61	1214,45
846,78	1210,35
846,95	1183,73
847,12	1220,59
847,29	1161,20
847,46	1210,35
847,63	1171,44
847,80	1167,34
847,97	1204,21
848,14	1198,06
848,31	1101,81
848,48	1224,69
848,65	1218,54
848,82	1191,92
848,98	1171,44
849,15	1177,58
849,32	1163,25
849,49	1214,45
849,66	1181,68
849,83	1261,55
850,00	1122,29
850,17	1245,16
850,34	1181,68
850,51	1181,68
850,68	1232,88
850,85	1191,92
851,01	1198,06
851,18	1191,92
851,35	1189,87
851,52	1253,36
851,69	1132,53
851,86	1167,34
852,03	1210,35
852,20	1185,77
852,37	1177,58
852,53	1140,72
852,70	1198,06
852,87	1286,12
853,04	1193,97
853,21	1236,97
853,38	1212,40
853,55	1251,31
853,72	1191,92
853,89	1222,64
854,05	1183,73
854,22	1228,78
854,39	1222,64
854,56	1161,20
854,73	1179,63
854,90	1163,25
855,07	1210,35
855,23	1224,69
855,40	1183,73
855,57	1267,69
855,74	1187,82
855,91	1243,12
856,08	1183,73
856,25	1200,11
856,41	1206,25
856,58	1148,91
856,75	1241,07
856,92	1155,05
857,09	1187,82
857,26	1196,01
857,42	1148,91
857,59	1191,92
857,76	1191,92
857,93	1150,96
858,10	1146,86
858,27	1216,49
858,43	1193,97
858,60	1189,87
858,77	1224,69
858,94	1132,53
859,11	1261,55
859,27	1212,40
859,44	1202,16
859,61	1202,16
859,78	1167,34
859,95	1183,73
860,12	1208,30
860,28	1247,21
860,45	1191,92
860,62	1196,01
860,79	1241,07
860,95	1130,48
861,12	1200,11
861,29	1177,58
861,46	1294,32
861,63	1153,01
861,79	1241,07
861,96	1146,86
862,13	1208,30
862,30	1130,48
862,47	1161,20
862,63	1118,19
862,80	1204,21
862,97	1212,40
863,14	1159,15
863,30	1196,01
863,47	1208,30
863,64	1175,53
863,81	1206,25
863,97	1232,88
864,14	1198,06
864,31	1187,82
864,48	1150,96
864,65	1243,12
864,81	1130,48
864,98	1216,49
865,15	1171,44
865,32	1175,53
865,48	1212,40
865,65	1181,68
865,82	1134,57
865,98	1105,90
866,15	1134,57
866,32	1189,87
866,49	1165,29
866,65	1177,58
866,82	1241,07
866,99	1193,97
867,16	1153,01
867,32	1189,87
867,49	1163,25
867,66	1183,73
867,83	1206,25
867,99	1214,45
868,16	1165,29
868,33	1224,69
868,49	1187,82
868,66	1212,40
868,83	1169,39
868,99	1181,68
869,16	1206,25
869,33	1245,16
869,50	1247,21
869,66	1173,49
869,83	1116,14
870,00	1218,54
870,16	1198,06
870,33	1155,05
870,50	1191,92
870,66	1224,69
870,83	1157,10
871,00	1210,35
871,17	1183,73
871,33	1212,40
871,50	1218,54
871,67	1157,10
871,83	1245,16
872,00	1253,36
872,17	1232,88
872,33	1142,77
872,50	1259,50
872,67	1191,92
872,83	1155,05
873,00	1245,16
873,17	1200,11
873,33	1148,91
873,50	1208,30
873,67	1191,92
873,83	1228,78
874,00	1202,16
874,16	1175,53
874,33	1183,73
874,50	1083,38
874,66	1220,59
874,83	1222,64
875,00	1206,25
875,16	1159,15
875,33	1142,77
875,50	1150,96
875,66	1265,64
875,83	1118,19
875,99	1198,06
876,16	1191,92
876,33	1222,64
876,49	1202,16
876,66	1220,59
876,83	1222,64
876,99	1206,25
877,16	1245,16
877,32	1163,25
877,49	1232,88
877,66	1239,02
877,82	1239,02
877,99	1234,93
878,15	1183,73
878,32	1200,11
878,49	1157,10
878,65	1191,92
878,82	1177,58
878,98	1146,86
879,15	1187,82
879,32	1169,39
879,48	1134,57
879,65	1255,40
879,81	1146,86
879,98	1187,82
880,15	1222,64
880,31	1165,29
880,48	1210,35
880,64	1204,21
880,81	1241,07
880,97	1142,77
881,14	1200,11
881,31	1105,90
881,47	1198,06
881,64	1212,40
881,80	1216,49
881,97	1228,78
882,13	1226,73
882,30	1179,63
882,47	1187,82
882,63	1218,54
882,80	1208,30
882,96	1181,68
883,13	1181,68
883,29	1275,88
883,46	1134,57
883,62	1298,41
883,79	1234,93
883,95	1220,59
884,12	1146,86
884,29	1247,21
884,45	1210,35
884,62	1202,16
884,78	1206,25
884,95	1196,01
885,11	1171,44
885,28	1159,15
885,44	1146,86
885,61	1163,25
885,77	1183,73
885,94	1216,49
886,10	1288,17
886,27	1247,21
886,43	1232,88
886,60	1191,92
886,76	1245,16
886,93	1224,69
887,09	1236,97
887,26	1253,36
887,42	1177,58
887,59	1112,05
887,75	1196,01
887,92	1228,78
888,08	1198,06
888,25	1193,97
888,41	1212,40
888,58	1167,34
888,74	1234,93
888,91	1198,06
