177,47	1114,10
177,69	1114,10
177,91	1114,10
178,13	1142,77
178,36	1181,68
178,58	1165,29
178,80	1189,87
179,02	1187,82
179,24	1165,29
179,46	1179,63
179,68	1191,92
179,90	1249,26
180,13	1126,38
180,35	1187,82
180,57	1196,01
180,79	1204,21
181,01	1208,30
181,23	1110,00
181,45	1226,73
181,67	1261,55
181,90	1251,31
182,12	1159,15
182,34	1222,64
182,56	1228,78
182,78	1124,33
183,00	1183,73
183,22	1155,05
183,44	1222,64
183,66	1208,30
183,89	1157,10
184,11	1226,73
184,33	1218,54
184,55	1171,44
184,77	1177,58
184,99	1202,16
185,21	1120,24
185,43	1161,20
185,65	1210,35
185,87	1208,30
186,10	1228,78
186,32	1222,64
186,54	1189,87
186,76	1228,78
186,98	1185,77
187,20	1261,55
187,42	1218,54
187,64	1150,96
187,86	1196,01
188,08	1146,86
188,30	1206,25
188,52	1173,49
188,75	1224,69
188,97	1169,39
189,19	1116,14
189,41	1216,49
189,63	1140,72
189,85	1140,72
190,07	1220,59
190,29	1144,81
190,51	1241,07
190,73	1193,97
190,95	1189,87
191,17	1202,16
191,39	1218,54
191,61	1208,30
191,84	1251,31
192,06	1232,88
192,28	1218,54
192,50	1210,35
192,72	1177,58
192,94	1259,50
193,16	1228,78
193,38	1257,45
193,60	1200,11
193,82	1253,36
194,04	1146,86
194,26	1132,53
194,48	1220,59
194,70	1206,25
194,92	1183,73
195,14	1179,63
195,36	1210,35
195,58	1247,21
195,80	1230,83
196,02	1120,24
196,24	1196,01
196,46	1200,11
196,69	1171,44
196,91	1218,54
197,13	1148,91
197,35	1212,40
197,57	1163,25
197,79	1198,06
198,01	1146,86
198,23	1193,97
198,45	1169,39
198,67	1157,10
198,89	1193,97
199,11	1185,77
199,33	1243,12
199,55	1189,87
199,77	1146,86
199,99	1220,59
200,21	1236,97
200,43	1171,44
200,65	1167,34
200,87	1202,16
201,09	1196,01
201,31	1136,62
201,53	1224,69
201,75	1187,82
201,97	1138,67
202,19	1224,69
202,41	1200,11
202,63	1142,77
202,85	1202,16
203,07	1181,68
203,29	1214,45
203,51	1175,53
203,73	1171,44
203,95	1191,92
204,17	1202,16
204,39	1198,06
204,61	1177,58
204,83	1210,35
205,05	1228,78
205,27	1175,53
205,49	1230,83
205,71	1189,87
205,93	1179,63
206,15	1255,40
206,37	1163,25
206,59	1173,49
206,81	1157,10
207,03	1202,16
207,25	1171,44
207,47	1214,45
207,69	1241,07
207,91	1196,01
208,13	1198,06
208,34	1243,12
208,56	1167,34
208,78	1150,96
209,00	1241,07
209,22	1171,44
209,44	1181,68
209,66	1224,69
209,88	1175,53
210,10	1216,49
210,32	1175,53
210,54	1216,49
210,76	1243,12
210,98	1144,81
211,20	1134,57
211,42	1202,16
211,64	1204,21
211,86	1255,40
212,08	1175,53
212,30	1196,01
212,52	1114,10
212,74	1140,72
212,96	1150,96
213,17	1189,87
213,39	1218,54
213,61	1169,39
213,83	1202,16
214,05	1148,91
214,27	1212,40
214,49	1140,72
214,71	1191,92
214,93	1200,11
215,15	1165,29
215,37	1257,45
215,59	1118,19
215,81	1241,07
216,03	1185,77
216,24	1218,54
216,46	1124,33
216,68	1144,81
216,90	1196,01
217,12	1157,10
217,34	1185,77
217,56	1234,93
217,78	1202,16
218,00	1265,64
218,22	1159,15
218,44	1208,30
218,66	1222,64
218,87	1165,29
219,09	1112,05
219,31	1124,33
219,53	1173,49
219,75	1224,69
219,97	1245,16
220,19	1114,10
220,41	1224,69
220,63	1148,91
220,85	1189,87
221,06	1200,11
221,28	1157,10
221,50	1241,07
221,72	1173,49
221,94	1290,22
222,16	1183,73
222,38	1232,88
222,60	1286,12
222,82	1132,53
223,03	1153,01
223,25	1216,49
223,47	1140,72
223,69	1169,39
223,91	1140,72
224,13	1208,30
224,35	1179,63
224,57	1146,86
224,78	1132,53
225,00	1210,35
225,22	1222,64
225,44	1196,01
225,66	1153,01
225,88	1196,01
226,10	1206,25
226,32	1245,16
226,53	1275,88
226,75	1232,88
226,97	1269,74
227,19	1202,16
227,41	1185,77
227,63	1159,15
227,85	1198,06
228,06	1128,43
228,28	1142,77
228,50	1163,25
228,72	1216,49
228,94	1208,30
229,16	1226,73
229,37	1181,68
229,59	1232,88
229,81	1202,16
230,03	1167,34
230,25	1142,77
230,47	1212,40
230,69	1220,59
230,90	1169,39
231,12	1277,93
231,34	1222,64
231,56	1177,58
231,78	1175,53
232,00	1228,78
232,21	1208,30
232,43	1175,53
232,65	1159,15
232,87	1169,39
233,09	1126,38
233,30	1175,53
233,52	1173,49
233,74	1236,97
233,96	1148,91
234,18	1206,25
234,40	1181,68
234,61	1165,29
234,83	1130,48
235,05	1175,53
235,27	1204,21
235,49	1230,83
235,70	1189,87
235,92	1181,68
236,14	1212,40
236,36	1191,92
236,58	1261,55
236,79	1169,39
237,01	1155,05
237,23	1179,63
237,45	1179,63
237,67	1161,20
237,88	1150,96
238,10	1153,01
238,32	1245,16
238,54	1179,63
238,76	1224,69
238,97	1247,21
239,19	1163,25
239,41	1236,97
239,63	1216,49
239,85	1140,72
240,06	1253,36
240,28	1206,25
240,50	1216,49
240,72	1253,36
240,93	1167,34
241,15	1212,40
241,37	1212,40
241,59	1249,26
241,81	1218,54
242,02	1085,42
242,24	1220,59
242,46	1243,12
242,68	1210,35
242,89	1234,93
243,11	1259,50
243,33	1271,79
243,55	1198,06
243,76	1189,87
243,98	1126,38
244,20	1198,06
244,42	1187,82
244,64	1206,25
244,85	1175,53
245,07	1169,39
245,29	1173,49
245,51	1220,59
245,72	1105,90
245,94	1218,54
246,16	1169,39
246,38	1200,11
246,59	1171,44
246,81	1105,90
247,03	1234,93
247,24	1224,69
247,46	1191,92
247,68	1191,92
247,90	1204,21
248,11	1236,97
248,33	1169,39
248,55	1212,40
248,77	1179,63
248,98	1208,30
249,20	1222,64
249,42	1241,07
249,64	1198,06
249,85	1146,86
250,07	1169,39
250,29	1222,64
250,50	1185,77
250,72	1247,21
250,94	1206,25
251,16	1142,77
251,37	1206,25
251,59	1261,55
251,81	1216,49
252,02	1161,20
252,24	1161,20
252,46	1163,25
252,68	1245,16
252,89	1306,60
253,11	1132,53
253,33	1247,21
253,54	1146,86
253,76	1241,07
253,98	1148,91
254,20	1169,39
254,41	1222,64
254,63	1183,73
254,85	1220,59
255,06	1136,62
255,28	1157,10
255,50	1167,34
255,71	1224,69
255,93	1228,78
256,15	1185,77
256,36	1228,78
256,58	1167,34
256,80	1175,53
257,02	1118,19
257,23	1177,58
257,45	1167,34
257,67	1202,16
257,88	1212,40
258,10	1208,30
258,32	1191,92
258,53	1177,58
258,75	1193,97
258,97	1204,21
259,18	1220,59
259,40	1124,33
259,62	1169,39
259,83	1171,44
260,05	1165,29
260,27	1202,16
260,48	1167,34
260,70	1183,73
260,92	1079,28
261,13	1198,06
261,35	1228,78
261,57	1212,40
261,78	1177,58
262,00	1163,25
262,22	1175,53
262,43	1173,49
262,65	1157,10
262,86	1148,91
263,08	1204,21
263,30	1179,63
263,51	1142,77
263,73	1232,88
263,95	1165,29
264,16	1239,02
264,38	1181,68
264,60	1177,58
264,81	1200,11
265,03	1183,73
265,25	1212,40
265,46	1224,69
265,68	1239,02
265,89	1171,44
266,11	1169,39
266,33	1204,21
266,54	1241,07
266,76	1253,36
266,98	1140,72
267,19	1228,78
267,41	1191,92
267,62	1185,77
267,84	1202,16
268,06	1218,54
268,27	1208,30
268,49	1175,53
268,70	1157,10
268,92	1193,97
269,14	1171,44
269,35	1157,10
269,57	1159,15
269,79	1200,11
270,00	1193,97
270,22	1245,16
270,43	1185,77
270,65	1101,81
270,87	1175,53
271,08	1193,97
271,30	1200,11
271,51	1177,58
271,73	1179,63
271,95	1236,97
272,16	1159,15
272,38	1236,97
272,59	1142,77
272,81	1159,15
273,02	1251,31
273,24	1208,30
273,46	1177,58
273,67	1142,77
273,89	1224,69
274,10	1183,73
274,32	1202,16
274,54	1175,53
274,75	1175,53
274,97	1128,43
275,18	1198,06
275,40	1224,69
275,61	1189,87
275,83	1275,88
276,05	1204,21
276,26	1224,69
276,48	1202,16
276,69	1193,97
276,91	1187,82
277,12	1259,50
277,34	1175,53
277,55	1261,55
277,77	1193,97
277,99	1234,93
278,20	1286,12
278,42	1257,45
278,63	1214,45
278,85	1161,20
279,06	1222,64
279,28	1214,45
279,49	1159,15
279,71	1208,30
279,93	1210,35
280,14	1183,73
280,36	1155,05
280,57	1189,87
280,79	1126,38
281,00	1183,73
281,22	1249,26
281,43	1196,01
281,65	1187,82
281,86	1142,77
282,08	1212,40
282,29	1189,87
282,51	1273,84
282,73	1187,82
282,94	1265,64
283,16	1191,92
283,37	1189,87
283,59	1218,54
283,80	1079,28
284,02	1122,29
284,23	1216,49
284,45	1261,55
284,66	1146,86
284,88	1234,93
285,09	1214,45
285,31	1204,21
285,52	1185,77
285,74	1142,77
285,95	1247,21
286,17	1159,15
286,38	1155,05
286,60	1161,20
286,81	1216,49
287,03	1200,11
287,24	1222,64
287,46	1251,31
287,67	1118,19
287,89	1234,93
288,10	1247,21
288,32	1245,16
288,53	1243,12
288,75	1257,45
288,96	1187,82
289,18	1105,90
289,39	1198,06
289,61	1245,16
289,82	1228,78
290,04	1232,88
290,25	1183,73
290,47	1208,30
290,68	1224,69
290,90	1171,44
291,11	1169,39
291,33	1196,01
291,54	1079,28
291,76	1122,29
291,97	1169,39
292,18	1198,06
292,40	1196,01
292,61	1183,73
292,83	1230,83
293,04	1165,29
293,26	1208,30
293,47	1249,26
293,69	1220,59
293,90	1200,11
294,12	1279,98
294,33	1251,31
294,55	1175,53
294,76	1243,12
294,97	1159,15
295,19	1263,60
295,40	1185,77
295,62	1177,58
295,83	1175,53
296,05	1202,16
296,26	1275,88
296,48	1243,12
296,69	1206,25
296,90	1314,80
297,12	1171,44
297,33	1193,97
297,55	1200,11
297,76	1222,64
297,98	1200,11
298,19	1234,93
298,41	1175,53
298,62	1132,53
298,83	1204,21
299,05	1191,92
299,26	1216,49
299,48	1290,22
299,69	1173,49
299,90	1198,06
300,12	1177,58
300,33	1159,15
300,55	1228,78
300,76	1255,40
300,98	1144,81
301,19	1200,11
301,40	1146,86
301,62	1253,36
301,83	1253,36
302,05	1247,21
302,26	1208,30
302,47	1171,44
302,69	1144,81
302,90	1263,60
303,12	1241,07
303,33	1208,30
303,54	1220,59
303,76	1236,97
303,97	1146,86
304,19	1251,31
304,40	1122,29
304,61	1155,05
304,83	1159,15
305,04	1200,11
305,26	1153,01
305,47	1204,21
305,68	1216,49
305,90	1142,77
306,11	1212,40
306,33	1150,96
306,54	1232,88
306,75	1200,11
306,97	1226,73
307,18	1181,68
307,39	1255,40
307,61	1191,92
307,82	1146,86
308,04	1216,49
308,25	1230,83
308,46	1173,49
308,68	1228,78
308,89	1245,16
309,10	1112,05
309,32	1331,18
309,53	1187,82
309,74	1187,82
309,96	1245,16
310,17	1148,91
310,39	1196,01
310,60	1210,35
310,81	1212,40
311,03	1214,45
311,24	1112,05
311,45	1212,40
311,67	1224,69
311,88	1279,98
312,09	1200,11
312,31	1191,92
312,52	1298,41
312,73	1189,87
312,95	1214,45
313,16	1167,34
313,37	1220,59
313,59	1208,30
313,80	1110,00
314,01	1165,29
314,23	1198,06
314,44	1249,26
314,65	1144,81
314,87	1169,39
315,08	1183,73
315,29	1228,78
315,51	1196,01
315,72	1124,33
315,93	1140,72
316,15	1157,10
316,36	1202,16
316,57	1271,79
316,79	1130,48
317,00	1169,39
317,21	1198,06
317,43	1241,07
317,64	1150,96
317,85	1187,82
318,07	1167,34
318,28	1224,69
318,49	1101,81
318,70	1185,77
318,92	1271,79
319,13	1167,34
319,34	1163,25
319,56	1165,29
319,77	1153,01
319,98	1189,87
320,20	1171,44
320,41	1173,49
320,62	1179,63
320,83	1187,82
321,05	1189,87
321,26	1193,97
321,47	1146,86
321,69	1222,64
321,90	1206,25
322,11	1222,64
322,32	1212,40
322,54	1208,30
322,75	1177,58
322,96	1261,55
323,18	1204,21
323,39	1234,93
323,60	1173,49
323,81	1126,38
324,03	1218,54
324,24	1198,06
324,45	1224,69
324,66	1163,25
324,88	1163,25
325,09	1165,29
325,30	1239,02
325,52	1183,73
325,73	1163,25
325,94	1185,77
326,15	1191,92
326,37	1163,25
326,58	1183,73
326,79	1230,83
327,00	1210,35
327,22	1222,64
327,43	1171,44
327,64	1230,83
327,85	1165,29
328,07	1128,43
328,28	1216,49
328,49	1177,58
328,70	1105,90
328,92	1128,43
329,13	1212,40
329,34	1171,44
329,55	1189,87
329,76	1236,97
329,98	1222,64
330,19	1142,77
330,40	1132,53
330,61	1175,53
330,83	1157,10
331,04	1198,06
331,25	1169,39
331,46	1167,34
331,68	1210,35
331,89	1200,11
332,10	1153,01
332,31	1220,59
332,52	1177,58
332,74	1126,38
332,95	1116,14
333,16	1202,16
333,37	1173,49
333,58	1187,82
333,80	1187,82
334,01	1214,45
334,22	1159,15
334,43	1163,25
334,64	1173,49
334,86	1107,95
335,07	1173,49
335,28	1179,63
335,49	1247,21
335,70	1132,53
335,92	1153,01
336,13	1189,87
336,34	1177,58
336,55	1216,49
336,76	1232,88
336,98	1150,96
337,19	1200,11
337,40	1232,88
337,61	1185,77
337,82	1247,21
338,04	1257,45
338,25	1310,70
338,46	1200,11
338,67	1239,02
338,88	1175,53
339,09	1247,21
339,31	1200,11
339,52	1165,29
339,73	1167,34
339,94	1230,83
340,15	1251,31
340,36	1208,30
340,58	1177,58
340,79	1249,26
341,00	1220,59
341,21	1163,25
341,42	1204,21
341,63	1208,30
341,85	1163,25
342,06	1196,01
342,27	1210,35
342,48	1159,15
342,69	1181,68
342,90	1228,78
343,12	1222,64
343,33	1110,00
343,54	1138,67
343,75	1185,77
343,96	1181,68
344,17	1183,73
344,38	1261,55
344,60	1218,54
344,81	1159,15
345,02	1189,87
345,23	1269,74
345,44	1224,69
345,65	1153,01
345,86	1175,53
346,07	1140,72
346,29	1196,01
346,50	1138,67
346,71	1175,53
346,92	1181,68
347,13	1171,44
347,34	1185,77
347,55	1146,86
347,76	1273,84
347,98	1193,97
348,19	1193,97
348,40	1142,77
348,61	1187,82
348,82	1142,77
349,03	1230,83
349,24	1202,16
349,45	1222,64
349,66	1220,59
349,88	1126,38
350,09	1157,10
350,30	1261,55
350,51	1214,45
350,72	1191,92
350,93	1163,25
351,14	1232,88
351,35	1255,40
351,56	1236,97
351,77	1200,11
351,99	1130,48
352,20	1214,45
352,41	1132,53
352,62	1198,06
352,83	1234,93
353,04	1230,83
353,25	1153,01
353,46	1181,68
353,67	1171,44
353,88	1220,59
354,09	1148,91
354,30	1142,77
354,52	1161,20
354,73	1212,40
354,94	1161,20
355,15	1216,49
355,36	1251,31
355,57	1208,30
355,78	1132,53
355,99	1245,16
356,20	1173,49
356,41	1165,29
356,62	1222,64
356,83	1185,77
357,04	1187,82
357,25	1130,48
357,46	1138,67
357,68	1153,01
357,89	1140,72
358,10	1243,12
358,31	1200,11
358,52	1226,73
358,73	1200,11
358,94	1208,30
359,15	1208,30
359,36	1179,63
359,57	1212,40
359,78	1222,64
359,99	1218,54
360,20	1173,49
360,41	1142,77
360,62	1200,11
360,83	1161,20
361,04	1187,82
361,25	1224,69
361,46	1200,11
361,67	1171,44
361,88	1232,88
362,09	1157,10
362,30	1288,17
362,51	1232,88
362,72	1155,05
362,93	1122,29
363,14	1173,49
363,35	1202,16
363,56	1183,73
363,78	1196,01
363,99	1202,16
364,20	1150,96
364,41	1290,22
364,62	1222,64
364,83	1140,72
365,04	1196,01
365,25	1200,11
365,46	1214,45
365,67	1208,30
365,88	1224,69
366,09	1202,16
366,30	1159,15
366,51	1144,81
366,72	1163,25
366,93	1189,87
367,14	1185,77
367,35	1177,58
367,56	1189,87
367,77	1216,49
367,98	1191,92
368,18	1171,44
368,39	1126,38
368,60	1204,21
368,81	1124,33
369,02	1214,45
369,23	1206,25
369,44	1298,41
369,65	1193,97
369,86	1189,87
370,07	1251,31
370,28	1183,73
370,49	1122,29
370,70	1206,25
370,91	1153,01
371,12	1183,73
371,33	1204,21
371,54	1214,45
371,75	1175,53
371,96	1130,48
372,17	1191,92
372,38	1153,01
372,59	1177,58
372,80	1206,25
373,01	1185,77
373,22	1198,06
373,43	1181,68
373,64	1148,91
373,85	1204,21
374,06	1132,53
374,26	1220,59
374,47	1241,07
374,68	1142,77
374,89	1138,67
375,10	1216,49
375,31	1189,87
375,52	1200,11
375,73	1183,73
375,94	1175,53
376,15	1212,40
376,36	1179,63
376,57	1185,77
376,78	1277,93
376,99	1210,35
377,20	1216,49
377,40	1159,15
377,61	1171,44
377,82	1193,97
378,03	1175,53
378,24	1226,73
378,45	1226,73
378,66	1136,62
378,87	1142,77
379,08	1173,49
379,29	1191,92
379,50	1230,83
379,71	1200,11
379,91	1261,55
380,12	1210,35
380,33	1171,44
380,54	1200,11
380,75	1196,01
380,96	1212,40
381,17	1220,59
381,38	1216,49
381,59	1224,69
381,80	1216,49
382,00	1191,92
382,21	1220,59
382,42	1208,30
382,63	1177,58
382,84	1181,68
383,05	1191,92
383,26	1136,62
383,47	1220,59
383,68	1208,30
383,88	1161,20
384,09	1224,69
384,30	1193,97
384,51	1236,97
384,72	1216,49
384,93	1101,81
385,14	1249,26
385,35	1239,02
385,55	1232,88
385,76	1193,97
385,97	1187,82
386,18	1210,35
386,39	1206,25
386,60	1155,05
386,81	1167,34
387,02	1146,86
387,22	1224,69
387,43	1179,63
387,64	1228,78
387,85	1101,81
388,06	1093,62
388,27	1183,73
388,48	1122,29
388,68	1220,59
388,89	1202,16
389,10	1134,57
389,31	1189,87
389,52	1161,20
389,73	1202,16
389,93	1187,82
390,14	1159,15
390,35	1232,88
390,56	1189,87
390,77	1226,73
390,98	1204,21
391,18	1167,34
391,39	1206,25
391,60	1159,15
391,81	1228,78
392,02	1191,92
392,23	1243,12
392,43	1232,88
392,64	1220,59
392,85	1243,12
393,06	1245,16
393,27	1128,43
393,47	1130,48
393,68	1150,96
393,89	1206,25
394,10	1155,05
394,31	1247,21
394,52	1214,45
394,72	1202,16
394,93	1130,48
395,14	1193,97
395,35	1120,24
395,56	1189,87
395,76	1204,21
395,97	1226,73
396,18	1175,53
396,39	1220,59
396,60	1263,60
396,80	1232,88
397,01	1167,34
397,22	1216,49
397,43	1216,49
397,64	1064,94
397,84	1163,25
398,05	1191,92
398,26	1157,10
398,47	1150,96
398,67	1196,01
398,88	1181,68
399,09	1142,77
399,30	1148,91
399,51	1187,82
399,71	1116,14
399,92	1224,69
400,13	1232,88
400,34	1183,73
400,54	1204,21
400,75	1200,11
400,96	1212,40
401,17	1210,35
401,37	1112,05
401,58	1171,44
401,79	1179,63
402,00	1216,49
402,21	1212,40
402,41	1165,29
402,62	1212,40
402,83	1208,30
403,04	1198,06
403,24	1191,92
403,45	1232,88
403,66	1165,29
403,87	1208,30
404,07	1161,20
404,28	1204,21
404,49	1175,53
404,70	1122,29
404,90	1198,06
405,11	1294,32
405,32	1204,21
405,52	1114,10
405,73	1167,34
405,94	1196,01
406,15	1208,30
406,35	1153,01
406,56	1134,57
406,77	1204,21
406,98	1218,54
407,18	1157,10
407,39	1120,24
407,60	1206,25
407,80	1206,25
408,01	1263,60
408,22	1243,12
408,43	1210,35
408,63	1167,34
408,84	1191,92
409,05	1226,73
409,25	1173,49
409,46	1167,34
409,67	1302,51
409,88	1230,83
410,08	1239,02
410,29	1208,30
410,50	1175,53
410,70	1163,25
410,91	1230,83
411,12	1175,53
411,32	1173,49
411,53	1288,17
411,74	1110,00
411,95	1134,57
412,15	1183,73
412,36	1241,07
412,57	1239,02
412,77	1220,59
412,98	1193,97
413,19	1218,54
413,39	1232,88
413,60	1214,45
413,81	1181,68
414,01	1236,97
414,22	1196,01
414,43	1204,21
414,63	1284,08
414,84	1185,77
415,05	1159,15
415,25	1241,07
415,46	1226,73
415,67	1200,11
415,87	1255,40
416,08	1249,26
416,29	1185,77
416,49	1247,21
416,70	1140,72
416,91	1249,26
417,11	1163,25
417,32	1251,31
417,53	1144,81
417,73	1107,95
417,94	1232,88
418,15	1122,29
418,35	1222,64
418,56	1175,53
418,77	1239,02
418,97	1216,49
419,18	1122,29
419,38	1210,35
419,59	1097,71
419,80	1132,53
420,00	1114,10
420,21	1173,49
420,42	1236,97
420,62	1222,64
420,83	1136,62
421,04	1181,68
421,24	1218,54
421,45	1204,21
421,65	1191,92
421,86	1173,49
422,07	1165,29
422,27	1224,69
422,48	1181,68
422,69	1263,60
422,89	1171,44
423,10	1175,53
423,30	1187,82
423,51	1206,25
423,72	1146,86
423,92	1249,26
424,13	1200,11
424,33	1189,87
424,54	1142,77
424,75	1177,58
424,95	1153,01
425,16	1257,45
425,36	1210,35
425,57	1193,97
425,78	1200,11
425,98	1163,25
426,19	1200,11
426,39	1193,97
426,60	1148,91
426,81	1175,53
427,01	1255,40
427,22	1157,10
427,42	1204,21
427,63	1134,57
427,83	1116,14
428,04	1173,49
428,25	1247,21
428,45	1124,33
428,66	1247,21
428,86	1263,60
429,07	1214,45
429,28	1155,05
429,48	1105,90
429,69	1200,11
429,89	1173,49
430,10	1228,78
430,30	1212,40
430,51	1167,34
430,71	1189,87
430,92	1263,60
431,13	1095,66
431,33	1189,87
431,54	1204,21
431,74	1181,68
431,95	1212,40
432,15	1236,97
432,36	1206,25
432,56	1173,49
432,77	1249,26
432,98	1165,29
433,18	1130,48
433,39	1191,92
433,59	1163,25
433,80	1241,07
434,00	1232,88
434,21	1150,96
434,41	1114,10
434,62	1234,93
434,82	1124,33
435,03	1206,25
435,23	1204,21
435,44	1196,01
435,64	1189,87
435,85	1120,24
436,06	1093,62
436,26	1261,55
436,47	1222,64
436,67	1175,53
436,88	1134,57
437,08	1212,40
437,29	1189,87
437,49	1159,15
437,70	1130,48
437,90	1259,50
438,11	1187,82
438,31	1206,25
438,52	1241,07
438,72	1224,69
438,93	1226,73
439,13	1200,11
439,34	1167,34
439,54	1177,58
439,75	1177,58
439,95	1179,63
440,16	1196,01
440,36	1218,54
440,57	1159,15
440,77	1222,64
440,98	1116,14
441,18	1183,73
441,39	1165,29
441,59	1224,69
441,80	1177,58
442,00	1200,11
442,21	1136,62
442,41	1273,84
442,62	1181,68
442,82	1165,29
443,02	1185,77
443,23	1189,87
443,43	1214,45
443,64	1075,18
443,84	1185,77
444,05	1179,63
444,25	1236,97
444,46	1181,68
444,66	1193,97
444,87	1179,63
445,07	1198,06
445,28	1118,19
445,48	1224,69
445,69	1189,87
445,89	1216,49
446,09	1222,64
446,30	1236,97
446,50	1110,00
446,71	1202,16
446,91	1148,91
447,12	1198,06
447,32	1173,49
447,53	1181,68
447,73	1110,00
447,93	1150,96
448,14	1208,30
448,34	1196,01
448,55	1136,62
448,75	1110,00
448,96	1134,57
449,16	1175,53
449,36	1214,45
449,57	1200,11
449,77	1171,44
449,98	1241,07
450,18	1198,06
450,39	1161,20
450,59	1181,68
450,79	1189,87
451,00	1126,38
451,20	1110,00
451,41	1228,78
451,61	1198,06
451,81	1247,21
452,02	1140,72
452,22	1155,05
452,43	1275,88
452,63	1249,26
452,84	1212,40
453,04	1222,64
453,24	1191,92
453,45	1105,90
453,65	1210,35
453,86	1202,16
454,06	1173,49
454,26	1189,87
454,47	1226,73
454,67	1163,25
454,87	1200,11
455,08	1187,82
455,28	1148,91
455,49	1204,21
455,69	1196,01
455,89	1261,55
456,10	1200,11
456,30	1204,21
456,51	1261,55
456,71	1222,64
456,91	1140,72
457,12	1157,10
457,32	1173,49
457,52	1200,11
457,73	1181,68
457,93	1177,58
458,14	1202,16
458,34	1206,25
458,54	1177,58
458,75	1208,30
458,95	1193,97
459,15	1183,73
459,36	1228,78
459,56	1202,16
459,76	1212,40
459,97	1157,10
460,17	1198,06
460,37	1193,97
460,58	1175,53
460,78	1279,98
460,99	1183,73
461,19	1165,29
461,39	1216,49
461,60	1196,01
461,80	1193,97
462,00	1218,54
462,21	1257,45
462,41	1214,45
462,61	1163,25
462,82	1165,29
463,02	1177,58
463,22	1202,16
463,43	1212,40
463,63	1187,82
463,83	1196,01
464,04	1173,49
464,24	1277,93
464,44	1232,88
464,64	1175,53
464,85	1157,10
465,05	1173,49
465,25	1191,92
465,46	1181,68
465,66	1148,91
465,86	1159,15
466,07	1187,82
466,27	1220,59
466,47	1247,21
466,68	1220,59
466,88	1214,45
467,08	1159,15
467,29	1200,11
467,49	1153,01
467,69	1183,73
467,89	1253,36
468,10	1218,54
468,30	1239,02
468,50	1198,06
468,71	1136,62
468,91	1181,68
469,11	1236,97
469,31	1185,77
469,52	1185,77
469,72	1200,11
469,92	1179,63
470,13	1239,02
470,33	1243,12
470,53	1099,76
470,73	1183,73
470,94	1220,59
471,14	1196,01
471,34	1218,54
471,54	1245,16
471,75	1173,49
471,95	1169,39
472,15	1167,34
472,36	1206,25
472,56	1226,73
472,76	1148,91
472,96	1275,88
473,17	1181,68
473,37	1146,86
473,57	1220,59
473,77	1157,10
473,98	1210,35
474,18	1216,49
474,38	1179,63
474,58	1183,73
474,79	1218,54
474,99	1196,01
475,19	1140,72
475,39	1200,11
475,60	1155,05
475,80	1210,35
476,00	1187,82
476,20	1222,64
476,41	1228,78
476,61	1259,50
476,81	1157,10
477,01	1189,87
477,21	1167,34
477,42	1253,36
477,62	1181,68
477,82	1165,29
478,02	1239,02
478,23	1124,33
478,43	1222,64
478,63	1220,59
478,83	1146,86
479,03	1202,16
479,24	1193,97
479,44	1175,53
479,64	1132,53
479,84	1144,81
480,04	1187,82
480,25	1181,68
480,45	1200,11
480,65	1216,49
480,85	1175,53
481,06	1204,21
481,26	1150,96
481,46	1208,30
481,66	1216,49
481,86	1091,57
482,06	1136,62
482,27	1191,92
482,47	1214,45
482,67	1177,58
482,87	1241,07
483,07	1216,49
483,28	1228,78
483,48	1191,92
483,68	1177,58
483,88	1183,73
484,08	1161,20
484,29	1224,69
484,49	1204,21
484,69	1212,40
484,89	1118,19
485,09	1161,20
485,29	1148,91
485,50	1265,64
485,70	1183,73
485,90	1181,68
486,10	1142,77
486,30	1224,69
486,50	1134,57
486,71	1214,45
486,91	1189,87
487,11	1165,29
487,31	1222,64
487,51	1134,57
487,71	1214,45
487,91	1134,57
488,12	1138,67
488,32	1138,67
488,52	1193,97
488,72	1148,91
488,92	1261,55
489,12	1179,63
489,32	1171,44
489,53	1216,49
489,73	1198,06
489,93	1222,64
490,13	1224,69
490,33	1208,30
490,53	1101,81
490,73	1183,73
490,94	1159,15
491,14	1173,49
491,34	1241,07
491,54	1112,05
491,74	1159,15
491,94	1222,64
492,14	1157,10
492,34	1216,49
492,54	1239,02
492,75	1228,78
492,95	1187,82
493,15	1228,78
493,35	1216,49
493,55	1167,34
493,75	1146,86
493,95	1204,21
494,15	1196,01
494,35	1232,88
494,56	1167,34
494,76	1193,97
494,96	1171,44
495,16	1191,92
495,36	1255,40
495,56	1161,20
495,76	1097,71
495,96	1191,92
496,16	1179,63
496,36	1269,74
496,56	1191,92
496,77	1118,19
496,97	1216,49
497,17	1173,49
497,37	1228,78
497,57	1171,44
497,77	1232,88
497,97	1259,50
498,17	1183,73
498,37	1249,26
498,57	1155,05
498,77	1187,82
498,97	1273,84
499,17	1167,34
499,38	1208,30
499,58	1167,34
499,78	1228,78
499,98	1183,73
500,18	1259,50
500,38	1208,30
500,58	1077,23
500,78	1214,45
500,98	1236,97
501,18	1216,49
501,38	1171,44
501,58	1189,87
501,78	1196,01
501,98	1216,49
502,18	1216,49
502,38	1148,91
502,58	1216,49
502,78	1155,05
502,98	1183,73
503,18	1200,11
503,38	1155,05
503,59	1124,33
503,79	1251,31
503,99	1212,40
504,19	1228,78
504,39	1198,06
504,59	1191,92
504,79	1216,49
504,99	1142,77
505,19	1175,53
505,39	1163,25
505,59	1189,87
505,79	1159,15
505,99	1177,58
506,19	1159,15
506,39	1200,11
506,59	1239,02
506,79	1163,25
506,99	1185,77
507,19	1230,83
507,39	1206,25
507,59	1150,96
507,79	1187,82
507,99	1222,64
508,19	1144,81
508,39	1204,21
508,59	1179,63
508,79	1200,11
508,99	1236,97
509,19	1216,49
509,39	1255,40
509,59	1175,53
509,79	1159,15
509,99	1224,69
510,19	1165,29
510,39	1155,05
510,59	1196,01
510,79	1200,11
510,99	1171,44
511,19	1142,77
511,39	1202,16
511,59	1161,20
511,79	1216,49
511,99	1118,19
512,19	1087,47
512,38	1239,02
512,58	1212,40
512,78	1196,01
512,98	1140,72
513,18	1245,16
513,38	1236,97
513,58	1216,49
513,78	1224,69
513,98	1155,05
514,18	1159,15
514,38	1226,73
514,58	1171,44
514,78	1253,36
514,98	1206,25
515,18	1204,21
515,38	1173,49
515,58	1181,68
515,78	1243,12
515,98	1193,97
516,18	1189,87
516,38	1202,16
516,57	1148,91
516,77	1267,69
516,97	1234,93
517,17	1198,06
517,37	1167,34
517,57	1216,49
517,77	1173,49
517,97	1161,20
518,17	1183,73
518,37	1177,58
518,57	1155,05
518,77	1245,16
518,97	1226,73
519,16	1148,91
519,36	1196,01
519,56	1144,81
519,76	1122,29
519,96	1257,45
520,16	1169,39
520,36	1187,82
520,56	1163,25
520,76	1198,06
520,96	1271,79
521,16	1224,69
521,35	1220,59
521,55	1189,87
521,75	1196,01
521,95	1196,01
522,15	1189,87
522,35	1191,92
522,55	1146,86
522,75	1177,58
522,95	1142,77
523,14	1146,86
523,34	1171,44
523,54	1214,45
523,74	1159,15
523,94	1202,16
524,14	1228,78
524,34	1212,40
524,54	1136,62
524,73	1171,44
524,93	1171,44
525,13	1218,54
525,33	1159,15
525,53	1236,97
525,73	1146,86
525,93	1236,97
526,13	1155,05
526,32	1208,30
526,52	1083,38
526,72	1163,25
526,92	1167,34
527,12	1187,82
527,32	1216,49
527,52	1150,96
527,71	1114,10
527,91	1241,07
528,11	1165,29
528,31	1175,53
528,51	1222,64
528,71	1193,97
528,90	1214,45
529,10	1259,50
529,30	1185,77
529,50	1128,43
529,70	1257,45
529,90	1198,06
530,09	1159,15
530,29	1175,53
530,49	1183,73
530,69	1142,77
530,89	1206,25
531,09	1198,06
531,28	1148,91
531,48	1228,78
531,68	1214,45
531,88	1269,74
532,08	1222,64
532,28	1208,30
532,47	1245,16
532,67	1110,00
532,87	1181,68
533,07	1200,11
533,27	1124,33
533,46	1159,15
533,66	1107,95
533,86	1169,39
534,06	1144,81
534,26	1142,77
534,45	1220,59
534,65	1196,01
534,85	1198,06
535,05	1208,30
535,25	1163,25
535,44	1169,39
535,64	1208,30
535,84	1093,62
536,04	1251,31
536,24	1161,20
536,43	1282,03
536,63	1196,01
536,83	1212,40
537,03	1222,64
537,22	1169,39
537,42	1232,88
537,62	1191,92
537,82	1241,07
538,02	1234,93
538,21	1200,11
538,41	1212,40
538,61	1202,16
538,81	1218,54
539,00	1216,49
539,20	1163,25
539,40	1138,67
539,60	1218,54
539,79	1216,49
539,99	1177,58
540,19	1210,35
540,39	1196,01
540,58	1146,86
540,78	1110,00
540,98	1216,49
541,18	1196,01
541,37	1191,92
541,57	1171,44
541,77	1173,49
541,97	1187,82
542,16	1239,02
542,36	1232,88
542,56	1236,97
542,76	1165,29
542,95	1277,93
543,15	1200,11
543,35	1239,02
543,54	1230,83
543,74	1185,77
543,94	1257,45
544,14	1175,53
544,33	1171,44
544,53	1118,19
544,73	1230,83
544,93	1142,77
545,12	1146,86
545,32	1177,58
545,52	1198,06
545,71	1191,92
545,91	1243,12
546,11	1247,21
546,30	1159,15
546,50	1183,73
546,70	1175,53
546,90	1179,63
547,09	1208,30
547,29	1200,11
547,49	1175,53
547,68	1191,92
547,88	1118,19
548,08	1210,35
548,27	1230,83
548,47	1175,53
548,67	1175,53
548,87	1216,49
549,06	1150,96
549,26	1200,11
549,46	1206,25
549,65	1132,53
549,85	1179,63
550,05	1230,83
550,24	1142,77
550,44	1134,57
550,64	1247,21
550,83	1206,25
551,03	1218,54
551,23	1126,38
551,42	1144,81
551,62	1239,02
551,82	1175,53
552,01	1249,26
552,21	1239,02
552,41	1202,16
552,60	1226,73
552,80	1159,15
553,00	1239,02
553,19	1148,91
553,39	1165,29
553,59	1216,49
553,78	1208,30
553,98	1169,39
554,17	1134,57
554,37	1220,59
554,57	1224,69
554,76	1210,35
554,96	1189,87
555,16	1177,58
555,35	1181,68
555,55	1249,26
555,75	1183,73
555,94	1191,92
556,14	1167,34
556,33	1163,25
556,53	1167,34
556,73	1157,10
556,92	1226,73
557,12	1239,02
557,32	1185,77
557,51	1150,96
557,71	1222,64
557,90	1183,73
558,10	1159,15
558,30	1191,92
558,49	1110,00
558,69	1161,20
558,88	1191,92
559,08	1198,06
559,28	1204,21
559,47	1183,73
559,67	1196,01
559,86	1220,59
560,06	1191,92
560,26	1146,86
560,45	1148,91
560,65	1083,38
560,84	1118,19
561,04	1181,68
561,24	1142,77
561,43	1173,49
561,63	1144,81
561,82	1173,49
562,02	1200,11
562,22	1206,25
562,41	1165,29
562,61	1196,01
562,80	1210,35
563,00	1196,01
563,19	1183,73
563,39	1204,21
563,59	1157,10
563,78	1191,92
563,98	1228,78
564,17	1187,82
564,37	1148,91
564,56	1226,73
564,76	1181,68
564,96	1232,88
565,15	1161,20
565,35	1200,11
565,54	1126,38
565,74	1214,45
565,93	1263,60
566,13	1163,25
566,32	1179,63
566,52	1148,91
566,71	1114,10
566,91	1202,16
567,11	1204,21
567,30	1179,63
567,50	1226,73
567,69	1239,02
567,89	1157,10
568,08	1153,01
568,28	1181,68
568,47	1161,20
568,67	1241,07
568,86	1222,64
569,06	1128,43
569,25	1214,45
569,45	1148,91
569,64	1169,39
569,84	1241,07
570,04	1200,11
570,23	1189,87
570,43	1183,73
570,62	1177,58
570,82	1148,91
571,01	1165,29
571,21	1196,01
571,40	1216,49
571,60	1208,30
571,79	1175,53
571,99	1179,63
572,18	1202,16
572,38	1175,53
572,57	1271,79
572,77	1171,44
572,96	1200,11
573,16	1265,64
573,35	1148,91
573,55	1157,10
573,74	1214,45
573,94	1202,16
574,13	1165,29
574,33	1163,25
574,52	1101,81
574,71	1198,06
574,91	1247,21
575,10	1224,69
575,30	1171,44
575,49	1183,73
575,69	1128,43
575,88	1165,29
576,08	1126,38
576,27	1200,11
576,47	1220,59
576,66	1183,73
576,86	1241,07
577,05	1191,92
577,25	1175,53
577,44	1196,01
577,64	1210,35
577,83	1157,10
578,02	1163,25
578,22	1226,73
578,41	1226,73
578,61	1155,05
578,80	1200,11
579,00	1255,40
579,19	1216,49
579,39	1191,92
579,58	1232,88
579,77	1101,81
579,97	1220,59
580,16	1173,49
580,36	1222,64
580,55	1196,01
580,75	1138,67
580,94	1179,63
581,13	1228,78
581,33	1163,25
581,52	1167,34
581,72	1277,93
581,91	1130,48
582,11	1163,25
582,30	1191,92
582,49	1183,73
582,69	1222,64
582,88	1155,05
583,08	1138,67
583,27	1183,73
583,47	1185,77
583,66	1263,60
583,85	1150,96
584,05	1181,68
584,24	1187,82
584,44	1241,07
584,63	1183,73
584,82	1157,10
585,02	1230,83
585,21	1216,49
585,41	1144,81
585,60	1171,44
585,79	1259,50
585,99	1290,22
586,18	1187,82
586,37	1214,45
586,57	1191,92
586,76	1304,56
586,96	1161,20
587,15	1208,30
587,34	1185,77
587,54	1177,58
587,73	1234,93
587,93	1236,97
588,12	1126,38
588,31	1175,53
588,51	1220,59
588,70	1177,58
588,89	1191,92
589,09	1138,67
589,28	1247,21
589,47	1198,06
589,67	1214,45
589,86	1198,06
590,06	1150,96
590,25	1243,12
590,44	1099,76
590,64	1181,68
590,83	1200,11
591,02	1239,02
591,22	1171,44
591,41	1189,87
591,60	1155,05
591,80	1214,45
591,99	1130,48
592,18	1165,29
592,38	1179,63
592,57	1245,16
592,76	1200,11
592,96	1228,78
593,15	1150,96
593,34	1220,59
593,54	1191,92
593,73	1206,25
593,92	1183,73
594,12	1222,64
594,31	1167,34
594,50	1261,55
594,70	1110,00
594,89	1210,35
595,08	1206,25
595,28	1189,87
595,47	1230,83
595,66	1255,40
595,86	1275,88
596,05	1210,35
596,24	1247,21
596,43	1189,87
596,63	1191,92
596,82	1173,49
597,01	1247,21
597,21	1173,49
597,40	1210,35
597,59	1175,53
597,79	1220,59
597,98	1157,10
598,17	1191,92
598,36	1185,77
598,56	1126,38
598,75	1269,74
598,94	1222,64
599,14	1249,26
599,33	1148,91
599,52	1183,73
599,71	1208,30
599,91	1222,64
600,10	1171,44
600,29	1189,87
600,48	1251,31
600,68	1265,64
600,87	1255,40
601,06	1193,97
601,26	1193,97
601,45	1234,93
601,64	1212,40
601,83	1183,73
602,03	1189,87
602,22	1249,26
602,41	1189,87
602,60	1208,30
602,80	1171,44
602,99	1128,43
603,18	1114,10
603,37	1212,40
603,57	1173,49
603,76	1222,64
603,95	1206,25
604,14	1210,35
604,34	1138,67
604,53	1216,49
604,72	1187,82
604,91	1171,44
605,10	1126,38
605,30	1175,53
605,49	1206,25
605,68	1169,39
605,87	1175,53
606,07	1202,16
606,26	1124,33
606,45	1257,45
606,64	1155,05
606,84	1116,14
607,03	1226,73
607,22	1196,01
607,41	1183,73
607,60	1249,26
607,80	1181,68
607,99	1216,49
608,18	1175,53
608,37	1216,49
608,56	1148,91
608,76	1181,68
608,95	1179,63
609,14	1191,92
609,33	1165,29
609,52	1136,62
609,72	1181,68
609,91	1247,21
610,10	1177,58
610,29	1193,97
610,48	1136,62
610,68	1183,73
610,87	1224,69
611,06	1193,97
611,25	1236,97
611,44	1241,07
611,63	1130,48
611,83	1157,10
612,02	1191,92
612,21	1230,83
612,40	1216,49
612,59	1226,73
612,79	1265,64
612,98	1204,21
613,17	1187,82
613,36	1191,92
613,55	1200,11
613,74	1163,25
613,93	1167,34
614,13	1206,25
614,32	1218,54
614,51	1212,40
614,70	1159,15
614,89	1208,30
615,08	1251,31
615,28	1181,68
615,47	1146,86
615,66	1181,68
615,85	1218,54
616,04	1210,35
616,23	1267,69
616,42	1236,97
616,62	1146,86
616,81	1228,78
617,00	1142,77
617,19	1175,53
617,38	1236,97
617,57	1198,06
617,76	1236,97
617,95	1222,64
618,15	1210,35
618,34	1189,87
618,53	1210,35
618,72	1193,97
618,91	1222,64
619,10	1216,49
619,29	1167,34
619,48	1202,16
619,68	1167,34
619,87	1157,10
620,06	1171,44
620,25	1187,82
620,44	1183,73
620,63	1206,25
620,82	1183,73
621,01	1210,35
621,20	1120,24
621,39	1214,45
621,59	1181,68
621,78	1198,06
621,97	1159,15
622,16	1234,93
622,35	1198,06
622,54	1181,68
622,73	1144,81
622,92	1173,49
623,11	1243,12
623,30	1245,16
623,49	1142,77
623,68	1165,29
623,88	1204,21
624,07	1212,40
624,26	1202,16
624,45	1232,88
624,64	1214,45
624,83	1212,40
625,02	1204,21
625,21	1181,68
625,40	1161,20
625,59	1198,06
625,78	1185,77
625,97	1196,01
626,16	1187,82
626,35	1171,44
626,54	1204,21
626,74	1251,31
626,93	1189,87
627,12	1249,26
627,31	1171,44
627,50	1265,64
627,69	1191,92
627,88	1253,36
628,07	1204,21
628,26	1157,10
628,45	1173,49
628,64	1232,88
628,83	1243,12
629,02	1224,69
629,21	1198,06
629,40	1220,59
629,59	1191,92
629,78	1230,83
629,97	1191,92
630,16	1189,87
630,35	1183,73
630,54	1216,49
630,73	1245,16
630,92	1232,88
631,11	1247,21
631,30	1236,97
631,49	1277,93
631,68	1390,57
631,87	2418,65
632,06	8142,72
632,25	17778,42
632,44	21915,31
632,63	27823,70
632,82	15152,92
633,01	8664,96
633,20	3958,72
633,39	2217,95
633,58	1728,49
633,77	1832,93
633,96	1609,70
634,15	1449,96
634,34	1368,04
634,53	1347,56
634,72	1271,79
634,91	1339,37
635,10	1294,32
635,29	1222,64
635,48	1251,31
635,67	1271,79
635,86	1212,40
636,05	1216,49
636,24	1204,21
636,43	1202,16
636,62	1191,92
636,81	1228,78
637,00	1202,16
637,19	1191,92
637,38	1210,35
637,57	1157,10
637,76	1110,00
637,95	1169,39
638,14	1286,12
638,33	1167,34
638,52	1202,16
638,71	1286,12
638,89	1177,58
639,08	1196,01
639,27	1191,92
639,46	1216,49
639,65	1165,29
639,84	1189,87
640,03	1181,68
640,22	1212,40
640,41	1187,82
640,60	1148,91
640,79	1251,31
640,98	1277,93
641,17	1189,87
641,36	1189,87
641,55	1200,11
641,74	1193,97
641,92	1196,01
642,11	1169,39
642,30	1187,82
642,49	1173,49
642,68	1167,34
642,87	1171,44
643,06	1204,21
643,25	1210,35
643,44	1181,68
643,63	1189,87
643,82	1210,35
644,00	1189,87
644,19	1185,77
644,38	1265,64
644,57	1181,68
644,76	1161,20
644,95	1136,62
645,14	1118,19
645,33	1159,15
645,52	1220,59
645,71	1177,58
645,89	1148,91
646,08	1275,88
646,27	1193,97
646,46	1200,11
646,65	1208,30
646,84	1193,97
647,03	1204,21
647,22	1157,10
647,40	1175,53
647,59	1230,83
647,78	1241,07
647,97	1126,38
648,16	1243,12
648,35	1191,92
648,54	1173,49
648,73	1157,10
648,91	1142,77
649,10	1200,11
649,29	1241,07
649,48	1230,83
649,67	1157,10
649,86	1228,78
650,05	1183,73
650,23	1210,35
650,42	1159,15
650,61	1144,81
650,80	1198,06
650,99	1177,58
651,18	1146,86
651,36	1126,38
651,55	1196,01
651,74	1159,15
651,93	1234,93
652,12	1200,11
652,31	1157,10
652,49	1228,78
652,68	1173,49
652,87	1273,84
653,06	1269,74
653,25	1187,82
653,44	1187,82
653,62	1249,26
653,81	1185,77
654,00	1124,33
654,19	1234,93
654,38	1204,21
654,56	1175,53
654,75	1245,16
654,94	1105,90
655,13	1216,49
655,32	1169,39
655,51	1191,92
655,69	1077,23
655,88	1193,97
656,07	1224,69
656,26	1210,35
656,45	1208,30
656,63	1183,73
656,82	1187,82
657,01	1171,44
657,20	1193,97
657,38	1138,67
657,57	1200,11
657,76	1183,73
657,95	1120,24
658,14	1204,21
658,32	1224,69
658,51	1208,30
658,70	1116,14
658,89	1273,84
659,08	1103,86
659,26	1216,49
659,45	1132,53
659,64	1124,33
659,83	1216,49
660,01	1208,30
660,20	1175,53
660,39	1232,88
660,58	1226,73
660,76	1167,34
660,95	1253,36
661,14	1169,39
661,33	1150,96
661,51	1179,63
661,70	1140,72
661,89	1243,12
662,08	1142,77
662,26	1183,73
662,45	1191,92
662,64	1214,45
662,83	1236,97
663,01	1204,21
663,20	1218,54
663,39	1206,25
663,58	1220,59
663,76	1196,01
663,95	1198,06
664,14	1187,82
664,32	1232,88
664,51	1191,92
664,70	1167,34
664,89	1232,88
665,07	1277,93
665,26	1175,53
665,45	1122,29
665,64	1142,77
665,82	1179,63
666,01	1163,25
666,20	1179,63
666,38	1249,26
666,57	1128,43
666,76	1150,96
666,95	1212,40
667,13	1200,11
667,32	1181,68
667,51	1198,06
667,69	1173,49
667,88	1167,34
668,07	1202,16
668,25	1232,88
668,44	1189,87
668,63	1216,49
668,81	1183,73
669,00	1114,10
669,19	1153,01
669,38	1157,10
669,56	1208,30
669,75	1245,16
669,94	1140,72
670,12	1214,45
670,31	1187,82
670,50	1269,74
670,68	1206,25
670,87	1148,91
671,06	1228,78
671,24	1218,54
671,43	1206,25
671,62	1198,06
671,80	1181,68
671,99	1263,60
672,18	1171,44
672,36	1208,30
672,55	1112,05
672,74	1257,45
672,92	1214,45
673,11	1230,83
673,29	1204,21
673,48	1198,06
673,67	1239,02
673,85	1269,74
674,04	1175,53
674,23	1288,17
674,41	1241,07
674,60	1146,86
674,79	1257,45
674,97	1241,07
675,16	1198,06
675,34	1187,82
675,53	1157,10
675,72	1148,91
675,90	1169,39
676,09	1206,25
676,28	1212,40
676,46	1163,25
676,65	1200,11
676,83	1187,82
677,02	1179,63
677,21	1159,15
677,39	1255,40
677,58	1167,34
677,77	1224,69
677,95	1148,91
678,14	1212,40
678,32	1134,57
678,51	1218,54
678,70	1230,83
678,88	1224,69
679,07	1175,53
679,25	1245,16
679,44	1153,01
679,63	1130,48
679,81	1234,93
680,00	1218,54
680,18	1091,57
680,37	1107,95
680,55	1210,35
680,74	1249,26
680,93	1234,93
681,11	1208,30
681,30	1157,10
681,48	1169,39
681,67	1161,20
681,85	1193,97
682,04	1173,49
682,23	1224,69
682,41	1214,45
682,60	1220,59
682,78	1189,87
682,97	1275,88
683,15	1179,63
683,34	1187,82
683,53	1181,68
683,71	1110,00
683,90	1218,54
684,08	1267,69
684,27	1150,96
684,45	1259,50
684,64	1232,88
684,82	1206,25
685,01	1224,69
685,19	1224,69
685,38	1167,34
685,57	1218,54
685,75	1239,02
685,94	1191,92
686,12	1212,40
686,31	1218,54
686,49	1206,25
686,68	1193,97
686,86	1267,69
687,05	1153,01
687,23	1200,11
687,42	1142,77
687,60	1177,58
687,79	1196,01
687,97	1191,92
688,16	1206,25
688,34	1212,40
688,53	1110,00
688,71	1232,88
688,90	1210,35
689,08	1212,40
689,27	1263,60
689,45	1265,64
689,64	1146,86
689,82	1177,58
690,01	1171,44
690,19	1243,12
690,38	1220,59
690,56	1224,69
690,75	1292,27
690,93	1224,69
691,12	1187,82
691,30	1187,82
691,49	1216,49
691,67	1228,78
691,86	1146,86
692,04	1171,44
692,23	1122,29
692,41	1169,39
692,60	1271,79
692,78	1171,44
692,97	1181,68
693,15	1191,92
693,34	1165,29
693,52	1222,64
693,71	1177,58
693,89	1189,87
694,08	1187,82
694,26	1183,73
694,44	1142,77
694,63	1187,82
694,81	1136,62
695,00	1224,69
695,18	1236,97
695,37	1198,06
695,55	1181,68
695,74	1206,25
695,92	1187,82
696,10	1091,57
696,29	1193,97
696,47	1175,53
696,66	1204,21
696,84	1183,73
697,03	1175,53
697,21	1177,58
697,40	1245,16
697,58	1247,21
697,76	1210,35
697,95	1206,25
698,13	1189,87
698,32	1134,57
698,50	1165,29
698,68	1159,15
698,87	1140,72
699,05	1204,21
699,24	1193,97
699,42	1159,15
699,61	1255,40
699,79	1212,40
699,97	1249,26
700,16	1236,97
700,34	1181,68
700,53	1259,50
700,71	1253,36
700,89	1253,36
701,08	1220,59
701,26	1191,92
701,45	1114,10
701,63	1146,86
701,81	1183,73
702,00	1212,40
702,18	1255,40
702,37	1150,96
702,55	1183,73
702,73	1183,73
702,92	1191,92
703,10	1212,40
703,28	1175,53
703,47	1228,78
703,65	1134,57
703,84	1198,06
704,02	1228,78
704,20	1148,91
704,39	1161,20
704,57	1200,11
704,75	1245,16
704,94	1177,58
705,12	1161,20
705,30	1222,64
705,49	1220,59
705,67	1140,72
705,86	1228,78
706,04	1241,07
706,22	1118,19
706,41	1175,53
706,59	1157,10
706,77	1196,01
706,96	1232,88
707,14	1277,93
707,32	1187,82
707,51	1222,64
707,69	1155,05
707,87	1232,88
708,06	1191,92
708,24	1196,01
708,42	1245,16
708,61	1218,54
708,79	1183,73
708,97	1212,40
709,16	1171,44
709,34	1255,40
709,52	1110,00
709,71	1185,77
709,89	1155,05
710,07	1265,64
710,26	1177,58
710,44	1228,78
710,62	1247,21
710,80	1159,15
710,99	1222,64
711,17	1136,62
711,35	1259,50
711,54	1187,82
711,72	1232,88
711,90	1177,58
712,09	1216,49
712,27	1224,69
712,45	1216,49
712,63	1196,01
712,82	1107,95
713,00	1179,63
713,18	1202,16
713,37	1191,92
713,55	1202,16
713,73	1187,82
713,91	1189,87
714,10	1191,92
714,28	1220,59
714,46	1208,30
714,65	1185,77
714,83	1181,68
715,01	1204,21
715,19	1198,06
715,38	1138,67
715,56	1208,30
715,74	1148,91
715,92	1167,34
716,11	1150,96
716,29	1167,34
716,47	1196,01
716,65	1153,01
716,84	1245,16
717,02	1228,78
717,20	1193,97
717,38	1200,11
717,57	1189,87
717,75	1191,92
717,93	1130,48
718,11	1181,68
718,30	1191,92
718,48	1183,73
718,66	1153,01
718,84	1144,81
719,03	1271,79
719,21	1118,19
719,39	1206,25
719,57	1179,63
719,75	1257,45
719,94	1179,63
720,12	1167,34
720,30	1181,68
720,48	1247,21
720,67	1267,69
720,85	1253,36
721,03	1191,92
721,21	1165,29
721,39	1230,83
721,58	1216,49
721,76	1232,88
721,94	1179,63
722,12	1204,21
722,30	1191,92
722,49	1132,53
722,67	1187,82
722,85	1140,72
723,03	1140,72
723,21	1253,36
723,40	1165,29
723,58	1159,15
723,76	1136,62
723,94	1200,11
724,12	1206,25
724,30	1230,83
724,49	1228,78
724,67	1206,25
724,85	1169,39
725,03	1202,16
725,21	1157,10
725,40	1163,25
725,58	1150,96
725,76	1224,69
725,94	1257,45
726,12	1189,87
726,30	1232,88
726,49	1181,68
726,67	1198,06
726,85	1183,73
727,03	1189,87
727,21	1214,45
727,39	1253,36
727,57	1116,14
727,76	1228,78
727,94	1161,20
728,12	1191,92
728,30	1161,20
728,48	1179,63
728,66	1196,01
728,84	1204,21
729,03	1193,97
729,21	1200,11
729,39	1185,77
729,57	1187,82
729,75	1212,40
729,93	1239,02
730,11	1116,14
730,30	1159,15
730,48	1155,05
730,66	1230,83
730,84	1138,67
731,02	1126,38
731,20	1183,73
731,38	1214,45
731,56	1183,73
731,74	1118,19
731,93	1228,78
732,11	1228,78
732,29	1179,63
732,47	1153,01
732,65	1224,69
732,83	1171,44
733,01	1204,21
733,19	1175,53
733,37	1263,60
733,56	1236,97
733,74	1093,62
733,92	1177,58
734,10	1173,49
734,28	1136,62
734,46	1226,73
734,64	1150,96
734,82	1171,44
735,00	1187,82
735,18	1130,48
735,36	1181,68
735,54	1239,02
735,73	1144,81
735,91	1175,53
736,09	1142,77
736,27	1239,02
736,45	1263,60
736,63	1159,15
736,81	1191,92
736,99	1212,40
737,17	1200,11
737,35	1249,26
737,53	1202,16
737,71	1226,73
737,89	1138,67
738,07	1191,92
738,25	1236,97
738,43	1232,88
738,61	1134,57
738,80	1204,21
738,98	1259,50
739,16	1196,01
739,34	1153,01
739,52	1220,59
739,70	1191,92
739,88	1239,02
740,06	1148,91
740,24	1193,97
740,42	1120,24
740,60	1161,20
740,78	1208,30
740,96	1150,96
741,14	1214,45
741,32	1200,11
741,50	1198,06
741,68	1196,01
741,86	1198,06
742,04	1177,58
742,22	1193,97
742,40	1165,29
742,58	1204,21
742,76	1173,49
742,94	1200,11
743,12	1181,68
743,30	1212,40
743,48	1175,53
743,66	1146,86
743,84	1175,53
744,02	1230,83
744,20	1196,01
744,38	1208,30
744,56	1253,36
744,74	1159,15
744,92	1218,54
745,10	1126,38
745,28	1173,49
745,46	1228,78
745,64	1153,01
745,82	1275,88
746,00	1249,26
746,18	1191,92
746,36	1271,79
746,54	1187,82
746,72	1247,21
746,90	1193,97
747,08	1230,83
747,26	1189,87
747,44	1234,93
747,62	1157,10
747,80	1243,12
747,98	1241,07
748,15	1294,32
748,33	1183,73
748,51	1241,07
748,69	1200,11
748,87	1216,49
749,05	1157,10
749,23	1251,31
749,41	1241,07
749,59	1243,12
749,77	1161,20
749,95	1253,36
750,13	1191,92
750,31	1206,25
750,49	1220,59
750,67	1236,97
750,85	1212,40
751,03	1128,43
751,20	1198,06
751,38	1175,53
751,56	1173,49
751,74	1183,73
751,92	1187,82
752,10	1148,91
752,28	1196,01
752,46	1114,10
752,64	1191,92
752,82	1167,34
753,00	1175,53
753,18	1183,73
753,35	1155,05
753,53	1189,87
753,71	1200,11
753,89	1187,82
754,07	1155,05
754,25	1282,03
754,43	1212,40
754,61	1193,97
754,79	1234,93
754,97	1198,06
755,14	1204,21
755,32	1193,97
755,50	1208,30
755,68	1224,69
755,86	1124,33
756,04	1167,34
756,22	1161,20
756,40	1220,59
756,57	1200,11
756,75	1243,12
756,93	1216,49
757,11	1161,20
757,29	1159,15
757,47	1185,77
757,65	1150,96
757,82	1249,26
758,00	1081,33
758,18	1171,44
758,36	1181,68
758,54	1142,77
758,72	1073,14
758,90	1208,30
759,07	1230,83
759,25	1230,83
759,43	1179,63
759,61	1243,12
759,79	1171,44
759,97	1220,59
760,15	1120,24
760,32	1175,53
760,50	1187,82
760,68	1206,25
760,86	1153,01
761,04	1265,64
761,22	1118,19
761,39	1148,91
761,57	1169,39
761,75	1222,64
761,93	1153,01
762,11	1216,49
762,28	1218,54
762,46	1128,43
762,64	1212,40
762,82	1134,57
763,00	1173,49
763,18	1232,88
763,35	1173,49
763,53	1212,40
763,71	1202,16
763,89	1165,29
764,07	1138,67
764,24	1202,16
764,42	1220,59
764,60	1185,77
764,78	1204,21
764,96	1226,73
765,13	1165,29
765,31	1099,76
765,49	1181,68
765,67	1181,68
765,84	1212,40
766,02	1218,54
766,20	1243,12
766,38	1198,06
766,56	1290,22
766,73	1122,29
766,91	1200,11
767,09	1228,78
767,27	1214,45
767,44	1150,96
767,62	1191,92
767,80	1218,54
767,98	1187,82
768,15	1189,87
768,33	1202,16
768,51	1167,34
768,69	1214,45
768,87	1210,35
769,04	1228,78
769,22	1214,45
769,40	1187,82
769,58	1241,07
769,75	1228,78
769,93	1191,92
770,11	1220,59
770,28	1251,31
770,46	1155,05
770,64	1177,58
770,82	1193,97
770,99	1169,39
771,17	1173,49
771,35	1257,45
771,53	1177,58
771,70	1290,22
771,88	1216,49
772,06	1216,49
772,23	1239,02
772,41	1216,49
772,59	1144,81
772,77	1181,68
772,94	1163,25
773,12	1163,25
773,30	1261,55
773,47	1165,29
773,65	1200,11
773,83	1206,25
774,01	1206,25
774,18	1214,45
774,36	1189,87
774,54	1230,83
774,71	1224,69
774,89	1173,49
775,07	1222,64
775,24	1224,69
775,42	1132,53
775,60	1230,83
775,78	1216,49
775,95	1204,21
776,13	1159,15
776,31	1216,49
776,48	1159,15
776,66	1216,49
776,84	1148,91
777,01	1241,07
777,19	1234,93
777,37	1208,30
777,54	1120,24
777,72	1116,14
777,90	1206,25
778,07	1212,40
778,25	1234,93
778,43	1132,53
778,60	1173,49
778,78	1206,25
778,96	1189,87
779,13	1216,49
779,31	1165,29
779,49	1153,01
779,66	1212,40
779,84	1148,91
780,01	1161,20
780,19	1206,25
780,37	1208,30
780,54	1200,11
780,72	1214,45
780,90	1204,21
781,07	1157,10
781,25	1220,59
781,43	1226,73
781,60	1122,29
781,78	1169,39
781,95	1220,59
782,13	1236,97
782,31	1210,35
782,48	1171,44
782,66	1216,49
782,83	1257,45
783,01	1232,88
783,19	1173,49
783,36	1239,02
783,54	1245,16
783,72	1257,45
783,89	1187,82
784,07	1193,97
784,24	1165,29
784,42	1243,12
784,60	1193,97
784,77	1183,73
784,95	1132,53
785,12	1243,12
785,30	1155,05
785,47	1255,40
785,65	1196,01
785,83	1191,92
786,00	1206,25
786,18	1187,82
786,35	1189,87
786,53	1159,15
786,71	1163,25
786,88	1232,88
787,06	1177,58
787,23	1161,20
787,41	1107,95
787,58	1167,34
787,76	1148,91
787,94	1202,16
788,11	1189,87
788,29	1171,44
788,46	1169,39
788,64	1105,90
788,81	1159,15
788,99	1128,43
789,16	1155,05
789,34	1224,69
789,52	1245,16
789,69	1282,03
789,87	1216,49
790,04	1165,29
790,22	1277,93
790,39	1212,40
790,57	1196,01
790,74	1179,63
790,92	1132,53
791,09	1105,90
791,27	1171,44
791,44	1226,73
791,62	1200,11
791,79	1150,96
791,97	1255,40
792,15	1185,77
792,32	1261,55
792,50	1159,15
792,67	1189,87
792,85	1261,55
793,02	1193,97
793,20	1206,25
793,37	1173,49
793,55	1191,92
793,72	1159,15
793,90	1210,35
794,07	1130,48
794,25	1243,12
794,42	1255,40
794,60	1196,01
794,77	1150,96
794,95	1257,45
795,12	1224,69
795,30	1175,53
795,47	1183,73
795,65	1247,21
795,82	1228,78
796,00	1179,63
796,17	1273,84
796,34	1222,64
796,52	1136,62
796,69	1228,78
796,87	1261,55
797,04	1228,78
797,22	1189,87
797,39	1249,26
797,57	1247,21
797,74	1175,53
797,92	1200,11
798,09	1165,29
798,27	1228,78
798,44	1189,87
798,62	1148,91
798,79	1273,84
798,96	1234,93
799,14	1181,68
799,31	1191,92
799,49	1144,81
799,66	1204,21
799,84	1191,92
800,01	1181,68
800,19	1175,53
800,36	1234,93
800,53	1247,21
800,71	1191,92
800,88	1216,49
801,06	1208,30
801,23	1177,58
801,41	1175,53
801,58	1222,64
801,75	1150,96
801,93	1181,68
802,10	1220,59
802,28	1132,53
802,45	1118,19
802,63	1220,59
802,80	1159,15
802,97	1232,88
803,15	1157,10
803,32	1204,21
803,50	1148,91
803,67	1142,77
803,84	1204,21
804,02	1241,07
804,19	1157,10
804,37	1202,16
804,54	1193,97
804,71	1173,49
804,89	1208,30
805,06	1265,64
805,24	1161,20
805,41	1167,34
805,58	1187,82
805,76	1157,10
805,93	1142,77
806,10	1212,40
806,28	1142,77
806,45	1198,06
806,63	1189,87
806,80	1183,73
806,97	1173,49
807,15	1198,06
807,32	1140,72
807,49	1134,57
807,67	1236,97
807,84	1247,21
808,01	1159,15
808,19	1134,57
808,36	1183,73
808,54	1136,62
808,71	1196,01
808,88	1212,40
809,06	1173,49
809,23	1216,49
809,40	1222,64
809,58	1232,88
809,75	1236,97
809,92	1163,25
810,10	1204,21
810,27	1226,73
810,44	1167,34
810,62	1112,05
810,79	1239,02
810,96	1202,16
811,14	1179,63
811,31	1177,58
811,48	1220,59
811,66	1214,45
811,83	1101,81
812,00	1163,25
812,18	1136,62
812,35	1187,82
812,52	1171,44
812,69	1177,58
812,87	1239,02
813,04	1159,15
813,21	1159,15
813,39	1257,45
813,56	1167,34
813,73	1202,16
813,91	1196,01
814,08	1230,83
814,25	1165,29
814,42	1241,07
814,60	1134,57
814,77	1208,30
814,94	1232,88
815,12	1161,20
815,29	1189,87
815,46	1216,49
815,63	1267,69
815,81	1179,63
815,98	1191,92
816,15	1171,44
816,33	1093,62
816,50	1261,55
816,67	1232,88
816,84	1196,01
817,02	1275,88
817,19	1259,50
817,36	1144,81
817,53	1183,73
817,71	1105,90
817,88	1259,50
818,05	1200,11
818,22	1232,88
818,40	1153,01
818,57	1196,01
818,74	1214,45
818,91	1157,10
819,09	1144,81
819,26	1146,86
819,43	1163,25
819,60	1220,59
819,78	1210,35
819,95	1222,64
820,12	1196,01
820,29	1224,69
820,47	1216,49
820,64	1198,06
820,81	1181,68
820,98	1196,01
821,15	1165,29
821,33	1193,97
821,50	1196,01
821,67	1232,88
821,84	1236,97
822,02	1222,64
822,19	1253,36
822,36	1249,26
822,53	1212,40
822,70	1200,11
822,88	1224,69
823,05	1202,16
823,22	1257,45
823,39	1171,44
823,56	1179,63
823,74	1300,46
823,91	1216,49
824,08	1247,21
824,25	1208,30
824,42	1175,53
824,60	1202,16
824,77	1128,43
824,94	1118,19
825,11	1179,63
825,28	1191,92
825,45	1169,39
825,63	1191,92
825,80	1202,16
825,97	1191,92
826,14	1259,50
826,31	1269,74
826,48	1191,92
826,66	1200,11
826,83	1187,82
827,00	1224,69
827,17	1191,92
827,34	1169,39
827,51	1187,82
827,69	1169,39
827,86	1171,44
828,03	1163,25
828,20	1179,63
828,37	1239,02
828,54	1150,96
828,71	1210,35
828,89	1198,06
829,06	1193,97
829,23	1247,21
829,40	1208,30
829,57	1179,63
829,74	1120,24
829,91	1165,29
830,09	1175,53
830,26	1208,30
830,43	1134,57
830,60	1206,25
830,77	1167,34
830,94	1208,30
831,11	1167,34
831,28	1202,16
831,46	1169,39
831,63	1179,63
831,80	1177,58
831,97	1153,01
832,14	1200,11
832,31	1179,63
832,48	1118,19
832,65	1134,57
832,82	1171,44
832,99	1200,11
833,17	1234,93
833,34	1189,87
833,51	1253,36
833,68	1200,11
833,85	1208,30
834,02	1214,45
834,19	1224,69
834,36	1198,06
834,53	1179,63
834,70	1185,77
834,87	1167,34
835,04	1257,45
835,22	1126,38
835,39	1263,60
835,56	1230,83
835,73	1206,25
835,90	1236,97
836,07	1150,96
836,24	1196,01
836,41	1230,83
836,58	1200,11
836,75	1206,25
836,92	1187,82
837,09	1218,54
837,26	1122,29
837,43	1161,20
837,60	1142,77
837,77	1208,30
837,94	1124,33
838,12	1220,59
838,29	1265,64
838,46	1200,11
838,63	1218,54
838,80	1175,53
838,97	1118,19
839,14	1179,63
839,31	1261,55
839,48	1187,82
839,65	1165,29
839,82	1257,45
839,99	1187,82
840,16	1179,63
840,33	1163,25
840,50	1247,21
840,67	1114,10
840,84	1218,54
841,01	1224,69
841,18	1165,29
841,35	1189,87
841,52	1222,64
841,69	1220,59
841,86	1208,30
842,03	1175,53
842,20	1110,00
842,37	1247,21
842,54	1214,45
842,71	1118,19
842,88	1179,63
843,05	1171,44
843,22	1187,82
843,39	1202,16
843,56	1167,34
843,73	1245,16
843,90	1179,63
844,07	1163,25
844,24	1239,02
844,41	1206,25
844,58	1155,05
844,75	1202,16
844,92	1183,73
845,09	1161,20
845,26	1247,21
845,43	1200,11
845,60	1161,20
845,77	1212,40
845,94	1138,67
846,10	1261,55
846,27	1167,34
846,44	1214,45
846,61	1222,64
846,78	1155,05
846,95	1196,01
847,12	1163,25
847,29	1245,16
847,46	1142,77
847,63	1261,55
847,80	1212,40
847,97	1216,49
848,14	1169,39
848,31	1183,73
848,48	1126,38
848,65	1161,20
848,82	1261,55
848,98	1220,59
849,15	1200,11
849,32	1239,02
849,49	1236,97
849,66	1259,50
849,83	1183,73
850,00	1214,45
850,17	1204,21
850,34	1179,63
850,51	1165,29
850,68	1204,21
850,85	1185,77
851,01	1214,45
851,18	1228,78
851,35	1255,40
851,52	1218,54
851,69	1224,69
851,86	1130,48
852,03	1177,58
852,20	1165,29
852,37	1230,83
852,53	1236,97
852,70	1226,73
852,87	1189,87
853,04	1181,68
853,21	1196,01
853,38	1187,82
853,55	1245,16
853,72	1142,77
853,89	1142,77
854,05	1169,39
854,22	1208,30
854,39	1138,67
854,56	1183,73
854,73	1189,87
854,90	1118,19
855,07	1191,92
855,23	1138,67
855,40	1216,49
855,57	1243,12
855,74	1214,45
855,91	1232,88
856,08	1189,87
856,25	1226,73
856,41	1083,38
856,58	1267,69
856,75	1222,64
856,92	1144,81
857,09	1146,86
857,26	1198,06
857,42	1267,69
857,59	1224,69
857,76	1146,86
857,93	1155,05
858,10	1171,44
858,27	1243,12
858,43	1216,49
858,60	1230,83
858,77	1216,49
858,94	1187,82
859,11	1101,81
859,27	1247,21
859,44	1200,11
859,61	1183,73
859,78	1204,21
859,95	1251,31
860,12	1183,73
860,28	1200,11
860,45	1279,98
860,62	1224,69
860,79	1267,69
860,95	1230,83
861,12	1173,49
861,29	1204,21
861,46	1206,25
861,63	1196,01
861,79	1249,26
861,96	1208,30
862,13	1279,98
862,30	1249,26
862,47	1181,68
862,63	1226,73
862,80	1269,74
862,97	1226,73
863,14	1177,58
863,30	1181,68
863,47	1282,03
863,64	1243,12
863,81	1175,53
863,97	1241,07
864,14	1232,88
864,31	1161,20
864,48	1282,03
864,65	1167,34
864,81	1134,57
864,98	1142,77
865,15	1263,60
865,32	1286,12
865,48	1171,44
865,65	1189,87
865,82	1249,26
865,98	1101,81
866,15	1214,45
866,32	1134,57
866,49	1163,25
866,65	1161,20
866,82	1157,10
866,99	1247,21
867,16	1150,96
867,32	1183,73
867,49	1089,52
867,66	1239,02
867,83	1189,87
867,99	1136,62
868,16	1208,30
868,33	1130,48
868,49	1208,30
868,66	1208,30
868,83	1142,77
868,99	1179,63
869,16	1247,21
869,33	1259,50
869,50	1155,05
869,66	1202,16
869,83	1165,29
870,00	1204,21
870,16	1157,10
870,33	1198,06
870,50	1183,73
870,66	1212,40
870,83	1200,11
871,00	1191,92
871,17	1228,78
871,33	1181,68
871,50	1216,49
871,67	1148,91
871,83	1153,01
872,00	1265,64
872,17	1212,40
872,33	1173,49
872,50	1173,49
872,67	1163,25
872,83	1255,40
873,00	1228,78
873,17	1200,11
873,33	1171,44
873,50	1181,68
873,67	1204,21
873,83	1218,54
874,00	1150,96
874,16	1193,97
874,33	1187,82
874,50	1173,49
874,66	1249,26
874,83	1167,34
875,00	1198,06
875,16	1222,64
875,33	1150,96
875,50	1216,49
875,66	1241,07
875,83	1118,19
875,99	1212,40
876,16	1175,53
876,33	1153,01
876,49	1216,49
876,66	1187,82
876,83	1200,11
876,99	1173,49
877,16	1286,12
877,32	1193,97
877,49	1179,63
877,66	1216,49
877,82	1257,45
877,99	1146,86
878,15	1239,02
878,32	1239,02
878,49	1212,40
878,65	1273,84
878,82	1157,10
878,98	1191,92
879,15	1148,91
879,32	1271,79
879,48	1163,25
879,65	1167,34
879,81	1228,78
879,98	1200,11
880,15	1196,01
880,31	1189,87
880,48	1257,45
880,64	1202,16
880,81	1236,97
880,97	1181,68
881,14	1202,16
881,31	1114,10
881,47	1208,30
881,64	1220,59
881,80	1159,15
881,97	1179,63
882,13	1153,01
882,30	1222,64
882,47	1122,29
882,63	1138,67
882,80	1234,93
882,96	1171,44
883,13	1284,08
883,29	1212,40
883,46	1116,14
883,62	1175,53
883,79	1138,67
883,95	1210,35
884,12	1247,21
884,29	1159,15
884,45	1200,11
884,62	1153,01
884,78	1241,07
884,95	1185,77
885,11	1161,20
885,28	1120,24
885,44	1212,40
885,61	1230,83
885,77	1247,21
885,94	1153,01
886,10	1222,64
886,27	1171,44
886,43	1126,38
886,60	1210,35
886,76	1234,93
886,93	1185,77
887,09	1236,97
887,26	1196,01
887,42	1189,87
887,59	1208,30
887,75	1284,08
887,92	1183,73
888,08	1206,25
888,25	1191,92
888,41	1110,00
888,58	1200,11
888,74	1107,95
888,91	1183,73
