177,47	1171,44
177,69	1171,44
177,91	1171,44
178,13	1161,20
178,36	1144,81
178,58	1183,73
178,80	1173,49
179,02	1185,77
179,24	1167,34
179,46	1228,78
179,68	1198,06
179,90	1230,83
180,13	1173,49
180,35	1189,87
180,57	1247,21
180,79	1202,16
181,01	1167,34
181,23	1083,38
181,45	1142,77
181,67	1245,16
181,90	1148,91
182,12	1167,34
182,34	1230,83
182,56	1134,57
182,78	1222,64
183,00	1181,68
183,22	1206,25
183,44	1179,63
183,66	1236,97
183,89	1202,16
184,11	1273,84
184,33	1126,38
184,55	1157,10
184,77	1218,54
184,99	1136,62
185,21	1202,16
185,43	1255,40
185,65	1222,64
185,87	1202,16
186,10	1216,49
186,32	1265,64
186,54	1257,45
186,76	1322,99
186,98	1163,25
187,20	1230,83
187,42	1214,45
187,64	1232,88
187,86	1224,69
188,08	1204,21
188,30	1191,92
188,52	1245,16
188,75	1200,11
188,97	1230,83
189,19	1189,87
189,41	1138,67
189,63	1210,35
189,85	1138,67
190,07	1144,81
190,29	1148,91
190,51	1165,29
190,73	1146,86
190,95	1230,83
191,17	1249,26
191,39	1257,45
191,61	1208,30
191,84	1210,35
192,06	1167,34
192,28	1167,34
192,50	1167,34
192,72	1257,45
192,94	1171,44
193,16	1185,77
193,38	1208,30
193,60	1142,77
193,82	1191,92
194,04	1271,79
194,26	1200,11
194,48	1212,40
194,70	1206,25
194,92	1187,82
195,14	1224,69
195,36	1183,73
195,58	1214,45
195,80	1196,01
196,02	1181,68
196,24	1193,97
196,46	1169,39
196,69	1202,16
196,91	1232,88
197,13	1198,06
197,35	1191,92
197,57	1202,16
197,79	1222,64
198,01	1247,21
198,23	1202,16
198,45	1267,69
198,67	1183,73
198,89	1202,16
199,11	1144,81
199,33	1144,81
199,55	1132,53
199,77	1271,79
199,99	1187,82
200,21	1183,73
200,43	1208,30
200,65	1200,11
200,87	1243,12
201,09	1165,29
201,31	1189,87
201,53	1249,26
201,75	1279,98
201,97	1234,93
202,19	1214,45
202,41	1171,44
202,63	1214,45
202,85	1185,77
203,07	1175,53
203,29	1222,64
203,51	1167,34
203,73	1220,59
203,95	1245,16
204,17	1218,54
204,39	1181,68
204,61	1214,45
204,83	1239,02
205,05	1243,12
205,27	1204,21
205,49	1183,73
205,71	1181,68
205,93	1277,93
206,15	1208,30
206,37	1167,34
206,59	1193,97
206,81	1189,87
207,03	1142,77
207,25	1191,92
207,47	1189,87
207,69	1245,16
207,91	1208,30
208,13	1144,81
208,34	1144,81
208,56	1183,73
208,78	1122,29
209,00	1228,78
209,22	1193,97
209,44	1175,53
209,66	1198,06
209,88	1175,53
210,10	1265,64
210,32	1173,49
210,54	1255,40
210,76	1212,40
210,98	1191,92
211,20	1191,92
211,42	1226,73
211,64	1169,39
211,86	1128,43
212,08	1132,53
212,30	1214,45
212,52	1173,49
212,74	1198,06
212,96	1161,20
213,17	1187,82
213,39	1177,58
213,61	1200,11
213,83	1169,39
214,05	1198,06
214,27	1275,88
214,49	1212,40
214,71	1150,96
214,93	1142,77
215,15	1138,67
215,37	1294,32
215,59	1150,96
215,81	1226,73
216,03	1191,92
216,24	1228,78
216,46	1202,16
216,68	1204,21
216,90	1173,49
217,12	1210,35
217,34	1161,20
217,56	1257,45
217,78	1228,78
218,00	1212,40
218,22	1200,11
218,44	1122,29
218,66	1218,54
218,87	1220,59
219,09	1140,72
219,31	1245,16
219,53	1208,30
219,75	1222,64
219,97	1191,92
220,19	1200,11
220,41	1200,11
220,63	1294,32
220,85	1253,36
221,06	1183,73
221,28	1198,06
221,50	1179,63
221,72	1179,63
221,94	1245,16
222,16	1245,16
222,38	1142,77
222,60	1120,24
222,82	1200,11
223,03	1198,06
223,25	1153,01
223,47	1206,25
223,69	1230,83
223,91	1193,97
224,13	1210,35
224,35	1189,87
224,57	1159,15
224,78	1077,23
225,00	1181,68
225,22	1198,06
225,44	1157,10
225,66	1208,30
225,88	1269,74
226,10	1247,21
226,32	1183,73
226,53	1200,11
226,75	1243,12
226,97	1271,79
227,19	1177,58
227,41	1255,40
227,63	1150,96
227,85	1234,93
228,06	1198,06
228,28	1155,05
228,50	1200,11
228,72	1179,63
228,94	1380,33
229,16	1202,16
229,37	1198,06
229,59	1136,62
229,81	1247,21
230,03	1226,73
230,25	1173,49
230,47	1257,45
230,69	1177,58
230,90	1167,34
231,12	1226,73
231,34	1173,49
231,56	1236,97
231,78	1236,97
232,00	1095,66
232,21	1173,49
232,43	1189,87
232,65	1146,86
232,87	1179,63
233,09	1189,87
233,30	1103,86
233,52	1181,68
233,74	1200,11
233,96	1204,21
234,18	1236,97
234,40	1216,49
234,61	1265,64
234,83	1159,15
235,05	1271,79
235,27	1163,25
235,49	1216,49
235,70	1181,68
235,92	1236,97
236,14	1183,73
236,36	1245,16
236,58	1189,87
236,79	1249,26
237,01	1171,44
237,23	1202,16
237,45	1198,06
237,67	1148,91
237,88	1163,25
238,10	1208,30
238,32	1220,59
238,54	1236,97
238,76	1165,29
238,97	1181,68
239,19	1179,63
239,41	1187,82
239,63	1220,59
239,85	1189,87
240,06	1202,16
240,28	1159,15
240,50	1169,39
240,72	1128,43
240,93	1167,34
241,15	1183,73
241,37	1169,39
241,59	1228,78
241,81	1130,48
242,02	1171,44
242,24	1161,20
242,46	1138,67
242,68	1107,95
242,89	1179,63
243,11	1298,41
243,33	1210,35
243,55	1241,07
243,76	1191,92
243,98	1216,49
244,20	1243,12
244,42	1212,40
244,64	1191,92
244,85	1249,26
245,07	1196,01
245,29	1179,63
245,51	1189,87
245,72	1191,92
245,94	1273,84
246,16	1198,06
246,38	1196,01
246,59	1165,29
246,81	1228,78
247,03	1183,73
247,24	1236,97
247,46	1155,05
247,68	1236,97
247,90	1255,40
248,11	1200,11
248,33	1079,28
248,55	1161,20
248,77	1263,60
248,98	1216,49
249,20	1210,35
249,42	1208,30
249,64	1175,53
249,85	1179,63
250,07	1157,10
250,29	1220,59
250,50	1298,41
250,72	1230,83
250,94	1118,19
251,16	1241,07
251,37	1173,49
251,59	1251,31
251,81	1183,73
252,02	1263,60
252,24	1198,06
252,46	1206,25
252,68	1163,25
252,89	1265,64
253,11	1112,05
253,33	1183,73
253,54	1155,05
253,76	1273,84
253,98	1214,45
254,20	1236,97
254,41	1222,64
254,63	1179,63
254,85	1271,79
255,06	1157,10
255,28	1140,72
255,50	1200,11
255,71	1230,83
255,93	1224,69
256,15	1177,58
256,36	1181,68
256,58	1189,87
256,80	1189,87
257,02	1187,82
257,23	1212,40
257,45	1200,11
257,67	1146,86
257,88	1218,54
258,10	1259,50
258,32	1165,29
258,53	1196,01
258,75	1163,25
258,97	1234,93
259,18	1232,88
259,40	1193,97
259,62	1130,48
259,83	1212,40
260,05	1245,16
260,27	1206,25
260,48	1214,45
260,70	1181,68
260,92	1228,78
261,13	1187,82
261,35	1163,25
261,57	1263,60
261,78	1265,64
262,00	1134,57
262,22	1218,54
262,43	1257,45
262,65	1263,60
262,86	1234,93
263,08	1239,02
263,30	1232,88
263,51	1179,63
263,73	1212,40
263,95	1200,11
264,16	1226,73
264,38	1214,45
264,60	1114,10
264,81	1310,70
265,03	1222,64
265,25	1200,11
265,46	1163,25
265,68	1218,54
265,89	1228,78
266,11	1126,38
266,33	1173,49
266,54	1191,92
266,76	1183,73
266,98	1126,38
267,19	1183,73
267,41	1202,16
267,62	1216,49
267,84	1153,01
268,06	1112,05
268,27	1210,35
268,49	1236,97
268,70	1202,16
268,92	1159,15
269,14	1212,40
269,35	1218,54
269,57	1120,24
269,79	1183,73
270,00	1159,15
270,22	1187,82
270,43	1138,67
270,65	1112,05
270,87	1163,25
271,08	1249,26
271,30	1103,86
271,51	1161,20
271,73	1179,63
271,95	1241,07
272,16	1189,87
272,38	1175,53
272,59	1196,01
272,81	1142,77
273,02	1134,57
273,24	1247,21
273,46	1220,59
273,67	1148,91
273,89	1169,39
274,10	1245,16
274,32	1165,29
274,54	1191,92
274,75	1208,30
274,97	1181,68
275,18	1198,06
275,40	1196,01
275,61	1232,88
275,83	1189,87
276,05	1257,45
276,26	1153,01
276,48	1163,25
276,69	1146,86
276,91	1210,35
277,12	1198,06
277,34	1132,53
277,55	1120,24
277,77	1226,73
277,99	1198,06
278,20	1198,06
278,42	1146,86
278,63	1193,97
278,85	1159,15
279,06	1140,72
279,28	1206,25
279,49	1122,29
279,71	1134,57
279,93	1187,82
280,14	1269,74
280,36	1167,34
280,57	1159,15
280,79	1105,90
281,00	1124,33
281,22	1265,64
281,43	1236,97
281,65	1167,34
281,86	1232,88
282,08	1263,60
282,29	1140,72
282,51	1288,17
282,73	1206,25
282,94	1179,63
283,16	1249,26
283,37	1179,63
283,59	1148,91
283,80	1177,58
284,02	1187,82
284,23	1206,25
284,45	1216,49
284,66	1198,06
284,88	1216,49
285,09	1236,97
285,31	1220,59
285,52	1179,63
285,74	1269,74
285,95	1202,16
286,17	1226,73
286,38	1232,88
286,60	1271,79
286,81	1236,97
287,03	1193,97
287,24	1171,44
287,46	1243,12
287,67	1224,69
287,89	1179,63
288,10	1169,39
288,32	1204,21
288,53	1175,53
288,75	1206,25
288,96	1245,16
289,18	1214,45
289,39	1189,87
289,61	1175,53
289,82	1167,34
290,04	1228,78
290,25	1124,33
290,47	1216,49
290,68	1122,29
290,90	1189,87
291,11	1159,15
291,33	1185,77
291,54	1191,92
291,76	1204,21
291,97	1239,02
292,18	1159,15
292,40	1259,50
292,61	1181,68
292,83	1208,30
293,04	1167,34
293,26	1191,92
293,47	1165,29
293,69	1142,77
293,90	1171,44
294,12	1163,25
294,33	1179,63
294,55	1253,36
294,76	1136,62
294,97	1204,21
295,19	1140,72
295,40	1183,73
295,62	1261,55
295,83	1171,44
296,05	1183,73
296,26	1200,11
296,48	1173,49
296,69	1146,86
296,90	1247,21
297,12	1243,12
297,33	1171,44
297,55	1245,16
297,76	1183,73
297,98	1187,82
298,19	1279,98
298,41	1134,57
298,62	1171,44
298,83	1255,40
299,05	1181,68
299,26	1210,35
299,48	1173,49
299,69	1148,91
299,90	1212,40
300,12	1181,68
300,33	1220,59
300,55	1167,34
300,76	1218,54
300,98	1210,35
301,19	1251,31
301,40	1257,45
301,62	1185,77
301,83	1155,05
302,05	1232,88
302,26	1120,24
302,47	1206,25
302,69	1220,59
302,90	1189,87
303,12	1183,73
303,33	1212,40
303,54	1208,30
303,76	1224,69
303,97	1193,97
304,19	1257,45
304,40	1257,45
304,61	1189,87
304,83	1218,54
305,04	1181,68
305,26	1171,44
305,47	1206,25
305,68	1140,72
305,90	1224,69
306,11	1179,63
306,33	1226,73
306,54	1167,34
306,75	1241,07
306,97	1220,59
307,18	1171,44
307,39	1155,05
307,61	1220,59
307,82	1193,97
308,04	1173,49
308,25	1179,63
308,46	1175,53
308,68	1249,26
308,89	1171,44
309,10	1245,16
309,32	1214,45
309,53	1155,05
309,74	1159,15
309,96	1171,44
310,17	1198,06
310,39	1191,92
310,60	1253,36
310,81	1183,73
311,03	1245,16
311,24	1161,20
311,45	1142,77
311,67	1257,45
311,88	1224,69
312,09	1177,58
312,31	1150,96
312,52	1181,68
312,73	1183,73
312,95	1114,10
313,16	1216,49
313,37	1208,30
313,59	1185,77
313,80	1155,05
314,01	1204,21
314,23	1220,59
314,44	1144,81
314,65	1193,97
314,87	1181,68
315,08	1204,21
315,29	1169,39
315,51	1198,06
315,72	1179,63
315,93	1204,21
316,15	1150,96
316,36	1171,44
316,57	1187,82
316,79	1212,40
317,00	1189,87
317,21	1187,82
317,43	1196,01
317,64	1212,40
317,85	1236,97
318,07	1171,44
318,28	1228,78
318,49	1216,49
318,70	1163,25
318,92	1148,91
319,13	1179,63
319,34	1210,35
319,56	1114,10
319,77	1177,58
319,98	1183,73
320,20	1218,54
320,41	1161,20
320,62	1171,44
320,83	1179,63
321,05	1171,44
321,26	1198,06
321,47	1173,49
321,69	1196,01
321,90	1120,24
322,11	1077,23
322,32	1144,81
322,54	1181,68
322,75	1134,57
322,96	1173,49
323,18	1189,87
323,39	1230,83
323,60	1191,92
323,81	1208,30
324,03	1142,77
324,24	1150,96
324,45	1140,72
324,66	1232,88
324,88	1200,11
325,09	1183,73
325,30	1234,93
325,52	1146,86
325,73	1177,58
325,94	1153,01
326,15	1212,40
326,37	1300,46
326,58	1210,35
326,79	1206,25
327,00	1187,82
327,22	1148,91
327,43	1220,59
327,64	1191,92
327,85	1169,39
328,07	1189,87
328,28	1224,69
328,49	1218,54
328,70	1157,10
328,92	1253,36
329,13	1208,30
329,34	1222,64
329,55	1191,92
329,76	1183,73
329,98	1189,87
330,19	1193,97
330,40	1165,29
330,61	1196,01
330,83	1228,78
331,04	1249,26
331,25	1198,06
331,46	1144,81
331,68	1175,53
331,89	1216,49
332,10	1183,73
332,31	1187,82
332,52	1146,86
332,74	1167,34
332,95	1234,93
333,16	1230,83
333,37	1271,79
333,58	1179,63
333,80	1122,29
334,01	1214,45
334,22	1146,86
334,43	1226,73
334,64	1177,58
334,86	1128,43
335,07	1146,86
335,28	1214,45
335,49	1187,82
335,70	1222,64
335,92	1189,87
336,13	1239,02
336,34	1189,87
336,55	1163,25
336,76	1177,58
336,98	1230,83
337,19	1210,35
337,40	1142,77
337,61	1187,82
337,82	1198,06
338,04	1193,97
338,25	1175,53
338,46	1191,92
338,67	1191,92
338,88	1140,72
339,09	1243,12
339,31	1173,49
339,52	1198,06
339,73	1230,83
339,94	1134,57
340,15	1179,63
340,36	1202,16
340,58	1163,25
340,79	1204,21
341,00	1214,45
341,21	1216,49
341,42	1167,34
341,63	1185,77
341,85	1196,01
342,06	1193,97
342,27	1157,10
342,48	1167,34
342,69	1116,14
342,90	1216,49
343,12	1204,21
343,33	1130,48
343,54	1196,01
343,75	1204,21
343,96	1247,21
344,17	1142,77
344,38	1144,81
344,60	1189,87
344,81	1150,96
345,02	1105,90
345,23	1312,75
345,44	1206,25
345,65	1167,34
345,86	1210,35
346,07	1249,26
346,29	1191,92
346,50	1208,30
346,71	1208,30
346,92	1212,40
347,13	1187,82
347,34	1216,49
347,55	1214,45
347,76	1220,59
347,98	1189,87
348,19	1155,05
348,40	1183,73
348,61	1193,97
348,82	1193,97
349,03	1216,49
349,24	1196,01
349,45	1210,35
349,66	1161,20
349,88	1220,59
350,09	1163,25
350,30	1222,64
350,51	1210,35
350,72	1187,82
350,93	1200,11
351,14	1146,86
351,35	1198,06
351,56	1193,97
351,77	1265,64
351,99	1236,97
352,20	1255,40
352,41	1216,49
352,62	1253,36
352,83	1216,49
353,04	1169,39
353,25	1175,53
353,46	1257,45
353,67	1212,40
353,88	1241,07
354,09	1196,01
354,30	1210,35
354,52	1185,77
354,73	1179,63
354,94	1171,44
355,15	1161,20
355,36	1161,20
355,57	1159,15
355,78	1181,68
355,99	1110,00
356,20	1253,36
356,41	1142,77
356,62	1245,16
356,83	1255,40
357,04	1173,49
357,25	1167,34
357,46	1224,69
357,68	1193,97
357,89	1288,17
358,10	1173,49
358,31	1175,53
358,52	1175,53
358,73	1116,14
358,94	1189,87
359,15	1222,64
359,36	1175,53
359,57	1142,77
359,78	1198,06
359,99	1191,92
360,20	1187,82
360,41	1159,15
360,62	1128,43
360,83	1148,91
361,04	1214,45
361,25	1175,53
361,46	1241,07
361,67	1181,68
361,88	1261,55
362,09	1177,58
362,30	1226,73
362,51	1212,40
362,72	1177,58
362,93	1148,91
363,14	1185,77
363,35	1185,77
363,56	1185,77
363,78	1208,30
363,99	1181,68
364,20	1181,68
364,41	1181,68
364,62	1232,88
364,83	1132,53
365,04	1189,87
365,25	1187,82
365,46	1142,77
365,67	1259,50
365,88	1167,34
366,09	1183,73
366,30	1206,25
366,51	1185,77
366,72	1206,25
366,93	1251,31
367,14	1191,92
367,35	1206,25
367,56	1206,25
367,77	1142,77
367,98	1163,25
368,18	1206,25
368,39	1159,15
368,60	1173,49
368,81	1175,53
369,02	1206,25
369,23	1181,68
369,44	1265,64
369,65	1175,53
369,86	1150,96
370,07	1163,25
370,28	1183,73
370,49	1157,10
370,70	1228,78
370,91	1245,16
371,12	1247,21
371,33	1163,25
371,54	1236,97
371,75	1183,73
371,96	1202,16
372,17	1191,92
372,38	1216,49
372,59	1177,58
372,80	1226,73
373,01	1155,05
373,22	1236,97
373,43	1234,93
373,64	1183,73
373,85	1206,25
374,06	1224,69
374,26	1239,02
374,47	1204,21
374,68	1146,86
374,89	1142,77
375,10	1132,53
375,31	1230,83
375,52	1206,25
375,73	1140,72
375,94	1200,11
376,15	1202,16
376,36	1249,26
376,57	1189,87
376,78	1210,35
376,99	1208,30
377,20	1187,82
377,40	1236,97
377,61	1169,39
377,82	1282,03
378,03	1173,49
378,24	1286,12
378,45	1214,45
378,66	1183,73
378,87	1185,77
379,08	1249,26
379,29	1214,45
379,50	1247,21
379,71	1189,87
379,91	1230,83
380,12	1144,81
380,33	1150,96
380,54	1150,96
380,75	1200,11
380,96	1234,93
381,17	1206,25
381,38	1208,30
381,59	1173,49
381,80	1183,73
382,00	1140,72
382,21	1247,21
382,42	1228,78
382,63	1202,16
382,84	1257,45
383,05	1181,68
383,26	1220,59
383,47	1193,97
383,68	1224,69
383,88	1214,45
384,09	1142,77
384,30	1259,50
384,51	1214,45
384,72	1081,33
384,93	1230,83
385,14	1138,67
385,35	1181,68
385,55	1200,11
385,76	1198,06
385,97	1110,00
386,18	1122,29
386,39	1171,44
386,60	1175,53
386,81	1228,78
387,02	1167,34
387,22	1157,10
387,43	1216,49
387,64	1155,05
387,85	1228,78
388,06	1169,39
388,27	1189,87
388,48	1241,07
388,68	1153,01
388,89	1265,64
389,10	1146,86
389,31	1216,49
389,52	1169,39
389,73	1241,07
389,93	1196,01
390,14	1138,67
390,35	1173,49
390,56	1179,63
390,77	1175,53
390,98	1181,68
391,18	1204,21
391,39	1261,55
391,60	1183,73
391,81	1204,21
392,02	1161,20
392,23	1220,59
392,43	1267,69
392,64	1298,41
392,85	1157,10
393,06	1177,58
393,27	1212,40
393,47	1132,53
393,68	1206,25
393,89	1249,26
394,10	1216,49
394,31	1165,29
394,52	1265,64
394,72	1132,53
394,93	1255,40
395,14	1210,35
395,35	1175,53
395,56	1245,16
395,76	1196,01
395,97	1212,40
396,18	1204,21
396,39	1173,49
396,60	1232,88
396,80	1239,02
397,01	1210,35
397,22	1167,34
397,43	1191,92
397,64	1273,84
397,84	1159,15
398,05	1167,34
398,26	1181,68
398,47	1161,20
398,67	1196,01
398,88	1245,16
399,09	1189,87
399,30	1232,88
399,51	1193,97
399,71	1132,53
399,92	1191,92
400,13	1204,21
400,34	1183,73
400,54	1157,10
400,75	1220,59
400,96	1175,53
401,17	1196,01
401,37	1224,69
401,58	1220,59
401,79	1204,21
402,00	1165,29
402,21	1208,30
402,41	1191,92
402,62	1214,45
402,83	1212,40
403,04	1257,45
403,24	1202,16
403,45	1140,72
403,66	1224,69
403,87	1196,01
404,07	1204,21
404,28	1165,29
404,49	1261,55
404,70	1179,63
404,90	1171,44
405,11	1222,64
405,32	1239,02
405,52	1251,31
405,73	1128,43
405,94	1134,57
406,15	1241,07
406,35	1204,21
406,56	1189,87
406,77	1191,92
406,98	1198,06
407,18	1196,01
407,39	1173,49
407,60	1155,05
407,80	1216,49
408,01	1218,54
408,22	1222,64
408,43	1105,90
408,63	1142,77
408,84	1196,01
409,05	1165,29
409,25	1308,65
409,46	1165,29
409,67	1212,40
409,88	1200,11
410,08	1198,06
410,29	1138,67
410,50	1232,88
410,70	1214,45
410,91	1097,71
411,12	1255,40
411,32	1171,44
411,53	1193,97
411,74	1214,45
411,95	1261,55
412,15	1236,97
412,36	1202,16
412,57	1185,77
412,77	1294,32
412,98	1251,31
413,19	1224,69
413,39	1175,53
413,60	1232,88
413,81	1208,30
414,01	1167,34
414,22	1198,06
414,43	1153,01
414,63	1310,70
414,84	1212,40
415,05	1230,83
415,25	1208,30
415,46	1171,44
415,67	1234,93
415,87	1169,39
416,08	1183,73
416,29	1140,72
416,49	1189,87
416,70	1200,11
416,91	1150,96
417,11	1212,40
417,32	1232,88
417,53	1112,05
417,73	1128,43
417,94	1159,15
418,15	1265,64
418,35	1230,83
418,56	1216,49
418,77	1236,97
418,97	1196,01
419,18	1157,10
419,38	1269,74
419,59	1212,40
419,80	1093,62
420,00	1177,58
420,21	1200,11
420,42	1212,40
420,62	1216,49
420,83	1261,55
421,04	1189,87
421,24	1312,75
421,45	1146,86
421,65	1187,82
421,86	1206,25
422,07	1218,54
422,27	1136,62
422,48	1167,34
422,69	1181,68
422,89	1202,16
423,10	1206,25
423,30	1161,20
423,51	1155,05
423,72	1208,30
423,92	1175,53
424,13	1206,25
424,33	1196,01
424,54	1196,01
424,75	1196,01
424,95	1243,12
425,16	1220,59
425,36	1222,64
425,57	1263,60
425,78	1159,15
425,98	1255,40
426,19	1212,40
426,39	1208,30
426,60	1173,49
426,81	1243,12
427,01	1220,59
427,22	1200,11
427,42	1183,73
427,63	1134,57
427,83	1193,97
428,04	1200,11
428,25	1179,63
428,45	1241,07
428,66	1193,97
428,86	1159,15
429,07	1161,20
429,28	1165,29
429,48	1196,01
429,69	1218,54
429,89	1183,73
430,10	1200,11
430,30	1177,58
430,51	1243,12
430,71	1187,82
430,92	1210,35
431,13	1148,91
431,33	1245,16
431,54	1204,21
431,74	1232,88
431,95	1218,54
432,15	1261,55
432,36	1191,92
432,56	1261,55
432,77	1216,49
432,98	1193,97
433,18	1177,58
433,39	1189,87
433,59	1210,35
433,80	1191,92
434,00	1204,21
434,21	1159,15
434,41	1220,59
434,62	1163,25
434,82	1277,93
435,03	1216,49
435,23	1175,53
435,44	1142,77
435,64	1218,54
435,85	1214,45
436,06	1165,29
436,26	1228,78
436,47	1251,31
436,67	1140,72
436,88	1142,77
437,08	1161,20
437,29	1159,15
437,49	1179,63
437,70	1175,53
437,90	1245,16
438,11	1239,02
438,31	1200,11
438,52	1222,64
438,72	1144,81
438,93	1198,06
439,13	1216,49
439,34	1167,34
439,54	1208,30
439,75	1224,69
439,95	1150,96
440,16	1200,11
440,36	1200,11
440,57	1179,63
440,77	1247,21
440,98	1185,77
441,18	1142,77
441,39	1159,15
441,59	1261,55
441,80	1161,20
442,00	1216,49
442,21	1155,05
442,41	1181,68
442,62	1169,39
442,82	1159,15
443,02	1212,40
443,23	1140,72
443,43	1171,44
443,64	1171,44
443,84	1241,07
444,05	1191,92
444,25	1132,53
444,46	1202,16
444,66	1196,01
444,87	1179,63
445,07	1122,29
445,28	1239,02
445,48	1228,78
445,69	1208,30
445,89	1163,25
446,09	1167,34
446,30	1216,49
446,50	1169,39
446,71	1236,97
446,91	1191,92
447,12	1222,64
447,32	1243,12
447,53	1159,15
447,73	1173,49
447,93	1261,55
448,14	1220,59
448,34	1146,86
448,55	1232,88
448,75	1181,68
448,96	1206,25
449,16	1114,10
449,36	1153,01
449,57	1226,73
449,77	1214,45
449,98	1202,16
450,18	1169,39
450,39	1204,21
450,59	1163,25
450,79	1200,11
451,00	1222,64
451,20	1232,88
451,41	1165,29
451,61	1187,82
451,81	1153,01
452,02	1116,14
452,22	1214,45
452,43	1218,54
452,63	1157,10
452,84	1185,77
453,04	1247,21
453,24	1179,63
453,45	1150,96
453,65	1187,82
453,86	1200,11
454,06	1239,02
454,26	1085,42
454,47	1159,15
454,67	1253,36
454,87	1261,55
455,08	1228,78
455,28	1138,67
455,49	1163,25
455,69	1216,49
455,89	1138,67
456,10	1290,22
456,30	1228,78
456,51	1288,17
456,71	1171,44
456,91	1159,15
457,12	1175,53
457,32	1175,53
457,52	1226,73
457,73	1173,49
457,93	1241,07
458,14	1189,87
458,34	1167,34
458,54	1200,11
458,75	1220,59
458,95	1222,64
459,15	1224,69
459,36	1241,07
459,56	1110,00
459,76	1105,90
459,97	1167,34
460,17	1255,40
460,37	1167,34
460,58	1120,24
460,78	1204,21
460,99	1216,49
461,19	1236,97
461,39	1079,28
461,60	1220,59
461,80	1265,64
462,00	1228,78
462,21	1193,97
462,41	1173,49
462,61	1239,02
462,82	1183,73
463,02	1142,77
463,22	1234,93
463,43	1210,35
463,63	1222,64
463,83	1198,06
464,04	1175,53
464,24	1224,69
464,44	1204,21
464,64	1212,40
464,85	1243,12
465,05	1146,86
465,25	1171,44
465,46	1204,21
465,66	1189,87
465,86	1159,15
466,07	1212,40
466,27	1234,93
466,47	1226,73
466,68	1253,36
466,88	1134,57
467,08	1191,92
467,29	1226,73
467,49	1132,53
467,69	1239,02
467,89	1216,49
468,10	1206,25
468,30	1204,21
468,50	1181,68
468,71	1226,73
468,91	1241,07
469,11	1232,88
469,31	1263,60
469,52	1153,01
469,72	1144,81
469,92	1167,34
470,13	1206,25
470,33	1196,01
470,53	1228,78
470,73	1144,81
470,94	1120,24
471,14	1222,64
471,34	1136,62
471,54	1165,29
471,75	1275,88
471,95	1236,97
472,15	1212,40
472,36	1253,36
472,56	1171,44
472,76	1161,20
472,96	1204,21
473,17	1130,48
473,37	1206,25
473,57	1224,69
473,77	1183,73
473,98	1198,06
474,18	1206,25
474,38	1224,69
474,58	1183,73
474,79	1179,63
474,99	1179,63
475,19	1220,59
475,39	1218,54
475,60	1126,38
475,80	1179,63
476,00	1179,63
476,20	1249,26
476,41	1167,34
476,61	1142,77
476,81	1255,40
477,01	1236,97
477,21	1163,25
477,42	1212,40
477,62	1173,49
477,82	1212,40
478,02	1191,92
478,23	1138,67
478,43	1177,58
478,63	1257,45
478,83	1150,96
479,03	1245,16
479,24	1183,73
479,44	1202,16
479,64	1185,77
479,84	1228,78
480,04	1220,59
480,25	1181,68
480,45	1189,87
480,65	1214,45
480,85	1165,29
481,06	1261,55
481,26	1173,49
481,46	1138,67
481,66	1175,53
481,86	1181,68
482,06	1239,02
482,27	1169,39
482,47	1191,92
482,67	1198,06
482,87	1224,69
483,07	1171,44
483,28	1136,62
483,48	1208,30
483,68	1183,73
483,88	1187,82
484,08	1153,01
484,29	1206,25
484,49	1175,53
484,69	1234,93
484,89	1150,96
485,09	1222,64
485,29	1138,67
485,50	1128,43
485,70	1167,34
485,90	1218,54
486,10	1204,21
486,30	1257,45
486,50	1138,67
486,71	1216,49
486,91	1099,76
487,11	1226,73
487,31	1232,88
487,51	1193,97
487,71	1173,49
487,91	1208,30
488,12	1204,21
488,32	1202,16
488,52	1138,67
488,72	1230,83
488,92	1251,31
489,12	1208,30
489,32	1273,84
489,53	1167,34
489,73	1220,59
489,93	1247,21
490,13	1208,30
490,33	1206,25
490,53	1132,53
490,73	1212,40
490,94	1144,81
491,14	1230,83
491,34	1173,49
491,54	1253,36
491,74	1206,25
491,94	1118,19
492,14	1257,45
492,34	1200,11
492,54	1210,35
492,75	1183,73
492,95	1142,77
493,15	1257,45
493,35	1255,40
493,55	1212,40
493,75	1191,92
493,95	1210,35
494,15	1212,40
494,35	1228,78
494,56	1136,62
494,76	1159,15
494,96	1259,50
495,16	1232,88
495,36	1220,59
495,56	1193,97
495,76	1177,58
495,96	1179,63
496,16	1153,01
496,36	1245,16
496,56	1257,45
496,77	1222,64
496,97	1185,77
497,17	1196,01
497,37	1142,77
497,57	1105,90
497,77	1212,40
497,97	1161,20
498,17	1146,86
498,37	1230,83
498,57	1187,82
498,77	1191,92
498,97	1173,49
499,17	1142,77
499,38	1165,29
499,58	1181,68
499,78	1267,69
499,98	1142,77
500,18	1116,14
500,38	1163,25
500,58	1243,12
500,78	1267,69
500,98	1181,68
501,18	1263,60
501,38	1247,21
501,58	1159,15
501,78	1165,29
501,98	1142,77
502,18	1247,21
502,38	1196,01
502,58	1208,30
502,78	1273,84
502,98	1243,12
503,18	1210,35
503,38	1165,29
503,59	1210,35
503,79	1118,19
503,99	1204,21
504,19	1214,45
504,39	1216,49
504,59	1204,21
504,79	1214,45
504,99	1185,77
505,19	1159,15
505,39	1073,14
505,59	1193,97
505,79	1265,64
505,99	1206,25
506,19	1122,29
506,39	1146,86
506,59	1183,73
506,79	1239,02
506,99	1198,06
507,19	1214,45
507,39	1150,96
507,59	1159,15
507,79	1189,87
507,99	1204,21
508,19	1177,58
508,39	1124,33
508,59	1196,01
508,79	1220,59
508,99	1187,82
509,19	1206,25
509,39	1171,44
509,59	1198,06
509,79	1187,82
509,99	1130,48
510,19	1261,55
510,39	1253,36
510,59	1236,97
510,79	1175,53
510,99	1134,57
511,19	1193,97
511,39	1243,12
511,59	1208,30
511,79	1148,91
511,99	1241,07
512,19	1200,11
512,38	1208,30
512,58	1224,69
512,78	1187,82
512,98	1255,40
513,18	1193,97
513,38	1169,39
513,58	1259,50
513,78	1206,25
513,98	1243,12
514,18	1232,88
514,38	1255,40
514,58	1187,82
514,78	1245,16
514,98	1163,25
515,18	1214,45
515,38	1165,29
515,58	1179,63
515,78	1210,35
515,98	1157,10
516,18	1206,25
516,38	1179,63
516,57	1255,40
516,77	1232,88
516,97	1267,69
517,17	1202,16
517,37	1173,49
517,57	1153,01
517,77	1163,25
517,97	1183,73
518,17	1230,83
518,37	1179,63
518,57	1204,21
518,77	1185,77
518,97	1157,10
519,16	1249,26
519,36	1124,33
519,56	1220,59
519,76	1171,44
519,96	1261,55
520,16	1255,40
520,36	1226,73
520,56	1140,72
520,76	1202,16
520,96	1198,06
521,16	1150,96
521,35	1204,21
521,55	1239,02
521,75	1183,73
521,95	1216,49
522,15	1171,44
522,35	1103,86
522,55	1128,43
522,75	1189,87
522,95	1196,01
523,14	1155,05
523,34	1185,77
523,54	1210,35
523,74	1304,56
523,94	1234,93
524,14	1187,82
524,34	1185,77
524,54	1165,29
524,73	1181,68
524,93	1222,64
525,13	1179,63
525,33	1216,49
525,53	1232,88
525,73	1249,26
525,93	1196,01
526,13	1148,91
526,32	1161,20
526,52	1214,45
526,72	1257,45
526,92	1083,38
527,12	1191,92
527,32	1189,87
527,52	1105,90
527,71	1204,21
527,91	1159,15
528,11	1271,79
528,31	1134,57
528,51	1275,88
528,71	1191,92
528,90	1224,69
529,10	1234,93
529,30	1171,44
529,50	1159,15
529,70	1191,92
529,90	1214,45
530,09	1214,45
530,29	1187,82
530,49	1185,77
530,69	1181,68
530,89	1261,55
531,09	1214,45
531,28	1161,20
531,48	1206,25
531,68	1144,81
531,88	1159,15
532,08	1173,49
532,28	1210,35
532,47	1214,45
532,67	1159,15
532,87	1181,68
533,07	1236,97
533,27	1216,49
533,46	1175,53
533,66	1163,25
533,86	1245,16
534,06	1212,40
534,26	1208,30
534,45	1185,77
534,65	1175,53
534,85	1226,73
535,05	1144,81
535,25	1234,93
535,44	1161,20
535,64	1226,73
535,84	1183,73
536,04	1214,45
536,24	1241,07
536,43	1187,82
536,63	1222,64
536,83	1220,59
537,03	1155,05
537,22	1187,82
537,42	1157,10
537,62	1191,92
537,82	1210,35
538,02	1150,96
538,21	1134,57
538,41	1273,84
538,61	1159,15
538,81	1200,11
539,00	1206,25
539,20	1247,21
539,40	1220,59
539,60	1257,45
539,79	1183,73
539,99	1200,11
540,19	1204,21
540,39	1206,25
540,58	1193,97
540,78	1155,05
540,98	1208,30
541,18	1220,59
541,37	1173,49
541,57	1200,11
541,77	1206,25
541,97	1157,10
542,16	1222,64
542,36	1179,63
542,56	1265,64
542,76	1128,43
542,95	1239,02
543,15	1202,16
543,35	1224,69
543,54	1241,07
543,74	1163,25
543,94	1181,68
544,14	1267,69
544,33	1218,54
544,53	1175,53
544,73	1150,96
544,93	1148,91
545,12	1204,21
545,32	1230,83
545,52	1163,25
545,71	1134,57
545,91	1189,87
546,11	1239,02
546,30	1185,77
546,50	1247,21
546,70	1159,15
546,90	1224,69
547,09	1200,11
547,29	1185,77
547,49	1218,54
547,68	1150,96
547,88	1171,44
548,08	1224,69
548,27	1171,44
548,47	1179,63
548,67	1243,12
548,87	1210,35
549,06	1159,15
549,26	1208,30
549,46	1159,15
549,65	1153,01
549,85	1159,15
550,05	1198,06
550,24	1236,97
550,44	1216,49
550,64	1189,87
550,83	1232,88
551,03	1224,69
551,23	1107,95
551,42	1181,68
551,62	1243,12
551,82	1161,20
552,01	1208,30
552,21	1269,74
552,41	1226,73
552,60	1173,49
552,80	1185,77
553,00	1155,05
553,19	1216,49
553,39	1142,77
553,59	1220,59
553,78	1232,88
553,98	1212,40
554,17	1183,73
554,37	1165,29
554,57	1173,49
554,76	1175,53
554,96	1236,97
555,16	1134,57
555,35	1191,92
555,55	1224,69
555,75	1189,87
555,94	1130,48
556,14	1173,49
556,33	1230,83
556,53	1228,78
556,73	1239,02
556,92	1179,63
557,12	1228,78
557,32	1175,53
557,51	1189,87
557,71	1150,96
557,90	1124,33
558,10	1163,25
558,30	1157,10
558,49	1177,58
558,69	1165,29
558,88	1236,97
559,08	1181,68
559,28	1196,01
559,47	1216,49
559,67	1253,36
559,86	1146,86
560,06	1232,88
560,26	1138,67
560,45	1193,97
560,65	1185,77
560,84	1189,87
561,04	1241,07
561,24	1243,12
561,43	1196,01
561,63	1148,91
561,82	1226,73
562,02	1179,63
562,22	1116,14
562,41	1232,88
562,61	1144,81
562,80	1138,67
563,00	1159,15
563,19	1230,83
563,39	1241,07
563,59	1232,88
563,78	1165,29
563,98	1112,05
564,17	1140,72
564,37	1216,49
564,56	1134,57
564,76	1183,73
564,96	1204,21
565,15	1161,20
565,35	1241,07
565,54	1189,87
565,74	1230,83
565,93	1212,40
566,13	1200,11
566,32	1202,16
566,52	1185,77
566,71	1206,25
566,91	1241,07
567,11	1185,77
567,30	1150,96
567,50	1218,54
567,69	1224,69
567,89	1228,78
568,08	1259,50
568,28	1228,78
568,47	1234,93
568,67	1273,84
568,86	1234,93
569,06	1134,57
569,25	1222,64
569,45	1253,36
569,64	1200,11
569,84	1232,88
570,04	1175,53
570,23	1110,00
570,43	1216,49
570,62	1253,36
570,82	1064,94
571,01	1200,11
571,21	1189,87
571,40	1206,25
571,60	1273,84
571,79	1163,25
571,99	1126,38
572,18	1150,96
572,38	1177,58
572,57	1230,83
572,77	1187,82
572,96	1118,19
573,16	1216,49
573,35	1191,92
573,55	1249,26
573,74	1204,21
573,94	1173,49
574,13	1212,40
574,33	1165,29
574,52	1204,21
574,71	1210,35
574,91	1155,05
575,10	1196,01
575,30	1239,02
575,49	1220,59
575,69	1210,35
575,88	1216,49
576,08	1212,40
576,27	1288,17
576,47	1251,31
576,66	1150,96
576,86	1165,29
577,05	1224,69
577,25	1153,01
577,44	1241,07
577,64	1214,45
577,83	1243,12
578,02	1148,91
578,22	1173,49
578,41	1183,73
578,61	1220,59
578,80	1155,05
579,00	1187,82
579,19	1124,33
579,39	1200,11
579,58	1177,58
579,77	1179,63
579,97	1200,11
580,16	1136,62
580,36	1179,63
580,55	1245,16
580,75	1153,01
580,94	1189,87
581,13	1134,57
581,33	1322,99
581,52	1136,62
581,72	1163,25
581,91	1167,34
582,11	1236,97
582,30	1107,95
582,49	1167,34
582,69	1159,15
582,88	1134,57
583,08	1200,11
583,27	1226,73
583,47	1206,25
583,66	1200,11
583,85	1150,96
584,05	1230,83
584,24	1224,69
584,44	1232,88
584,63	1210,35
584,82	1177,58
585,02	1146,86
585,21	1226,73
585,41	1177,58
585,60	1191,92
585,79	1218,54
585,99	1157,10
586,18	1226,73
586,37	1163,25
586,57	1198,06
586,76	1167,34
586,96	1267,69
587,15	1150,96
587,34	1161,20
587,54	1239,02
587,73	1153,01
587,93	1177,58
588,12	1155,05
588,31	1155,05
588,51	1241,07
588,70	1159,15
588,89	1296,36
589,09	1167,34
589,28	1277,93
589,47	1208,30
589,67	1173,49
589,86	1255,40
590,06	1263,60
590,25	1210,35
590,44	1191,92
590,64	1196,01
590,83	1202,16
591,02	1179,63
591,22	1261,55
591,41	1161,20
591,60	1128,43
591,80	1200,11
591,99	1198,06
592,18	1150,96
592,38	1183,73
592,57	1122,29
592,76	1196,01
592,96	1259,50
593,15	1146,86
593,34	1239,02
593,54	1159,15
593,73	1232,88
593,92	1263,60
594,12	1161,20
594,31	1144,81
594,50	1224,69
594,70	1200,11
594,89	1163,25
595,08	1189,87
595,28	1196,01
595,47	1204,21
595,66	1130,48
595,86	1146,86
596,05	1216,49
596,24	1191,92
596,43	1165,29
596,63	1220,59
596,82	1179,63
597,01	1187,82
597,21	1167,34
597,40	1128,43
597,59	1218,54
597,79	1165,29
597,98	1239,02
598,17	1177,58
598,36	1163,25
598,56	1159,15
598,75	1124,33
598,94	1157,10
599,14	1163,25
599,33	1243,12
599,52	1167,34
599,71	1204,21
599,91	1140,72
600,10	1222,64
600,29	1126,38
600,48	1177,58
600,68	1193,97
600,87	1273,84
601,06	1249,26
601,26	1179,63
601,45	1126,38
601,64	1232,88
601,83	1220,59
602,03	1187,82
602,22	1177,58
602,41	1224,69
602,60	1241,07
602,80	1245,16
602,99	1183,73
603,18	1142,77
603,37	1187,82
603,57	1187,82
603,76	1177,58
603,95	1169,39
604,14	1232,88
604,34	1191,92
604,53	1148,91
604,72	1138,67
604,91	1179,63
605,10	1142,77
605,30	1271,79
605,49	1185,77
605,68	1210,35
605,87	1208,30
606,07	1206,25
606,26	1220,59
606,45	1175,53
606,64	1206,25
606,84	1175,53
607,03	1157,10
607,22	1191,92
607,41	1224,69
607,60	1181,68
607,80	1081,33
607,99	1236,97
608,18	1179,63
608,37	1222,64
608,56	1146,86
608,76	1224,69
608,95	1239,02
609,14	1204,21
609,33	1159,15
609,52	1224,69
609,72	1179,63
609,91	1130,48
610,10	1253,36
610,29	1183,73
610,48	1273,84
610,68	1181,68
610,87	1318,89
611,06	1134,57
611,25	1167,34
611,44	1185,77
611,63	1185,77
611,83	1212,40
612,02	1196,01
612,21	1144,81
612,40	1191,92
612,59	1236,97
612,79	1204,21
612,98	1189,87
613,17	1228,78
613,36	1243,12
613,55	1191,92
613,74	1232,88
613,93	1187,82
614,13	1171,44
614,32	1126,38
614,51	1165,29
614,70	1165,29
614,89	1216,49
615,08	1257,45
615,28	1224,69
615,47	1159,15
615,66	1216,49
615,85	1163,25
616,04	1245,16
616,23	1159,15
616,42	1236,97
616,62	1220,59
616,81	1200,11
617,00	1171,44
617,19	1181,68
617,38	1232,88
617,57	1198,06
617,76	1284,08
617,95	1189,87
618,15	1210,35
618,34	1206,25
618,53	1202,16
618,72	1206,25
618,91	1173,49
619,10	1224,69
619,29	1179,63
619,48	1216,49
619,68	1173,49
619,87	1196,01
620,06	1204,21
620,25	1212,40
620,44	1136,62
620,63	1107,95
620,82	1157,10
621,01	1226,73
621,20	1185,77
621,39	1234,93
621,59	1220,59
621,78	1224,69
621,97	1185,77
622,16	1304,56
622,35	1167,34
622,54	1230,83
622,73	1200,11
622,92	1232,88
623,11	1198,06
623,30	1177,58
623,49	1200,11
623,68	1216,49
623,88	1169,39
624,07	1224,69
624,26	1177,58
624,45	1228,78
624,64	1273,84
624,83	1204,21
625,02	1232,88
625,21	1269,74
625,40	1243,12
625,59	1191,92
625,78	1165,29
625,97	1210,35
626,16	1208,30
626,35	1214,45
626,54	1148,91
626,74	1222,64
626,93	1243,12
627,12	1183,73
627,31	1173,49
627,50	1224,69
627,69	1189,87
627,88	1208,30
628,07	1120,24
628,26	1210,35
628,45	1142,77
628,64	1173,49
628,83	1159,15
629,02	1249,26
629,21	1173,49
629,40	1175,53
629,59	1216,49
629,78	1261,55
629,97	1222,64
630,16	1232,88
630,35	1196,01
630,54	1212,40
630,73	1196,01
630,92	1269,74
631,11	1275,88
631,30	1259,50
631,49	1269,74
631,68	1419,24
631,87	2514,91
632,06	8042,37
632,25	16924,41
632,44	20776,64
632,63	26474,09
632,82	14237,48
633,01	8363,90
633,20	3917,76
633,39	2072,54
633,58	1665,00
633,77	1806,31
633,96	1597,42
634,15	1376,24
634,34	1384,43
634,53	1456,11
634,72	1320,94
634,91	1310,70
635,10	1355,76
635,29	1322,99
635,48	1232,88
635,67	1202,16
635,86	1228,78
636,05	1218,54
636,24	1255,40
636,43	1202,16
636,62	1243,12
636,81	1222,64
637,00	1183,73
637,19	1234,93
637,38	1167,34
637,57	1196,01
637,76	1245,16
637,95	1239,02
638,14	1249,26
638,33	1228,78
638,52	1232,88
638,71	1198,06
638,89	1191,92
639,08	1220,59
639,27	1187,82
639,46	1232,88
639,65	1222,64
639,84	1241,07
640,03	1200,11
640,22	1200,11
640,41	1206,25
640,60	1187,82
640,79	1220,59
640,98	1095,66
641,17	1157,10
641,36	1175,53
641,55	1224,69
641,74	1222,64
641,92	1230,83
642,11	1142,77
642,30	1304,56
642,49	1249,26
642,68	1206,25
642,87	1267,69
643,06	1179,63
643,25	1122,29
643,44	1130,48
643,63	1257,45
643,82	1185,77
644,00	1171,44
644,19	1202,16
644,38	1177,58
644,57	1261,55
644,76	1204,21
644,95	1183,73
645,14	1216,49
645,33	1181,68
645,52	1216,49
645,71	1226,73
645,89	1206,25
646,08	1220,59
646,27	1132,53
646,46	1206,25
646,65	1110,00
646,84	1171,44
647,03	1185,77
647,22	1189,87
647,40	1146,86
647,59	1214,45
647,78	1157,10
647,97	1140,72
648,16	1243,12
648,35	1226,73
648,54	1179,63
648,73	1187,82
648,91	1175,53
649,10	1179,63
649,29	1296,36
649,48	1191,92
649,67	1208,30
649,86	1236,97
650,05	1214,45
650,23	1212,40
650,42	1157,10
650,61	1239,02
650,80	1208,30
650,99	1218,54
651,18	1204,21
651,36	1234,93
651,55	1224,69
651,74	1187,82
651,93	1171,44
652,12	1105,90
652,31	1245,16
652,49	1202,16
652,68	1232,88
652,87	1179,63
653,06	1157,10
653,25	1234,93
653,44	1159,15
653,62	1198,06
653,81	1206,25
654,00	1179,63
654,19	1173,49
654,38	1224,69
654,56	1200,11
654,75	1175,53
654,94	1208,30
655,13	1314,80
655,32	1189,87
655,51	1153,01
655,69	1214,45
655,88	1214,45
656,07	1204,21
656,26	1183,73
656,45	1191,92
656,63	1239,02
656,82	1175,53
657,01	1247,21
657,20	1226,73
657,38	1118,19
657,57	1230,83
657,76	1216,49
657,95	1189,87
658,14	1165,29
658,32	1114,10
658,51	1157,10
658,70	1173,49
658,89	1185,77
659,08	1181,68
659,26	1134,57
659,45	1232,88
659,64	1193,97
659,83	1185,77
660,01	1212,40
660,20	1189,87
660,39	1302,51
660,58	1226,73
660,76	1204,21
660,95	1226,73
661,14	1196,01
661,33	1210,35
661,51	1091,57
661,70	1200,11
661,89	1132,53
662,08	1146,86
662,26	1173,49
662,45	1173,49
662,64	1181,68
662,83	1208,30
663,01	1171,44
663,20	1232,88
663,39	1222,64
663,58	1183,73
663,76	1177,58
663,95	1198,06
664,14	1191,92
664,32	1132,53
664,51	1220,59
664,70	1134,57
664,89	1099,76
665,07	1191,92
665,26	1220,59
665,45	1140,72
665,64	1226,73
665,82	1196,01
666,01	1177,58
666,20	1144,81
666,38	1216,49
666,57	1077,23
666,76	1171,44
666,95	1236,97
667,13	1189,87
667,32	1222,64
667,51	1202,16
667,69	1222,64
667,88	1241,07
668,07	1126,38
668,25	1171,44
668,44	1247,21
668,63	1179,63
668,81	1216,49
669,00	1191,92
669,19	1153,01
669,38	1196,01
669,56	1226,73
669,75	1159,15
669,94	1198,06
670,12	1226,73
670,31	1210,35
670,50	1257,45
670,68	1200,11
670,87	1138,67
671,06	1273,84
671,24	1218,54
671,43	1208,30
671,62	1140,72
671,80	1228,78
671,99	1193,97
672,18	1181,68
672,36	1236,97
672,55	1159,15
672,74	1150,96
672,92	1165,29
673,11	1191,92
673,29	1204,21
673,48	1230,83
673,67	1173,49
673,85	1218,54
674,04	1183,73
674,23	1161,20
674,41	1169,39
674,60	1110,00
674,79	1216,49
674,97	1208,30
675,16	1206,25
675,34	1185,77
675,53	1183,73
675,72	1200,11
675,90	1222,64
676,09	1208,30
676,28	1226,73
676,46	1134,57
676,65	1138,67
676,83	1216,49
677,02	1114,10
677,21	1165,29
677,39	1146,86
677,58	1247,21
677,77	1179,63
677,95	1196,01
678,14	1146,86
678,32	1153,01
678,51	1189,87
678,70	1198,06
678,88	1173,49
679,07	1216,49
679,25	1118,19
679,44	1257,45
679,63	1175,53
679,81	1216,49
680,00	1200,11
680,18	1169,39
680,37	1196,01
680,55	1288,17
680,74	1196,01
680,93	1169,39
681,11	1191,92
681,30	1265,64
681,48	1171,44
681,67	1183,73
681,85	1257,45
682,04	1216,49
682,23	1183,73
682,41	1212,40
682,60	1202,16
682,78	1232,88
682,97	1177,58
683,15	1230,83
683,34	1161,20
683,53	1253,36
683,71	1200,11
683,90	1245,16
684,08	1169,39
684,27	1187,82
684,45	1148,91
684,64	1206,25
684,82	1159,15
685,01	1134,57
685,19	1191,92
685,38	1263,60
685,57	1189,87
685,75	1220,59
685,94	1189,87
686,12	1259,50
686,31	1161,20
686,49	1208,30
686,68	1163,25
686,86	1198,06
687,05	1200,11
687,23	1202,16
687,42	1163,25
687,60	1167,34
687,79	1157,10
687,97	1181,68
688,16	1189,87
688,34	1277,93
688,53	1239,02
688,71	1165,29
688,90	1204,21
689,08	1153,01
689,27	1171,44
689,45	1189,87
689,64	1253,36
689,82	1245,16
690,01	1251,31
690,19	1185,77
690,38	1220,59
690,56	1175,53
690,75	1153,01
690,93	1191,92
691,12	1239,02
691,30	1210,35
691,49	1198,06
691,67	1200,11
691,86	1220,59
692,04	1206,25
692,23	1179,63
692,41	1165,29
692,60	1191,92
692,78	1208,30
692,97	1208,30
693,15	1144,81
693,34	1191,92
693,52	1261,55
693,71	1206,25
693,89	1257,45
694,08	1169,39
694,26	1187,82
694,44	1200,11
694,63	1132,53
694,81	1208,30
695,00	1157,10
695,18	1198,06
695,37	1273,84
695,55	1232,88
695,74	1189,87
695,92	1239,02
696,10	1196,01
696,29	1163,25
696,47	1167,34
696,66	1208,30
696,84	1175,53
697,03	1267,69
697,21	1097,71
697,40	1232,88
697,58	1146,86
697,76	1103,86
697,95	1155,05
698,13	1216,49
698,32	1228,78
698,50	1124,33
698,68	1251,31
698,87	1220,59
699,05	1208,30
699,24	1175,53
699,42	1247,21
699,61	1232,88
699,79	1200,11
699,97	1224,69
700,16	1234,93
700,34	1196,01
700,53	1191,92
700,71	1071,09
700,89	1183,73
701,08	1167,34
701,26	1206,25
701,45	1183,73
701,63	1132,53
701,81	1206,25
702,00	1159,15
702,18	1179,63
702,37	1226,73
702,55	1208,30
702,73	1198,06
702,92	1234,93
703,10	1298,41
703,28	1142,77
703,47	1200,11
703,65	1185,77
703,84	1228,78
704,02	1234,93
704,20	1230,83
704,39	1206,25
704,57	1232,88
704,75	1181,68
704,94	1191,92
705,12	1198,06
705,30	1163,25
705,49	1198,06
705,67	1112,05
705,86	1265,64
706,04	1218,54
706,22	1136,62
706,41	1253,36
706,59	1234,93
706,77	1210,35
706,96	1189,87
707,14	1126,38
707,32	1220,59
707,51	1243,12
707,69	1171,44
707,87	1142,77
708,06	1198,06
708,24	1196,01
708,42	1200,11
708,61	1236,97
708,79	1196,01
708,97	1161,20
709,16	1241,07
709,34	1239,02
709,52	1167,34
709,71	1249,26
709,89	1216,49
710,07	1189,87
710,26	1208,30
710,44	1169,39
710,62	1116,14
710,80	1208,30
710,99	1153,01
711,17	1302,51
711,35	1222,64
711,54	1208,30
711,72	1148,91
711,90	1187,82
712,09	1234,93
712,27	1257,45
712,45	1181,68
712,63	1239,02
712,82	1157,10
713,00	1212,40
713,18	1226,73
713,37	1208,30
713,55	1161,20
713,73	1214,45
713,91	1243,12
714,10	1234,93
714,28	1314,80
714,46	1183,73
714,65	1241,07
714,83	1140,72
715,01	1265,64
715,19	1150,96
715,38	1236,97
715,56	1212,40
715,74	1157,10
715,92	1187,82
716,11	1228,78
716,29	1150,96
716,47	1173,49
716,65	1185,77
716,84	1155,05
717,02	1200,11
717,20	1165,29
717,38	1206,25
717,57	1284,08
717,75	1304,56
717,93	1181,68
718,11	1196,01
718,30	1165,29
718,48	1218,54
718,66	1200,11
718,84	1163,25
719,03	1200,11
719,21	1140,72
719,39	1239,02
719,57	1181,68
719,75	1189,87
719,94	1222,64
720,12	1161,20
720,30	1269,74
720,48	1212,40
720,67	1222,64
720,85	1210,35
721,03	1226,73
721,21	1218,54
721,39	1257,45
721,58	1177,58
721,76	1146,86
721,94	1171,44
722,12	1200,11
722,30	1110,00
722,49	1216,49
722,67	1290,22
722,85	1171,44
723,03	1122,29
723,21	1234,93
723,40	1273,84
723,58	1163,25
723,76	1167,34
723,94	1191,92
724,12	1183,73
724,30	1179,63
724,49	1228,78
724,67	1155,05
724,85	1142,77
725,03	1150,96
725,21	1167,34
725,40	1179,63
725,58	1187,82
725,76	1185,77
725,94	1218,54
726,12	1165,29
726,30	1245,16
726,49	1167,34
726,67	1218,54
726,85	1187,82
727,03	1134,57
727,21	1185,77
727,39	1159,15
727,57	1132,53
727,76	1204,21
727,94	1171,44
728,12	1228,78
728,30	1247,21
728,48	1161,20
728,66	1163,25
728,84	1208,30
729,03	1196,01
729,21	1249,26
729,39	1191,92
729,57	1153,01
729,75	1257,45
729,93	1236,97
730,11	1239,02
730,30	1224,69
730,48	1210,35
730,66	1220,59
730,84	1198,06
731,02	1232,88
731,20	1202,16
731,38	1177,58
731,56	1146,86
731,74	1196,01
731,93	1286,12
732,11	1155,05
732,29	1228,78
732,47	1216,49
732,65	1263,60
732,83	1140,72
733,01	1179,63
733,19	1175,53
733,37	1175,53
733,56	1157,10
733,74	1181,68
733,92	1101,81
734,10	1216,49
734,28	1181,68
734,46	1171,44
734,64	1187,82
734,82	1241,07
735,00	1187,82
735,18	1220,59
735,36	1118,19
735,54	1216,49
735,73	1222,64
735,91	1302,51
736,09	1163,25
736,27	1232,88
736,45	1165,29
736,63	1157,10
736,81	1187,82
736,99	1265,64
737,17	1210,35
737,35	1220,59
737,53	1265,64
737,71	1241,07
737,89	1146,86
738,07	1140,72
738,25	1171,44
738,43	1181,68
738,61	1187,82
738,80	1249,26
738,98	1138,67
739,16	1159,15
739,34	1159,15
739,52	1200,11
739,70	1161,20
739,88	1216,49
740,06	1175,53
740,24	1212,40
740,42	1212,40
740,60	1247,21
740,78	1187,82
740,96	1173,49
741,14	1175,53
741,32	1239,02
741,50	1200,11
741,68	1206,25
741,86	1193,97
742,04	1220,59
742,22	1273,84
742,40	1148,91
742,58	1220,59
742,76	1214,45
742,94	1208,30
743,12	1116,14
743,30	1165,29
743,48	1155,05
743,66	1183,73
743,84	1196,01
744,02	1189,87
744,20	1245,16
744,38	1202,16
744,56	1185,77
744,74	1165,29
744,92	1173,49
745,10	1218,54
745,28	1247,21
745,46	1222,64
745,64	1134,57
745,82	1239,02
746,00	1200,11
746,18	1206,25
746,36	1128,43
746,54	1210,35
746,72	1112,05
746,90	1171,44
747,08	1222,64
747,26	1218,54
747,44	1165,29
747,62	1181,68
747,80	1222,64
747,98	1232,88
748,15	1202,16
748,33	1241,07
748,51	1206,25
748,69	1226,73
748,87	1206,25
749,05	1128,43
749,23	1153,01
749,41	1146,86
749,59	1175,53
749,77	1218,54
749,95	1236,97
750,13	1202,16
750,31	1187,82
750,49	1282,03
750,67	1222,64
750,85	1247,21
751,03	1290,22
751,20	1200,11
751,38	1140,72
751,56	1196,01
751,74	1171,44
751,92	1146,86
752,10	1216,49
752,28	1132,53
752,46	1204,21
752,64	1134,57
752,82	1224,69
753,00	1189,87
753,18	1200,11
753,35	1216,49
753,53	1181,68
753,71	1122,29
753,89	1181,68
754,07	1196,01
754,25	1169,39
754,43	1138,67
754,61	1239,02
754,79	1243,12
754,97	1159,15
755,14	1265,64
755,32	1171,44
755,50	1150,96
755,68	1226,73
755,86	1136,62
756,04	1163,25
756,22	1142,77
756,40	1228,78
756,57	1232,88
756,75	1210,35
756,93	1216,49
757,11	1206,25
757,29	1126,38
757,47	1181,68
757,65	1144,81
757,82	1208,30
758,00	1191,92
758,18	1218,54
758,36	1179,63
758,54	1208,30
758,72	1230,83
758,90	1212,40
759,07	1185,77
759,25	1251,31
759,43	1153,01
759,61	1228,78
759,79	1222,64
759,97	1224,69
760,15	1224,69
760,32	1212,40
760,50	1163,25
760,68	1140,72
760,86	1204,21
761,04	1277,93
761,22	1187,82
761,39	1193,97
761,57	1241,07
761,75	1214,45
761,93	1128,43
762,11	1208,30
762,28	1302,51
762,46	1191,92
762,64	1208,30
762,82	1169,39
763,00	1263,60
763,18	1220,59
763,35	1204,21
763,53	1134,57
763,71	1214,45
763,89	1257,45
764,07	1228,78
764,24	1173,49
764,42	1208,30
764,60	1216,49
764,78	1189,87
764,96	1241,07
765,13	1177,58
765,31	1175,53
765,49	1212,40
765,67	1263,60
765,84	1071,09
766,02	1288,17
766,20	1218,54
766,38	1173,49
766,56	1126,38
766,73	1144,81
766,91	1148,91
767,09	1212,40
767,27	1173,49
767,44	1234,93
767,62	1179,63
767,80	1243,12
767,98	1255,40
768,15	1116,14
768,33	1220,59
768,51	1140,72
768,69	1208,30
768,87	1093,62
769,04	1138,67
769,22	1224,69
769,40	1177,58
769,58	1206,25
769,75	1232,88
769,93	1157,10
770,11	1234,93
770,28	1144,81
770,46	1202,16
770,64	1208,30
770,82	1222,64
770,99	1198,06
771,17	1214,45
771,35	1220,59
771,53	1138,67
771,70	1218,54
771,88	1228,78
772,06	1239,02
772,23	1220,59
772,41	1232,88
772,59	1187,82
772,77	1187,82
772,94	1179,63
773,12	1212,40
773,30	1226,73
773,47	1255,40
773,65	1163,25
773,83	1224,69
774,01	1091,57
774,18	1171,44
774,36	1173,49
774,54	1216,49
774,71	1210,35
774,89	1200,11
775,07	1159,15
775,24	1249,26
775,42	1167,34
775,60	1165,29
775,78	1275,88
775,95	1177,58
776,13	1181,68
776,31	1279,98
776,48	1212,40
776,66	1271,79
776,84	1193,97
777,01	1167,34
777,19	1173,49
777,37	1212,40
777,54	1224,69
777,72	1193,97
777,90	1191,92
778,07	1136,62
778,25	1159,15
778,43	1171,44
778,60	1138,67
778,78	1212,40
778,96	1216,49
779,13	1132,53
779,31	1196,01
779,49	1161,20
779,66	1232,88
779,84	1165,29
780,01	1208,30
780,19	1200,11
780,37	1159,15
780,54	1222,64
780,72	1220,59
780,90	1148,91
781,07	1222,64
781,25	1163,25
781,43	1181,68
781,60	1175,53
781,78	1183,73
781,95	1107,95
782,13	1122,29
782,31	1128,43
782,48	1138,67
782,66	1159,15
782,83	1200,11
783,01	1146,86
783,19	1232,88
783,36	1181,68
783,54	1171,44
783,72	1185,77
783,89	1224,69
784,07	1134,57
784,24	1214,45
784,42	1183,73
784,60	1265,64
784,77	1159,15
784,95	1263,60
785,12	1232,88
785,30	1155,05
785,47	1187,82
785,65	1191,92
785,83	1181,68
786,00	1208,30
786,18	1155,05
786,35	1165,29
786,53	1208,30
786,71	1275,88
786,88	1245,16
787,06	1179,63
787,23	1196,01
787,41	1220,59
787,58	1265,64
787,76	1183,73
787,94	1181,68
788,11	1142,77
788,29	1183,73
788,46	1146,86
788,64	1206,25
788,81	1249,26
788,99	1161,20
789,16	1175,53
789,34	1193,97
789,52	1230,83
789,69	1249,26
789,87	1157,10
790,04	1122,29
790,22	1290,22
790,39	1204,21
790,57	1224,69
790,74	1148,91
790,92	1165,29
791,09	1251,31
791,27	1153,01
791,44	1206,25
791,62	1202,16
791,79	1198,06
791,97	1189,87
792,15	1216,49
792,32	1175,53
792,50	1155,05
792,67	1210,35
792,85	1224,69
793,02	1236,97
793,20	1185,77
793,37	1214,45
793,55	1206,25
793,72	1212,40
793,90	1175,53
794,07	1155,05
794,25	1191,92
794,42	1177,58
794,60	1161,20
794,77	1185,77
794,95	1167,34
795,12	1161,20
795,30	1161,20
795,47	1202,16
795,65	1179,63
795,82	1200,11
796,00	1200,11
796,17	1155,05
796,34	1267,69
796,52	1187,82
796,69	1187,82
796,87	1189,87
797,04	1165,29
797,22	1163,25
797,39	1173,49
797,57	1191,92
797,74	1200,11
797,92	1220,59
798,09	1144,81
798,27	1204,21
798,44	1157,10
798,62	1187,82
798,79	1134,57
798,96	1159,15
799,14	1173,49
799,31	1282,03
799,49	1163,25
799,66	1187,82
799,84	1173,49
800,01	1243,12
800,19	1181,68
800,36	1202,16
800,53	1216,49
800,71	1193,97
800,88	1241,07
801,06	1138,67
801,23	1181,68
801,41	1142,77
801,58	1196,01
801,75	1187,82
801,93	1282,03
802,10	1148,91
802,28	1167,34
802,45	1257,45
802,63	1263,60
802,80	1155,05
802,97	1214,45
803,15	1277,93
803,32	1163,25
803,50	1107,95
803,67	1142,77
803,84	1157,10
804,02	1124,33
804,19	1204,21
804,37	1126,38
804,54	1183,73
804,71	1198,06
804,89	1148,91
805,06	1222,64
805,24	1286,12
805,41	1179,63
805,58	1222,64
805,76	1179,63
805,93	1155,05
806,10	1167,34
806,28	1171,44
806,45	1239,02
806,63	1183,73
806,80	1183,73
806,97	1261,55
807,15	1210,35
807,32	1185,77
807,49	1216,49
807,67	1193,97
807,84	1196,01
808,01	1228,78
808,19	1179,63
808,36	1279,98
808,54	1214,45
808,71	1204,21
808,88	1257,45
809,06	1224,69
809,23	1163,25
809,40	1161,20
809,58	1198,06
809,75	1241,07
809,92	1224,69
810,10	1189,87
810,27	1206,25
810,44	1175,53
810,62	1140,72
810,79	1236,97
810,96	1220,59
811,14	1171,44
811,31	1175,53
811,48	1212,40
811,66	1134,57
811,83	1140,72
812,00	1228,78
812,18	1142,77
812,35	1212,40
812,52	1257,45
812,69	1234,93
812,87	1202,16
813,04	1245,16
813,21	1196,01
813,39	1110,00
813,56	1214,45
813,73	1222,64
813,91	1220,59
814,08	1155,05
814,25	1148,91
814,42	1232,88
814,60	1216,49
814,77	1107,95
814,94	1202,16
815,12	1230,83
815,29	1214,45
815,46	1220,59
815,63	1173,49
815,81	1220,59
815,98	1140,72
816,15	1214,45
816,33	1161,20
816,50	1196,01
816,67	1136,62
816,84	1251,31
817,02	1165,29
817,19	1175,53
817,36	1159,15
817,53	1191,92
817,71	1249,26
817,88	1175,53
818,05	1222,64
818,22	1167,34
818,40	1187,82
818,57	1208,30
818,74	1175,53
818,91	1245,16
819,09	1218,54
819,26	1257,45
819,43	1183,73
819,60	1210,35
819,78	1253,36
819,95	1171,44
820,12	1173,49
820,29	1210,35
820,47	1167,34
820,64	1247,21
820,81	1212,40
820,98	1175,53
821,15	1150,96
821,33	1183,73
821,50	1249,26
821,67	1253,36
821,84	1187,82
822,02	1222,64
822,19	1191,92
822,36	1200,11
822,53	1200,11
822,70	1269,74
822,88	1257,45
823,05	1286,12
823,22	1142,77
823,39	1200,11
823,56	1208,30
823,74	1159,15
823,91	1202,16
824,08	1226,73
824,25	1171,44
824,42	1193,97
824,60	1169,39
824,77	1193,97
824,94	1189,87
825,11	1208,30
825,28	1130,48
825,45	1239,02
825,63	1142,77
825,80	1175,53
825,97	1222,64
826,14	1206,25
826,31	1155,05
826,48	1157,10
826,66	1175,53
826,83	1153,01
827,00	1191,92
827,17	1236,97
827,34	1277,93
827,51	1175,53
827,69	1200,11
827,86	1245,16
828,03	1261,55
828,20	1146,86
828,37	1216,49
828,54	1208,30
828,71	1228,78
828,89	1251,31
829,06	1228,78
829,23	1185,77
829,40	1196,01
829,57	1204,21
829,74	1218,54
829,91	1241,07
830,09	1212,40
830,26	1241,07
830,43	1275,88
830,60	1273,84
830,77	1214,45
830,94	1222,64
831,11	1202,16
831,28	1165,29
831,46	1165,29
831,63	1189,87
831,80	1163,25
831,97	1171,44
832,14	1210,35
832,31	1179,63
832,48	1187,82
832,65	1208,30
832,82	1175,53
832,99	1212,40
833,17	1232,88
833,34	1153,01
833,51	1179,63
833,68	1271,79
833,85	1216,49
834,02	1157,10
834,19	1138,67
834,36	1189,87
834,53	1218,54
834,70	1167,34
834,87	1183,73
835,04	1196,01
835,22	1163,25
835,39	1206,25
835,56	1191,92
835,73	1218,54
835,90	1163,25
836,07	1210,35
836,24	1187,82
836,41	1193,97
836,58	1191,92
836,75	1183,73
836,92	1210,35
837,09	1263,60
837,26	1161,20
837,43	1171,44
837,60	1179,63
837,77	1232,88
837,94	1153,01
838,12	1146,86
838,29	1249,26
838,46	1128,43
838,63	1265,64
838,80	1128,43
838,97	1159,15
839,14	1191,92
839,31	1157,10
839,48	1173,49
839,65	1191,92
839,82	1191,92
839,99	1232,88
840,16	1212,40
840,33	1234,93
840,50	1185,77
840,67	1241,07
840,84	1239,02
841,01	1189,87
841,18	1138,67
841,35	1261,55
841,52	1265,64
841,69	1161,20
841,86	1161,20
842,03	1159,15
842,20	1261,55
842,37	1187,82
842,54	1142,77
842,71	1216,49
842,88	1245,16
843,05	1189,87
843,22	1247,21
843,39	1183,73
843,56	1224,69
843,73	1196,01
843,90	1122,29
844,07	1228,78
844,24	1263,60
844,41	1144,81
844,58	1181,68
844,75	1185,77
844,92	1146,86
845,09	1218,54
845,26	1173,49
845,43	1257,45
845,60	1277,93
845,77	1134,57
845,94	1202,16
846,10	1132,53
846,27	1165,29
846,44	1148,91
846,61	1173,49
846,78	1249,26
846,95	1118,19
847,12	1206,25
847,29	1218,54
847,46	1193,97
847,63	1255,40
847,80	1200,11
847,97	1245,16
848,14	1189,87
848,31	1165,29
848,48	1265,64
848,65	1173,49
848,82	1226,73
848,98	1257,45
849,15	1155,05
849,32	1198,06
849,49	1228,78
849,66	1142,77
849,83	1216,49
850,00	1208,30
850,17	1243,12
850,34	1183,73
850,51	1144,81
850,68	1200,11
850,85	1173,49
851,01	1148,91
851,18	1181,68
851,35	1255,40
851,52	1245,16
851,69	1189,87
851,86	1263,60
852,03	1200,11
852,20	1239,02
852,37	1179,63
852,53	1241,07
852,70	1198,06
852,87	1193,97
853,04	1234,93
853,21	1150,96
853,38	1208,30
853,55	1202,16
853,72	1232,88
853,89	1177,58
854,05	1198,06
854,22	1187,82
854,39	1187,82
854,56	1210,35
854,73	1165,29
854,90	1218,54
855,07	1187,82
855,23	1267,69
855,40	1179,63
855,57	1155,05
855,74	1181,68
855,91	1220,59
856,08	1198,06
856,25	1251,31
856,41	1232,88
856,58	1179,63
856,75	1177,58
856,92	1198,06
857,09	1200,11
857,26	1138,67
857,42	1159,15
857,59	1247,21
857,76	1155,05
857,93	1206,25
858,10	1177,58
858,27	1159,15
858,43	1185,77
858,60	1243,12
858,77	1222,64
858,94	1214,45
859,11	1236,97
859,27	1210,35
859,44	1136,62
859,61	1155,05
859,78	1239,02
859,95	1224,69
860,12	1249,26
860,28	1224,69
860,45	1189,87
860,62	1155,05
860,79	1161,20
860,95	1230,83
861,12	1101,81
861,29	1159,15
861,46	1181,68
861,63	1259,50
861,79	1204,21
861,96	1179,63
862,13	1208,30
862,30	1230,83
862,47	1269,74
862,63	1282,03
862,80	1236,97
862,97	1198,06
863,14	1202,16
863,30	1200,11
863,47	1196,01
863,64	1251,31
863,81	1200,11
863,97	1216,49
864,14	1155,05
864,31	1208,30
864,48	1204,21
864,65	1146,86
864,81	1167,34
864,98	1234,93
865,15	1218,54
865,32	1198,06
865,48	1200,11
865,65	1218,54
865,82	1150,96
865,98	1245,16
866,15	1212,40
866,32	1173,49
866,49	1191,92
866,65	1220,59
866,82	1228,78
866,99	1122,29
867,16	1216,49
867,32	1206,25
867,49	1216,49
867,66	1202,16
867,83	1196,01
867,99	1105,90
868,16	1304,56
868,33	1222,64
868,49	1212,40
868,66	1140,72
868,83	1171,44
868,99	1202,16
869,16	1202,16
869,33	1187,82
869,50	1286,12
869,66	1183,73
869,83	1232,88
870,00	1204,21
870,16	1157,10
870,33	1189,87
870,50	1196,01
870,66	1269,74
870,83	1146,86
871,00	1249,26
871,17	1175,53
871,33	1249,26
871,50	1191,92
871,67	1183,73
871,83	1183,73
872,00	1214,45
872,17	1208,30
872,33	1239,02
872,50	1214,45
872,67	1163,25
872,83	1179,63
873,00	1132,53
873,17	1196,01
873,33	1187,82
873,50	1155,05
873,67	1173,49
873,83	1202,16
874,00	1185,77
874,16	1216,49
874,33	1208,30
874,50	1155,05
874,66	1239,02
874,83	1261,55
875,00	1134,57
875,16	1226,73
875,33	1191,92
875,50	1208,30
875,66	1187,82
875,83	1163,25
875,99	1218,54
876,16	1243,12
876,33	1202,16
876,49	1150,96
876,66	1169,39
876,83	1175,53
876,99	1159,15
877,16	1161,20
877,32	1265,64
877,49	1153,01
877,66	1226,73
877,82	1206,25
877,99	1087,47
878,15	1243,12
878,32	1177,58
878,49	1191,92
878,65	1204,21
878,82	1126,38
878,98	1159,15
879,15	1087,47
879,32	1189,87
879,48	1204,21
879,65	1183,73
879,81	1175,53
879,98	1204,21
880,15	1144,81
880,31	1226,73
880,48	1243,12
880,64	1236,97
880,81	1216,49
880,97	1193,97
881,14	1163,25
881,31	1171,44
881,47	1259,50
881,64	1208,30
881,80	1130,48
881,97	1214,45
882,13	1224,69
882,30	1155,05
882,47	1232,88
882,63	1179,63
882,80	1189,87
882,96	1218,54
883,13	1187,82
883,29	1206,25
883,46	1208,30
883,62	1193,97
883,79	1159,15
883,95	1171,44
884,12	1249,26
884,29	1234,93
884,45	1200,11
884,62	1286,12
884,78	1148,91
884,95	1183,73
885,11	1198,06
885,28	1198,06
885,44	1181,68
885,61	1191,92
885,77	1208,30
885,94	1193,97
886,10	1224,69
886,27	1220,59
886,43	1155,05
886,60	1234,93
886,76	1241,07
886,93	1228,78
887,09	1216,49
887,26	1251,31
887,42	1175,53
887,59	1226,73
887,75	1210,35
887,92	1112,05
888,08	1198,06
888,25	1193,97
888,41	1198,06
888,58	1210,35
888,74	1204,21
888,91	1187,82
