177,47	1130,48
177,69	1130,48
177,91	1130,48
178,13	1210,35
178,36	1206,25
178,58	1173,49
178,80	1222,64
179,02	1142,77
179,24	1099,76
179,46	1177,58
179,68	1200,11
179,90	1175,53
180,13	1181,68
180,35	1134,57
180,57	1138,67
180,79	1236,97
181,01	1189,87
181,23	1191,92
181,45	1155,05
181,67	1230,83
181,90	1187,82
182,12	1189,87
182,34	1193,97
182,56	1224,69
182,78	1185,77
183,00	1144,81
183,22	1181,68
183,44	1101,81
183,66	1224,69
183,89	1191,92
184,11	1155,05
184,33	1206,25
184,55	1216,49
184,77	1163,25
184,99	1220,59
185,21	1200,11
185,43	1181,68
185,65	1196,01
185,87	1167,34
186,10	1179,63
186,32	1198,06
186,54	1220,59
186,76	1206,25
186,98	1204,21
187,20	1171,44
187,42	1173,49
187,64	1200,11
187,86	1196,01
188,08	1220,59
188,30	1210,35
188,52	1146,86
188,75	1159,15
188,97	1265,64
189,19	1140,72
189,41	1171,44
189,63	1220,59
189,85	1191,92
190,07	1144,81
190,29	1169,39
190,51	1189,87
190,73	1134,57
190,95	1183,73
191,17	1179,63
191,39	1271,79
191,61	1148,91
191,84	1163,25
192,06	1218,54
192,28	1183,73
192,50	1189,87
192,72	1185,77
192,94	1183,73
193,16	1165,29
193,38	1196,01
193,60	1257,45
193,82	1175,53
194,04	1218,54
194,26	1200,11
194,48	1171,44
194,70	1241,07
194,92	1226,73
195,14	1161,20
195,36	1120,24
195,58	1234,93
195,80	1163,25
196,02	1161,20
196,24	1206,25
196,46	1218,54
196,69	1155,05
196,91	1189,87
197,13	1175,53
197,35	1234,93
197,57	1234,93
197,79	1183,73
198,01	1230,83
198,23	1239,02
198,45	1200,11
198,67	1144,81
198,89	1173,49
199,11	1208,30
199,33	1208,30
199,55	1210,35
199,77	1200,11
199,99	1226,73
200,21	1169,39
200,43	1198,06
200,65	1150,96
200,87	1179,63
201,09	1163,25
201,31	1208,30
201,53	1208,30
201,75	1171,44
201,97	1177,58
202,19	1167,34
202,41	1212,40
202,63	1165,29
202,85	1175,53
203,07	1212,40
203,29	1181,68
203,51	1173,49
203,73	1181,68
203,95	1138,67
204,17	1169,39
204,39	1144,81
204,61	1206,25
204,83	1210,35
205,05	1132,53
205,27	1245,16
205,49	1214,45
205,71	1136,62
205,93	1185,77
206,15	1157,10
206,37	1224,69
206,59	1236,97
206,81	1142,77
207,03	1136,62
207,25	1218,54
207,47	1245,16
207,69	1196,01
207,91	1150,96
208,13	1202,16
208,34	1224,69
208,56	1212,40
208,78	1247,21
209,00	1200,11
209,22	1255,40
209,44	1114,10
209,66	1159,15
209,88	1157,10
210,10	1150,96
210,32	1175,53
210,54	1267,69
210,76	1187,82
210,98	1097,71
211,20	1245,16
211,42	1204,21
211,64	1185,77
211,86	1163,25
212,08	1142,77
212,30	1210,35
212,52	1196,01
212,74	1212,40
212,96	1277,93
213,17	1087,47
213,39	1232,88
213,61	1265,64
213,83	1198,06
214,05	1216,49
214,27	1191,92
214,49	1265,64
214,71	1214,45
214,93	1214,45
215,15	1206,25
215,37	1226,73
215,59	1173,49
215,81	1155,05
216,03	1157,10
216,24	1290,22
216,46	1185,77
216,68	1230,83
216,90	1187,82
217,12	1177,58
217,34	1163,25
217,56	1204,21
217,78	1228,78
218,00	1222,64
218,22	1193,97
218,44	1202,16
218,66	1224,69
218,87	1216,49
219,09	1112,05
219,31	1150,96
219,53	1191,92
219,75	1155,05
219,97	1261,55
220,19	1273,84
220,41	1146,86
220,63	1216,49
220,85	1163,25
221,06	1198,06
221,28	1185,77
221,50	1239,02
221,72	1167,34
221,94	1220,59
222,16	1208,30
222,38	1165,29
222,60	1167,34
222,82	1208,30
223,03	1189,87
223,25	1216,49
223,47	1247,21
223,69	1183,73
223,91	1191,92
224,13	1212,40
224,35	1187,82
224,57	1181,68
224,78	1193,97
225,00	1165,29
225,22	1138,67
225,44	1161,20
225,66	1181,68
225,88	1169,39
226,10	1226,73
226,32	1212,40
226,53	1177,58
226,75	1214,45
226,97	1202,16
227,19	1228,78
227,41	1210,35
227,63	1189,87
227,85	1196,01
228,06	1222,64
228,28	1099,76
228,50	1230,83
228,72	1097,71
228,94	1157,10
229,16	1189,87
229,37	1187,82
229,59	1241,07
229,81	1247,21
230,03	1181,68
230,25	1159,15
230,47	1218,54
230,69	1206,25
230,90	1136,62
231,12	1196,01
231,34	1161,20
231,56	1157,10
231,78	1183,73
232,00	1112,05
232,21	1183,73
232,43	1187,82
232,65	1185,77
232,87	1200,11
233,09	1163,25
233,30	1245,16
233,52	1214,45
233,74	1148,91
233,96	1185,77
234,18	1216,49
234,40	1183,73
234,61	1241,07
234,83	1191,92
235,05	1214,45
235,27	1234,93
235,49	1232,88
235,70	1218,54
235,92	1167,34
236,14	1210,35
236,36	1183,73
236,58	1198,06
236,79	1185,77
237,01	1218,54
237,23	1191,92
237,45	1169,39
237,67	1232,88
237,88	1167,34
238,10	1114,10
238,32	1191,92
238,54	1251,31
238,76	1212,40
238,97	1179,63
239,19	1202,16
239,41	1255,40
239,63	1277,93
239,85	1175,53
240,06	1179,63
240,28	1185,77
240,50	1175,53
240,72	1279,98
240,93	1189,87
241,15	1163,25
241,37	1290,22
241,59	1269,74
241,81	1153,01
242,02	1220,59
242,24	1169,39
242,46	1206,25
242,68	1153,01
242,89	1232,88
243,11	1114,10
243,33	1155,05
243,55	1200,11
243,76	1196,01
243,98	1216,49
244,20	1206,25
244,42	1187,82
244,64	1204,21
244,85	1179,63
245,07	1216,49
245,29	1185,77
245,51	1196,01
245,72	1245,16
245,94	1157,10
246,16	1101,81
246,38	1153,01
246,59	1202,16
246,81	1214,45
247,03	1179,63
247,24	1155,05
247,46	1144,81
247,68	1146,86
247,90	1206,25
248,11	1132,53
248,33	1218,54
248,55	1255,40
248,77	1200,11
248,98	1230,83
249,20	1148,91
249,42	1177,58
249,64	1269,74
249,85	1187,82
250,07	1171,44
250,29	1241,07
250,50	1251,31
250,72	1142,77
250,94	1150,96
251,16	1253,36
251,37	1191,92
251,59	1245,16
251,81	1107,95
252,02	1191,92
252,24	1216,49
252,46	1183,73
252,68	1220,59
252,89	1191,92
253,11	1183,73
253,33	1247,21
253,54	1241,07
253,76	1179,63
253,98	1241,07
254,20	1218,54
254,41	1171,44
254,63	1208,30
254,85	1245,16
255,06	1196,01
255,28	1247,21
255,50	1179,63
255,71	1218,54
255,93	1236,97
256,15	1212,40
256,36	1169,39
256,58	1159,15
256,80	1161,20
257,02	1218,54
257,23	1253,36
257,45	1196,01
257,67	1181,68
257,88	1208,30
258,10	1202,16
258,32	1224,69
258,53	1189,87
258,75	1253,36
258,97	1142,77
259,18	1189,87
259,40	1105,90
259,62	1279,98
259,83	1169,39
260,05	1214,45
260,27	1179,63
260,48	1247,21
260,70	1157,10
260,92	1185,77
261,13	1183,73
261,35	1159,15
261,57	1232,88
261,78	1126,38
262,00	1167,34
262,22	1247,21
262,43	1286,12
262,65	1167,34
262,86	1136,62
263,08	1271,79
263,30	1130,48
263,51	1208,30
263,73	1255,40
263,95	1177,58
264,16	1118,19
264,38	1189,87
264,60	1124,33
264,81	1286,12
265,03	1142,77
265,25	1150,96
265,46	1265,64
265,68	1202,16
265,89	1247,21
266,11	1179,63
266,33	1251,31
266,54	1226,73
266,76	1198,06
266,98	1212,40
267,19	1175,53
267,41	1155,05
267,62	1218,54
267,84	1175,53
268,06	1159,15
268,27	1200,11
268,49	1175,53
268,70	1159,15
268,92	1202,16
269,14	1202,16
269,35	1196,01
269,57	1253,36
269,79	1200,11
270,00	1230,83
270,22	1232,88
270,43	1150,96
270,65	1214,45
270,87	1134,57
271,08	1222,64
271,30	1142,77
271,51	1208,30
271,73	1191,92
271,95	1173,49
272,16	1144,81
272,38	1148,91
272,59	1136,62
272,81	1191,92
273,02	1193,97
273,24	1183,73
273,46	1234,93
273,67	1222,64
273,89	1245,16
274,10	1191,92
274,32	1228,78
274,54	1177,58
274,75	1163,25
274,97	1144,81
275,18	1142,77
275,40	1232,88
275,61	1173,49
275,83	1167,34
276,05	1198,06
276,26	1208,30
276,48	1181,68
276,69	1222,64
276,91	1236,97
277,12	1198,06
277,34	1169,39
277,55	1228,78
277,77	1177,58
277,99	1208,30
278,20	1132,53
278,42	1155,05
278,63	1153,01
278,85	1204,21
279,06	1179,63
279,28	1214,45
279,49	1275,88
279,71	1247,21
279,93	1167,34
280,14	1181,68
280,36	1243,12
280,57	1161,20
280,79	1204,21
281,00	1196,01
281,22	1243,12
281,43	1239,02
281,65	1153,01
281,86	1185,77
282,08	1136,62
282,29	1161,20
282,51	1173,49
282,73	1193,97
282,94	1232,88
283,16	1212,40
283,37	1239,02
283,59	1243,12
283,80	1236,97
284,02	1181,68
284,23	1179,63
284,45	1204,21
284,66	1187,82
284,88	1220,59
285,09	1185,77
285,31	1169,39
285,52	1187,82
285,74	1232,88
285,95	1167,34
286,17	1208,30
286,38	1183,73
286,60	1155,05
286,81	1228,78
287,03	1193,97
287,24	1128,43
287,46	1175,53
287,67	1251,31
287,89	1208,30
288,10	1146,86
288,32	1206,25
288,53	1150,96
288,75	1175,53
288,96	1208,30
289,18	1169,39
289,39	1212,40
289,61	1183,73
289,82	1157,10
290,04	1181,68
290,25	1173,49
290,47	1222,64
290,68	1198,06
290,90	1245,16
291,11	1198,06
291,33	1200,11
291,54	1157,10
291,76	1220,59
291,97	1177,58
292,18	1200,11
292,40	1167,34
292,61	1236,97
292,83	1177,58
293,04	1175,53
293,26	1155,05
293,47	1196,01
293,69	1181,68
293,90	1173,49
294,12	1159,15
294,33	1265,64
294,55	1241,07
294,76	1150,96
294,97	1222,64
295,19	1196,01
295,40	1138,67
295,62	1193,97
295,83	1251,31
296,05	1173,49
296,26	1150,96
296,48	1239,02
296,69	1181,68
296,90	1187,82
297,12	1148,91
297,33	1204,21
297,55	1167,34
297,76	1200,11
297,98	1130,48
298,19	1222,64
298,41	1249,26
298,62	1200,11
298,83	1155,05
299,05	1148,91
299,26	1175,53
299,48	1142,77
299,69	1224,69
299,90	1218,54
300,12	1210,35
300,33	1208,30
300,55	1259,50
300,76	1189,87
300,98	1196,01
301,19	1247,21
301,40	1191,92
301,62	1232,88
301,83	1224,69
302,05	1257,45
302,26	1179,63
302,47	1177,58
302,69	1105,90
302,90	1173,49
303,12	1142,77
303,33	1161,20
303,54	1200,11
303,76	1128,43
303,97	1153,01
304,19	1120,24
304,40	1222,64
304,61	1210,35
304,83	1218,54
305,04	1214,45
305,26	1118,19
305,47	1118,19
305,68	1110,00
305,90	1157,10
306,11	1150,96
306,33	1163,25
306,54	1163,25
306,75	1210,35
306,97	1202,16
307,18	1236,97
307,39	1214,45
307,61	1163,25
307,82	1204,21
308,04	1251,31
308,25	1196,01
308,46	1196,01
308,68	1230,83
308,89	1236,97
309,10	1150,96
309,32	1161,20
309,53	1183,73
309,74	1157,10
309,96	1210,35
310,17	1228,78
310,39	1224,69
310,60	1208,30
310,81	1218,54
311,03	1200,11
311,24	1191,92
311,45	1132,53
311,67	1216,49
311,88	1144,81
312,09	1177,58
312,31	1171,44
312,52	1165,29
312,73	1140,72
312,95	1183,73
313,16	1183,73
313,37	1208,30
313,59	1191,92
313,80	1187,82
314,01	1226,73
314,23	1269,74
314,44	1122,29
314,65	1150,96
314,87	1150,96
315,08	1159,15
315,29	1214,45
315,51	1239,02
315,72	1144,81
315,93	1263,60
316,15	1251,31
316,36	1202,16
316,57	1247,21
316,79	1226,73
317,00	1216,49
317,21	1200,11
317,43	1208,30
317,64	1216,49
317,85	1179,63
318,07	1134,57
318,28	1218,54
318,49	1146,86
318,70	1198,06
318,92	1165,29
319,13	1165,29
319,34	1218,54
319,56	1095,66
319,77	1165,29
319,98	1220,59
320,20	1191,92
320,41	1239,02
320,62	1187,82
320,83	1177,58
321,05	1253,36
321,26	1138,67
321,47	1169,39
321,69	1189,87
321,90	1214,45
322,11	1277,93
322,32	1167,34
322,54	1228,78
322,75	1161,20
322,96	1153,01
323,18	1138,67
323,39	1241,07
323,60	1249,26
323,81	1261,55
324,03	1200,11
324,24	1183,73
324,45	1230,83
324,66	1169,39
324,88	1208,30
325,09	1181,68
325,30	1173,49
325,52	1142,77
325,73	1222,64
325,94	1171,44
326,15	1202,16
326,37	1191,92
326,58	1196,01
326,79	1155,05
327,00	1159,15
327,22	1120,24
327,43	1191,92
327,64	1196,01
327,85	1253,36
328,07	1218,54
328,28	1173,49
328,49	1218,54
328,70	1165,29
328,92	1241,07
329,13	1140,72
329,34	1206,25
329,55	1150,96
329,76	1208,30
329,98	1214,45
330,19	1200,11
330,40	1249,26
330,61	1212,40
330,83	1177,58
331,04	1122,29
331,25	1130,48
331,46	1105,90
331,68	1159,15
331,89	1198,06
332,10	1177,58
332,31	1159,15
332,52	1279,98
332,74	1226,73
332,95	1198,06
333,16	1175,53
333,37	1130,48
333,58	1216,49
333,80	1245,16
334,01	1241,07
334,22	1146,86
334,43	1183,73
334,64	1200,11
334,86	1214,45
335,07	1179,63
335,28	1228,78
335,49	1218,54
335,70	1148,91
335,92	1230,83
336,13	1257,45
336,34	1187,82
336,55	1288,17
336,76	1171,44
336,98	1224,69
337,19	1171,44
337,40	1265,64
337,61	1214,45
337,82	1148,91
338,04	1228,78
338,25	1179,63
338,46	1161,20
338,67	1179,63
338,88	1163,25
339,09	1196,01
339,31	1153,01
339,52	1206,25
339,73	1179,63
339,94	1236,97
340,15	1153,01
340,36	1212,40
340,58	1245,16
340,79	1179,63
341,00	1159,15
341,21	1259,50
341,42	1163,25
341,63	1196,01
341,85	1208,30
342,06	1122,29
342,27	1171,44
342,48	1153,01
342,69	1169,39
342,90	1251,31
343,12	1157,10
343,33	1204,21
343,54	1138,67
343,75	1155,05
343,96	1306,60
344,17	1208,30
344,38	1171,44
344,60	1275,88
344,81	1093,62
345,02	1232,88
345,23	1155,05
345,44	1169,39
345,65	1153,01
345,86	1155,05
346,07	1173,49
346,29	1187,82
346,50	1177,58
346,71	1218,54
346,92	1148,91
347,13	1222,64
347,34	1142,77
347,55	1179,63
347,76	1171,44
347,98	1157,10
348,19	1167,34
348,40	1134,57
348,61	1153,01
348,82	1208,30
349,03	1200,11
349,24	1224,69
349,45	1114,10
349,66	1153,01
349,88	1163,25
350,09	1247,21
350,30	1200,11
350,51	1183,73
350,72	1224,69
350,93	1236,97
351,14	1191,92
351,35	1159,15
351,56	1138,67
351,77	1249,26
351,99	1204,21
352,20	1189,87
352,41	1173,49
352,62	1159,15
352,83	1200,11
353,04	1220,59
353,25	1196,01
353,46	1257,45
353,67	1224,69
353,88	1161,20
354,09	1177,58
354,30	1187,82
354,52	1179,63
354,73	1273,84
354,94	1138,67
355,15	1171,44
355,36	1183,73
355,57	1228,78
355,78	1144,81
355,99	1118,19
356,20	1239,02
356,41	1245,16
356,62	1245,16
356,83	1198,06
357,04	1204,21
357,25	1193,97
357,46	1193,97
357,68	1173,49
357,89	1155,05
358,10	1216,49
358,31	1241,07
358,52	1216,49
358,73	1177,58
358,94	1200,11
359,15	1185,77
359,36	1294,32
359,57	1196,01
359,78	1200,11
359,99	1175,53
360,20	1177,58
360,41	1196,01
360,62	1216,49
360,83	1124,33
361,04	1263,60
361,25	1134,57
361,46	1210,35
361,67	1185,77
361,88	1155,05
362,09	1222,64
362,30	1187,82
362,51	1232,88
362,72	1208,30
362,93	1210,35
363,14	1210,35
363,35	1216,49
363,56	1222,64
363,78	1159,15
363,99	1159,15
364,20	1196,01
364,41	1263,60
364,62	1208,30
364,83	1163,25
365,04	1189,87
365,25	1144,81
365,46	1208,30
365,67	1193,97
365,88	1196,01
366,09	1214,45
366,30	1183,73
366,51	1150,96
366,72	1212,40
366,93	1183,73
367,14	1183,73
367,35	1191,92
367,56	1236,97
367,77	1146,86
367,98	1251,31
368,18	1179,63
368,39	1196,01
368,60	1175,53
368,81	1247,21
369,02	1191,92
369,23	1193,97
369,44	1249,26
369,65	1212,40
369,86	1216,49
370,07	1236,97
370,28	1208,30
370,49	1179,63
370,70	1153,01
370,91	1212,40
371,12	1228,78
371,33	1210,35
371,54	1204,21
371,75	1150,96
371,96	1216,49
372,17	1196,01
372,38	1085,42
372,59	1169,39
372,80	1181,68
373,01	1140,72
373,22	1157,10
373,43	1202,16
373,64	1185,77
373,85	1214,45
374,06	1193,97
374,26	1236,97
374,47	1165,29
374,68	1177,58
374,89	1241,07
375,10	1171,44
375,31	1189,87
375,52	1218,54
375,73	1222,64
375,94	1218,54
376,15	1167,34
376,36	1206,25
376,57	1204,21
376,78	1196,01
376,99	1171,44
377,20	1157,10
377,40	1157,10
377,61	1200,11
377,82	1198,06
378,03	1210,35
378,24	1175,53
378,45	1265,64
378,66	1228,78
378,87	1179,63
379,08	1230,83
379,29	1177,58
379,50	1212,40
379,71	1179,63
379,91	1220,59
380,12	1218,54
380,33	1175,53
380,54	1185,77
380,75	1157,10
380,96	1130,48
381,17	1193,97
381,38	1101,81
381,59	1200,11
381,80	1232,88
382,00	1222,64
382,21	1185,77
382,42	1179,63
382,63	1253,36
382,84	1130,48
383,05	1169,39
383,26	1234,93
383,47	1220,59
383,68	1206,25
383,88	1128,43
384,09	1175,53
384,30	1265,64
384,51	1191,92
384,72	1185,77
384,93	1245,16
385,14	1146,86
385,35	1214,45
385,55	1171,44
385,76	1288,17
385,97	1165,29
386,18	1218,54
386,39	1146,86
386,60	1241,07
386,81	1212,40
387,02	1218,54
387,22	1216,49
387,43	1239,02
387,64	1171,44
387,85	1236,97
388,06	1114,10
388,27	1206,25
388,48	1144,81
388,68	1261,55
388,89	1198,06
389,10	1165,29
389,31	1181,68
389,52	1224,69
389,73	1187,82
389,93	1134,57
390,14	1167,34
390,35	1146,86
390,56	1183,73
390,77	1236,97
390,98	1183,73
391,18	1142,77
391,39	1153,01
391,60	1232,88
391,81	1120,24
392,02	1103,86
392,23	1177,58
392,43	1118,19
392,64	1167,34
392,85	1167,34
393,06	1187,82
393,27	1200,11
393,47	1169,39
393,68	1216,49
393,89	1179,63
394,10	1224,69
394,31	1134,57
394,52	1165,29
394,72	1204,21
394,93	1224,69
395,14	1193,97
395,35	1173,49
395,56	1167,34
395,76	1118,19
395,97	1216,49
396,18	1222,64
396,39	1146,86
396,60	1159,15
396,80	1284,08
397,01	1120,24
397,22	1226,73
397,43	1216,49
397,64	1142,77
397,84	1247,21
398,05	1253,36
398,26	1208,30
398,47	1208,30
398,67	1230,83
398,88	1279,98
399,09	1153,01
399,30	1150,96
399,51	1200,11
399,71	1163,25
399,92	1191,92
400,13	1224,69
400,34	1187,82
400,54	1155,05
400,75	1167,34
400,96	1204,21
401,17	1208,30
401,37	1150,96
401,58	1146,86
401,79	1155,05
402,00	1181,68
402,21	1187,82
402,41	1150,96
402,62	1191,92
402,83	1208,30
403,04	1165,29
403,24	1224,69
403,45	1177,58
403,66	1142,77
403,87	1128,43
404,07	1212,40
404,28	1179,63
404,49	1155,05
404,70	1224,69
404,90	1189,87
405,11	1150,96
405,32	1181,68
405,52	1142,77
405,73	1218,54
405,94	1191,92
406,15	1189,87
406,35	1134,57
406,56	1175,53
406,77	1232,88
406,98	1169,39
407,18	1236,97
407,39	1130,48
407,60	1171,44
407,80	1310,70
408,01	1128,43
408,22	1228,78
408,43	1191,92
408,63	1259,50
408,84	1171,44
409,05	1169,39
409,25	1159,15
409,46	1171,44
409,67	1177,58
409,88	1228,78
410,08	1202,16
410,29	1218,54
410,50	1179,63
410,70	1226,73
410,91	1210,35
411,12	1173,49
411,32	1183,73
411,53	1124,33
411,74	1140,72
411,95	1279,98
412,15	1175,53
412,36	1222,64
412,57	1218,54
412,77	1183,73
412,98	1259,50
413,19	1193,97
413,39	1179,63
413,60	1148,91
413,81	1214,45
414,01	1200,11
414,22	1148,91
414,43	1165,29
414,63	1208,30
414,84	1150,96
415,05	1224,69
415,25	1126,38
415,46	1208,30
415,67	1150,96
415,87	1245,16
416,08	1124,33
416,29	1185,77
416,49	1066,99
416,70	1224,69
416,91	1224,69
417,11	1198,06
417,32	1150,96
417,53	1239,02
417,73	1222,64
417,94	1230,83
418,15	1204,21
418,35	1114,10
418,56	1179,63
418,77	1202,16
418,97	1183,73
419,18	1171,44
419,38	1175,53
419,59	1187,82
419,80	1232,88
420,00	1210,35
420,21	1257,45
420,42	1148,91
420,62	1189,87
420,83	1179,63
421,04	1200,11
421,24	1105,90
421,45	1181,68
421,65	1230,83
421,86	1187,82
422,07	1206,25
422,27	1187,82
422,48	1206,25
422,69	1144,81
422,89	1222,64
423,10	1220,59
423,30	1132,53
423,51	1159,15
423,72	1191,92
423,92	1177,58
424,13	1112,05
424,33	1146,86
424,54	1146,86
424,75	1193,97
424,95	1150,96
425,16	1249,26
425,36	1116,14
425,57	1198,06
425,78	1193,97
425,98	1249,26
426,19	1153,01
426,39	1200,11
426,60	1265,64
426,81	1222,64
427,01	1165,29
427,22	1224,69
427,42	1216,49
427,63	1226,73
427,83	1189,87
428,04	1177,58
428,25	1206,25
428,45	1222,64
428,66	1144,81
428,86	1185,77
429,07	1234,93
429,28	1159,15
429,48	1157,10
429,69	1204,21
429,89	1175,53
430,10	1210,35
430,30	1226,73
430,51	1165,29
430,71	1167,34
430,92	1138,67
431,13	1187,82
431,33	1196,01
431,54	1163,25
431,74	1206,25
431,95	1163,25
432,15	1214,45
432,36	1251,31
432,56	1193,97
432,77	1224,69
432,98	1181,68
433,18	1187,82
433,39	1161,20
433,59	1171,44
433,80	1173,49
434,00	1220,59
434,21	1150,96
434,41	1232,88
434,62	1239,02
434,82	1144,81
435,03	1177,58
435,23	1187,82
435,44	1204,21
435,64	1142,77
435,85	1157,10
436,06	1087,47
436,26	1202,16
436,47	1175,53
436,67	1224,69
436,88	1140,72
437,08	1114,10
437,29	1196,01
437,49	1173,49
437,70	1142,77
437,90	1208,30
438,11	1210,35
438,31	1107,95
438,52	1169,39
438,72	1169,39
438,93	1142,77
439,13	1263,60
439,34	1228,78
439,54	1216,49
439,75	1187,82
439,95	1259,50
440,16	1181,68
440,36	1187,82
440,57	1222,64
440,77	1239,02
440,98	1167,34
441,18	1198,06
441,39	1259,50
441,59	1142,77
441,80	1204,21
442,00	1204,21
442,21	1130,48
442,41	1157,10
442,62	1210,35
442,82	1136,62
443,02	1198,06
443,23	1150,96
443,43	1257,45
443,64	1183,73
443,84	1191,92
444,05	1255,40
444,25	1212,40
444,46	1236,97
444,66	1089,52
444,87	1230,83
445,07	1126,38
445,28	1216,49
445,48	1159,15
445,69	1185,77
445,89	1255,40
446,09	1144,81
446,30	1222,64
446,50	1230,83
446,71	1216,49
446,91	1204,21
447,12	1153,01
447,32	1202,16
447,53	1234,93
447,73	1202,16
447,93	1245,16
448,14	1167,34
448,34	1157,10
448,55	1220,59
448,75	1167,34
448,96	1200,11
449,16	1177,58
449,36	1249,26
449,57	1236,97
449,77	1214,45
449,98	1173,49
450,18	1161,20
450,39	1185,77
450,59	1236,97
450,79	1198,06
451,00	1214,45
451,20	1212,40
451,41	1140,72
451,61	1181,68
451,81	1204,21
452,02	1177,58
452,22	1173,49
452,43	1146,86
452,63	1130,48
452,84	1130,48
453,04	1185,77
453,24	1206,25
453,45	1189,87
453,65	1232,88
453,86	1134,57
454,06	1193,97
454,26	1163,25
454,47	1218,54
454,67	1150,96
454,87	1179,63
455,08	1208,30
455,28	1210,35
455,49	1232,88
455,69	1155,05
455,89	1191,92
456,10	1191,92
456,30	1208,30
456,51	1198,06
456,71	1210,35
456,91	1208,30
457,12	1161,20
457,32	1249,26
457,52	1161,20
457,73	1220,59
457,93	1226,73
458,14	1134,57
458,34	1239,02
458,54	1165,29
458,75	1255,40
458,95	1243,12
459,15	1189,87
459,36	1206,25
459,56	1161,20
459,76	1218,54
459,97	1210,35
460,17	1124,33
460,37	1232,88
460,58	1163,25
460,78	1208,30
460,99	1177,58
461,19	1261,55
461,39	1185,77
461,60	1181,68
461,80	1185,77
462,00	1157,10
462,21	1118,19
462,41	1144,81
462,61	1150,96
462,82	1224,69
463,02	1202,16
463,22	1212,40
463,43	1228,78
463,63	1165,29
463,83	1196,01
464,04	1232,88
464,24	1210,35
464,44	1159,15
464,64	1183,73
464,85	1173,49
465,05	1204,21
465,25	1148,91
465,46	1173,49
465,66	1167,34
465,86	1212,40
466,07	1214,45
466,27	1181,68
466,47	1191,92
466,68	1193,97
466,88	1155,05
467,08	1226,73
467,29	1216,49
467,49	1189,87
467,69	1122,29
467,89	1165,29
468,10	1163,25
468,30	1150,96
468,50	1288,17
468,71	1183,73
468,91	1228,78
469,11	1220,59
469,31	1226,73
469,52	1185,77
469,72	1116,14
469,92	1187,82
470,13	1173,49
470,33	1157,10
470,53	1204,21
470,73	1171,44
470,94	1218,54
471,14	1079,28
471,34	1185,77
471,54	1230,83
471,75	1198,06
471,95	1224,69
472,15	1153,01
472,36	1220,59
472,56	1181,68
472,76	1214,45
472,96	1171,44
473,17	1146,86
473,37	1134,57
473,57	1185,77
473,77	1150,96
473,98	1234,93
474,18	1159,15
474,38	1234,93
474,58	1249,26
474,79	1232,88
474,99	1200,11
475,19	1165,29
475,39	1142,77
475,60	1167,34
475,80	1181,68
476,00	1124,33
476,20	1183,73
476,41	1236,97
476,61	1245,16
476,81	1232,88
477,01	1183,73
477,21	1271,79
477,42	1214,45
477,62	1222,64
477,82	1247,21
478,02	1179,63
478,23	1216,49
478,43	1150,96
478,63	1130,48
478,83	1226,73
479,03	1241,07
479,24	1150,96
479,44	1118,19
479,64	1251,31
479,84	1204,21
480,04	1206,25
480,25	1191,92
480,45	1179,63
480,65	1232,88
480,85	1142,77
481,06	1245,16
481,26	1169,39
481,46	1165,29
481,66	1083,38
481,86	1112,05
482,06	1126,38
482,27	1175,53
482,47	1181,68
482,67	1208,30
482,87	1200,11
483,07	1189,87
483,28	1202,16
483,48	1179,63
483,68	1105,90
483,88	1255,40
484,08	1124,33
484,29	1167,34
484,49	1185,77
484,69	1191,92
484,89	1187,82
485,09	1124,33
485,29	1208,30
485,50	1183,73
485,70	1187,82
485,90	1200,11
486,10	1138,67
486,30	1200,11
486,50	1167,34
486,71	1224,69
486,91	1189,87
487,11	1212,40
487,31	1134,57
487,51	1224,69
487,71	1193,97
487,91	1150,96
488,12	1163,25
488,32	1187,82
488,52	1230,83
488,72	1171,44
488,92	1234,93
489,12	1239,02
489,32	1208,30
489,53	1187,82
489,73	1167,34
489,93	1179,63
490,13	1187,82
490,33	1101,81
490,53	1208,30
490,73	1232,88
490,94	1224,69
491,14	1191,92
491,34	1191,92
491,54	1187,82
491,74	1148,91
491,94	1138,67
492,14	1185,77
492,34	1214,45
492,54	1126,38
492,75	1081,33
492,95	1220,59
493,15	1230,83
493,35	1206,25
493,55	1255,40
493,75	1175,53
493,95	1206,25
494,15	1169,39
494,35	1130,48
494,56	1122,29
494,76	1345,52
494,96	1155,05
495,16	1177,58
495,36	1200,11
495,56	1212,40
495,76	1114,10
495,96	1216,49
496,16	1163,25
496,36	1230,83
496,56	1122,29
496,77	1189,87
496,97	1122,29
497,17	1216,49
497,37	1196,01
497,57	1288,17
497,77	1183,73
497,97	1267,69
498,17	1212,40
498,37	1216,49
498,57	1214,45
498,77	1185,77
498,97	1200,11
499,17	1198,06
499,38	1224,69
499,58	1198,06
499,78	1216,49
499,98	1157,10
500,18	1167,34
500,38	1253,36
500,58	1208,30
500,78	1157,10
500,98	1120,24
501,18	1206,25
501,38	1255,40
501,58	1177,58
501,78	1212,40
501,98	1210,35
502,18	1212,40
502,38	1087,47
502,58	1126,38
502,78	1187,82
502,98	1222,64
503,18	1140,72
503,38	1136,62
503,59	1196,01
503,79	1157,10
503,99	1171,44
504,19	1212,40
504,39	1153,01
504,59	1257,45
504,79	1124,33
504,99	1284,08
505,19	1183,73
505,39	1200,11
505,59	1200,11
505,79	1144,81
505,99	1255,40
506,19	1245,16
506,39	1171,44
506,59	1208,30
506,79	1220,59
506,99	1214,45
507,19	1175,53
507,39	1296,36
507,59	1185,77
507,79	1200,11
507,99	1257,45
508,19	1226,73
508,39	1218,54
508,59	1202,16
508,79	1118,19
508,99	1183,73
509,19	1204,21
509,39	1114,10
509,59	1247,21
509,79	1191,92
509,99	1200,11
510,19	1171,44
510,39	1167,34
510,59	1210,35
510,79	1191,92
510,99	1183,73
511,19	1226,73
511,39	1257,45
511,59	1196,01
511,79	1232,88
511,99	1230,83
512,19	1230,83
512,38	1150,96
512,58	1187,82
512,78	1232,88
512,98	1210,35
513,18	1228,78
513,38	1212,40
513,58	1206,25
513,78	1212,40
513,98	1271,79
514,18	1171,44
514,38	1126,38
514,58	1128,43
514,78	1163,25
514,98	1177,58
515,18	1214,45
515,38	1130,48
515,58	1241,07
515,78	1167,34
515,98	1126,38
516,18	1196,01
516,38	1132,53
516,57	1161,20
516,77	1212,40
516,97	1150,96
517,17	1206,25
517,37	1183,73
517,57	1155,05
517,77	1132,53
517,97	1187,82
518,17	1161,20
518,37	1157,10
518,57	1175,53
518,77	1146,86
518,97	1255,40
519,16	1245,16
519,36	1243,12
519,56	1144,81
519,76	1161,20
519,96	1200,11
520,16	1232,88
520,36	1167,34
520,56	1191,92
520,76	1202,16
520,96	1142,77
521,16	1150,96
521,35	1134,57
521,55	1150,96
521,75	1161,20
521,95	1198,06
522,15	1157,10
522,35	1230,83
522,55	1058,80
522,75	1232,88
522,95	1103,86
523,14	1261,55
523,34	1169,39
523,54	1273,84
523,74	1155,05
523,94	1259,50
524,14	1146,86
524,34	1257,45
524,54	1191,92
524,73	1161,20
524,93	1155,05
525,13	1220,59
525,33	1200,11
525,53	1196,01
525,73	1177,58
525,93	1204,21
526,13	1200,11
526,32	1171,44
526,52	1200,11
526,72	1204,21
526,92	1163,25
527,12	1230,83
527,32	1241,07
527,52	1148,91
527,71	1155,05
527,91	1175,53
528,11	1220,59
528,31	1161,20
528,51	1155,05
528,71	1175,53
528,90	1159,15
529,10	1255,40
529,30	1181,68
529,50	1126,38
529,70	1206,25
529,90	1155,05
530,09	1173,49
530,29	1136,62
530,49	1159,15
530,69	1146,86
530,89	1173,49
531,09	1189,87
531,28	1239,02
531,48	1277,93
531,68	1140,72
531,88	1177,58
532,08	1191,92
532,28	1232,88
532,47	1144,81
532,67	1165,29
532,87	1177,58
533,07	1222,64
533,27	1175,53
533,46	1245,16
533,66	1247,21
533,86	1200,11
534,06	1169,39
534,26	1196,01
534,45	1206,25
534,65	1161,20
534,85	1191,92
535,05	1179,63
535,25	1157,10
535,44	1234,93
535,64	1224,69
535,84	1224,69
536,04	1120,24
536,24	1196,01
536,43	1138,67
536,63	1175,53
536,83	1247,21
537,03	1214,45
537,22	1230,83
537,42	1191,92
537,62	1216,49
537,82	1118,19
538,02	1200,11
538,21	1222,64
538,41	1167,34
538,61	1234,93
538,81	1150,96
539,00	1161,20
539,20	1112,05
539,40	1208,30
539,60	1169,39
539,79	1193,97
539,99	1224,69
540,19	1212,40
540,39	1159,15
540,58	1191,92
540,78	1208,30
540,98	1208,30
541,18	1185,77
541,37	1241,07
541,57	1181,68
541,77	1193,97
541,97	1146,86
542,16	1130,48
542,36	1157,10
542,56	1189,87
542,76	1191,92
542,95	1101,81
543,15	1175,53
543,35	1132,53
543,54	1239,02
543,74	1150,96
543,94	1181,68
544,14	1142,77
544,33	1169,39
544,53	1198,06
544,73	1191,92
544,93	1251,31
545,12	1189,87
545,32	1189,87
545,52	1146,86
545,71	1232,88
545,91	1144,81
546,11	1155,05
546,30	1161,20
546,50	1224,69
546,70	1222,64
546,90	1173,49
547,09	1224,69
547,29	1142,77
547,49	1169,39
547,68	1304,56
547,88	1142,77
548,08	1241,07
548,27	1255,40
548,47	1153,01
548,67	1167,34
548,87	1179,63
549,06	1206,25
549,26	1175,53
549,46	1191,92
549,65	1239,02
549,85	1107,95
550,05	1134,57
550,24	1210,35
550,44	1212,40
550,64	1177,58
550,83	1136,62
551,03	1144,81
551,23	1249,26
551,42	1241,07
551,62	1083,38
551,82	1228,78
552,01	1187,82
552,21	1193,97
552,41	1198,06
552,60	1187,82
552,80	1148,91
553,00	1251,31
553,19	1173,49
553,39	1214,45
553,59	1212,40
553,78	1064,94
553,98	1212,40
554,17	1210,35
554,37	1200,11
554,57	1146,86
554,76	1236,97
554,96	1144,81
555,16	1134,57
555,35	1163,25
555,55	1208,30
555,75	1214,45
555,94	1118,19
556,14	1165,29
556,33	1198,06
556,53	1179,63
556,73	1187,82
556,92	1212,40
557,12	1189,87
557,32	1185,77
557,51	1226,73
557,71	1187,82
557,90	1214,45
558,10	1243,12
558,30	1189,87
558,49	1159,15
558,69	1155,05
558,88	1150,96
559,08	1163,25
559,28	1120,24
559,47	1107,95
559,67	1128,43
559,86	1181,68
560,06	1210,35
560,26	1173,49
560,45	1171,44
560,65	1198,06
560,84	1214,45
561,04	1202,16
561,24	1265,64
561,43	1210,35
561,63	1189,87
561,82	1189,87
562,02	1163,25
562,22	1191,92
562,41	1236,97
562,61	1132,53
562,80	1222,64
563,00	1144,81
563,19	1216,49
563,39	1249,26
563,59	1247,21
563,78	1191,92
563,98	1255,40
564,17	1179,63
564,37	1181,68
564,56	1130,48
564,76	1189,87
564,96	1204,21
565,15	1169,39
565,35	1234,93
565,54	1153,01
565,74	1116,14
565,93	1179,63
566,13	1214,45
566,32	1239,02
566,52	1273,84
566,71	1243,12
566,91	1183,73
567,11	1179,63
567,30	1128,43
567,50	1165,29
567,69	1148,91
567,89	1206,25
568,08	1144,81
568,28	1185,77
568,47	1175,53
568,67	1220,59
568,86	1167,34
569,06	1232,88
569,25	1189,87
569,45	1128,43
569,64	1130,48
569,84	1179,63
570,04	1251,31
570,23	1165,29
570,43	1200,11
570,62	1202,16
570,82	1228,78
571,01	1208,30
571,21	1128,43
571,40	1179,63
571,60	1282,03
571,79	1208,30
571,99	1191,92
572,18	1206,25
572,38	1200,11
572,57	1122,29
572,77	1212,40
572,96	1144,81
573,16	1167,34
573,35	1163,25
573,55	1171,44
573,74	1144,81
573,94	1216,49
574,13	1200,11
574,33	1187,82
574,52	1255,40
574,71	1204,21
574,91	1282,03
575,10	1183,73
575,30	1191,92
575,49	1142,77
575,69	1159,15
575,88	1224,69
576,08	1142,77
576,27	1175,53
576,47	1124,33
576,66	1234,93
576,86	1116,14
577,05	1163,25
577,25	1183,73
577,44	1167,34
577,64	1167,34
577,83	1257,45
578,02	1183,73
578,22	1179,63
578,41	1273,84
578,61	1163,25
578,80	1181,68
579,00	1189,87
579,19	1083,38
579,39	1187,82
579,58	1210,35
579,77	1112,05
579,97	1163,25
580,16	1200,11
580,36	1251,31
580,55	1212,40
580,75	1185,77
580,94	1236,97
581,13	1136,62
581,33	1144,81
581,52	1134,57
581,72	1183,73
581,91	1161,20
582,11	1150,96
582,30	1202,16
582,49	1110,00
582,69	1177,58
582,88	1263,60
583,08	1169,39
583,27	1130,48
583,47	1138,67
583,66	1218,54
583,85	1167,34
584,05	1128,43
584,24	1165,29
584,44	1175,53
584,63	1196,01
584,82	1179,63
585,02	1161,20
585,21	1200,11
585,41	1232,88
585,60	1142,77
585,79	1226,73
585,99	1220,59
586,18	1146,86
586,37	1163,25
586,57	1189,87
586,76	1165,29
586,96	1148,91
587,15	1175,53
587,34	1269,74
587,54	1183,73
587,73	1253,36
587,93	1110,00
588,12	1157,10
588,31	1138,67
588,51	1214,45
588,70	1173,49
588,89	1191,92
589,09	1216,49
589,28	1228,78
589,47	1269,74
589,67	1163,25
589,86	1218,54
590,06	1155,05
590,25	1171,44
590,44	1179,63
590,64	1183,73
590,83	1206,25
591,02	1224,69
591,22	1210,35
591,41	1222,64
591,60	1167,34
591,80	1153,01
591,99	1153,01
592,18	1181,68
592,38	1193,97
592,57	1138,67
592,76	1232,88
592,96	1200,11
593,15	1181,68
593,34	1200,11
593,54	1200,11
593,73	1220,59
593,92	1196,01
594,12	1173,49
594,31	1210,35
594,50	1193,97
594,70	1191,92
594,89	1239,02
595,08	1130,48
595,28	1159,15
595,47	1216,49
595,66	1130,48
595,86	1138,67
596,05	1275,88
596,24	1220,59
596,43	1241,07
596,63	1132,53
596,82	1208,30
597,01	1169,39
597,21	1265,64
597,40	1200,11
597,59	1214,45
597,79	1241,07
597,98	1175,53
598,17	1220,59
598,36	1208,30
598,56	1167,34
598,75	1222,64
598,94	1181,68
599,14	1206,25
599,33	1144,81
599,52	1163,25
599,71	1208,30
599,91	1150,96
600,10	1185,77
600,29	1132,53
600,48	1236,97
600,68	1212,40
600,87	1277,93
601,06	1173,49
601,26	1200,11
601,45	1183,73
601,64	1144,81
601,83	1175,53
602,03	1157,10
602,22	1210,35
602,41	1193,97
602,60	1187,82
602,80	1144,81
602,99	1165,29
603,18	1204,21
603,37	1140,72
603,57	1177,58
603,76	1241,07
603,95	1124,33
604,14	1187,82
604,34	1150,96
604,53	1222,64
604,72	1239,02
604,91	1218,54
605,10	1245,16
605,30	1185,77
605,49	1220,59
605,68	1230,83
605,87	1210,35
606,07	1210,35
606,26	1232,88
606,45	1226,73
606,64	1187,82
606,84	1146,86
607,03	1167,34
607,22	1179,63
607,41	1212,40
607,60	1165,29
607,80	1200,11
607,99	1208,30
608,18	1200,11
608,37	1193,97
608,56	1191,92
608,76	1232,88
608,95	1191,92
609,14	1208,30
609,33	1177,58
609,52	1159,15
609,72	1159,15
609,91	1216,49
610,10	1161,20
610,29	1179,63
610,48	1220,59
610,68	1200,11
610,87	1167,34
611,06	1181,68
611,25	1193,97
611,44	1265,64
611,63	1183,73
611,83	1163,25
612,02	1173,49
612,21	1198,06
612,40	1177,58
612,59	1144,81
612,79	1114,10
612,98	1144,81
613,17	1255,40
613,36	1220,59
613,55	1269,74
613,74	1153,01
613,93	1155,05
614,13	1183,73
614,32	1097,71
614,51	1189,87
614,70	1130,48
614,89	1142,77
615,08	1169,39
615,28	1161,20
615,47	1169,39
615,66	1126,38
615,85	1234,93
616,04	1130,48
616,23	1228,78
616,42	1175,53
616,62	1200,11
616,81	1257,45
617,00	1230,83
617,19	1253,36
617,38	1241,07
617,57	1183,73
617,76	1136,62
617,95	1210,35
618,15	1212,40
618,34	1122,29
618,53	1216,49
618,72	1239,02
618,91	1210,35
619,10	1159,15
619,29	1200,11
619,48	1175,53
619,68	1163,25
619,87	1230,83
620,06	1206,25
620,25	1241,07
620,44	1148,91
620,63	1155,05
620,82	1140,72
621,01	1124,33
621,20	1187,82
621,39	1230,83
621,59	1173,49
621,78	1206,25
621,97	1171,44
622,16	1177,58
622,35	1230,83
622,54	1222,64
622,73	1128,43
622,92	1212,40
623,11	1196,01
623,30	1181,68
623,49	1247,21
623,68	1171,44
623,88	1202,16
624,07	1187,82
624,26	1224,69
624,45	1183,73
624,64	1198,06
624,83	1173,49
625,02	1136,62
625,21	1261,55
625,40	1171,44
625,59	1304,56
625,78	1155,05
625,97	1212,40
626,16	1247,21
626,35	1181,68
626,54	1157,10
626,74	1249,26
626,93	1247,21
627,12	1286,12
627,31	1187,82
627,50	1220,59
627,69	1220,59
627,88	1245,16
628,07	1150,96
628,26	1212,40
628,45	1214,45
628,64	1239,02
628,83	1128,43
629,02	1224,69
629,21	1218,54
629,40	1140,72
629,59	1208,30
629,78	1271,79
629,97	1185,77
630,16	1148,91
630,35	1177,58
630,54	1173,49
630,73	1167,34
630,92	1206,25
631,11	1216,49
631,30	1275,88
631,49	1249,26
631,68	1415,15
631,87	2553,82
632,06	7778,19
632,25	15327,00
632,44	18503,40
632,63	23580,31
632,82	12824,38
633,01	7882,63
633,20	3794,89
633,39	2027,49
633,58	1679,33
633,77	1849,32
633,96	1626,09
634,15	1409,00
634,34	1327,08
634,53	1347,56
634,72	1314,80
634,91	1316,84
635,10	1191,92
635,29	1251,31
635,48	1290,22
635,67	1288,17
635,86	1222,64
636,05	1245,16
636,24	1161,20
636,43	1208,30
636,62	1226,73
636,81	1200,11
637,00	1118,19
637,19	1208,30
637,38	1153,01
637,57	1236,97
637,76	1167,34
637,95	1206,25
638,14	1265,64
638,33	1206,25
638,52	1175,53
638,71	1218,54
638,89	1196,01
639,08	1196,01
639,27	1138,67
639,46	1200,11
639,65	1193,97
639,84	1214,45
640,03	1241,07
640,22	1161,20
640,41	1273,84
640,60	1144,81
640,79	1193,97
640,98	1179,63
641,17	1226,73
641,36	1232,88
641,55	1239,02
641,74	1226,73
641,92	1265,64
642,11	1169,39
642,30	1161,20
642,49	1187,82
642,68	1177,58
642,87	1196,01
643,06	1239,02
643,25	1247,21
643,44	1163,25
643,63	1191,92
643,82	1175,53
644,00	1150,96
644,19	1169,39
644,38	1122,29
644,57	1181,68
644,76	1251,31
644,95	1155,05
645,14	1179,63
645,33	1167,34
645,52	1161,20
645,71	1161,20
645,89	1140,72
646,08	1224,69
646,27	1253,36
646,46	1191,92
646,65	1232,88
646,84	1144,81
647,03	1112,05
647,22	1222,64
647,40	1232,88
647,59	1288,17
647,78	1202,16
647,97	1214,45
648,16	1187,82
648,35	1171,44
648,54	1204,21
648,73	1196,01
648,91	1136,62
649,10	1196,01
649,29	1196,01
649,48	1171,44
649,67	1118,19
649,86	1179,63
650,05	1177,58
650,23	1185,77
650,42	1155,05
650,61	1193,97
650,80	1212,40
650,99	1116,14
651,18	1265,64
651,36	1157,10
651,55	1173,49
651,74	1177,58
651,93	1187,82
652,12	1241,07
652,31	1138,67
652,49	1155,05
652,68	1220,59
652,87	1179,63
653,06	1169,39
653,25	1134,57
653,44	1165,29
653,62	1181,68
653,81	1253,36
654,00	1191,92
654,19	1181,68
654,38	1165,29
654,56	1212,40
654,75	1234,93
654,94	1218,54
655,13	1247,21
655,32	1245,16
655,51	1220,59
655,69	1148,91
655,88	1267,69
656,07	1189,87
656,26	1130,48
656,45	1200,11
656,63	1216,49
656,82	1130,48
657,01	1138,67
657,20	1208,30
657,38	1226,73
657,57	1175,53
657,76	1177,58
657,95	1236,97
658,14	1200,11
658,32	1171,44
658,51	1173,49
658,70	1249,26
658,89	1179,63
659,08	1179,63
659,26	1161,20
659,45	1165,29
659,64	1134,57
659,83	1134,57
660,01	1216,49
660,20	1193,97
660,39	1200,11
660,58	1255,40
660,76	1230,83
660,95	1163,25
661,14	1185,77
661,33	1187,82
661,51	1177,58
661,70	1153,01
661,89	1290,22
662,08	1183,73
662,26	1161,20
662,45	1136,62
662,64	1175,53
662,83	1155,05
663,01	1212,40
663,20	1138,67
663,39	1169,39
663,58	1124,33
663,76	1167,34
663,95	1171,44
664,14	1208,30
664,32	1150,96
664,51	1191,92
664,70	1181,68
664,89	1173,49
665,07	1271,79
665,26	1204,21
665,45	1136,62
665,64	1200,11
665,82	1253,36
666,01	1255,40
666,20	1259,50
666,38	1114,10
666,57	1130,48
666,76	1191,92
666,95	1243,12
667,13	1161,20
667,32	1202,16
667,51	1216,49
667,69	1187,82
667,88	1163,25
668,07	1132,53
668,25	1146,86
668,44	1187,82
668,63	1175,53
668,81	1210,35
669,00	1181,68
669,19	1200,11
669,38	1241,07
669,56	1196,01
669,75	1226,73
669,94	1216,49
670,12	1210,35
670,31	1253,36
670,50	1181,68
670,68	1210,35
670,87	1150,96
671,06	1187,82
671,24	1255,40
671,43	1124,33
671,62	1202,16
671,80	1226,73
671,99	1200,11
672,18	1183,73
672,36	1222,64
672,55	1224,69
672,74	1206,25
672,92	1171,44
673,11	1187,82
673,29	1150,96
673,48	1155,05
673,67	1226,73
673,85	1122,29
674,04	1200,11
674,23	1169,39
674,41	1232,88
674,60	1177,58
674,79	1142,77
674,97	1212,40
675,16	1226,73
675,34	1173,49
675,53	1103,86
675,72	1196,01
675,90	1183,73
676,09	1208,30
676,28	1165,29
676,46	1228,78
676,65	1202,16
676,83	1181,68
677,02	1247,21
677,21	1105,90
677,39	1157,10
677,58	1216,49
677,77	1167,34
677,95	1130,48
678,14	1198,06
678,32	1187,82
678,51	1261,55
678,70	1132,53
678,88	1140,72
679,07	1267,69
679,25	1220,59
679,44	1214,45
679,63	1095,66
679,81	1191,92
680,00	1191,92
680,18	1146,86
680,37	1234,93
680,55	1165,29
680,74	1198,06
680,93	1171,44
681,11	1243,12
681,30	1191,92
681,48	1210,35
681,67	1220,59
681,85	1210,35
682,04	1277,93
682,23	1157,10
682,41	1198,06
682,60	1243,12
682,78	1220,59
682,97	1163,25
683,15	1230,83
683,34	1107,95
683,53	1279,98
683,71	1204,21
683,90	1191,92
684,08	1181,68
684,27	1175,53
684,45	1138,67
684,64	1239,02
684,82	1155,05
685,01	1200,11
685,19	1236,97
685,38	1179,63
685,57	1132,53
685,75	1210,35
685,94	1210,35
686,12	1204,21
686,31	1191,92
686,49	1251,31
686,68	1189,87
686,86	1210,35
687,05	1286,12
687,23	1198,06
687,42	1138,67
687,60	1161,20
687,79	1155,05
687,97	1232,88
688,16	1157,10
688,34	1239,02
688,53	1144,81
688,71	1193,97
688,90	1181,68
689,08	1249,26
689,27	1155,05
689,45	1173,49
689,64	1204,21
689,82	1183,73
690,01	1165,29
690,19	1187,82
690,38	1138,67
690,56	1126,38
690,75	1169,39
690,93	1191,92
691,12	1236,97
691,30	1181,68
691,49	1247,21
691,67	1210,35
691,86	1200,11
692,04	1128,43
692,23	1157,10
692,41	1120,24
692,60	1212,40
692,78	1224,69
692,97	1179,63
693,15	1210,35
693,34	1148,91
693,52	1243,12
693,71	1163,25
693,89	1232,88
694,08	1241,07
694,26	1134,57
694,44	1171,44
694,63	1247,21
694,81	1216,49
695,00	1167,34
695,18	1226,73
695,37	1161,20
695,55	1103,86
695,74	1198,06
695,92	1179,63
696,10	1322,99
696,29	1198,06
696,47	1279,98
696,66	1120,24
696,84	1212,40
697,03	1193,97
697,21	1210,35
697,40	1228,78
697,58	1251,31
697,76	1220,59
697,95	1232,88
698,13	1187,82
698,32	1253,36
698,50	1132,53
698,68	1247,21
698,87	1193,97
699,05	1234,93
699,24	1212,40
699,42	1216,49
699,61	1159,15
699,79	1218,54
699,97	1200,11
700,16	1161,20
700,34	1212,40
700,53	1200,11
700,71	1163,25
700,89	1257,45
701,08	1142,77
701,26	1310,70
701,45	1163,25
701,63	1208,30
701,81	1245,16
702,00	1265,64
702,18	1222,64
702,37	1267,69
702,55	1175,53
702,73	1204,21
702,92	1173,49
703,10	1144,81
703,28	1198,06
703,47	1191,92
703,65	1206,25
703,84	1200,11
704,02	1159,15
704,20	1042,42
704,39	1212,40
704,57	1165,29
704,75	1193,97
704,94	1208,30
705,12	1292,27
705,30	1155,05
705,49	1130,48
705,67	1224,69
705,86	1126,38
706,04	1105,90
706,22	1191,92
706,41	1288,17
706,59	1230,83
706,77	1210,35
706,96	1183,73
707,14	1196,01
707,32	1173,49
707,51	1191,92
707,69	1140,72
707,87	1138,67
708,06	1191,92
708,24	1183,73
708,42	1222,64
708,61	1193,97
708,79	1202,16
708,97	1212,40
709,16	1226,73
709,34	1196,01
709,52	1177,58
709,71	1191,92
709,89	1128,43
710,07	1159,15
710,26	1189,87
710,44	1159,15
710,62	1187,82
710,80	1181,68
710,99	1232,88
711,17	1189,87
711,35	1105,90
711,54	1216,49
711,72	1101,81
711,90	1232,88
712,09	1206,25
712,27	1089,52
712,45	1251,31
712,63	1251,31
712,82	1210,35
713,00	1196,01
713,18	1279,98
713,37	1179,63
713,55	1189,87
713,73	1191,92
713,91	1239,02
714,10	1259,50
714,28	1212,40
714,46	1196,01
714,65	1241,07
714,83	1183,73
715,01	1107,95
715,19	1232,88
715,38	1130,48
715,56	1249,26
715,74	1167,34
715,92	1173,49
716,11	1175,53
716,29	1198,06
716,47	1196,01
716,65	1224,69
716,84	1198,06
717,02	1208,30
717,20	1138,67
717,38	1175,53
717,57	1198,06
717,75	1249,26
717,93	1214,45
718,11	1224,69
718,30	1271,79
718,48	1183,73
718,66	1196,01
718,84	1222,64
719,03	1200,11
719,21	1236,97
719,39	1183,73
719,57	1191,92
719,75	1212,40
719,94	1124,33
720,12	1112,05
720,30	1204,21
720,48	1236,97
720,67	1196,01
720,85	1138,67
721,03	1157,10
721,21	1163,25
721,39	1282,03
721,58	1245,16
721,76	1204,21
721,94	1206,25
722,12	1282,03
722,30	1226,73
722,49	1173,49
722,67	1124,33
722,85	1245,16
723,03	1093,62
723,21	1132,53
723,40	1128,43
723,58	1247,21
723,76	1171,44
723,94	1222,64
724,12	1177,58
724,30	1249,26
724,49	1212,40
724,67	1236,97
724,85	1220,59
725,03	1265,64
725,21	1200,11
725,40	1189,87
725,58	1159,15
725,76	1191,92
725,94	1187,82
726,12	1191,92
726,30	1161,20
726,49	1261,55
726,67	1142,77
726,85	1206,25
727,03	1216,49
727,21	1185,77
727,39	1187,82
727,57	1124,33
727,76	1218,54
727,94	1200,11
728,12	1200,11
728,30	1200,11
728,48	1263,60
728,66	1200,11
728,84	1189,87
729,03	1169,39
729,21	1181,68
729,39	1284,08
729,57	1191,92
729,75	1189,87
729,93	1173,49
730,11	1181,68
730,30	1224,69
730,48	1140,72
730,66	1193,97
730,84	1157,10
731,02	1200,11
731,20	1165,29
731,38	1230,83
731,56	1122,29
731,74	1153,01
731,93	1126,38
732,11	1128,43
732,29	1146,86
732,47	1171,44
732,65	1253,36
732,83	1169,39
733,01	1208,30
733,19	1155,05
733,37	1200,11
733,56	1196,01
733,74	1187,82
733,92	1185,77
734,10	1150,96
734,28	1173,49
734,46	1216,49
734,64	1208,30
734,82	1165,29
735,00	1228,78
735,18	1148,91
735,36	1179,63
735,54	1212,40
735,73	1202,16
735,91	1208,30
736,09	1150,96
736,27	1277,93
736,45	1091,57
736,63	1175,53
736,81	1138,67
736,99	1249,26
737,17	1159,15
737,35	1148,91
737,53	1173,49
737,71	1222,64
737,89	1189,87
738,07	1169,39
738,25	1097,71
738,43	1112,05
738,61	1157,10
738,80	1220,59
738,98	1150,96
739,16	1173,49
739,34	1263,60
739,52	1138,67
739,70	1196,01
739,88	1163,25
740,06	1181,68
740,24	1183,73
740,42	1148,91
740,60	1196,01
740,78	1206,25
740,96	1167,34
741,14	1138,67
741,32	1239,02
741,50	1046,51
741,68	1167,34
741,86	1208,30
742,04	1118,19
742,22	1198,06
742,40	1200,11
742,58	1214,45
742,76	1187,82
742,94	1185,77
743,12	1142,77
743,30	1185,77
743,48	1267,69
743,66	1179,63
743,84	1196,01
744,02	1183,73
744,20	1167,34
744,38	1181,68
744,56	1249,26
744,74	1150,96
744,92	1179,63
745,10	1163,25
745,28	1228,78
745,46	1236,97
745,64	1218,54
745,82	1150,96
746,00	1232,88
746,18	1163,25
746,36	1173,49
746,54	1220,59
746,72	1206,25
746,90	1216,49
747,08	1261,55
747,26	1200,11
747,44	1157,10
747,62	1245,16
747,80	1187,82
747,98	1128,43
748,15	1183,73
748,33	1185,77
748,51	1212,40
748,69	1212,40
748,87	1189,87
749,05	1212,40
749,23	1175,53
749,41	1208,30
749,59	1118,19
749,77	1198,06
749,95	1249,26
750,13	1175,53
750,31	1200,11
750,49	1153,01
750,67	1226,73
750,85	1167,34
751,03	1253,36
751,20	1150,96
751,38	1232,88
751,56	1140,72
751,74	1181,68
751,92	1226,73
752,10	1110,00
752,28	1191,92
752,46	1267,69
752,64	1191,92
752,82	1112,05
753,00	1130,48
753,18	1169,39
753,35	1173,49
753,53	1165,29
753,71	1196,01
753,89	1110,00
754,07	1241,07
754,25	1214,45
754,43	1236,97
754,61	1239,02
754,79	1208,30
754,97	1216,49
755,14	1218,54
755,32	1210,35
755,50	1204,21
755,68	1183,73
755,86	1116,14
756,04	1228,78
756,22	1261,55
756,40	1249,26
756,57	1204,21
756,75	1198,06
756,93	1232,88
757,11	1226,73
757,29	1177,58
757,47	1148,91
757,65	1116,14
757,82	1124,33
758,00	1185,77
758,18	1183,73
758,36	1191,92
758,54	1204,21
758,72	1171,44
758,90	1224,69
759,07	1165,29
759,25	1212,40
759,43	1138,67
759,61	1191,92
759,79	1220,59
759,97	1232,88
760,15	1159,15
760,32	1099,76
760,50	1179,63
760,68	1212,40
760,86	1232,88
761,04	1218,54
761,22	1200,11
761,39	1159,15
761,57	1163,25
761,75	1189,87
761,93	1208,30
762,11	1257,45
762,28	1228,78
762,46	1216,49
762,64	1236,97
762,82	1277,93
763,00	1185,77
763,18	1214,45
763,35	1183,73
763,53	1212,40
763,71	1183,73
763,89	1171,44
764,07	1159,15
764,24	1273,84
764,42	1218,54
764,60	1214,45
764,78	1251,31
764,96	1165,29
765,13	1208,30
765,31	1185,77
765,49	1187,82
765,67	1150,96
765,84	1271,79
766,02	1216,49
766,20	1202,16
766,38	1193,97
766,56	1175,53
766,73	1212,40
766,91	1189,87
767,09	1126,38
767,27	1222,64
767,44	1220,59
767,62	1181,68
767,80	1261,55
767,98	1191,92
768,15	1206,25
768,33	1279,98
768,51	1193,97
768,69	1198,06
768,87	1224,69
769,04	1302,51
769,22	1193,97
769,40	1196,01
769,58	1146,86
769,75	1202,16
769,93	1175,53
770,11	1241,07
770,28	1200,11
770,46	1198,06
770,64	1200,11
770,82	1165,29
770,99	1239,02
771,17	1185,77
771,35	1210,35
771,53	1126,38
771,70	1165,29
771,88	1228,78
772,06	1126,38
772,23	1232,88
772,41	1212,40
772,59	1216,49
772,77	1228,78
772,94	1212,40
773,12	1216,49
773,30	1159,15
773,47	1282,03
773,65	1101,81
773,83	1212,40
774,01	1179,63
774,18	1146,86
774,36	1234,93
774,54	1200,11
774,71	1202,16
774,89	1206,25
775,07	1183,73
775,24	1153,01
775,42	1142,77
775,60	1220,59
775,78	1191,92
775,95	1173,49
776,13	1204,21
776,31	1159,15
776,48	1273,84
776,66	1173,49
776,84	1198,06
777,01	1206,25
777,19	1193,97
777,37	1148,91
777,54	1142,77
777,72	1181,68
777,90	1183,73
778,07	1228,78
778,25	1200,11
778,43	1175,53
778,60	1167,34
778,78	1239,02
778,96	1196,01
779,13	1173,49
779,31	1239,02
779,49	1208,30
779,66	1165,29
779,84	1142,77
780,01	1249,26
780,19	1208,30
780,37	1212,40
780,54	1259,50
780,72	1140,72
780,90	1196,01
781,07	1171,44
781,25	1130,48
781,43	1224,69
781,60	1187,82
781,78	1187,82
781,95	1216,49
782,13	1136,62
782,31	1191,92
782,48	1175,53
782,66	1206,25
782,83	1155,05
783,01	1232,88
783,19	1159,15
783,36	1212,40
783,54	1198,06
783,72	1253,36
783,89	1150,96
784,07	1167,34
784,24	1212,40
784,42	1193,97
784,60	1191,92
784,77	1204,21
784,95	1163,25
785,12	1122,29
785,30	1279,98
785,47	1196,01
785,65	1239,02
785,83	1230,83
786,00	1126,38
786,18	1187,82
786,35	1198,06
786,53	1193,97
786,71	1210,35
786,88	1136,62
787,06	1187,82
787,23	1163,25
787,41	1212,40
787,58	1120,24
787,76	1198,06
787,94	1179,63
788,11	1216,49
788,29	1167,34
788,46	1236,97
788,64	1167,34
788,81	1179,63
788,99	1161,20
789,16	1284,08
789,34	1196,01
789,52	1165,29
789,69	1232,88
789,87	1255,40
790,04	1228,78
790,22	1175,53
790,39	1277,93
790,57	1208,30
790,74	1169,39
790,92	1228,78
791,09	1234,93
791,27	1212,40
791,44	1116,14
791,62	1163,25
791,79	1241,07
791,97	1196,01
792,15	1136,62
792,32	1171,44
792,50	1183,73
792,67	1191,92
792,85	1183,73
793,02	1198,06
793,20	1212,40
793,37	1196,01
793,55	1157,10
793,72	1261,55
793,90	1220,59
794,07	1187,82
794,25	1214,45
794,42	1220,59
794,60	1202,16
794,77	1257,45
794,95	1214,45
795,12	1116,14
795,30	1130,48
795,47	1167,34
795,65	1112,05
795,82	1226,73
796,00	1202,16
796,17	1191,92
796,34	1140,72
796,52	1185,77
796,69	1175,53
796,87	1163,25
797,04	1150,96
797,22	1245,16
797,39	1181,68
797,57	1130,48
797,74	1228,78
797,92	1169,39
798,09	1173,49
798,27	1081,33
798,44	1191,92
798,62	1212,40
798,79	1177,58
798,96	1206,25
799,14	1189,87
799,31	1224,69
799,49	1171,44
799,66	1204,21
799,84	1218,54
800,01	1196,01
800,19	1189,87
800,36	1200,11
800,53	1230,83
800,71	1136,62
800,88	1255,40
801,06	1175,53
801,23	1163,25
801,41	1222,64
801,58	1165,29
801,75	1243,12
801,93	1198,06
802,10	1120,24
802,28	1185,77
802,45	1179,63
802,63	1167,34
802,80	1298,41
802,97	1200,11
803,15	1163,25
803,32	1187,82
803,50	1236,97
803,67	1177,58
803,84	1191,92
804,02	1208,30
804,19	1265,64
804,37	1298,41
804,54	1134,57
804,71	1228,78
804,89	1165,29
805,06	1275,88
805,24	1230,83
805,41	1142,77
805,58	1181,68
805,76	1222,64
805,93	1193,97
806,10	1216,49
806,28	1196,01
806,45	1193,97
806,63	1279,98
806,80	1212,40
806,97	1204,21
807,15	1157,10
807,32	1263,60
807,49	1179,63
807,67	1253,36
807,84	1265,64
808,01	1185,77
808,19	1159,15
808,36	1234,93
808,54	1159,15
808,71	1165,29
808,88	1208,30
809,06	1198,06
809,23	1144,81
809,40	1196,01
809,58	1177,58
809,75	1265,64
809,92	1243,12
810,10	1124,33
810,27	1202,16
810,44	1148,91
810,62	1169,39
810,79	1206,25
810,96	1216,49
811,14	1218,54
811,31	1228,78
811,48	1181,68
811,66	1171,44
811,83	1206,25
812,00	1208,30
812,18	1161,20
812,35	1216,49
812,52	1222,64
812,69	1134,57
812,87	1210,35
813,04	1173,49
813,21	1142,77
813,39	1249,26
813,56	1206,25
813,73	1212,40
813,91	1232,88
814,08	1161,20
814,25	1171,44
814,42	1198,06
814,60	1110,00
814,77	1214,45
814,94	1140,72
815,12	1212,40
815,29	1261,55
815,46	1193,97
815,63	1193,97
815,81	1222,64
815,98	1187,82
816,15	1183,73
816,33	1171,44
816,50	1200,11
816,67	1169,39
816,84	1128,43
817,02	1204,21
817,19	1208,30
817,36	1161,20
817,53	1167,34
817,71	1202,16
817,88	1110,00
818,05	1144,81
818,22	1159,15
818,40	1247,21
818,57	1126,38
818,74	1146,86
818,91	1249,26
819,09	1204,21
819,26	1275,88
819,43	1155,05
819,60	1222,64
819,78	1128,43
819,95	1245,16
820,12	1204,21
820,29	1159,15
820,47	1189,87
820,64	1142,77
820,81	1257,45
820,98	1200,11
821,15	1146,86
821,33	1165,29
821,50	1177,58
821,67	1157,10
821,84	1230,83
822,02	1241,07
822,19	1202,16
822,36	1259,50
822,53	1226,73
822,70	1173,49
822,88	1165,29
823,05	1157,10
823,22	1212,40
823,39	1249,26
823,56	1208,30
823,74	1193,97
823,91	1208,30
824,08	1157,10
824,25	1189,87
824,42	1142,77
824,60	1214,45
824,77	1200,11
824,94	1167,34
825,11	1267,69
825,28	1130,48
825,45	1243,12
825,63	1222,64
825,80	1159,15
825,97	1161,20
826,14	1146,86
826,31	1150,96
826,48	1171,44
826,66	1157,10
826,83	1204,21
827,00	1142,77
827,17	1275,88
827,34	1173,49
827,51	1191,92
827,69	1146,86
827,86	1214,45
828,03	1202,16
828,20	1206,25
828,37	1216,49
828,54	1153,01
828,71	1243,12
828,89	1177,58
829,06	1230,83
829,23	1177,58
829,40	1193,97
829,57	1253,36
829,74	1200,11
829,91	1212,40
830,09	1179,63
830,26	1120,24
830,43	1212,40
830,60	1161,20
830,77	1138,67
830,94	1175,53
831,11	1191,92
831,28	1208,30
831,46	1124,33
831,63	1181,68
831,80	1169,39
831,97	1099,76
832,14	1163,25
832,31	1148,91
832,48	1189,87
832,65	1191,92
832,82	1236,97
832,99	1183,73
833,17	1150,96
833,34	1187,82
833,51	1138,67
833,68	1140,72
833,85	1187,82
834,02	1161,20
834,19	1189,87
834,36	1196,01
834,53	1167,34
834,70	1226,73
834,87	1218,54
835,04	1126,38
835,22	1212,40
835,39	1259,50
835,56	1120,24
835,73	1228,78
835,90	1216,49
836,07	1167,34
836,24	1177,58
836,41	1157,10
836,58	1173,49
836,75	1214,45
836,92	1224,69
837,09	1112,05
837,26	1204,21
837,43	1187,82
837,60	1191,92
837,77	1255,40
837,94	1150,96
838,12	1148,91
838,29	1150,96
838,46	1138,67
838,63	1153,01
838,80	1210,35
838,97	1200,11
839,14	1165,29
839,31	1144,81
839,48	1142,77
839,65	1220,59
839,82	1202,16
839,99	1224,69
840,16	1183,73
840,33	1241,07
840,50	1107,95
840,67	1204,21
840,84	1196,01
841,01	1202,16
841,18	1224,69
841,35	1222,64
841,52	1187,82
841,69	1163,25
841,86	1198,06
842,03	1157,10
842,20	1234,93
842,37	1198,06
842,54	1196,01
842,71	1341,42
842,88	1232,88
843,05	1224,69
843,22	1134,57
843,39	1234,93
843,56	1140,72
843,73	1204,21
843,90	1165,29
844,07	1208,30
844,24	1122,29
844,41	1138,67
844,58	1259,50
844,75	1159,15
844,92	1187,82
845,09	1251,31
845,26	1132,53
845,43	1247,21
845,60	1179,63
845,77	1153,01
845,94	1236,97
846,10	1210,35
846,27	1198,06
846,44	1169,39
846,61	1163,25
846,78	1220,59
846,95	1220,59
847,12	1140,72
847,29	1189,87
847,46	1114,10
847,63	1212,40
847,80	1148,91
847,97	1150,96
848,14	1189,87
848,31	1228,78
848,48	1230,83
848,65	1175,53
848,82	1230,83
848,98	1294,32
849,15	1230,83
849,32	1138,67
849,49	1189,87
849,66	1159,15
849,83	1202,16
850,00	1228,78
850,17	1177,58
850,34	1196,01
850,51	1181,68
850,68	1155,05
850,85	1216,49
851,01	1249,26
851,18	1120,24
851,35	1173,49
851,52	1173,49
851,69	1150,96
851,86	1191,92
852,03	1204,21
852,20	1245,16
852,37	1191,92
852,53	1183,73
852,70	1249,26
852,87	1255,40
853,04	1202,16
853,21	1134,57
853,38	1232,88
853,55	1150,96
853,72	1220,59
853,89	1198,06
854,05	1228,78
854,22	1126,38
854,39	1169,39
854,56	1173,49
854,73	1185,77
854,90	1179,63
855,07	1181,68
855,23	1130,48
855,40	1167,34
855,57	1144,81
855,74	1169,39
855,91	1232,88
856,08	1153,01
856,25	1142,77
856,41	1181,68
856,58	1173,49
856,75	1181,68
856,92	1239,02
857,09	1202,16
857,26	1169,39
857,42	1185,77
857,59	1167,34
857,76	1216,49
857,93	1167,34
858,10	1163,25
858,27	1198,06
858,43	1198,06
858,60	1187,82
858,77	1161,20
858,94	1155,05
859,11	1161,20
859,27	1193,97
859,44	1200,11
859,61	1214,45
859,78	1157,10
859,95	1167,34
860,12	1173,49
860,28	1255,40
860,45	1218,54
860,62	1179,63
860,79	1101,81
860,95	1206,25
861,12	1177,58
861,29	1155,05
861,46	1204,21
861,63	1257,45
861,79	1167,34
861,96	1212,40
862,13	1187,82
862,30	1241,07
862,47	1247,21
862,63	1191,92
862,80	1124,33
862,97	1222,64
863,14	1318,89
863,30	1112,05
863,47	1216,49
863,64	1249,26
863,81	1124,33
863,97	1200,11
864,14	1132,53
864,31	1181,68
864,48	1097,71
864,65	1222,64
864,81	1226,73
864,98	1267,69
865,15	1263,60
865,32	1210,35
865,48	1159,15
865,65	1200,11
865,82	1128,43
865,98	1128,43
866,15	1212,40
866,32	1114,10
866,49	1212,40
866,65	1220,59
866,82	1193,97
866,99	1155,05
867,16	1189,87
867,32	1146,86
867,49	1095,66
867,66	1181,68
867,83	1230,83
867,99	1144,81
868,16	1198,06
868,33	1191,92
868,49	1171,44
868,66	1130,48
868,83	1167,34
868,99	1191,92
869,16	1214,45
869,33	1202,16
869,50	1179,63
869,66	1179,63
869,83	1212,40
870,00	1193,97
870,16	1193,97
870,33	1157,10
870,50	1204,21
870,66	1064,94
870,83	1173,49
871,00	1169,39
871,17	1177,58
871,33	1208,30
871,50	1259,50
871,67	1255,40
871,83	1210,35
872,00	1224,69
872,17	1173,49
872,33	1169,39
872,50	1241,07
872,67	1290,22
872,83	1134,57
873,00	1196,01
873,17	1191,92
873,33	1169,39
873,50	1167,34
873,67	1245,16
873,83	1179,63
874,00	1255,40
874,16	1206,25
874,33	1122,29
874,50	1193,97
874,66	1196,01
874,83	1161,20
875,00	1224,69
875,16	1185,77
875,33	1232,88
875,50	1165,29
875,66	1179,63
875,83	1232,88
875,99	1120,24
876,16	1198,06
876,33	1177,58
876,49	1230,83
876,66	1173,49
876,83	1245,16
876,99	1183,73
877,16	1183,73
877,32	1220,59
877,49	1191,92
877,66	1198,06
877,82	1161,20
877,99	1155,05
878,15	1275,88
878,32	1234,93
878,49	1200,11
878,65	1210,35
878,82	1208,30
878,98	1110,00
879,15	1196,01
879,32	1292,27
879,48	1210,35
879,65	1181,68
879,81	1155,05
879,98	1241,07
880,15	1187,82
880,31	1155,05
880,48	1222,64
880,64	1112,05
880,81	1173,49
880,97	1114,10
881,14	1243,12
881,31	1153,01
881,47	1224,69
881,64	1218,54
881,80	1230,83
881,97	1189,87
882,13	1193,97
882,30	1204,21
882,47	1181,68
882,63	1167,34
882,80	1243,12
882,96	1245,16
883,13	1193,97
883,29	1187,82
883,46	1189,87
883,62	1122,29
883,79	1271,79
883,95	1198,06
884,12	1200,11
884,29	1257,45
884,45	1126,38
884,62	1173,49
884,78	1243,12
884,95	1122,29
885,11	1208,30
885,28	1159,15
885,44	1200,11
885,61	1216,49
885,77	1214,45
885,94	1206,25
886,10	1161,20
886,27	1212,40
886,43	1191,92
886,60	1140,72
886,76	1224,69
886,93	1198,06
887,09	1222,64
887,26	1163,25
887,42	1171,44
887,59	1187,82
887,75	1173,49
887,92	1163,25
888,08	1191,92
888,25	1193,97
888,41	1255,40
888,58	1175,53
888,74	1173,49
888,91	1118,19
