177,47	1222,64
177,69	1222,64
177,91	1222,64
178,13	1175,53
178,36	1134,57
178,58	1136,62
178,80	1103,86
179,02	1189,87
179,24	1169,39
179,46	1220,59
179,68	1167,34
179,90	1220,59
180,13	1175,53
180,35	1181,68
180,57	1177,58
180,79	1136,62
181,01	1181,68
181,23	1157,10
181,45	1175,53
181,67	1196,01
181,90	1132,53
182,12	1136,62
182,34	1241,07
182,56	1185,77
182,78	1150,96
183,00	1177,58
183,22	1183,73
183,44	1146,86
183,66	1277,93
183,89	1165,29
184,11	1193,97
184,33	1101,81
184,55	1187,82
184,77	1208,30
184,99	1220,59
185,21	1140,72
185,43	1175,53
185,65	1232,88
185,87	1171,44
186,10	1208,30
186,32	1212,40
186,54	1200,11
186,76	1179,63
186,98	1107,95
187,20	1216,49
187,42	1132,53
187,64	1206,25
187,86	1206,25
188,08	1196,01
188,30	1120,24
188,52	1157,10
188,75	1181,68
188,97	1193,97
189,19	1212,40
189,41	1255,40
189,63	1169,39
189,85	1224,69
190,07	1232,88
190,29	1263,60
190,51	1181,68
190,73	1208,30
190,95	1198,06
191,17	1222,64
191,39	1163,25
191,61	1167,34
191,84	1230,83
192,06	1322,99
192,28	1089,52
192,50	1167,34
192,72	1173,49
192,94	1122,29
193,16	1175,53
193,38	1148,91
193,60	1249,26
193,82	1224,69
194,04	1167,34
194,26	1136,62
194,48	1206,25
194,70	1177,58
194,92	1150,96
195,14	1241,07
195,36	1167,34
195,58	1198,06
195,80	1136,62
196,02	1185,77
196,24	1114,10
196,46	1206,25
196,69	1206,25
196,91	1175,53
197,13	1155,05
197,35	1200,11
197,57	1236,97
197,79	1122,29
198,01	1150,96
198,23	1212,40
198,45	1177,58
198,67	1210,35
198,89	1228,78
199,11	1146,86
199,33	1247,21
199,55	1173,49
199,77	1138,67
199,99	1103,86
200,21	1245,16
200,43	1171,44
200,65	1265,64
200,87	1245,16
201,09	1126,38
201,31	1247,21
201,53	1128,43
201,75	1146,86
201,97	1153,01
202,19	1226,73
202,41	1183,73
202,63	1236,97
202,85	1146,86
203,07	1171,44
203,29	1191,92
203,51	1200,11
203,73	1243,12
203,95	1210,35
204,17	1232,88
204,39	1234,93
204,61	1200,11
204,83	1175,53
205,05	1144,81
205,27	1171,44
205,49	1243,12
205,71	1187,82
205,93	1226,73
206,15	1202,16
206,37	1210,35
206,59	1177,58
206,81	1183,73
207,03	1163,25
207,25	1216,49
207,47	1183,73
207,69	1220,59
207,91	1210,35
208,13	1163,25
208,34	1206,25
208,56	1185,77
208,78	1241,07
209,00	1105,90
209,22	1216,49
209,44	1196,01
209,66	1200,11
209,88	1206,25
210,10	1202,16
210,32	1249,26
210,54	1204,21
210,76	1206,25
210,98	1265,64
211,20	1179,63
211,42	1208,30
211,64	1163,25
211,86	1198,06
212,08	1212,40
212,30	1236,97
212,52	1234,93
212,74	1255,40
212,96	1204,21
213,17	1150,96
213,39	1179,63
213,61	1175,53
213,83	1155,05
214,05	1171,44
214,27	1245,16
214,49	1134,57
214,71	1193,97
214,93	1155,05
215,15	1273,84
215,37	1208,30
215,59	1159,15
215,81	1241,07
216,03	1220,59
216,24	1249,26
216,46	1222,64
216,68	1247,21
216,90	1179,63
217,12	1150,96
217,34	1167,34
217,56	1202,16
217,78	1099,76
218,00	1138,67
218,22	1187,82
218,44	1157,10
218,66	1165,29
218,87	1200,11
219,09	1114,10
219,31	1189,87
219,53	1196,01
219,75	1187,82
219,97	1136,62
220,19	1216,49
220,41	1200,11
220,63	1075,18
220,85	1169,39
221,06	1189,87
221,28	1251,31
221,50	1191,92
221,72	1202,16
221,94	1183,73
222,16	1185,77
222,38	1196,01
222,60	1226,73
222,82	1224,69
223,03	1208,30
223,25	1196,01
223,47	1200,11
223,69	1232,88
223,91	1259,50
224,13	1216,49
224,35	1130,48
224,57	1144,81
224,78	1218,54
225,00	1185,77
225,22	1228,78
225,44	1220,59
225,66	1206,25
225,88	1198,06
226,10	1234,93
226,32	1181,68
226,53	1165,29
226,75	1222,64
226,97	1169,39
227,19	1148,91
227,41	1122,29
227,63	1200,11
227,85	1185,77
228,06	1210,35
228,28	1181,68
228,50	1193,97
228,72	1212,40
228,94	1204,21
229,16	1208,30
229,37	1204,21
229,59	1161,20
229,81	1224,69
230,03	1175,53
230,25	1171,44
230,47	1167,34
230,69	1296,36
230,90	1226,73
231,12	1159,15
231,34	1138,67
231,56	1136,62
231,78	1212,40
232,00	1200,11
232,21	1118,19
232,43	1251,31
232,65	1224,69
232,87	1181,68
233,09	1173,49
233,30	1136,62
233,52	1187,82
233,74	1220,59
233,96	1218,54
234,18	1200,11
234,40	1138,67
234,61	1150,96
234,83	1210,35
235,05	1159,15
235,27	1243,12
235,49	1173,49
235,70	1177,58
235,92	1191,92
236,14	1136,62
236,36	1191,92
236,58	1144,81
236,79	1212,40
237,01	1236,97
237,23	1218,54
237,45	1236,97
237,67	1171,44
237,88	1189,87
238,10	1198,06
238,32	1187,82
238,54	1196,01
238,76	1148,91
238,97	1169,39
239,19	1204,21
239,41	1122,29
239,63	1220,59
239,85	1232,88
240,06	1181,68
240,28	1128,43
240,50	1251,31
240,72	1171,44
240,93	1196,01
241,15	1173,49
241,37	1261,55
241,59	1220,59
241,81	1232,88
242,02	1206,25
242,24	1257,45
242,46	1214,45
242,68	1181,68
242,89	1214,45
243,11	1206,25
243,33	1165,29
243,55	1220,59
243,76	1228,78
243,98	1210,35
244,20	1167,34
244,42	1224,69
244,64	1218,54
244,85	1181,68
245,07	1196,01
245,29	1110,00
245,51	1163,25
245,72	1200,11
245,94	1216,49
246,16	1179,63
246,38	1228,78
246,59	1085,42
246,81	1150,96
247,03	1134,57
247,24	1230,83
247,46	1165,29
247,68	1163,25
247,90	1198,06
248,11	1202,16
248,33	1161,20
248,55	1210,35
248,77	1161,20
248,98	1202,16
249,20	1202,16
249,42	1222,64
249,64	1202,16
249,85	1175,53
250,07	1253,36
250,29	1116,14
250,50	1236,97
250,72	1253,36
250,94	1245,16
251,16	1212,40
251,37	1200,11
251,59	1226,73
251,81	1189,87
252,02	1165,29
252,24	1167,34
252,46	1193,97
252,68	1159,15
252,89	1193,97
253,11	1179,63
253,33	1183,73
253,54	1159,15
253,76	1157,10
253,98	1204,21
254,20	1191,92
254,41	1183,73
254,63	1196,01
254,85	1202,16
255,06	1245,16
255,28	1206,25
255,50	1247,21
255,71	1269,74
255,93	1226,73
256,15	1183,73
256,36	1200,11
256,58	1218,54
256,80	1189,87
257,02	1177,58
257,23	1241,07
257,45	1124,33
257,67	1245,16
257,88	1159,15
258,10	1187,82
258,32	1191,92
258,53	1220,59
258,75	1179,63
258,97	1222,64
259,18	1171,44
259,40	1181,68
259,62	1247,21
259,83	1173,49
260,05	1218,54
260,27	1222,64
260,48	1212,40
260,70	1148,91
260,92	1175,53
261,13	1155,05
261,35	1286,12
261,57	1208,30
261,78	1148,91
262,00	1110,00
262,22	1175,53
262,43	1171,44
262,65	1198,06
262,86	1189,87
263,08	1230,83
263,30	1271,79
263,51	1159,15
263,73	1232,88
263,95	1230,83
264,16	1185,77
264,38	1189,87
264,60	1202,16
264,81	1144,81
265,03	1251,31
265,25	1159,15
265,46	1243,12
265,68	1171,44
265,89	1181,68
266,11	1214,45
266,33	1175,53
266,54	1212,40
266,76	1222,64
266,98	1232,88
267,19	1222,64
267,41	1230,83
267,62	1206,25
267,84	1232,88
268,06	1218,54
268,27	1159,15
268,49	1251,31
268,70	1226,73
268,92	1204,21
269,14	1163,25
269,35	1220,59
269,57	1185,77
269,79	1144,81
270,00	1159,15
270,22	1161,20
270,43	1218,54
270,65	1198,06
270,87	1148,91
271,08	1212,40
271,30	1136,62
271,51	1208,30
271,73	1179,63
271,95	1200,11
272,16	1110,00
272,38	1179,63
272,59	1200,11
272,81	1189,87
273,02	1179,63
273,24	1136,62
273,46	1173,49
273,67	1208,30
273,89	1204,21
274,10	1173,49
274,32	1189,87
274,54	1239,02
274,75	1128,43
274,97	1183,73
275,18	1159,15
275,40	1230,83
275,61	1210,35
275,83	1200,11
276,05	1189,87
276,26	1216,49
276,48	1183,73
276,69	1255,40
276,91	1136,62
277,12	1206,25
277,34	1275,88
277,55	1249,26
277,77	1261,55
277,99	1228,78
278,20	1130,48
278,42	1257,45
278,63	1136,62
278,85	1210,35
279,06	1136,62
279,28	1173,49
279,49	1230,83
279,71	1132,53
279,93	1173,49
280,14	1175,53
280,36	1140,72
280,57	1185,77
280,79	1116,14
281,00	1206,25
281,22	1157,10
281,43	1187,82
281,65	1167,34
281,86	1214,45
282,08	1226,73
282,29	1298,41
282,51	1177,58
282,73	1101,81
282,94	1249,26
283,16	1218,54
283,37	1169,39
283,59	1196,01
283,80	1128,43
284,02	1216,49
284,23	1243,12
284,45	1191,92
284,66	1161,20
284,88	1153,01
285,09	1105,90
285,31	1155,05
285,52	1167,34
285,74	1196,01
285,95	1239,02
286,17	1165,29
286,38	1185,77
286,60	1175,53
286,81	1140,72
287,03	1232,88
287,24	1208,30
287,46	1226,73
287,67	1200,11
287,89	1306,60
288,10	1204,21
288,32	1118,19
288,53	1142,77
288,75	1181,68
288,96	1216,49
289,18	1136,62
289,39	1275,88
289,61	1198,06
289,82	1179,63
290,04	1236,97
290,25	1196,01
290,47	1212,40
290,68	1163,25
290,90	1218,54
291,11	1171,44
291,33	1212,40
291,54	1234,93
291,76	1081,33
291,97	1200,11
292,18	1177,58
292,40	1150,96
292,61	1193,97
292,83	1206,25
293,04	1132,53
293,26	1183,73
293,47	1167,34
293,69	1208,30
293,90	1222,64
294,12	1179,63
294,33	1179,63
294,55	1224,69
294,76	1267,69
294,97	1171,44
295,19	1212,40
295,40	1155,05
295,62	1150,96
295,83	1208,30
296,05	1161,20
296,26	1212,40
296,48	1228,78
296,69	1204,21
296,90	1142,77
297,12	1208,30
297,33	1232,88
297,55	1218,54
297,76	1136,62
297,98	1181,68
298,19	1193,97
298,41	1179,63
298,62	1191,92
298,83	1167,34
299,05	1136,62
299,26	1214,45
299,48	1187,82
299,69	1169,39
299,90	1243,12
300,12	1222,64
300,33	1265,64
300,55	1134,57
300,76	1222,64
300,98	1161,20
301,19	1269,74
301,40	1155,05
301,62	1146,86
301,83	1224,69
302,05	1165,29
302,26	1204,21
302,47	1226,73
302,69	1277,93
302,90	1142,77
303,12	1196,01
303,33	1222,64
303,54	1189,87
303,76	1157,10
303,97	1163,25
304,19	1189,87
304,40	1089,52
304,61	1183,73
304,83	1243,12
305,04	1183,73
305,26	1175,53
305,47	1218,54
305,68	1187,82
305,90	1214,45
306,11	1243,12
306,33	1189,87
306,54	1140,72
306,75	1183,73
306,97	1224,69
307,18	1193,97
307,39	1126,38
307,61	1173,49
307,82	1196,01
308,04	1204,21
308,25	1124,33
308,46	1157,10
308,68	1153,01
308,89	1159,15
309,10	1150,96
309,32	1241,07
309,53	1177,58
309,74	1157,10
309,96	1269,74
310,17	1271,79
310,39	1204,21
310,60	1206,25
310,81	1179,63
311,03	1267,69
311,24	1165,29
311,45	1204,21
311,67	1226,73
311,88	1249,26
312,09	1234,93
312,31	1257,45
312,52	1271,79
312,73	1206,25
312,95	1214,45
313,16	1214,45
313,37	1177,58
313,59	1191,92
313,80	1185,77
314,01	1247,21
314,23	1228,78
314,44	1202,16
314,65	1161,20
314,87	1214,45
315,08	1210,35
315,29	1175,53
315,51	1257,45
315,72	1171,44
315,93	1212,40
316,15	1169,39
316,36	1196,01
316,57	1294,32
316,79	1261,55
317,00	1169,39
317,21	1232,88
317,43	1159,15
317,64	1153,01
317,85	1159,15
318,07	1155,05
318,28	1200,11
318,49	1185,77
318,70	1239,02
318,92	1171,44
319,13	1204,21
319,34	1265,64
319,56	1226,73
319,77	1191,92
319,98	1187,82
320,20	1187,82
320,41	1161,20
320,62	1187,82
320,83	1173,49
321,05	1212,40
321,26	1140,72
321,47	1239,02
321,69	1206,25
321,90	1196,01
322,11	1187,82
322,32	1189,87
322,54	1193,97
322,75	1183,73
322,96	1163,25
323,18	1226,73
323,39	1224,69
323,60	1222,64
323,81	1181,68
324,03	1228,78
324,24	1216,49
324,45	1181,68
324,66	1159,15
324,88	1277,93
325,09	1196,01
325,30	1210,35
325,52	1163,25
325,73	1275,88
325,94	1189,87
326,15	1144,81
326,37	1171,44
326,58	1126,38
326,79	1206,25
327,00	1169,39
327,22	1175,53
327,43	1167,34
327,64	1163,25
327,85	1220,59
328,07	1236,97
328,28	1146,86
328,49	1167,34
328,70	1179,63
328,92	1249,26
329,13	1212,40
329,34	1185,77
329,55	1163,25
329,76	1226,73
329,98	1200,11
330,19	1308,65
330,40	1175,53
330,61	1277,93
330,83	1150,96
331,04	1224,69
331,25	1159,15
331,46	1140,72
331,68	1208,30
331,89	1173,49
332,10	1210,35
332,31	1232,88
332,52	1169,39
332,74	1159,15
332,95	1200,11
333,16	1179,63
333,37	1187,82
333,58	1159,15
333,80	1234,93
334,01	1218,54
334,22	1177,58
334,43	1247,21
334,64	1187,82
334,86	1185,77
335,07	1200,11
335,28	1130,48
335,49	1189,87
335,70	1140,72
335,92	1110,00
336,13	1236,97
336,34	1191,92
336,55	1183,73
336,76	1138,67
336,98	1144,81
337,19	1173,49
337,40	1153,01
337,61	1183,73
337,82	1200,11
338,04	1218,54
338,25	1189,87
338,46	1163,25
338,67	1216,49
338,88	1196,01
339,09	1232,88
339,31	1243,12
339,52	1161,20
339,73	1150,96
339,94	1191,92
340,15	1148,91
340,36	1173,49
340,58	1212,40
340,79	1191,92
341,00	1230,83
341,21	1243,12
341,42	1122,29
341,63	1253,36
341,85	1142,77
342,06	1179,63
342,27	1273,84
342,48	1216,49
342,69	1148,91
342,90	1175,53
343,12	1218,54
343,33	1206,25
343,54	1228,78
343,75	1247,21
343,96	1171,44
344,17	1165,29
344,38	1155,05
344,60	1208,30
344,81	1148,91
345,02	1212,40
345,23	1204,21
345,44	1230,83
345,65	1214,45
345,86	1245,16
346,07	1161,20
346,29	1198,06
346,50	1243,12
346,71	1165,29
346,92	1107,95
347,13	1122,29
347,34	1161,20
347,55	1187,82
347,76	1218,54
347,98	1114,10
348,19	1175,53
348,40	1261,55
348,61	1196,01
348,82	1181,68
349,03	1241,07
349,24	1185,77
349,45	1169,39
349,66	1169,39
349,88	1253,36
350,09	1191,92
350,30	1218,54
350,51	1183,73
350,72	1187,82
350,93	1198,06
351,14	1183,73
351,35	1142,77
351,56	1228,78
351,77	1165,29
351,99	1181,68
352,20	1183,73
352,41	1206,25
352,62	1171,44
352,83	1265,64
353,04	1183,73
353,25	1179,63
353,46	1191,92
353,67	1191,92
353,88	1214,45
354,09	1202,16
354,30	1226,73
354,52	1187,82
354,73	1193,97
354,94	1208,30
355,15	1157,10
355,36	1167,34
355,57	1179,63
355,78	1187,82
355,99	1216,49
356,20	1183,73
356,41	1204,21
356,62	1155,05
356,83	1193,97
357,04	1179,63
357,25	1218,54
357,46	1236,97
357,68	1112,05
357,89	1220,59
358,10	1208,30
358,31	1185,77
358,52	1161,20
358,73	1249,26
358,94	1185,77
359,15	1208,30
359,36	1187,82
359,57	1202,16
359,78	1210,35
359,99	1236,97
360,20	1167,34
360,41	1157,10
360,62	1200,11
360,83	1204,21
361,04	1155,05
361,25	1212,40
361,46	1228,78
361,67	1204,21
361,88	1142,77
362,09	1187,82
362,30	1193,97
362,51	1196,01
362,72	1189,87
362,93	1214,45
363,14	1222,64
363,35	1165,29
363,56	1181,68
363,78	1126,38
363,99	1228,78
364,20	1286,12
364,41	1243,12
364,62	1189,87
364,83	1228,78
365,04	1265,64
365,25	1173,49
365,46	1208,30
365,67	1177,58
365,88	1228,78
366,09	1144,81
366,30	1183,73
366,51	1167,34
366,72	1173,49
366,93	1222,64
367,14	1173,49
367,35	1277,93
367,56	1193,97
367,77	1224,69
367,98	1114,10
368,18	1189,87
368,39	1212,40
368,60	1150,96
368,81	1251,31
369,02	1193,97
369,23	1185,77
369,44	1189,87
369,65	1161,20
369,86	1234,93
370,07	1169,39
370,28	1185,77
370,49	1181,68
370,70	1169,39
370,91	1251,31
371,12	1241,07
371,33	1191,92
371,54	1181,68
371,75	1157,10
371,96	1144,81
372,17	1177,58
372,38	1187,82
372,59	1187,82
372,80	1200,11
373,01	1177,58
373,22	1069,04
373,43	1257,45
373,64	1134,57
373,85	1177,58
374,06	1243,12
374,26	1161,20
374,47	1187,82
374,68	1228,78
374,89	1214,45
375,10	1241,07
375,31	1191,92
375,52	1191,92
375,73	1173,49
375,94	1187,82
376,15	1214,45
376,36	1189,87
376,57	1202,16
376,78	1218,54
376,99	1228,78
377,20	1202,16
377,40	1198,06
377,61	1179,63
377,82	1187,82
378,03	1210,35
378,24	1191,92
378,45	1191,92
378,66	1175,53
378,87	1177,58
379,08	1161,20
379,29	1187,82
379,50	1286,12
379,71	1155,05
379,91	1200,11
380,12	1167,34
380,33	1208,30
380,54	1136,62
380,75	1220,59
380,96	1157,10
381,17	1187,82
381,38	1265,64
381,59	1204,21
381,80	1150,96
382,00	1159,15
382,21	1212,40
382,42	1241,07
382,63	1155,05
382,84	1173,49
383,05	1155,05
383,26	1146,86
383,47	1089,52
383,68	1173,49
383,88	1218,54
384,09	1196,01
384,30	1210,35
384,51	1206,25
384,72	1257,45
384,93	1253,36
385,14	1222,64
385,35	1243,12
385,55	1224,69
385,76	1216,49
385,97	1165,29
386,18	1179,63
386,39	1228,78
386,60	1216,49
386,81	1245,16
387,02	1271,79
387,22	1122,29
387,43	1169,39
387,64	1181,68
387,85	1181,68
388,06	1193,97
388,27	1216,49
388,48	1220,59
388,68	1124,33
388,89	1228,78
389,10	1159,15
389,31	1112,05
389,52	1202,16
389,73	1241,07
389,93	1265,64
390,14	1167,34
390,35	1148,91
390,56	1210,35
390,77	1243,12
390,98	1179,63
391,18	1150,96
391,39	1138,67
391,60	1181,68
391,81	1142,77
392,02	1196,01
392,23	1159,15
392,43	1267,69
392,64	1187,82
392,85	1210,35
393,06	1181,68
393,27	1210,35
393,47	1155,05
393,68	1177,58
393,89	1187,82
394,10	1220,59
394,31	1159,15
394,52	1175,53
394,72	1148,91
394,93	1193,97
395,14	1208,30
395,35	1093,62
395,56	1222,64
395,76	1157,10
395,97	1187,82
396,18	1110,00
396,39	1208,30
396,60	1265,64
396,80	1198,06
397,01	1191,92
397,22	1159,15
397,43	1159,15
397,64	1214,45
397,84	1247,21
398,05	1198,06
398,26	1245,16
398,47	1204,21
398,67	1187,82
398,88	1196,01
399,09	1189,87
399,30	1183,73
399,51	1193,97
399,71	1159,15
399,92	1185,77
400,13	1247,21
400,34	1159,15
400,54	1179,63
400,75	1107,95
400,96	1230,83
401,17	1140,72
401,37	1263,60
401,58	1257,45
401,79	1208,30
402,00	1183,73
402,21	1216,49
402,41	1200,11
402,62	1157,10
402,83	1243,12
403,04	1181,68
403,24	1159,15
403,45	1163,25
403,66	1284,08
403,87	1171,44
404,07	1206,25
404,28	1183,73
404,49	1189,87
404,70	1150,96
404,90	1142,77
405,11	1247,21
405,32	1202,16
405,52	1257,45
405,73	1210,35
405,94	1140,72
406,15	1193,97
406,35	1173,49
406,56	1222,64
406,77	1179,63
406,98	1146,86
407,18	1138,67
407,39	1189,87
407,60	1234,93
407,80	1206,25
408,01	1220,59
408,22	1198,06
408,43	1179,63
408,63	1146,86
408,84	1204,21
409,05	1273,84
409,25	1173,49
409,46	1212,40
409,67	1183,73
409,88	1173,49
410,08	1234,93
410,29	1206,25
410,50	1220,59
410,70	1185,77
410,91	1157,10
411,12	1222,64
411,32	1255,40
411,53	1230,83
411,74	1167,34
411,95	1161,20
412,15	1185,77
412,36	1150,96
412,57	1107,95
412,77	1134,57
412,98	1263,60
413,19	1157,10
413,39	1218,54
413,60	1167,34
413,81	1269,74
414,01	1140,72
414,22	1198,06
414,43	1128,43
414,63	1124,33
414,84	1204,21
415,05	1173,49
415,25	1228,78
415,46	1226,73
415,67	1175,53
415,87	1138,67
416,08	1230,83
416,29	1155,05
416,49	1236,97
416,70	1185,77
416,91	1253,36
417,11	1198,06
417,32	1181,68
417,53	1161,20
417,73	1163,25
417,94	1208,30
418,15	1157,10
418,35	1202,16
418,56	1167,34
418,77	1124,33
418,97	1183,73
419,18	1267,69
419,38	1214,45
419,59	1230,83
419,80	1177,58
420,00	1236,97
420,21	1140,72
420,42	1185,77
420,62	1208,30
420,83	1249,26
421,04	1183,73
421,24	1167,34
421,45	1298,41
421,65	1198,06
421,86	1206,25
422,07	1130,48
422,27	1216,49
422,48	1198,06
422,69	1212,40
422,89	1202,16
423,10	1179,63
423,30	1185,77
423,51	1214,45
423,72	1206,25
423,92	1144,81
424,13	1157,10
424,33	1212,40
424,54	1191,92
424,75	1153,01
424,95	1167,34
425,16	1224,69
425,36	1187,82
425,57	1226,73
425,78	1157,10
425,98	1142,77
426,19	1228,78
426,39	1181,68
426,60	1206,25
426,81	1148,91
427,01	1230,83
427,22	1181,68
427,42	1230,83
427,63	1185,77
427,83	1230,83
428,04	1224,69
428,25	1204,21
428,45	1222,64
428,66	1226,73
428,86	1239,02
429,07	1114,10
429,28	1165,29
429,48	1099,76
429,69	1138,67
429,89	1183,73
430,10	1191,92
430,30	1206,25
430,51	1236,97
430,71	1200,11
430,92	1198,06
431,13	1187,82
431,33	1236,97
431,54	1187,82
431,74	1122,29
431,95	1171,44
432,15	1257,45
432,36	1187,82
432,56	1210,35
432,77	1224,69
432,98	1206,25
433,18	1284,08
433,39	1155,05
433,59	1228,78
433,80	1236,97
434,00	1155,05
434,21	1230,83
434,41	1269,74
434,62	1155,05
434,82	1247,21
435,03	1185,77
435,23	1155,05
435,44	1187,82
435,64	1214,45
435,85	1144,81
436,06	1193,97
436,26	1222,64
436,47	1155,05
436,67	1138,67
436,88	1218,54
437,08	1210,35
437,29	1247,21
437,49	1249,26
437,70	1122,29
437,90	1232,88
438,11	1230,83
438,31	1220,59
438,52	1169,39
438,72	1179,63
438,93	1202,16
439,13	1241,07
439,34	1230,83
439,54	1230,83
439,75	1214,45
439,95	1138,67
440,16	1134,57
440,36	1179,63
440,57	1204,21
440,77	1175,53
440,98	1200,11
441,18	1224,69
441,39	1185,77
441,59	1134,57
441,80	1193,97
442,00	1171,44
442,21	1167,34
442,41	1120,24
442,62	1189,87
442,82	1198,06
443,02	1206,25
443,23	1263,60
443,43	1214,45
443,64	1214,45
443,84	1263,60
444,05	1251,31
444,25	1255,40
444,46	1130,48
444,66	1247,21
444,87	1193,97
445,07	1202,16
445,28	1212,40
445,48	1220,59
445,69	1212,40
445,89	1189,87
446,09	1181,68
446,30	1241,07
446,50	1245,16
446,71	1124,33
446,91	1210,35
447,12	1236,97
447,32	1185,77
447,53	1232,88
447,73	1251,31
447,93	1204,21
448,14	1224,69
448,34	1167,34
448,55	1241,07
448,75	1214,45
448,96	1148,91
449,16	1157,10
449,36	1191,92
449,57	1202,16
449,77	1255,40
449,98	1257,45
450,18	1091,57
450,39	1198,06
450,59	1159,15
450,79	1183,73
451,00	1222,64
451,20	1136,62
451,41	1181,68
451,61	1150,96
451,81	1243,12
452,02	1202,16
452,22	1212,40
452,43	1191,92
452,63	1220,59
452,84	1257,45
453,04	1204,21
453,24	1153,01
453,45	1243,12
453,65	1097,71
453,86	1204,21
454,06	1269,74
454,26	1185,77
454,47	1236,97
454,67	1241,07
454,87	1198,06
455,08	1179,63
455,28	1208,30
455,49	1173,49
455,69	1173,49
455,89	1247,21
456,10	1228,78
456,30	1239,02
456,51	1193,97
456,71	1177,58
456,91	1181,68
457,12	1208,30
457,32	1230,83
457,52	1183,73
457,73	1245,16
457,93	1206,25
458,14	1183,73
458,34	1150,96
458,54	1167,34
458,75	1224,69
458,95	1193,97
459,15	1146,86
459,36	1216,49
459,56	1169,39
459,76	1210,35
459,97	1218,54
460,17	1187,82
460,37	1232,88
460,58	1146,86
460,78	1112,05
460,99	1157,10
461,19	1230,83
461,39	1173,49
461,60	1163,25
461,80	1216,49
462,00	1249,26
462,21	1230,83
462,41	1222,64
462,61	1185,77
462,82	1306,60
463,02	1257,45
463,22	1282,03
463,43	1232,88
463,63	1193,97
463,83	1179,63
464,04	1157,10
464,24	1214,45
464,44	1200,11
464,64	1267,69
464,85	1128,43
465,05	1224,69
465,25	1165,29
465,46	1146,86
465,66	1126,38
465,86	1216,49
466,07	1171,44
466,27	1153,01
466,47	1181,68
466,68	1122,29
466,88	1181,68
467,08	1218,54
467,29	1206,25
467,49	1171,44
467,69	1261,55
467,89	1085,42
468,10	1226,73
468,30	1226,73
468,50	1103,86
468,71	1193,97
468,91	1157,10
469,11	1196,01
469,31	1200,11
469,52	1202,16
469,72	1175,53
469,92	1218,54
470,13	1142,77
470,33	1245,16
470,53	1232,88
470,73	1138,67
470,94	1171,44
471,14	1241,07
471,34	1189,87
471,54	1185,77
471,75	1239,02
471,95	1206,25
472,15	1253,36
472,36	1155,05
472,56	1185,77
472,76	1179,63
472,96	1232,88
473,17	1259,50
473,37	1230,83
473,57	1161,20
473,77	1306,60
473,98	1142,77
474,18	1179,63
474,38	1148,91
474,58	1181,68
474,79	1101,81
474,99	1140,72
475,19	1198,06
475,39	1175,53
475,60	1155,05
475,80	1191,92
476,00	1112,05
476,20	1198,06
476,41	1200,11
476,61	1206,25
476,81	1134,57
477,01	1140,72
477,21	1200,11
477,42	1183,73
477,62	1200,11
477,82	1169,39
478,02	1236,97
478,23	1179,63
478,43	1169,39
478,63	1236,97
478,83	1187,82
479,03	1187,82
479,24	1202,16
479,44	1153,01
479,64	1204,21
479,84	1239,02
480,04	1175,53
480,25	1165,29
480,45	1183,73
480,65	1112,05
480,85	1169,39
481,06	1148,91
481,26	1144,81
481,46	1191,92
481,66	1202,16
481,86	1175,53
482,06	1171,44
482,27	1161,20
482,47	1220,59
482,67	1173,49
482,87	1173,49
483,07	1236,97
483,28	1116,14
483,48	1191,92
483,68	1134,57
483,88	1208,30
484,08	1185,77
484,29	1179,63
484,49	1173,49
484,69	1159,15
484,89	1204,21
485,09	1224,69
485,29	1202,16
485,50	1118,19
485,70	1249,26
485,90	1232,88
486,10	1198,06
486,30	1273,84
486,50	1224,69
486,71	1187,82
486,91	1230,83
487,11	1269,74
487,31	1138,67
487,51	1200,11
487,71	1206,25
487,91	1183,73
488,12	1196,01
488,32	1224,69
488,52	1193,97
488,72	1118,19
488,92	1187,82
489,12	1230,83
489,32	1208,30
489,53	1261,55
489,73	1241,07
489,93	1177,58
490,13	1181,68
490,33	1191,92
490,53	1144,81
490,73	1134,57
490,94	1220,59
491,14	1243,12
491,34	1202,16
491,54	1198,06
491,74	1216,49
491,94	1171,44
492,14	1169,39
492,34	1222,64
492,54	1204,21
492,75	1165,29
492,95	1200,11
493,15	1191,92
493,35	1202,16
493,55	1179,63
493,75	1247,21
493,95	1249,26
494,15	1189,87
494,35	1175,53
494,56	1214,45
494,76	1171,44
494,96	1224,69
495,16	1218,54
495,36	1138,67
495,56	1153,01
495,76	1212,40
495,96	1171,44
496,16	1208,30
496,36	1200,11
496,56	1159,15
496,77	1214,45
496,97	1222,64
497,17	1204,21
497,37	1136,62
497,57	1163,25
497,77	1157,10
497,97	1126,38
498,17	1142,77
498,37	1224,69
498,57	1202,16
498,77	1247,21
498,97	1130,48
499,17	1185,77
499,38	1163,25
499,58	1171,44
499,78	1210,35
499,98	1196,01
500,18	1224,69
500,38	1183,73
500,58	1187,82
500,78	1265,64
500,98	1138,67
501,18	1243,12
501,38	1224,69
501,58	1282,03
501,78	1181,68
501,98	1208,30
502,18	1206,25
502,38	1216,49
502,58	1183,73
502,78	1148,91
502,98	1175,53
503,18	1202,16
503,38	1148,91
503,59	1189,87
503,79	1206,25
503,99	1155,05
504,19	1222,64
504,39	1155,05
504,59	1177,58
504,79	1218,54
504,99	1200,11
505,19	1132,53
505,39	1112,05
505,59	1175,53
505,79	1191,92
505,99	1210,35
506,19	1187,82
506,39	1193,97
506,59	1169,39
506,79	1249,26
506,99	1189,87
507,19	1193,97
507,39	1187,82
507,59	1122,29
507,79	1210,35
507,99	1179,63
508,19	1140,72
508,39	1183,73
508,59	1167,34
508,79	1193,97
508,99	1202,16
509,19	1150,96
509,39	1222,64
509,59	1153,01
509,79	1173,49
509,99	1224,69
510,19	1167,34
510,39	1150,96
510,59	1216,49
510,79	1204,21
510,99	1185,77
511,19	1169,39
511,39	1191,92
511,59	1183,73
511,79	1167,34
511,99	1257,45
512,19	1286,12
512,38	1173,49
512,58	1122,29
512,78	1208,30
512,98	1202,16
513,18	1200,11
513,38	1181,68
513,58	1181,68
513,78	1212,40
513,98	1159,15
514,18	1118,19
514,38	1189,87
514,58	1161,20
514,78	1200,11
514,98	1159,15
515,18	1191,92
515,38	1224,69
515,58	1214,45
515,78	1175,53
515,98	1202,16
516,18	1155,05
516,38	1267,69
516,57	1210,35
516,77	1159,15
516,97	1220,59
517,17	1128,43
517,37	1228,78
517,57	1220,59
517,77	1177,58
517,97	1167,34
518,17	1234,93
518,37	1224,69
518,57	1214,45
518,77	1200,11
518,97	1155,05
519,16	1155,05
519,36	1230,83
519,56	1122,29
519,76	1146,86
519,96	1179,63
520,16	1216,49
520,36	1210,35
520,56	1224,69
520,76	1112,05
520,96	1257,45
521,16	1214,45
521,35	1241,07
521,55	1179,63
521,75	1214,45
521,95	1263,60
522,15	1212,40
522,35	1198,06
522,55	1153,01
522,75	1241,07
522,95	1120,24
523,14	1155,05
523,34	1142,77
523,54	1232,88
523,74	1191,92
523,94	1232,88
524,14	1144,81
524,34	1089,52
524,54	1198,06
524,73	1128,43
524,93	1249,26
525,13	1146,86
525,33	1230,83
525,53	1161,20
525,73	1230,83
525,93	1210,35
526,13	1202,16
526,32	1130,48
526,52	1200,11
526,72	1181,68
526,92	1228,78
527,12	1173,49
527,32	1179,63
527,52	1214,45
527,71	1187,82
527,91	1175,53
528,11	1179,63
528,31	1126,38
528,51	1187,82
528,71	1167,34
528,90	1212,40
529,10	1241,07
529,30	1220,59
529,50	1251,31
529,70	1159,15
529,90	1224,69
530,09	1202,16
530,29	1169,39
530,49	1204,21
530,69	1179,63
530,89	1222,64
531,09	1214,45
531,28	1196,01
531,48	1202,16
531,68	1206,25
531,88	1161,20
532,08	1214,45
532,28	1187,82
532,47	1198,06
532,67	1232,88
532,87	1155,05
533,07	1183,73
533,27	1185,77
533,46	1230,83
533,66	1173,49
533,86	1228,78
534,06	1181,68
534,26	1230,83
534,45	1263,60
534,65	1150,96
534,85	1200,11
535,05	1204,21
535,25	1185,77
535,44	1165,29
535,64	1269,74
535,84	1232,88
536,04	1193,97
536,24	1214,45
536,43	1126,38
536,63	1177,58
536,83	1169,39
537,03	1171,44
537,22	1150,96
537,42	1265,64
537,62	1198,06
537,82	1210,35
538,02	1257,45
538,21	1200,11
538,41	1202,16
538,61	1210,35
538,81	1175,53
539,00	1132,53
539,20	1159,15
539,40	1249,26
539,60	1249,26
539,79	1218,54
539,99	1191,92
540,19	1173,49
540,39	1085,42
540,58	1173,49
540,78	1089,52
540,98	1175,53
541,18	1214,45
541,37	1214,45
541,57	1241,07
541,77	1181,68
541,97	1222,64
542,16	1212,40
542,36	1212,40
542,56	1230,83
542,76	1236,97
542,95	1110,00
543,15	1153,01
543,35	1218,54
543,54	1232,88
543,74	1193,97
543,94	1189,87
544,14	1157,10
544,33	1198,06
544,53	1253,36
544,73	1241,07
544,93	1150,96
545,12	1161,20
545,32	1101,81
545,52	1226,73
545,71	1208,30
545,91	1193,97
546,11	1257,45
546,30	1157,10
546,50	1228,78
546,70	1189,87
546,90	1228,78
547,09	1150,96
547,29	1187,82
547,49	1191,92
547,68	1251,31
547,88	1220,59
548,08	1191,92
548,27	1279,98
548,47	1163,25
548,67	1177,58
548,87	1132,53
549,06	1189,87
549,26	1196,01
549,46	1153,01
549,65	1198,06
549,85	1200,11
550,05	1165,29
550,24	1206,25
550,44	1181,68
550,64	1226,73
550,83	1232,88
551,03	1196,01
551,23	1212,40
551,42	1161,20
551,62	1132,53
551,82	1216,49
552,01	1234,93
552,21	1212,40
552,41	1290,22
552,60	1118,19
552,80	1202,16
553,00	1214,45
553,19	1183,73
553,39	1265,64
553,59	1189,87
553,78	1236,97
553,98	1257,45
554,17	1150,96
554,37	1193,97
554,57	1224,69
554,76	1191,92
554,96	1142,77
555,16	1259,50
555,35	1245,16
555,55	1234,93
555,75	1161,20
555,94	1187,82
556,14	1253,36
556,33	1173,49
556,53	1202,16
556,73	1243,12
556,92	1204,21
557,12	1249,26
557,32	1185,77
557,51	1150,96
557,71	1136,62
557,90	1245,16
558,10	1150,96
558,30	1159,15
558,49	1204,21
558,69	1181,68
558,88	1230,83
559,08	1146,86
559,28	1187,82
559,47	1265,64
559,67	1146,86
559,86	1140,72
560,06	1191,92
560,26	1142,77
560,45	1212,40
560,65	1220,59
560,84	1191,92
561,04	1253,36
561,24	1241,07
561,43	1142,77
561,63	1218,54
561,82	1169,39
562,02	1187,82
562,22	1200,11
562,41	1122,29
562,61	1234,93
562,80	1187,82
563,00	1155,05
563,19	1155,05
563,39	1193,97
563,59	1181,68
563,78	1210,35
563,98	1173,49
564,17	1134,57
564,37	1204,21
564,56	1136,62
564,76	1087,47
564,96	1185,77
565,15	1173,49
565,35	1255,40
565,54	1210,35
565,74	1146,86
565,93	1232,88
566,13	1214,45
566,32	1189,87
566,52	1212,40
566,71	1208,30
566,91	1150,96
567,11	1163,25
567,30	1228,78
567,50	1208,30
567,69	1206,25
567,89	1181,68
568,08	1230,83
568,28	1107,95
568,47	1144,81
568,67	1183,73
568,86	1222,64
569,06	1140,72
569,25	1239,02
569,45	1171,44
569,64	1183,73
569,84	1128,43
570,04	1122,29
570,23	1167,34
570,43	1185,77
570,62	1279,98
570,82	1134,57
571,01	1243,12
571,21	1150,96
571,40	1153,01
571,60	1134,57
571,79	1193,97
571,99	1204,21
572,18	1167,34
572,38	1171,44
572,57	1247,21
572,77	1222,64
572,96	1165,29
573,16	1157,10
573,35	1157,10
573,55	1200,11
573,74	1196,01
573,94	1099,76
574,13	1144,81
574,33	1200,11
574,52	1155,05
574,71	1193,97
574,91	1118,19
575,10	1159,15
575,30	1155,05
575,49	1097,71
575,69	1142,77
575,88	1273,84
576,08	1191,92
576,27	1230,83
576,47	1155,05
576,66	1224,69
576,86	1134,57
577,05	1196,01
577,25	1193,97
577,44	1175,53
577,64	1212,40
577,83	1236,97
578,02	1175,53
578,22	1193,97
578,41	1032,18
578,61	1150,96
578,80	1196,01
579,00	1196,01
579,19	1183,73
579,39	1153,01
579,58	1230,83
579,77	1232,88
579,97	1138,67
580,16	1206,25
580,36	1181,68
580,55	1253,36
580,75	1247,21
580,94	1263,60
581,13	1193,97
581,33	1214,45
581,52	1193,97
581,72	1183,73
581,91	1171,44
582,11	1208,30
582,30	1196,01
582,49	1226,73
582,69	1265,64
582,88	1185,77
583,08	1222,64
583,27	1191,92
583,47	1132,53
583,66	1165,29
583,85	1267,69
584,05	1112,05
584,24	1198,06
584,44	1183,73
584,63	1247,21
584,82	1112,05
585,02	1198,06
585,21	1198,06
585,41	1122,29
585,60	1161,20
585,79	1153,01
585,99	1142,77
586,18	1177,58
586,37	1251,31
586,57	1179,63
586,76	1234,93
586,96	1155,05
587,15	1148,91
587,34	1167,34
587,54	1134,57
587,73	1175,53
587,93	1181,68
588,12	1130,48
588,31	1136,62
588,51	1239,02
588,70	1130,48
588,89	1234,93
589,09	1279,98
589,28	1167,34
589,47	1216,49
589,67	1216,49
589,86	1206,25
590,06	1155,05
590,25	1224,69
590,44	1189,87
590,64	1212,40
590,83	1232,88
591,02	1220,59
591,22	1259,50
591,41	1230,83
591,60	1210,35
591,80	1163,25
591,99	1153,01
592,18	1208,30
592,38	1173,49
592,57	1189,87
592,76	1202,16
592,96	1181,68
593,15	1169,39
593,34	1191,92
593,54	1161,20
593,73	1193,97
593,92	1140,72
594,12	1247,21
594,31	1224,69
594,50	1175,53
594,70	1183,73
594,89	1234,93
595,08	1220,59
595,28	1212,40
595,47	1245,16
595,66	1232,88
595,86	1230,83
596,05	1167,34
596,24	1159,15
596,43	1187,82
596,63	1193,97
596,82	1193,97
597,01	1253,36
597,21	1183,73
597,40	1200,11
597,59	1122,29
597,79	1257,45
597,98	1220,59
598,17	1183,73
598,36	1212,40
598,56	1103,86
598,75	1216,49
598,94	1230,83
599,14	1214,45
599,33	1150,96
599,52	1247,21
599,71	1204,21
599,91	1183,73
600,10	1122,29
600,29	1187,82
600,48	1130,48
600,68	1171,44
600,87	1146,86
601,06	1153,01
601,26	1138,67
601,45	1150,96
601,64	1308,65
601,83	1265,64
602,03	1191,92
602,22	1239,02
602,41	1200,11
602,60	1226,73
602,80	1279,98
602,99	1204,21
603,18	1220,59
603,37	1271,79
603,57	1273,84
603,76	1255,40
603,95	1196,01
604,14	1159,15
604,34	1265,64
604,53	1175,53
604,72	1142,77
604,91	1179,63
605,10	1148,91
605,30	1134,57
605,49	1232,88
605,68	1259,50
605,87	1222,64
606,07	1191,92
606,26	1177,58
606,45	1159,15
606,64	1193,97
606,84	1165,29
607,03	1208,30
607,22	1183,73
607,41	1155,05
607,60	1163,25
607,80	1191,92
607,99	1198,06
608,18	1167,34
608,37	1220,59
608,56	1208,30
608,76	1212,40
608,95	1232,88
609,14	1189,87
609,33	1191,92
609,52	1196,01
609,72	1230,83
609,91	1181,68
610,10	1196,01
610,29	1089,52
610,48	1228,78
610,68	1189,87
610,87	1159,15
611,06	1181,68
611,25	1196,01
611,44	1196,01
611,63	1234,93
611,83	1243,12
612,02	1142,77
612,21	1196,01
612,40	1189,87
612,59	1224,69
612,79	1173,49
612,98	1239,02
613,17	1140,72
613,36	1155,05
613,55	1189,87
613,74	1183,73
613,93	1208,30
614,13	1124,33
614,32	1198,06
614,51	1165,29
614,70	1232,88
614,89	1150,96
615,08	1163,25
615,28	1232,88
615,47	1163,25
615,66	1179,63
615,85	1206,25
616,04	1236,97
616,23	1150,96
616,42	1196,01
616,62	1181,68
616,81	1187,82
617,00	1200,11
617,19	1148,91
617,38	1157,10
617,57	1148,91
617,76	1189,87
617,95	1241,07
618,15	1179,63
618,34	1200,11
618,53	1183,73
618,72	1138,67
618,91	1234,93
619,10	1183,73
619,29	1185,77
619,48	1159,15
619,68	1183,73
619,87	1064,94
620,06	1122,29
620,25	1175,53
620,44	1243,12
620,63	1118,19
620,82	1181,68
621,01	1204,21
621,20	1247,21
621,39	1206,25
621,59	1159,15
621,78	1196,01
621,97	1232,88
622,16	1226,73
622,35	1204,21
622,54	1191,92
622,73	1216,49
622,92	1167,34
623,11	1230,83
623,30	1181,68
623,49	1198,06
623,68	1236,97
623,88	1159,15
624,07	1218,54
624,26	1171,44
624,45	1163,25
624,64	1189,87
624,83	1165,29
625,02	1177,58
625,21	1165,29
625,40	1196,01
625,59	1216,49
625,78	1265,64
625,97	1239,02
626,16	1153,01
626,35	1169,39
626,54	1236,97
626,74	1222,64
626,93	1193,97
627,12	1224,69
627,31	1261,55
627,50	1325,04
627,69	1210,35
627,88	1200,11
628,07	1196,01
628,26	1157,10
628,45	1150,96
628,64	1177,58
628,83	1212,40
629,02	1216,49
629,21	1200,11
629,40	1216,49
629,59	1191,92
629,78	1200,11
629,97	1204,21
630,16	1204,21
630,35	1212,40
630,54	1320,94
630,73	1230,83
630,92	1259,50
631,11	1204,21
631,30	1228,78
631,49	1253,36
631,68	1339,37
631,87	2580,44
632,06	7937,93
632,25	16819,97
632,44	21208,76
632,63	27149,92
632,82	14497,57
633,01	8517,50
633,20	4018,11
633,39	2158,56
633,58	1703,91
633,77	1761,25
633,96	1697,77
634,15	1492,97
634,34	1370,09
634,53	1341,42
634,72	1331,18
634,91	1341,42
635,10	1261,55
635,29	1288,17
635,48	1339,37
635,67	1126,38
635,86	1210,35
636,05	1284,08
636,24	1263,60
636,43	1183,73
636,62	1191,92
636,81	1148,91
637,00	1169,39
637,19	1196,01
637,38	1173,49
637,57	1257,45
637,76	1191,92
637,95	1222,64
638,14	1212,40
638,33	1187,82
638,52	1198,06
638,71	1220,59
638,89	1224,69
639,08	1208,30
639,27	1191,92
639,46	1220,59
639,65	1179,63
639,84	1200,11
640,03	1200,11
640,22	1181,68
640,41	1175,53
640,60	1241,07
640,79	1200,11
640,98	1132,53
641,17	1175,53
641,36	1234,93
641,55	1206,25
641,74	1204,21
641,92	1142,77
642,11	1241,07
642,30	1226,73
642,49	1200,11
642,68	1200,11
642,87	1146,86
643,06	1222,64
643,25	1265,64
643,44	1206,25
643,63	1269,74
643,82	1148,91
644,00	1210,35
644,19	1161,20
644,38	1130,48
644,57	1288,17
644,76	1142,77
644,95	1267,69
645,14	1204,21
645,33	1200,11
645,52	1155,05
645,71	1222,64
645,89	1142,77
646,08	1140,72
646,27	1169,39
646,46	1220,59
646,65	1183,73
646,84	1191,92
647,03	1243,12
647,22	1241,07
647,40	1236,97
647,59	1169,39
647,78	1138,67
647,97	1189,87
648,16	1224,69
648,35	1193,97
648,54	1216,49
648,73	1214,45
648,91	1187,82
649,10	1228,78
649,29	1169,39
649,48	1204,21
649,67	1298,41
649,86	1206,25
650,05	1171,44
650,23	1230,83
650,42	1181,68
650,61	1230,83
650,80	1243,12
650,99	1150,96
651,18	1167,34
651,36	1245,16
651,55	1247,21
651,74	1167,34
651,93	1171,44
652,12	1253,36
652,31	1163,25
652,49	1191,92
652,68	1232,88
652,87	1241,07
653,06	1214,45
653,25	1167,34
653,44	1189,87
653,62	1216,49
653,81	1144,81
654,00	1220,59
654,19	1232,88
654,38	1224,69
654,56	1142,77
654,75	1234,93
654,94	1204,21
655,13	1191,92
655,32	1185,77
655,51	1214,45
655,69	1232,88
655,88	1177,58
656,07	1196,01
656,26	1187,82
656,45	1210,35
656,63	1140,72
656,82	1189,87
657,01	1210,35
657,20	1249,26
657,38	1216,49
657,57	1220,59
657,76	1200,11
657,95	1218,54
658,14	1284,08
658,32	1208,30
658,51	1138,67
658,70	1200,11
658,89	1220,59
659,08	1165,29
659,26	1222,64
659,45	1171,44
659,64	1222,64
659,83	1179,63
660,01	1216,49
660,20	1232,88
660,39	1228,78
660,58	1126,38
660,76	1236,97
660,95	1126,38
661,14	1214,45
661,33	1159,15
661,51	1234,93
661,70	1247,21
661,89	1236,97
662,08	1224,69
662,26	1200,11
662,45	1206,25
662,64	1200,11
662,83	1226,73
663,01	1122,29
663,20	1241,07
663,39	1183,73
663,58	1153,01
663,76	1120,24
663,95	1173,49
664,14	1200,11
664,32	1150,96
664,51	1191,92
664,70	1134,57
664,89	1187,82
665,07	1124,33
665,26	1183,73
665,45	1226,73
665,64	1179,63
665,82	1138,67
666,01	1167,34
666,20	1189,87
666,38	1167,34
666,57	1216,49
666,76	1222,64
666,95	1179,63
667,13	1191,92
667,32	1202,16
667,51	1218,54
667,69	1220,59
667,88	1249,26
668,07	1167,34
668,25	1148,91
668,44	1224,69
668,63	1204,21
668,81	1132,53
669,00	1222,64
669,19	1331,18
669,38	1245,16
669,56	1210,35
669,75	1181,68
669,94	1243,12
670,12	1099,76
670,31	1191,92
670,50	1171,44
670,68	1196,01
670,87	1179,63
671,06	1191,92
671,24	1247,21
671,43	1200,11
671,62	1150,96
671,80	1247,21
671,99	1212,40
672,18	1181,68
672,36	1202,16
672,55	1189,87
672,74	1253,36
672,92	1124,33
673,11	1196,01
673,29	1183,73
673,48	1171,44
673,67	1155,05
673,85	1202,16
674,04	1175,53
674,23	1161,20
674,41	1155,05
674,60	1298,41
674,79	1173,49
674,97	1196,01
675,16	1118,19
675,34	1206,25
675,53	1183,73
675,72	1200,11
675,90	1234,93
676,09	1142,77
676,28	1222,64
676,46	1191,92
676,65	1124,33
676,83	1157,10
677,02	1198,06
677,21	1200,11
677,39	1239,02
677,58	1200,11
677,77	1171,44
677,95	1124,33
678,14	1216,49
678,32	1196,01
678,51	1153,01
678,70	1236,97
678,88	1191,92
679,07	1239,02
679,25	1198,06
679,44	1216,49
679,63	1171,44
679,81	1279,98
680,00	1155,05
680,18	1132,53
680,37	1200,11
680,55	1222,64
680,74	1187,82
680,93	1179,63
681,11	1157,10
681,30	1175,53
681,48	1196,01
681,67	1091,57
681,85	1191,92
682,04	1239,02
682,23	1122,29
682,41	1228,78
682,60	1204,21
682,78	1210,35
682,97	1196,01
683,15	1171,44
683,34	1249,26
683,53	1177,58
683,71	1183,73
683,90	1122,29
684,08	1282,03
684,27	1214,45
684,45	1173,49
684,64	1212,40
684,82	1204,21
685,01	1208,30
685,19	1153,01
685,38	1208,30
685,57	1247,21
685,75	1222,64
685,94	1159,15
686,12	1173,49
686,31	1191,92
686,49	1142,77
686,68	1200,11
686,86	1157,10
687,05	1177,58
687,23	1243,12
687,42	1126,38
687,60	1116,14
687,79	1196,01
687,97	1138,67
688,16	1239,02
688,34	1173,49
688,53	1275,88
688,71	1165,29
688,90	1275,88
689,08	1132,53
689,27	1167,34
689,45	1189,87
689,64	1212,40
689,82	1185,77
690,01	1165,29
690,19	1224,69
690,38	1148,91
690,56	1214,45
690,75	1185,77
690,93	1187,82
691,12	1187,82
691,30	1216,49
691,49	1222,64
691,67	1202,16
691,86	1185,77
692,04	1228,78
692,23	1134,57
692,41	1214,45
692,60	1196,01
692,78	1245,16
692,97	1261,55
693,15	1173,49
693,34	1228,78
693,52	1183,73
693,71	1220,59
693,89	1142,77
694,08	1085,42
694,26	1279,98
694,44	1167,34
694,63	1208,30
694,81	1183,73
695,00	1175,53
695,18	1191,92
695,37	1175,53
695,55	1140,72
695,74	1206,25
695,92	1193,97
696,10	1224,69
696,29	1208,30
696,47	1210,35
696,66	1208,30
696,84	1214,45
697,03	1206,25
697,21	1153,01
697,40	1271,79
697,58	1183,73
697,76	1175,53
697,95	1148,91
698,13	1208,30
698,32	1224,69
698,50	1138,67
698,68	1253,36
698,87	1196,01
699,05	1165,29
699,24	1204,21
699,42	1220,59
699,61	1189,87
699,79	1232,88
699,97	1185,77
700,16	1187,82
700,34	1208,30
700,53	1183,73
700,71	1193,97
700,89	1247,21
701,08	1167,34
701,26	1198,06
701,45	1161,20
701,63	1206,25
701,81	1198,06
702,00	1142,77
702,18	1206,25
702,37	1150,96
702,55	1187,82
702,73	1198,06
702,92	1155,05
703,10	1226,73
703,28	1257,45
703,47	1187,82
703,65	1239,02
703,84	1226,73
704,02	1202,16
704,20	1198,06
704,39	1261,55
704,57	1214,45
704,75	1214,45
704,94	1148,91
705,12	1179,63
705,30	1239,02
705,49	1157,10
705,67	1198,06
705,86	1138,67
706,04	1202,16
706,22	1187,82
706,41	1249,26
706,59	1144,81
706,77	1265,64
706,96	1187,82
707,14	1144,81
707,32	1136,62
707,51	1204,21
707,69	1204,21
707,87	1202,16
708,06	1138,67
708,24	1187,82
708,42	1146,86
708,61	1224,69
708,79	1144,81
708,97	1200,11
709,16	1140,72
709,34	1273,84
709,52	1189,87
709,71	1196,01
709,89	1249,26
710,07	1206,25
710,26	1155,05
710,44	1208,30
710,62	1159,15
710,80	1163,25
710,99	1239,02
711,17	1179,63
711,35	1193,97
711,54	1167,34
711,72	1169,39
711,90	1179,63
712,09	1204,21
712,27	1124,33
712,45	1222,64
712,63	1279,98
712,82	1175,53
713,00	1181,68
713,18	1155,05
713,37	1144,81
713,55	1218,54
713,73	1165,29
713,91	1165,29
714,10	1255,40
714,28	1202,16
714,46	1204,21
714,65	1175,53
714,83	1196,01
715,01	1128,43
715,19	1249,26
715,38	1120,24
715,56	1191,92
715,74	1253,36
715,92	1251,31
716,11	1167,34
716,29	1204,21
716,47	1241,07
716,65	1165,29
716,84	1179,63
717,02	1191,92
717,20	1101,81
717,38	1198,06
717,57	1218,54
717,75	1171,44
717,93	1196,01
718,11	1175,53
718,30	1210,35
718,48	1122,29
718,66	1138,67
718,84	1167,34
719,03	1259,50
719,21	1171,44
719,39	1208,30
719,57	1218,54
719,75	1140,72
719,94	1165,29
720,12	1165,29
720,30	1181,68
720,48	1187,82
720,67	1208,30
720,85	1204,21
721,03	1183,73
721,21	1198,06
721,39	1193,97
721,58	1224,69
721,76	1191,92
721,94	1210,35
722,12	1093,62
722,30	1200,11
722,49	1120,24
722,67	1218,54
722,85	1171,44
723,03	1105,90
723,21	1216,49
723,40	1099,76
723,58	1198,06
723,76	1275,88
723,94	1230,83
724,12	1204,21
724,30	1193,97
724,49	1198,06
724,67	1175,53
724,85	1189,87
725,03	1200,11
725,21	1171,44
725,40	1173,49
725,58	1269,74
725,76	1230,83
725,94	1134,57
726,12	1142,77
726,30	1198,06
726,49	1175,53
726,67	1212,40
726,85	1161,20
727,03	1179,63
727,21	1206,25
727,39	1232,88
727,57	1161,20
727,76	1185,77
727,94	1208,30
728,12	1218,54
728,30	1206,25
728,48	1196,01
728,66	1136,62
728,84	1220,59
729,03	1236,97
729,21	1222,64
729,39	1116,14
729,57	1146,86
729,75	1167,34
729,93	1191,92
730,11	1216,49
730,30	1157,10
730,48	1163,25
730,66	1216,49
730,84	1212,40
731,02	1193,97
731,20	1218,54
731,38	1222,64
731,56	1228,78
731,74	1236,97
731,93	1175,53
732,11	1212,40
732,29	1198,06
732,47	1204,21
732,65	1167,34
732,83	1198,06
733,01	1261,55
733,19	1175,53
733,37	1208,30
733,56	1200,11
733,74	1175,53
733,92	1181,68
734,10	1183,73
734,28	1167,34
734,46	1185,77
734,64	1206,25
734,82	1185,77
735,00	1208,30
735,18	1214,45
735,36	1146,86
735,54	1253,36
735,73	1241,07
735,91	1212,40
736,09	1200,11
736,27	1191,92
736,45	1167,34
736,63	1142,77
736,81	1142,77
736,99	1175,53
737,17	1224,69
737,35	1259,50
737,53	1212,40
737,71	1189,87
737,89	1214,45
738,07	1206,25
738,25	1245,16
738,43	1228,78
738,61	1167,34
738,80	1196,01
738,98	1210,35
739,16	1208,30
739,34	1208,30
739,52	1173,49
739,70	1140,72
739,88	1169,39
740,06	1187,82
740,24	1089,52
740,42	1179,63
740,60	1155,05
740,78	1191,92
740,96	1165,29
741,14	1105,90
741,32	1175,53
741,50	1191,92
741,68	1198,06
741,86	1165,29
742,04	1218,54
742,22	1163,25
742,40	1150,96
742,58	1177,58
742,76	1181,68
742,94	1161,20
743,12	1191,92
743,30	1226,73
743,48	1171,44
743,66	1193,97
743,84	1210,35
744,02	1187,82
744,20	1177,58
744,38	1208,30
744,56	1167,34
744,74	1173,49
744,92	1247,21
745,10	1220,59
745,28	1181,68
745,46	1165,29
745,64	1181,68
745,82	1222,64
746,00	1171,44
746,18	1273,84
746,36	1167,34
746,54	1253,36
746,72	1228,78
746,90	1218,54
747,08	1189,87
747,26	1167,34
747,44	1163,25
747,62	1167,34
747,80	1275,88
747,98	1288,17
748,15	1169,39
748,33	1181,68
748,51	1214,45
748,69	1253,36
748,87	1148,91
749,05	1220,59
749,23	1224,69
749,41	1169,39
749,59	1208,30
749,77	1259,50
749,95	1161,20
750,13	1191,92
750,31	1169,39
750,49	1173,49
750,67	1224,69
750,85	1163,25
751,03	1224,69
751,20	1161,20
751,38	1171,44
751,56	1148,91
751,74	1220,59
751,92	1202,16
752,10	1200,11
752,28	1220,59
752,46	1146,86
752,64	1212,40
752,82	1193,97
753,00	1204,21
753,18	1230,83
753,35	1218,54
753,53	1189,87
753,71	1277,93
753,89	1118,19
754,07	1214,45
754,25	1255,40
754,43	1171,44
754,61	1241,07
754,79	1171,44
754,97	1196,01
755,14	1202,16
755,32	1189,87
755,50	1226,73
755,68	1206,25
755,86	1177,58
756,04	1245,16
756,22	1175,53
756,40	1169,39
756,57	1206,25
756,75	1183,73
756,93	1247,21
757,11	1167,34
757,29	1181,68
757,47	1183,73
757,65	1198,06
757,82	1230,83
758,00	1208,30
758,18	1232,88
758,36	1150,96
758,54	1161,20
758,72	1204,21
758,90	1216,49
759,07	1134,57
759,25	1193,97
759,43	1216,49
759,61	1183,73
759,79	1200,11
759,97	1165,29
760,15	1226,73
760,32	1208,30
760,50	1204,21
760,68	1208,30
760,86	1177,58
761,04	1239,02
761,22	1173,49
761,39	1179,63
761,57	1159,15
761,75	1245,16
761,93	1191,92
762,11	1271,79
762,28	1243,12
762,46	1206,25
762,64	1230,83
762,82	1138,67
763,00	1236,97
763,18	1198,06
763,35	1138,67
763,53	1249,26
763,71	1187,82
763,89	1265,64
764,07	1212,40
764,24	1159,15
764,42	1196,01
764,60	1200,11
764,78	1210,35
764,96	1128,43
765,13	1259,50
765,31	1101,81
765,49	1239,02
765,67	1230,83
765,84	1214,45
766,02	1251,31
766,20	1177,58
766,38	1202,16
766,56	1232,88
766,73	1210,35
766,91	1155,05
767,09	1253,36
767,27	1255,40
767,44	1269,74
767,62	1210,35
767,80	1183,73
767,98	1269,74
768,15	1251,31
768,33	1202,16
768,51	1236,97
768,69	1239,02
768,87	1230,83
769,04	1140,72
769,22	1208,30
769,40	1146,86
769,58	1220,59
769,75	1224,69
769,93	1185,77
770,11	1132,53
770,28	1179,63
770,46	1179,63
770,64	1110,00
770,82	1253,36
770,99	1247,21
771,17	1175,53
771,35	1196,01
771,53	1175,53
771,70	1208,30
771,88	1243,12
772,06	1163,25
772,23	1216,49
772,41	1304,56
772,59	1261,55
772,77	1204,21
772,94	1114,10
773,12	1167,34
773,30	1163,25
773,47	1140,72
773,65	1128,43
773,83	1183,73
774,01	1200,11
774,18	1200,11
774,36	1177,58
774,54	1232,88
774,71	1210,35
774,89	1224,69
775,07	1193,97
775,24	1196,01
775,42	1189,87
775,60	1165,29
775,78	1275,88
775,95	1263,60
776,13	1218,54
776,31	1236,97
776,48	1138,67
776,66	1249,26
776,84	1204,21
777,01	1181,68
777,19	1163,25
777,37	1214,45
777,54	1179,63
777,72	1220,59
777,90	1206,25
778,07	1222,64
778,25	1210,35
778,43	1161,20
778,60	1200,11
778,78	1167,34
778,96	1167,34
779,13	1173,49
779,31	1204,21
779,49	1198,06
779,66	1247,21
779,84	1140,72
780,01	1191,92
780,19	1200,11
780,37	1189,87
780,54	1191,92
780,72	1159,15
780,90	1212,40
781,07	1177,58
781,25	1163,25
781,43	1159,15
781,60	1187,82
781,78	1232,88
781,95	1218,54
782,13	1243,12
782,31	1150,96
782,48	1144,81
782,66	1165,29
782,83	1159,15
783,01	1138,67
783,19	1191,92
783,36	1208,30
783,54	1208,30
783,72	1144,81
783,89	1175,53
784,07	1202,16
784,24	1138,67
784,42	1159,15
784,60	1198,06
784,77	1220,59
784,95	1148,91
785,12	1196,01
785,30	1159,15
785,47	1226,73
785,65	1142,77
785,83	1175,53
786,00	1173,49
786,18	1173,49
786,35	1173,49
786,53	1130,48
786,71	1196,01
786,88	1193,97
787,06	1220,59
787,23	1200,11
787,41	1214,45
787,58	1212,40
787,76	1171,44
787,94	1198,06
788,11	1212,40
788,29	1128,43
788,46	1210,35
788,64	1187,82
788,81	1118,19
788,99	1185,77
789,16	1173,49
789,34	1196,01
789,52	1257,45
789,69	1148,91
789,87	1128,43
790,04	1196,01
790,22	1167,34
790,39	1179,63
790,57	1206,25
790,74	1142,77
790,92	1142,77
791,09	1148,91
791,27	1220,59
791,44	1271,79
791,62	1140,72
791,79	1218,54
791,97	1165,29
792,15	1245,16
792,32	1210,35
792,50	1173,49
792,67	1267,69
792,85	1243,12
793,02	1099,76
793,20	1214,45
793,37	1196,01
793,55	1124,33
793,72	1218,54
793,90	1173,49
794,07	1193,97
794,25	1200,11
794,42	1220,59
794,60	1196,01
794,77	1202,16
794,95	1236,97
795,12	1216,49
795,30	1212,40
795,47	1126,38
795,65	1222,64
795,82	1159,15
796,00	1181,68
796,17	1212,40
796,34	1165,29
796,52	1130,48
796,69	1232,88
796,87	1146,86
797,04	1179,63
797,22	1202,16
797,39	1230,83
797,57	1210,35
797,74	1163,25
797,92	1216,49
798,09	1222,64
798,27	1173,49
798,44	1230,83
798,62	1245,16
798,79	1150,96
798,96	1220,59
799,14	1163,25
799,31	1189,87
799,49	1218,54
799,66	1241,07
799,84	1169,39
800,01	1150,96
800,19	1163,25
800,36	1204,21
800,53	1193,97
800,71	1236,97
800,88	1247,21
801,06	1110,00
801,23	1165,29
801,41	1191,92
801,58	1198,06
801,75	1232,88
801,93	1140,72
802,10	1220,59
802,28	1206,25
802,45	1173,49
802,63	1232,88
802,80	1157,10
802,97	1202,16
803,15	1222,64
803,32	1212,40
803,50	1200,11
803,67	1198,06
803,84	1189,87
804,02	1167,34
804,19	1200,11
804,37	1189,87
804,54	1189,87
804,71	1263,60
804,89	1204,21
805,06	1249,26
805,24	1234,93
805,41	1200,11
805,58	1208,30
805,76	1191,92
805,93	1187,82
806,10	1193,97
806,28	1187,82
806,45	1196,01
806,63	1177,58
806,80	1157,10
806,97	1159,15
807,15	1218,54
807,32	1191,92
807,49	1189,87
807,67	1150,96
807,84	1200,11
808,01	1212,40
808,19	1191,92
808,36	1208,30
808,54	1169,39
808,71	1124,33
808,88	1165,29
809,06	1189,87
809,23	1153,01
809,40	1189,87
809,58	1200,11
809,75	1208,30
809,92	1191,92
810,10	1214,45
810,27	1196,01
810,44	1206,25
810,62	1124,33
810,79	1120,24
810,96	1232,88
811,14	1265,64
811,31	1157,10
811,48	1183,73
811,66	1126,38
811,83	1175,53
812,00	1261,55
812,18	1183,73
812,35	1222,64
812,52	1189,87
812,69	1210,35
812,87	1175,53
813,04	1239,02
813,21	1191,92
813,39	1247,21
813,56	1204,21
813,73	1173,49
813,91	1216,49
814,08	1245,16
814,25	1185,77
814,42	1181,68
814,60	1136,62
814,77	1261,55
814,94	1200,11
815,12	1204,21
815,29	1183,73
815,46	1232,88
815,63	1189,87
815,81	1189,87
815,98	1173,49
816,15	1226,73
816,33	1236,97
816,50	1175,53
816,67	1212,40
816,84	1110,00
817,02	1140,72
817,19	1232,88
817,36	1132,53
817,53	1208,30
817,71	1189,87
817,88	1161,20
818,05	1171,44
818,22	1140,72
818,40	1251,31
818,57	1161,20
818,74	1153,01
818,91	1226,73
819,09	1159,15
819,26	1163,25
819,43	1187,82
819,60	1187,82
819,78	1263,60
819,95	1218,54
820,12	1177,58
820,29	1200,11
820,47	1251,31
820,64	1169,39
820,81	1165,29
820,98	1140,72
821,15	1206,25
821,33	1122,29
821,50	1124,33
821,67	1187,82
821,84	1220,59
822,02	1216,49
822,19	1232,88
822,36	1155,05
822,53	1187,82
822,70	1183,73
822,88	1124,33
823,05	1128,43
823,22	1130,48
823,39	1216,49
823,56	1157,10
823,74	1142,77
823,91	1161,20
824,08	1130,48
824,25	1318,89
824,42	1167,34
824,60	1234,93
824,77	1185,77
824,94	1200,11
825,11	1222,64
825,28	1155,05
825,45	1167,34
825,63	1222,64
825,80	1206,25
825,97	1216,49
826,14	1265,64
826,31	1140,72
826,48	1288,17
826,66	1187,82
826,83	1153,01
827,00	1132,53
827,17	1132,53
827,34	1153,01
827,51	1206,25
827,69	1144,81
827,86	1126,38
828,03	1189,87
828,20	1204,21
828,37	1155,05
828,54	1155,05
828,71	1196,01
828,89	1200,11
829,06	1138,67
829,23	1210,35
829,40	1232,88
829,57	1136,62
829,74	1196,01
829,91	1167,34
830,09	1208,30
830,26	1200,11
830,43	1249,26
830,60	1214,45
830,77	1187,82
830,94	1177,58
831,11	1118,19
831,28	1181,68
831,46	1222,64
831,63	1140,72
831,80	1224,69
831,97	1206,25
832,14	1196,01
832,31	1222,64
832,48	1093,62
832,65	1181,68
832,82	1198,06
832,99	1198,06
833,17	1140,72
833,34	1261,55
833,51	1216,49
833,68	1163,25
833,85	1138,67
834,02	1210,35
834,19	1208,30
834,36	1153,01
834,53	1204,21
834,70	1122,29
834,87	1114,10
835,04	1236,97
835,22	1249,26
835,39	1212,40
835,56	1118,19
835,73	1226,73
835,90	1175,53
836,07	1114,10
836,24	1171,44
836,41	1126,38
836,58	1202,16
836,75	1214,45
836,92	1196,01
837,09	1167,34
837,26	1224,69
837,43	1159,15
837,60	1208,30
837,77	1167,34
837,94	1208,30
838,12	1210,35
838,29	1216,49
838,46	1224,69
838,63	1163,25
838,80	1171,44
838,97	1236,97
839,14	1185,77
839,31	1214,45
839,48	1245,16
839,65	1142,77
839,82	1216,49
839,99	1099,76
840,16	1193,97
840,33	1181,68
840,50	1191,92
840,67	1185,77
840,84	1224,69
841,01	1175,53
841,18	1157,10
841,35	1030,13
841,52	1167,34
841,69	1206,25
841,86	1196,01
842,03	1161,20
842,20	1136,62
842,37	1232,88
842,54	1191,92
842,71	1167,34
842,88	1265,64
843,05	1210,35
843,22	1193,97
843,39	1249,26
843,56	1230,83
843,73	1247,21
843,90	1249,26
844,07	1208,30
844,24	1175,53
844,41	1189,87
844,58	1224,69
844,75	1251,31
844,92	1181,68
845,09	1177,58
845,26	1191,92
845,43	1204,21
845,60	1146,86
845,77	1251,31
845,94	1273,84
846,10	1245,16
846,27	1181,68
846,44	1220,59
846,61	1241,07
846,78	1155,05
846,95	1191,92
847,12	1214,45
847,29	1236,97
847,46	1185,77
847,63	1191,92
847,80	1189,87
847,97	1148,91
848,14	1210,35
848,31	1245,16
848,48	1177,58
848,65	1124,33
848,82	1200,11
848,98	1210,35
849,15	1218,54
849,32	1155,05
849,49	1226,73
849,66	1228,78
849,83	1196,01
850,00	1185,77
850,17	1179,63
850,34	1189,87
850,51	1220,59
850,68	1181,68
850,85	1179,63
851,01	1171,44
851,18	1144,81
851,35	1159,15
851,52	1187,82
851,69	1234,93
851,86	1146,86
852,03	1136,62
852,20	1249,26
852,37	1165,29
852,53	1163,25
852,70	1179,63
852,87	1212,40
853,04	1191,92
853,21	1224,69
853,38	1191,92
853,55	1120,24
853,72	1224,69
853,89	1153,01
854,05	1181,68
854,22	1150,96
854,39	1224,69
854,56	1212,40
854,73	1234,93
854,90	1232,88
855,07	1128,43
855,23	1224,69
855,40	1171,44
855,57	1243,12
855,74	1179,63
855,91	1200,11
856,08	1261,55
856,25	1157,10
856,41	1146,86
856,58	1122,29
856,75	1189,87
856,92	1208,30
857,09	1157,10
857,26	1220,59
857,42	1232,88
857,59	1165,29
857,76	1232,88
857,93	1196,01
858,10	1212,40
858,27	1167,34
858,43	1193,97
858,60	1130,48
858,77	1189,87
858,94	1183,73
859,11	1171,44
859,27	1196,01
859,44	1193,97
859,61	1181,68
859,78	1193,97
859,95	1161,20
860,12	1216,49
860,28	1230,83
860,45	1163,25
860,62	1132,53
860,79	1196,01
860,95	1228,78
861,12	1183,73
861,29	1189,87
861,46	1163,25
861,63	1165,29
861,79	1200,11
861,96	1193,97
862,13	1181,68
862,30	1179,63
862,47	1189,87
862,63	1232,88
862,80	1193,97
862,97	1167,34
863,14	1189,87
863,30	1150,96
863,47	1185,77
863,64	1226,73
863,81	1181,68
863,97	1214,45
864,14	1236,97
864,31	1259,50
864,48	1148,91
864,65	1177,58
864,81	1198,06
864,98	1224,69
865,15	1169,39
865,32	1198,06
865,48	1189,87
865,65	1204,21
865,82	1187,82
865,98	1167,34
866,15	1198,06
866,32	1220,59
866,49	1155,05
866,65	1153,01
866,82	1232,88
866,99	1236,97
867,16	1138,67
867,32	1191,92
867,49	1118,19
867,66	1148,91
867,83	1224,69
867,99	1179,63
868,16	1191,92
868,33	1232,88
868,49	1159,15
868,66	1122,29
868,83	1150,96
868,99	1175,53
869,16	1146,86
869,33	1173,49
869,50	1232,88
869,66	1118,19
869,83	1159,15
870,00	1230,83
870,16	1263,60
870,33	1218,54
870,50	1144,81
870,66	1275,88
870,83	1187,82
871,00	1206,25
871,17	1253,36
871,33	1146,86
871,50	1208,30
871,67	1189,87
871,83	1187,82
872,00	1198,06
872,17	1189,87
872,33	1230,83
872,50	1183,73
872,67	1189,87
872,83	1173,49
873,00	1243,12
873,17	1128,43
873,33	1255,40
873,50	1193,97
873,67	1230,83
873,83	1157,10
874,00	1222,64
874,16	1216,49
874,33	1257,45
874,50	1171,44
874,66	1189,87
874,83	1153,01
875,00	1163,25
875,16	1247,21
875,33	1187,82
875,50	1236,97
875,66	1163,25
875,83	1230,83
875,99	1191,92
876,16	1140,72
876,33	1138,67
876,49	1161,20
876,66	1210,35
876,83	1216,49
876,99	1255,40
877,16	1181,68
877,32	1163,25
877,49	1210,35
877,66	1236,97
877,82	1165,29
877,99	1241,07
878,15	1169,39
878,32	1132,53
878,49	1189,87
878,65	1163,25
878,82	1222,64
878,98	1198,06
879,15	1167,34
879,32	1183,73
879,48	1236,97
879,65	1177,58
879,81	1214,45
879,98	1204,21
880,15	1208,30
880,31	1224,69
880,48	1204,21
880,64	1167,34
880,81	1218,54
880,97	1216,49
881,14	1220,59
881,31	1175,53
881,47	1165,29
881,64	1232,88
881,80	1212,40
881,97	1236,97
882,13	1210,35
882,30	1208,30
882,47	1183,73
882,63	1148,91
882,80	1116,14
882,96	1099,76
883,13	1206,25
883,29	1183,73
883,46	1191,92
883,62	1259,50
883,79	1218,54
883,95	1126,38
884,12	1208,30
884,29	1288,17
884,45	1261,55
884,62	1218,54
884,78	1191,92
884,95	1163,25
885,11	1150,96
885,28	1126,38
885,44	1232,88
885,61	1150,96
885,77	1150,96
885,94	1173,49
886,10	1265,64
886,27	1249,26
886,43	1124,33
886,60	1183,73
886,76	1175,53
886,93	1187,82
887,09	1200,11
887,26	1181,68
887,42	1189,87
887,59	1177,58
887,75	1212,40
887,92	1261,55
888,08	1204,21
888,25	1200,11
888,41	1257,45
888,58	1138,67
888,74	1179,63
888,91	1224,69
