177,47	1167,34
177,69	1167,34
177,91	1167,34
178,13	1200,11
178,36	1187,82
178,58	1146,86
178,80	1202,16
179,02	1138,67
179,24	1191,92
179,46	1150,96
179,68	1208,30
179,90	1236,97
180,13	1220,59
180,35	1216,49
180,57	1193,97
180,79	1124,33
181,01	1241,07
181,23	1239,02
181,45	1206,25
181,67	1146,86
181,90	1200,11
182,12	1138,67
182,34	1206,25
182,56	1183,73
182,78	1110,00
183,00	1161,20
183,22	1198,06
183,44	1171,44
183,66	1183,73
183,89	1169,39
184,11	1265,64
184,33	1214,45
184,55	1220,59
184,77	1214,45
184,99	1198,06
185,21	1187,82
185,43	1171,44
185,65	1150,96
185,87	1204,21
186,10	1251,31
186,32	1183,73
186,54	1214,45
186,76	1255,40
186,98	1218,54
187,20	1091,57
187,42	1224,69
187,64	1249,26
187,86	1167,34
188,08	1171,44
188,30	1228,78
188,52	1245,16
188,75	1222,64
188,97	1165,29
189,19	1230,83
189,41	1210,35
189,63	1179,63
189,85	1226,73
190,07	1165,29
190,29	1218,54
190,51	1200,11
190,73	1171,44
190,95	1198,06
191,17	1198,06
191,39	1236,97
191,61	1171,44
191,84	1206,25
192,06	1198,06
192,28	1249,26
192,50	1224,69
192,72	1157,10
192,94	1107,95
193,16	1214,45
193,38	1181,68
193,60	1220,59
193,82	1189,87
194,04	1212,40
194,26	1107,95
194,48	1222,64
194,70	1144,81
194,92	1243,12
195,14	1204,21
195,36	1210,35
195,58	1241,07
195,80	1163,25
196,02	1134,57
196,24	1150,96
196,46	1159,15
196,69	1155,05
196,91	1163,25
197,13	1257,45
197,35	1282,03
197,57	1130,48
197,79	1142,77
198,01	1122,29
198,23	1208,30
198,45	1222,64
198,67	1157,10
198,89	1187,82
199,11	1159,15
199,33	1243,12
199,55	1249,26
199,77	1122,29
199,99	1124,33
200,21	1202,16
200,43	1183,73
200,65	1226,73
200,87	1091,57
201,09	1171,44
201,31	1165,29
201,53	1191,92
201,75	1224,69
201,97	1259,50
202,19	1132,53
202,41	1175,53
202,63	1210,35
202,85	1136,62
203,07	1134,57
203,29	1138,67
203,51	1208,30
203,73	1155,05
203,95	1222,64
204,17	1216,49
204,39	1214,45
204,61	1239,02
204,83	1228,78
205,05	1175,53
205,27	1187,82
205,49	1167,34
205,71	1181,68
205,93	1153,01
206,15	1204,21
206,37	1165,29
206,59	1224,69
206,81	1277,93
207,03	1193,97
207,25	1200,11
207,47	1167,34
207,69	1187,82
207,91	1279,98
208,13	1189,87
208,34	1259,50
208,56	1224,69
208,78	1183,73
209,00	1236,97
209,22	1187,82
209,44	1175,53
209,66	1183,73
209,88	1175,53
210,10	1167,34
210,32	1200,11
210,54	1245,16
210,76	1206,25
210,98	1175,53
211,20	1183,73
211,42	1251,31
211,64	1212,40
211,86	1196,01
212,08	1236,97
212,30	1265,64
212,52	1163,25
212,74	1179,63
212,96	1306,60
213,17	1189,87
213,39	1222,64
213,61	1171,44
213,83	1216,49
214,05	1140,72
214,27	1220,59
214,49	1136,62
214,71	1146,86
214,93	1189,87
215,15	1144,81
215,37	1206,25
215,59	1157,10
215,81	1161,20
216,03	1224,69
216,24	1128,43
216,46	1208,30
216,68	1175,53
216,90	1271,79
217,12	1173,49
217,34	1236,97
217,56	1222,64
217,78	1196,01
218,00	1220,59
218,22	1157,10
218,44	1259,50
218,66	1179,63
218,87	1138,67
219,09	1218,54
219,31	1179,63
219,53	1159,15
219,75	1150,96
219,97	1142,77
220,19	1191,92
220,41	1146,86
220,63	1206,25
220,85	1185,77
221,06	1218,54
221,28	1173,49
221,50	1144,81
221,72	1146,86
221,94	1128,43
222,16	1177,58
222,38	1183,73
222,60	1234,93
222,82	1224,69
223,03	1173,49
223,25	1196,01
223,47	1224,69
223,69	1261,55
223,91	1177,58
224,13	1179,63
224,35	1128,43
224,57	1128,43
224,78	1243,12
225,00	1163,25
225,22	1169,39
225,44	1189,87
225,66	1259,50
225,88	1243,12
226,10	1230,83
226,32	1136,62
226,53	1198,06
226,75	1204,21
226,97	1150,96
227,19	1198,06
227,41	1173,49
227,63	1228,78
227,85	1181,68
228,06	1181,68
228,28	1157,10
228,50	1187,82
228,72	1263,60
228,94	1110,00
229,16	1200,11
229,37	1136,62
229,59	1228,78
229,81	1181,68
230,03	1189,87
230,25	1187,82
230,47	1239,02
230,69	1220,59
230,90	1202,16
231,12	1153,01
231,34	1200,11
231,56	1200,11
231,78	1191,92
232,00	1169,39
232,21	1138,67
232,43	1146,86
232,65	1185,77
232,87	1212,40
233,09	1181,68
233,30	1200,11
233,52	1175,53
233,74	1204,21
233,96	1114,10
234,18	1257,45
234,40	1150,96
234,61	1279,98
234,83	1204,21
235,05	1159,15
235,27	1140,72
235,49	1204,21
235,70	1163,25
235,92	1208,30
236,14	1159,15
236,36	1181,68
236,58	1171,44
236,79	1253,36
237,01	1216,49
237,23	1224,69
237,45	1177,58
237,67	1208,30
237,88	1155,05
238,10	1161,20
238,32	1206,25
238,54	1239,02
238,76	1232,88
238,97	1175,53
239,19	1253,36
239,41	1130,48
239,63	1196,01
239,85	1142,77
240,06	1228,78
240,28	1163,25
240,50	1193,97
240,72	1222,64
240,93	1193,97
241,15	1124,33
241,37	1187,82
241,59	1216,49
241,81	1093,62
242,02	1222,64
242,24	1157,10
242,46	1208,30
242,68	1206,25
242,89	1226,73
243,11	1171,44
243,33	1239,02
243,55	1189,87
243,76	1167,34
243,98	1218,54
244,20	1179,63
244,42	1161,20
244,64	1228,78
244,85	1112,05
245,07	1167,34
245,29	1159,15
245,51	1234,93
245,72	1134,57
245,94	1189,87
246,16	1165,29
246,38	1200,11
246,59	1165,29
246,81	1224,69
247,03	1196,01
247,24	1236,97
247,46	1130,48
247,68	1146,86
247,90	1191,92
248,11	1279,98
248,33	1208,30
248,55	1142,77
248,77	1171,44
248,98	1220,59
249,20	1183,73
249,42	1169,39
249,64	1175,53
249,85	1196,01
250,07	1148,91
250,29	1167,34
250,50	1142,77
250,72	1222,64
250,94	1171,44
251,16	1196,01
251,37	1144,81
251,59	1220,59
251,81	1116,14
252,02	1177,58
252,24	1171,44
252,46	1218,54
252,68	1234,93
252,89	1163,25
253,11	1148,91
253,33	1265,64
253,54	1181,68
253,76	1230,83
253,98	1189,87
254,20	1267,69
254,41	1175,53
254,63	1187,82
254,85	1157,10
255,06	1169,39
255,28	1144,81
255,50	1177,58
255,71	1216,49
255,93	1196,01
256,15	1214,45
256,36	1224,69
256,58	1224,69
256,80	1232,88
257,02	1222,64
257,23	1169,39
257,45	1196,01
257,67	1230,83
257,88	1171,44
258,10	1273,84
258,32	1198,06
258,53	1236,97
258,75	1173,49
258,97	1183,73
259,18	1118,19
259,40	1202,16
259,62	1273,84
259,83	1265,64
260,05	1222,64
260,27	1234,93
260,48	1163,25
260,70	1222,64
260,92	1226,73
261,13	1150,96
261,35	1200,11
261,57	1144,81
261,78	1200,11
262,00	1255,40
262,22	1177,58
262,43	1204,21
262,65	1101,81
262,86	1157,10
263,08	1245,16
263,30	1198,06
263,51	1212,40
263,73	1226,73
263,95	1185,77
264,16	1196,01
264,38	1146,86
264,60	1167,34
264,81	1120,24
265,03	1138,67
265,25	1181,68
265,46	1239,02
265,68	1263,60
265,89	1263,60
266,11	1128,43
266,33	1198,06
266,54	1216,49
266,76	1208,30
266,98	1183,73
267,19	1167,34
267,41	1239,02
267,62	1214,45
267,84	1220,59
268,06	1142,77
268,27	1187,82
268,49	1220,59
268,70	1177,58
268,92	1159,15
269,14	1224,69
269,35	1249,26
269,57	1150,96
269,79	1200,11
270,00	1243,12
270,22	1159,15
270,43	1228,78
270,65	1212,40
270,87	1208,30
271,08	1183,73
271,30	1181,68
271,51	1224,69
271,73	1189,87
271,95	1142,77
272,16	1189,87
272,38	1187,82
272,59	1169,39
272,81	1157,10
273,02	1187,82
273,24	1224,69
273,46	1226,73
273,67	1232,88
273,89	1275,88
274,10	1208,30
274,32	1179,63
274,54	1214,45
274,75	1157,10
274,97	1134,57
275,18	1263,60
275,40	1245,16
275,61	1142,77
275,83	1134,57
276,05	1126,38
276,26	1220,59
276,48	1263,60
276,69	1171,44
276,91	1259,50
277,12	1202,16
277,34	1171,44
277,55	1239,02
277,77	1222,64
277,99	1150,96
278,20	1189,87
278,42	1165,29
278,63	1171,44
278,85	1179,63
279,06	1200,11
279,28	1236,97
279,49	1212,40
279,71	1155,05
279,93	1191,92
280,14	1191,92
280,36	1177,58
280,57	1214,45
280,79	1216,49
281,00	1171,44
281,22	1218,54
281,43	1189,87
281,65	1134,57
281,86	1167,34
282,08	1245,16
282,29	1200,11
282,51	1198,06
282,73	1181,68
282,94	1120,24
283,16	1206,25
283,37	1179,63
283,59	1183,73
283,80	1193,97
284,02	1232,88
284,23	1185,77
284,45	1208,30
284,66	1181,68
284,88	1249,26
285,09	1218,54
285,31	1142,77
285,52	1187,82
285,74	1136,62
285,95	1261,55
286,17	1226,73
286,38	1169,39
286,60	1236,97
286,81	1159,15
287,03	1183,73
287,24	1116,14
287,46	1142,77
287,67	1234,93
287,89	1122,29
288,10	1245,16
288,32	1198,06
288,53	1169,39
288,75	1138,67
288,96	1196,01
289,18	1167,34
289,39	1128,43
289,61	1208,30
289,82	1208,30
290,04	1286,12
290,25	1200,11
290,47	1181,68
290,68	1167,34
290,90	1110,00
291,11	1249,26
291,33	1187,82
291,54	1200,11
291,76	1165,29
291,97	1134,57
292,18	1191,92
292,40	1218,54
292,61	1118,19
292,83	1187,82
293,04	1247,21
293,26	1214,45
293,47	1216,49
293,69	1218,54
293,90	1206,25
294,12	1187,82
294,33	1187,82
294,55	1216,49
294,76	1173,49
294,97	1187,82
295,19	1257,45
295,40	1247,21
295,62	1288,17
295,83	1130,48
296,05	1175,53
296,26	1183,73
296,48	1277,93
296,69	1150,96
296,90	1243,12
297,12	1232,88
297,33	1198,06
297,55	1216,49
297,76	1189,87
297,98	1128,43
298,19	1200,11
298,41	1191,92
298,62	1163,25
298,83	1181,68
299,05	1273,84
299,26	1183,73
299,48	1189,87
299,69	1165,29
299,90	1134,57
300,12	1245,16
300,33	1185,77
300,55	1177,58
300,76	1204,21
300,98	1175,53
301,19	1122,29
301,40	1218,54
301,62	1208,30
301,83	1222,64
302,05	1183,73
302,26	1196,01
302,47	1196,01
302,69	1273,84
302,90	1222,64
303,12	1214,45
303,33	1140,72
303,54	1216,49
303,76	1134,57
303,97	1189,87
304,19	1224,69
304,40	1189,87
304,61	1228,78
304,83	1132,53
305,04	1112,05
305,26	1148,91
305,47	1214,45
305,68	1193,97
305,90	1210,35
306,11	1064,94
306,33	1140,72
306,54	1241,07
306,75	1175,53
306,97	1198,06
307,18	1171,44
307,39	1208,30
307,61	1226,73
307,82	1193,97
308,04	1173,49
308,25	1140,72
308,46	1171,44
308,68	1124,33
308,89	1212,40
309,10	1122,29
309,32	1179,63
309,53	1191,92
309,74	1214,45
309,96	1155,05
310,17	1212,40
310,39	1216,49
310,60	1110,00
310,81	1095,66
311,03	1243,12
311,24	1191,92
311,45	1261,55
311,67	1181,68
311,88	1222,64
312,09	1214,45
312,31	1243,12
312,52	1206,25
312,73	1165,29
312,95	1202,16
313,16	1220,59
313,37	1230,83
313,59	1241,07
313,80	1191,92
314,01	1175,53
314,23	1216,49
314,44	1198,06
314,65	1107,95
314,87	1196,01
315,08	1128,43
315,29	1173,49
315,51	1163,25
315,72	1245,16
315,93	1187,82
316,15	1183,73
316,36	1175,53
316,57	1198,06
316,79	1210,35
317,00	1216,49
317,21	1150,96
317,43	1251,31
317,64	1183,73
317,85	1175,53
318,07	1208,30
318,28	1198,06
318,49	1171,44
318,70	1175,53
318,92	1218,54
319,13	1118,19
319,34	1175,53
319,56	1212,40
319,77	1255,40
319,98	1204,21
320,20	1155,05
320,41	1196,01
320,62	1126,38
320,83	1150,96
321,05	1167,34
321,26	1234,93
321,47	1185,77
321,69	1112,05
321,90	1148,91
322,11	1232,88
322,32	1191,92
322,54	1230,83
322,75	1189,87
322,96	1253,36
323,18	1196,01
323,39	1157,10
323,60	1236,97
323,81	1224,69
324,03	1155,05
324,24	1261,55
324,45	1204,21
324,66	1208,30
324,88	1150,96
325,09	1226,73
325,30	1202,16
325,52	1198,06
325,73	1228,78
325,94	1245,16
326,15	1189,87
326,37	1175,53
326,58	1220,59
326,79	1228,78
327,00	1202,16
327,22	1148,91
327,43	1179,63
327,64	1253,36
327,85	1251,31
328,07	1210,35
328,28	1216,49
328,49	1161,20
328,70	1114,10
328,92	1173,49
329,13	1175,53
329,34	1218,54
329,55	1148,91
329,76	1236,97
329,98	1198,06
330,19	1206,25
330,40	1216,49
330,61	1232,88
330,83	1122,29
331,04	1191,92
331,25	1265,64
331,46	1171,44
331,68	1208,30
331,89	1112,05
332,10	1179,63
332,31	1167,34
332,52	1189,87
332,74	1120,24
332,95	1202,16
333,16	1183,73
333,37	1191,92
333,58	1265,64
333,80	1114,10
334,01	1204,21
334,22	1204,21
334,43	1204,21
334,64	1185,77
334,86	1155,05
335,07	1191,92
335,28	1142,77
335,49	1146,86
335,70	1142,77
335,92	1150,96
336,13	1234,93
336,34	1155,05
336,55	1243,12
336,76	1189,87
336,98	1122,29
337,19	1204,21
337,40	1314,80
337,61	1189,87
337,82	1134,57
338,04	1198,06
338,25	1134,57
338,46	1171,44
338,67	1181,68
338,88	1196,01
339,09	1155,05
339,31	1159,15
339,52	1128,43
339,73	1193,97
339,94	1148,91
340,15	1226,73
340,36	1224,69
340,58	1126,38
340,79	1179,63
341,00	1249,26
341,21	1173,49
341,42	1210,35
341,63	1101,81
341,85	1187,82
342,06	1230,83
342,27	1136,62
342,48	1214,45
342,69	1167,34
342,90	1228,78
343,12	1161,20
343,33	1159,15
343,54	1290,22
343,75	1155,05
343,96	1236,97
344,17	1114,10
344,38	1208,30
344,60	1234,93
344,81	1167,34
345,02	1193,97
345,23	1208,30
345,44	1167,34
345,65	1116,14
345,86	1222,64
346,07	1218,54
346,29	1171,44
346,50	1153,01
346,71	1191,92
346,92	1228,78
347,13	1177,58
347,34	1210,35
347,55	1198,06
347,76	1222,64
347,98	1153,01
348,19	1185,77
348,40	1226,73
348,61	1249,26
348,82	1128,43
349,03	1183,73
349,24	1179,63
349,45	1251,31
349,66	1163,25
349,88	1181,68
350,09	1282,03
350,30	1118,19
350,51	1134,57
350,72	1224,69
350,93	1202,16
351,14	1232,88
351,35	1187,82
351,56	1257,45
351,77	1212,40
351,99	1216,49
352,20	1161,20
352,41	1263,60
352,62	1163,25
352,83	1157,10
353,04	1173,49
353,25	1155,05
353,46	1263,60
353,67	1185,77
353,88	1179,63
354,09	1200,11
354,30	1128,43
354,52	1179,63
354,73	1163,25
354,94	1177,58
355,15	1210,35
355,36	1171,44
355,57	1232,88
355,78	1167,34
355,99	1224,69
356,20	1187,82
356,41	1183,73
356,62	1226,73
356,83	1177,58
357,04	1185,77
357,25	1173,49
357,46	1206,25
357,68	1189,87
357,89	1157,10
358,10	1296,36
358,31	1245,16
358,52	1220,59
358,73	1146,86
358,94	1150,96
359,15	1236,97
359,36	1243,12
359,57	1144,81
359,78	1210,35
359,99	1138,67
360,20	1273,84
360,41	1200,11
360,62	1232,88
360,83	1181,68
361,04	1224,69
361,25	1187,82
361,46	1228,78
361,67	1120,24
361,88	1216,49
362,09	1200,11
362,30	1189,87
362,51	1181,68
362,72	1179,63
362,93	1218,54
363,14	1261,55
363,35	1126,38
363,56	1167,34
363,78	1142,77
363,99	1159,15
364,20	1222,64
364,41	1206,25
364,62	1247,21
364,83	1218,54
365,04	1183,73
365,25	1210,35
365,46	1234,93
365,67	1214,45
365,88	1204,21
366,09	1183,73
366,30	1175,53
366,51	1132,53
366,72	1095,66
366,93	1200,11
367,14	1214,45
367,35	1200,11
367,56	1155,05
367,77	1191,92
367,98	1200,11
368,18	1228,78
368,39	1173,49
368,60	1226,73
368,81	1183,73
369,02	1173,49
369,23	1155,05
369,44	1159,15
369,65	1253,36
369,86	1148,91
370,07	1196,01
370,28	1185,77
370,49	1155,05
370,70	1150,96
370,91	1198,06
371,12	1208,30
371,33	1179,63
371,54	1132,53
371,75	1222,64
371,96	1222,64
372,17	1224,69
372,38	1163,25
372,59	1167,34
372,80	1249,26
373,01	1216,49
373,22	1210,35
373,43	1230,83
373,64	1171,44
373,85	1183,73
374,06	1185,77
374,26	1116,14
374,47	1183,73
374,68	1187,82
374,89	1212,40
375,10	1216,49
375,31	1128,43
375,52	1161,20
375,73	1239,02
375,94	1146,86
376,15	1171,44
376,36	1167,34
376,57	1259,50
376,78	1103,86
376,99	1167,34
377,20	1153,01
377,40	1200,11
377,61	1165,29
377,82	1196,01
378,03	1208,30
378,24	1155,05
378,45	1236,97
378,66	1191,92
378,87	1167,34
379,08	1161,20
379,29	1177,58
379,50	1204,21
379,71	1148,91
379,91	1193,97
380,12	1200,11
380,33	1189,87
380,54	1273,84
380,75	1267,69
380,96	1224,69
381,17	1171,44
381,38	1249,26
381,59	1196,01
381,80	1189,87
382,00	1191,92
382,21	1142,77
382,42	1206,25
382,63	1249,26
382,84	1196,01
383,05	1177,58
383,26	1146,86
383,47	1286,12
383,68	1183,73
383,88	1189,87
384,09	1253,36
384,30	1167,34
384,51	1216,49
384,72	1196,01
384,93	1216,49
385,14	1228,78
385,35	1200,11
385,55	1175,53
385,76	1247,21
385,97	1150,96
386,18	1181,68
386,39	1247,21
386,60	1165,29
386,81	1150,96
387,02	1157,10
387,22	1175,53
387,43	1134,57
387,64	1150,96
387,85	1159,15
388,06	1167,34
388,27	1175,53
388,48	1193,97
388,68	1116,14
388,89	1142,77
389,10	1181,68
389,31	1105,90
389,52	1126,38
389,73	1210,35
389,93	1232,88
390,14	1124,33
390,35	1208,30
390,56	1159,15
390,77	1196,01
390,98	1239,02
391,18	1142,77
391,39	1216,49
391,60	1216,49
391,81	1191,92
392,02	1159,15
392,23	1208,30
392,43	1218,54
392,64	1153,01
392,85	1128,43
393,06	1200,11
393,27	1128,43
393,47	1159,15
393,68	1148,91
393,89	1204,21
394,10	1150,96
394,31	1204,21
394,52	1202,16
394,72	1187,82
394,93	1257,45
395,14	1175,53
395,35	1110,00
395,56	1183,73
395,76	1167,34
395,97	1222,64
396,18	1204,21
396,39	1218,54
396,60	1267,69
396,80	1200,11
397,01	1159,15
397,22	1206,25
397,43	1206,25
397,64	1234,93
397,84	1173,49
398,05	1204,21
398,26	1179,63
398,47	1263,60
398,67	1132,53
398,88	1159,15
399,09	1236,97
399,30	1204,21
399,51	1241,07
399,71	1224,69
399,92	1210,35
400,13	1218,54
400,34	1169,39
400,54	1179,63
400,75	1191,92
400,96	1239,02
401,17	1214,45
401,37	1171,44
401,58	1212,40
401,79	1187,82
402,00	1236,97
402,21	1214,45
402,41	1136,62
402,62	1198,06
402,83	1241,07
403,04	1187,82
403,24	1189,87
403,45	1228,78
403,66	1138,67
403,87	1173,49
404,07	1212,40
404,28	1107,95
404,49	1163,25
404,70	1189,87
404,90	1193,97
405,11	1247,21
405,32	1234,93
405,52	1271,79
405,73	1224,69
405,94	1220,59
406,15	1200,11
406,35	1189,87
406,56	1181,68
406,77	1138,67
406,98	1210,35
407,18	1148,91
407,39	1179,63
407,60	1173,49
407,80	1173,49
408,01	1214,45
408,22	1255,40
408,43	1183,73
408,63	1226,73
408,84	1204,21
409,05	1173,49
409,25	1165,29
409,46	1251,31
409,67	1120,24
409,88	1191,92
410,08	1185,77
410,29	1169,39
410,50	1216,49
410,70	1208,30
410,91	1206,25
411,12	1200,11
411,32	1214,45
411,53	1187,82
411,74	1122,29
411,95	1193,97
412,15	1165,29
412,36	1245,16
412,57	1210,35
412,77	1212,40
412,98	1191,92
413,19	1202,16
413,39	1185,77
413,60	1253,36
413,81	1200,11
414,01	1243,12
414,22	1220,59
414,43	1169,39
414,63	1185,77
414,84	1236,97
415,05	1273,84
415,25	1140,72
415,46	1206,25
415,67	1212,40
415,87	1171,44
416,08	1175,53
416,29	1142,77
416,49	1230,83
416,70	1286,12
416,91	1230,83
417,11	1189,87
417,32	1220,59
417,53	1138,67
417,73	1187,82
417,94	1198,06
418,15	1208,30
418,35	1222,64
418,56	1204,21
418,77	1157,10
418,97	1216,49
419,18	1132,53
419,38	1097,71
419,59	1163,25
419,80	1148,91
420,00	1214,45
420,21	1200,11
420,42	1269,74
420,62	1128,43
420,83	1181,68
421,04	1193,97
421,24	1228,78
421,45	1173,49
421,65	1173,49
421,86	1232,88
422,07	1198,06
422,27	1165,29
422,48	1230,83
422,69	1120,24
422,89	1196,01
423,10	1232,88
423,30	1183,73
423,51	1204,21
423,72	1202,16
423,92	1257,45
424,13	1179,63
424,33	1210,35
424,54	1179,63
424,75	1191,92
424,95	1212,40
425,16	1189,87
425,36	1259,50
425,57	1191,92
425,78	1148,91
425,98	1124,33
426,19	1220,59
426,39	1167,34
426,60	1198,06
426,81	1212,40
427,01	1214,45
427,22	1169,39
427,42	1198,06
427,63	1183,73
427,83	1239,02
428,04	1212,40
428,25	1134,57
428,45	1175,53
428,66	1136,62
428,86	1257,45
429,07	1220,59
429,28	1161,20
429,48	1116,14
429,69	1183,73
429,89	1150,96
430,10	1200,11
430,30	1171,44
430,51	1177,58
430,71	1163,25
430,92	1200,11
431,13	1212,40
431,33	1273,84
431,54	1200,11
431,74	1271,79
431,95	1177,58
432,15	1196,01
432,36	1253,36
432,56	1185,77
432,77	1212,40
432,98	1249,26
433,18	1183,73
433,39	1202,16
433,59	1198,06
433,80	1189,87
434,00	1206,25
434,21	1175,53
434,41	1155,05
434,62	1210,35
434,82	1214,45
435,03	1173,49
435,23	1173,49
435,44	1196,01
435,64	1202,16
435,85	1193,97
436,06	1183,73
436,26	1216,49
436,47	1179,63
436,67	1241,07
436,88	1171,44
437,08	1241,07
437,29	1196,01
437,49	1230,83
437,70	1146,86
437,90	1222,64
438,11	1198,06
438,31	1212,40
438,52	1202,16
438,72	1142,77
438,93	1142,77
439,13	1150,96
439,34	1204,21
439,54	1189,87
439,75	1165,29
439,95	1167,34
440,16	1126,38
440,36	1167,34
440,57	1161,20
440,77	1181,68
440,98	1167,34
441,18	1247,21
441,39	1150,96
441,59	1200,11
441,80	1183,73
442,00	1210,35
442,21	1179,63
442,41	1134,57
442,62	1177,58
442,82	1142,77
443,02	1155,05
443,23	1171,44
443,43	1232,88
443,64	1253,36
443,84	1159,15
444,05	1163,25
444,25	1171,44
444,46	1173,49
444,66	1159,15
444,87	1146,86
445,07	1161,20
445,28	1216,49
445,48	1163,25
445,69	1163,25
445,89	1167,34
446,09	1214,45
446,30	1226,73
446,50	1232,88
446,71	1204,21
446,91	1175,53
447,12	1157,10
447,32	1167,34
447,53	1228,78
447,73	1175,53
447,93	1167,34
448,14	1134,57
448,34	1142,77
448,55	1191,92
448,75	1198,06
448,96	1239,02
449,16	1226,73
449,36	1187,82
449,57	1179,63
449,77	1202,16
449,98	1202,16
450,18	1196,01
450,39	1185,77
450,59	1249,26
450,79	1206,25
451,00	1169,39
451,20	1175,53
451,41	1196,01
451,61	1114,10
451,81	1220,59
452,02	1196,01
452,22	1165,29
452,43	1220,59
452,63	1236,97
452,84	1148,91
453,04	1173,49
453,24	1202,16
453,45	1179,63
453,65	1136,62
453,86	1216,49
454,06	1196,01
454,26	1241,07
454,47	1193,97
454,67	1142,77
454,87	1148,91
455,08	1183,73
455,28	1118,19
455,49	1206,25
455,69	1171,44
455,89	1144,81
456,10	1275,88
456,30	1179,63
456,51	1265,64
456,71	1198,06
456,91	1222,64
457,12	1220,59
457,32	1159,15
457,52	1093,62
457,73	1196,01
457,93	1099,76
458,14	1271,79
458,34	1173,49
458,54	1181,68
458,75	1183,73
458,95	1163,25
459,15	1169,39
459,36	1200,11
459,56	1097,71
459,76	1150,96
459,97	1253,36
460,17	1290,22
460,37	1155,05
460,58	1185,77
460,78	1163,25
460,99	1146,86
461,19	1101,81
461,39	1183,73
461,60	1220,59
461,80	1204,21
462,00	1116,14
462,21	1204,21
462,41	1196,01
462,61	1183,73
462,82	1226,73
463,02	1210,35
463,22	1130,48
463,43	1245,16
463,63	1232,88
463,83	1126,38
464,04	1122,29
464,24	1171,44
464,44	1181,68
464,64	1241,07
464,85	1191,92
465,05	1224,69
465,25	1157,10
465,46	1134,57
465,66	1204,21
465,86	1222,64
466,07	1216,49
466,27	1173,49
466,47	1165,29
466,68	1105,90
466,88	1165,29
467,08	1183,73
467,29	1296,36
467,49	1208,30
467,69	1116,14
467,89	1146,86
468,10	1210,35
468,30	1122,29
468,50	1126,38
468,71	1155,05
468,91	1177,58
469,11	1230,83
469,31	1140,72
469,52	1318,89
469,72	1177,58
469,92	1161,20
470,13	1179,63
470,33	1150,96
470,53	1171,44
470,73	1112,05
470,94	1175,53
471,14	1171,44
471,34	1173,49
471,54	1159,15
471,75	1216,49
471,95	1167,34
472,15	1296,36
472,36	1177,58
472,56	1204,21
472,76	1175,53
472,96	1208,30
473,17	1165,29
473,37	1185,77
473,57	1226,73
473,77	1130,48
473,98	1185,77
474,18	1181,68
474,38	1177,58
474,58	1146,86
474,79	1167,34
474,99	1200,11
475,19	1214,45
475,39	1140,72
475,60	1169,39
475,80	1181,68
476,00	1146,86
476,20	1204,21
476,41	1228,78
476,61	1206,25
476,81	1249,26
477,01	1146,86
477,21	1157,10
477,42	1140,72
477,62	1265,64
477,82	1206,25
478,02	1103,86
478,23	1177,58
478,43	1167,34
478,63	1202,16
478,83	1239,02
479,03	1161,20
479,24	1208,30
479,44	1202,16
479,64	1138,67
479,84	1204,21
480,04	1191,92
480,25	1179,63
480,45	1200,11
480,65	1161,20
480,85	1167,34
481,06	1234,93
481,26	1216,49
481,46	1157,10
481,66	1175,53
481,86	1165,29
482,06	1169,39
482,27	1234,93
482,47	1153,01
482,67	1232,88
482,87	1159,15
483,07	1239,02
483,28	1210,35
483,48	1232,88
483,68	1196,01
483,88	1142,77
484,08	1191,92
484,29	1204,21
484,49	1173,49
484,69	1099,76
484,89	1167,34
485,09	1204,21
485,29	1146,86
485,50	1202,16
485,70	1128,43
485,90	1200,11
486,10	1202,16
486,30	1249,26
486,50	1220,59
486,71	1159,15
486,91	1179,63
487,11	1157,10
487,31	1173,49
487,51	1181,68
487,71	1218,54
487,91	1163,25
488,12	1198,06
488,32	1159,15
488,52	1130,48
488,72	1210,35
488,92	1214,45
489,12	1202,16
489,32	1202,16
489,53	1206,25
489,73	1232,88
489,93	1232,88
490,13	1185,77
490,33	1200,11
490,53	1191,92
490,73	1196,01
490,94	1224,69
491,14	1226,73
491,34	1126,38
491,54	1146,86
491,74	1191,92
491,94	1257,45
492,14	1206,25
492,34	1208,30
492,54	1206,25
492,75	1185,77
492,95	1212,40
493,15	1232,88
493,35	1200,11
493,55	1196,01
493,75	1196,01
493,95	1273,84
494,15	1165,29
494,35	1181,68
494,56	1224,69
494,76	1204,21
494,96	1171,44
495,16	1257,45
495,36	1173,49
495,56	1202,16
495,76	1169,39
495,96	1239,02
496,16	1150,96
496,36	1200,11
496,56	1204,21
496,77	1255,40
496,97	1214,45
497,17	1181,68
497,37	1148,91
497,57	1208,30
497,77	1171,44
497,97	1167,34
498,17	1126,38
498,37	1179,63
498,57	1099,76
498,77	1232,88
498,97	1087,47
499,17	1200,11
499,38	1169,39
499,58	1161,20
499,78	1153,01
499,98	1187,82
500,18	1212,40
500,38	1165,29
500,58	1132,53
500,78	1130,48
500,98	1183,73
501,18	1155,05
501,38	1216,49
501,58	1148,91
501,78	1210,35
501,98	1157,10
502,18	1183,73
502,38	1183,73
502,58	1177,58
502,78	1204,21
502,98	1159,15
503,18	1179,63
503,38	1138,67
503,59	1146,86
503,79	1220,59
503,99	1210,35
504,19	1259,50
504,39	1204,21
504,59	1107,95
504,79	1196,01
504,99	1232,88
505,19	1173,49
505,39	1198,06
505,59	1245,16
505,79	1150,96
505,99	1218,54
506,19	1200,11
506,39	1265,64
506,59	1177,58
506,79	1196,01
506,99	1271,79
507,19	1161,20
507,39	1173,49
507,59	1265,64
507,79	1193,97
507,99	1210,35
508,19	1169,39
508,39	1146,86
508,59	1198,06
508,79	1171,44
508,99	1206,25
509,19	1177,58
509,39	1200,11
509,59	1134,57
509,79	1191,92
509,99	1296,36
510,19	1179,63
510,39	1187,82
510,59	1163,25
510,79	1224,69
510,99	1220,59
511,19	1187,82
511,39	1189,87
511,59	1157,10
511,79	1232,88
511,99	1167,34
512,19	1146,86
512,38	1181,68
512,58	1202,16
512,78	1175,53
512,98	1241,07
513,18	1167,34
513,38	1220,59
513,58	1214,45
513,78	1159,15
513,98	1161,20
514,18	1249,26
514,38	1179,63
514,58	1226,73
514,78	1134,57
514,98	1114,10
515,18	1175,53
515,38	1239,02
515,58	1269,74
515,78	1206,25
515,98	1198,06
516,18	1210,35
516,38	1216,49
516,57	1200,11
516,77	1177,58
516,97	1122,29
517,17	1208,30
517,37	1173,49
517,57	1204,21
517,77	1181,68
517,97	1265,64
518,17	1165,29
518,37	1232,88
518,57	1161,20
518,77	1148,91
518,97	1206,25
519,16	1265,64
519,36	1165,29
519,56	1175,53
519,76	1210,35
519,96	1173,49
520,16	1214,45
520,36	1196,01
520,56	1155,05
520,76	1206,25
520,96	1155,05
521,16	1171,44
521,35	1222,64
521,55	1239,02
521,75	1153,01
521,95	1171,44
522,15	1101,81
522,35	1159,15
522,55	1183,73
522,75	1259,50
522,95	1189,87
523,14	1200,11
523,34	1284,08
523,54	1173,49
523,74	1118,19
523,94	1271,79
524,14	1161,20
524,34	1232,88
524,54	1150,96
524,73	1200,11
524,93	1150,96
525,13	1200,11
525,33	1212,40
525,53	1200,11
525,73	1150,96
525,93	1279,98
526,13	1228,78
526,32	1150,96
526,52	1273,84
526,72	1185,77
526,92	1230,83
527,12	1200,11
527,32	1146,86
527,52	1163,25
527,71	1150,96
527,91	1200,11
528,11	1228,78
528,31	1091,57
528,51	1204,21
528,71	1228,78
528,90	1189,87
529,10	1173,49
529,30	1212,40
529,50	1157,10
529,70	1181,68
529,90	1183,73
530,09	1200,11
530,29	1206,25
530,49	1169,39
530,69	1191,92
530,89	1216,49
531,09	1163,25
531,28	1189,87
531,48	1206,25
531,68	1271,79
531,88	1183,73
532,08	1191,92
532,28	1155,05
532,47	1241,07
532,67	1134,57
532,87	1224,69
533,07	1198,06
533,27	1193,97
533,46	1181,68
533,66	1144,81
533,86	1204,21
534,06	1163,25
534,26	1165,29
534,45	1144,81
534,65	1179,63
534,85	1191,92
535,05	1245,16
535,25	1253,36
535,44	1189,87
535,64	1216,49
535,84	1210,35
536,04	1232,88
536,24	1212,40
536,43	1187,82
536,63	1296,36
536,83	1157,10
537,03	1165,29
537,22	1165,29
537,42	1161,20
537,62	1216,49
537,82	1208,30
538,02	1267,69
538,21	1114,10
538,41	1245,16
538,61	1191,92
538,81	1204,21
539,00	1161,20
539,20	1155,05
539,40	1187,82
539,60	1144,81
539,79	1175,53
539,99	1181,68
540,19	1269,74
540,39	1075,18
540,58	1175,53
540,78	1200,11
540,98	1126,38
541,18	1175,53
541,37	1214,45
541,57	1220,59
541,77	1189,87
541,97	1183,73
542,16	1140,72
542,36	1191,92
542,56	1175,53
542,76	1177,58
542,95	1196,01
543,15	1181,68
543,35	1222,64
543,54	1191,92
543,74	1218,54
543,94	1241,07
544,14	1163,25
544,33	1171,44
544,53	1216,49
544,73	1169,39
544,93	1114,10
545,12	1159,15
545,32	1173,49
545,52	1136,62
545,71	1222,64
545,91	1193,97
546,11	1140,72
546,30	1136,62
546,50	1202,16
546,70	1157,10
546,90	1220,59
547,09	1181,68
547,29	1267,69
547,49	1116,14
547,68	1189,87
547,88	1200,11
548,08	1191,92
548,27	1179,63
548,47	1155,05
548,67	1167,34
548,87	1191,92
549,06	1159,15
549,26	1175,53
549,46	1210,35
549,65	1116,14
549,85	1163,25
550,05	1208,30
550,24	1185,77
550,44	1222,64
550,64	1179,63
550,83	1200,11
551,03	1146,86
551,23	1183,73
551,42	1157,10
551,62	1200,11
551,82	1230,83
552,01	1175,53
552,21	1181,68
552,41	1214,45
552,60	1202,16
552,80	1226,73
553,00	1144,81
553,19	1183,73
553,39	1155,05
553,59	1179,63
553,78	1189,87
553,98	1232,88
554,17	1159,15
554,37	1193,97
554,57	1157,10
554,76	1212,40
554,96	1179,63
555,16	1140,72
555,35	1179,63
555,55	1247,21
555,75	1247,21
555,94	1150,96
556,14	1220,59
556,33	1210,35
556,53	1204,21
556,73	1134,57
556,92	1165,29
557,12	1216,49
557,32	1171,44
557,51	1245,16
557,71	1140,72
557,90	1200,11
558,10	1249,26
558,30	1165,29
558,49	1196,01
558,69	1097,71
558,88	1185,77
559,08	1208,30
559,28	1236,97
559,47	1185,77
559,67	1134,57
559,86	1155,05
560,06	1120,24
560,26	1234,93
560,45	1261,55
560,65	1206,25
560,84	1187,82
561,04	1183,73
561,24	1173,49
561,43	1251,31
561,63	1185,77
561,82	1167,34
562,02	1247,21
562,22	1150,96
562,41	1222,64
562,61	1224,69
562,80	1257,45
563,00	1239,02
563,19	1216,49
563,39	1136,62
563,59	1122,29
563,78	1159,15
563,98	1239,02
564,17	1216,49
564,37	1144,81
564,56	1206,25
564,76	1163,25
564,96	1198,06
565,15	1122,29
565,35	1142,77
565,54	1249,26
565,74	1257,45
565,93	1196,01
566,13	1134,57
566,32	1153,01
566,52	1214,45
566,71	1255,40
566,91	1206,25
567,11	1191,92
567,30	1155,05
567,50	1126,38
567,69	1150,96
567,89	1214,45
568,08	1148,91
568,28	1204,21
568,47	1187,82
568,67	1236,97
568,86	1191,92
569,06	1181,68
569,25	1198,06
569,45	1177,58
569,64	1155,05
569,84	1183,73
570,04	1218,54
570,23	1175,53
570,43	1144,81
570,62	1179,63
570,82	1216,49
571,01	1163,25
571,21	1222,64
571,40	1169,39
571,60	1247,21
571,79	1226,73
571,99	1206,25
572,18	1198,06
572,38	1200,11
572,57	1161,20
572,77	1118,19
572,96	1228,78
573,16	1185,77
573,35	1241,07
573,55	1259,50
573,74	1144,81
573,94	1175,53
574,13	1181,68
574,33	1288,17
574,52	1189,87
574,71	1224,69
574,91	1175,53
575,10	1181,68
575,30	1167,34
575,49	1165,29
575,69	1216,49
575,88	1214,45
576,08	1142,77
576,27	1218,54
576,47	1155,05
576,66	1148,91
576,86	1163,25
577,05	1216,49
577,25	1173,49
577,44	1249,26
577,64	1155,05
577,83	1191,92
578,02	1202,16
578,22	1222,64
578,41	1148,91
578,61	1212,40
578,80	1177,58
579,00	1214,45
579,19	1177,58
579,39	1247,21
579,58	1232,88
579,77	1241,07
579,97	1169,39
580,16	1261,55
580,36	1181,68
580,55	1191,92
580,75	1218,54
580,94	1290,22
581,13	1191,92
581,33	1206,25
581,52	1224,69
581,72	1167,34
581,91	1189,87
582,11	1155,05
582,30	1157,10
582,49	1165,29
582,69	1224,69
582,88	1200,11
583,08	1161,20
583,27	1224,69
583,47	1255,40
583,66	1196,01
583,85	1196,01
584,05	1282,03
584,24	1140,72
584,44	1179,63
584,63	1173,49
584,82	1216,49
585,02	1226,73
585,21	1216,49
585,41	1167,34
585,60	1218,54
585,79	1167,34
585,99	1220,59
586,18	1193,97
586,37	1241,07
586,57	1159,15
586,76	1269,74
586,96	1183,73
587,15	1261,55
587,34	1167,34
587,54	1193,97
587,73	1212,40
587,93	1185,77
588,12	1247,21
588,31	1271,79
588,51	1138,67
588,70	1130,48
588,89	1220,59
589,09	1157,10
589,28	1183,73
589,47	1173,49
589,67	1181,68
589,86	1200,11
590,06	1187,82
590,25	1318,89
590,44	1247,21
590,64	1146,86
590,83	1171,44
591,02	1189,87
591,22	1198,06
591,41	1159,15
591,60	1228,78
591,80	1157,10
591,99	1116,14
592,18	1208,30
592,38	1204,21
592,57	1161,20
592,76	1171,44
592,96	1204,21
593,15	1153,01
593,34	1157,10
593,54	1175,53
593,73	1171,44
593,92	1236,97
594,12	1245,16
594,31	1163,25
594,50	1224,69
594,70	1091,57
594,89	1157,10
595,08	1239,02
595,28	1191,92
595,47	1134,57
595,66	1175,53
595,86	1206,25
596,05	1236,97
596,24	1212,40
596,43	1150,96
596,63	1179,63
596,82	1155,05
597,01	1187,82
597,21	1216,49
597,40	1148,91
597,59	1173,49
597,79	1220,59
597,98	1169,39
598,17	1210,35
598,36	1218,54
598,56	1218,54
598,75	1157,10
598,94	1243,12
599,14	1216,49
599,33	1196,01
599,52	1245,16
599,71	1226,73
599,91	1185,77
600,10	1120,24
600,29	1224,69
600,48	1171,44
600,68	1150,96
600,87	1153,01
601,06	1220,59
601,26	1200,11
601,45	1216,49
601,64	1165,29
601,83	1153,01
602,03	1187,82
602,22	1228,78
602,41	1200,11
602,60	1263,60
602,80	1200,11
602,99	1159,15
603,18	1189,87
603,37	1191,92
603,57	1216,49
603,76	1148,91
603,95	1150,96
604,14	1173,49
604,34	1214,45
604,53	1134,57
604,72	1171,44
604,91	1208,30
605,10	1087,47
605,30	1239,02
605,49	1173,49
605,68	1218,54
605,87	1144,81
606,07	1177,58
606,26	1261,55
606,45	1234,93
606,64	1155,05
606,84	1171,44
607,03	1173,49
607,22	1210,35
607,41	1216,49
607,60	1150,96
607,80	1191,92
607,99	1183,73
608,18	1165,29
608,37	1191,92
608,56	1136,62
608,76	1222,64
608,95	1173,49
609,14	1157,10
609,33	1118,19
609,52	1204,21
609,72	1179,63
609,91	1232,88
610,10	1198,06
610,29	1232,88
610,48	1181,68
610,68	1200,11
610,87	1167,34
611,06	1150,96
611,25	1150,96
611,44	1200,11
611,63	1150,96
611,83	1173,49
612,02	1193,97
612,21	1153,01
612,40	1157,10
612,59	1259,50
612,79	1175,53
612,98	1175,53
613,17	1155,05
613,36	1255,40
613,55	1169,39
613,74	1253,36
613,93	1140,72
614,13	1218,54
614,32	1177,58
614,51	1234,93
614,70	1216,49
614,89	1130,48
615,08	1220,59
615,28	1214,45
615,47	1150,96
615,66	1208,30
615,85	1239,02
616,04	1265,64
616,23	1173,49
616,42	1249,26
616,62	1185,77
616,81	1216,49
617,00	1269,74
617,19	1163,25
617,38	1110,00
617,57	1251,31
617,76	1157,10
617,95	1107,95
618,15	1163,25
618,34	1198,06
618,53	1138,67
618,72	1169,39
618,91	1234,93
619,10	1200,11
619,29	1144,81
619,48	1167,34
619,68	1130,48
619,87	1173,49
620,06	1146,86
620,25	1153,01
620,44	1245,16
620,63	1138,67
620,82	1189,87
621,01	1130,48
621,20	1173,49
621,39	1183,73
621,59	1218,54
621,78	1173,49
621,97	1167,34
622,16	1241,07
622,35	1146,86
622,54	1234,93
622,73	1179,63
622,92	1208,30
623,11	1144,81
623,30	1216,49
623,49	1173,49
623,68	1232,88
623,88	1163,25
624,07	1167,34
624,26	1245,16
624,45	1189,87
624,64	1210,35
624,83	1234,93
625,02	1241,07
625,21	1294,32
625,40	1196,01
625,59	1128,43
625,78	1185,77
625,97	1282,03
626,16	1241,07
626,35	1232,88
626,54	1198,06
626,74	1208,30
626,93	1167,34
627,12	1165,29
627,31	1230,83
627,50	1200,11
627,69	1196,01
627,88	1200,11
628,07	1155,05
628,26	1234,93
628,45	1226,73
628,64	1224,69
628,83	1214,45
629,02	1163,25
629,21	1224,69
629,40	1159,15
629,59	1206,25
629,78	1218,54
629,97	1202,16
630,16	1214,45
630,35	1212,40
630,54	1271,79
630,73	1255,40
630,92	1234,93
631,11	1204,21
631,30	1259,50
631,49	1275,88
631,68	1363,95
631,87	2465,75
632,06	7735,18
632,25	16008,97
632,44	19316,44
632,63	24952,45
632,82	13487,92
633,01	8132,48
633,20	3809,22
633,39	2107,36
633,58	1773,54
633,77	1802,21
633,96	1566,70
634,15	1486,83
634,34	1355,76
634,53	1368,04
634,72	1351,66
634,91	1273,84
635,10	1349,61
635,29	1306,60
635,48	1249,26
635,67	1200,11
635,86	1200,11
636,05	1232,88
636,24	1132,53
636,43	1161,20
636,62	1173,49
636,81	1204,21
637,00	1189,87
637,19	1167,34
637,38	1204,21
637,57	1161,20
637,76	1212,40
637,95	1177,58
638,14	1306,60
638,33	1269,74
638,52	1226,73
638,71	1130,48
638,89	1232,88
639,08	1224,69
639,27	1183,73
639,46	1226,73
639,65	1222,64
639,84	1144,81
640,03	1208,30
640,22	1196,01
640,41	1189,87
640,60	1181,68
640,79	1284,08
640,98	1210,35
641,17	1200,11
641,36	1273,84
641,55	1189,87
641,74	1245,16
641,92	1189,87
642,11	1136,62
642,30	1200,11
642,49	1171,44
642,68	1189,87
642,87	1202,16
643,06	1275,88
643,25	1132,53
643,44	1191,92
643,63	1198,06
643,82	1191,92
644,00	1241,07
644,19	1191,92
644,38	1175,53
644,57	1200,11
644,76	1200,11
644,95	1136,62
645,14	1183,73
645,33	1224,69
645,52	1200,11
645,71	1271,79
645,89	1183,73
646,08	1175,53
646,27	1163,25
646,46	1181,68
646,65	1185,77
646,84	1173,49
647,03	1138,67
647,22	1206,25
647,40	1187,82
647,59	1282,03
647,78	1165,29
647,97	1124,33
648,16	1175,53
648,35	1189,87
648,54	1175,53
648,73	1208,30
648,91	1169,39
649,10	1214,45
649,29	1187,82
649,48	1165,29
649,67	1218,54
649,86	1183,73
650,05	1232,88
650,23	1179,63
650,42	1191,92
650,61	1247,21
650,80	1138,67
650,99	1241,07
651,18	1187,82
651,36	1220,59
651,55	1208,30
651,74	1216,49
651,93	1163,25
652,12	1204,21
652,31	1265,64
652,49	1196,01
652,68	1161,20
652,87	1206,25
653,06	1251,31
653,25	1257,45
653,44	1198,06
653,62	1239,02
653,81	1183,73
654,00	1142,77
654,19	1257,45
654,38	1169,39
654,56	1173,49
654,75	1183,73
654,94	1249,26
655,13	1232,88
655,32	1183,73
655,51	1234,93
655,69	1153,01
655,88	1140,72
656,07	1159,15
656,26	1189,87
656,45	1179,63
656,63	1212,40
656,82	1155,05
657,01	1175,53
657,20	1226,73
657,38	1163,25
657,57	1138,67
657,76	1181,68
657,95	1214,45
658,14	1206,25
658,32	1185,77
658,51	1216,49
658,70	1150,96
658,89	1241,07
659,08	1161,20
659,26	1210,35
659,45	1150,96
659,64	1157,10
659,83	1196,01
660,01	1187,82
660,20	1212,40
660,39	1124,33
660,58	1206,25
660,76	1222,64
660,95	1169,39
661,14	1175,53
661,33	1193,97
661,51	1185,77
661,70	1181,68
661,89	1167,34
662,08	1173,49
662,26	1234,93
662,45	1120,24
662,64	1187,82
662,83	1220,59
663,01	1206,25
663,20	1196,01
663,39	1134,57
663,58	1191,92
663,76	1255,40
663,95	1234,93
664,14	1153,01
664,32	1144,81
664,51	1181,68
664,70	1159,15
664,89	1202,16
665,07	1200,11
665,26	1099,76
665,45	1175,53
665,64	1214,45
665,82	1214,45
666,01	1198,06
666,20	1122,29
666,38	1120,24
666,57	1226,73
666,76	1226,73
666,95	1185,77
667,13	1171,44
667,32	1255,40
667,51	1204,21
667,69	1177,58
667,88	1134,57
668,07	1265,64
668,25	1114,10
668,44	1191,92
668,63	1253,36
668,81	1255,40
669,00	1226,73
669,19	1202,16
669,38	1163,25
669,56	1214,45
669,75	1157,10
669,94	1241,07
670,12	1120,24
670,31	1200,11
670,50	1189,87
670,68	1222,64
670,87	1204,21
671,06	1189,87
671,24	1220,59
671,43	1198,06
671,62	1255,40
671,80	1155,05
671,99	1271,79
672,18	1241,07
672,36	1232,88
672,55	1191,92
672,74	1241,07
672,92	1169,39
673,11	1138,67
673,29	1230,83
673,48	1222,64
673,67	1183,73
673,85	1208,30
674,04	1167,34
674,23	1286,12
674,41	1200,11
674,60	1146,86
674,79	1163,25
674,97	1181,68
675,16	1146,86
675,34	1167,34
675,53	1122,29
675,72	1245,16
675,90	1220,59
676,09	1146,86
676,28	1130,48
676,46	1138,67
676,65	1216,49
676,83	1101,81
677,02	1142,77
677,21	1216,49
677,39	1183,73
677,58	1146,86
677,77	1198,06
677,95	1130,48
678,14	1128,43
678,32	1155,05
678,51	1161,20
678,70	1185,77
678,88	1122,29
679,07	1138,67
679,25	1183,73
679,44	1167,34
679,63	1232,88
679,81	1228,78
680,00	1165,29
680,18	1198,06
680,37	1210,35
680,55	1185,77
680,74	1247,21
680,93	1185,77
681,11	1224,69
681,30	1189,87
681,48	1157,10
681,67	1212,40
681,85	1185,77
682,04	1220,59
682,23	1171,44
682,41	1196,01
682,60	1165,29
682,78	1177,58
682,97	1144,81
683,15	1216,49
683,34	1277,93
683,53	1163,25
683,71	1189,87
683,90	1105,90
684,08	1236,97
684,27	1179,63
684,45	1228,78
684,64	1210,35
684,82	1079,28
685,01	1136,62
685,19	1163,25
685,38	1212,40
685,57	1247,21
685,75	1193,97
685,94	1185,77
686,12	1224,69
686,31	1153,01
686,49	1155,05
686,68	1204,21
686,86	1228,78
687,05	1179,63
687,23	1126,38
687,42	1206,25
687,60	1163,25
687,79	1167,34
687,97	1239,02
688,16	1210,35
688,34	1234,93
688,53	1212,40
688,71	1245,16
688,90	1306,60
689,08	1212,40
689,27	1198,06
689,45	1241,07
689,64	1167,34
689,82	1224,69
690,01	1187,82
690,19	1220,59
690,38	1214,45
690,56	1191,92
690,75	1220,59
690,93	1181,68
691,12	1148,91
691,30	1245,16
691,49	1196,01
691,67	1212,40
691,86	1144,81
692,04	1198,06
692,23	1234,93
692,41	1206,25
692,60	1208,30
692,78	1159,15
692,97	1216,49
693,15	1222,64
693,34	1101,81
693,52	1228,78
693,71	1185,77
693,89	1112,05
694,08	1187,82
694,26	1183,73
694,44	1216,49
694,63	1161,20
694,81	1263,60
695,00	1169,39
695,18	1159,15
695,37	1200,11
695,55	1159,15
695,74	1191,92
695,92	1234,93
696,10	1220,59
696,29	1175,53
696,47	1167,34
696,66	1150,96
696,84	1173,49
697,03	1200,11
697,21	1179,63
697,40	1243,12
697,58	1224,69
697,76	1175,53
697,95	1243,12
698,13	1216,49
698,32	1175,53
698,50	1239,02
698,68	1234,93
698,87	1144,81
699,05	1279,98
699,24	1126,38
699,42	1220,59
699,61	1218,54
699,79	1204,21
699,97	1232,88
700,16	1273,84
700,34	1212,40
700,53	1226,73
700,71	1155,05
700,89	1245,16
701,08	1200,11
701,26	1179,63
701,45	1206,25
701,63	1189,87
701,81	1150,96
702,00	1110,00
702,18	1112,05
702,37	1208,30
702,55	1212,40
702,73	1198,06
702,92	1200,11
703,10	1241,07
703,28	1153,01
703,47	1159,15
703,65	1189,87
703,84	1163,25
704,02	1226,73
704,20	1187,82
704,39	1212,40
704,57	1224,69
704,75	1236,97
704,94	1191,92
705,12	1286,12
705,30	1116,14
705,49	1140,72
705,67	1175,53
705,86	1218,54
706,04	1282,03
706,22	1206,25
706,41	1206,25
706,59	1200,11
706,77	1183,73
706,96	1155,05
707,14	1228,78
707,32	1128,43
707,51	1206,25
707,69	1148,91
707,87	1101,81
708,06	1212,40
708,24	1224,69
708,42	1218,54
708,61	1228,78
708,79	1214,45
708,97	1200,11
709,16	1153,01
709,34	1216,49
709,52	1243,12
709,71	1230,83
709,89	1208,30
710,07	1267,69
710,26	1249,26
710,44	1153,01
710,62	1249,26
710,80	1198,06
710,99	1146,86
711,17	1282,03
711,35	1175,53
711,54	1259,50
711,72	1136,62
711,90	1265,64
712,09	1138,67
712,27	1187,82
712,45	1138,67
712,63	1118,19
712,82	1247,21
713,00	1204,21
713,18	1216,49
713,37	1167,34
713,55	1208,30
713,73	1218,54
713,91	1200,11
714,10	1202,16
714,28	1228,78
714,46	1234,93
714,65	1214,45
714,83	1177,58
715,01	1140,72
715,19	1204,21
715,38	1148,91
715,56	1159,15
715,74	1155,05
715,92	1245,16
716,11	1292,27
716,29	1222,64
716,47	1212,40
716,65	1206,25
716,84	1183,73
717,02	1126,38
717,20	1216,49
717,38	1263,60
717,57	1173,49
717,75	1198,06
717,93	1243,12
718,11	1232,88
718,30	1241,07
718,48	1210,35
718,66	1105,90
718,84	1183,73
719,03	1173,49
719,21	1132,53
719,39	1204,21
719,57	1150,96
719,75	1212,40
719,94	1159,15
720,12	1167,34
720,30	1183,73
720,48	1179,63
720,67	1163,25
720,85	1208,30
721,03	1218,54
721,21	1189,87
721,39	1261,55
721,58	1169,39
721,76	1273,84
721,94	1212,40
722,12	1204,21
722,30	1191,92
722,49	1161,20
722,67	1214,45
722,85	1212,40
723,03	1249,26
723,21	1110,00
723,40	1105,90
723,58	1263,60
723,76	1165,29
723,94	1150,96
724,12	1179,63
724,30	1232,88
724,49	1208,30
724,67	1228,78
724,85	1236,97
725,03	1167,34
725,21	1226,73
725,40	1234,93
725,58	1150,96
725,76	1220,59
725,94	1171,44
726,12	1189,87
726,30	1196,01
726,49	1155,05
726,67	1144,81
726,85	1177,58
727,03	1206,25
727,21	1239,02
727,39	1245,16
727,57	1153,01
727,76	1200,11
727,94	1171,44
728,12	1185,77
728,30	1173,49
728,48	1159,15
728,66	1208,30
728,84	1230,83
729,03	1222,64
729,21	1173,49
729,39	1196,01
729,57	1177,58
729,75	1247,21
729,93	1200,11
730,11	1157,10
730,30	1153,01
730,48	1161,20
730,66	1083,38
730,84	1259,50
731,02	1208,30
731,20	1126,38
731,38	1165,29
731,56	1171,44
731,74	1212,40
731,93	1208,30
732,11	1183,73
732,29	1216,49
732,47	1210,35
732,65	1191,92
732,83	1185,77
733,01	1183,73
733,19	1236,97
733,37	1173,49
733,56	1202,16
733,74	1142,77
733,92	1179,63
734,10	1216,49
734,28	1128,43
734,46	1208,30
734,64	1153,01
734,82	1179,63
735,00	1189,87
735,18	1243,12
735,36	1146,86
735,54	1261,55
735,73	1239,02
735,91	1249,26
736,09	1179,63
736,27	1200,11
736,45	1210,35
736,63	1159,15
736,81	1210,35
736,99	1144,81
737,17	1206,25
737,35	1110,00
737,53	1185,77
737,71	1179,63
737,89	1185,77
738,07	1273,84
738,25	1230,83
738,43	1161,20
738,61	1218,54
738,80	1153,01
738,98	1173,49
739,16	1173,49
739,34	1216,49
739,52	1177,58
739,70	1247,21
739,88	1206,25
740,06	1222,64
740,24	1187,82
740,42	1247,21
740,60	1138,67
740,78	1249,26
740,96	1193,97
741,14	1183,73
741,32	1249,26
741,50	1259,50
741,68	1165,29
741,86	1230,83
742,04	1214,45
742,22	1196,01
742,40	1292,27
742,58	1136,62
742,76	1220,59
742,94	1099,76
743,12	1132,53
743,30	1243,12
743,48	1167,34
743,66	1165,29
743,84	1191,92
744,02	1185,77
744,20	1212,40
744,38	1173,49
744,56	1173,49
744,74	1218,54
744,92	1144,81
745,10	1159,15
745,28	1163,25
745,46	1265,64
745,64	1200,11
745,82	1181,68
746,00	1191,92
746,18	1110,00
746,36	1226,73
746,54	1146,86
746,72	1222,64
746,90	1210,35
747,08	1130,48
747,26	1206,25
747,44	1284,08
747,62	1175,53
747,80	1157,10
747,98	1193,97
748,15	1183,73
748,33	1210,35
748,51	1159,15
748,69	1171,44
748,87	1169,39
749,05	1218,54
749,23	1175,53
749,41	1218,54
749,59	1140,72
749,77	1200,11
749,95	1130,48
750,13	1116,14
750,31	1153,01
750,49	1292,27
750,67	1245,16
750,85	1075,18
751,03	1206,25
751,20	1212,40
751,38	1165,29
751,56	1232,88
751,74	1191,92
751,92	1138,67
752,10	1241,07
752,28	1167,34
752,46	1140,72
752,64	1150,96
752,82	1212,40
753,00	1241,07
753,18	1251,31
753,35	1228,78
753,53	1167,34
753,71	1220,59
753,89	1181,68
754,07	1191,92
754,25	1200,11
754,43	1206,25
754,61	1214,45
754,79	1169,39
754,97	1216,49
755,14	1241,07
755,32	1134,57
755,50	1146,86
755,68	1134,57
755,86	1236,97
756,04	1163,25
756,22	1165,29
756,40	1212,40
756,57	1150,96
756,75	1214,45
756,93	1179,63
757,11	1165,29
757,29	1193,97
757,47	1144,81
757,65	1200,11
757,82	1181,68
758,00	1153,01
758,18	1148,91
758,36	1138,67
758,54	1200,11
758,72	1208,30
758,90	1159,15
759,07	1144,81
759,25	1122,29
759,43	1179,63
759,61	1181,68
759,79	1222,64
759,97	1167,34
760,15	1185,77
760,32	1169,39
760,50	1171,44
760,68	1191,92
760,86	1202,16
761,04	1212,40
761,22	1167,34
761,39	1249,26
761,57	1189,87
761,75	1220,59
761,93	1105,90
762,11	1257,45
762,28	1175,53
762,46	1157,10
762,64	1202,16
762,82	1183,73
763,00	1220,59
763,18	1214,45
763,35	1181,68
763,53	1208,30
763,71	1159,15
763,89	1232,88
764,07	1196,01
764,24	1222,64
764,42	1159,15
764,60	1251,31
764,78	1193,97
764,96	1228,78
765,13	1198,06
765,31	1171,44
765,49	1210,35
765,67	1220,59
765,84	1114,10
766,02	1155,05
766,20	1112,05
766,38	1116,14
766,56	1148,91
766,73	1208,30
766,91	1187,82
767,09	1265,64
767,27	1159,15
767,44	1161,20
767,62	1228,78
767,80	1175,53
767,98	1128,43
768,15	1265,64
768,33	1173,49
768,51	1183,73
768,69	1216,49
768,87	1163,25
769,04	1189,87
769,22	1196,01
769,40	1187,82
769,58	1130,48
769,75	1167,34
769,93	1153,01
770,11	1265,64
770,28	1159,15
770,46	1157,10
770,64	1204,21
770,82	1277,93
770,99	1181,68
771,17	1279,98
771,35	1189,87
771,53	1179,63
771,70	1222,64
771,88	1165,29
772,06	1204,21
772,23	1167,34
772,41	1163,25
772,59	1138,67
772,77	1161,20
772,94	1214,45
773,12	1216,49
773,30	1163,25
773,47	1150,96
773,65	1216,49
773,83	1220,59
774,01	1155,05
774,18	1200,11
774,36	1142,77
774,54	1198,06
774,71	1136,62
774,89	1218,54
775,07	1204,21
775,24	1189,87
775,42	1202,16
775,60	1230,83
775,78	1185,77
775,95	1171,44
776,13	1183,73
776,31	1175,53
776,48	1232,88
776,66	1243,12
776,84	1134,57
777,01	1196,01
777,19	1171,44
777,37	1159,15
777,54	1107,95
777,72	1169,39
777,90	1210,35
778,07	1265,64
778,25	1165,29
778,43	1142,77
778,60	1269,74
778,78	1249,26
778,96	1249,26
779,13	1222,64
779,31	1153,01
779,49	1198,06
779,66	1150,96
779,84	1157,10
780,01	1255,40
780,19	1222,64
780,37	1155,05
780,54	1249,26
780,72	1153,01
780,90	1175,53
781,07	1167,34
781,25	1112,05
781,43	1122,29
781,60	1191,92
781,78	1175,53
781,95	1165,29
782,13	1212,40
782,31	1230,83
782,48	1189,87
782,66	1181,68
782,83	1189,87
783,01	1210,35
783,19	1185,77
783,36	1200,11
783,54	1226,73
783,72	1224,69
783,89	1239,02
784,07	1206,25
784,24	1150,96
784,42	1251,31
784,60	1282,03
784,77	1243,12
784,95	1140,72
785,12	1216,49
785,30	1179,63
785,47	1146,86
785,65	1189,87
785,83	1118,19
786,00	1132,53
786,18	1222,64
786,35	1118,19
786,53	1167,34
786,71	1206,25
786,88	1191,92
787,06	1204,21
787,23	1179,63
787,41	1138,67
787,58	1222,64
787,76	1150,96
787,94	1187,82
788,11	1124,33
788,29	1212,40
788,46	1204,21
788,64	1175,53
788,81	1171,44
788,99	1216,49
789,16	1198,06
789,34	1136,62
789,52	1159,15
789,69	1171,44
789,87	1234,93
790,04	1228,78
790,22	1200,11
790,39	1230,83
790,57	1185,77
790,74	1193,97
790,92	1189,87
791,09	1134,57
791,27	1187,82
791,44	1173,49
791,62	1185,77
791,79	1212,40
791,97	1146,86
792,15	1198,06
792,32	1177,58
792,50	1189,87
792,67	1175,53
792,85	1239,02
793,02	1224,69
793,20	1234,93
793,37	1202,16
793,55	1208,30
793,72	1150,96
793,90	1157,10
794,07	1239,02
794,25	1249,26
794,42	1206,25
794,60	1179,63
794,77	1177,58
794,95	1175,53
795,12	1212,40
795,30	1220,59
795,47	1179,63
795,65	1202,16
795,82	1253,36
796,00	1218,54
796,17	1134,57
796,34	1263,60
796,52	1150,96
796,69	1114,10
796,87	1159,15
797,04	1232,88
797,22	1189,87
797,39	1206,25
797,57	1232,88
797,74	1230,83
797,92	1196,01
798,09	1150,96
798,27	1177,58
798,44	1202,16
798,62	1198,06
798,79	1222,64
798,96	1236,97
799,14	1183,73
799,31	1234,93
799,49	1198,06
799,66	1171,44
799,84	1200,11
800,01	1132,53
800,19	1210,35
800,36	1185,77
800,53	1251,31
800,71	1247,21
800,88	1173,49
801,06	1251,31
801,23	1210,35
801,41	1181,68
801,58	1208,30
801,75	1183,73
801,93	1259,50
802,10	1196,01
802,28	1222,64
802,45	1193,97
802,63	1212,40
802,80	1177,58
802,97	1261,55
803,15	1150,96
803,32	1173,49
803,50	1249,26
803,67	1200,11
803,84	1239,02
804,02	1165,29
804,19	1263,60
804,37	1167,34
804,54	1200,11
804,71	1191,92
804,89	1093,62
805,06	1183,73
805,24	1200,11
805,41	1146,86
805,58	1161,20
805,76	1171,44
805,93	1150,96
806,10	1236,97
806,28	1132,53
806,45	1155,05
806,63	1159,15
806,80	1155,05
806,97	1198,06
807,15	1193,97
807,32	1216,49
807,49	1243,12
807,67	1216,49
807,84	1181,68
808,01	1140,72
808,19	1265,64
808,36	1206,25
808,54	1173,49
808,71	1175,53
808,88	1171,44
809,06	1146,86
809,23	1181,68
809,40	1200,11
809,58	1218,54
809,75	1173,49
809,92	1196,01
810,10	1193,97
810,27	1241,07
810,44	1181,68
810,62	1157,10
810,79	1206,25
810,96	1185,77
811,14	1181,68
811,31	1253,36
811,48	1208,30
811,66	1210,35
811,83	1208,30
812,00	1144,81
812,18	1114,10
812,35	1234,93
812,52	1187,82
812,69	1241,07
812,87	1224,69
813,04	1269,74
813,21	1153,01
813,39	1187,82
813,56	1120,24
813,73	1193,97
813,91	1142,77
814,08	1200,11
814,25	1220,59
814,42	1253,36
814,60	1126,38
814,77	1236,97
814,94	1218,54
815,12	1173,49
815,29	1193,97
815,46	1218,54
815,63	1214,45
815,81	1290,22
815,98	1134,57
816,15	1214,45
816,33	1218,54
816,50	1181,68
816,67	1159,15
816,84	1157,10
817,02	1216,49
817,19	1198,06
817,36	1216,49
817,53	1132,53
817,71	1196,01
817,88	1171,44
818,05	1226,73
818,22	1196,01
818,40	1185,77
818,57	1183,73
818,74	1167,34
818,91	1155,05
819,09	1112,05
819,26	1191,92
819,43	1165,29
819,60	1165,29
819,78	1177,58
819,95	1232,88
820,12	1220,59
820,29	1232,88
820,47	1165,29
820,64	1167,34
820,81	1247,21
820,98	1216,49
821,15	1159,15
821,33	1146,86
821,50	1132,53
821,67	1198,06
821,84	1208,30
822,02	1232,88
822,19	1148,91
822,36	1165,29
822,53	1232,88
822,70	1204,21
822,88	1126,38
823,05	1167,34
823,22	1175,53
823,39	1159,15
823,56	1249,26
823,74	1175,53
823,91	1208,30
824,08	1271,79
824,25	1167,34
824,42	1142,77
824,60	1191,92
824,77	1116,14
824,94	1167,34
825,11	1200,11
825,28	1232,88
825,45	1193,97
825,63	1144,81
825,80	1232,88
825,97	1150,96
826,14	1132,53
826,31	1148,91
826,48	1185,77
826,66	1148,91
826,83	1198,06
827,00	1191,92
827,17	1200,11
827,34	1251,31
827,51	1212,40
827,69	1179,63
827,86	1181,68
828,03	1214,45
828,20	1196,01
828,37	1224,69
828,54	1161,20
828,71	1085,42
828,89	1153,01
829,06	1218,54
829,23	1271,79
829,40	1179,63
829,57	1202,16
829,74	1232,88
829,91	1167,34
830,09	1150,96
830,26	1167,34
830,43	1167,34
830,60	1263,60
830,77	1241,07
830,94	1163,25
831,11	1122,29
831,28	1204,21
831,46	1120,24
831,63	1220,59
831,80	1226,73
831,97	1239,02
832,14	1187,82
832,31	1157,10
832,48	1181,68
832,65	1175,53
832,82	1095,66
832,99	1134,57
833,17	1187,82
833,34	1214,45
833,51	1265,64
833,68	1187,82
833,85	1216,49
834,02	1183,73
834,19	1218,54
834,36	1144,81
834,53	1179,63
834,70	1253,36
834,87	1185,77
835,04	1159,15
835,22	1198,06
835,39	1142,77
835,56	1187,82
835,73	1110,00
835,90	1185,77
836,07	1114,10
836,24	1173,49
836,41	1150,96
836,58	1140,72
836,75	1239,02
836,92	1216,49
837,09	1224,69
837,26	1206,25
837,43	1171,44
837,60	1144,81
837,77	1181,68
837,94	1122,29
838,12	1175,53
838,29	1228,78
838,46	1208,30
838,63	1245,16
838,80	1167,34
838,97	1136,62
839,14	1241,07
839,31	1236,97
839,48	1157,10
839,65	1204,21
839,82	1255,40
839,99	1142,77
840,16	1112,05
840,33	1175,53
840,50	1150,96
840,67	1171,44
840,84	1161,20
841,01	1200,11
841,18	1165,29
841,35	1175,53
841,52	1212,40
841,69	1177,58
841,86	1216,49
842,03	1126,38
842,20	1189,87
842,37	1234,93
842,54	1175,53
842,71	1118,19
842,88	1185,77
843,05	1159,15
843,22	1183,73
843,39	1183,73
843,56	1128,43
843,73	1185,77
843,90	1214,45
844,07	1167,34
844,24	1138,67
844,41	1171,44
844,58	1200,11
844,75	1159,15
844,92	1171,44
845,09	1206,25
845,26	1155,05
845,43	1159,15
845,60	1122,29
845,77	1259,50
845,94	1128,43
846,10	1179,63
846,27	1122,29
846,44	1169,39
846,61	1187,82
846,78	1206,25
846,95	1187,82
847,12	1214,45
847,29	1196,01
847,46	1232,88
847,63	1228,78
847,80	1224,69
847,97	1185,77
848,14	1171,44
848,31	1224,69
848,48	1226,73
848,65	1196,01
848,82	1234,93
848,98	1177,58
849,15	1232,88
849,32	1122,29
849,49	1216,49
849,66	1222,64
849,83	1181,68
850,00	1187,82
850,17	1146,86
850,34	1200,11
850,51	1167,34
850,68	1202,16
850,85	1183,73
851,01	1134,57
851,18	1187,82
851,35	1177,58
851,52	1146,86
851,69	1216,49
851,86	1183,73
852,03	1150,96
852,20	1093,62
852,37	1236,97
852,53	1191,92
852,70	1181,68
852,87	1134,57
853,04	1218,54
853,21	1155,05
853,38	1275,88
853,55	1249,26
853,72	1255,40
853,89	1165,29
854,05	1253,36
854,22	1177,58
854,39	1167,34
854,56	1132,53
854,73	1161,20
854,90	1286,12
855,07	1275,88
855,23	1175,53
855,40	1179,63
855,57	1150,96
855,74	1150,96
855,91	1171,44
856,08	1157,10
856,25	1181,68
856,41	1236,97
856,58	1202,16
856,75	1222,64
856,92	1163,25
857,09	1191,92
857,26	1251,31
857,42	1146,86
857,59	1165,29
857,76	1177,58
857,93	1179,63
858,10	1187,82
858,27	1198,06
858,43	1183,73
858,60	1218,54
858,77	1222,64
858,94	1196,01
859,11	1118,19
859,27	1163,25
859,44	1191,92
859,61	1183,73
859,78	1148,91
859,95	1214,45
860,12	1234,93
860,28	1124,33
860,45	1144,81
860,62	1218,54
860,79	1165,29
860,95	1167,34
861,12	1193,97
861,29	1177,58
861,46	1183,73
861,63	1150,96
861,79	1161,20
861,96	1196,01
862,13	1132,53
862,30	1144,81
862,47	1208,30
862,63	1212,40
862,80	1222,64
862,97	1193,97
863,14	1224,69
863,30	1191,92
863,47	1153,01
863,64	1204,21
863,81	1161,20
863,97	1126,38
864,14	1204,21
864,31	1175,53
864,48	1183,73
864,65	1173,49
864,81	1161,20
864,98	1204,21
865,15	1230,83
865,32	1247,21
865,48	1282,03
865,65	1167,34
865,82	1132,53
865,98	1179,63
866,15	1167,34
866,32	1155,05
866,49	1128,43
866,65	1228,78
866,82	1173,49
866,99	1189,87
867,16	1220,59
867,32	1202,16
867,49	1257,45
867,66	1222,64
867,83	1239,02
867,99	1187,82
868,16	1228,78
868,33	1146,86
868,49	1161,20
868,66	1187,82
868,83	1138,67
868,99	1226,73
869,16	1228,78
869,33	1181,68
869,50	1175,53
869,66	1144,81
869,83	1224,69
870,00	1200,11
870,16	1198,06
870,33	1224,69
870,50	1222,64
870,66	1265,64
870,83	1228,78
871,00	1116,14
871,17	1150,96
871,33	1181,68
871,50	1259,50
871,67	1234,93
871,83	1224,69
872,00	1204,21
872,17	1181,68
872,33	1204,21
872,50	1247,21
872,67	1228,78
872,83	1216,49
873,00	1142,77
873,17	1171,44
873,33	1220,59
873,50	1144,81
873,67	1204,21
873,83	1181,68
874,00	1228,78
874,16	1243,12
874,33	1208,30
874,50	1179,63
874,66	1204,21
874,83	1140,72
875,00	1216,49
875,16	1198,06
875,33	1148,91
875,50	1255,40
875,66	1232,88
875,83	1245,16
875,99	1220,59
876,16	1214,45
876,33	1187,82
876,49	1210,35
876,66	1245,16
876,83	1189,87
876,99	1239,02
877,16	1179,63
877,32	1196,01
877,49	1220,59
877,66	1150,96
877,82	1179,63
877,99	1202,16
878,15	1146,86
878,32	1249,26
878,49	1183,73
878,65	1171,44
878,82	1241,07
878,98	1175,53
879,15	1230,83
879,32	1196,01
879,48	1228,78
879,65	1132,53
879,81	1153,01
879,98	1175,53
880,15	1226,73
880,31	1175,53
880,48	1210,35
880,64	1196,01
880,81	1155,05
880,97	1193,97
881,14	1189,87
881,31	1155,05
881,47	1232,88
881,64	1161,20
881,80	1148,91
881,97	1189,87
882,13	1181,68
882,30	1107,95
882,47	1187,82
882,63	1167,34
882,80	1185,77
882,96	1196,01
883,13	1183,73
883,29	1185,77
883,46	1263,60
883,62	1150,96
883,79	1216,49
883,95	1259,50
884,12	1165,29
884,29	1196,01
884,45	1193,97
884,62	1202,16
884,78	1200,11
884,95	1275,88
885,11	1214,45
885,28	1216,49
885,44	1196,01
885,61	1200,11
885,77	1208,30
885,94	1161,20
886,10	1224,69
886,27	1212,40
886,43	1224,69
886,60	1165,29
886,76	1200,11
886,93	1220,59
887,09	1165,29
887,26	1265,64
887,42	1185,77
887,59	1220,59
887,75	1181,68
887,92	1204,21
888,08	1282,03
888,25	1173,49
888,41	1228,78
888,58	1193,97
888,74	1200,11
888,91	1214,45
