177,47	1167,34
177,69	1167,34
177,91	1167,34
178,13	1171,44
178,36	1193,97
178,58	1222,64
178,80	1284,08
179,02	1142,77
179,24	1230,83
179,46	1210,35
179,68	1259,50
179,90	1318,89
180,13	1204,21
180,35	1247,21
180,57	1171,44
180,79	1269,74
181,01	1208,30
181,23	1167,34
181,45	1196,01
181,67	1179,63
181,90	1150,96
182,12	1163,25
182,34	1185,77
182,56	1185,77
182,78	1239,02
183,00	1218,54
183,22	1210,35
183,44	1183,73
183,66	1175,53
183,89	1265,64
184,11	1210,35
184,33	1234,93
184,55	1228,78
184,77	1191,92
184,99	1239,02
185,21	1175,53
185,43	1181,68
185,65	1202,16
185,87	1193,97
186,10	1130,48
186,32	1259,50
186,54	1204,21
186,76	1187,82
186,98	1200,11
187,20	1177,58
187,42	1196,01
187,64	1171,44
187,86	1212,40
188,08	1218,54
188,30	1167,34
188,52	1236,97
188,75	1273,84
188,97	1171,44
189,19	1220,59
189,41	1202,16
189,63	1232,88
189,85	1175,53
190,07	1216,49
190,29	1230,83
190,51	1208,30
190,73	1196,01
190,95	1218,54
191,17	1216,49
191,39	1169,39
191,61	1175,53
191,84	1214,45
192,06	1232,88
192,28	1218,54
192,50	1255,40
192,72	1187,82
192,94	1216,49
193,16	1169,39
193,38	1232,88
193,60	1177,58
193,82	1167,34
194,04	1265,64
194,26	1165,29
194,48	1153,01
194,70	1200,11
194,92	1230,83
195,14	1191,92
195,36	1150,96
195,58	1196,01
195,80	1179,63
196,02	1232,88
196,24	1253,36
196,46	1193,97
196,69	1210,35
196,91	1218,54
197,13	1208,30
197,35	1185,77
197,57	1193,97
197,79	1212,40
198,01	1185,77
198,23	1181,68
198,45	1169,39
198,67	1210,35
198,89	1169,39
199,11	1224,69
199,33	1216,49
199,55	1167,34
199,77	1191,92
199,99	1185,77
200,21	1187,82
200,43	1216,49
200,65	1247,21
200,87	1230,83
201,09	1179,63
201,31	1144,81
201,53	1210,35
201,75	1204,21
201,97	1198,06
202,19	1142,77
202,41	1220,59
202,63	1230,83
202,85	1163,25
203,07	1157,10
203,29	1204,21
203,51	1124,33
203,73	1196,01
203,95	1210,35
204,17	1251,31
204,39	1175,53
204,61	1173,49
204,83	1150,96
205,05	1212,40
205,27	1241,07
205,49	1159,15
205,71	1193,97
205,93	1214,45
206,15	1198,06
206,37	1212,40
206,59	1253,36
206,81	1144,81
207,03	1212,40
207,25	1153,01
207,47	1193,97
207,69	1253,36
207,91	1257,45
208,13	1208,30
208,34	1193,97
208,56	1253,36
208,78	1212,40
209,00	1171,44
209,22	1189,87
209,44	1140,72
209,66	1255,40
209,88	1187,82
210,10	1155,05
210,32	1245,16
210,54	1265,64
210,76	1153,01
210,98	1222,64
211,20	1105,90
211,42	1204,21
211,64	1181,68
211,86	1210,35
212,08	1124,33
212,30	1146,86
212,52	1208,30
212,74	1189,87
212,96	1204,21
213,17	1138,67
213,39	1253,36
213,61	1206,25
213,83	1202,16
214,05	1228,78
214,27	1273,84
214,49	1173,49
214,71	1241,07
214,93	1220,59
215,15	1228,78
215,37	1210,35
215,59	1212,40
215,81	1277,93
216,03	1171,44
216,24	1122,29
216,46	1191,92
216,68	1245,16
216,90	1236,97
217,12	1216,49
217,34	1161,20
217,56	1218,54
217,78	1173,49
218,00	1200,11
218,22	1144,81
218,44	1208,30
218,66	1179,63
218,87	1216,49
219,09	1208,30
219,31	1167,34
219,53	1112,05
219,75	1196,01
219,97	1245,16
220,19	1155,05
220,41	1155,05
220,63	1245,16
220,85	1220,59
221,06	1165,29
221,28	1236,97
221,50	1171,44
221,72	1253,36
221,94	1183,73
222,16	1220,59
222,38	1183,73
222,60	1183,73
222,82	1196,01
223,03	1183,73
223,25	1148,91
223,47	1210,35
223,69	1210,35
223,91	1310,70
224,13	1202,16
224,35	1157,10
224,57	1146,86
224,78	1142,77
225,00	1144,81
225,22	1153,01
225,44	1212,40
225,66	1132,53
225,88	1222,64
226,10	1189,87
226,32	1185,77
226,53	1224,69
226,75	1179,63
226,97	1140,72
227,19	1236,97
227,41	1243,12
227,63	1163,25
227,85	1185,77
228,06	1165,29
228,28	1245,16
228,50	1169,39
228,72	1091,57
228,94	1214,45
229,16	1216,49
229,37	1138,67
229,59	1216,49
229,81	1218,54
230,03	1318,89
230,25	1171,44
230,47	1224,69
230,69	1132,53
230,90	1239,02
231,12	1224,69
231,34	1191,92
231,56	1181,68
231,78	1175,53
232,00	1187,82
232,21	1230,83
232,43	1247,21
232,65	1140,72
232,87	1255,40
233,09	1206,25
233,30	1247,21
233,52	1214,45
233,74	1191,92
233,96	1179,63
234,18	1175,53
234,40	1226,73
234,61	1212,40
234,83	1177,58
235,05	1224,69
235,27	1204,21
235,49	1253,36
235,70	1167,34
235,92	1136,62
236,14	1224,69
236,36	1279,98
236,58	1146,86
236,79	1243,12
237,01	1181,68
237,23	1208,30
237,45	1165,29
237,67	1198,06
237,88	1167,34
238,10	1191,92
238,32	1198,06
238,54	1165,29
238,76	1163,25
238,97	1196,01
239,19	1204,21
239,41	1222,64
239,63	1159,15
239,85	1208,30
240,06	1245,16
240,28	1146,86
240,50	1243,12
240,72	1230,83
240,93	1183,73
241,15	1173,49
241,37	1251,31
241,59	1236,97
241,81	1230,83
242,02	1236,97
242,24	1175,53
242,46	1179,63
242,68	1132,53
242,89	1230,83
243,11	1263,60
243,33	1118,19
243,55	1183,73
243,76	1298,41
243,98	1171,44
244,20	1234,93
244,42	1155,05
244,64	1210,35
244,85	1142,77
245,07	1110,00
245,29	1173,49
245,51	1077,23
245,72	1216,49
245,94	1210,35
246,16	1269,74
246,38	1177,58
246,59	1153,01
246,81	1155,05
247,03	1208,30
247,24	1169,39
247,46	1150,96
247,68	1228,78
247,90	1202,16
248,11	1204,21
248,33	1193,97
248,55	1159,15
248,77	1249,26
248,98	1216,49
249,20	1173,49
249,42	1124,33
249,64	1247,21
249,85	1275,88
250,07	1165,29
250,29	1167,34
250,50	1179,63
250,72	1222,64
250,94	1218,54
251,16	1189,87
251,37	1191,92
251,59	1124,33
251,81	1189,87
252,02	1198,06
252,24	1249,26
252,46	1224,69
252,68	1200,11
252,89	1148,91
253,11	1191,92
253,33	1261,55
253,54	1232,88
253,76	1206,25
253,98	1173,49
254,20	1210,35
254,41	1214,45
254,63	1155,05
254,85	1208,30
255,06	1185,77
255,28	1204,21
255,50	1153,01
255,71	1159,15
255,93	1232,88
256,15	1247,21
256,36	1150,96
256,58	1196,01
256,80	1204,21
257,02	1198,06
257,23	1216,49
257,45	1200,11
257,67	1218,54
257,88	1148,91
258,10	1234,93
258,32	1198,06
258,53	1212,40
258,75	1292,27
258,97	1175,53
259,18	1157,10
259,40	1200,11
259,62	1159,15
259,83	1185,77
260,05	1112,05
260,27	1191,92
260,48	1140,72
260,70	1116,14
260,92	1173,49
261,13	1232,88
261,35	1249,26
261,57	1181,68
261,78	1185,77
262,00	1142,77
262,22	1257,45
262,43	1251,31
262,65	1167,34
262,86	1175,53
263,08	1183,73
263,30	1171,44
263,51	1122,29
263,73	1214,45
263,95	1226,73
264,16	1208,30
264,38	1167,34
264,60	1202,16
264,81	1185,77
265,03	1120,24
265,25	1261,55
265,46	1271,79
265,68	1214,45
265,89	1157,10
266,11	1249,26
266,33	1216,49
266,54	1208,30
266,76	1204,21
266,98	1187,82
267,19	1208,30
267,41	1132,53
267,62	1216,49
267,84	1222,64
268,06	1214,45
268,27	1253,36
268,49	1255,40
268,70	1128,43
268,92	1218,54
269,14	1142,77
269,35	1163,25
269,57	1107,95
269,79	1169,39
270,00	1185,77
270,22	1255,40
270,43	1236,97
270,65	1230,83
270,87	1165,29
271,08	1214,45
271,30	1167,34
271,51	1193,97
271,73	1185,77
271,95	1234,93
272,16	1187,82
272,38	1163,25
272,59	1279,98
272,81	1177,58
273,02	1157,10
273,24	1216,49
273,46	1181,68
273,67	1200,11
273,89	1200,11
274,10	1232,88
274,32	1183,73
274,54	1200,11
274,75	1183,73
274,97	1191,92
275,18	1159,15
275,40	1150,96
275,61	1216,49
275,83	1161,20
276,05	1212,40
276,26	1167,34
276,48	1189,87
276,69	1226,73
276,91	1204,21
277,12	1167,34
277,34	1212,40
277,55	1171,44
277,77	1200,11
277,99	1185,77
278,20	1232,88
278,42	1220,59
278,63	1224,69
278,85	1267,69
279,06	1198,06
279,28	1173,49
279,49	1236,97
279,71	1130,48
279,93	1183,73
280,14	1167,34
280,36	1187,82
280,57	1196,01
280,79	1198,06
281,00	1189,87
281,22	1167,34
281,43	1187,82
281,65	1179,63
281,86	1236,97
282,08	1161,20
282,29	1214,45
282,51	1140,72
282,73	1163,25
282,94	1173,49
283,16	1214,45
283,37	1212,40
283,59	1200,11
283,80	1206,25
284,02	1163,25
284,23	1167,34
284,45	1134,57
284,66	1193,97
284,88	1230,83
285,09	1140,72
285,31	1222,64
285,52	1198,06
285,74	1206,25
285,95	1114,10
286,17	1179,63
286,38	1191,92
286,60	1187,82
286,81	1179,63
287,03	1191,92
287,24	1202,16
287,46	1105,90
287,67	1148,91
287,89	1202,16
288,10	1132,53
288,32	1234,93
288,53	1200,11
288,75	1136,62
288,96	1198,06
289,18	1187,82
289,39	1232,88
289,61	1249,26
289,82	1130,48
290,04	1198,06
290,25	1198,06
290,47	1196,01
290,68	1130,48
290,90	1198,06
291,11	1183,73
291,33	1265,64
291,54	1220,59
291,76	1298,41
291,97	1169,39
292,18	1241,07
292,40	1161,20
292,61	1230,83
292,83	1255,40
293,04	1232,88
293,26	1206,25
293,47	1181,68
293,69	1200,11
293,90	1218,54
294,12	1257,45
294,33	1212,40
294,55	1212,40
294,76	1239,02
294,97	1200,11
295,19	1163,25
295,40	1200,11
295,62	1214,45
295,83	1206,25
296,05	1216,49
296,26	1212,40
296,48	1230,83
296,69	1187,82
296,90	1214,45
297,12	1222,64
297,33	1167,34
297,55	1114,10
297,76	1241,07
297,98	1134,57
298,19	1157,10
298,41	1175,53
298,62	1232,88
298,83	1171,44
299,05	1200,11
299,26	1220,59
299,48	1253,36
299,69	1212,40
299,90	1257,45
300,12	1132,53
300,33	1157,10
300,55	1171,44
300,76	1220,59
300,98	1153,01
301,19	1265,64
301,40	1253,36
301,62	1157,10
301,83	1150,96
302,05	1165,29
302,26	1169,39
302,47	1206,25
302,69	1179,63
302,90	1173,49
303,12	1183,73
303,33	1228,78
303,54	1171,44
303,76	1134,57
303,97	1202,16
304,19	1216,49
304,40	1126,38
304,61	1187,82
304,83	1187,82
305,04	1155,05
305,26	1169,39
305,47	1159,15
305,68	1255,40
305,90	1210,35
306,11	1210,35
306,33	1234,93
306,54	1163,25
306,75	1196,01
306,97	1247,21
307,18	1140,72
307,39	1239,02
307,61	1204,21
307,82	1138,67
308,04	1124,33
308,25	1187,82
308,46	1173,49
308,68	1148,91
308,89	1171,44
309,10	1187,82
309,32	1234,93
309,53	1167,34
309,74	1241,07
309,96	1253,36
310,17	1191,92
310,39	1189,87
310,60	1239,02
310,81	1177,58
311,03	1208,30
311,24	1228,78
311,45	1249,26
311,67	1173,49
311,88	1228,78
312,09	1228,78
312,31	1204,21
312,52	1144,81
312,73	1202,16
312,95	1214,45
313,16	1171,44
313,37	1159,15
313,59	1148,91
313,80	1134,57
314,01	1171,44
314,23	1212,40
314,44	1216,49
314,65	1132,53
314,87	1210,35
315,08	1173,49
315,29	1210,35
315,51	1130,48
315,72	1202,16
315,93	1175,53
316,15	1181,68
316,36	1251,31
316,57	1193,97
316,79	1218,54
317,00	1224,69
317,21	1273,84
317,43	1142,77
317,64	1198,06
317,85	1132,53
318,07	1218,54
318,28	1196,01
318,49	1228,78
318,70	1175,53
318,92	1181,68
319,13	1273,84
319,34	1204,21
319,56	1157,10
319,77	1144,81
319,98	1198,06
320,20	1185,77
320,41	1171,44
320,62	1204,21
320,83	1218,54
321,05	1124,33
321,26	1175,53
321,47	1216,49
321,69	1202,16
321,90	1210,35
322,11	1161,20
322,32	1191,92
322,54	1189,87
322,75	1167,34
322,96	1241,07
323,18	1161,20
323,39	1208,30
323,60	1257,45
323,81	1243,12
324,03	1212,40
324,24	1187,82
324,45	1263,60
324,66	1175,53
324,88	1232,88
325,09	1144,81
325,30	1193,97
325,52	1216,49
325,73	1175,53
325,94	1222,64
326,15	1187,82
326,37	1187,82
326,58	1220,59
326,79	1214,45
327,00	1179,63
327,22	1187,82
327,43	1161,20
327,64	1206,25
327,85	1173,49
328,07	1187,82
328,28	1210,35
328,49	1198,06
328,70	1236,97
328,92	1212,40
329,13	1214,45
329,34	1259,50
329,55	1189,87
329,76	1226,73
329,98	1236,97
330,19	1179,63
330,40	1208,30
330,61	1222,64
330,83	1187,82
331,04	1167,34
331,25	1200,11
331,46	1185,77
331,68	1206,25
331,89	1196,01
332,10	1118,19
332,31	1261,55
332,52	1239,02
332,74	1298,41
332,95	1167,34
333,16	1163,25
333,37	1257,45
333,58	1183,73
333,80	1187,82
334,01	1167,34
334,22	1224,69
334,43	1251,31
334,64	1236,97
334,86	1181,68
335,07	1175,53
335,28	1206,25
335,49	1163,25
335,70	1208,30
335,92	1185,77
336,13	1234,93
336,34	1261,55
336,55	1187,82
336,76	1216,49
336,98	1191,92
337,19	1204,21
337,40	1224,69
337,61	1216,49
337,82	1165,29
338,04	1196,01
338,25	1193,97
338,46	1222,64
338,67	1224,69
338,88	1183,73
339,09	1159,15
339,31	1148,91
339,52	1255,40
339,73	1171,44
339,94	1150,96
340,15	1208,30
340,36	1216,49
340,58	1134,57
340,79	1167,34
341,00	1191,92
341,21	1255,40
341,42	1181,68
341,63	1200,11
341,85	1224,69
342,06	1218,54
342,27	1200,11
342,48	1101,81
342,69	1140,72
342,90	1200,11
343,12	1140,72
343,33	1153,01
343,54	1191,92
343,75	1263,60
343,96	1142,77
344,17	1226,73
344,38	1228,78
344,60	1175,53
344,81	1181,68
345,02	1146,86
345,23	1234,93
345,44	1208,30
345,65	1228,78
345,86	1259,50
346,07	1177,58
346,29	1177,58
346,50	1159,15
346,71	1253,36
346,92	1198,06
347,13	1163,25
347,34	1198,06
347,55	1247,21
347,76	1163,25
347,98	1206,25
348,19	1187,82
348,40	1193,97
348,61	1212,40
348,82	1196,01
349,03	1155,05
349,24	1222,64
349,45	1220,59
349,66	1226,73
349,88	1220,59
350,09	1212,40
350,30	1159,15
350,51	1200,11
350,72	1255,40
350,93	1236,97
351,14	1212,40
351,35	1214,45
351,56	1236,97
351,77	1212,40
351,99	1249,26
352,20	1179,63
352,41	1191,92
352,62	1196,01
352,83	1126,38
353,04	1277,93
353,25	1155,05
353,46	1243,12
353,67	1181,68
353,88	1288,17
354,09	1138,67
354,30	1148,91
354,52	1220,59
354,73	1171,44
354,94	1173,49
355,15	1159,15
355,36	1136,62
355,57	1191,92
355,78	1308,65
355,99	1265,64
356,20	1148,91
356,41	1216,49
356,62	1198,06
356,83	1267,69
357,04	1263,60
357,25	1241,07
357,46	1103,86
357,68	1198,06
357,89	1163,25
358,10	1222,64
358,31	1212,40
358,52	1232,88
358,73	1198,06
358,94	1189,87
359,15	1193,97
359,36	1157,10
359,57	1191,92
359,78	1173,49
359,99	1218,54
360,20	1218,54
360,41	1232,88
360,62	1179,63
360,83	1196,01
361,04	1249,26
361,25	1200,11
361,46	1208,30
361,67	1144,81
361,88	1157,10
362,09	1191,92
362,30	1216,49
362,51	1210,35
362,72	1155,05
362,93	1157,10
363,14	1163,25
363,35	1245,16
363,56	1183,73
363,78	1228,78
363,99	1101,81
364,20	1177,58
364,41	1175,53
364,62	1200,11
364,83	1146,86
365,04	1159,15
365,25	1208,30
365,46	1247,21
365,67	1200,11
365,88	1167,34
366,09	1206,25
366,30	1155,05
366,51	1247,21
366,72	1165,29
366,93	1179,63
367,14	1277,93
367,35	1185,77
367,56	1232,88
367,77	1163,25
367,98	1161,20
368,18	1181,68
368,39	1165,29
368,60	1257,45
368,81	1124,33
369,02	1171,44
369,23	1155,05
369,44	1191,92
369,65	1159,15
369,86	1191,92
370,07	1171,44
370,28	1261,55
370,49	1150,96
370,70	1208,30
370,91	1161,20
371,12	1175,53
371,33	1247,21
371,54	1191,92
371,75	1204,21
371,96	1144,81
372,17	1175,53
372,38	1220,59
372,59	1265,64
372,80	1191,92
373,01	1210,35
373,22	1239,02
373,43	1243,12
373,64	1181,68
373,85	1169,39
374,06	1196,01
374,26	1134,57
374,47	1193,97
374,68	1130,48
374,89	1249,26
375,10	1165,29
375,31	1220,59
375,52	1247,21
375,73	1167,34
375,94	1208,30
376,15	1196,01
376,36	1167,34
376,57	1153,01
376,78	1228,78
376,99	1191,92
377,20	1222,64
377,40	1230,83
377,61	1157,10
377,82	1181,68
378,03	1263,60
378,24	1179,63
378,45	1202,16
378,66	1249,26
378,87	1087,47
379,08	1150,96
379,29	1216,49
379,50	1142,77
379,71	1101,81
379,91	1208,30
380,12	1140,72
380,33	1247,21
380,54	1206,25
380,75	1214,45
380,96	1243,12
381,17	1220,59
381,38	1255,40
381,59	1196,01
381,80	1241,07
382,00	1181,68
382,21	1181,68
382,42	1200,11
382,63	1198,06
382,84	1191,92
383,05	1239,02
383,26	1183,73
383,47	1153,01
383,68	1202,16
383,88	1210,35
384,09	1226,73
384,30	1134,57
384,51	1171,44
384,72	1259,50
384,93	1210,35
385,14	1157,10
385,35	1181,68
385,55	1155,05
385,76	1171,44
385,97	1196,01
386,18	1167,34
386,39	1179,63
386,60	1189,87
386,81	1198,06
387,02	1222,64
387,22	1202,16
387,43	1222,64
387,64	1230,83
387,85	1187,82
388,06	1163,25
388,27	1179,63
388,48	1175,53
388,68	1232,88
388,89	1165,29
389,10	1253,36
389,31	1175,53
389,52	1228,78
389,73	1232,88
389,93	1253,36
390,14	1144,81
390,35	1241,07
390,56	1163,25
390,77	1138,67
390,98	1165,29
391,18	1247,21
391,39	1243,12
391,60	1232,88
391,81	1271,79
392,02	1214,45
392,23	1200,11
392,43	1212,40
392,64	1191,92
392,85	1239,02
393,06	1191,92
393,27	1153,01
393,47	1212,40
393,68	1220,59
393,89	1214,45
394,10	1206,25
394,31	1110,00
394,52	1183,73
394,72	1191,92
394,93	1230,83
395,14	1265,64
395,35	1204,21
395,56	1198,06
395,76	1163,25
395,97	1187,82
396,18	1179,63
396,39	1171,44
396,60	1134,57
396,80	1204,21
397,01	1236,97
397,22	1224,69
397,43	1218,54
397,64	1161,20
397,84	1236,97
398,05	1224,69
398,26	1187,82
398,47	1177,58
398,67	1265,64
398,88	1236,97
399,09	1148,91
399,30	1253,36
399,51	1177,58
399,71	1200,11
399,92	1138,67
400,13	1234,93
400,34	1196,01
400,54	1210,35
400,75	1259,50
400,96	1220,59
401,17	1196,01
401,37	1202,16
401,58	1177,58
401,79	1157,10
402,00	1191,92
402,21	1208,30
402,41	1161,20
402,62	1118,19
402,83	1155,05
403,04	1169,39
403,24	1236,97
403,45	1228,78
403,66	1224,69
403,87	1181,68
404,07	1181,68
404,28	1224,69
404,49	1243,12
404,70	1153,01
404,90	1218,54
405,11	1153,01
405,32	1142,77
405,52	1142,77
405,73	1173,49
405,94	1210,35
406,15	1269,74
406,35	1134,57
406,56	1155,05
406,77	1212,40
406,98	1232,88
407,18	1224,69
407,39	1222,64
407,60	1150,96
407,80	1228,78
408,01	1216,49
408,22	1214,45
408,43	1261,55
408,63	1167,34
408,84	1191,92
409,05	1216,49
409,25	1200,11
409,46	1169,39
409,67	1220,59
409,88	1208,30
410,08	1247,21
410,29	1206,25
410,50	1181,68
410,70	1267,69
410,91	1243,12
411,12	1167,34
411,32	1179,63
411,53	1136,62
411,74	1202,16
411,95	1241,07
412,15	1165,29
412,36	1183,73
412,57	1128,43
412,77	1239,02
412,98	1167,34
413,19	1179,63
413,39	1263,60
413,60	1187,82
413,81	1226,73
414,01	1216,49
414,22	1226,73
414,43	1177,58
414,63	1173,49
414,84	1230,83
415,05	1224,69
415,25	1167,34
415,46	1187,82
415,67	1206,25
415,87	1259,50
416,08	1202,16
416,29	1148,91
416,49	1163,25
416,70	1114,10
416,91	1220,59
417,11	1185,77
417,32	1196,01
417,53	1200,11
417,73	1193,97
417,94	1161,20
418,15	1204,21
418,35	1136,62
418,56	1167,34
418,77	1142,77
418,97	1206,25
419,18	1196,01
419,38	1198,06
419,59	1277,93
419,80	1239,02
420,00	1175,53
420,21	1200,11
420,42	1148,91
420,62	1161,20
420,83	1220,59
421,04	1179,63
421,24	1296,36
421,45	1232,88
421,65	1187,82
421,86	1214,45
422,07	1222,64
422,27	1173,49
422,48	1128,43
422,69	1153,01
422,89	1234,93
423,10	1230,83
423,30	1189,87
423,51	1249,26
423,72	1191,92
423,92	1206,25
424,13	1193,97
424,33	1202,16
424,54	1198,06
424,75	1138,67
424,95	1200,11
425,16	1200,11
425,36	1226,73
425,57	1161,20
425,78	1255,40
425,98	1181,68
426,19	1220,59
426,39	1175,53
426,60	1177,58
426,81	1232,88
427,01	1148,91
427,22	1136,62
427,42	1157,10
427,63	1257,45
427,83	1159,15
428,04	1179,63
428,25	1206,25
428,45	1230,83
428,66	1224,69
428,86	1165,29
429,07	1230,83
429,28	1200,11
429,48	1146,86
429,69	1085,42
429,89	1245,16
430,10	1249,26
430,30	1196,01
430,51	1234,93
430,71	1177,58
430,92	1234,93
431,13	1181,68
431,33	1175,53
431,54	1183,73
431,74	1134,57
431,95	1148,91
432,15	1191,92
432,36	1181,68
432,56	1216,49
432,77	1148,91
432,98	1142,77
433,18	1253,36
433,39	1257,45
433,59	1220,59
433,80	1232,88
434,00	1169,39
434,21	1171,44
434,41	1284,08
434,62	1204,21
434,82	1073,14
435,03	1183,73
435,23	1163,25
435,44	1241,07
435,64	1214,45
435,85	1236,97
436,06	1232,88
436,26	1200,11
436,47	1210,35
436,67	1216,49
436,88	1228,78
437,08	1214,45
437,29	1259,50
437,49	1263,60
437,70	1216,49
437,90	1148,91
438,11	1202,16
438,31	1220,59
438,52	1212,40
438,72	1165,29
438,93	1216,49
439,13	1163,25
439,34	1236,97
439,54	1220,59
439,75	1159,15
439,95	1220,59
440,16	1198,06
440,36	1169,39
440,57	1187,82
440,77	1257,45
440,98	1181,68
441,18	1206,25
441,39	1241,07
441,59	1200,11
441,80	1251,31
442,00	1175,53
442,21	1185,77
442,41	1236,97
442,62	1191,92
442,82	1206,25
443,02	1193,97
443,23	1171,44
443,43	1175,53
443,64	1150,96
443,84	1232,88
444,05	1196,01
444,25	1228,78
444,46	1177,58
444,66	1241,07
444,87	1179,63
445,07	1171,44
445,28	1122,29
445,48	1212,40
445,69	1181,68
445,89	1218,54
446,09	1134,57
446,30	1277,93
446,50	1191,92
446,71	1206,25
446,91	1105,90
447,12	1230,83
447,32	1247,21
447,53	1175,53
447,73	1183,73
447,93	1210,35
448,14	1232,88
448,34	1261,55
448,55	1216,49
448,75	1212,40
448,96	1200,11
449,16	1153,01
449,36	1171,44
449,57	1210,35
449,77	1153,01
449,98	1220,59
450,18	1144,81
450,39	1234,93
450,59	1247,21
450,79	1146,86
451,00	1208,30
451,20	1150,96
451,41	1228,78
451,61	1220,59
451,81	1226,73
452,02	1220,59
452,22	1110,00
452,43	1218,54
452,63	1167,34
452,84	1200,11
453,04	1136,62
453,24	1187,82
453,45	1226,73
453,65	1210,35
453,86	1220,59
454,06	1236,97
454,26	1249,26
454,47	1183,73
454,67	1198,06
454,87	1167,34
455,08	1146,86
455,28	1185,77
455,49	1191,92
455,69	1275,88
455,89	1140,72
456,10	1216,49
456,30	1187,82
456,51	1191,92
456,71	1214,45
456,91	1171,44
457,12	1236,97
457,32	1222,64
457,52	1198,06
457,73	1179,63
457,93	1239,02
458,14	1247,21
458,34	1171,44
458,54	1228,78
458,75	1150,96
458,95	1193,97
459,15	1157,10
459,36	1255,40
459,56	1142,77
459,76	1193,97
459,97	1216,49
460,17	1222,64
460,37	1228,78
460,58	1146,86
460,78	1269,74
460,99	1249,26
461,19	1185,77
461,39	1169,39
461,60	1222,64
461,80	1155,05
462,00	1232,88
462,21	1150,96
462,41	1173,49
462,61	1239,02
462,82	1150,96
463,02	1206,25
463,22	1204,21
463,43	1161,20
463,63	1165,29
463,83	1255,40
464,04	1228,78
464,24	1136,62
464,44	1175,53
464,64	1210,35
464,85	1271,79
465,05	1148,91
465,25	1132,53
465,46	1155,05
465,66	1247,21
465,86	1245,16
466,07	1220,59
466,27	1249,26
466,47	1157,10
466,68	1167,34
466,88	1200,11
467,08	1206,25
467,29	1222,64
467,49	1206,25
467,69	1187,82
467,89	1175,53
468,10	1204,21
468,30	1155,05
468,50	1198,06
468,71	1179,63
468,91	1130,48
469,11	1212,40
469,31	1185,77
469,52	1177,58
469,72	1247,21
469,92	1212,40
470,13	1183,73
470,33	1175,53
470,53	1218,54
470,73	1202,16
470,94	1200,11
471,14	1220,59
471,34	1214,45
471,54	1185,77
471,75	1120,24
471,95	1126,38
472,15	1181,68
472,36	1212,40
472,56	1228,78
472,76	1134,57
472,96	1171,44
473,17	1232,88
473,37	1247,21
473,57	1277,93
473,77	1185,77
473,98	1210,35
474,18	1175,53
474,38	1155,05
474,58	1165,29
474,79	1191,92
474,99	1310,70
475,19	1220,59
475,39	1232,88
475,60	1175,53
475,80	1157,10
476,00	1159,15
476,20	1208,30
476,41	1155,05
476,61	1193,97
476,81	1177,58
477,01	1247,21
477,21	1148,91
477,42	1259,50
477,62	1187,82
477,82	1243,12
478,02	1208,30
478,23	1200,11
478,43	1161,20
478,63	1212,40
478,83	1138,67
479,03	1257,45
479,24	1216,49
479,44	1228,78
479,64	1193,97
479,84	1247,21
480,04	1169,39
480,25	1241,07
480,45	1150,96
480,65	1208,30
480,85	1189,87
481,06	1130,48
481,26	1191,92
481,46	1220,59
481,66	1144,81
481,86	1189,87
482,06	1210,35
482,27	1112,05
482,47	1179,63
482,67	1191,92
482,87	1157,10
483,07	1155,05
483,28	1236,97
483,48	1210,35
483,68	1282,03
483,88	1193,97
484,08	1148,91
484,29	1200,11
484,49	1167,34
484,69	1234,93
484,89	1159,15
485,09	1165,29
485,29	1126,38
485,50	1189,87
485,70	1232,88
485,90	1202,16
486,10	1193,97
486,30	1204,21
486,50	1142,77
486,71	1200,11
486,91	1116,14
487,11	1167,34
487,31	1261,55
487,51	1208,30
487,71	1204,21
487,91	1179,63
488,12	1212,40
488,32	1193,97
488,52	1216,49
488,72	1173,49
488,92	1159,15
489,12	1122,29
489,32	1173,49
489,53	1177,58
489,73	1189,87
489,93	1144,81
490,13	1187,82
490,33	1241,07
490,53	1179,63
490,73	1169,39
490,94	1236,97
491,14	1132,53
491,34	1204,21
491,54	1249,26
491,74	1247,21
491,94	1251,31
492,14	1140,72
492,34	1134,57
492,54	1132,53
492,75	1193,97
492,95	1126,38
493,15	1232,88
493,35	1163,25
493,55	1200,11
493,75	1257,45
493,95	1193,97
494,15	1114,10
494,35	1208,30
494,56	1226,73
494,76	1245,16
494,96	1224,69
495,16	1269,74
495,36	1128,43
495,56	1208,30
495,76	1200,11
495,96	1222,64
496,16	1191,92
496,36	1171,44
496,56	1126,38
496,77	1212,40
496,97	1189,87
497,17	1200,11
497,37	1193,97
497,57	1128,43
497,77	1218,54
497,97	1236,97
498,17	1167,34
498,37	1193,97
498,57	1216,49
498,77	1187,82
498,97	1230,83
499,17	1214,45
499,38	1179,63
499,58	1173,49
499,78	1230,83
499,98	1224,69
500,18	1138,67
500,38	1261,55
500,58	1206,25
500,78	1236,97
500,98	1181,68
501,18	1206,25
501,38	1159,15
501,58	1234,93
501,78	1140,72
501,98	1193,97
502,18	1187,82
502,38	1175,53
502,58	1157,10
502,78	1060,85
502,98	1163,25
503,18	1159,15
503,38	1228,78
503,59	1126,38
503,79	1204,21
503,99	1212,40
504,19	1212,40
504,39	1200,11
504,59	1179,63
504,79	1198,06
504,99	1234,93
505,19	1255,40
505,39	1210,35
505,59	1175,53
505,79	1183,73
505,99	1157,10
506,19	1118,19
506,39	1044,46
506,59	1208,30
506,79	1212,40
506,99	1208,30
507,19	1167,34
507,39	1218,54
507,59	1187,82
507,79	1251,31
507,99	1265,64
508,19	1198,06
508,39	1214,45
508,59	1208,30
508,79	1210,35
508,99	1191,92
509,19	1189,87
509,39	1153,01
509,59	1181,68
509,79	1216,49
509,99	1255,40
510,19	1191,92
510,39	1218,54
510,59	1187,82
510,79	1185,77
510,99	1136,62
511,19	1204,21
511,39	1275,88
511,59	1183,73
511,79	1150,96
511,99	1153,01
512,19	1191,92
512,38	1236,97
512,58	1239,02
512,78	1198,06
512,98	1273,84
513,18	1204,21
513,38	1255,40
513,58	1220,59
513,78	1177,58
513,98	1241,07
514,18	1228,78
514,38	1181,68
514,58	1208,30
514,78	1183,73
514,98	1220,59
515,18	1216,49
515,38	1155,05
515,58	1171,44
515,78	1114,10
515,98	1157,10
516,18	1138,67
516,38	1226,73
516,57	1212,40
516,77	1177,58
516,97	1267,69
517,17	1206,25
517,37	1224,69
517,57	1220,59
517,77	1171,44
517,97	1214,45
518,17	1173,49
518,37	1263,60
518,57	1169,39
518,77	1241,07
518,97	1142,77
519,16	1251,31
519,36	1196,01
519,56	1140,72
519,76	1150,96
519,96	1259,50
520,16	1191,92
520,36	1189,87
520,56	1204,21
520,76	1222,64
520,96	1228,78
521,16	1228,78
521,35	1241,07
521,55	1198,06
521,75	1218,54
521,95	1130,48
522,15	1200,11
522,35	1175,53
522,55	1187,82
522,75	1277,93
522,95	1202,16
523,14	1228,78
523,34	1220,59
523,54	1222,64
523,74	1161,20
523,94	1208,30
524,14	1212,40
524,34	1232,88
524,54	1245,16
524,73	1196,01
524,93	1228,78
525,13	1097,71
525,33	1208,30
525,53	1212,40
525,73	1208,30
525,93	1157,10
526,13	1198,06
526,32	1206,25
526,52	1204,21
526,72	1216,49
526,92	1193,97
527,12	1222,64
527,32	1239,02
527,52	1134,57
527,71	1165,29
527,91	1236,97
528,11	1163,25
528,31	1189,87
528,51	1179,63
528,71	1175,53
528,90	1191,92
529,10	1179,63
529,30	1179,63
529,50	1198,06
529,70	1226,73
529,90	1175,53
530,09	1206,25
530,29	1206,25
530,49	1218,54
530,69	1226,73
530,89	1177,58
531,09	1230,83
531,28	1196,01
531,48	1261,55
531,68	1173,49
531,88	1189,87
532,08	1210,35
532,28	1193,97
532,47	1179,63
532,67	1189,87
532,87	1122,29
533,07	1153,01
533,27	1163,25
533,46	1204,21
533,66	1173,49
533,86	1142,77
534,06	1122,29
534,26	1224,69
534,45	1191,92
534,65	1175,53
534,85	1177,58
535,05	1232,88
535,25	1173,49
535,44	1120,24
535,64	1196,01
535,84	1261,55
536,04	1112,05
536,24	1163,25
536,43	1177,58
536,63	1161,20
536,83	1185,77
537,03	1181,68
537,22	1169,39
537,42	1150,96
537,62	1214,45
537,82	1189,87
538,02	1144,81
538,21	1200,11
538,41	1171,44
538,61	1167,34
538,81	1150,96
539,00	1277,93
539,20	1159,15
539,40	1148,91
539,60	1191,92
539,79	1239,02
539,99	1165,29
540,19	1204,21
540,39	1187,82
540,58	1239,02
540,78	1173,49
540,98	1150,96
541,18	1103,86
541,37	1165,29
541,57	1159,15
541,77	1222,64
541,97	1189,87
542,16	1165,29
542,36	1161,20
542,56	1206,25
542,76	1150,96
542,95	1126,38
543,15	1128,43
543,35	1206,25
543,54	1138,67
543,74	1236,97
543,94	1232,88
544,14	1234,93
544,33	1208,30
544,53	1110,00
544,73	1226,73
544,93	1230,83
545,12	1271,79
545,32	1167,34
545,52	1136,62
545,71	1200,11
545,91	1187,82
546,11	1251,31
546,30	1146,86
546,50	1218,54
546,70	1181,68
546,90	1247,21
547,09	1142,77
547,29	1208,30
547,49	1210,35
547,68	1206,25
547,88	1146,86
548,08	1150,96
548,27	1175,53
548,47	1198,06
548,67	1251,31
548,87	1234,93
549,06	1236,97
549,26	1226,73
549,46	1167,34
549,65	1181,68
549,85	1282,03
550,05	1206,25
550,24	1189,87
550,44	1200,11
550,64	1159,15
550,83	1200,11
551,03	1232,88
551,23	1153,01
551,42	1187,82
551,62	1183,73
551,82	1167,34
552,01	1257,45
552,21	1144,81
552,41	1251,31
552,60	1159,15
552,80	1150,96
553,00	1132,53
553,19	1187,82
553,39	1245,16
553,59	1234,93
553,78	1116,14
553,98	1134,57
554,17	1206,25
554,37	1191,92
554,57	1181,68
554,76	1216,49
554,96	1130,48
555,16	1187,82
555,35	1150,96
555,55	1198,06
555,75	1220,59
555,94	1216,49
556,14	1179,63
556,33	1193,97
556,53	1144,81
556,73	1247,21
556,92	1189,87
557,12	1247,21
557,32	1146,86
557,51	1202,16
557,71	1142,77
557,90	1212,40
558,10	1198,06
558,30	1230,83
558,49	1222,64
558,69	1275,88
558,88	1161,20
559,08	1216,49
559,28	1165,29
559,47	1153,01
559,67	1232,88
559,86	1232,88
560,06	1142,77
560,26	1193,97
560,45	1179,63
560,65	1232,88
560,84	1216,49
561,04	1218,54
561,24	1269,74
561,43	1271,79
561,63	1236,97
561,82	1247,21
562,02	1208,30
562,22	1196,01
562,41	1167,34
562,61	1165,29
562,80	1187,82
563,00	1177,58
563,19	1173,49
563,39	1159,15
563,59	1142,77
563,78	1228,78
563,98	1173,49
564,17	1177,58
564,37	1269,74
564,56	1148,91
564,76	1157,10
564,96	1212,40
565,15	1134,57
565,35	1138,67
565,54	1261,55
565,74	1150,96
565,93	1161,20
566,13	1198,06
566,32	1202,16
566,52	1181,68
566,71	1167,34
566,91	1142,77
567,11	1191,92
567,30	1208,30
567,50	1200,11
567,69	1230,83
567,89	1230,83
568,08	1245,16
568,28	1204,21
568,47	1196,01
568,67	1191,92
568,86	1142,77
569,06	1163,25
569,25	1177,58
569,45	1171,44
569,64	1277,93
569,84	1140,72
570,04	1142,77
570,23	1138,67
570,43	1198,06
570,62	1148,91
570,82	1204,21
571,01	1169,39
571,21	1294,32
571,40	1220,59
571,60	1212,40
571,79	1202,16
571,99	1249,26
572,18	1187,82
572,38	1134,57
572,57	1226,73
572,77	1273,84
572,96	1236,97
573,16	1288,17
573,35	1277,93
573,55	1196,01
573,74	1234,93
573,94	1245,16
574,13	1232,88
574,33	1216,49
574,52	1179,63
574,71	1290,22
574,91	1222,64
575,10	1241,07
575,30	1198,06
575,49	1179,63
575,69	1255,40
575,88	1224,69
576,08	1220,59
576,27	1148,91
576,47	1179,63
576,66	1236,97
576,86	1228,78
577,05	1179,63
577,25	1187,82
577,44	1167,34
577,64	1212,40
577,83	1173,49
578,02	1216,49
578,22	1218,54
578,41	1216,49
578,61	1159,15
578,80	1155,05
579,00	1232,88
579,19	1206,25
579,39	1208,30
579,58	1165,29
579,77	1253,36
579,97	1230,83
580,16	1208,30
580,36	1181,68
580,55	1179,63
580,75	1165,29
580,94	1230,83
581,13	1218,54
581,33	1155,05
581,52	1165,29
581,72	1163,25
581,91	1247,21
582,11	1138,67
582,30	1222,64
582,49	1208,30
582,69	1198,06
582,88	1228,78
583,08	1189,87
583,27	1241,07
583,47	1206,25
583,66	1208,30
583,85	1208,30
584,05	1136,62
584,24	1173,49
584,44	1263,60
584,63	1169,39
584,82	1218,54
585,02	1196,01
585,21	1198,06
585,41	1218,54
585,60	1189,87
585,79	1191,92
585,99	1173,49
586,18	1165,29
586,37	1204,21
586,57	1165,29
586,76	1191,92
586,96	1181,68
587,15	1269,74
587,34	1159,15
587,54	1179,63
587,73	1204,21
587,93	1228,78
588,12	1212,40
588,31	1292,27
588,51	1163,25
588,70	1200,11
588,89	1167,34
589,09	1163,25
589,28	1234,93
589,47	1167,34
589,67	1161,20
589,86	1185,77
590,06	1253,36
590,25	1206,25
590,44	1189,87
590,64	1232,88
590,83	1150,96
591,02	1218,54
591,22	1220,59
591,41	1224,69
591,60	1228,78
591,80	1220,59
591,99	1185,77
592,18	1183,73
592,38	1112,05
592,57	1153,01
592,76	1179,63
592,96	1216,49
593,15	1175,53
593,34	1107,95
593,54	1226,73
593,73	1181,68
593,92	1157,10
594,12	1255,40
594,31	1163,25
594,50	1247,21
594,70	1208,30
594,89	1220,59
595,08	1224,69
595,28	1183,73
595,47	1185,77
595,66	1173,49
595,86	1163,25
596,05	1222,64
596,24	1247,21
596,43	1173,49
596,63	1167,34
596,82	1204,21
597,01	1232,88
597,21	1224,69
597,40	1275,88
597,59	1148,91
597,79	1304,56
597,98	1167,34
598,17	1177,58
598,36	1243,12
598,56	1220,59
598,75	1208,30
598,94	1218,54
599,14	1230,83
599,33	1210,35
599,52	1204,21
599,71	1124,33
599,91	1187,82
600,10	1191,92
600,29	1212,40
600,48	1136,62
600,68	1175,53
600,87	1204,21
601,06	1167,34
601,26	1210,35
601,45	1175,53
601,64	1173,49
601,83	1155,05
602,03	1261,55
602,22	1259,50
602,41	1185,77
602,60	1251,31
602,80	1259,50
602,99	1183,73
603,18	1144,81
603,37	1216,49
603,57	1142,77
603,76	1249,26
603,95	1099,76
604,14	1177,58
604,34	1245,16
604,53	1167,34
604,72	1187,82
604,91	1138,67
605,10	1247,21
605,30	1171,44
605,49	1153,01
605,68	1216,49
605,87	1251,31
606,07	1298,41
606,26	1179,63
606,45	1200,11
606,64	1243,12
606,84	1214,45
607,03	1148,91
607,22	1232,88
607,41	1099,76
607,60	1265,64
607,80	1251,31
607,99	1191,92
608,18	1171,44
608,37	1259,50
608,56	1271,79
608,76	1200,11
608,95	1202,16
609,14	1206,25
609,33	1249,26
609,52	1185,77
609,72	1183,73
609,91	1189,87
610,10	1210,35
610,29	1183,73
610,48	1114,10
610,68	1228,78
610,87	1208,30
611,06	1206,25
611,25	1212,40
611,44	1187,82
611,63	1198,06
611,83	1234,93
612,02	1228,78
612,21	1179,63
612,40	1181,68
612,59	1198,06
612,79	1239,02
612,98	1208,30
613,17	1163,25
613,36	1191,92
613,55	1132,53
613,74	1208,30
613,93	1230,83
614,13	1208,30
614,32	1253,36
614,51	1167,34
614,70	1169,39
614,89	1159,15
615,08	1183,73
615,28	1189,87
615,47	1148,91
615,66	1175,53
615,85	1265,64
616,04	1196,01
616,23	1140,72
616,42	1200,11
616,62	1148,91
616,81	1204,21
617,00	1171,44
617,19	1290,22
617,38	1224,69
617,57	1183,73
617,76	1181,68
617,95	1249,26
618,15	1163,25
618,34	1202,16
618,53	1257,45
618,72	1255,40
618,91	1253,36
619,10	1155,05
619,29	1212,40
619,48	1210,35
619,68	1165,29
619,87	1159,15
620,06	1253,36
620,25	1214,45
620,44	1144,81
620,63	1210,35
620,82	1196,01
621,01	1251,31
621,20	1208,30
621,39	1206,25
621,59	1196,01
621,78	1232,88
621,97	1085,42
622,16	1247,21
622,35	1150,96
622,54	1193,97
622,73	1210,35
622,92	1185,77
623,11	1144,81
623,30	1187,82
623,49	1175,53
623,68	1161,20
623,88	1161,20
624,07	1230,83
624,26	1144,81
624,45	1265,64
624,64	1193,97
624,83	1165,29
625,02	1101,81
625,21	1226,73
625,40	1224,69
625,59	1218,54
625,78	1249,26
625,97	1222,64
626,16	1200,11
626,35	1093,62
626,54	1175,53
626,74	1220,59
626,93	1171,44
627,12	1220,59
627,31	1183,73
627,50	1220,59
627,69	1269,74
627,88	1187,82
628,07	1138,67
628,26	1177,58
628,45	1196,01
628,64	1177,58
628,83	1257,45
629,02	1191,92
629,21	1228,78
629,40	1193,97
629,59	1183,73
629,78	1218,54
629,97	1200,11
630,16	1161,20
630,35	1159,15
630,54	1177,58
630,73	1181,68
630,92	1241,07
631,11	1247,21
631,30	1224,69
631,49	1173,49
631,68	1374,19
631,87	2416,60
632,06	8114,05
632,25	16940,80
632,44	20997,82
632,63	26769,00
632,82	14356,26
633,01	8138,63
633,20	3907,52
633,39	2234,33
633,58	1597,42
633,77	1824,74
633,96	1615,85
634,15	1363,95
634,34	1320,94
634,53	1351,66
634,72	1396,71
634,91	1378,28
635,10	1312,75
635,29	1228,78
635,48	1304,56
635,67	1173,49
635,86	1218,54
636,05	1167,34
636,24	1292,27
636,43	1247,21
636,62	1232,88
636,81	1232,88
637,00	1230,83
637,19	1175,53
637,38	1146,86
637,57	1196,01
637,76	1181,68
637,95	1284,08
638,14	1226,73
638,33	1239,02
638,52	1247,21
638,71	1218,54
638,89	1181,68
639,08	1138,67
639,27	1177,58
639,46	1185,77
639,65	1273,84
639,84	1200,11
640,03	1185,77
640,22	1189,87
640,41	1198,06
640,60	1136,62
640,79	1232,88
640,98	1181,68
641,17	1236,97
641,36	1187,82
641,55	1273,84
641,74	1140,72
641,92	1206,25
642,11	1193,97
642,30	1198,06
642,49	1241,07
642,68	1173,49
642,87	1171,44
643,06	1220,59
643,25	1196,01
643,44	1232,88
643,63	1288,17
643,82	1277,93
644,00	1198,06
644,19	1239,02
644,38	1148,91
644,57	1173,49
644,76	1183,73
644,95	1200,11
645,14	1144,81
645,33	1218,54
645,52	1198,06
645,71	1200,11
645,89	1224,69
646,08	1155,05
646,27	1224,69
646,46	1161,20
646,65	1130,48
646,84	1204,21
647,03	1236,97
647,22	1134,57
647,40	1177,58
647,59	1175,53
647,78	1196,01
647,97	1245,16
648,16	1163,25
648,35	1200,11
648,54	1177,58
648,73	1247,21
648,91	1142,77
649,10	1142,77
649,29	1210,35
649,48	1214,45
649,67	1134,57
649,86	1214,45
650,05	1210,35
650,23	1216,49
650,42	1136,62
650,61	1241,07
650,80	1181,68
650,99	1169,39
651,18	1183,73
651,36	1169,39
651,55	1191,92
651,74	1191,92
651,93	1165,29
652,12	1175,53
652,31	1228,78
652,49	1208,30
652,68	1126,38
652,87	1187,82
653,06	1155,05
653,25	1191,92
653,44	1173,49
653,62	1282,03
653,81	1148,91
654,00	1245,16
654,19	1212,40
654,38	1204,21
654,56	1224,69
654,75	1253,36
654,94	1247,21
655,13	1216,49
655,32	1208,30
655,51	1206,25
655,69	1159,15
655,88	1128,43
656,07	1224,69
656,26	1216,49
656,45	1179,63
656,63	1245,16
656,82	1224,69
657,01	1189,87
657,20	1212,40
657,38	1247,21
657,57	1163,25
657,76	1216,49
657,95	1175,53
658,14	1187,82
658,32	1155,05
658,51	1198,06
658,70	1245,16
658,89	1183,73
659,08	1169,39
659,26	1216,49
659,45	1142,77
659,64	1153,01
659,83	1228,78
660,01	1198,06
660,20	1148,91
660,39	1193,97
660,58	1144,81
660,76	1148,91
660,95	1208,30
661,14	1263,60
661,33	1239,02
661,51	1136,62
661,70	1214,45
661,89	1173,49
662,08	1128,43
662,26	1153,01
662,45	1179,63
662,64	1245,16
662,83	1161,20
663,01	1222,64
663,20	1163,25
663,39	1175,53
663,58	1132,53
663,76	1175,53
663,95	1132,53
664,14	1200,11
664,32	1218,54
664,51	1212,40
664,70	1171,44
664,89	1193,97
665,07	1173,49
665,26	1228,78
665,45	1167,34
665,64	1200,11
665,82	1171,44
666,01	1126,38
666,20	1212,40
666,38	1269,74
666,57	1163,25
666,76	1216,49
666,95	1187,82
667,13	1181,68
667,32	1224,69
667,51	1185,77
667,69	1144,81
667,88	1114,10
668,07	1196,01
668,25	1148,91
668,44	1212,40
668,63	1222,64
668,81	1228,78
669,00	1224,69
669,19	1198,06
669,38	1165,29
669,56	1214,45
669,75	1202,16
669,94	1183,73
670,12	1224,69
670,31	1230,83
670,50	1208,30
670,68	1185,77
670,87	1157,10
671,06	1222,64
671,24	1189,87
671,43	1204,21
671,62	1132,53
671,80	1269,74
671,99	1232,88
672,18	1179,63
672,36	1196,01
672,55	1210,35
672,74	1212,40
672,92	1193,97
673,11	1187,82
673,29	1263,60
673,48	1212,40
673,67	1200,11
673,85	1226,73
674,04	1179,63
674,23	1224,69
674,41	1167,34
674,60	1169,39
674,79	1271,79
674,97	1208,30
675,16	1165,29
675,34	1216,49
675,53	1163,25
675,72	1116,14
675,90	1230,83
676,09	1228,78
676,28	1216,49
676,46	1181,68
676,65	1247,21
676,83	1198,06
677,02	1206,25
677,21	1251,31
677,39	1218,54
677,58	1150,96
677,77	1200,11
677,95	1210,35
678,14	1193,97
678,32	1185,77
678,51	1189,87
678,70	1126,38
678,88	1296,36
679,07	1224,69
679,25	1214,45
679,44	1198,06
679,63	1185,77
679,81	1306,60
680,00	1222,64
680,18	1196,01
680,37	1177,58
680,55	1249,26
680,74	1185,77
680,93	1241,07
681,11	1157,10
681,30	1177,58
681,48	1261,55
681,67	1157,10
681,85	1163,25
682,04	1218,54
682,23	1200,11
682,41	1181,68
682,60	1155,05
682,78	1202,16
682,97	1175,53
683,15	1173,49
683,34	1161,20
683,53	1132,53
683,71	1271,79
683,90	1177,58
684,08	1226,73
684,27	1144,81
684,45	1155,05
684,64	1228,78
684,82	1273,84
685,01	1239,02
685,19	1202,16
685,38	1177,58
685,57	1187,82
685,75	1171,44
685,94	1183,73
686,12	1159,15
686,31	1230,83
686,49	1191,92
686,68	1208,30
686,86	1177,58
687,05	1232,88
687,23	1220,59
687,42	1150,96
687,60	1163,25
687,79	1114,10
687,97	1216,49
688,16	1185,77
688,34	1200,11
688,53	1214,45
688,71	1179,63
688,90	1189,87
689,08	1228,78
689,27	1171,44
689,45	1200,11
689,64	1214,45
689,82	1191,92
690,01	1263,60
690,19	1243,12
690,38	1169,39
690,56	1228,78
690,75	1185,77
690,93	1200,11
691,12	1146,86
691,30	1191,92
691,49	1208,30
691,67	1204,21
691,86	1173,49
692,04	1167,34
692,23	1222,64
692,41	1257,45
692,60	1210,35
692,78	1155,05
692,97	1185,77
693,15	1142,77
693,34	1216,49
693,52	1179,63
693,71	1144,81
693,89	1148,91
694,08	1193,97
694,26	1257,45
694,44	1251,31
694,63	1255,40
694,81	1171,44
695,00	1126,38
695,18	1202,16
695,37	1232,88
695,55	1161,20
695,74	1204,21
695,92	1110,00
696,10	1181,68
696,29	1165,29
696,47	1191,92
696,66	1196,01
696,84	1122,29
697,03	1261,55
697,21	1232,88
697,40	1204,21
697,58	1208,30
697,76	1122,29
697,95	1175,53
698,13	1224,69
698,32	1202,16
698,50	1218,54
698,68	1220,59
698,87	1157,10
699,05	1243,12
699,24	1214,45
699,42	1179,63
699,61	1259,50
699,79	1241,07
699,97	1198,06
700,16	1191,92
700,34	1165,29
700,53	1224,69
700,71	1185,77
700,89	1208,30
701,08	1130,48
701,26	1181,68
701,45	1179,63
701,63	1214,45
701,81	1130,48
702,00	1183,73
702,18	1253,36
702,37	1236,97
702,55	1214,45
702,73	1236,97
702,92	1206,25
703,10	1173,49
703,28	1230,83
703,47	1185,77
703,65	1208,30
703,84	1239,02
704,02	1173,49
704,20	1243,12
704,39	1253,36
704,57	1175,53
704,75	1200,11
704,94	1202,16
705,12	1163,25
705,30	1157,10
705,49	1245,16
705,67	1198,06
705,86	1245,16
706,04	1173,49
706,22	1196,01
706,41	1193,97
706,59	1245,16
706,77	1150,96
706,96	1155,05
707,14	1175,53
707,32	1175,53
707,51	1208,30
707,69	1175,53
707,87	1167,34
708,06	1163,25
708,24	1216,49
708,42	1171,44
708,61	1236,97
708,79	1228,78
708,97	1150,96
709,16	1200,11
709,34	1191,92
709,52	1216,49
709,71	1216,49
709,89	1232,88
710,07	1247,21
710,26	1163,25
710,44	1265,64
710,62	1187,82
710,80	1222,64
710,99	1167,34
711,17	1224,69
711,35	1243,12
711,54	1232,88
711,72	1177,58
711,90	1105,90
712,09	1200,11
712,27	1206,25
712,45	1206,25
712,63	1208,30
712,82	1234,93
713,00	1247,21
713,18	1212,40
713,37	1189,87
713,55	1210,35
713,73	1198,06
713,91	1212,40
714,10	1189,87
714,28	1212,40
714,46	1189,87
714,65	1153,01
714,83	1261,55
715,01	1222,64
715,19	1146,86
715,38	1220,59
715,56	1294,32
715,74	1196,01
715,92	1173,49
716,11	1218,54
716,29	1167,34
716,47	1193,97
716,65	1142,77
716,84	1234,93
717,02	1214,45
717,20	1196,01
717,38	1228,78
717,57	1198,06
717,75	1177,58
717,93	1167,34
718,11	1259,50
718,30	1196,01
718,48	1196,01
718,66	1259,50
718,84	1239,02
719,03	1177,58
719,21	1214,45
719,39	1224,69
719,57	1138,67
719,75	1153,01
719,94	1228,78
720,12	1179,63
720,30	1189,87
720,48	1189,87
720,67	1181,68
720,85	1224,69
721,03	1181,68
721,21	1212,40
721,39	1150,96
721,58	1183,73
721,76	1138,67
721,94	1173,49
722,12	1173,49
722,30	1185,77
722,49	1249,26
722,67	1142,77
722,85	1183,73
723,03	1167,34
723,21	1165,29
723,40	1206,25
723,58	1140,72
723,76	1128,43
723,94	1146,86
724,12	1200,11
724,30	1181,68
724,49	1210,35
724,67	1124,33
724,85	1173,49
725,03	1198,06
725,21	1206,25
725,40	1214,45
725,58	1200,11
725,76	1191,92
725,94	1241,07
726,12	1208,30
726,30	1224,69
726,49	1212,40
726,67	1204,21
726,85	1169,39
727,03	1196,01
727,21	1153,01
727,39	1226,73
727,57	1230,83
727,76	1216,49
727,94	1255,40
728,12	1208,30
728,30	1247,21
728,48	1167,34
728,66	1165,29
728,84	1167,34
729,03	1191,92
729,21	1144,81
729,39	1206,25
729,57	1181,68
729,75	1183,73
729,93	1208,30
730,11	1208,30
730,30	1157,10
730,48	1239,02
730,66	1220,59
730,84	1132,53
731,02	1179,63
731,20	1193,97
731,38	1173,49
731,56	1153,01
731,74	1210,35
731,93	1187,82
732,11	1155,05
732,29	1132,53
732,47	1140,72
732,65	1167,34
732,83	1218,54
733,01	1257,45
733,19	1234,93
733,37	1128,43
733,56	1171,44
733,74	1230,83
733,92	1247,21
734,10	1204,21
734,28	1239,02
734,46	1189,87
734,64	1198,06
734,82	1163,25
735,00	1261,55
735,18	1175,53
735,36	1187,82
735,54	1185,77
735,73	1191,92
735,91	1128,43
736,09	1181,68
736,27	1177,58
736,45	1249,26
736,63	1189,87
736,81	1138,67
736,99	1214,45
737,17	1148,91
737,35	1243,12
737,53	1216,49
737,71	1206,25
737,89	1177,58
738,07	1230,83
738,25	1181,68
738,43	1171,44
738,61	1224,69
738,80	1177,58
738,98	1214,45
739,16	1239,02
739,34	1191,92
739,52	1132,53
739,70	1171,44
739,88	1257,45
740,06	1214,45
740,24	1169,39
740,42	1204,21
740,60	1193,97
740,78	1153,01
740,96	1247,21
741,14	1226,73
741,32	1202,16
741,50	1163,25
741,68	1230,83
741,86	1249,26
742,04	1241,07
742,22	1175,53
742,40	1245,16
742,58	1228,78
742,76	1179,63
742,94	1257,45
743,12	1163,25
743,30	1146,86
743,48	1200,11
743,66	1163,25
743,84	1183,73
744,02	1153,01
744,20	1167,34
744,38	1177,58
744,56	1193,97
744,74	1232,88
744,92	1177,58
745,10	1187,82
745,28	1155,05
745,46	1253,36
745,64	1216,49
745,82	1243,12
746,00	1269,74
746,18	1226,73
746,36	1179,63
746,54	1204,21
746,72	1146,86
746,90	1126,38
747,08	1159,15
747,26	1163,25
747,44	1163,25
747,62	1179,63
747,80	1208,30
747,98	1234,93
748,15	1214,45
748,33	1198,06
748,51	1236,97
748,69	1198,06
748,87	1150,96
749,05	1124,33
749,23	1214,45
749,41	1234,93
749,59	1159,15
749,77	1163,25
749,95	1243,12
750,13	1175,53
750,31	1210,35
750,49	1175,53
750,67	1222,64
750,85	1239,02
751,03	1236,97
751,20	1218,54
751,38	1124,33
751,56	1267,69
751,74	1179,63
751,92	1206,25
752,10	1165,29
752,28	1185,77
752,46	1247,21
752,64	1191,92
752,82	1159,15
753,00	1187,82
753,18	1208,30
753,35	1193,97
753,53	1198,06
753,71	1191,92
753,89	1142,77
754,07	1204,21
754,25	1177,58
754,43	1171,44
754,61	1189,87
754,79	1214,45
754,97	1161,20
755,14	1193,97
755,32	1263,60
755,50	1208,30
755,68	1224,69
755,86	1157,10
756,04	1193,97
756,22	1173,49
756,40	1189,87
756,57	1136,62
756,75	1159,15
756,93	1214,45
757,11	1200,11
757,29	1177,58
757,47	1157,10
757,65	1189,87
757,82	1114,10
758,00	1200,11
758,18	1099,76
758,36	1222,64
758,54	1269,74
758,72	1126,38
758,90	1185,77
759,07	1218,54
759,25	1189,87
759,43	1198,06
759,61	1218,54
759,79	1206,25
759,97	1066,99
760,15	1230,83
760,32	1224,69
760,50	1277,93
760,68	1204,21
760,86	1253,36
761,04	1204,21
761,22	1286,12
761,39	1222,64
761,57	1128,43
761,75	1118,19
761,93	1171,44
762,11	1228,78
762,28	1206,25
762,46	1218,54
762,64	1208,30
762,82	1144,81
763,00	1200,11
763,18	1175,53
763,35	1210,35
763,53	1198,06
763,71	1183,73
763,89	1230,83
764,07	1183,73
764,24	1185,77
764,42	1212,40
764,60	1191,92
764,78	1146,86
764,96	1175,53
765,13	1249,26
765,31	1157,10
765,49	1171,44
765,67	1171,44
765,84	1259,50
766,02	1239,02
766,20	1220,59
766,38	1282,03
766,56	1150,96
766,73	1167,34
766,91	1228,78
767,09	1208,30
767,27	1261,55
767,44	1191,92
767,62	1249,26
767,80	1153,01
767,98	1236,97
768,15	1208,30
768,33	1261,55
768,51	1226,73
768,69	1220,59
768,87	1095,66
769,04	1239,02
769,22	1284,08
769,40	1245,16
769,58	1198,06
769,75	1159,15
769,93	1193,97
770,11	1216,49
770,28	1263,60
770,46	1153,01
770,64	1200,11
770,82	1159,15
770,99	1165,29
771,17	1196,01
771,35	1185,77
771,53	1257,45
771,70	1222,64
771,88	1150,96
772,06	1245,16
772,23	1171,44
772,41	1243,12
772,59	1169,39
772,77	1232,88
772,94	1175,53
773,12	1208,30
773,30	1159,15
773,47	1204,21
773,65	1218,54
773,83	1183,73
774,01	1142,77
774,18	1202,16
774,36	1169,39
774,54	1179,63
774,71	1173,49
774,89	1191,92
775,07	1175,53
775,24	1175,53
775,42	1247,21
775,60	1206,25
775,78	1189,87
775,95	1204,21
776,13	1216,49
776,31	1181,68
776,48	1216,49
776,66	1206,25
776,84	1257,45
777,01	1167,34
777,19	1118,19
777,37	1132,53
777,54	1255,40
777,72	1177,58
777,90	1208,30
778,07	1200,11
778,25	1185,77
778,43	1267,69
778,60	1218,54
778,78	1146,86
778,96	1159,15
779,13	1144,81
779,31	1212,40
779,49	1208,30
779,66	1177,58
779,84	1191,92
780,01	1163,25
780,19	1200,11
780,37	1173,49
780,54	1128,43
780,72	1210,35
780,90	1234,93
781,07	1196,01
781,25	1241,07
781,43	1144,81
781,60	1265,64
781,78	1267,69
781,95	1150,96
782,13	1183,73
782,31	1161,20
782,48	1241,07
782,66	1148,91
782,83	1183,73
783,01	1144,81
783,19	1228,78
783,36	1273,84
783,54	1196,01
783,72	1230,83
783,89	1179,63
784,07	1130,48
784,24	1171,44
784,42	1183,73
784,60	1206,25
784,77	1167,34
784,95	1255,40
785,12	1210,35
785,30	1159,15
785,47	1198,06
785,65	1200,11
785,83	1183,73
786,00	1175,53
786,18	1210,35
786,35	1183,73
786,53	1271,79
786,71	1150,96
786,88	1091,57
787,06	1187,82
787,23	1230,83
787,41	1187,82
787,58	1175,53
787,76	1153,01
787,94	1181,68
788,11	1261,55
788,29	1236,97
788,46	1196,01
788,64	1214,45
788,81	1177,58
788,99	1134,57
789,16	1210,35
789,34	1222,64
789,52	1146,86
789,69	1181,68
789,87	1079,28
790,04	1171,44
790,22	1206,25
790,39	1189,87
790,57	1181,68
790,74	1224,69
790,92	1200,11
791,09	1232,88
791,27	1208,30
791,44	1220,59
791,62	1159,15
791,79	1165,29
791,97	1224,69
792,15	1208,30
792,32	1191,92
792,50	1118,19
792,67	1271,79
792,85	1230,83
793,02	1185,77
793,20	1239,02
793,37	1247,21
793,55	1304,56
793,72	1183,73
793,90	1226,73
794,07	1185,77
794,25	1236,97
794,42	1130,48
794,60	1224,69
794,77	1208,30
794,95	1146,86
795,12	1212,40
795,30	1198,06
795,47	1241,07
795,65	1216,49
795,82	1230,83
796,00	1255,40
796,17	1169,39
796,34	1204,21
796,52	1236,97
796,69	1179,63
796,87	1179,63
797,04	1208,30
797,22	1220,59
797,39	1245,16
797,57	1228,78
797,74	1236,97
797,92	1183,73
798,09	1224,69
798,27	1150,96
798,44	1232,88
798,62	1202,16
798,79	1193,97
798,96	1216,49
799,14	1212,40
799,31	1169,39
799,49	1140,72
799,66	1167,34
799,84	1169,39
800,01	1122,29
800,19	1255,40
800,36	1206,25
800,53	1118,19
800,71	1220,59
800,88	1191,92
801,06	1198,06
801,23	1171,44
801,41	1146,86
801,58	1204,21
801,75	1253,36
801,93	1169,39
802,10	1175,53
802,28	1150,96
802,45	1150,96
802,63	1239,02
802,80	1271,79
802,97	1230,83
803,15	1146,86
803,32	1230,83
803,50	1157,10
803,67	1263,60
803,84	1216,49
804,02	1232,88
804,19	1214,45
804,37	1224,69
804,54	1171,44
804,71	1153,01
804,89	1157,10
805,06	1214,45
805,24	1085,42
805,41	1163,25
805,58	1210,35
805,76	1214,45
805,93	1228,78
806,10	1239,02
806,28	1208,30
806,45	1181,68
806,63	1202,16
806,80	1206,25
806,97	1142,77
807,15	1226,73
807,32	1247,21
807,49	1175,53
807,67	1241,07
807,84	1185,77
808,01	1208,30
808,19	1232,88
808,36	1202,16
808,54	1189,87
808,71	1224,69
808,88	1249,26
809,06	1206,25
809,23	1202,16
809,40	1198,06
809,58	1181,68
809,75	1251,31
809,92	1200,11
810,10	1230,83
810,27	1173,49
810,44	1228,78
810,62	1204,21
810,79	1144,81
810,96	1196,01
811,14	1183,73
811,31	1196,01
811,48	1179,63
811,66	1189,87
811,83	1183,73
812,00	1243,12
812,18	1214,45
812,35	1161,20
812,52	1253,36
812,69	1216,49
812,87	1189,87
813,04	1216,49
813,21	1247,21
813,39	1142,77
813,56	1142,77
813,73	1239,02
813,91	1167,34
814,08	1153,01
814,25	1200,11
814,42	1130,48
814,60	1198,06
814,77	1204,21
814,94	1163,25
815,12	1146,86
815,29	1191,92
815,46	1216,49
815,63	1202,16
815,81	1179,63
815,98	1218,54
816,15	1206,25
816,33	1155,05
816,50	1142,77
816,67	1228,78
816,84	1118,19
817,02	1206,25
817,19	1153,01
817,36	1136,62
817,53	1144,81
817,71	1187,82
817,88	1161,20
818,05	1216,49
818,22	1200,11
818,40	1204,21
818,57	1198,06
818,74	1157,10
818,91	1173,49
819,09	1261,55
819,26	1196,01
819,43	1189,87
819,60	1183,73
819,78	1259,50
819,95	1181,68
820,12	1144,81
820,29	1191,92
820,47	1234,93
820,64	1189,87
820,81	1083,38
820,98	1169,39
821,15	1204,21
821,33	1183,73
821,50	1286,12
821,67	1208,30
821,84	1189,87
822,02	1308,65
822,19	1214,45
822,36	1265,64
822,53	1161,20
822,70	1167,34
822,88	1220,59
823,05	1212,40
823,22	1187,82
823,39	1114,10
823,56	1222,64
823,74	1181,68
823,91	1175,53
824,08	1212,40
824,25	1179,63
824,42	1165,29
824,60	1187,82
824,77	1187,82
824,94	1198,06
825,11	1175,53
825,28	1200,11
825,45	1196,01
825,63	1169,39
825,80	1189,87
825,97	1185,77
826,14	1159,15
826,31	1210,35
826,48	1181,68
826,66	1142,77
826,83	1228,78
827,00	1222,64
827,17	1185,77
827,34	1157,10
827,51	1181,68
827,69	1210,35
827,86	1185,77
828,03	1200,11
828,20	1228,78
828,37	1163,25
828,54	1202,16
828,71	1099,76
828,89	1183,73
829,06	1187,82
829,23	1189,87
829,40	1204,21
829,57	1206,25
829,74	1165,29
829,91	1228,78
830,09	1167,34
830,26	1191,92
830,43	1171,44
830,60	1191,92
830,77	1214,45
830,94	1163,25
831,11	1243,12
831,28	1175,53
831,46	1191,92
831,63	1181,68
831,80	1239,02
831,97	1187,82
832,14	1173,49
832,31	1208,30
832,48	1222,64
832,65	1128,43
832,82	1241,07
832,99	1130,48
833,17	1128,43
833,34	1214,45
833,51	1210,35
833,68	1204,21
833,85	1228,78
834,02	1159,15
834,19	1187,82
834,36	1200,11
834,53	1234,93
834,70	1171,44
834,87	1175,53
835,04	1191,92
835,22	1232,88
835,39	1175,53
835,56	1251,31
835,73	1200,11
835,90	1134,57
836,07	1179,63
836,24	1214,45
836,41	1191,92
836,58	1224,69
836,75	1222,64
836,92	1228,78
837,09	1153,01
837,26	1189,87
837,43	1112,05
837,60	1206,25
837,77	1249,26
837,94	1271,79
838,12	1216,49
838,29	1171,44
838,46	1189,87
838,63	1167,34
838,80	1243,12
838,97	1122,29
839,14	1114,10
839,31	1249,26
839,48	1181,68
839,65	1175,53
839,82	1263,60
839,99	1171,44
840,16	1214,45
840,33	1257,45
840,50	1189,87
840,67	1179,63
840,84	1169,39
841,01	1169,39
841,18	1189,87
841,35	1187,82
841,52	1228,78
841,69	1187,82
841,86	1228,78
842,03	1126,38
842,20	1122,29
842,37	1179,63
842,54	1222,64
842,71	1204,21
842,88	1167,34
843,05	1224,69
843,22	1159,15
843,39	1222,64
843,56	1204,21
843,73	1189,87
843,90	1234,93
844,07	1122,29
844,24	1204,21
844,41	1202,16
844,58	1167,34
844,75	1179,63
844,92	1222,64
845,09	1224,69
845,26	1220,59
845,43	1200,11
845,60	1216,49
845,77	1183,73
845,94	1220,59
846,10	1200,11
846,27	1208,30
846,44	1232,88
846,61	1191,92
846,78	1157,10
846,95	1159,15
847,12	1169,39
847,29	1185,77
847,46	1198,06
847,63	1241,07
847,80	1167,34
847,97	1249,26
848,14	1204,21
848,31	1241,07
848,48	1198,06
848,65	1187,82
848,82	1243,12
848,98	1236,97
849,15	1200,11
849,32	1230,83
849,49	1187,82
849,66	1200,11
849,83	1161,20
850,00	1200,11
850,17	1191,92
850,34	1198,06
850,51	1236,97
850,68	1208,30
850,85	1239,02
851,01	1185,77
851,18	1206,25
851,35	1132,53
851,52	1159,15
851,69	1175,53
851,86	1187,82
852,03	1273,84
852,20	1239,02
852,37	1185,77
852,53	1257,45
852,70	1189,87
852,87	1134,57
853,04	1208,30
853,21	1179,63
853,38	1187,82
853,55	1134,57
853,72	1230,83
853,89	1163,25
854,05	1214,45
854,22	1167,34
854,39	1216,49
854,56	1169,39
854,73	1155,05
854,90	1214,45
855,07	1210,35
855,23	1140,72
855,40	1214,45
855,57	1198,06
855,74	1214,45
855,91	1202,16
856,08	1142,77
856,25	1220,59
856,41	1210,35
856,58	1191,92
856,75	1173,49
856,92	1230,83
857,09	1220,59
857,26	1210,35
857,42	1249,26
857,59	1122,29
857,76	1157,10
857,93	1124,33
858,10	1181,68
858,27	1187,82
858,43	1282,03
858,60	1185,77
858,77	1222,64
858,94	1169,39
859,11	1163,25
859,27	1183,73
859,44	1161,20
859,61	1193,97
859,78	1202,16
859,95	1208,30
860,12	1175,53
860,28	1130,48
860,45	1198,06
860,62	1204,21
860,79	1191,92
860,95	1185,77
861,12	1161,20
861,29	1191,92
861,46	1253,36
861,63	1183,73
861,79	1228,78
861,96	1191,92
862,13	1175,53
862,30	1214,45
862,47	1171,44
862,63	1245,16
862,80	1253,36
862,97	1230,83
863,14	1206,25
863,30	1179,63
863,47	1185,77
863,64	1171,44
863,81	1189,87
863,97	1163,25
864,14	1198,06
864,31	1212,40
864,48	1253,36
864,65	1159,15
864,81	1271,79
864,98	1202,16
865,15	1224,69
865,32	1124,33
865,48	1228,78
865,65	1191,92
865,82	1173,49
865,98	1208,30
866,15	1185,77
866,32	1183,73
866,49	1255,40
866,65	1196,01
866,82	1126,38
866,99	1185,77
867,16	1157,10
867,32	1126,38
867,49	1171,44
867,66	1204,21
867,83	1200,11
867,99	1198,06
868,16	1212,40
868,33	1179,63
868,49	1218,54
868,66	1140,72
868,83	1243,12
868,99	1183,73
869,16	1216,49
869,33	1204,21
869,50	1220,59
869,66	1153,01
869,83	1112,05
870,00	1183,73
870,16	1236,97
870,33	1173,49
870,50	1253,36
870,66	1191,92
870,83	1189,87
871,00	1200,11
871,17	1210,35
871,33	1177,58
871,50	1175,53
871,67	1181,68
871,83	1179,63
872,00	1228,78
872,17	1228,78
872,33	1173,49
872,50	1214,45
872,67	1218,54
872,83	1224,69
873,00	1267,69
873,17	1173,49
873,33	1202,16
873,50	1239,02
873,67	1122,29
873,83	1247,21
874,00	1120,24
874,16	1228,78
874,33	1210,35
874,50	1247,21
874,66	1249,26
874,83	1179,63
875,00	1191,92
875,16	1226,73
875,33	1236,97
875,50	1191,92
875,66	1267,69
875,83	1140,72
875,99	1191,92
876,16	1216,49
876,33	1159,15
876,49	1210,35
876,66	1183,73
876,83	1159,15
876,99	1175,53
877,16	1245,16
877,32	1130,48
877,49	1202,16
877,66	1214,45
877,82	1150,96
877,99	1150,96
878,15	1239,02
878,32	1183,73
878,49	1134,57
878,65	1206,25
878,82	1208,30
878,98	1189,87
879,15	1126,38
879,32	1159,15
879,48	1181,68
879,65	1187,82
879,81	1212,40
879,98	1218,54
880,15	1212,40
880,31	1159,15
880,48	1185,77
880,64	1251,31
880,81	1181,68
880,97	1179,63
881,14	1200,11
881,31	1224,69
881,47	1236,97
881,64	1228,78
881,80	1292,27
881,97	1179,63
882,13	1179,63
882,30	1179,63
882,47	1202,16
882,63	1196,01
882,80	1218,54
882,96	1263,60
883,13	1187,82
883,29	1249,26
883,46	1218,54
883,62	1214,45
883,79	1171,44
883,95	1191,92
884,12	1265,64
884,29	1239,02
884,45	1142,77
884,62	1099,76
884,78	1224,69
884,95	1175,53
885,11	1181,68
885,28	1232,88
885,44	1181,68
885,61	1200,11
885,77	1183,73
885,94	1204,21
886,10	1204,21
886,27	1198,06
886,43	1181,68
886,60	1226,73
886,76	1183,73
886,93	1187,82
887,09	1224,69
887,26	1144,81
887,42	1314,80
887,59	1144,81
887,75	1187,82
887,92	1265,64
888,08	1146,86
888,25	1140,72
888,41	1253,36
888,58	1241,07
888,74	1228,78
888,91	1150,96
