177,47	1177,58
177,69	1177,58
177,91	1177,58
178,13	1155,05
178,36	1191,92
178,58	1284,08
178,80	1165,29
179,02	1193,97
179,24	1220,59
179,46	1214,45
179,68	1214,45
179,90	1198,06
180,13	1130,48
180,35	1241,07
180,57	1157,10
180,79	1222,64
181,01	1171,44
181,23	1171,44
181,45	1210,35
181,67	1153,01
181,90	1196,01
182,12	1234,93
182,34	1265,64
182,56	1198,06
182,78	1185,77
183,00	1138,67
183,22	1179,63
183,44	1212,40
183,66	1282,03
183,89	1165,29
184,11	1179,63
184,33	1249,26
184,55	1267,69
184,77	1181,68
184,99	1214,45
185,21	1183,73
185,43	1112,05
185,65	1144,81
185,87	1222,64
186,10	1218,54
186,32	1259,50
186,54	1187,82
186,76	1171,44
186,98	1167,34
187,20	1191,92
187,42	1216,49
187,64	1224,69
187,86	1230,83
188,08	1224,69
188,30	1165,29
188,52	1157,10
188,75	1193,97
188,97	1224,69
189,19	1216,49
189,41	1232,88
189,63	1148,91
189,85	1161,20
190,07	1175,53
190,29	1138,67
190,51	1144,81
190,73	1241,07
190,95	1179,63
191,17	1183,73
191,39	1245,16
191,61	1157,10
191,84	1222,64
192,06	1193,97
192,28	1206,25
192,50	1171,44
192,72	1132,53
192,94	1134,57
193,16	1210,35
193,38	1169,39
193,60	1181,68
193,82	1132,53
194,04	1183,73
194,26	1167,34
194,48	1200,11
194,70	1216,49
194,92	1200,11
195,14	1101,81
195,36	1179,63
195,58	1206,25
195,80	1198,06
196,02	1241,07
196,24	1144,81
196,46	1196,01
196,69	1206,25
196,91	1241,07
197,13	1177,58
197,35	1196,01
197,57	1200,11
197,79	1112,05
198,01	1220,59
198,23	1171,44
198,45	1167,34
198,67	1181,68
198,89	1220,59
199,11	1183,73
199,33	1179,63
199,55	1232,88
199,77	1171,44
199,99	1144,81
200,21	1159,15
200,43	1216,49
200,65	1177,58
200,87	1224,69
201,09	1157,10
201,31	1126,38
201,53	1163,25
201,75	1206,25
201,97	1232,88
202,19	1232,88
202,41	1249,26
202,63	1146,86
202,85	1155,05
203,07	1222,64
203,29	1200,11
203,51	1171,44
203,73	1150,96
203,95	1185,77
204,17	1247,21
204,39	1222,64
204,61	1208,30
204,83	1204,21
205,05	1132,53
205,27	1210,35
205,49	1193,97
205,71	1177,58
205,93	1216,49
206,15	1167,34
206,37	1214,45
206,59	1218,54
206,81	1116,14
207,03	1198,06
207,25	1261,55
207,47	1212,40
207,69	1159,15
207,91	1191,92
208,13	1187,82
208,34	1185,77
208,56	1228,78
208,78	1185,77
209,00	1148,91
209,22	1228,78
209,44	1155,05
209,66	1157,10
209,88	1220,59
210,10	1144,81
210,32	1144,81
210,54	1150,96
210,76	1165,29
210,98	1179,63
211,20	1142,77
211,42	1175,53
211,64	1120,24
211,86	1263,60
212,08	1150,96
212,30	1208,30
212,52	1157,10
212,74	1179,63
212,96	1099,76
213,17	1220,59
213,39	1265,64
213,61	1140,72
213,83	1212,40
214,05	1150,96
214,27	1236,97
214,49	1200,11
214,71	1191,92
214,93	1212,40
215,15	1146,86
215,37	1279,98
215,59	1245,16
215,81	1130,48
216,03	1187,82
216,24	1189,87
216,46	1202,16
216,68	1189,87
216,90	1124,33
217,12	1183,73
217,34	1220,59
217,56	1175,53
217,78	1249,26
218,00	1155,05
218,22	1200,11
218,44	1200,11
218,66	1185,77
218,87	1224,69
219,09	1210,35
219,31	1204,21
219,53	1222,64
219,75	1185,77
219,97	1202,16
220,19	1232,88
220,41	1202,16
220,63	1224,69
220,85	1183,73
221,06	1228,78
221,28	1210,35
221,50	1163,25
221,72	1187,82
221,94	1171,44
222,16	1105,90
222,38	1191,92
222,60	1208,30
222,82	1232,88
223,03	1159,15
223,25	1150,96
223,47	1245,16
223,69	1189,87
223,91	1212,40
224,13	1212,40
224,35	1214,45
224,57	1212,40
224,78	1146,86
225,00	1187,82
225,22	1146,86
225,44	1148,91
225,66	1236,97
225,88	1275,88
226,10	1185,77
226,32	1255,40
226,53	1198,06
226,75	1155,05
226,97	1114,10
227,19	1138,67
227,41	1210,35
227,63	1220,59
227,85	1200,11
228,06	1310,70
228,28	1155,05
228,50	1126,38
228,72	1181,68
228,94	1167,34
229,16	1163,25
229,37	1208,30
229,59	1230,83
229,81	1232,88
230,03	1288,17
230,25	1175,53
230,47	1241,07
230,69	1257,45
230,90	1193,97
231,12	1239,02
231,34	1181,68
231,56	1181,68
231,78	1191,92
232,00	1220,59
232,21	1155,05
232,43	1214,45
232,65	1216,49
232,87	1191,92
233,09	1163,25
233,30	1218,54
233,52	1116,14
233,74	1232,88
233,96	1165,29
234,18	1216,49
234,40	1142,77
234,61	1191,92
234,83	1138,67
235,05	1110,00
235,27	1210,35
235,49	1202,16
235,70	1169,39
235,92	1167,34
236,14	1132,53
236,36	1183,73
236,58	1193,97
236,79	1210,35
237,01	1138,67
237,23	1212,40
237,45	1196,01
237,67	1185,77
237,88	1204,21
238,10	1261,55
238,32	1241,07
238,54	1150,96
238,76	1187,82
238,97	1163,25
239,19	1230,83
239,41	1175,53
239,63	1153,01
239,85	1167,34
240,06	1206,25
240,28	1183,73
240,50	1216,49
240,72	1214,45
240,93	1128,43
241,15	1148,91
241,37	1191,92
241,59	1226,73
241,81	1163,25
242,02	1163,25
242,24	1153,01
242,46	1216,49
242,68	1214,45
242,89	1191,92
243,11	1157,10
243,33	1220,59
243,55	1212,40
243,76	1157,10
243,98	1208,30
244,20	1259,50
244,42	1167,34
244,64	1251,31
244,85	1202,16
245,07	1193,97
245,29	1212,40
245,51	1157,10
245,72	1255,40
245,94	1226,73
246,16	1228,78
246,38	1198,06
246,59	1187,82
246,81	1247,21
247,03	1206,25
247,24	1118,19
247,46	1245,16
247,68	1146,86
247,90	1134,57
248,11	1181,68
248,33	1200,11
248,55	1200,11
248,77	1177,58
248,98	1224,69
249,20	1222,64
249,42	1175,53
249,64	1155,05
249,85	1224,69
250,07	1206,25
250,29	1183,73
250,50	1193,97
250,72	1214,45
250,94	1144,81
251,16	1214,45
251,37	1185,77
251,59	1183,73
251,81	1224,69
252,02	1136,62
252,24	1247,21
252,46	1175,53
252,68	1187,82
252,89	1224,69
253,11	1183,73
253,33	1150,96
253,54	1161,20
253,76	1208,30
253,98	1241,07
254,20	1179,63
254,41	1165,29
254,63	1146,86
254,85	1218,54
255,06	1153,01
255,28	1210,35
255,50	1247,21
255,71	1110,00
255,93	1189,87
256,15	1243,12
256,36	1187,82
256,58	1243,12
256,80	1214,45
257,02	1236,97
257,23	1175,53
257,45	1099,76
257,67	1257,45
257,88	1191,92
258,10	1187,82
258,32	1163,25
258,53	1230,83
258,75	1236,97
258,97	1153,01
259,18	1171,44
259,40	1212,40
259,62	1171,44
259,83	1189,87
260,05	1191,92
260,27	1224,69
260,48	1155,05
260,70	1232,88
260,92	1173,49
261,13	1155,05
261,35	1198,06
261,57	1196,01
261,78	1282,03
262,00	1183,73
262,22	1220,59
262,43	1224,69
262,65	1173,49
262,86	1193,97
263,08	1204,21
263,30	1198,06
263,51	1124,33
263,73	1136,62
263,95	1175,53
264,16	1189,87
264,38	1138,67
264,60	1130,48
264,81	1167,34
265,03	1187,82
265,25	1128,43
265,46	1241,07
265,68	1249,26
265,89	1204,21
266,11	1153,01
266,33	1189,87
266,54	1204,21
266,76	1200,11
266,98	1167,34
267,19	1173,49
267,41	1126,38
267,62	1212,40
267,84	1230,83
268,06	1210,35
268,27	1138,67
268,49	1161,20
268,70	1122,29
268,92	1208,30
269,14	1140,72
269,35	1245,16
269,57	1122,29
269,79	1259,50
270,00	1198,06
270,22	1159,15
270,43	1216,49
270,65	1138,67
270,87	1226,73
271,08	1222,64
271,30	1171,44
271,51	1175,53
271,73	1214,45
271,95	1202,16
272,16	1214,45
272,38	1173,49
272,59	1226,73
272,81	1200,11
273,02	1187,82
273,24	1183,73
273,46	1236,97
273,67	1189,87
273,89	1196,01
274,10	1191,92
274,32	1257,45
274,54	1200,11
274,75	1132,53
274,97	1220,59
275,18	1222,64
275,40	1204,21
275,61	1196,01
275,83	1216,49
276,05	1245,16
276,26	1183,73
276,48	1183,73
276,69	1220,59
276,91	1128,43
277,12	1148,91
277,34	1204,21
277,55	1173,49
277,77	1153,01
277,99	1150,96
278,20	1257,45
278,42	1189,87
278,63	1191,92
278,85	1259,50
279,06	1212,40
279,28	1112,05
279,49	1157,10
279,71	1214,45
279,93	1226,73
280,14	1243,12
280,36	1181,68
280,57	1243,12
280,79	1249,26
281,00	1175,53
281,22	1124,33
281,43	1210,35
281,65	1216,49
281,86	1204,21
282,08	1224,69
282,29	1120,24
282,51	1150,96
282,73	1214,45
282,94	1206,25
283,16	1228,78
283,37	1193,97
283,59	1183,73
283,80	1247,21
284,02	1200,11
284,23	1189,87
284,45	1247,21
284,66	1198,06
284,88	1234,93
285,09	1212,40
285,31	1157,10
285,52	1161,20
285,74	1216,49
285,95	1200,11
286,17	1208,30
286,38	1159,15
286,60	1181,68
286,81	1144,81
287,03	1189,87
287,24	1255,40
287,46	1239,02
287,67	1288,17
287,89	1189,87
288,10	1148,91
288,32	1222,64
288,53	1177,58
288,75	1247,21
288,96	1169,39
289,18	1167,34
289,39	1204,21
289,61	1267,69
289,82	1132,53
290,04	1232,88
290,25	1200,11
290,47	1159,15
290,68	1157,10
290,90	1200,11
291,11	1191,92
291,33	1255,40
291,54	1138,67
291,76	1183,73
291,97	1128,43
292,18	1206,25
292,40	1163,25
292,61	1208,30
292,83	1159,15
293,04	1175,53
293,26	1189,87
293,47	1230,83
293,69	1171,44
293,90	1124,33
294,12	1116,14
294,33	1224,69
294,55	1171,44
294,76	1146,86
294,97	1222,64
295,19	1218,54
295,40	1150,96
295,62	1196,01
295,83	1167,34
296,05	1193,97
296,26	1161,20
296,48	1191,92
296,69	1204,21
296,90	1114,10
297,12	1144,81
297,33	1206,25
297,55	1204,21
297,76	1167,34
297,98	1175,53
298,19	1196,01
298,41	1200,11
298,62	1181,68
298,83	1171,44
299,05	1216,49
299,26	1263,60
299,48	1247,21
299,69	1220,59
299,90	1175,53
300,12	1144,81
300,33	1196,01
300,55	1120,24
300,76	1249,26
300,98	1073,14
301,19	1130,48
301,40	1191,92
301,62	1212,40
301,83	1157,10
302,05	1259,50
302,26	1212,40
302,47	1226,73
302,69	1150,96
302,90	1216,49
303,12	1220,59
303,33	1187,82
303,54	1173,49
303,76	1169,39
303,97	1171,44
304,19	1241,07
304,40	1175,53
304,61	1181,68
304,83	1267,69
305,04	1251,31
305,26	1245,16
305,47	1202,16
305,68	1310,70
305,90	1171,44
306,11	1191,92
306,33	1228,78
306,54	1226,73
306,75	1167,34
306,97	1224,69
307,18	1220,59
307,39	1228,78
307,61	1189,87
307,82	1267,69
308,04	1208,30
308,25	1183,73
308,46	1243,12
308,68	1173,49
308,89	1200,11
309,10	1097,71
309,32	1206,25
309,53	1171,44
309,74	1200,11
309,96	1130,48
310,17	1212,40
310,39	1189,87
310,60	1163,25
310,81	1261,55
311,03	1300,46
311,24	1216,49
311,45	1279,98
311,67	1157,10
311,88	1196,01
312,09	1153,01
312,31	1107,95
312,52	1214,45
312,73	1234,93
312,95	1191,92
313,16	1181,68
313,37	1265,64
313,59	1232,88
313,80	1189,87
314,01	1212,40
314,23	1206,25
314,44	1179,63
314,65	1183,73
314,87	1282,03
315,08	1204,21
315,29	1144,81
315,51	1228,78
315,72	1208,30
315,93	1134,57
316,15	1208,30
316,36	1200,11
316,57	1243,12
316,79	1247,21
317,00	1183,73
317,21	1181,68
317,43	1224,69
317,64	1234,93
317,85	1132,53
318,07	1187,82
318,28	1146,86
318,49	1200,11
318,70	1200,11
318,92	1130,48
319,13	1206,25
319,34	1222,64
319,56	1167,34
319,77	1204,21
319,98	1239,02
320,20	1185,77
320,41	1189,87
320,62	1218,54
320,83	1179,63
321,05	1230,83
321,26	1216,49
321,47	1179,63
321,69	1239,02
321,90	1134,57
322,11	1243,12
322,32	1228,78
322,54	1214,45
322,75	1157,10
322,96	1216,49
323,18	1179,63
323,39	1187,82
323,60	1159,15
323,81	1155,05
324,03	1198,06
324,24	1198,06
324,45	1245,16
324,66	1230,83
324,88	1179,63
325,09	1273,84
325,30	1183,73
325,52	1216,49
325,73	1228,78
325,94	1167,34
326,15	1191,92
326,37	1218,54
326,58	1208,30
326,79	1232,88
327,00	1200,11
327,22	1167,34
327,43	1222,64
327,64	1196,01
327,85	1253,36
328,07	1198,06
328,28	1212,40
328,49	1216,49
328,70	1251,31
328,92	1189,87
329,13	1202,16
329,34	1175,53
329,55	1159,15
329,76	1220,59
329,98	1126,38
330,19	1179,63
330,40	1126,38
330,61	1214,45
330,83	1204,21
331,04	1157,10
331,25	1218,54
331,46	1232,88
331,68	1146,86
331,89	1214,45
332,10	1208,30
332,31	1230,83
332,52	1134,57
332,74	1132,53
332,95	1249,26
333,16	1179,63
333,37	1267,69
333,58	1220,59
333,80	1140,72
334,01	1134,57
334,22	1118,19
334,43	1191,92
334,64	1198,06
334,86	1193,97
335,07	1193,97
335,28	1212,40
335,49	1153,01
335,70	1179,63
335,92	1226,73
336,13	1218,54
336,34	1189,87
336,55	1181,68
336,76	1185,77
336,98	1222,64
337,19	1185,77
337,40	1290,22
337,61	1155,05
337,82	1218,54
338,04	1130,48
338,25	1259,50
338,46	1165,29
338,67	1191,92
338,88	1130,48
339,09	1220,59
339,31	1200,11
339,52	1169,39
339,73	1210,35
339,94	1234,93
340,15	1179,63
340,36	1212,40
340,58	1187,82
340,79	1185,77
341,00	1161,20
341,21	1153,01
341,42	1214,45
341,63	1216,49
341,85	1163,25
342,06	1159,15
342,27	1146,86
342,48	1163,25
342,69	1173,49
342,90	1196,01
343,12	1232,88
343,33	1198,06
343,54	1198,06
343,75	1175,53
343,96	1142,77
344,17	1167,34
344,38	1198,06
344,60	1241,07
344,81	1210,35
345,02	1206,25
345,23	1148,91
345,44	1185,77
345,65	1189,87
345,86	1220,59
346,07	1204,21
346,29	1150,96
346,50	1134,57
346,71	1273,84
346,92	1153,01
347,13	1212,40
347,34	1204,21
347,55	1245,16
347,76	1273,84
347,98	1148,91
348,19	1159,15
348,40	1177,58
348,61	1251,31
348,82	1230,83
349,03	1107,95
349,24	1187,82
349,45	1181,68
349,66	1196,01
349,88	1185,77
350,09	1167,34
350,30	1173,49
350,51	1157,10
350,72	1153,01
350,93	1140,72
351,14	1232,88
351,35	1150,96
351,56	1165,29
351,77	1200,11
351,99	1247,21
352,20	1140,72
352,41	1212,40
352,62	1228,78
352,83	1200,11
353,04	1191,92
353,25	1208,30
353,46	1236,97
353,67	1155,05
353,88	1191,92
354,09	1212,40
354,30	1265,64
354,52	1173,49
354,73	1230,83
354,94	1181,68
355,15	1206,25
355,36	1191,92
355,57	1216,49
355,78	1196,01
355,99	1167,34
356,20	1173,49
356,41	1232,88
356,62	1103,86
356,83	1224,69
357,04	1212,40
357,25	1206,25
357,46	1226,73
357,68	1189,87
357,89	1204,21
358,10	1175,53
358,31	1196,01
358,52	1191,92
358,73	1212,40
358,94	1202,16
359,15	1185,77
359,36	1107,95
359,57	1179,63
359,78	1161,20
359,99	1159,15
360,20	1161,20
360,41	1165,29
360,62	1216,49
360,83	1179,63
361,04	1249,26
361,25	1200,11
361,46	1183,73
361,67	1216,49
361,88	1228,78
362,09	1179,63
362,30	1179,63
362,51	1181,68
362,72	1191,92
362,93	1146,86
363,14	1183,73
363,35	1257,45
363,56	1181,68
363,78	1234,93
363,99	1214,45
364,20	1228,78
364,41	1222,64
364,62	1163,25
364,83	1226,73
365,04	1173,49
365,25	1204,21
365,46	1122,29
365,67	1179,63
365,88	1163,25
366,09	1183,73
366,30	1150,96
366,51	1224,69
366,72	1224,69
366,93	1249,26
367,14	1208,30
367,35	1148,91
367,56	1193,97
367,77	1208,30
367,98	1153,01
368,18	1232,88
368,39	1212,40
368,60	1130,48
368,81	1163,25
369,02	1234,93
369,23	1239,02
369,44	1220,59
369,65	1220,59
369,86	1171,44
370,07	1157,10
370,28	1181,68
370,49	1181,68
370,70	1191,92
370,91	1265,64
371,12	1216,49
371,33	1153,01
371,54	1204,21
371,75	1234,93
371,96	1099,76
372,17	1179,63
372,38	1110,00
372,59	1191,92
372,80	1132,53
373,01	1105,90
373,22	1144,81
373,43	1198,06
373,64	1187,82
373,85	1206,25
374,06	1243,12
374,26	1226,73
374,47	1249,26
374,68	1138,67
374,89	1214,45
375,10	1251,31
375,31	1200,11
375,52	1148,91
375,73	1249,26
375,94	1206,25
376,15	1241,07
376,36	1167,34
376,57	1191,92
376,78	1218,54
376,99	1181,68
377,20	1179,63
377,40	1257,45
377,61	1193,97
377,82	1142,77
378,03	1187,82
378,24	1173,49
378,45	1210,35
378,66	1206,25
378,87	1163,25
379,08	1136,62
379,29	1198,06
379,50	1161,20
379,71	1175,53
379,91	1267,69
380,12	1228,78
380,33	1165,29
380,54	1175,53
380,75	1239,02
380,96	1204,21
381,17	1167,34
381,38	1255,40
381,59	1148,91
381,80	1150,96
382,00	1130,48
382,21	1167,34
382,42	1124,33
382,63	1200,11
382,84	1263,60
383,05	1157,10
383,26	1134,57
383,47	1138,67
383,68	1263,60
383,88	1183,73
384,09	1245,16
384,30	1226,73
384,51	1175,53
384,72	1163,25
384,93	1189,87
385,14	1142,77
385,35	1214,45
385,55	1212,40
385,76	1198,06
385,97	1198,06
386,18	1140,72
386,39	1134,57
386,60	1144,81
386,81	1196,01
387,02	1279,98
387,22	1163,25
387,43	1103,86
387,64	1243,12
387,85	1191,92
388,06	1251,31
388,27	1185,77
388,48	1116,14
388,68	1163,25
388,89	1232,88
389,10	1275,88
389,31	1183,73
389,52	1214,45
389,73	1196,01
389,93	1196,01
390,14	1163,25
390,35	1179,63
390,56	1226,73
390,77	1163,25
390,98	1146,86
391,18	1148,91
391,39	1167,34
391,60	1210,35
391,81	1179,63
392,02	1177,58
392,23	1224,69
392,43	1255,40
392,64	1191,92
392,85	1187,82
393,06	1206,25
393,27	1218,54
393,47	1189,87
393,68	1126,38
393,89	1239,02
394,10	1288,17
394,31	1226,73
394,52	1175,53
394,72	1171,44
394,93	1224,69
395,14	1261,55
395,35	1198,06
395,56	1196,01
395,76	1114,10
395,97	1169,39
396,18	1232,88
396,39	1216,49
396,60	1202,16
396,80	1218,54
397,01	1167,34
397,22	1161,20
397,43	1253,36
397,64	1159,15
397,84	1232,88
398,05	1255,40
398,26	1153,01
398,47	1138,67
398,67	1196,01
398,88	1222,64
399,09	1175,53
399,30	1196,01
399,51	1216,49
399,71	1167,34
399,92	1191,92
400,13	1183,73
400,34	1200,11
400,54	1224,69
400,75	1224,69
400,96	1173,49
401,17	1249,26
401,37	1163,25
401,58	1216,49
401,79	1191,92
402,00	1200,11
402,21	1163,25
402,41	1122,29
402,62	1232,88
402,83	1193,97
403,04	1128,43
403,24	1167,34
403,45	1173,49
403,66	1294,32
403,87	1181,68
404,07	1257,45
404,28	1175,53
404,49	1230,83
404,70	1189,87
404,90	1230,83
405,11	1187,82
405,32	1224,69
405,52	1243,12
405,73	1249,26
405,94	1191,92
406,15	1198,06
406,35	1218,54
406,56	1255,40
406,77	1144,81
406,98	1185,77
407,18	1204,21
407,39	1181,68
407,60	1208,30
407,80	1232,88
408,01	1216,49
408,22	1220,59
408,43	1165,29
408,63	1181,68
408,84	1214,45
409,05	1167,34
409,25	1169,39
409,46	1183,73
409,67	1179,63
409,88	1200,11
410,08	1142,77
410,29	1218,54
410,50	1224,69
410,70	1191,92
410,91	1126,38
411,12	1191,92
411,32	1220,59
411,53	1167,34
411,74	1191,92
411,95	1187,82
412,15	1193,97
412,36	1247,21
412,57	1169,39
412,77	1228,78
412,98	1187,82
413,19	1132,53
413,39	1196,01
413,60	1189,87
413,81	1236,97
414,01	1163,25
414,22	1222,64
414,43	1200,11
414,63	1185,77
414,84	1261,55
415,05	1146,86
415,25	1173,49
415,46	1126,38
415,67	1183,73
415,87	1198,06
416,08	1148,91
416,29	1202,16
416,49	1214,45
416,70	1220,59
416,91	1105,90
417,11	1179,63
417,32	1214,45
417,53	1134,57
417,73	1189,87
417,94	1093,62
418,15	1263,60
418,35	1251,31
418,56	1091,57
418,77	1153,01
418,97	1130,48
419,18	1234,93
419,38	1150,96
419,59	1134,57
419,80	1124,33
420,00	1140,72
420,21	1232,88
420,42	1118,19
420,62	1132,53
420,83	1128,43
421,04	1126,38
421,24	1136,62
421,45	1208,30
421,65	1179,63
421,86	1204,21
422,07	1167,34
422,27	1148,91
422,48	1142,77
422,69	1216,49
422,89	1210,35
423,10	1251,31
423,30	1153,01
423,51	1150,96
423,72	1185,77
423,92	1290,22
424,13	1150,96
424,33	1263,60
424,54	1277,93
424,75	1185,77
424,95	1265,64
425,16	1259,50
425,36	1206,25
425,57	1130,48
425,78	1146,86
425,98	1177,58
426,19	1212,40
426,39	1165,29
426,60	1183,73
426,81	1269,74
427,01	1189,87
427,22	1208,30
427,42	1173,49
427,63	1200,11
427,83	1261,55
428,04	1179,63
428,25	1189,87
428,45	1120,24
428,66	1112,05
428,86	1198,06
429,07	1116,14
429,28	1189,87
429,48	1218,54
429,69	1232,88
429,89	1177,58
430,10	1165,29
430,30	1116,14
430,51	1181,68
430,71	1171,44
430,92	1191,92
431,13	1155,05
431,33	1241,07
431,54	1232,88
431,74	1214,45
431,95	1187,82
432,15	1181,68
432,36	1177,58
432,56	1222,64
432,77	1198,06
432,98	1224,69
433,18	1146,86
433,39	1153,01
433,59	1167,34
433,80	1163,25
434,00	1179,63
434,21	1216,49
434,41	1239,02
434,62	1132,53
434,82	1167,34
435,03	1177,58
435,23	1214,45
435,44	1163,25
435,64	1234,93
435,85	1191,92
436,06	1187,82
436,26	1234,93
436,47	1159,15
436,67	1144,81
436,88	1191,92
437,08	1146,86
437,29	1185,77
437,49	1179,63
437,70	1179,63
437,90	1134,57
438,11	1212,40
438,31	1204,21
438,52	1222,64
438,72	1128,43
438,93	1230,83
439,13	1228,78
439,34	1196,01
439,54	1136,62
439,75	1191,92
439,95	1257,45
440,16	1107,95
440,36	1193,97
440,57	1157,10
440,77	1216,49
440,98	1196,01
441,18	1161,20
441,39	1241,07
441,59	1167,34
441,80	1232,88
442,00	1226,73
442,21	1183,73
442,41	1200,11
442,62	1183,73
442,82	1138,67
443,02	1232,88
443,23	1247,21
443,43	1177,58
443,64	1208,30
443,84	1196,01
444,05	1222,64
444,25	1198,06
444,46	1189,87
444,66	1134,57
444,87	1169,39
445,07	1212,40
445,28	1206,25
445,48	1255,40
445,69	1181,68
445,89	1150,96
446,09	1196,01
446,30	1198,06
446,50	1259,50
446,71	1210,35
446,91	1282,03
447,12	1208,30
447,32	1150,96
447,53	1177,58
447,73	1155,05
447,93	1173,49
448,14	1175,53
448,34	1163,25
448,55	1148,91
448,75	1224,69
448,96	1212,40
449,16	1155,05
449,36	1206,25
449,57	1157,10
449,77	1196,01
449,98	1169,39
450,18	1269,74
450,39	1079,28
450,59	1173,49
450,79	1193,97
451,00	1208,30
451,20	1249,26
451,41	1189,87
451,61	1191,92
451,81	1144,81
452,02	1263,60
452,22	1216,49
452,43	1187,82
452,63	1177,58
452,84	1220,59
453,04	1167,34
453,24	1196,01
453,45	1275,88
453,65	1093,62
453,86	1193,97
454,06	1157,10
454,26	1179,63
454,47	1189,87
454,67	1232,88
454,87	1163,25
455,08	1288,17
455,28	1206,25
455,49	1253,36
455,69	1226,73
455,89	1136,62
456,10	1177,58
456,30	1206,25
456,51	1189,87
456,71	1179,63
456,91	1220,59
457,12	1200,11
457,32	1148,91
457,52	1243,12
457,73	1183,73
457,93	1167,34
458,14	1206,25
458,34	1173,49
458,54	1257,45
458,75	1249,26
458,95	1191,92
459,15	1224,69
459,36	1142,77
459,56	1177,58
459,76	1159,15
459,97	1214,45
460,17	1249,26
460,37	1177,58
460,58	1142,77
460,78	1202,16
460,99	1175,53
461,19	1169,39
461,39	1163,25
461,60	1159,15
461,80	1224,69
462,00	1200,11
462,21	1226,73
462,41	1216,49
462,61	1216,49
462,82	1196,01
463,02	1159,15
463,22	1171,44
463,43	1159,15
463,63	1259,50
463,83	1210,35
464,04	1234,93
464,24	1118,19
464,44	1196,01
464,64	1189,87
464,85	1234,93
465,05	1179,63
465,25	1230,83
465,46	1200,11
465,66	1191,92
465,86	1138,67
466,07	1177,58
466,27	1134,57
466,47	1179,63
466,68	1155,05
466,88	1232,88
467,08	1177,58
467,29	1206,25
467,49	1175,53
467,69	1144,81
467,89	1224,69
468,10	1191,92
468,30	1249,26
468,50	1218,54
468,71	1163,25
468,91	1208,30
469,11	1146,86
469,31	1169,39
469,52	1130,48
469,72	1236,97
469,92	1236,97
470,13	1218,54
470,33	1177,58
470,53	1183,73
470,73	1146,86
470,94	1153,01
471,14	1191,92
471,34	1220,59
471,54	1191,92
471,75	1142,77
471,95	1202,16
472,15	1159,15
472,36	1185,77
472,56	1230,83
472,76	1091,57
472,96	1236,97
473,17	1257,45
473,37	1193,97
473,57	1146,86
473,77	1265,64
473,98	1179,63
474,18	1173,49
474,38	1214,45
474,58	1234,93
474,79	1107,95
474,99	1173,49
475,19	1216,49
475,39	1140,72
475,60	1175,53
475,80	1165,29
476,00	1124,33
476,20	1253,36
476,41	1234,93
476,61	1157,10
476,81	1206,25
477,01	1165,29
477,21	1183,73
477,42	1226,73
477,62	1267,69
477,82	1259,50
478,02	1167,34
478,23	1167,34
478,43	1206,25
478,63	1196,01
478,83	1191,92
479,03	1247,21
479,24	1171,44
479,44	1271,79
479,64	1140,72
479,84	1167,34
480,04	1099,76
480,25	1177,58
480,45	1212,40
480,65	1183,73
480,85	1189,87
481,06	1144,81
481,26	1157,10
481,46	1165,29
481,66	1232,88
481,86	1224,69
482,06	1171,44
482,27	1220,59
482,47	1148,91
482,67	1216,49
482,87	1212,40
483,07	1253,36
483,28	1161,20
483,48	1146,86
483,68	1202,16
483,88	1169,39
484,08	1196,01
484,29	1146,86
484,49	1148,91
484,69	1177,58
484,89	1183,73
485,09	1216,49
485,29	1150,96
485,50	1161,20
485,70	1200,11
485,90	1257,45
486,10	1118,19
486,30	1202,16
486,50	1173,49
486,71	1210,35
486,91	1146,86
487,11	1216,49
487,31	1173,49
487,51	1271,79
487,71	1220,59
487,91	1202,16
488,12	1224,69
488,32	1171,44
488,52	1247,21
488,72	1198,06
488,92	1150,96
489,12	1253,36
489,32	1230,83
489,53	1198,06
489,73	1249,26
489,93	1189,87
490,13	1216,49
490,33	1232,88
490,53	1155,05
490,73	1245,16
490,94	1157,10
491,14	1241,07
491,34	1179,63
491,54	1261,55
491,74	1218,54
491,94	1226,73
492,14	1196,01
492,34	1193,97
492,54	1253,36
492,75	1150,96
492,95	1212,40
493,15	1132,53
493,35	1267,69
493,55	1243,12
493,75	1239,02
493,95	1208,30
494,15	1204,21
494,35	1173,49
494,56	1144,81
494,76	1161,20
494,96	1208,30
495,16	1222,64
495,36	1171,44
495,56	1239,02
495,76	1200,11
495,96	1212,40
496,16	1220,59
496,36	1148,91
496,56	1114,10
496,77	1175,53
496,97	1200,11
497,17	1175,53
497,37	1185,77
497,57	1198,06
497,77	1150,96
497,97	1196,01
498,17	1175,53
498,37	1216,49
498,57	1167,34
498,77	1224,69
498,97	1202,16
499,17	1200,11
499,38	1193,97
499,58	1165,29
499,78	1245,16
499,98	1167,34
500,18	1159,15
500,38	1220,59
500,58	1101,81
500,78	1167,34
500,98	1224,69
501,18	1241,07
501,38	1204,21
501,58	1200,11
501,78	1208,30
501,98	1189,87
502,18	1257,45
502,38	1130,48
502,58	1126,38
502,78	1167,34
502,98	1187,82
503,18	1159,15
503,38	1202,16
503,59	1251,31
503,79	1226,73
503,99	1239,02
504,19	1210,35
504,39	1191,92
504,59	1179,63
504,79	1204,21
504,99	1107,95
505,19	1183,73
505,39	1126,38
505,59	1167,34
505,79	1132,53
505,99	1193,97
506,19	1204,21
506,39	1218,54
506,59	1136,62
506,79	1167,34
506,99	1206,25
507,19	1126,38
507,39	1253,36
507,59	1234,93
507,79	1196,01
507,99	1191,92
508,19	1189,87
508,39	1091,57
508,59	1234,93
508,79	1275,88
508,99	1200,11
509,19	1189,87
509,39	1234,93
509,59	1169,39
509,79	1196,01
509,99	1175,53
510,19	1175,53
510,39	1214,45
510,59	1167,34
510,79	1157,10
510,99	1189,87
511,19	1142,77
511,39	1179,63
511,59	1232,88
511,79	1142,77
511,99	1239,02
512,19	1185,77
512,38	1159,15
512,58	1153,01
512,78	1212,40
512,98	1157,10
513,18	1247,21
513,38	1181,68
513,58	1189,87
513,78	1167,34
513,98	1138,67
514,18	1212,40
514,38	1146,86
514,58	1181,68
514,78	1124,33
514,98	1157,10
515,18	1146,86
515,38	1171,44
515,58	1189,87
515,78	1177,58
515,98	1110,00
516,18	1202,16
516,38	1167,34
516,57	1089,52
516,77	1210,35
516,97	1204,21
517,17	1157,10
517,37	1189,87
517,57	1183,73
517,77	1230,83
517,97	1191,92
518,17	1155,05
518,37	1159,15
518,57	1169,39
518,77	1239,02
518,97	1163,25
519,16	1206,25
519,36	1161,20
519,56	1175,53
519,76	1185,77
519,96	1159,15
520,16	1165,29
520,36	1257,45
520,56	1101,81
520,76	1232,88
520,96	1181,68
521,16	1091,57
521,35	1234,93
521,55	1282,03
521,75	1130,48
521,95	1128,43
522,15	1288,17
522,35	1202,16
522,55	1249,26
522,75	1179,63
522,95	1187,82
523,14	1224,69
523,34	1198,06
523,54	1112,05
523,74	1181,68
523,94	1232,88
524,14	1114,10
524,34	1191,92
524,54	1165,29
524,73	1196,01
524,93	1232,88
525,13	1142,77
525,33	1179,63
525,53	1279,98
525,73	1175,53
525,93	1202,16
526,13	1179,63
526,32	1269,74
526,52	1200,11
526,72	1218,54
526,92	1177,58
527,12	1224,69
527,32	1193,97
527,52	1212,40
527,71	1163,25
527,91	1150,96
528,11	1114,10
528,31	1216,49
528,51	1179,63
528,71	1185,77
528,90	1241,07
529,10	1173,49
529,30	1234,93
529,50	1181,68
529,70	1208,30
529,90	1173,49
530,09	1165,29
530,29	1146,86
530,49	1226,73
530,69	1222,64
530,89	1200,11
531,09	1189,87
531,28	1220,59
531,48	1181,68
531,68	1228,78
531,88	1189,87
532,08	1179,63
532,28	1230,83
532,47	1236,97
532,67	1101,81
532,87	1196,01
533,07	1234,93
533,27	1224,69
533,46	1261,55
533,66	1155,05
533,86	1167,34
534,06	1200,11
534,26	1175,53
534,45	1204,21
534,65	1157,10
534,85	1110,00
535,05	1183,73
535,25	1173,49
535,44	1210,35
535,64	1126,38
535,84	1232,88
536,04	1187,82
536,24	1163,25
536,43	1171,44
536,63	1226,73
536,83	1118,19
537,03	1255,40
537,22	1181,68
537,42	1218,54
537,62	1181,68
537,82	1206,25
538,02	1157,10
538,21	1234,93
538,41	1200,11
538,61	1175,53
538,81	1220,59
539,00	1183,73
539,20	1181,68
539,40	1198,06
539,60	1171,44
539,79	1249,26
539,99	1187,82
540,19	1193,97
540,39	1202,16
540,58	1130,48
540,78	1243,12
540,98	1148,91
541,18	1200,11
541,37	1234,93
541,57	1208,30
541,77	1210,35
541,97	1204,21
542,16	1265,64
542,36	1144,81
542,56	1173,49
542,76	1322,99
542,95	1198,06
543,15	1245,16
543,35	1228,78
543,54	1208,30
543,74	1275,88
543,94	1165,29
544,14	1128,43
544,33	1206,25
544,53	1234,93
544,73	1191,92
544,93	1167,34
545,12	1173,49
545,32	1114,10
545,52	1169,39
545,71	1210,35
545,91	1216,49
546,11	1218,54
546,30	1175,53
546,50	1157,10
546,70	1214,45
546,90	1230,83
547,09	1200,11
547,29	1273,84
547,49	1177,58
547,68	1150,96
547,88	1210,35
548,08	1159,15
548,27	1269,74
548,47	1175,53
548,67	1165,29
548,87	1202,16
549,06	1255,40
549,26	1167,34
549,46	1179,63
549,65	1191,92
549,85	1167,34
550,05	1148,91
550,24	1216,49
550,44	1181,68
550,64	1228,78
550,83	1165,29
551,03	1173,49
551,23	1234,93
551,42	1210,35
551,62	1155,05
551,82	1118,19
552,01	1200,11
552,21	1212,40
552,41	1239,02
552,60	1204,21
552,80	1208,30
553,00	1251,31
553,19	1144,81
553,39	1206,25
553,59	1161,20
553,78	1226,73
553,98	1193,97
554,17	1155,05
554,37	1253,36
554,57	1146,86
554,76	1220,59
554,96	1228,78
555,16	1128,43
555,35	1210,35
555,55	1179,63
555,75	1185,77
555,94	1181,68
556,14	1173,49
556,33	1210,35
556,53	1128,43
556,73	1165,29
556,92	1185,77
557,12	1142,77
557,32	1282,03
557,51	1206,25
557,71	1175,53
557,90	1202,16
558,10	1222,64
558,30	1224,69
558,49	1161,20
558,69	1128,43
558,88	1167,34
559,08	1251,31
559,28	1202,16
559,47	1196,01
559,67	1224,69
559,86	1167,34
560,06	1185,77
560,26	1204,21
560,45	1155,05
560,65	1204,21
560,84	1191,92
561,04	1204,21
561,24	1273,84
561,43	1247,21
561,63	1183,73
561,82	1185,77
562,02	1144,81
562,22	1214,45
562,41	1239,02
562,61	1222,64
562,80	1171,44
563,00	1241,07
563,19	1110,00
563,39	1232,88
563,59	1200,11
563,78	1087,47
563,98	1206,25
564,17	1230,83
564,37	1196,01
564,56	1191,92
564,76	1181,68
564,96	1216,49
565,15	1282,03
565,35	1175,53
565,54	1200,11
565,74	1198,06
565,93	1128,43
566,13	1236,97
566,32	1191,92
566,52	1208,30
566,71	1247,21
566,91	1187,82
567,11	1232,88
567,30	1187,82
567,50	1191,92
567,69	1202,16
567,89	1214,45
568,08	1181,68
568,28	1230,83
568,47	1161,20
568,67	1150,96
568,86	1146,86
569,06	1130,48
569,25	1163,25
569,45	1181,68
569,64	1245,16
569,84	1136,62
570,04	1269,74
570,23	1171,44
570,43	1165,29
570,62	1189,87
570,82	1241,07
571,01	1177,58
571,21	1140,72
571,40	1241,07
571,60	1208,30
571,79	1204,21
571,99	1198,06
572,18	1239,02
572,38	1255,40
572,57	1120,24
572,77	1189,87
572,96	1159,15
573,16	1200,11
573,35	1216,49
573,55	1259,50
573,74	1144,81
573,94	1185,77
574,13	1116,14
574,33	1110,00
574,52	1232,88
574,71	1155,05
574,91	1200,11
575,10	1200,11
575,30	1085,42
575,49	1175,53
575,69	1163,25
575,88	1236,97
576,08	1255,40
576,27	1163,25
576,47	1138,67
576,66	1157,10
576,86	1196,01
577,05	1173,49
577,25	1161,20
577,44	1116,14
577,64	1224,69
577,83	1210,35
578,02	1150,96
578,22	1181,68
578,41	1216,49
578,61	1175,53
578,80	1165,29
579,00	1224,69
579,19	1277,93
579,39	1144,81
579,58	1245,16
579,77	1275,88
579,97	1163,25
580,16	1277,93
580,36	1206,25
580,55	1222,64
580,75	1259,50
580,94	1200,11
581,13	1118,19
581,33	1189,87
581,52	1173,49
581,72	1150,96
581,91	1146,86
582,11	1148,91
582,30	1169,39
582,49	1122,29
582,69	1214,45
582,88	1243,12
583,08	1140,72
583,27	1140,72
583,47	1163,25
583,66	1175,53
583,85	1146,86
584,05	1196,01
584,24	1216,49
584,44	1185,77
584,63	1183,73
584,82	1196,01
585,02	1255,40
585,21	1243,12
585,41	1163,25
585,60	1210,35
585,79	1236,97
585,99	1163,25
586,18	1097,71
586,37	1206,25
586,57	1183,73
586,76	1236,97
586,96	1216,49
587,15	1253,36
587,34	1224,69
587,54	1179,63
587,73	1206,25
587,93	1185,77
588,12	1175,53
588,31	1226,73
588,51	1171,44
588,70	1157,10
588,89	1181,68
589,09	1132,53
589,28	1177,58
589,47	1185,77
589,67	1200,11
589,86	1181,68
590,06	1153,01
590,25	1189,87
590,44	1200,11
590,64	1099,76
590,83	1165,29
591,02	1185,77
591,22	1157,10
591,41	1144,81
591,60	1196,01
591,80	1261,55
591,99	1206,25
592,18	1232,88
592,38	1224,69
592,57	1183,73
592,76	1153,01
592,96	1185,77
593,15	1224,69
593,34	1193,97
593,54	1185,77
593,73	1206,25
593,92	1198,06
594,12	1214,45
594,31	1093,62
594,50	1120,24
594,70	1261,55
594,89	1282,03
595,08	1243,12
595,28	1134,57
595,47	1140,72
595,66	1126,38
595,86	1208,30
596,05	1198,06
596,24	1163,25
596,43	1241,07
596,63	1214,45
596,82	1130,48
597,01	1173,49
597,21	1189,87
597,40	1216,49
597,59	1134,57
597,79	1153,01
597,98	1175,53
598,17	1224,69
598,36	1296,36
598,56	1206,25
598,75	1169,39
598,94	1187,82
599,14	1171,44
599,33	1167,34
599,52	1220,59
599,71	1236,97
599,91	1230,83
600,10	1167,34
600,29	1265,64
600,48	1155,05
600,68	1185,77
600,87	1136,62
601,06	1118,19
601,26	1142,77
601,45	1183,73
601,64	1167,34
601,83	1228,78
602,03	1239,02
602,22	1222,64
602,41	1179,63
602,60	1165,29
602,80	1263,60
602,99	1202,16
603,18	1159,15
603,37	1175,53
603,57	1161,20
603,76	1140,72
603,95	1146,86
604,14	1177,58
604,34	1146,86
604,53	1167,34
604,72	1177,58
604,91	1130,48
605,10	1206,25
605,30	1200,11
605,49	1216,49
605,68	1239,02
605,87	1230,83
606,07	1239,02
606,26	1273,84
606,45	1150,96
606,64	1165,29
606,84	1198,06
607,03	1146,86
607,22	1167,34
607,41	1200,11
607,60	1173,49
607,80	1265,64
607,99	1196,01
608,18	1148,91
608,37	1214,45
608,56	1243,12
608,76	1173,49
608,95	1177,58
609,14	1200,11
609,33	1165,29
609,52	1214,45
609,72	1150,96
609,91	1148,91
610,10	1185,77
610,29	1269,74
610,48	1234,93
610,68	1153,01
610,87	1175,53
611,06	1167,34
611,25	1091,57
611,44	1179,63
611,63	1204,21
611,83	1247,21
612,02	1128,43
612,21	1187,82
612,40	1189,87
612,59	1282,03
612,79	1130,48
612,98	1196,01
613,17	1187,82
613,36	1220,59
613,55	1259,50
613,74	1204,21
613,93	1177,58
614,13	1095,66
614,32	1118,19
614,51	1171,44
614,70	1216,49
614,89	1159,15
615,08	1146,86
615,28	1228,78
615,47	1169,39
615,66	1136,62
615,85	1159,15
616,04	1232,88
616,23	1148,91
616,42	1191,92
616,62	1159,15
616,81	1228,78
617,00	1212,40
617,19	1239,02
617,38	1177,58
617,57	1228,78
617,76	1169,39
617,95	1200,11
618,15	1204,21
618,34	1236,97
618,53	1187,82
618,72	1196,01
618,91	1177,58
619,10	1243,12
619,29	1212,40
619,48	1257,45
619,68	1179,63
619,87	1148,91
620,06	1220,59
620,25	1204,21
620,44	1198,06
620,63	1200,11
620,82	1114,10
621,01	1181,68
621,20	1183,73
621,39	1173,49
621,59	1249,26
621,78	1173,49
621,97	1155,05
622,16	1179,63
622,35	1175,53
622,54	1163,25
622,73	1255,40
622,92	1196,01
623,11	1171,44
623,30	1216,49
623,49	1202,16
623,68	1200,11
623,88	1196,01
624,07	1112,05
624,26	1118,19
624,45	1200,11
624,64	1175,53
624,83	1210,35
625,02	1222,64
625,21	1171,44
625,40	1228,78
625,59	1183,73
625,78	1247,21
625,97	1245,16
626,16	1214,45
626,35	1263,60
626,54	1146,86
626,74	1198,06
626,93	1146,86
627,12	1220,59
627,31	1251,31
627,50	1339,37
627,69	1191,92
627,88	1202,16
628,07	1232,88
628,26	1200,11
628,45	1232,88
628,64	1179,63
628,83	1249,26
629,02	1175,53
629,21	1161,20
629,40	1181,68
629,59	1196,01
629,78	1200,11
629,97	1167,34
630,16	1222,64
630,35	1189,87
630,54	1284,08
630,73	1224,69
630,92	1249,26
631,11	1226,73
631,30	1255,40
631,49	1267,69
631,68	1339,37
631,87	2516,95
632,06	7950,21
632,25	16744,19
632,44	20745,92
632,63	26717,80
632,82	14249,77
633,01	8390,53
633,20	3876,80
633,39	2164,70
633,58	1624,04
633,77	1873,89
633,96	1665,00
634,15	1374,19
634,34	1392,62
634,53	1351,66
634,72	1372,14
634,91	1251,31
635,10	1296,36
635,29	1300,46
635,48	1226,73
635,67	1210,35
635,86	1212,40
636,05	1226,73
636,24	1239,02
636,43	1208,30
636,62	1204,21
636,81	1206,25
637,00	1245,16
637,19	1263,60
637,38	1251,31
637,57	1224,69
637,76	1171,44
637,95	1228,78
638,14	1138,67
638,33	1163,25
638,52	1224,69
638,71	1243,12
638,89	1132,53
639,08	1185,77
639,27	1236,97
639,46	1232,88
639,65	1243,12
639,84	1179,63
640,03	1146,86
640,22	1163,25
640,41	1343,47
640,60	1245,16
640,79	1196,01
640,98	1241,07
641,17	1198,06
641,36	1216,49
641,55	1171,44
641,74	1212,40
641,92	1224,69
642,11	1181,68
642,30	1185,77
642,49	1155,05
642,68	1167,34
642,87	1181,68
643,06	1247,21
643,25	1126,38
643,44	1232,88
643,63	1179,63
643,82	1232,88
644,00	1216,49
644,19	1150,96
644,38	1206,25
644,57	1210,35
644,76	1179,63
644,95	1187,82
645,14	1171,44
645,33	1193,97
645,52	1167,34
645,71	1191,92
645,89	1202,16
646,08	1234,93
646,27	1230,83
646,46	1144,81
646,65	1185,77
646,84	1136,62
647,03	1171,44
647,22	1228,78
647,40	1216,49
647,59	1167,34
647,78	1196,01
647,97	1187,82
648,16	1259,50
648,35	1218,54
648,54	1204,21
648,73	1159,15
648,91	1191,92
649,10	1206,25
649,29	1175,53
649,48	1179,63
649,67	1183,73
649,86	1191,92
650,05	1171,44
650,23	1249,26
650,42	1171,44
650,61	1150,96
650,80	1157,10
650,99	1202,16
651,18	1236,97
651,36	1175,53
651,55	1191,92
651,74	1189,87
651,93	1189,87
652,12	1208,30
652,31	1208,30
652,49	1099,76
652,68	1247,21
652,87	1198,06
653,06	1259,50
653,25	1226,73
653,44	1232,88
653,62	1173,49
653,81	1169,39
654,00	1183,73
654,19	1202,16
654,38	1161,20
654,56	1146,86
654,75	1200,11
654,94	1210,35
655,13	1112,05
655,32	1155,05
655,51	1214,45
655,69	1245,16
655,88	1226,73
656,07	1177,58
656,26	1140,72
656,45	1148,91
656,63	1165,29
656,82	1159,15
657,01	1234,93
657,20	1118,19
657,38	1165,29
657,57	1175,53
657,76	1167,34
657,95	1138,67
658,14	1177,58
658,32	1230,83
658,51	1200,11
658,70	1157,10
658,89	1163,25
659,08	1234,93
659,26	1167,34
659,45	1187,82
659,64	1171,44
659,83	1146,86
660,01	1193,97
660,20	1150,96
660,39	1206,25
660,58	1193,97
660,76	1206,25
660,95	1202,16
661,14	1236,97
661,33	1144,81
661,51	1206,25
661,70	1243,12
661,89	1183,73
662,08	1175,53
662,26	1210,35
662,45	1091,57
662,64	1163,25
662,83	1179,63
663,01	1269,74
663,20	1204,21
663,39	1124,33
663,58	1112,05
663,76	1210,35
663,95	1265,64
664,14	1216,49
664,32	1183,73
664,51	1200,11
664,70	1204,21
664,89	1138,67
665,07	1181,68
665,26	1234,93
665,45	1097,71
665,64	1150,96
665,82	1290,22
666,01	1214,45
666,20	1200,11
666,38	1204,21
666,57	1163,25
666,76	1206,25
666,95	1275,88
667,13	1196,01
667,32	1214,45
667,51	1204,21
667,69	1161,20
667,88	1124,33
668,07	1185,77
668,25	1140,72
668,44	1212,40
668,63	1226,73
668,81	1253,36
669,00	1150,96
669,19	1153,01
669,38	1159,15
669,56	1187,82
669,75	1155,05
669,94	1236,97
670,12	1159,15
670,31	1259,50
670,50	1193,97
670,68	1175,53
670,87	1191,92
671,06	1208,30
671,24	1118,19
671,43	1173,49
671,62	1134,57
671,80	1126,38
671,99	1132,53
672,18	1159,15
672,36	1206,25
672,55	1126,38
672,74	1200,11
672,92	1249,26
673,11	1232,88
673,29	1257,45
673,48	1232,88
673,67	1196,01
673,85	1167,34
674,04	1171,44
674,23	1157,10
674,41	1183,73
674,60	1159,15
674,79	1196,01
674,97	1206,25
675,16	1103,86
675,34	1200,11
675,53	1144,81
675,72	1173,49
675,90	1206,25
676,09	1208,30
676,28	1169,39
676,46	1245,16
676,65	1171,44
676,83	1173,49
677,02	1259,50
677,21	1206,25
677,39	1169,39
677,58	1181,68
677,77	1126,38
677,95	1196,01
678,14	1210,35
678,32	1200,11
678,51	1140,72
678,70	1273,84
678,88	1130,48
679,07	1214,45
679,25	1193,97
679,44	1230,83
679,63	1202,16
679,81	1210,35
680,00	1210,35
680,18	1155,05
680,37	1220,59
680,55	1159,15
680,74	1218,54
680,93	1167,34
681,11	1107,95
681,30	1202,16
681,48	1196,01
681,67	1185,77
681,85	1120,24
682,04	1212,40
682,23	1185,77
682,41	1161,20
682,60	1196,01
682,78	1208,30
682,97	1167,34
683,15	1243,12
683,34	1269,74
683,53	1198,06
683,71	1261,55
683,90	1165,29
684,08	1208,30
684,27	1222,64
684,45	1167,34
684,64	1114,10
684,82	1193,97
685,01	1189,87
685,19	1179,63
685,38	1165,29
685,57	1198,06
685,75	1163,25
685,94	1175,53
686,12	1165,29
686,31	1202,16
686,49	1218,54
686,68	1157,10
686,86	1200,11
687,05	1148,91
687,23	1257,45
687,42	1101,81
687,60	1138,67
687,79	1210,35
687,97	1177,58
688,16	1157,10
688,34	1251,31
688,53	1153,01
688,71	1208,30
688,90	1157,10
689,08	1187,82
689,27	1181,68
689,45	1173,49
689,64	1167,34
689,82	1153,01
690,01	1148,91
690,19	1148,91
690,38	1122,29
690,56	1183,73
690,75	1222,64
690,93	1114,10
691,12	1159,15
691,30	1185,77
691,49	1130,48
691,67	1150,96
691,86	1169,39
692,04	1243,12
692,23	1210,35
692,41	1249,26
692,60	1202,16
692,78	1224,69
692,97	1300,46
693,15	1236,97
693,34	1163,25
693,52	1228,78
693,71	1179,63
693,89	1191,92
694,08	1193,97
694,26	1191,92
694,44	1202,16
694,63	1214,45
694,81	1212,40
695,00	1177,58
695,18	1140,72
695,37	1175,53
695,55	1167,34
695,74	1187,82
695,92	1159,15
696,10	1181,68
696,29	1155,05
696,47	1189,87
696,66	1146,86
696,84	1200,11
697,03	1179,63
697,21	1171,44
697,40	1175,53
697,58	1245,16
697,76	1124,33
697,95	1179,63
698,13	1185,77
698,32	1191,92
698,50	1165,29
698,68	1208,30
698,87	1200,11
699,05	1163,25
699,24	1173,49
699,42	1165,29
699,61	1251,31
699,79	1224,69
699,97	1224,69
700,16	1163,25
700,34	1163,25
700,53	1198,06
700,71	1173,49
700,89	1212,40
701,08	1159,15
701,26	1253,36
701,45	1218,54
701,63	1148,91
701,81	1187,82
702,00	1206,25
702,18	1200,11
702,37	1173,49
702,55	1198,06
702,73	1230,83
702,92	1179,63
703,10	1206,25
703,28	1202,16
703,47	1189,87
703,65	1218,54
703,84	1173,49
704,02	1230,83
704,20	1169,39
704,39	1146,86
704,57	1169,39
704,75	1222,64
704,94	1198,06
705,12	1202,16
705,30	1126,38
705,49	1089,52
705,67	1202,16
705,86	1202,16
706,04	1179,63
706,22	1279,98
706,41	1134,57
706,59	1185,77
706,77	1228,78
706,96	1249,26
707,14	1216,49
707,32	1161,20
707,51	1193,97
707,69	1224,69
707,87	1189,87
708,06	1173,49
708,24	1191,92
708,42	1161,20
708,61	1189,87
708,79	1241,07
708,97	1122,29
709,16	1216,49
709,34	1241,07
709,52	1202,16
709,71	1204,21
709,89	1163,25
710,07	1208,30
710,26	1198,06
710,44	1218,54
710,62	1179,63
710,80	1304,56
710,99	1208,30
711,17	1208,30
711,35	1214,45
711,54	1146,86
711,72	1148,91
711,90	1134,57
712,09	1179,63
712,27	1159,15
712,45	1157,10
712,63	1171,44
712,82	1183,73
713,00	1216,49
713,18	1183,73
713,37	1277,93
713,55	1210,35
713,73	1265,64
713,91	1144,81
714,10	1181,68
714,28	1224,69
714,46	1159,15
714,65	1130,48
714,83	1165,29
715,01	1185,77
715,19	1134,57
715,38	1198,06
715,56	1126,38
715,74	1167,34
715,92	1187,82
716,11	1179,63
716,29	1105,90
716,47	1220,59
716,65	1230,83
716,84	1134,57
717,02	1222,64
717,20	1167,34
717,38	1218,54
717,57	1177,58
717,75	1181,68
717,93	1214,45
718,11	1255,40
718,30	1187,82
718,48	1173,49
718,66	1187,82
718,84	1177,58
719,03	1140,72
719,21	1208,30
719,39	1126,38
719,57	1155,05
719,75	1173,49
719,94	1173,49
720,12	1212,40
720,30	1226,73
720,48	1200,11
720,67	1226,73
720,85	1175,53
721,03	1230,83
721,21	1198,06
721,39	1140,72
721,58	1171,44
721,76	1181,68
721,94	1148,91
722,12	1198,06
722,30	1202,16
722,49	1220,59
722,67	1159,15
722,85	1155,05
723,03	1214,45
723,21	1222,64
723,40	1183,73
723,58	1136,62
723,76	1153,01
723,94	1271,79
724,12	1234,93
724,30	1208,30
724,49	1169,39
724,67	1206,25
724,85	1212,40
725,03	1128,43
725,21	1167,34
725,40	1249,26
725,58	1122,29
725,76	1193,97
725,94	1134,57
726,12	1241,07
726,30	1224,69
726,49	1200,11
726,67	1167,34
726,85	1251,31
727,03	1198,06
727,21	1153,01
727,39	1173,49
727,57	1189,87
727,76	1161,20
727,94	1239,02
728,12	1226,73
728,30	1144,81
728,48	1163,25
728,66	1105,90
728,84	1198,06
729,03	1175,53
729,21	1107,95
729,39	1198,06
729,57	1173,49
729,75	1179,63
729,93	1161,20
730,11	1202,16
730,30	1216,49
730,48	1214,45
730,66	1206,25
730,84	1232,88
731,02	1198,06
731,20	1185,77
731,38	1206,25
731,56	1210,35
731,74	1161,20
731,93	1179,63
732,11	1208,30
732,29	1200,11
732,47	1159,15
732,65	1275,88
732,83	1181,68
733,01	1175,53
733,19	1196,01
733,37	1187,82
733,56	1118,19
733,74	1245,16
733,92	1146,86
734,10	1175,53
734,28	1103,86
734,46	1181,68
734,64	1218,54
734,82	1216,49
735,00	1128,43
735,18	1208,30
735,36	1216,49
735,54	1224,69
735,73	1226,73
735,91	1150,96
736,09	1208,30
736,27	1189,87
736,45	1183,73
736,63	1150,96
736,81	1157,10
736,99	1191,92
737,17	1161,20
737,35	1181,68
737,53	1230,83
737,71	1269,74
737,89	1157,10
738,07	1224,69
738,25	1177,58
738,43	1208,30
738,61	1183,73
738,80	1245,16
738,98	1208,30
739,16	1214,45
739,34	1136,62
739,52	1257,45
739,70	1185,77
739,88	1202,16
740,06	1187,82
740,24	1230,83
740,42	1148,91
740,60	1191,92
740,78	1159,15
740,96	1212,40
741,14	1157,10
741,32	1159,15
741,50	1196,01
741,68	1204,21
741,86	1189,87
742,04	1146,86
742,22	1210,35
742,40	1163,25
742,58	1202,16
742,76	1236,97
742,94	1249,26
743,12	1204,21
743,30	1212,40
743,48	1163,25
743,66	1136,62
743,84	1130,48
744,02	1110,00
744,20	1196,01
744,38	1232,88
744,56	1200,11
744,74	1118,19
744,92	1202,16
745,10	1232,88
745,28	1220,59
745,46	1247,21
745,64	1163,25
745,82	1175,53
746,00	1208,30
746,18	1150,96
746,36	1155,05
746,54	1181,68
746,72	1189,87
746,90	1167,34
747,08	1241,07
747,26	1099,76
747,44	1224,69
747,62	1273,84
747,80	1181,68
747,98	1179,63
748,15	1204,21
748,33	1171,44
748,51	1189,87
748,69	1239,02
748,87	1198,06
749,05	1142,77
749,23	1200,11
749,41	1198,06
749,59	1224,69
749,77	1253,36
749,95	1253,36
750,13	1318,89
750,31	1146,86
750,49	1155,05
750,67	1282,03
750,85	1185,77
751,03	1259,50
751,20	1208,30
751,38	1230,83
751,56	1157,10
751,74	1247,21
751,92	1222,64
752,10	1159,15
752,28	1189,87
752,46	1241,07
752,64	1208,30
752,82	1155,05
753,00	1122,29
753,18	1331,18
753,35	1214,45
753,53	1177,58
753,71	1212,40
753,89	1271,79
754,07	1253,36
754,25	1222,64
754,43	1175,53
754,61	1171,44
754,79	1202,16
754,97	1210,35
755,14	1222,64
755,32	1230,83
755,50	1150,96
755,68	1208,30
755,86	1206,25
756,04	1167,34
756,22	1159,15
756,40	1228,78
756,57	1198,06
756,75	1167,34
756,93	1259,50
757,11	1191,92
757,29	1181,68
757,47	1132,53
757,65	1228,78
757,82	1187,82
758,00	1171,44
758,18	1142,77
758,36	1222,64
758,54	1208,30
758,72	1136,62
758,90	1196,01
759,07	1165,29
759,25	1277,93
759,43	1191,92
759,61	1208,30
759,79	1267,69
759,97	1249,26
760,15	1222,64
760,32	1187,82
760,50	1148,91
760,68	1259,50
760,86	1148,91
761,04	1218,54
761,22	1175,53
761,39	1230,83
761,57	1177,58
761,75	1161,20
761,93	1234,93
762,11	1177,58
762,28	1165,29
762,46	1247,21
762,64	1220,59
762,82	1226,73
763,00	1153,01
763,18	1232,88
763,35	1224,69
763,53	1177,58
763,71	1169,39
763,89	1241,07
764,07	1179,63
764,24	1175,53
764,42	1189,87
764,60	1228,78
764,78	1116,14
764,96	1210,35
765,13	1212,40
765,31	1210,35
765,49	1228,78
765,67	1150,96
765,84	1224,69
766,02	1183,73
766,20	1157,10
766,38	1126,38
766,56	1163,25
766,73	1187,82
766,91	1200,11
767,09	1187,82
767,27	1204,21
767,44	1222,64
767,62	1193,97
767,80	1187,82
767,98	1189,87
768,15	1226,73
768,33	1191,92
768,51	1175,53
768,69	1200,11
768,87	1208,30
769,04	1210,35
769,22	1245,16
769,40	1216,49
769,58	1210,35
769,75	1150,96
769,93	1177,58
770,11	1187,82
770,28	1193,97
770,46	1169,39
770,64	1169,39
770,82	1187,82
770,99	1163,25
771,17	1177,58
771,35	1173,49
771,53	1191,92
771,70	1228,78
771,88	1144,81
772,06	1210,35
772,23	1157,10
772,41	1206,25
772,59	1230,83
772,77	1142,77
772,94	1226,73
773,12	1202,16
773,30	1120,24
773,47	1165,29
773,65	1183,73
773,83	1220,59
774,01	1239,02
774,18	1239,02
774,36	1208,30
774,54	1165,29
774,71	1175,53
774,89	1118,19
775,07	1249,26
775,24	1169,39
775,42	1198,06
775,60	1191,92
775,78	1206,25
775,95	1257,45
776,13	1138,67
776,31	1179,63
776,48	1179,63
776,66	1216,49
776,84	1259,50
777,01	1142,77
777,19	1200,11
777,37	1181,68
777,54	1232,88
777,72	1159,15
777,90	1175,53
778,07	1200,11
778,25	1298,41
778,43	1153,01
778,60	1187,82
778,78	1122,29
778,96	1167,34
779,13	1167,34
779,31	1206,25
779,49	1263,60
779,66	1165,29
779,84	1128,43
780,01	1185,77
780,19	1163,25
780,37	1175,53
780,54	1167,34
780,72	1210,35
780,90	1187,82
781,07	1200,11
781,25	1220,59
781,43	1177,58
781,60	1173,49
781,78	1202,16
781,95	1191,92
782,13	1241,07
782,31	1236,97
782,48	1171,44
782,66	1204,21
782,83	1171,44
783,01	1138,67
783,19	1177,58
783,36	1208,30
783,54	1144,81
783,72	1200,11
783,89	1146,86
784,07	1206,25
784,24	1181,68
784,42	1255,40
784,60	1226,73
784,77	1255,40
784,95	1198,06
785,12	1208,30
785,30	1196,01
785,47	1284,08
785,65	1216,49
785,83	1191,92
786,00	1148,91
786,18	1153,01
786,35	1208,30
786,53	1150,96
786,71	1210,35
786,88	1257,45
787,06	1171,44
787,23	1187,82
787,41	1261,55
787,58	1173,49
787,76	1181,68
787,94	1208,30
788,11	1226,73
788,29	1150,96
788,46	1169,39
788,64	1165,29
788,81	1165,29
788,99	1173,49
789,16	1269,74
789,34	1181,68
789,52	1200,11
789,69	1200,11
789,87	1232,88
790,04	1157,10
790,22	1110,00
790,39	1208,30
790,57	1157,10
790,74	1222,64
790,92	1193,97
791,09	1204,21
791,27	1226,73
791,44	1200,11
791,62	1144,81
791,79	1179,63
791,97	1191,92
792,15	1257,45
792,32	1187,82
792,50	1204,21
792,67	1200,11
792,85	1243,12
793,02	1279,98
793,20	1124,33
793,37	1179,63
793,55	1159,15
793,72	1159,15
793,90	1224,69
794,07	1232,88
794,25	1216,49
794,42	1171,44
794,60	1177,58
794,77	1167,34
794,95	1173,49
795,12	1179,63
795,30	1161,20
795,47	1169,39
795,65	1214,45
795,82	1230,83
796,00	1163,25
796,17	1114,10
796,34	1187,82
796,52	1163,25
796,69	1224,69
796,87	1200,11
797,04	1234,93
797,22	1218,54
797,39	1157,10
797,57	1228,78
797,74	1216,49
797,92	1134,57
798,09	1218,54
798,27	1230,83
798,44	1163,25
798,62	1208,30
798,79	1134,57
798,96	1163,25
799,14	1136,62
799,31	1222,64
799,49	1239,02
799,66	1165,29
799,84	1204,21
800,01	1257,45
800,19	1142,77
800,36	1171,44
800,53	1191,92
800,71	1234,93
800,88	1273,84
801,06	1200,11
801,23	1171,44
801,41	1169,39
801,58	1208,30
801,75	1179,63
801,93	1193,97
802,10	1179,63
802,28	1110,00
802,45	1196,01
802,63	1183,73
802,80	1253,36
802,97	1140,72
803,15	1167,34
803,32	1136,62
803,50	1239,02
803,67	1216,49
803,84	1214,45
804,02	1210,35
804,19	1163,25
804,37	1220,59
804,54	1153,01
804,71	1202,16
804,89	1208,30
805,06	1257,45
805,24	1241,07
805,41	1234,93
805,58	1079,28
805,76	1175,53
805,93	1107,95
806,10	1191,92
806,28	1224,69
806,45	1212,40
806,63	1210,35
806,80	1208,30
806,97	1218,54
807,15	1163,25
807,32	1167,34
807,49	1136,62
807,67	1200,11
807,84	1241,07
808,01	1249,26
808,19	1177,58
808,36	1226,73
808,54	1202,16
808,71	1220,59
808,88	1189,87
809,06	1220,59
809,23	1167,34
809,40	1159,15
809,58	1204,21
809,75	1236,97
809,92	1247,21
810,10	1241,07
810,27	1161,20
810,44	1187,82
810,62	1181,68
810,79	1179,63
810,96	1175,53
811,14	1249,26
811,31	1212,40
811,48	1218,54
811,66	1224,69
811,83	1193,97
812,00	1241,07
812,18	1206,25
812,35	1161,20
812,52	1193,97
812,69	1155,05
812,87	1247,21
813,04	1187,82
813,21	1165,29
813,39	1105,90
813,56	1175,53
813,73	1208,30
813,91	1183,73
814,08	1206,25
814,25	1146,86
814,42	1200,11
814,60	1232,88
814,77	1214,45
814,94	1216,49
815,12	1183,73
815,29	1204,21
815,46	1181,68
815,63	1140,72
815,81	1181,68
815,98	1116,14
816,15	1200,11
816,33	1165,29
816,50	1183,73
816,67	1142,77
816,84	1206,25
817,02	1175,53
817,19	1232,88
817,36	1271,79
817,53	1216,49
817,71	1130,48
817,88	1189,87
818,05	1146,86
818,22	1196,01
818,40	1134,57
818,57	1165,29
818,74	1216,49
818,91	1114,10
819,09	1263,60
819,26	1191,92
819,43	1228,78
819,60	1181,68
819,78	1167,34
819,95	1183,73
820,12	1181,68
820,29	1200,11
820,47	1255,40
820,64	1249,26
820,81	1208,30
820,98	1200,11
821,15	1159,15
821,33	1196,01
821,50	1165,29
821,67	1183,73
821,84	1159,15
822,02	1187,82
822,19	1179,63
822,36	1279,98
822,53	1155,05
822,70	1183,73
822,88	1175,53
823,05	1157,10
823,22	1146,86
823,39	1144,81
823,56	1200,11
823,74	1187,82
823,91	1204,21
824,08	1243,12
824,25	1146,86
824,42	1193,97
824,60	1198,06
824,77	1239,02
824,94	1138,67
825,11	1239,02
825,28	1222,64
825,45	1216,49
825,63	1206,25
825,80	1144,81
825,97	1181,68
826,14	1204,21
826,31	1146,86
826,48	1206,25
826,66	1245,16
826,83	1259,50
827,00	1191,92
827,17	1177,58
827,34	1200,11
827,51	1198,06
827,69	1263,60
827,86	1220,59
828,03	1265,64
828,20	1183,73
828,37	1265,64
828,54	1206,25
828,71	1167,34
828,89	1261,55
829,06	1191,92
829,23	1206,25
829,40	1191,92
829,57	1171,44
829,74	1148,91
829,91	1142,77
830,09	1236,97
830,26	1187,82
830,43	1179,63
830,60	1216,49
830,77	1175,53
830,94	1253,36
831,11	1140,72
831,28	1243,12
831,46	1232,88
831,63	1214,45
831,80	1228,78
831,97	1230,83
832,14	1187,82
832,31	1159,15
832,48	1146,86
832,65	1181,68
832,82	1142,77
832,99	1214,45
833,17	1183,73
833,34	1193,97
833,51	1183,73
833,68	1142,77
833,85	1243,12
834,02	1206,25
834,19	1173,49
834,36	1189,87
834,53	1228,78
834,70	1107,95
834,87	1161,20
835,04	1173,49
835,22	1179,63
835,39	1161,20
835,56	1198,06
835,73	1216,49
835,90	1193,97
836,07	1171,44
836,24	1165,29
836,41	1130,48
836,58	1196,01
836,75	1183,73
836,92	1189,87
837,09	1226,73
837,26	1265,64
837,43	1198,06
837,60	1234,93
837,77	1185,77
837,94	1200,11
838,12	1175,53
838,29	1228,78
838,46	1196,01
838,63	1161,20
838,80	1187,82
838,97	1251,31
839,14	1220,59
839,31	1144,81
839,48	1224,69
839,65	1202,16
839,82	1247,21
839,99	1210,35
840,16	1230,83
840,33	1153,01
840,50	1210,35
840,67	1216,49
840,84	1200,11
841,01	1261,55
841,18	1183,73
841,35	1239,02
841,52	1198,06
841,69	1165,29
841,86	1216,49
842,03	1189,87
842,20	1230,83
842,37	1224,69
842,54	1247,21
842,71	1234,93
842,88	1124,33
843,05	1212,40
843,22	1150,96
843,39	1191,92
843,56	1224,69
843,73	1138,67
843,90	1191,92
844,07	1214,45
844,24	1189,87
844,41	1202,16
844,58	1226,73
844,75	1191,92
844,92	1173,49
845,09	1173,49
845,26	1191,92
845,43	1173,49
845,60	1212,40
845,77	1220,59
845,94	1140,72
846,10	1130,48
846,27	1234,93
846,44	1185,77
846,61	1224,69
846,78	1200,11
846,95	1216,49
847,12	1150,96
847,29	1279,98
847,46	1134,57
847,63	1163,25
847,80	1183,73
847,97	1148,91
848,14	1249,26
848,31	1163,25
848,48	1110,00
848,65	1155,05
848,82	1236,97
848,98	1222,64
849,15	1132,53
849,32	1226,73
849,49	1234,93
849,66	1185,77
849,83	1181,68
850,00	1230,83
850,17	1187,82
850,34	1189,87
850,51	1208,30
850,68	1146,86
850,85	1189,87
851,01	1208,30
851,18	1230,83
851,35	1222,64
851,52	1159,15
851,69	1245,16
851,86	1159,15
852,03	1214,45
852,20	1200,11
852,37	1140,72
852,53	1138,67
852,70	1239,02
852,87	1165,29
853,04	1259,50
853,21	1132,53
853,38	1142,77
853,55	1214,45
853,72	1249,26
853,89	1155,05
854,05	1230,83
854,22	1175,53
854,39	1130,48
854,56	1224,69
854,73	1198,06
854,90	1212,40
855,07	1189,87
855,23	1167,34
855,40	1200,11
855,57	1232,88
855,74	1220,59
855,91	1181,68
856,08	1243,12
856,25	1230,83
856,41	1196,01
856,58	1218,54
856,75	1263,60
856,92	1163,25
857,09	1142,77
857,26	1167,34
857,42	1228,78
857,59	1212,40
857,76	1202,16
857,93	1130,48
858,10	1212,40
858,27	1187,82
858,43	1239,02
858,60	1216,49
858,77	1267,69
858,94	1208,30
859,11	1220,59
859,27	1187,82
859,44	1175,53
859,61	1210,35
859,78	1222,64
859,95	1191,92
860,12	1148,91
860,28	1228,78
860,45	1126,38
860,62	1142,77
860,79	1216,49
860,95	1159,15
861,12	1222,64
861,29	1245,16
861,46	1253,36
861,63	1212,40
861,79	1228,78
861,96	1191,92
862,13	1241,07
862,30	1228,78
862,47	1193,97
862,63	1161,20
862,80	1189,87
862,97	1208,30
863,14	1212,40
863,30	1153,01
863,47	1210,35
863,64	1218,54
863,81	1212,40
863,97	1191,92
864,14	1208,30
864,31	1265,64
864,48	1200,11
864,65	1220,59
864,81	1236,97
864,98	1212,40
865,15	1208,30
865,32	1245,16
865,48	1216,49
865,65	1171,44
865,82	1232,88
865,98	1202,16
866,15	1175,53
866,32	1214,45
866,49	1261,55
866,65	1159,15
866,82	1220,59
866,99	1181,68
867,16	1140,72
867,32	1198,06
867,49	1198,06
867,66	1148,91
867,83	1212,40
867,99	1193,97
868,16	1232,88
868,33	1181,68
868,49	1220,59
868,66	1200,11
868,83	1144,81
868,99	1208,30
869,16	1163,25
869,33	1306,60
869,50	1114,10
869,66	1183,73
869,83	1177,58
870,00	1173,49
870,16	1232,88
870,33	1185,77
870,50	1155,05
870,66	1122,29
870,83	1187,82
871,00	1196,01
871,17	1171,44
871,33	1255,40
871,50	1148,91
871,67	1179,63
871,83	1206,25
872,00	1200,11
872,17	1208,30
872,33	1212,40
872,50	1179,63
872,67	1177,58
872,83	1204,21
873,00	1128,43
873,17	1247,21
873,33	1144,81
873,50	1177,58
873,67	1191,92
873,83	1224,69
874,00	1214,45
874,16	1159,15
874,33	1179,63
874,50	1140,72
874,66	1144,81
874,83	1173,49
875,00	1210,35
875,16	1148,91
875,33	1263,60
875,50	1185,77
875,66	1101,81
875,83	1196,01
875,99	1179,63
876,16	1150,96
876,33	1173,49
876,49	1165,29
876,66	1236,97
876,83	1173,49
876,99	1189,87
877,16	1193,97
877,32	1155,05
877,49	1181,68
877,66	1179,63
877,82	1183,73
877,99	1146,86
878,15	1132,53
878,32	1198,06
878,49	1167,34
878,65	1267,69
878,82	1263,60
878,98	1159,15
879,15	1253,36
879,32	1271,79
879,48	1224,69
879,65	1169,39
879,81	1200,11
879,98	1259,50
880,15	1239,02
880,31	1167,34
880,48	1173,49
880,64	1185,77
880,81	1167,34
880,97	1230,83
881,14	1198,06
881,31	1146,86
881,47	1232,88
881,64	1165,29
881,80	1165,29
881,97	1200,11
882,13	1191,92
882,30	1185,77
882,47	1177,58
882,63	1189,87
882,80	1224,69
882,96	1232,88
883,13	1204,21
883,29	1198,06
883,46	1191,92
883,62	1247,21
883,79	1232,88
883,95	1148,91
884,12	1196,01
884,29	1204,21
884,45	1204,21
884,62	1171,44
884,78	1161,20
884,95	1191,92
885,11	1191,92
885,28	1234,93
885,44	1206,25
885,61	1093,62
885,77	1175,53
885,94	1216,49
886,10	1208,30
886,27	1191,92
886,43	1189,87
886,60	1224,69
886,76	1230,83
886,93	1183,73
887,09	1142,77
887,26	1165,29
887,42	1222,64
887,59	1148,91
887,75	1220,59
887,92	1171,44
888,08	1196,01
888,25	1218,54
888,41	1218,54
888,58	1196,01
888,74	1196,01
888,91	1204,21
