177,47	1198,06
177,69	1198,06
177,91	1198,06
178,13	1169,39
178,36	1198,06
178,58	1193,97
178,80	1220,59
179,02	1161,20
179,24	1202,16
179,46	1196,01
179,68	1175,53
179,90	1208,30
180,13	1130,48
180,35	1148,91
180,57	1183,73
180,79	1179,63
181,01	1132,53
181,23	1218,54
181,45	1179,63
181,67	1120,24
181,90	1318,89
182,12	1193,97
182,34	1169,39
182,56	1208,30
182,78	1167,34
183,00	1153,01
183,22	1187,82
183,44	1236,97
183,66	1247,21
183,89	1200,11
184,11	1155,05
184,33	1200,11
184,55	1173,49
184,77	1191,92
184,99	1150,96
185,21	1185,77
185,43	1183,73
185,65	1124,33
185,87	1153,01
186,10	1114,10
186,32	1220,59
186,54	1179,63
186,76	1218,54
186,98	1148,91
187,20	1300,46
187,42	1200,11
187,64	1236,97
187,86	1236,97
188,08	1189,87
188,30	1198,06
188,52	1134,57
188,75	1232,88
188,97	1189,87
189,19	1228,78
189,41	1259,50
189,63	1150,96
189,85	1204,21
190,07	1142,77
190,29	1212,40
190,51	1200,11
190,73	1155,05
190,95	1183,73
191,17	1290,22
191,39	1173,49
191,61	1230,83
191,84	1224,69
192,06	1224,69
192,28	1179,63
192,50	1224,69
192,72	1236,97
192,94	1204,21
193,16	1179,63
193,38	1142,77
193,60	1241,07
193,82	1122,29
194,04	1177,58
194,26	1171,44
194,48	1171,44
194,70	1208,30
194,92	1236,97
195,14	1175,53
195,36	1212,40
195,58	1196,01
195,80	1191,92
196,02	1249,26
196,24	1245,16
196,46	1251,31
196,69	1214,45
196,91	1185,77
197,13	1189,87
197,35	1189,87
197,57	1212,40
197,79	1169,39
198,01	1165,29
198,23	1189,87
198,45	1189,87
198,67	1146,86
198,89	1241,07
199,11	1181,68
199,33	1150,96
199,55	1155,05
199,77	1163,25
199,99	1261,55
200,21	1202,16
200,43	1069,04
200,65	1155,05
200,87	1181,68
201,09	1144,81
201,31	1191,92
201,53	1187,82
201,75	1189,87
201,97	1212,40
202,19	1214,45
202,41	1284,08
202,63	1232,88
202,85	1196,01
203,07	1173,49
203,29	1204,21
203,51	1200,11
203,73	1198,06
203,95	1282,03
204,17	1220,59
204,39	1161,20
204,61	1140,72
204,83	1187,82
205,05	1193,97
205,27	1153,01
205,49	1185,77
205,71	1169,39
205,93	1222,64
206,15	1169,39
206,37	1275,88
206,59	1185,77
206,81	1175,53
207,03	1124,33
207,25	1204,21
207,47	1101,81
207,69	1200,11
207,91	1173,49
208,13	1179,63
208,34	1255,40
208,56	1183,73
208,78	1120,24
209,00	1183,73
209,22	1249,26
209,44	1191,92
209,66	1191,92
209,88	1167,34
210,10	1202,16
210,32	1220,59
210,54	1173,49
210,76	1220,59
210,98	1243,12
211,20	1191,92
211,42	1181,68
211,64	1196,01
211,86	1130,48
212,08	1122,29
212,30	1208,30
212,52	1239,02
212,74	1239,02
212,96	1226,73
213,17	1173,49
213,39	1122,29
213,61	1150,96
213,83	1224,69
214,05	1228,78
214,27	1234,93
214,49	1200,11
214,71	1257,45
214,93	1169,39
215,15	1153,01
215,37	1239,02
215,59	1218,54
215,81	1259,50
216,03	1212,40
216,24	1241,07
216,46	1085,42
216,68	1239,02
216,90	1173,49
217,12	1257,45
217,34	1175,53
217,56	1206,25
217,78	1218,54
218,00	1255,40
218,22	1189,87
218,44	1177,58
218,66	1189,87
218,87	1187,82
219,09	1177,58
219,31	1273,84
219,53	1204,21
219,75	1191,92
219,97	1206,25
220,19	1214,45
220,41	1200,11
220,63	1204,21
220,85	1171,44
221,06	1202,16
221,28	1157,10
221,50	1189,87
221,72	1140,72
221,94	1146,86
222,16	1181,68
222,38	1196,01
222,60	1224,69
222,82	1216,49
223,03	1282,03
223,25	1247,21
223,47	1241,07
223,69	1196,01
223,91	1191,92
224,13	1255,40
224,35	1173,49
224,57	1232,88
224,78	1173,49
225,00	1210,35
225,22	1167,34
225,44	1187,82
225,66	1214,45
225,88	1196,01
226,10	1230,83
226,32	1144,81
226,53	1118,19
226,75	1185,77
226,97	1161,20
227,19	1228,78
227,41	1200,11
227,63	1171,44
227,85	1177,58
228,06	1196,01
228,28	1224,69
228,50	1101,81
228,72	1220,59
228,94	1224,69
229,16	1142,77
229,37	1232,88
229,59	1245,16
229,81	1216,49
230,03	1253,36
230,25	1239,02
230,47	1230,83
230,69	1320,94
230,90	1204,21
231,12	1255,40
231,34	1161,20
231,56	1185,77
231,78	1153,01
232,00	1222,64
232,21	1093,62
232,43	1173,49
232,65	1222,64
232,87	1193,97
233,09	1105,90
233,30	1216,49
233,52	1202,16
233,74	1163,25
233,96	1173,49
234,18	1179,63
234,40	1175,53
234,61	1249,26
234,83	1243,12
235,05	1181,68
235,27	1255,40
235,49	1198,06
235,70	1142,77
235,92	1183,73
236,14	1185,77
236,36	1175,53
236,58	1157,10
236,79	1185,77
237,01	1183,73
237,23	1142,77
237,45	1167,34
237,67	1185,77
237,88	1175,53
238,10	1249,26
238,32	1224,69
238,54	1167,34
238,76	1220,59
238,97	1165,29
239,19	1114,10
239,41	1208,30
239,63	1193,97
239,85	1085,42
240,06	1155,05
240,28	1144,81
240,50	1118,19
240,72	1124,33
240,93	1220,59
241,15	1193,97
241,37	1144,81
241,59	1173,49
241,81	1179,63
242,02	1110,00
242,24	1193,97
242,46	1183,73
242,68	1122,29
242,89	1224,69
243,11	1202,16
243,33	1245,16
243,55	1185,77
243,76	1228,78
243,98	1136,62
244,20	1232,88
244,42	1206,25
244,64	1200,11
244,85	1155,05
245,07	1232,88
245,29	1173,49
245,51	1144,81
245,72	1163,25
245,94	1234,93
246,16	1181,68
246,38	1144,81
246,59	1253,36
246,81	1232,88
247,03	1179,63
247,24	1206,25
247,46	1265,64
247,68	1230,83
247,90	1167,34
248,11	1165,29
248,33	1173,49
248,55	1175,53
248,77	1148,91
248,98	1163,25
249,20	1206,25
249,42	1138,67
249,64	1210,35
249,85	1210,35
250,07	1253,36
250,29	1220,59
250,50	1232,88
250,72	1155,05
250,94	1179,63
251,16	1204,21
251,37	1196,01
251,59	1214,45
251,81	1185,77
252,02	1249,26
252,24	1097,71
252,46	1198,06
252,68	1110,00
252,89	1169,39
253,11	1181,68
253,33	1146,86
253,54	1257,45
253,76	1304,56
253,98	1232,88
254,20	1167,34
254,41	1163,25
254,63	1157,10
254,85	1200,11
255,06	1196,01
255,28	1181,68
255,50	1208,30
255,71	1167,34
255,93	1171,44
256,15	1247,21
256,36	1200,11
256,58	1247,21
256,80	1202,16
257,02	1159,15
257,23	1134,57
257,45	1146,86
257,67	1257,45
257,88	1153,01
258,10	1269,74
258,32	1171,44
258,53	1193,97
258,75	1200,11
258,97	1267,69
259,18	1206,25
259,40	1234,93
259,62	1159,15
259,83	1230,83
260,05	1179,63
260,27	1175,53
260,48	1130,48
260,70	1230,83
260,92	1208,30
261,13	1204,21
261,35	1175,53
261,57	1165,29
261,78	1163,25
262,00	1173,49
262,22	1189,87
262,43	1230,83
262,65	1220,59
262,86	1148,91
263,08	1136,62
263,30	1146,86
263,51	1157,10
263,73	1185,77
263,95	1130,48
264,16	1155,05
264,38	1179,63
264,60	1159,15
264,81	1210,35
265,03	1200,11
265,25	1196,01
265,46	1181,68
265,68	1191,92
265,89	1214,45
266,11	1134,57
266,33	1200,11
266,54	1189,87
266,76	1191,92
266,98	1153,01
267,19	1265,64
267,41	1167,34
267,62	1241,07
267,84	1179,63
268,06	1251,31
268,27	1167,34
268,49	1228,78
268,70	1169,39
268,92	1128,43
269,14	1146,86
269,35	1208,30
269,57	1200,11
269,79	1140,72
270,00	1253,36
270,22	1150,96
270,43	1206,25
270,65	1171,44
270,87	1173,49
271,08	1161,20
271,30	1220,59
271,51	1228,78
271,73	1263,60
271,95	1146,86
272,16	1171,44
272,38	1116,14
272,59	1142,77
272,81	1189,87
273,02	1146,86
273,24	1169,39
273,46	1249,26
273,67	1150,96
273,89	1183,73
274,10	1241,07
274,32	1200,11
274,54	1204,21
274,75	1243,12
274,97	1159,15
275,18	1200,11
275,40	1148,91
275,61	1269,74
275,83	1185,77
276,05	1161,20
276,26	1183,73
276,48	1128,43
276,69	1138,67
276,91	1202,16
277,12	1196,01
277,34	1148,91
277,55	1200,11
277,77	1153,01
277,99	1243,12
278,20	1177,58
278,42	1286,12
278,63	1212,40
278,85	1214,45
279,06	1148,91
279,28	1167,34
279,49	1224,69
279,71	1167,34
279,93	1185,77
280,14	1204,21
280,36	1200,11
280,57	1185,77
280,79	1148,91
281,00	1193,97
281,22	1181,68
281,43	1214,45
281,65	1212,40
281,86	1228,78
282,08	1140,72
282,29	1200,11
282,51	1177,58
282,73	1234,93
282,94	1167,34
283,16	1181,68
283,37	1153,01
283,59	1216,49
283,80	1196,01
284,02	1163,25
284,23	1155,05
284,45	1222,64
284,66	1220,59
284,88	1179,63
285,09	1236,97
285,31	1132,53
285,52	1222,64
285,74	1243,12
285,95	1200,11
286,17	1173,49
286,38	1153,01
286,60	1140,72
286,81	1236,97
287,03	1175,53
287,24	1177,58
287,46	1189,87
287,67	1155,05
287,89	1224,69
288,10	1216,49
288,32	1196,01
288,53	1169,39
288,75	1214,45
288,96	1200,11
289,18	1257,45
289,39	1200,11
289,61	1245,16
289,82	1126,38
290,04	1241,07
290,25	1208,30
290,47	1200,11
290,68	1241,07
290,90	1165,29
291,11	1234,93
291,33	1087,47
291,54	1169,39
291,76	1142,77
291,97	1210,35
292,18	1198,06
292,40	1239,02
292,61	1146,86
292,83	1165,29
293,04	1200,11
293,26	1204,21
293,47	1243,12
293,69	1114,10
293,90	1198,06
294,12	1193,97
294,33	1230,83
294,55	1175,53
294,76	1142,77
294,97	1239,02
295,19	1183,73
295,40	1214,45
295,62	1157,10
295,83	1148,91
296,05	1208,30
296,26	1187,82
296,48	1220,59
296,69	1163,25
296,90	1208,30
297,12	1224,69
297,33	1214,45
297,55	1236,97
297,76	1200,11
297,98	1263,60
298,19	1253,36
298,41	1122,29
298,62	1226,73
298,83	1214,45
299,05	1175,53
299,26	1181,68
299,48	1183,73
299,69	1232,88
299,90	1243,12
300,12	1118,19
300,33	1163,25
300,55	1196,01
300,76	1183,73
300,98	1134,57
301,19	1279,98
301,40	1146,86
301,62	1122,29
301,83	1181,68
302,05	1187,82
302,26	1157,10
302,47	1175,53
302,69	1187,82
302,90	1214,45
303,12	1173,49
303,33	1157,10
303,54	1183,73
303,76	1189,87
303,97	1159,15
304,19	1177,58
304,40	1265,64
304,61	1222,64
304,83	1204,21
305,04	1193,97
305,26	1179,63
305,47	1200,11
305,68	1193,97
305,90	1146,86
306,11	1279,98
306,33	1198,06
306,54	1226,73
306,75	1241,07
306,97	1224,69
307,18	1202,16
307,39	1236,97
307,61	1155,05
307,82	1232,88
308,04	1222,64
308,25	1155,05
308,46	1232,88
308,68	1165,29
308,89	1128,43
309,10	1189,87
309,32	1206,25
309,53	1150,96
309,74	1263,60
309,96	1187,82
310,17	1183,73
310,39	1167,34
310,60	1181,68
310,81	1232,88
311,03	1218,54
311,24	1214,45
311,45	1146,86
311,67	1224,69
311,88	1187,82
312,09	1165,29
312,31	1216,49
312,52	1144,81
312,73	1165,29
312,95	1261,55
313,16	1234,93
313,37	1179,63
313,59	1212,40
313,80	1243,12
314,01	1208,30
314,23	1257,45
314,44	1220,59
314,65	1093,62
314,87	1150,96
315,08	1132,53
315,29	1193,97
315,51	1196,01
315,72	1191,92
315,93	1224,69
316,15	1165,29
316,36	1191,92
316,57	1208,30
316,79	1208,30
317,00	1198,06
317,21	1214,45
317,43	1214,45
317,64	1234,93
317,85	1224,69
318,07	1183,73
318,28	1224,69
318,49	1150,96
318,70	1208,30
318,92	1179,63
319,13	1196,01
319,34	1159,15
319,56	1153,01
319,77	1236,97
319,98	1163,25
320,20	1161,20
320,41	1214,45
320,62	1236,97
320,83	1228,78
321,05	1159,15
321,26	1124,33
321,47	1179,63
321,69	1249,26
321,90	1157,10
322,11	1214,45
322,32	1200,11
322,54	1259,50
322,75	1241,07
322,96	1148,91
323,18	1189,87
323,39	1167,34
323,60	1181,68
323,81	1126,38
324,03	1214,45
324,24	1175,53
324,45	1214,45
324,66	1208,30
324,88	1185,77
325,09	1167,34
325,30	1159,15
325,52	1220,59
325,73	1253,36
325,94	1208,30
326,15	1200,11
326,37	1122,29
326,58	1269,74
326,79	1189,87
327,00	1165,29
327,22	1206,25
327,43	1251,31
327,64	1196,01
327,85	1118,19
328,07	1189,87
328,28	1220,59
328,49	1218,54
328,70	1218,54
328,92	1212,40
329,13	1181,68
329,34	1200,11
329,55	1187,82
329,76	1175,53
329,98	1167,34
330,19	1277,93
330,40	1187,82
330,61	1206,25
330,83	1159,15
331,04	1155,05
331,25	1146,86
331,46	1175,53
331,68	1204,21
331,89	1161,20
332,10	1171,44
332,31	1099,76
332,52	1261,55
332,74	1206,25
332,95	1144,81
333,16	1079,28
333,37	1110,00
333,58	1228,78
333,80	1257,45
334,01	1193,97
334,22	1132,53
334,43	1187,82
334,64	1234,93
334,86	1247,21
335,07	1187,82
335,28	1202,16
335,49	1196,01
335,70	1239,02
335,92	1210,35
336,13	1214,45
336,34	1169,39
336,55	1122,29
336,76	1200,11
336,98	1245,16
337,19	1159,15
337,40	1204,21
337,61	1200,11
337,82	1214,45
338,04	1200,11
338,25	1132,53
338,46	1167,34
338,67	1216,49
338,88	1220,59
339,09	1214,45
339,31	1193,97
339,52	1134,57
339,73	1167,34
339,94	1175,53
340,15	1214,45
340,36	1193,97
340,58	1236,97
340,79	1163,25
341,00	1208,30
341,21	1224,69
341,42	1175,53
341,63	1257,45
341,85	1210,35
342,06	1167,34
342,27	1183,73
342,48	1204,21
342,69	1144,81
342,90	1150,96
343,12	1212,40
343,33	1165,29
343,54	1179,63
343,75	1236,97
343,96	1226,73
344,17	1175,53
344,38	1191,92
344,60	1159,15
344,81	1189,87
345,02	1181,68
345,23	1241,07
345,44	1173,49
345,65	1163,25
345,86	1181,68
346,07	1181,68
346,29	1159,15
346,50	1206,25
346,71	1234,93
346,92	1224,69
347,13	1204,21
347,34	1206,25
347,55	1191,92
347,76	1245,16
347,98	1181,68
348,19	1243,12
348,40	1177,58
348,61	1196,01
348,82	1187,82
349,03	1183,73
349,24	1163,25
349,45	1245,16
349,66	1232,88
349,88	1220,59
350,09	1208,30
350,30	1210,35
350,51	1241,07
350,72	1232,88
350,93	1206,25
351,14	1161,20
351,35	1222,64
351,56	1245,16
351,77	1282,03
351,99	1187,82
352,20	1173,49
352,41	1243,12
352,62	1167,34
352,83	1208,30
353,04	1183,73
353,25	1214,45
353,46	1167,34
353,67	1208,30
353,88	1255,40
354,09	1193,97
354,30	1198,06
354,52	1173,49
354,73	1222,64
354,94	1157,10
355,15	1236,97
355,36	1163,25
355,57	1226,73
355,78	1222,64
355,99	1214,45
356,20	1167,34
356,41	1171,44
356,62	1187,82
356,83	1253,36
357,04	1232,88
357,25	1202,16
357,46	1132,53
357,68	1181,68
357,89	1110,00
358,10	1110,00
358,31	1171,44
358,52	1165,29
358,73	1159,15
358,94	1185,77
359,15	1191,92
359,36	1138,67
359,57	1232,88
359,78	1177,58
359,99	1251,31
360,20	1179,63
360,41	1136,62
360,62	1177,58
360,83	1208,30
361,04	1206,25
361,25	1081,33
361,46	1206,25
361,67	1224,69
361,88	1138,67
362,09	1259,50
362,30	1124,33
362,51	1204,21
362,72	1232,88
362,93	1200,11
363,14	1222,64
363,35	1181,68
363,56	1214,45
363,78	1189,87
363,99	1153,01
364,20	1214,45
364,41	1161,20
364,62	1245,16
364,83	1177,58
365,04	1196,01
365,25	1224,69
365,46	1224,69
365,67	1148,91
365,88	1210,35
366,09	1214,45
366,30	1177,58
366,51	1210,35
366,72	1124,33
366,93	1232,88
367,14	1159,15
367,35	1200,11
367,56	1177,58
367,77	1165,29
367,98	1193,97
368,18	1200,11
368,39	1212,40
368,60	1224,69
368,81	1193,97
369,02	1177,58
369,23	1251,31
369,44	1245,16
369,65	1218,54
369,86	1271,79
370,07	1130,48
370,28	1202,16
370,49	1173,49
370,70	1239,02
370,91	1232,88
371,12	1214,45
371,33	1165,29
371,54	1218,54
371,75	1183,73
371,96	1232,88
372,17	1167,34
372,38	1132,53
372,59	1232,88
372,80	1165,29
373,01	1187,82
373,22	1255,40
373,43	1134,57
373,64	1161,20
373,85	1218,54
374,06	1228,78
374,26	1183,73
374,47	1206,25
374,68	1177,58
374,89	1144,81
375,10	1157,10
375,31	1208,30
375,52	1175,53
375,73	1169,39
375,94	1198,06
376,15	1212,40
376,36	1167,34
376,57	1171,44
376,78	1167,34
376,99	1126,38
377,20	1112,05
377,40	1155,05
377,61	1183,73
377,82	1261,55
378,03	1093,62
378,24	1224,69
378,45	1177,58
378,66	1185,77
378,87	1150,96
379,08	1208,30
379,29	1189,87
379,50	1232,88
379,71	1204,21
379,91	1232,88
380,12	1153,01
380,33	1142,77
380,54	1179,63
380,75	1169,39
380,96	1230,83
381,17	1189,87
381,38	1196,01
381,59	1286,12
381,80	1130,48
382,00	1204,21
382,21	1218,54
382,42	1277,93
382,63	1122,29
382,84	1210,35
383,05	1267,69
383,26	1128,43
383,47	1191,92
383,68	1173,49
383,88	1206,25
384,09	1169,39
384,30	1234,93
384,51	1196,01
384,72	1155,05
384,93	1173,49
385,14	1202,16
385,35	1171,44
385,55	1130,48
385,76	1191,92
385,97	1245,16
386,18	1150,96
386,39	1148,91
386,60	1179,63
386,81	1167,34
387,02	1189,87
387,22	1187,82
387,43	1230,83
387,64	1236,97
387,85	1286,12
388,06	1204,21
388,27	1144,81
388,48	1171,44
388,68	1212,40
388,89	1261,55
389,10	1175,53
389,31	1206,25
389,52	1214,45
389,73	1134,57
389,93	1196,01
390,14	1187,82
390,35	1208,30
390,56	1222,64
390,77	1214,45
390,98	1185,77
391,18	1226,73
391,39	1198,06
391,60	1202,16
391,81	1218,54
392,02	1179,63
392,23	1228,78
392,43	1212,40
392,64	1198,06
392,85	1185,77
393,06	1200,11
393,27	1171,44
393,47	1193,97
393,68	1193,97
393,89	1200,11
394,10	1200,11
394,31	1130,48
394,52	1103,86
394,72	1200,11
394,93	1198,06
395,14	1234,93
395,35	1157,10
395,56	1171,44
395,76	1198,06
395,97	1198,06
396,18	1136,62
396,39	1202,16
396,60	1177,58
396,80	1234,93
397,01	1173,49
397,22	1167,34
397,43	1263,60
397,64	1155,05
397,84	1183,73
398,05	1198,06
398,26	1200,11
398,47	1187,82
398,67	1218,54
398,88	1181,68
399,09	1177,58
399,30	1198,06
399,51	1112,05
399,71	1210,35
399,92	1206,25
400,13	1212,40
400,34	1148,91
400,54	1155,05
400,75	1210,35
400,96	1202,16
401,17	1204,21
401,37	1210,35
401,58	1228,78
401,79	1179,63
402,00	1232,88
402,21	1206,25
402,41	1200,11
402,62	1118,19
402,83	1198,06
403,04	1261,55
403,24	1236,97
403,45	1130,48
403,66	1173,49
403,87	1206,25
404,07	1181,68
404,28	1247,21
404,49	1187,82
404,70	1251,31
404,90	1247,21
405,11	1263,60
405,32	1165,29
405,52	1181,68
405,73	1196,01
405,94	1216,49
406,15	1234,93
406,35	1167,34
406,56	1146,86
406,77	1155,05
406,98	1206,25
407,18	1218,54
407,39	1279,98
407,60	1196,01
407,80	1208,30
408,01	1155,05
408,22	1191,92
408,43	1208,30
408,63	1183,73
408,84	1175,53
409,05	1181,68
409,25	1148,91
409,46	1200,11
409,67	1153,01
409,88	1140,72
410,08	1153,01
410,29	1253,36
410,50	1177,58
410,70	1159,15
410,91	1236,97
411,12	1224,69
411,32	1153,01
411,53	1200,11
411,74	1150,96
411,95	1189,87
412,15	1265,64
412,36	1148,91
412,57	1177,58
412,77	1183,73
412,98	1257,45
413,19	1173,49
413,39	1191,92
413,60	1183,73
413,81	1169,39
414,01	1169,39
414,22	1216,49
414,43	1206,25
414,63	1202,16
414,84	1226,73
415,05	1230,83
415,25	1206,25
415,46	1138,67
415,67	1212,40
415,87	1118,19
416,08	1167,34
416,29	1196,01
416,49	1224,69
416,70	1214,45
416,91	1148,91
417,11	1177,58
417,32	1155,05
417,53	1177,58
417,73	1253,36
417,94	1150,96
418,15	1218,54
418,35	1243,12
418,56	1230,83
418,77	1185,77
418,97	1208,30
419,18	1204,21
419,38	1226,73
419,59	1183,73
419,80	1249,26
420,00	1169,39
420,21	1249,26
420,42	1216,49
420,62	1163,25
420,83	1220,59
421,04	1165,29
421,24	1101,81
421,45	1157,10
421,65	1247,21
421,86	1134,57
422,07	1161,20
422,27	1165,29
422,48	1157,10
422,69	1239,02
422,89	1144,81
423,10	1142,77
423,30	1206,25
423,51	1118,19
423,72	1214,45
423,92	1173,49
424,13	1198,06
424,33	1198,06
424,54	1222,64
424,75	1286,12
424,95	1179,63
425,16	1198,06
425,36	1130,48
425,57	1214,45
425,78	1206,25
425,98	1179,63
426,19	1212,40
426,39	1277,93
426,60	1175,53
426,81	1200,11
427,01	1212,40
427,22	1273,84
427,42	1196,01
427,63	1181,68
427,83	1187,82
428,04	1218,54
428,25	1185,77
428,45	1165,29
428,66	1144,81
428,86	1251,31
429,07	1247,21
429,28	1175,53
429,48	1171,44
429,69	1118,19
429,89	1236,97
430,10	1155,05
430,30	1185,77
430,51	1191,92
430,71	1167,34
430,92	1167,34
431,13	1189,87
431,33	1294,32
431,54	1177,58
431,74	1204,21
431,95	1224,69
432,15	1208,30
432,36	1198,06
432,56	1243,12
432,77	1107,95
432,98	1177,58
433,18	1212,40
433,39	1202,16
433,59	1257,45
433,80	1243,12
434,00	1193,97
434,21	1181,68
434,41	1187,82
434,62	1175,53
434,82	1208,30
435,03	1241,07
435,23	1179,63
435,44	1214,45
435,64	1150,96
435,85	1232,88
436,06	1189,87
436,26	1202,16
436,47	1155,05
436,67	1175,53
436,88	1179,63
437,08	1148,91
437,29	1245,16
437,49	1157,10
437,70	1179,63
437,90	1181,68
438,11	1206,25
438,31	1232,88
438,52	1183,73
438,72	1163,25
438,93	1159,15
439,13	1136,62
439,34	1140,72
439,54	1169,39
439,75	1228,78
439,95	1224,69
440,16	1175,53
440,36	1206,25
440,57	1228,78
440,77	1208,30
440,98	1226,73
441,18	1198,06
441,39	1159,15
441,59	1210,35
441,80	1185,77
442,00	1114,10
442,21	1212,40
442,41	1189,87
442,62	1308,65
442,82	1232,88
443,02	1212,40
443,23	1193,97
443,43	1171,44
443,64	1214,45
443,84	1148,91
444,05	1185,77
444,25	1175,53
444,46	1183,73
444,66	1202,16
444,87	1163,25
445,07	1212,40
445,28	1226,73
445,48	1193,97
445,69	1155,05
445,89	1181,68
446,09	1189,87
446,30	1226,73
446,50	1196,01
446,71	1126,38
446,91	1134,57
447,12	1136,62
447,32	1251,31
447,53	1228,78
447,73	1216,49
447,93	1228,78
448,14	1204,21
448,34	1142,77
448,55	1153,01
448,75	1204,21
448,96	1161,20
449,16	1255,40
449,36	1230,83
449,57	1226,73
449,77	1208,30
449,98	1179,63
450,18	1236,97
450,39	1167,34
450,59	1165,29
450,79	1155,05
451,00	1218,54
451,20	1140,72
451,41	1222,64
451,61	1165,29
451,81	1165,29
452,02	1200,11
452,22	1259,50
452,43	1222,64
452,63	1105,90
452,84	1239,02
453,04	1150,96
453,24	1232,88
453,45	1167,34
453,65	1261,55
453,86	1232,88
454,06	1241,07
454,26	1200,11
454,47	1157,10
454,67	1230,83
454,87	1146,86
455,08	1193,97
455,28	1202,16
455,49	1198,06
455,69	1179,63
455,89	1185,77
456,10	1146,86
456,30	1177,58
456,51	1236,97
456,71	1239,02
456,91	1198,06
457,12	1230,83
457,32	1226,73
457,52	1189,87
457,73	1144,81
457,93	1191,92
458,14	1257,45
458,34	1191,92
458,54	1216,49
458,75	1214,45
458,95	1128,43
459,15	1206,25
459,36	1142,77
459,56	1171,44
459,76	1251,31
459,97	1191,92
460,17	1179,63
460,37	1167,34
460,58	1183,73
460,78	1187,82
460,99	1165,29
461,19	1189,87
461,39	1146,86
461,60	1259,50
461,80	1204,21
462,00	1230,83
462,21	1181,68
462,41	1208,30
462,61	1122,29
462,82	1161,20
463,02	1161,20
463,22	1200,11
463,43	1202,16
463,63	1196,01
463,83	1191,92
464,04	1169,39
464,24	1157,10
464,44	1251,31
464,64	1236,97
464,85	1173,49
465,05	1216,49
465,25	1204,21
465,46	1191,92
465,66	1298,41
465,86	1220,59
466,07	1093,62
466,27	1167,34
466,47	1173,49
466,68	1210,35
466,88	1163,25
467,08	1140,72
467,29	1159,15
467,49	1222,64
467,69	1191,92
467,89	1251,31
468,10	1157,10
468,30	1185,77
468,50	1220,59
468,71	1214,45
468,91	1232,88
469,11	1212,40
469,31	1148,91
469,52	1214,45
469,72	1155,05
469,92	1169,39
470,13	1140,72
470,33	1157,10
470,53	1216,49
470,73	1144,81
470,94	1206,25
471,14	1157,10
471,34	1159,15
471,54	1122,29
471,75	1183,73
471,95	1122,29
472,15	1118,19
472,36	1169,39
472,56	1212,40
472,76	1208,30
472,96	1239,02
473,17	1220,59
473,37	1234,93
473,57	1245,16
473,77	1230,83
473,98	1163,25
474,18	1107,95
474,38	1153,01
474,58	1236,97
474,79	1239,02
474,99	1265,64
475,19	1230,83
475,39	1196,01
475,60	1212,40
475,80	1204,21
476,00	1155,05
476,20	1142,77
476,41	1183,73
476,61	1155,05
476,81	1167,34
477,01	1275,88
477,21	1175,53
477,42	1191,92
477,62	1122,29
477,82	1224,69
478,02	1175,53
478,23	1130,48
478,43	1163,25
478,63	1173,49
478,83	1277,93
479,03	1157,10
479,24	1175,53
479,44	1191,92
479,64	1255,40
479,84	1191,92
480,04	1220,59
480,25	1179,63
480,45	1208,30
480,65	1220,59
480,85	1200,11
481,06	1107,95
481,26	1206,25
481,46	1198,06
481,66	1196,01
481,86	1191,92
482,06	1222,64
482,27	1118,19
482,47	1159,15
482,67	1228,78
482,87	1216,49
483,07	1234,93
483,28	1128,43
483,48	1257,45
483,68	1224,69
483,88	1173,49
484,08	1189,87
484,29	1175,53
484,49	1183,73
484,69	1157,10
484,89	1226,73
485,09	1206,25
485,29	1150,96
485,50	1167,34
485,70	1148,91
485,90	1191,92
486,10	1183,73
486,30	1212,40
486,50	1181,68
486,71	1183,73
486,91	1169,39
487,11	1206,25
487,31	1226,73
487,51	1175,53
487,71	1193,97
487,91	1239,02
488,12	1183,73
488,32	1138,67
488,52	1196,01
488,72	1212,40
488,92	1165,29
489,12	1265,64
489,32	1226,73
489,53	1214,45
489,73	1159,15
489,93	1138,67
490,13	1112,05
490,33	1220,59
490,53	1181,68
490,73	1284,08
490,94	1138,67
491,14	1232,88
491,34	1222,64
491,54	1150,96
491,74	1153,01
491,94	1220,59
492,14	1249,26
492,34	1204,21
492,54	1257,45
492,75	1247,21
492,95	1185,77
493,15	1179,63
493,35	1179,63
493,55	1239,02
493,75	1224,69
493,95	1138,67
494,15	1179,63
494,35	1159,15
494,56	1243,12
494,76	1232,88
494,96	1173,49
495,16	1150,96
495,36	1167,34
495,56	1200,11
495,76	1239,02
495,96	1255,40
496,16	1222,64
496,36	1165,29
496,56	1239,02
496,77	1212,40
496,97	1206,25
497,17	1150,96
497,37	1169,39
497,57	1206,25
497,77	1239,02
497,97	1150,96
498,17	1191,92
498,37	1255,40
498,57	1204,21
498,77	1144,81
498,97	1204,21
499,17	1167,34
499,38	1120,24
499,58	1220,59
499,78	1224,69
499,98	1210,35
500,18	1144,81
500,38	1157,10
500,58	1112,05
500,78	1140,72
500,98	1138,67
501,18	1206,25
501,38	1216,49
501,58	1261,55
501,78	1142,77
501,98	1126,38
502,18	1181,68
502,38	1267,69
502,58	1198,06
502,78	1200,11
502,98	1179,63
503,18	1239,02
503,38	1204,21
503,59	1196,01
503,79	1107,95
503,99	1191,92
504,19	1198,06
504,39	1220,59
504,59	1179,63
504,79	1169,39
504,99	1220,59
505,19	1257,45
505,39	1255,40
505,59	1210,35
505,79	1179,63
505,99	1212,40
506,19	1191,92
506,39	1189,87
506,59	1179,63
506,79	1204,21
506,99	1220,59
507,19	1187,82
507,39	1183,73
507,59	1247,21
507,79	1191,92
507,99	1239,02
508,19	1216,49
508,39	1153,01
508,59	1228,78
508,79	1284,08
508,99	1171,44
509,19	1134,57
509,39	1183,73
509,59	1226,73
509,79	1191,92
509,99	1191,92
510,19	1179,63
510,39	1191,92
510,59	1142,77
510,79	1163,25
510,99	1134,57
511,19	1191,92
511,39	1253,36
511,59	1130,48
511,79	1204,21
511,99	1165,29
512,19	1198,06
512,38	1150,96
512,58	1177,58
512,78	1257,45
512,98	1212,40
513,18	1263,60
513,38	1200,11
513,58	1181,68
513,78	1187,82
513,98	1130,48
514,18	1179,63
514,38	1179,63
514,58	1138,67
514,78	1163,25
514,98	1208,30
515,18	1167,34
515,38	1179,63
515,58	1259,50
515,78	1163,25
515,98	1208,30
516,18	1230,83
516,38	1214,45
516,57	1150,96
516,77	1175,53
516,97	1298,41
517,17	1206,25
517,37	1206,25
517,57	1187,82
517,77	1144,81
517,97	1179,63
518,17	1222,64
518,37	1241,07
518,57	1228,78
518,77	1196,01
518,97	1179,63
519,16	1241,07
519,36	1157,10
519,56	1322,99
519,76	1241,07
519,96	1175,53
520,16	1181,68
520,36	1175,53
520,56	1171,44
520,76	1241,07
520,96	1144,81
521,16	1222,64
521,35	1245,16
521,55	1187,82
521,75	1136,62
521,95	1224,69
522,15	1179,63
522,35	1204,21
522,55	1183,73
522,75	1198,06
522,95	1202,16
523,14	1208,30
523,34	1263,60
523,54	1198,06
523,74	1212,40
523,94	1187,82
524,14	1185,77
524,34	1136,62
524,54	1193,97
524,73	1249,26
524,93	1138,67
525,13	1232,88
525,33	1218,54
525,53	1226,73
525,73	1191,92
525,93	1167,34
526,13	1206,25
526,32	1173,49
526,52	1222,64
526,72	1181,68
526,92	1191,92
527,12	1165,29
527,32	1212,40
527,52	1214,45
527,71	1183,73
527,91	1214,45
528,11	1247,21
528,31	1183,73
528,51	1224,69
528,71	1187,82
528,90	1173,49
529,10	1208,30
529,30	1161,20
529,50	1181,68
529,70	1218,54
529,90	1126,38
530,09	1230,83
530,29	1234,93
530,49	1134,57
530,69	1155,05
530,89	1216,49
531,09	1167,34
531,28	1247,21
531,48	1148,91
531,68	1220,59
531,88	1210,35
532,08	1159,15
532,28	1265,64
532,47	1193,97
532,67	1198,06
532,87	1214,45
533,07	1175,53
533,27	1163,25
533,46	1204,21
533,66	1185,77
533,86	1226,73
534,06	1122,29
534,26	1228,78
534,45	1220,59
534,65	1243,12
534,85	1183,73
535,05	1148,91
535,25	1159,15
535,44	1171,44
535,64	1196,01
535,84	1155,05
536,04	1138,67
536,24	1165,29
536,43	1204,21
536,63	1208,30
536,83	1212,40
537,03	1189,87
537,22	1165,29
537,42	1249,26
537,62	1290,22
537,82	1234,93
538,02	1236,97
538,21	1222,64
538,41	1173,49
538,61	1249,26
538,81	1169,39
539,00	1257,45
539,20	1136,62
539,40	1216,49
539,60	1179,63
539,79	1212,40
539,99	1185,77
540,19	1241,07
540,39	1107,95
540,58	1175,53
540,78	1144,81
540,98	1187,82
541,18	1167,34
541,37	1284,08
541,57	1155,05
541,77	1183,73
541,97	1159,15
542,16	1157,10
542,36	1220,59
542,56	1214,45
542,76	1214,45
542,95	1198,06
543,15	1187,82
543,35	1216,49
543,54	1206,25
543,74	1101,81
543,94	1179,63
544,14	1179,63
544,33	1105,90
544,53	1236,97
544,73	1198,06
544,93	1130,48
545,12	1232,88
545,32	1241,07
545,52	1198,06
545,71	1206,25
545,91	1097,71
546,11	1191,92
546,30	1128,43
546,50	1261,55
546,70	1298,41
546,90	1312,75
547,09	1175,53
547,29	1181,68
547,49	1105,90
547,68	1175,53
547,88	1159,15
548,08	1212,40
548,27	1175,53
548,47	1181,68
548,67	1183,73
548,87	1234,93
549,06	1163,25
549,26	1167,34
549,46	1224,69
549,65	1241,07
549,85	1212,40
550,05	1167,34
550,24	1220,59
550,44	1269,74
550,64	1165,29
550,83	1177,58
551,03	1202,16
551,23	1243,12
551,42	1196,01
551,62	1200,11
551,82	1183,73
552,01	1241,07
552,21	1193,97
552,41	1206,25
552,60	1181,68
552,80	1193,97
553,00	1167,34
553,19	1230,83
553,39	1228,78
553,59	1183,73
553,78	1200,11
553,98	1148,91
554,17	1157,10
554,37	1198,06
554,57	1146,86
554,76	1163,25
554,96	1210,35
555,16	1249,26
555,35	1179,63
555,55	1263,60
555,75	1148,91
555,94	1259,50
556,14	1167,34
556,33	1214,45
556,53	1226,73
556,73	1216,49
556,92	1224,69
557,12	1189,87
557,32	1241,07
557,51	1150,96
557,71	1171,44
557,90	1198,06
558,10	1245,16
558,30	1144,81
558,49	1157,10
558,69	1116,14
558,88	1226,73
559,08	1196,01
559,28	1214,45
559,47	1167,34
559,67	1228,78
559,86	1200,11
560,06	1179,63
560,26	1204,21
560,45	1214,45
560,65	1216,49
560,84	1187,82
561,04	1144,81
561,24	1163,25
561,43	1175,53
561,63	1224,69
561,82	1216,49
562,02	1241,07
562,22	1232,88
562,41	1196,01
562,61	1234,93
562,80	1198,06
563,00	1236,97
563,19	1210,35
563,39	1269,74
563,59	1245,16
563,78	1208,30
563,98	1253,36
564,17	1239,02
564,37	1220,59
564,56	1253,36
564,76	1142,77
564,96	1255,40
565,15	1173,49
565,35	1181,68
565,54	1226,73
565,74	1087,47
565,93	1226,73
566,13	1218,54
566,32	1245,16
566,52	1296,36
566,71	1185,77
566,91	1243,12
567,11	1245,16
567,30	1189,87
567,50	1198,06
567,69	1163,25
567,89	1210,35
568,08	1216,49
568,28	1218,54
568,47	1140,72
568,67	1118,19
568,86	1208,30
569,06	1132,53
569,25	1251,31
569,45	1214,45
569,64	1208,30
569,84	1142,77
570,04	1183,73
570,23	1220,59
570,43	1183,73
570,62	1165,29
570,82	1175,53
571,01	1204,21
571,21	1210,35
571,40	1206,25
571,60	1165,29
571,79	1183,73
571,99	1220,59
572,18	1204,21
572,38	1218,54
572,57	1167,34
572,77	1200,11
572,96	1175,53
573,16	1243,12
573,35	1150,96
573,55	1224,69
573,74	1153,01
573,94	1220,59
574,13	1116,14
574,33	1212,40
574,52	1214,45
574,71	1142,77
574,91	1122,29
575,10	1236,97
575,30	1142,77
575,49	1214,45
575,69	1196,01
575,88	1146,86
576,08	1226,73
576,27	1155,05
576,47	1179,63
576,66	1214,45
576,86	1279,98
577,05	1175,53
577,25	1251,31
577,44	1218,54
577,64	1214,45
577,83	1234,93
578,02	1198,06
578,22	1228,78
578,41	1230,83
578,61	1155,05
578,80	1187,82
579,00	1208,30
579,19	1169,39
579,39	1241,07
579,58	1144,81
579,77	1179,63
579,97	1228,78
580,16	1232,88
580,36	1243,12
580,55	1185,77
580,75	1282,03
580,94	1173,49
581,13	1265,64
581,33	1153,01
581,52	1126,38
581,72	1175,53
581,91	1198,06
582,11	1232,88
582,30	1222,64
582,49	1183,73
582,69	1230,83
582,88	1187,82
583,08	1224,69
583,27	1187,82
583,47	1148,91
583,66	1243,12
583,85	1101,81
584,05	1169,39
584,24	1220,59
584,44	1187,82
584,63	1132,53
584,82	1210,35
585,02	1198,06
585,21	1163,25
585,41	1218,54
585,60	1249,26
585,79	1150,96
585,99	1171,44
586,18	1155,05
586,37	1226,73
586,57	1181,68
586,76	1253,36
586,96	1179,63
587,15	1179,63
587,34	1146,86
587,54	1267,69
587,73	1251,31
587,93	1271,79
588,12	1187,82
588,31	1189,87
588,51	1208,30
588,70	1179,63
588,89	1275,88
589,09	1196,01
589,28	1175,53
589,47	1196,01
589,67	1134,57
589,86	1232,88
590,06	1169,39
590,25	1155,05
590,44	1222,64
590,64	1230,83
590,83	1234,93
591,02	1206,25
591,22	1183,73
591,41	1126,38
591,60	1189,87
591,80	1290,22
591,99	1185,77
592,18	1185,77
592,38	1183,73
592,57	1261,55
592,76	1181,68
592,96	1099,76
593,15	1181,68
593,34	1249,26
593,54	1228,78
593,73	1216,49
593,92	1204,21
594,12	1232,88
594,31	1187,82
594,50	1148,91
594,70	1230,83
594,89	1155,05
595,08	1212,40
595,28	1177,58
595,47	1191,92
595,66	1167,34
595,86	1228,78
596,05	1189,87
596,24	1171,44
596,43	1200,11
596,63	1255,40
596,82	1167,34
597,01	1142,77
597,21	1148,91
597,40	1183,73
597,59	1200,11
597,79	1163,25
597,98	1206,25
598,17	1157,10
598,36	1202,16
598,56	1163,25
598,75	1198,06
598,94	1171,44
599,14	1284,08
599,33	1204,21
599,52	1198,06
599,71	1216,49
599,91	1277,93
600,10	1142,77
600,29	1189,87
600,48	1251,31
600,68	1191,92
600,87	1191,92
601,06	1183,73
601,26	1234,93
601,45	1208,30
601,64	1228,78
601,83	1224,69
602,03	1200,11
602,22	1128,43
602,41	1130,48
602,60	1191,92
602,80	1200,11
602,99	1212,40
603,18	1144,81
603,37	1155,05
603,57	1220,59
603,76	1165,29
603,95	1140,72
604,14	1247,21
604,34	1181,68
604,53	1218,54
604,72	1208,30
604,91	1181,68
605,10	1269,74
605,30	1261,55
605,49	1210,35
605,68	1159,15
605,87	1167,34
606,07	1222,64
606,26	1200,11
606,45	1232,88
606,64	1167,34
606,84	1148,91
607,03	1163,25
607,22	1216,49
607,41	1259,50
607,60	1179,63
607,80	1220,59
607,99	1185,77
608,18	1259,50
608,37	1181,68
608,56	1206,25
608,76	1206,25
608,95	1259,50
609,14	1222,64
609,33	1189,87
609,52	1212,40
609,72	1159,15
609,91	1206,25
610,10	1179,63
610,29	1159,15
610,48	1150,96
610,68	1218,54
610,87	1204,21
611,06	1181,68
611,25	1208,30
611,44	1169,39
611,63	1148,91
611,83	1202,16
612,02	1243,12
612,21	1185,77
612,40	1267,69
612,59	1222,64
612,79	1253,36
612,98	1122,29
613,17	1183,73
613,36	1218,54
613,55	1216,49
613,74	1181,68
613,93	1253,36
614,13	1224,69
614,32	1200,11
614,51	1212,40
614,70	1140,72
614,89	1175,53
615,08	1196,01
615,28	1220,59
615,47	1126,38
615,66	1110,00
615,85	1204,21
616,04	1206,25
616,23	1150,96
616,42	1214,45
616,62	1216,49
616,81	1189,87
617,00	1179,63
617,19	1284,08
617,38	1187,82
617,57	1187,82
617,76	1128,43
617,95	1204,21
618,15	1220,59
618,34	1193,97
618,53	1122,29
618,72	1177,58
618,91	1175,53
619,10	1148,91
619,29	1185,77
619,48	1198,06
619,68	1187,82
619,87	1228,78
620,06	1214,45
620,25	1239,02
620,44	1202,16
620,63	1261,55
620,82	1148,91
621,01	1155,05
621,20	1118,19
621,39	1247,21
621,59	1155,05
621,78	1196,01
621,97	1220,59
622,16	1153,01
622,35	1179,63
622,54	1179,63
622,73	1200,11
622,92	1173,49
623,11	1114,10
623,30	1183,73
623,49	1173,49
623,68	1101,81
623,88	1177,58
624,07	1175,53
624,26	1241,07
624,45	1173,49
624,64	1155,05
624,83	1204,21
625,02	1232,88
625,21	1165,29
625,40	1177,58
625,59	1161,20
625,78	1243,12
625,97	1187,82
626,16	1277,93
626,35	1179,63
626,54	1200,11
626,74	1183,73
626,93	1153,01
627,12	1208,30
627,31	1230,83
627,50	1232,88
627,69	1253,36
627,88	1222,64
628,07	1214,45
628,26	1169,39
628,45	1144,81
628,64	1148,91
628,83	1167,34
629,02	1196,01
629,21	1173,49
629,40	1200,11
629,59	1175,53
629,78	1179,63
629,97	1222,64
630,16	1216,49
630,35	1212,40
630,54	1222,64
630,73	1259,50
630,92	1177,58
631,11	1189,87
631,30	1236,97
631,49	1228,78
631,68	1316,84
631,87	2473,95
632,06	8046,47
632,25	17059,58
632,44	21200,57
632,63	26963,56
632,82	14597,92
633,01	8273,79
633,20	3913,67
633,39	2162,66
633,58	1716,20
633,77	1710,05
633,96	1630,18
634,15	1368,04
634,34	1355,76
634,53	1296,36
634,72	1400,81
634,91	1349,61
635,10	1214,45
635,29	1267,69
635,48	1284,08
635,67	1228,78
635,86	1202,16
636,05	1216,49
636,24	1202,16
636,43	1218,54
636,62	1175,53
636,81	1175,53
637,00	1222,64
637,19	1206,25
637,38	1298,41
637,57	1198,06
637,76	1155,05
637,95	1220,59
638,14	1179,63
638,33	1146,86
638,52	1206,25
638,71	1220,59
638,89	1173,49
639,08	1185,77
639,27	1241,07
639,46	1167,34
639,65	1222,64
639,84	1187,82
640,03	1146,86
640,22	1261,55
640,41	1157,10
640,60	1257,45
640,79	1234,93
640,98	1282,03
641,17	1208,30
641,36	1130,48
641,55	1185,77
641,74	1169,39
641,92	1202,16
642,11	1208,30
642,30	1187,82
642,49	1253,36
642,68	1157,10
642,87	1171,44
643,06	1181,68
643,25	1204,21
643,44	1196,01
643,63	1132,53
643,82	1249,26
644,00	1181,68
644,19	1249,26
644,38	1144,81
644,57	1216,49
644,76	1179,63
644,95	1189,87
645,14	1198,06
645,33	1189,87
645,52	1183,73
645,71	1230,83
645,89	1181,68
646,08	1183,73
646,27	1150,96
646,46	1282,03
646,65	1247,21
646,84	1196,01
647,03	1114,10
647,22	1271,79
647,40	1218,54
647,59	1150,96
647,78	1196,01
647,97	1202,16
648,16	1220,59
648,35	1198,06
648,54	1173,49
648,73	1189,87
648,91	1120,24
649,10	1183,73
649,29	1196,01
649,48	1146,86
649,67	1206,25
649,86	1159,15
650,05	1216,49
650,23	1220,59
650,42	1150,96
650,61	1159,15
650,80	1222,64
650,99	1222,64
651,18	1144,81
651,36	1234,93
651,55	1132,53
651,74	1163,25
651,93	1206,25
652,12	1161,20
652,31	1165,29
652,49	1167,34
652,68	1247,21
652,87	1208,30
653,06	1226,73
653,25	1161,20
653,44	1134,57
653,62	1224,69
653,81	1212,40
654,00	1189,87
654,19	1161,20
654,38	1193,97
654,56	1069,04
654,75	1259,50
654,94	1153,01
655,13	1200,11
655,32	1189,87
655,51	1222,64
655,69	1232,88
655,88	1222,64
656,07	1155,05
656,26	1177,58
656,45	1153,01
656,63	1222,64
656,82	1138,67
657,01	1183,73
657,20	1146,86
657,38	1232,88
657,57	1134,57
657,76	1181,68
657,95	1198,06
658,14	1181,68
658,32	1165,29
658,51	1208,30
658,70	1245,16
658,89	1144,81
659,08	1163,25
659,26	1173,49
659,45	1200,11
659,64	1169,39
659,83	1212,40
660,01	1144,81
660,20	1183,73
660,39	1128,43
660,58	1206,25
660,76	1183,73
660,95	1200,11
661,14	1171,44
661,33	1155,05
661,51	1239,02
661,70	1198,06
661,89	1161,20
662,08	1183,73
662,26	1189,87
662,45	1175,53
662,64	1214,45
662,83	1259,50
663,01	1216,49
663,20	1261,55
663,39	1142,77
663,58	1153,01
663,76	1169,39
663,95	1187,82
664,14	1185,77
664,32	1183,73
664,51	1146,86
664,70	1171,44
664,89	1212,40
665,07	1150,96
665,26	1167,34
665,45	1163,25
665,64	1196,01
665,82	1107,95
666,01	1241,07
666,20	1230,83
666,38	1132,53
666,57	1144,81
666,76	1218,54
666,95	1179,63
667,13	1189,87
667,32	1114,10
667,51	1157,10
667,69	1140,72
667,88	1155,05
668,07	1191,92
668,25	1159,15
668,44	1198,06
668,63	1243,12
668,81	1218,54
669,00	1200,11
669,19	1265,64
669,38	1253,36
669,56	1150,96
669,75	1124,33
669,94	1206,25
670,12	1189,87
670,31	1179,63
670,50	1208,30
670,68	1185,77
670,87	1177,58
671,06	1116,14
671,24	1161,20
671,43	1181,68
671,62	1134,57
671,80	1222,64
671,99	1208,30
672,18	1136,62
672,36	1175,53
672,55	1255,40
672,74	1159,15
672,92	1148,91
673,11	1239,02
673,29	1187,82
673,48	1255,40
673,67	1175,53
673,85	1206,25
674,04	1204,21
674,23	1202,16
674,41	1138,67
674,60	1142,77
674,79	1175,53
674,97	1093,62
675,16	1253,36
675,34	1224,69
675,53	1191,92
675,72	1222,64
675,90	1202,16
676,09	1208,30
676,28	1150,96
676,46	1146,86
676,65	1138,67
676,83	1204,21
677,02	1173,49
677,21	1161,20
677,39	1140,72
677,58	1085,42
677,77	1153,01
677,95	1222,64
678,14	1134,57
678,32	1150,96
678,51	1157,10
678,70	1265,64
678,88	1208,30
679,07	1193,97
679,25	1181,68
679,44	1284,08
679,63	1198,06
679,81	1181,68
680,00	1163,25
680,18	1181,68
680,37	1257,45
680,55	1245,16
680,74	1220,59
680,93	1118,19
681,11	1150,96
681,30	1234,93
681,48	1185,77
681,67	1175,53
681,85	1210,35
682,04	1161,20
682,23	1130,48
682,41	1230,83
682,60	1200,11
682,78	1247,21
682,97	1167,34
683,15	1122,29
683,34	1216,49
683,53	1171,44
683,71	1232,88
683,90	1230,83
684,08	1134,57
684,27	1224,69
684,45	1210,35
684,64	1212,40
684,82	1210,35
685,01	1165,29
685,19	1163,25
685,38	1212,40
685,57	1220,59
685,75	1236,97
685,94	1214,45
686,12	1193,97
686,31	1210,35
686,49	1239,02
686,68	1155,05
686,86	1167,34
687,05	1249,26
687,23	1208,30
687,42	1206,25
687,60	1196,01
687,79	1165,29
687,97	1204,21
688,16	1183,73
688,34	1234,93
688,53	1146,86
688,71	1175,53
688,90	1189,87
689,08	1232,88
689,27	1218,54
689,45	1200,11
689,64	1159,15
689,82	1183,73
690,01	1187,82
690,19	1173,49
690,38	1243,12
690,56	1222,64
690,75	1142,77
690,93	1239,02
691,12	1167,34
691,30	1218,54
691,49	1093,62
691,67	1175,53
691,86	1230,83
692,04	1191,92
692,23	1171,44
692,41	1277,93
692,60	1228,78
692,78	1236,97
692,97	1228,78
693,15	1167,34
693,34	1212,40
693,52	1173,49
693,71	1173,49
693,89	1216,49
694,08	1173,49
694,26	1155,05
694,44	1175,53
694,63	1189,87
694,81	1210,35
695,00	1208,30
695,18	1214,45
695,37	1253,36
695,55	1165,29
695,74	1200,11
695,92	1150,96
696,10	1208,30
696,29	1198,06
696,47	1200,11
696,66	1173,49
696,84	1245,16
697,03	1196,01
697,21	1279,98
697,40	1200,11
697,58	1177,58
697,76	1138,67
697,95	1230,83
698,13	1142,77
698,32	1189,87
698,50	1265,64
698,68	1218,54
698,87	1175,53
699,05	1234,93
699,24	1153,01
699,42	1189,87
699,61	1239,02
699,79	1220,59
699,97	1243,12
700,16	1163,25
700,34	1247,21
700,53	1163,25
700,71	1189,87
700,89	1232,88
701,08	1198,06
701,26	1189,87
701,45	1144,81
701,63	1196,01
701,81	1189,87
702,00	1140,72
702,18	1236,97
702,37	1167,34
702,55	1183,73
702,73	1112,05
702,92	1187,82
703,10	1142,77
703,28	1167,34
703,47	1183,73
703,65	1103,86
703,84	1175,53
704,02	1177,58
704,20	1265,64
704,39	1200,11
704,57	1218,54
704,75	1112,05
704,94	1198,06
705,12	1126,38
705,30	1159,15
705,49	1202,16
705,67	1200,11
705,86	1210,35
706,04	1173,49
706,22	1169,39
706,41	1255,40
706,59	1236,97
706,77	1232,88
706,96	1122,29
707,14	1210,35
707,32	1267,69
707,51	1249,26
707,69	1232,88
707,87	1157,10
708,06	1138,67
708,24	1148,91
708,42	1161,20
708,61	1212,40
708,79	1161,20
708,97	1239,02
709,16	1218,54
709,34	1146,86
709,52	1239,02
709,71	1206,25
709,89	1128,43
710,07	1110,00
710,26	1136,62
710,44	1200,11
710,62	1169,39
710,80	1126,38
710,99	1155,05
711,17	1212,40
711,35	1282,03
711,54	1126,38
711,72	1245,16
711,90	1189,87
712,09	1181,68
712,27	1236,97
712,45	1263,60
712,63	1189,87
712,82	1146,86
713,00	1157,10
713,18	1153,01
713,37	1107,95
713,55	1216,49
713,73	1265,64
713,91	1179,63
714,10	1177,58
714,28	1196,01
714,46	1212,40
714,65	1179,63
714,83	1243,12
715,01	1155,05
715,19	1253,36
715,38	1189,87
715,56	1214,45
715,74	1138,67
715,92	1208,30
716,11	1159,15
716,29	1279,98
716,47	1148,91
716,65	1241,07
716,84	1144,81
717,02	1155,05
717,20	1155,05
717,38	1214,45
717,57	1146,86
717,75	1243,12
717,93	1128,43
718,11	1181,68
718,30	1175,53
718,48	1165,29
718,66	1175,53
718,84	1230,83
719,03	1226,73
719,21	1200,11
719,39	1167,34
719,57	1257,45
719,75	1212,40
719,94	1157,10
720,12	1216,49
720,30	1179,63
720,48	1210,35
720,67	1257,45
720,85	1208,30
721,03	1220,59
721,21	1187,82
721,39	1226,73
721,58	1173,49
721,76	1224,69
721,94	1222,64
722,12	1181,68
722,30	1208,30
722,49	1181,68
722,67	1290,22
722,85	1243,12
723,03	1126,38
723,21	1193,97
723,40	1200,11
723,58	1171,44
723,76	1144,81
723,94	1212,40
724,12	1155,05
724,30	1204,21
724,49	1204,21
724,67	1191,92
724,85	1230,83
725,03	1241,07
725,21	1226,73
725,40	1200,11
725,58	1167,34
725,76	1171,44
725,94	1208,30
726,12	1171,44
726,30	1132,53
726,49	1200,11
726,67	1249,26
726,85	1247,21
727,03	1150,96
727,21	1189,87
727,39	1193,97
727,57	1163,25
727,76	1159,15
727,94	1142,77
728,12	1165,29
728,30	1189,87
728,48	1185,77
728,66	1204,21
728,84	1155,05
729,03	1185,77
729,21	1286,12
729,39	1196,01
729,57	1210,35
729,75	1257,45
729,93	1228,78
730,11	1243,12
730,30	1146,86
730,48	1232,88
730,66	1204,21
730,84	1241,07
731,02	1265,64
731,20	1232,88
731,38	1126,38
731,56	1153,01
731,74	1228,78
731,93	1196,01
732,11	1130,48
732,29	1191,92
732,47	1136,62
732,65	1247,21
732,83	1204,21
733,01	1196,01
733,19	1210,35
733,37	1173,49
733,56	1191,92
733,74	1222,64
733,92	1206,25
734,10	1210,35
734,28	1155,05
734,46	1220,59
734,64	1183,73
734,82	1210,35
735,00	1210,35
735,18	1200,11
735,36	1171,44
735,54	1265,64
735,73	1245,16
735,91	1179,63
736,09	1140,72
736,27	1177,58
736,45	1150,96
736,63	1128,43
736,81	1171,44
736,99	1255,40
737,17	1157,10
737,35	1193,97
737,53	1153,01
737,71	1181,68
737,89	1189,87
738,07	1216,49
738,25	1105,90
738,43	1216,49
738,61	1150,96
738,80	1200,11
738,98	1187,82
739,16	1230,83
739,34	1189,87
739,52	1241,07
739,70	1130,48
739,88	1153,01
740,06	1247,21
740,24	1146,86
740,42	1179,63
740,60	1204,21
740,78	1212,40
740,96	1146,86
741,14	1183,73
741,32	1173,49
741,50	1169,39
741,68	1236,97
741,86	1204,21
742,04	1202,16
742,22	1150,96
742,40	1224,69
742,58	1204,21
742,76	1163,25
742,94	1177,58
743,12	1177,58
743,30	1177,58
743,48	1167,34
743,66	1212,40
743,84	1251,31
744,02	1148,91
744,20	1191,92
744,38	1193,97
744,56	1200,11
744,74	1175,53
744,92	1110,00
745,10	1193,97
745,28	1232,88
745,46	1226,73
745,64	1181,68
745,82	1216,49
746,00	1165,29
746,18	1216,49
746,36	1193,97
746,54	1179,63
746,72	1150,96
746,90	1206,25
747,08	1175,53
747,26	1159,15
747,44	1241,07
747,62	1183,73
747,80	1261,55
747,98	1241,07
748,15	1198,06
748,33	1159,15
748,51	1112,05
748,69	1269,74
748,87	1144,81
749,05	1189,87
749,23	1179,63
749,41	1181,68
749,59	1093,62
749,77	1196,01
749,95	1173,49
750,13	1196,01
750,31	1200,11
750,49	1146,86
750,67	1173,49
750,85	1187,82
751,03	1181,68
751,20	1249,26
751,38	1140,72
751,56	1218,54
751,74	1273,84
751,92	1150,96
752,10	1243,12
752,28	1212,40
752,46	1243,12
752,64	1204,21
752,82	1204,21
753,00	1198,06
753,18	1208,30
753,35	1191,92
753,53	1249,26
753,71	1169,39
753,89	1236,97
754,07	1181,68
754,25	1212,40
754,43	1165,29
754,61	1204,21
754,79	1257,45
754,97	1241,07
755,14	1171,44
755,32	1161,20
755,50	1224,69
755,68	1200,11
755,86	1167,34
756,04	1234,93
756,22	1193,97
756,40	1169,39
756,57	1245,16
756,75	1253,36
756,93	1241,07
757,11	1183,73
757,29	1138,67
757,47	1218,54
757,65	1185,77
757,82	1163,25
758,00	1116,14
758,18	1220,59
758,36	1103,86
758,54	1099,76
758,72	1193,97
758,90	1257,45
759,07	1181,68
759,25	1150,96
759,43	1187,82
759,61	1179,63
759,79	1220,59
759,97	1236,97
760,15	1226,73
760,32	1210,35
760,50	1196,01
760,68	1169,39
760,86	1173,49
761,04	1290,22
761,22	1265,64
761,39	1169,39
761,57	1253,36
761,75	1214,45
761,93	1208,30
762,11	1187,82
762,28	1169,39
762,46	1200,11
762,64	1216,49
762,82	1165,29
763,00	1222,64
763,18	1255,40
763,35	1206,25
763,53	1232,88
763,71	1208,30
763,89	1161,20
764,07	1218,54
764,24	1153,01
764,42	1200,11
764,60	1204,21
764,78	1185,77
764,96	1165,29
765,13	1161,20
765,31	1161,20
765,49	1212,40
765,67	1216,49
765,84	1193,97
766,02	1247,21
766,20	1138,67
766,38	1134,57
766,56	1124,33
766,73	1159,15
766,91	1191,92
767,09	1122,29
767,27	1175,53
767,44	1218,54
767,62	1157,10
767,80	1200,11
767,98	1138,67
768,15	1189,87
768,33	1196,01
768,51	1169,39
768,69	1230,83
768,87	1245,16
769,04	1224,69
769,22	1173,49
769,40	1236,97
769,58	1206,25
769,75	1210,35
769,93	1171,44
770,11	1187,82
770,28	1247,21
770,46	1198,06
770,64	1193,97
770,82	1232,88
770,99	1175,53
771,17	1185,77
771,35	1155,05
771,53	1136,62
771,70	1232,88
771,88	1228,78
772,06	1202,16
772,23	1200,11
772,41	1275,88
772,59	1163,25
772,77	1214,45
772,94	1177,58
773,12	1191,92
773,30	1218,54
773,47	1130,48
773,65	1183,73
773,83	1171,44
774,01	1159,15
774,18	1202,16
774,36	1187,82
774,54	1251,31
774,71	1132,53
774,89	1116,14
775,07	1142,77
775,24	1185,77
775,42	1241,07
775,60	1216,49
775,78	1241,07
775,95	1183,73
776,13	1177,58
776,31	1202,16
776,48	1187,82
776,66	1261,55
776,84	1200,11
777,01	1150,96
777,19	1236,97
777,37	1173,49
777,54	1232,88
777,72	1222,64
777,90	1222,64
778,07	1150,96
778,25	1290,22
778,43	1224,69
778,60	1175,53
778,78	1247,21
778,96	1277,93
779,13	1200,11
779,31	1183,73
779,49	1169,39
779,66	1224,69
779,84	1189,87
780,01	1136,62
780,19	1171,44
780,37	1249,26
780,54	1183,73
780,72	1230,83
780,90	1169,39
781,07	1171,44
781,25	1165,29
781,43	1212,40
781,60	1159,15
781,78	1148,91
781,95	1132,53
782,13	1257,45
782,31	1224,69
782,48	1183,73
782,66	1191,92
782,83	1212,40
783,01	1253,36
783,19	1204,21
783,36	1206,25
783,54	1202,16
783,72	1216,49
783,89	1204,21
784,07	1146,86
784,24	1185,77
784,42	1157,10
784,60	1206,25
784,77	1089,52
784,95	1150,96
785,12	1216,49
785,30	1202,16
785,47	1130,48
785,65	1239,02
785,83	1200,11
786,00	1193,97
786,18	1273,84
786,35	1204,21
786,53	1150,96
786,71	1177,58
786,88	1179,63
787,06	1218,54
787,23	1230,83
787,41	1193,97
787,58	1140,72
787,76	1224,69
787,94	1251,31
788,11	1132,53
788,29	1239,02
788,46	1175,53
788,64	1189,87
788,81	1165,29
788,99	1132,53
789,16	1214,45
789,34	1161,20
789,52	1179,63
789,69	1196,01
789,87	1185,77
790,04	1230,83
790,22	1212,40
790,39	1239,02
790,57	1126,38
790,74	1189,87
790,92	1259,50
791,09	1193,97
791,27	1218,54
791,44	1159,15
791,62	1230,83
791,79	1089,52
791,97	1275,88
792,15	1161,20
792,32	1230,83
792,50	1214,45
792,67	1193,97
792,85	1249,26
793,02	1189,87
793,20	1208,30
793,37	1153,01
793,55	1171,44
793,72	1079,28
793,90	1239,02
794,07	1196,01
794,25	1171,44
794,42	1202,16
794,60	1245,16
794,77	1224,69
794,95	1202,16
795,12	1257,45
795,30	1236,97
795,47	1183,73
795,65	1230,83
795,82	1241,07
796,00	1216,49
796,17	1144,81
796,34	1198,06
796,52	1175,53
796,69	1212,40
796,87	1214,45
797,04	1150,96
797,22	1200,11
797,39	1206,25
797,57	1161,20
797,74	1218,54
797,92	1218,54
798,09	1228,78
798,27	1165,29
798,44	1271,79
798,62	1236,97
798,79	1296,36
798,96	1142,77
799,14	1083,38
799,31	1265,64
799,49	1144,81
799,66	1228,78
799,84	1165,29
800,01	1169,39
800,19	1204,21
800,36	1216,49
800,53	1193,97
800,71	1257,45
800,88	1230,83
801,06	1232,88
801,23	1288,17
801,41	1196,01
801,58	1191,92
801,75	1253,36
801,93	1140,72
802,10	1214,45
802,28	1185,77
802,45	1155,05
802,63	1126,38
802,80	1193,97
802,97	1218,54
803,15	1232,88
803,32	1146,86
803,50	1181,68
803,67	1165,29
803,84	1132,53
804,02	1167,34
804,19	1171,44
804,37	1200,11
804,54	1249,26
804,71	1200,11
804,89	1146,86
805,06	1155,05
805,24	1241,07
805,41	1208,30
805,58	1165,29
805,76	1204,21
805,93	1196,01
806,10	1153,01
806,28	1255,40
806,45	1255,40
806,63	1251,31
806,80	1239,02
806,97	1224,69
807,15	1150,96
807,32	1120,24
807,49	1157,10
807,67	1224,69
807,84	1165,29
808,01	1241,07
808,19	1200,11
808,36	1210,35
808,54	1204,21
808,71	1153,01
808,88	1189,87
809,06	1142,77
809,23	1189,87
809,40	1218,54
809,58	1196,01
809,75	1122,29
809,92	1179,63
810,10	1206,25
810,27	1253,36
810,44	1210,35
810,62	1277,93
810,79	1142,77
810,96	1196,01
811,14	1163,25
811,31	1177,58
811,48	1146,86
811,66	1249,26
811,83	1169,39
812,00	1204,21
812,18	1220,59
812,35	1232,88
812,52	1189,87
812,69	1136,62
812,87	1239,02
813,04	1218,54
813,21	1224,69
813,39	1204,21
813,56	1224,69
813,73	1241,07
813,91	1150,96
814,08	1148,91
814,25	1181,68
814,42	1116,14
814,60	1189,87
814,77	1245,16
814,94	1239,02
815,12	1251,31
815,29	1208,30
815,46	1173,49
815,63	1191,92
815,81	1171,44
815,98	1206,25
816,15	1212,40
816,33	1210,35
816,50	1175,53
816,67	1204,21
816,84	1144,81
817,02	1191,92
817,19	1226,73
817,36	1208,30
817,53	1204,21
817,71	1185,77
817,88	1212,40
818,05	1177,58
818,22	1130,48
818,40	1214,45
818,57	1220,59
818,74	1189,87
818,91	1263,60
819,09	1189,87
819,26	1157,10
819,43	1187,82
819,60	1214,45
819,78	1157,10
819,95	1171,44
820,12	1124,33
820,29	1222,64
820,47	1167,34
820,64	1150,96
820,81	1167,34
820,98	1257,45
821,15	1167,34
821,33	1128,43
821,50	1155,05
821,67	1232,88
821,84	1208,30
822,02	1204,21
822,19	1171,44
822,36	1181,68
822,53	1187,82
822,70	1191,92
822,88	1167,34
823,05	1214,45
823,22	1183,73
823,39	1134,57
823,56	1155,05
823,74	1179,63
823,91	1118,19
824,08	1189,87
824,25	1314,80
824,42	1196,01
824,60	1208,30
824,77	1167,34
824,94	1189,87
825,11	1175,53
825,28	1193,97
825,45	1206,25
825,63	1232,88
825,80	1189,87
825,97	1153,01
826,14	1196,01
826,31	1175,53
826,48	1234,93
826,66	1150,96
826,83	1232,88
827,00	1120,24
827,17	1218,54
827,34	1277,93
827,51	1224,69
827,69	1157,10
827,86	1245,16
828,03	1150,96
828,20	1200,11
828,37	1157,10
828,54	1222,64
828,71	1185,77
828,89	1179,63
829,06	1177,58
829,23	1220,59
829,40	1187,82
829,57	1171,44
829,74	1183,73
829,91	1161,20
830,09	1169,39
830,26	1189,87
830,43	1218,54
830,60	1146,86
830,77	1128,43
830,94	1177,58
831,11	1206,25
831,28	1171,44
831,46	1179,63
831,63	1144,81
831,80	1282,03
831,97	1146,86
832,14	1216,49
832,31	1222,64
832,48	1267,69
832,65	1175,53
832,82	1140,72
832,99	1146,86
833,17	1169,39
833,34	1212,40
833,51	1236,97
833,68	1173,49
833,85	1204,21
834,02	1212,40
834,19	1112,05
834,36	1155,05
834,53	1187,82
834,70	1273,84
834,87	1187,82
835,04	1187,82
835,22	1198,06
835,39	1146,86
835,56	1230,83
835,73	1193,97
835,90	1271,79
836,07	1218,54
836,24	1189,87
836,41	1142,77
836,58	1159,15
836,75	1167,34
836,92	1191,92
837,09	1200,11
837,26	1169,39
837,43	1159,15
837,60	1230,83
837,77	1247,21
837,94	1220,59
838,12	1193,97
838,29	1232,88
838,46	1247,21
838,63	1193,97
838,80	1216,49
838,97	1179,63
839,14	1196,01
839,31	1216,49
839,48	1189,87
839,65	1189,87
839,82	1239,02
839,99	1181,68
840,16	1212,40
840,33	1185,77
840,50	1181,68
840,67	1163,25
840,84	1181,68
841,01	1214,45
841,18	1208,30
841,35	1183,73
841,52	1142,77
841,69	1228,78
841,86	1175,53
842,03	1165,29
842,20	1198,06
842,37	1187,82
842,54	1247,21
842,71	1210,35
842,88	1179,63
843,05	1202,16
843,22	1222,64
843,39	1261,55
843,56	1200,11
843,73	1159,15
843,90	1181,68
844,07	1130,48
844,24	1157,10
844,41	1191,92
844,58	1155,05
844,75	1206,25
844,92	1239,02
845,09	1198,06
845,26	1212,40
845,43	1228,78
845,60	1163,25
845,77	1183,73
845,94	1128,43
846,10	1183,73
846,27	1189,87
846,44	1234,93
846,61	1155,05
846,78	1226,73
846,95	1185,77
847,12	1214,45
847,29	1130,48
847,46	1140,72
847,63	1169,39
847,80	1148,91
847,97	1150,96
848,14	1245,16
848,31	1220,59
848,48	1193,97
848,65	1228,78
848,82	1245,16
848,98	1167,34
849,15	1214,45
849,32	1179,63
849,49	1202,16
849,66	1138,67
849,83	1228,78
850,00	1140,72
850,17	1204,21
850,34	1198,06
850,51	1232,88
850,68	1157,10
850,85	1239,02
851,01	1167,34
851,18	1279,98
851,35	1202,16
851,52	1193,97
851,69	1153,01
851,86	1167,34
852,03	1167,34
852,20	1208,30
852,37	1159,15
852,53	1222,64
852,70	1220,59
852,87	1140,72
853,04	1284,08
853,21	1232,88
853,38	1226,73
853,55	1298,41
853,72	1185,77
853,89	1191,92
854,05	1216,49
854,22	1185,77
854,39	1142,77
854,56	1132,53
854,73	1185,77
854,90	1224,69
855,07	1157,10
855,23	1196,01
855,40	1200,11
855,57	1210,35
855,74	1148,91
855,91	1206,25
856,08	1251,31
856,25	1093,62
856,41	1224,69
856,58	1171,44
856,75	1181,68
856,92	1236,97
857,09	1183,73
857,26	1167,34
857,42	1247,21
857,59	1161,20
857,76	1218,54
857,93	1271,79
858,10	1218,54
858,27	1118,19
858,43	1196,01
858,60	1185,77
858,77	1218,54
858,94	1148,91
859,11	1216,49
859,27	1191,92
859,44	1253,36
859,61	1202,16
859,78	1269,74
859,95	1198,06
860,12	1218,54
860,28	1232,88
860,45	1198,06
860,62	1124,33
860,79	1226,73
860,95	1148,91
861,12	1236,97
861,29	1155,05
861,46	1204,21
861,63	1185,77
861,79	1224,69
861,96	1277,93
862,13	1116,14
862,30	1155,05
862,47	1214,45
862,63	1169,39
862,80	1161,20
862,97	1148,91
863,14	1159,15
863,30	1212,40
863,47	1304,56
863,64	1245,16
863,81	1216,49
863,97	1095,66
864,14	1179,63
864,31	1212,40
864,48	1179,63
864,65	1214,45
864,81	1163,25
864,98	1169,39
865,15	1193,97
865,32	1105,90
865,48	1097,71
865,65	1179,63
865,82	1290,22
865,98	1167,34
866,15	1202,16
866,32	1193,97
866,49	1224,69
866,65	1216,49
866,82	1196,01
866,99	1208,30
867,16	1226,73
867,32	1177,58
867,49	1163,25
867,66	1167,34
867,83	1232,88
867,99	1175,53
868,16	1218,54
868,33	1171,44
868,49	1122,29
868,66	1150,96
868,83	1261,55
868,99	1173,49
869,16	1247,21
869,33	1171,44
869,50	1140,72
869,66	1220,59
869,83	1249,26
870,00	1173,49
870,16	1265,64
870,33	1241,07
870,50	1175,53
870,66	1210,35
870,83	1241,07
871,00	1210,35
871,17	1187,82
871,33	1284,08
871,50	1208,30
871,67	1247,21
871,83	1157,10
872,00	1300,46
872,17	1183,73
872,33	1193,97
872,50	1191,92
872,67	1132,53
872,83	1210,35
873,00	1089,52
873,17	1177,58
873,33	1155,05
873,50	1167,34
873,67	1257,45
873,83	1134,57
874,00	1148,91
874,16	1200,11
874,33	1183,73
874,50	1163,25
874,66	1155,05
874,83	1200,11
875,00	1191,92
875,16	1191,92
875,33	1179,63
875,50	1200,11
875,66	1144,81
875,83	1187,82
875,99	1216,49
876,16	1191,92
876,33	1265,64
876,49	1216,49
876,66	1208,30
876,83	1224,69
876,99	1196,01
877,16	1208,30
877,32	1128,43
877,49	1214,45
877,66	1212,40
877,82	1245,16
877,99	1155,05
878,15	1140,72
878,32	1220,59
878,49	1200,11
878,65	1210,35
878,82	1220,59
878,98	1124,33
879,15	1234,93
879,32	1150,96
879,48	1302,51
879,65	1175,53
879,81	1144,81
879,98	1200,11
880,15	1241,07
880,31	1214,45
880,48	1146,86
880,64	1183,73
880,81	1234,93
880,97	1255,40
881,14	1247,21
881,31	1183,73
881,47	1202,16
881,64	1157,10
881,80	1247,21
881,97	1146,86
882,13	1140,72
882,30	1163,25
882,47	1196,01
882,63	1189,87
882,80	1185,77
882,96	1177,58
883,13	1204,21
883,29	1161,20
883,46	1214,45
883,62	1261,55
883,79	1296,36
883,95	1222,64
884,12	1251,31
884,29	1175,53
884,45	1150,96
884,62	1212,40
884,78	1132,53
884,95	1224,69
885,11	1212,40
885,28	1198,06
885,44	1142,77
885,61	1228,78
885,77	1241,07
885,94	1169,39
886,10	1214,45
886,27	1187,82
886,43	1132,53
886,60	1253,36
886,76	1198,06
886,93	1142,77
887,09	1169,39
887,26	1159,15
887,42	1187,82
887,59	1153,01
887,75	1157,10
887,92	1241,07
888,08	1173,49
888,25	1169,39
888,41	1228,78
888,58	1212,40
888,74	1155,05
888,91	1218,54
