177,47	1189,87
177,69	1189,87
177,91	1189,87
178,13	1165,29
178,36	1196,01
178,58	1222,64
178,80	1187,82
179,02	1132,53
179,24	1138,67
179,46	1173,49
179,68	1118,19
179,90	1187,82
180,13	1155,05
180,35	1142,77
180,57	1208,30
180,79	1169,39
181,01	1134,57
181,23	1157,10
181,45	1257,45
181,67	1216,49
181,90	1222,64
182,12	1183,73
182,34	1165,29
182,56	1247,21
182,78	1177,58
183,00	1200,11
183,22	1155,05
183,44	1171,44
183,66	1224,69
183,89	1193,97
184,11	1144,81
184,33	1243,12
184,55	1132,53
184,77	1128,43
184,99	1218,54
185,21	1136,62
185,43	1208,30
185,65	1251,31
185,87	1189,87
186,10	1212,40
186,32	1173,49
186,54	1191,92
186,76	1218,54
186,98	1204,21
187,20	1208,30
187,42	1175,53
187,64	1187,82
187,86	1179,63
188,08	1216,49
188,30	1165,29
188,52	1204,21
188,75	1202,16
188,97	1155,05
189,19	1167,34
189,41	1245,16
189,63	1230,83
189,85	1179,63
190,07	1214,45
190,29	1167,34
190,51	1179,63
190,73	1230,83
190,95	1257,45
191,17	1136,62
191,39	1150,96
191,61	1282,03
191,84	1193,97
192,06	1218,54
192,28	1210,35
192,50	1214,45
192,72	1198,06
192,94	1173,49
193,16	1198,06
193,38	1167,34
193,60	1222,64
193,82	1185,77
194,04	1148,91
194,26	1171,44
194,48	1116,14
194,70	1214,45
194,92	1208,30
195,14	1177,58
195,36	1216,49
195,58	1128,43
195,80	1146,86
196,02	1200,11
196,24	1171,44
196,46	1177,58
196,69	1134,57
196,91	1163,25
197,13	1230,83
197,35	1159,15
197,57	1193,97
197,79	1222,64
198,01	1173,49
198,23	1171,44
198,45	1204,21
198,67	1208,30
198,89	1196,01
199,11	1228,78
199,33	1210,35
199,55	1224,69
199,77	1122,29
199,99	1290,22
200,21	1187,82
200,43	1241,07
200,65	1196,01
200,87	1150,96
201,09	1196,01
201,31	1202,16
201,53	1206,25
201,75	1216,49
201,97	1138,67
202,19	1116,14
202,41	1177,58
202,63	1193,97
202,85	1134,57
203,07	1171,44
203,29	1189,87
203,51	1191,92
203,73	1200,11
203,95	1236,97
204,17	1224,69
204,39	1193,97
204,61	1245,16
204,83	1220,59
205,05	1175,53
205,27	1181,68
205,49	1181,68
205,71	1239,02
205,93	1200,11
206,15	1265,64
206,37	1228,78
206,59	1169,39
206,81	1218,54
207,03	1267,69
207,25	1138,67
207,47	1206,25
207,69	1167,34
207,91	1173,49
208,13	1224,69
208,34	1173,49
208,56	1185,77
208,78	1198,06
209,00	1169,39
209,22	1243,12
209,44	1257,45
209,66	1212,40
209,88	1263,60
210,10	1212,40
210,32	1220,59
210,54	1216,49
210,76	1179,63
210,98	1220,59
211,20	1224,69
211,42	1251,31
211,64	1163,25
211,86	1212,40
212,08	1103,86
212,30	1232,88
212,52	1177,58
212,74	1269,74
212,96	1175,53
213,17	1173,49
213,39	1175,53
213,61	1214,45
213,83	1200,11
214,05	1200,11
214,27	1218,54
214,49	1144,81
214,71	1224,69
214,93	1148,91
215,15	1200,11
215,37	1226,73
215,59	1120,24
215,81	1126,38
216,03	1228,78
216,24	1265,64
216,46	1214,45
216,68	1232,88
216,90	1249,26
217,12	1226,73
217,34	1181,68
217,56	1232,88
217,78	1224,69
218,00	1249,26
218,22	1210,35
218,44	1183,73
218,66	1173,49
218,87	1247,21
219,09	1265,64
219,31	1198,06
219,53	1220,59
219,75	1167,34
219,97	1204,21
220,19	1196,01
220,41	1175,53
220,63	1171,44
220,85	1181,68
221,06	1189,87
221,28	1169,39
221,50	1187,82
221,72	1130,48
221,94	1193,97
222,16	1179,63
222,38	1216,49
222,60	1204,21
222,82	1316,84
223,03	1204,21
223,25	1251,31
223,47	1167,34
223,69	1132,53
223,91	1196,01
224,13	1251,31
224,35	1191,92
224,57	1208,30
224,78	1173,49
225,00	1148,91
225,22	1216,49
225,44	1167,34
225,66	1189,87
225,88	1200,11
226,10	1200,11
226,32	1183,73
226,53	1204,21
226,75	1220,59
226,97	1234,93
227,19	1171,44
227,41	1196,01
227,63	1187,82
227,85	1167,34
228,06	1183,73
228,28	1114,10
228,50	1181,68
228,72	1138,67
228,94	1142,77
229,16	1214,45
229,37	1239,02
229,59	1185,77
229,81	1208,30
230,03	1169,39
230,25	1241,07
230,47	1202,16
230,69	1255,40
230,90	1206,25
231,12	1196,01
231,34	1216,49
231,56	1200,11
231,78	1167,34
232,00	1144,81
232,21	1200,11
232,43	1169,39
232,65	1155,05
232,87	1271,79
233,09	1228,78
233,30	1191,92
233,52	1118,19
233,74	1171,44
233,96	1263,60
234,18	1183,73
234,40	1183,73
234,61	1159,15
234,83	1216,49
235,05	1175,53
235,27	1114,10
235,49	1239,02
235,70	1165,29
235,92	1232,88
236,14	1130,48
236,36	1150,96
236,58	1200,11
236,79	1218,54
237,01	1114,10
237,23	1257,45
237,45	1282,03
237,67	1132,53
237,88	1241,07
238,10	1171,44
238,32	1103,86
238,54	1204,21
238,76	1146,86
238,97	1239,02
239,19	1222,64
239,41	1183,73
239,63	1183,73
239,85	1179,63
240,06	1218,54
240,28	1224,69
240,50	1126,38
240,72	1167,34
240,93	1220,59
241,15	1175,53
241,37	1241,07
241,59	1198,06
241,81	1198,06
242,02	1198,06
242,24	1181,68
242,46	1234,93
242,68	1134,57
242,89	1167,34
243,11	1138,67
243,33	1128,43
243,55	1210,35
243,76	1245,16
243,98	1257,45
244,20	1216,49
244,42	1157,10
244,64	1173,49
244,85	1132,53
245,07	1128,43
245,29	1263,60
245,51	1255,40
245,72	1169,39
245,94	1198,06
246,16	1230,83
246,38	1210,35
246,59	1208,30
246,81	1138,67
247,03	1155,05
247,24	1171,44
247,46	1214,45
247,68	1171,44
247,90	1224,69
248,11	1165,29
248,33	1181,68
248,55	1171,44
248,77	1185,77
248,98	1177,58
249,20	1171,44
249,42	1222,64
249,64	1198,06
249,85	1185,77
250,07	1218,54
250,29	1191,92
250,50	1159,15
250,72	1161,20
250,94	1265,64
251,16	1161,20
251,37	1169,39
251,59	1138,67
251,81	1183,73
252,02	1206,25
252,24	1134,57
252,46	1181,68
252,68	1212,40
252,89	1163,25
253,11	1191,92
253,33	1222,64
253,54	1150,96
253,76	1181,68
253,98	1206,25
254,20	1159,15
254,41	1232,88
254,63	1218,54
254,85	1142,77
255,06	1161,20
255,28	1212,40
255,50	1159,15
255,71	1236,97
255,93	1216,49
256,15	1202,16
256,36	1175,53
256,58	1249,26
256,80	1167,34
257,02	1146,86
257,23	1140,72
257,45	1228,78
257,67	1198,06
257,88	1183,73
258,10	1165,29
258,32	1136,62
258,53	1239,02
258,75	1163,25
258,97	1214,45
259,18	1191,92
259,40	1208,30
259,62	1257,45
259,83	1153,01
260,05	1257,45
260,27	1212,40
260,48	1165,29
260,70	1224,69
260,92	1189,87
261,13	1189,87
261,35	1146,86
261,57	1220,59
261,78	1187,82
262,00	1216,49
262,22	1185,77
262,43	1214,45
262,65	1155,05
262,86	1204,21
263,08	1159,15
263,30	1159,15
263,51	1200,11
263,73	1183,73
263,95	1165,29
264,16	1183,73
264,38	1175,53
264,60	1165,29
264,81	1191,92
265,03	1146,86
265,25	1126,38
265,46	1255,40
265,68	1214,45
265,89	1214,45
266,11	1228,78
266,33	1208,30
266,54	1167,34
266,76	1148,91
266,98	1183,73
267,19	1171,44
267,41	1187,82
267,62	1142,77
267,84	1191,92
268,06	1267,69
268,27	1224,69
268,49	1241,07
268,70	1249,26
268,92	1163,25
269,14	1210,35
269,35	1187,82
269,57	1124,33
269,79	1148,91
270,00	1234,93
270,22	1224,69
270,43	1202,16
270,65	1165,29
270,87	1114,10
271,08	1175,53
271,30	1191,92
271,51	1165,29
271,73	1144,81
271,95	1206,25
272,16	1204,21
272,38	1146,86
272,59	1183,73
272,81	1191,92
273,02	1239,02
273,24	1167,34
273,46	1146,86
273,67	1202,16
273,89	1310,70
274,10	1169,39
274,32	1226,73
274,54	1255,40
274,75	1204,21
274,97	1206,25
275,18	1202,16
275,40	1206,25
275,61	1241,07
275,83	1132,53
276,05	1179,63
276,26	1146,86
276,48	1232,88
276,69	1247,21
276,91	1167,34
277,12	1198,06
277,34	1179,63
277,55	1163,25
277,77	1206,25
277,99	1210,35
278,20	1198,06
278,42	1193,97
278,63	1210,35
278,85	1136,62
279,06	1183,73
279,28	1222,64
279,49	1191,92
279,71	1236,97
279,93	1146,86
280,14	1169,39
280,36	1196,01
280,57	1175,53
280,79	1230,83
281,00	1202,16
281,22	1183,73
281,43	1210,35
281,65	1193,97
281,86	1169,39
282,08	1208,30
282,29	1163,25
282,51	1171,44
282,73	1196,01
282,94	1245,16
283,16	1243,12
283,37	1230,83
283,59	1232,88
283,80	1138,67
284,02	1218,54
284,23	1179,63
284,45	1191,92
284,66	1175,53
284,88	1189,87
285,09	1169,39
285,31	1249,26
285,52	1181,68
285,74	1239,02
285,95	1181,68
286,17	1204,21
286,38	1214,45
286,60	1171,44
286,81	1130,48
287,03	1247,21
287,24	1232,88
287,46	1155,05
287,67	1232,88
287,89	1107,95
288,10	1247,21
288,32	1206,25
288,53	1177,58
288,75	1146,86
288,96	1245,16
289,18	1202,16
289,39	1212,40
289,61	1224,69
289,82	1257,45
290,04	1157,10
290,25	1189,87
290,47	1191,92
290,68	1114,10
290,90	1243,12
291,11	1224,69
291,33	1118,19
291,54	1257,45
291,76	1245,16
291,97	1159,15
292,18	1150,96
292,40	1245,16
292,61	1200,11
292,83	1210,35
293,04	1220,59
293,26	1124,33
293,47	1222,64
293,69	1148,91
293,90	1196,01
294,12	1191,92
294,33	1224,69
294,55	1212,40
294,76	1122,29
294,97	1212,40
295,19	1224,69
295,40	1177,58
295,62	1236,97
295,83	1218,54
296,05	1183,73
296,26	1196,01
296,48	1232,88
296,69	1236,97
296,90	1236,97
297,12	1200,11
297,33	1167,34
297,55	1232,88
297,76	1204,21
297,98	1189,87
298,19	1183,73
298,41	1249,26
298,62	1224,69
298,83	1241,07
299,05	1173,49
299,26	1226,73
299,48	1247,21
299,69	1175,53
299,90	1081,33
300,12	1167,34
300,33	1187,82
300,55	1153,01
300,76	1191,92
300,98	1202,16
301,19	1171,44
301,40	1179,63
301,62	1206,25
301,83	1210,35
302,05	1177,58
302,26	1222,64
302,47	1183,73
302,69	1228,78
302,90	1193,97
303,12	1245,16
303,33	1185,77
303,54	1171,44
303,76	1271,79
303,97	1208,30
304,19	1157,10
304,40	1136,62
304,61	1183,73
304,83	1224,69
305,04	1126,38
305,26	1316,84
305,47	1130,48
305,68	1269,74
305,90	1187,82
306,11	1208,30
306,33	1138,67
306,54	1206,25
306,75	1253,36
306,97	1247,21
307,18	1153,01
307,39	1228,78
307,61	1146,86
307,82	1216,49
308,04	1175,53
308,25	1157,10
308,46	1269,74
308,68	1157,10
308,89	1169,39
309,10	1232,88
309,32	1212,40
309,53	1200,11
309,74	1206,25
309,96	1196,01
310,17	1177,58
310,39	1148,91
310,60	1257,45
310,81	1228,78
311,03	1214,45
311,24	1179,63
311,45	1167,34
311,67	1181,68
311,88	1144,81
312,09	1220,59
312,31	1304,56
312,52	1150,96
312,73	1230,83
312,95	1183,73
313,16	1239,02
313,37	1126,38
313,59	1212,40
313,80	1177,58
314,01	1128,43
314,23	1169,39
314,44	1132,53
314,65	1245,16
314,87	1189,87
315,08	1179,63
315,29	1273,84
315,51	1234,93
315,72	1132,53
315,93	1185,77
316,15	1173,49
316,36	1118,19
316,57	1181,68
316,79	1173,49
317,00	1130,48
317,21	1114,10
317,43	1230,83
317,64	1148,91
317,85	1150,96
318,07	1159,15
318,28	1236,97
318,49	1204,21
318,70	1224,69
318,92	1212,40
319,13	1220,59
319,34	1200,11
319,56	1196,01
319,77	1257,45
319,98	1163,25
320,20	1179,63
320,41	1230,83
320,62	1183,73
320,83	1107,95
321,05	1163,25
321,26	1165,29
321,47	1183,73
321,69	1253,36
321,90	1257,45
322,11	1187,82
322,32	1171,44
322,54	1171,44
322,75	1114,10
322,96	1212,40
323,18	1122,29
323,39	1187,82
323,60	1255,40
323,81	1142,77
324,03	1191,92
324,24	1177,58
324,45	1208,30
324,66	1167,34
324,88	1175,53
325,09	1236,97
325,30	1142,77
325,52	1159,15
325,73	1173,49
325,94	1234,93
326,15	1116,14
326,37	1159,15
326,58	1206,25
326,79	1140,72
327,00	1216,49
327,22	1153,01
327,43	1112,05
327,64	1167,34
327,85	1159,15
328,07	1157,10
328,28	1183,73
328,49	1236,97
328,70	1249,26
328,92	1288,17
329,13	1193,97
329,34	1232,88
329,55	1169,39
329,76	1187,82
329,98	1118,19
330,19	1261,55
330,40	1187,82
330,61	1236,97
330,83	1196,01
331,04	1128,43
331,25	1236,97
331,46	1263,60
331,68	1210,35
331,89	1107,95
332,10	1097,71
332,31	1214,45
332,52	1212,40
332,74	1230,83
332,95	1132,53
333,16	1208,30
333,37	1230,83
333,58	1239,02
333,80	1249,26
334,01	1202,16
334,22	1153,01
334,43	1140,72
334,64	1138,67
334,86	1183,73
335,07	1220,59
335,28	1230,83
335,49	1185,77
335,70	1245,16
335,92	1159,15
336,13	1241,07
336,34	1181,68
336,55	1200,11
336,76	1132,53
336,98	1165,29
337,19	1261,55
337,40	1171,44
337,61	1261,55
337,82	1138,67
338,04	1228,78
338,25	1191,92
338,46	1144,81
338,67	1214,45
338,88	1140,72
339,09	1187,82
339,31	1191,92
339,52	1234,93
339,73	1107,95
339,94	1142,77
340,15	1189,87
340,36	1183,73
340,58	1191,92
340,79	1175,53
341,00	1191,92
341,21	1173,49
341,42	1222,64
341,63	1191,92
341,85	1183,73
342,06	1163,25
342,27	1204,21
342,48	1187,82
342,69	1148,91
342,90	1181,68
343,12	1193,97
343,33	1189,87
343,54	1175,53
343,75	1148,91
343,96	1122,29
344,17	1130,48
344,38	1216,49
344,60	1146,86
344,81	1144,81
345,02	1239,02
345,23	1284,08
345,44	1132,53
345,65	1157,10
345,86	1157,10
346,07	1181,68
346,29	1142,77
346,50	1198,06
346,71	1202,16
346,92	1099,76
347,13	1249,26
347,34	1206,25
347,55	1159,15
347,76	1218,54
347,98	1128,43
348,19	1183,73
348,40	1208,30
348,61	1198,06
348,82	1140,72
349,03	1196,01
349,24	1134,57
349,45	1218,54
349,66	1136,62
349,88	1236,97
350,09	1177,58
350,30	1198,06
350,51	1193,97
350,72	1130,48
350,93	1136,62
351,14	1150,96
351,35	1144,81
351,56	1138,67
351,77	1230,83
351,99	1198,06
352,20	1167,34
352,41	1230,83
352,62	1126,38
352,83	1255,40
353,04	1126,38
353,25	1150,96
353,46	1239,02
353,67	1163,25
353,88	1208,30
354,09	1212,40
354,30	1202,16
354,52	1159,15
354,73	1210,35
354,94	1216,49
355,15	1222,64
355,36	1232,88
355,57	1230,83
355,78	1202,16
355,99	1167,34
356,20	1177,58
356,41	1142,77
356,62	1148,91
356,83	1165,29
357,04	1173,49
357,25	1216,49
357,46	1146,86
357,68	1206,25
357,89	1239,02
358,10	1206,25
358,31	1191,92
358,52	1206,25
358,73	1212,40
358,94	1161,20
359,15	1155,05
359,36	1165,29
359,57	1214,45
359,78	1204,21
359,99	1239,02
360,20	1208,30
360,41	1175,53
360,62	1138,67
360,83	1187,82
361,04	1232,88
361,25	1171,44
361,46	1214,45
361,67	1218,54
361,88	1212,40
362,09	1189,87
362,30	1181,68
362,51	1116,14
362,72	1142,77
362,93	1183,73
363,14	1220,59
363,35	1204,21
363,56	1165,29
363,78	1165,29
363,99	1241,07
364,20	1105,90
364,41	1249,26
364,62	1210,35
364,83	1234,93
365,04	1171,44
365,25	1200,11
365,46	1253,36
365,67	1140,72
365,88	1173,49
366,09	1142,77
366,30	1179,63
366,51	1173,49
366,72	1150,96
366,93	1130,48
367,14	1204,21
367,35	1200,11
367,56	1202,16
367,77	1171,44
367,98	1236,97
368,18	1189,87
368,39	1177,58
368,60	1198,06
368,81	1159,15
369,02	1198,06
369,23	1171,44
369,44	1224,69
369,65	1181,68
369,86	1183,73
370,07	1210,35
370,28	1204,21
370,49	1222,64
370,70	1198,06
370,91	1144,81
371,12	1222,64
371,33	1294,32
371,54	1167,34
371,75	1216,49
371,96	1206,25
372,17	1157,10
372,38	1284,08
372,59	1157,10
372,80	1204,21
373,01	1200,11
373,22	1153,01
373,43	1202,16
373,64	1214,45
373,85	1239,02
374,06	1189,87
374,26	1157,10
374,47	1187,82
374,68	1134,57
374,89	1212,40
375,10	1114,10
375,31	1183,73
375,52	1167,34
375,73	1167,34
375,94	1189,87
376,15	1189,87
376,36	1171,44
376,57	1259,50
376,78	1230,83
376,99	1183,73
377,20	1206,25
377,40	1163,25
377,61	1284,08
377,82	1173,49
378,03	1130,48
378,24	1226,73
378,45	1220,59
378,66	1212,40
378,87	1189,87
379,08	1110,00
379,29	1208,30
379,50	1214,45
379,71	1214,45
379,91	1159,15
380,12	1167,34
380,33	1269,74
380,54	1179,63
380,75	1157,10
380,96	1165,29
381,17	1216,49
381,38	1167,34
381,59	1183,73
381,80	1136,62
382,00	1179,63
382,21	1161,20
382,42	1200,11
382,63	1153,01
382,84	1198,06
383,05	1196,01
383,26	1212,40
383,47	1179,63
383,68	1179,63
383,88	1232,88
384,09	1157,10
384,30	1226,73
384,51	1187,82
384,72	1155,05
384,93	1234,93
385,14	1179,63
385,35	1193,97
385,55	1204,21
385,76	1171,44
385,97	1191,92
386,18	1155,05
386,39	1228,78
386,60	1159,15
386,81	1134,57
387,02	1230,83
387,22	1183,73
387,43	1171,44
387,64	1214,45
387,85	1169,39
388,06	1279,98
388,27	1183,73
388,48	1196,01
388,68	1202,16
388,89	1175,53
389,10	1224,69
389,31	1212,40
389,52	1224,69
389,73	1110,00
389,93	1161,20
390,14	1130,48
390,35	1200,11
390,56	1208,30
390,77	1128,43
390,98	1206,25
391,18	1122,29
391,39	1167,34
391,60	1218,54
391,81	1247,21
392,02	1196,01
392,23	1153,01
392,43	1200,11
392,64	1206,25
392,85	1161,20
393,06	1144,81
393,27	1130,48
393,47	1230,83
393,68	1161,20
393,89	1214,45
394,10	1220,59
394,31	1208,30
394,52	1175,53
394,72	1142,77
394,93	1204,21
395,14	1208,30
395,35	1169,39
395,56	1132,53
395,76	1220,59
395,97	1193,97
396,18	1239,02
396,39	1189,87
396,60	1198,06
396,80	1126,38
397,01	1187,82
397,22	1179,63
397,43	1230,83
397,64	1175,53
397,84	1318,89
398,05	1183,73
398,26	1163,25
398,47	1216,49
398,67	1226,73
398,88	1214,45
399,09	1263,60
399,30	1265,64
399,51	1208,30
399,71	1200,11
399,92	1177,58
400,13	1193,97
400,34	1189,87
400,54	1167,34
400,75	1142,77
400,96	1243,12
401,17	1208,30
401,37	1253,36
401,58	1134,57
401,79	1228,78
402,00	1212,40
402,21	1183,73
402,41	1204,21
402,62	1155,05
402,83	1193,97
403,04	1181,68
403,24	1153,01
403,45	1167,34
403,66	1165,29
403,87	1142,77
404,07	1200,11
404,28	1191,92
404,49	1214,45
404,70	1148,91
404,90	1239,02
405,11	1193,97
405,32	1165,29
405,52	1116,14
405,73	1218,54
405,94	1206,25
406,15	1163,25
406,35	1214,45
406,56	1210,35
406,77	1228,78
406,98	1218,54
407,18	1155,05
407,39	1228,78
407,60	1183,73
407,80	1206,25
408,01	1161,20
408,22	1171,44
408,43	1220,59
408,63	1241,07
408,84	1241,07
409,05	1259,50
409,25	1191,92
409,46	1224,69
409,67	1220,59
409,88	1189,87
410,08	1224,69
410,29	1204,21
410,50	1200,11
410,70	1140,72
410,91	1232,88
411,12	1216,49
411,32	1165,29
411,53	1239,02
411,74	1173,49
411,95	1216,49
412,15	1132,53
412,36	1224,69
412,57	1183,73
412,77	1214,45
412,98	1181,68
413,19	1243,12
413,39	1177,58
413,60	1204,21
413,81	1212,40
414,01	1202,16
414,22	1187,82
414,43	1206,25
414,63	1163,25
414,84	1142,77
415,05	1173,49
415,25	1134,57
415,46	1212,40
415,67	1181,68
415,87	1228,78
416,08	1210,35
416,29	1214,45
416,49	1191,92
416,70	1247,21
416,91	1153,01
417,11	1198,06
417,32	1208,30
417,53	1204,21
417,73	1183,73
417,94	1218,54
418,15	1208,30
418,35	1220,59
418,56	1198,06
418,77	1095,66
418,97	1241,07
419,18	1171,44
419,38	1216,49
419,59	1196,01
419,80	1171,44
420,00	1138,67
420,21	1243,12
420,42	1155,05
420,62	1148,91
420,83	1257,45
421,04	1150,96
421,24	1191,92
421,45	1150,96
421,65	1155,05
421,86	1179,63
422,07	1124,33
422,27	1181,68
422,48	1251,31
422,69	1167,34
422,89	1232,88
423,10	1216,49
423,30	1200,11
423,51	1216,49
423,72	1267,69
423,92	1200,11
424,13	1183,73
424,33	1132,53
424,54	1218,54
424,75	1155,05
424,95	1212,40
425,16	1177,58
425,36	1228,78
425,57	1163,25
425,78	1255,40
425,98	1193,97
426,19	1226,73
426,39	1173,49
426,60	1189,87
426,81	1173,49
427,01	1132,53
427,22	1220,59
427,42	1148,91
427,63	1165,29
427,83	1173,49
428,04	1239,02
428,25	1116,14
428,45	1118,19
428,66	1224,69
428,86	1107,95
429,07	1208,30
429,28	1146,86
429,48	1220,59
429,69	1177,58
429,89	1222,64
430,10	1148,91
430,30	1167,34
430,51	1187,82
430,71	1216,49
430,92	1210,35
431,13	1177,58
431,33	1234,93
431,54	1179,63
431,74	1245,16
431,95	1171,44
432,15	1175,53
432,36	1171,44
432,56	1177,58
432,77	1247,21
432,98	1206,25
433,18	1173,49
433,39	1191,92
433,59	1212,40
433,80	1208,30
434,00	1155,05
434,21	1239,02
434,41	1107,95
434,62	1134,57
434,82	1136,62
435,03	1183,73
435,23	1206,25
435,44	1206,25
435,64	1261,55
435,85	1175,53
436,06	1191,92
436,26	1181,68
436,47	1173,49
436,67	1230,83
436,88	1140,72
437,08	1173,49
437,29	1218,54
437,49	1200,11
437,70	1183,73
437,90	1259,50
438,11	1198,06
438,31	1232,88
438,52	1191,92
438,72	1171,44
438,93	1234,93
439,13	1259,50
439,34	1243,12
439,54	1132,53
439,75	1175,53
439,95	1153,01
440,16	1232,88
440,36	1198,06
440,57	1202,16
440,77	1169,39
440,98	1198,06
441,18	1191,92
441,39	1183,73
441,59	1249,26
441,80	1204,21
442,00	1204,21
442,21	1228,78
442,41	1273,84
442,62	1157,10
442,82	1196,01
443,02	1167,34
443,23	1079,28
443,43	1196,01
443,64	1216,49
443,84	1150,96
444,05	1224,69
444,25	1169,39
444,46	1183,73
444,66	1255,40
444,87	1159,15
445,07	1220,59
445,28	1191,92
445,48	1230,83
445,69	1228,78
445,89	1204,21
446,09	1210,35
446,30	1153,01
446,50	1187,82
446,71	1183,73
446,91	1200,11
447,12	1220,59
447,32	1208,30
447,53	1173,49
447,73	1175,53
447,93	1126,38
448,14	1222,64
448,34	1169,39
448,55	1208,30
448,75	1214,45
448,96	1177,58
449,16	1220,59
449,36	1191,92
449,57	1210,35
449,77	1265,64
449,98	1206,25
450,18	1161,20
450,39	1214,45
450,59	1173,49
450,79	1200,11
451,00	1159,15
451,20	1218,54
451,41	1253,36
451,61	1257,45
451,81	1224,69
452,02	1230,83
452,22	1189,87
452,43	1212,40
452,63	1200,11
452,84	1206,25
453,04	1165,29
453,24	1183,73
453,45	1191,92
453,65	1183,73
453,86	1236,97
454,06	1212,40
454,26	1218,54
454,47	1224,69
454,67	1196,01
454,87	1130,48
455,08	1261,55
455,28	1163,25
455,49	1183,73
455,69	1236,97
455,89	1144,81
456,10	1181,68
456,30	1146,86
456,51	1247,21
456,71	1159,15
456,91	1161,20
457,12	1191,92
457,32	1216,49
457,52	1208,30
457,73	1191,92
457,93	1206,25
458,14	1175,53
458,34	1150,96
458,54	1196,01
458,75	1247,21
458,95	1167,34
459,15	1173,49
459,36	1210,35
459,56	1226,73
459,76	1222,64
459,97	1275,88
460,17	1167,34
460,37	1167,34
460,58	1175,53
460,78	1136,62
460,99	1204,21
461,19	1144,81
461,39	1196,01
461,60	1241,07
461,80	1202,16
462,00	1196,01
462,21	1175,53
462,41	1175,53
462,61	1155,05
462,82	1212,40
463,02	1169,39
463,22	1214,45
463,43	1159,15
463,63	1243,12
463,83	1198,06
464,04	1210,35
464,24	1177,58
464,44	1165,29
464,64	1175,53
464,85	1239,02
465,05	1220,59
465,25	1214,45
465,46	1220,59
465,66	1159,15
465,86	1200,11
466,07	1241,07
466,27	1083,38
466,47	1204,21
466,68	1175,53
466,88	1230,83
467,08	1157,10
467,29	1110,00
467,49	1187,82
467,69	1196,01
467,89	1138,67
468,10	1206,25
468,30	1224,69
468,50	1163,25
468,71	1236,97
468,91	1163,25
469,11	1222,64
469,31	1191,92
469,52	1206,25
469,72	1189,87
469,92	1165,29
470,13	1179,63
470,33	1198,06
470,53	1114,10
470,73	1263,60
470,94	1208,30
471,14	1161,20
471,34	1181,68
471,54	1140,72
471,75	1204,21
471,95	1200,11
472,15	1239,02
472,36	1181,68
472,56	1175,53
472,76	1267,69
472,96	1157,10
473,17	1187,82
473,37	1089,52
473,57	1196,01
473,77	1189,87
473,98	1169,39
474,18	1185,77
474,38	1157,10
474,58	1196,01
474,79	1183,73
474,99	1204,21
475,19	1212,40
475,39	1202,16
475,60	1175,53
475,80	1196,01
476,00	1191,92
476,20	1286,12
476,41	1200,11
476,61	1167,34
476,81	1169,39
477,01	1183,73
477,21	1216,49
477,42	1214,45
477,62	1159,15
477,82	1245,16
478,02	1140,72
478,23	1161,20
478,43	1159,15
478,63	1196,01
478,83	1193,97
479,03	1136,62
479,24	1153,01
479,44	1155,05
479,64	1181,68
479,84	1206,25
480,04	1171,44
480,25	1200,11
480,45	1173,49
480,65	1175,53
480,85	1193,97
481,06	1232,88
481,26	1150,96
481,46	1183,73
481,66	1212,40
481,86	1222,64
482,06	1183,73
482,27	1169,39
482,47	1165,29
482,67	1185,77
482,87	1251,31
483,07	1228,78
483,28	1173,49
483,48	1239,02
483,68	1220,59
483,88	1179,63
484,08	1153,01
484,29	1200,11
484,49	1155,05
484,69	1173,49
484,89	1216,49
485,09	1210,35
485,29	1198,06
485,50	1198,06
485,70	1230,83
485,90	1224,69
486,10	1200,11
486,30	1216,49
486,50	1171,44
486,71	1214,45
486,91	1204,21
487,11	1159,15
487,31	1144,81
487,51	1189,87
487,71	1175,53
487,91	1214,45
488,12	1181,68
488,32	1157,10
488,52	1191,92
488,72	1185,77
488,92	1206,25
489,12	1183,73
489,32	1269,74
489,53	1173,49
489,73	1105,90
489,93	1153,01
490,13	1148,91
490,33	1191,92
490,53	1265,64
490,73	1191,92
490,94	1105,90
491,14	1255,40
491,34	1161,20
491,54	1273,84
491,74	1204,21
491,94	1187,82
492,14	1206,25
492,34	1155,05
492,54	1165,29
492,75	1200,11
492,95	1089,52
493,15	1200,11
493,35	1208,30
493,55	1226,73
493,75	1185,77
493,95	1214,45
494,15	1202,16
494,35	1165,29
494,56	1198,06
494,76	1144,81
494,96	1189,87
495,16	1224,69
495,36	1089,52
495,56	1261,55
495,76	1187,82
495,96	1200,11
496,16	1161,20
496,36	1261,55
496,56	1114,10
496,77	1183,73
496,97	1132,53
497,17	1183,73
497,37	1239,02
497,57	1200,11
497,77	1185,77
497,97	1216,49
498,17	1191,92
498,37	1267,69
498,57	1198,06
498,77	1187,82
498,97	1140,72
499,17	1232,88
499,38	1179,63
499,58	1187,82
499,78	1142,77
499,98	1202,16
500,18	1126,38
500,38	1150,96
500,58	1146,86
500,78	1230,83
500,98	1130,48
501,18	1204,21
501,38	1163,25
501,58	1116,14
501,78	1177,58
501,98	1255,40
502,18	1226,73
502,38	1193,97
502,58	1146,86
502,78	1163,25
502,98	1228,78
503,18	1161,20
503,38	1171,44
503,59	1181,68
503,79	1181,68
503,99	1116,14
504,19	1120,24
504,39	1216,49
504,59	1150,96
504,79	1183,73
504,99	1130,48
505,19	1212,40
505,39	1189,87
505,59	1208,30
505,79	1171,44
505,99	1212,40
506,19	1167,34
506,39	1138,67
506,59	1167,34
506,79	1286,12
506,99	1265,64
507,19	1198,06
507,39	1212,40
507,59	1218,54
507,79	1142,77
507,99	1200,11
508,19	1200,11
508,39	1222,64
508,59	1159,15
508,79	1155,05
508,99	1216,49
509,19	1165,29
509,39	1159,15
509,59	1177,58
509,79	1198,06
509,99	1177,58
510,19	1181,68
510,39	1214,45
510,59	1183,73
510,79	1157,10
510,99	1224,69
511,19	1183,73
511,39	1269,74
511,59	1165,29
511,79	1148,91
511,99	1243,12
512,19	1132,53
512,38	1216,49
512,58	1183,73
512,78	1153,01
512,98	1212,40
513,18	1214,45
513,38	1069,04
513,58	1212,40
513,78	1138,67
513,98	1277,93
514,18	1130,48
514,38	1230,83
514,58	1150,96
514,78	1155,05
514,98	1126,38
515,18	1200,11
515,38	1191,92
515,58	1212,40
515,78	1222,64
515,98	1150,96
516,18	1241,07
516,38	1161,20
516,57	1150,96
516,77	1214,45
516,97	1257,45
517,17	1196,01
517,37	1130,48
517,57	1196,01
517,77	1134,57
517,97	1255,40
518,17	1177,58
518,37	1196,01
518,57	1107,95
518,77	1167,34
518,97	1173,49
519,16	1212,40
519,36	1220,59
519,56	1183,73
519,76	1232,88
519,96	1155,05
520,16	1273,84
520,36	1206,25
520,56	1185,77
520,76	1208,30
520,96	1200,11
521,16	1146,86
521,35	1189,87
521,55	1161,20
521,75	1183,73
521,95	1204,21
522,15	1204,21
522,35	1171,44
522,55	1236,97
522,75	1179,63
522,95	1239,02
523,14	1222,64
523,34	1181,68
523,54	1175,53
523,74	1277,93
523,94	1224,69
524,14	1171,44
524,34	1198,06
524,54	1167,34
524,73	1275,88
524,93	1206,25
525,13	1159,15
525,33	1179,63
525,53	1243,12
525,73	1185,77
525,93	1161,20
526,13	1187,82
526,32	1271,79
526,52	1155,05
526,72	1222,64
526,92	1120,24
527,12	1191,92
527,32	1200,11
527,52	1247,21
527,71	1165,29
527,91	1200,11
528,11	1200,11
528,31	1216,49
528,51	1204,21
528,71	1179,63
528,90	1130,48
529,10	1204,21
529,30	1171,44
529,50	1239,02
529,70	1179,63
529,90	1167,34
530,09	1138,67
530,29	1142,77
530,49	1216,49
530,69	1241,07
530,89	1241,07
531,09	1200,11
531,28	1167,34
531,48	1220,59
531,68	1265,64
531,88	1200,11
532,08	1161,20
532,28	1208,30
532,47	1241,07
532,67	1269,74
532,87	1245,16
533,07	1239,02
533,27	1187,82
533,46	1216,49
533,66	1138,67
533,86	1210,35
534,06	1189,87
534,26	1175,53
534,45	1224,69
534,65	1206,25
534,85	1191,92
535,05	1232,88
535,25	1187,82
535,44	1247,21
535,64	1241,07
535,84	1220,59
536,04	1185,77
536,24	1206,25
536,43	1167,34
536,63	1191,92
536,83	1214,45
537,03	1269,74
537,22	1208,30
537,42	1290,22
537,62	1134,57
537,82	1187,82
538,02	1228,78
538,21	1126,38
538,41	1171,44
538,61	1214,45
538,81	1155,05
539,00	1159,15
539,20	1259,50
539,40	1232,88
539,60	1161,20
539,79	1185,77
539,99	1181,68
540,19	1134,57
540,39	1222,64
540,58	1167,34
540,78	1159,15
540,98	1187,82
541,18	1163,25
541,37	1181,68
541,57	1157,10
541,77	1167,34
541,97	1218,54
542,16	1214,45
542,36	1167,34
542,56	1193,97
542,76	1200,11
542,95	1196,01
543,15	1185,77
543,35	1153,01
543,54	1191,92
543,74	1181,68
543,94	1161,20
544,14	1214,45
544,33	1142,77
544,53	1163,25
544,73	1255,40
544,93	1155,05
545,12	1224,69
545,32	1198,06
545,52	1136,62
545,71	1150,96
545,91	1187,82
546,11	1193,97
546,30	1232,88
546,50	1144,81
546,70	1153,01
546,90	1124,33
547,09	1163,25
547,29	1212,40
547,49	1212,40
547,68	1232,88
547,88	1146,86
548,08	1155,05
548,27	1275,88
548,47	1234,93
548,67	1241,07
548,87	1175,53
549,06	1228,78
549,26	1251,31
549,46	1146,86
549,65	1169,39
549,85	1234,93
550,05	1224,69
550,24	1167,34
550,44	1159,15
550,64	1228,78
550,83	1179,63
551,03	1212,40
551,23	1179,63
551,42	1200,11
551,62	1103,86
551,82	1163,25
552,01	1191,92
552,21	1204,21
552,41	1159,15
552,60	1232,88
552,80	1232,88
553,00	1142,77
553,19	1189,87
553,39	1155,05
553,59	1202,16
553,78	1122,29
553,98	1196,01
554,17	1232,88
554,37	1169,39
554,57	1173,49
554,76	1181,68
554,96	1130,48
555,16	1179,63
555,35	1155,05
555,55	1228,78
555,75	1218,54
555,94	1251,31
556,14	1140,72
556,33	1191,92
556,53	1124,33
556,73	1181,68
556,92	1204,21
557,12	1255,40
557,32	1177,58
557,51	1167,34
557,71	1126,38
557,90	1253,36
558,10	1140,72
558,30	1212,40
558,49	1245,16
558,69	1230,83
558,88	1097,71
559,08	1198,06
559,28	1181,68
559,47	1228,78
559,67	1150,96
559,86	1163,25
560,06	1159,15
560,26	1232,88
560,45	1167,34
560,65	1136,62
560,84	1177,58
561,04	1220,59
561,24	1220,59
561,43	1214,45
561,63	1191,92
561,82	1181,68
562,02	1173,49
562,22	1241,07
562,41	1204,21
562,61	1232,88
562,80	1153,01
563,00	1189,87
563,19	1146,86
563,39	1255,40
563,59	1200,11
563,78	1185,77
563,98	1220,59
564,17	1163,25
564,37	1196,01
564,56	1196,01
564,76	1134,57
564,96	1214,45
565,15	1193,97
565,35	1208,30
565,54	1157,10
565,74	1216,49
565,93	1228,78
566,13	1167,34
566,32	1230,83
566,52	1232,88
566,71	1222,64
566,91	1179,63
567,11	1185,77
567,30	1132,53
567,50	1284,08
567,69	1134,57
567,89	1179,63
568,08	1136,62
568,28	1136,62
568,47	1216,49
568,67	1157,10
568,86	1220,59
569,06	1175,53
569,25	1155,05
569,45	1148,91
569,64	1241,07
569,84	1150,96
570,04	1183,73
570,23	1210,35
570,43	1155,05
570,62	1253,36
570,82	1210,35
571,01	1310,70
571,21	1239,02
571,40	1179,63
571,60	1193,97
571,79	1198,06
571,99	1279,98
572,18	1167,34
572,38	1218,54
572,57	1134,57
572,77	1204,21
572,96	1210,35
573,16	1200,11
573,35	1150,96
573,55	1165,29
573,74	1208,30
573,94	1099,76
574,13	1259,50
574,33	1198,06
574,52	1196,01
574,71	1189,87
574,91	1161,20
575,10	1126,38
575,30	1198,06
575,49	1165,29
575,69	1167,34
575,88	1126,38
576,08	1179,63
576,27	1222,64
576,47	1171,44
576,66	1208,30
576,86	1251,31
577,05	1275,88
577,25	1191,92
577,44	1191,92
577,64	1177,58
577,83	1161,20
578,02	1112,05
578,22	1159,15
578,41	1169,39
578,61	1220,59
578,80	1138,67
579,00	1200,11
579,19	1132,53
579,39	1175,53
579,58	1134,57
579,77	1173,49
579,97	1167,34
580,16	1122,29
580,36	1167,34
580,55	1206,25
580,75	1157,10
580,94	1228,78
581,13	1216,49
581,33	1177,58
581,52	1210,35
581,72	1196,01
581,91	1204,21
582,11	1263,60
582,30	1159,15
582,49	1216,49
582,69	1165,29
582,88	1226,73
583,08	1071,09
583,27	1196,01
583,47	1189,87
583,66	1200,11
583,85	1216,49
584,05	1171,44
584,24	1171,44
584,44	1171,44
584,63	1171,44
584,82	1204,21
585,02	1181,68
585,21	1167,34
585,41	1167,34
585,60	1265,64
585,79	1136,62
585,99	1191,92
586,18	1146,86
586,37	1173,49
586,57	1241,07
586,76	1165,29
586,96	1173,49
587,15	1144,81
587,34	1185,77
587,54	1173,49
587,73	1187,82
587,93	1259,50
588,12	1261,55
588,31	1198,06
588,51	1206,25
588,70	1179,63
588,89	1181,68
589,09	1066,99
589,28	1222,64
589,47	1193,97
589,67	1234,93
589,86	1193,97
590,06	1202,16
590,25	1204,21
590,44	1236,97
590,64	1216,49
590,83	1138,67
591,02	1232,88
591,22	1122,29
591,41	1247,21
591,60	1148,91
591,80	1245,16
591,99	1239,02
592,18	1239,02
592,38	1257,45
592,57	1273,84
592,76	1144,81
592,96	1191,92
593,15	1224,69
593,34	1208,30
593,54	1243,12
593,73	1196,01
593,92	1204,21
594,12	1165,29
594,31	1177,58
594,50	1191,92
594,70	1187,82
594,89	1228,78
595,08	1187,82
595,28	1142,77
595,47	1239,02
595,66	1171,44
595,86	1226,73
596,05	1187,82
596,24	1214,45
596,43	1191,92
596,63	1187,82
596,82	1236,97
597,01	1175,53
597,21	1120,24
597,40	1175,53
597,59	1214,45
597,79	1183,73
597,98	1232,88
598,17	1177,58
598,36	1261,55
598,56	1165,29
598,75	1222,64
598,94	1173,49
599,14	1148,91
599,33	1208,30
599,52	1204,21
599,71	1185,77
599,91	1193,97
600,10	1243,12
600,29	1200,11
600,48	1171,44
600,68	1142,77
600,87	1187,82
601,06	1200,11
601,26	1200,11
601,45	1198,06
601,64	1257,45
601,83	1208,30
602,03	1146,86
602,22	1159,15
602,41	1157,10
602,60	1241,07
602,80	1134,57
602,99	1193,97
603,18	1167,34
603,37	1214,45
603,57	1251,31
603,76	1193,97
603,95	1247,21
604,14	1251,31
604,34	1132,53
604,53	1177,58
604,72	1175,53
604,91	1148,91
605,10	1134,57
605,30	1245,16
605,49	1224,69
605,68	1189,87
605,87	1230,83
606,07	1159,15
606,26	1200,11
606,45	1179,63
606,64	1153,01
606,84	1189,87
607,03	1212,40
607,22	1138,67
607,41	1241,07
607,60	1200,11
607,80	1150,96
607,99	1124,33
608,18	1167,34
608,37	1218,54
608,56	1140,72
608,76	1222,64
608,95	1183,73
609,14	1222,64
609,33	1277,93
609,52	1175,53
609,72	1148,91
609,91	1185,77
610,10	1208,30
610,29	1212,40
610,48	1265,64
610,68	1263,60
610,87	1218,54
611,06	1200,11
611,25	1208,30
611,44	1167,34
611,63	1159,15
611,83	1230,83
612,02	1142,77
612,21	1224,69
612,40	1146,86
612,59	1183,73
612,79	1169,39
612,98	1169,39
613,17	1120,24
613,36	1148,91
613,55	1204,21
613,74	1214,45
613,93	1191,92
614,13	1210,35
614,32	1212,40
614,51	1130,48
614,70	1183,73
614,89	1230,83
615,08	1206,25
615,28	1226,73
615,47	1134,57
615,66	1206,25
615,85	1214,45
616,04	1214,45
616,23	1155,05
616,42	1226,73
616,62	1175,53
616,81	1177,58
617,00	1216,49
617,19	1200,11
617,38	1214,45
617,57	1234,93
617,76	1220,59
617,95	1140,72
618,15	1157,10
618,34	1208,30
618,53	1173,49
618,72	1269,74
618,91	1105,90
619,10	1191,92
619,29	1232,88
619,48	1216,49
619,68	1124,33
619,87	1130,48
620,06	1126,38
620,25	1134,57
620,44	1198,06
620,63	1243,12
620,82	1239,02
621,01	1175,53
621,20	1181,68
621,39	1216,49
621,59	1234,93
621,78	1177,58
621,97	1214,45
622,16	1134,57
622,35	1191,92
622,54	1202,16
622,73	1175,53
622,92	1208,30
623,11	1208,30
623,30	1251,31
623,49	1200,11
623,68	1128,43
623,88	1099,76
624,07	1171,44
624,26	1183,73
624,45	1230,83
624,64	1196,01
624,83	1183,73
625,02	1173,49
625,21	1310,70
625,40	1148,91
625,59	1222,64
625,78	1177,58
625,97	1175,53
626,16	1226,73
626,35	1210,35
626,54	1173,49
626,74	1159,15
626,93	1101,81
627,12	1249,26
627,31	1232,88
627,50	1232,88
627,69	1214,45
627,88	1220,59
628,07	1265,64
628,26	1183,73
628,45	1212,40
628,64	1247,21
628,83	1157,10
629,02	1263,60
629,21	1245,16
629,40	1241,07
629,59	1198,06
629,78	1210,35
629,97	1224,69
630,16	1220,59
630,35	1220,59
630,54	1265,64
630,73	1236,97
630,92	1249,26
631,11	1247,21
631,30	1191,92
631,49	1269,74
631,68	1361,90
631,87	2508,76
632,06	7442,32
632,25	15046,43
632,44	18005,74
632,63	23092,90
632,82	12824,38
633,01	7784,33
633,20	3631,05
633,39	2058,21
633,58	1656,81
633,77	1769,44
633,96	1589,22
634,15	1353,71
634,34	1361,90
634,53	1294,32
634,72	1376,24
634,91	1329,13
635,10	1247,21
635,29	1314,80
635,48	1292,27
635,67	1183,73
635,86	1196,01
636,05	1243,12
636,24	1161,20
636,43	1157,10
636,62	1228,78
636,81	1171,44
637,00	1157,10
637,19	1249,26
637,38	1132,53
637,57	1179,63
637,76	1206,25
637,95	1173,49
638,14	1216,49
638,33	1216,49
638,52	1226,73
638,71	1177,58
638,89	1134,57
639,08	1216,49
639,27	1150,96
639,46	1216,49
639,65	1187,82
639,84	1185,77
640,03	1191,92
640,22	1247,21
640,41	1157,10
640,60	1198,06
640,79	1179,63
640,98	1208,30
641,17	1257,45
641,36	1179,63
641,55	1153,01
641,74	1179,63
641,92	1134,57
642,11	1177,58
642,30	1214,45
642,49	1257,45
642,68	1181,68
642,87	1224,69
643,06	1241,07
643,25	1179,63
643,44	1191,92
643,63	1275,88
643,82	1196,01
644,00	1132,53
644,19	1169,39
644,38	1165,29
644,57	1193,97
644,76	1161,20
644,95	1200,11
645,14	1173,49
645,33	1150,96
645,52	1185,77
645,71	1179,63
645,89	1230,83
646,08	1243,12
646,27	1114,10
646,46	1165,29
646,65	1193,97
646,84	1220,59
647,03	1142,77
647,22	1173,49
647,40	1183,73
647,59	1236,97
647,78	1230,83
647,97	1175,53
648,16	1206,25
648,35	1243,12
648,54	1196,01
648,73	1165,29
648,91	1173,49
649,10	1146,86
649,29	1157,10
649,48	1193,97
649,67	1185,77
649,86	1189,87
650,05	1214,45
650,23	1169,39
650,42	1245,16
650,61	1232,88
650,80	1181,68
650,99	1232,88
651,18	1167,34
651,36	1161,20
651,55	1177,58
651,74	1196,01
651,93	1183,73
652,12	1173,49
652,31	1263,60
652,49	1220,59
652,68	1210,35
652,87	1126,38
653,06	1179,63
653,25	1142,77
653,44	1249,26
653,62	1226,73
653,81	1206,25
654,00	1200,11
654,19	1099,76
654,38	1144,81
654,56	1150,96
654,75	1222,64
654,94	1224,69
655,13	1191,92
655,32	1193,97
655,51	1296,36
655,69	1261,55
655,88	1265,64
656,07	1150,96
656,26	1228,78
656,45	1146,86
656,63	1232,88
656,82	1204,21
657,01	1257,45
657,20	1177,58
657,38	1146,86
657,57	1206,25
657,76	1161,20
657,95	1181,68
658,14	1126,38
658,32	1210,35
658,51	1134,57
658,70	1261,55
658,89	1189,87
659,08	1216,49
659,26	1165,29
659,45	1189,87
659,64	1159,15
659,83	1232,88
660,01	1204,21
660,20	1193,97
660,39	1202,16
660,58	1130,48
660,76	1210,35
660,95	1159,15
661,14	1122,29
661,33	1196,01
661,51	1216,49
661,70	1216,49
661,89	1200,11
662,08	1134,57
662,26	1189,87
662,45	1155,05
662,64	1167,34
662,83	1204,21
663,01	1216,49
663,20	1175,53
663,39	1191,92
663,58	1163,25
663,76	1189,87
663,95	1153,01
664,14	1232,88
664,32	1144,81
664,51	1228,78
664,70	1206,25
664,89	1191,92
665,07	1196,01
665,26	1173,49
665,45	1175,53
665,64	1228,78
665,82	1212,40
666,01	1185,77
666,20	1196,01
666,38	1175,53
666,57	1175,53
666,76	1236,97
666,95	1257,45
667,13	1122,29
667,32	1204,21
667,51	1161,20
667,69	1138,67
667,88	1179,63
668,07	1234,93
668,25	1196,01
668,44	1179,63
668,63	1101,81
668,81	1167,34
669,00	1140,72
669,19	1122,29
669,38	1159,15
669,56	1191,92
669,75	1206,25
669,94	1206,25
670,12	1196,01
670,31	1097,71
670,50	1236,97
670,68	1167,34
670,87	1204,21
671,06	1169,39
671,24	1157,10
671,43	1122,29
671,62	1200,11
671,80	1114,10
671,99	1241,07
672,18	1148,91
672,36	1155,05
672,55	1173,49
672,74	1183,73
672,92	1140,72
673,11	1165,29
673,29	1187,82
673,48	1292,27
673,67	1226,73
673,85	1226,73
674,04	1220,59
674,23	1163,25
674,41	1187,82
674,60	1224,69
674,79	1138,67
674,97	1208,30
675,16	1202,16
675,34	1175,53
675,53	1191,92
675,72	1193,97
675,90	1196,01
676,09	1153,01
676,28	1202,16
676,46	1204,21
676,65	1196,01
676,83	1142,77
677,02	1218,54
677,21	1175,53
677,39	1222,64
677,58	1155,05
677,77	1251,31
677,95	1163,25
678,14	1146,86
678,32	1173,49
678,51	1196,01
678,70	1179,63
678,88	1245,16
679,07	1159,15
679,25	1177,58
679,44	1271,79
679,63	1185,77
679,81	1230,83
680,00	1177,58
680,18	1161,20
680,37	1179,63
680,55	1189,87
680,74	1134,57
680,93	1167,34
681,11	1255,40
681,30	1193,97
681,48	1169,39
681,67	1134,57
681,85	1220,59
682,04	1212,40
682,23	1210,35
682,41	1150,96
682,60	1161,20
682,78	1165,29
682,97	1263,60
683,15	1208,30
683,34	1243,12
683,53	1191,92
683,71	1243,12
683,90	1130,48
684,08	1187,82
684,27	1167,34
684,45	1167,34
684,64	1232,88
684,82	1136,62
685,01	1159,15
685,19	1183,73
685,38	1202,16
685,57	1191,92
685,75	1220,59
685,94	1146,86
686,12	1214,45
686,31	1253,36
686,49	1271,79
686,68	1189,87
686,86	1157,10
687,05	1159,15
687,23	1214,45
687,42	1204,21
687,60	1191,92
687,79	1189,87
687,97	1208,30
688,16	1124,33
688,34	1142,77
688,53	1208,30
688,71	1318,89
688,90	1130,48
689,08	1181,68
689,27	1165,29
689,45	1165,29
689,64	1191,92
689,82	1185,77
690,01	1247,21
690,19	1177,58
690,38	1224,69
690,56	1191,92
690,75	1173,49
690,93	1208,30
691,12	1232,88
691,30	1185,77
691,49	1132,53
691,67	1198,06
691,86	1228,78
692,04	1218,54
692,23	1224,69
692,41	1181,68
692,60	1214,45
692,78	1175,53
692,97	1259,50
693,15	1261,55
693,34	1161,20
693,52	1189,87
693,71	1191,92
693,89	1243,12
694,08	1134,57
694,26	1224,69
694,44	1220,59
694,63	1181,68
694,81	1138,67
695,00	1234,93
695,18	1191,92
695,37	1130,48
695,55	1181,68
695,74	1234,93
695,92	1153,01
696,10	1150,96
696,29	1204,21
696,47	1124,33
696,66	1222,64
696,84	1228,78
697,03	1230,83
697,21	1177,58
697,40	1189,87
697,58	1222,64
697,76	1218,54
697,95	1198,06
698,13	1245,16
698,32	1226,73
698,50	1241,07
698,68	1183,73
698,87	1216,49
699,05	1169,39
699,24	1216,49
699,42	1142,77
699,61	1230,83
699,79	1161,20
699,97	1189,87
700,16	1181,68
700,34	1110,00
700,53	1226,73
700,71	1167,34
700,89	1224,69
701,08	1185,77
701,26	1138,67
701,45	1255,40
701,63	1159,15
701,81	1218,54
702,00	1157,10
702,18	1101,81
702,37	1234,93
702,55	1234,93
702,73	1279,98
702,92	1210,35
703,10	1165,29
703,28	1181,68
703,47	1167,34
703,65	1216,49
703,84	1155,05
704,02	1183,73
704,20	1171,44
704,39	1210,35
704,57	1204,21
704,75	1206,25
704,94	1132,53
705,12	1206,25
705,30	1271,79
705,49	1206,25
705,67	1204,21
705,86	1206,25
706,04	1177,58
706,22	1234,93
706,41	1146,86
706,59	1193,97
706,77	1167,34
706,96	1161,20
707,14	1198,06
707,32	1214,45
707,51	1179,63
707,69	1214,45
707,87	1218,54
708,06	1177,58
708,24	1234,93
708,42	1253,36
708,61	1189,87
708,79	1193,97
708,97	1220,59
709,16	1175,53
709,34	1173,49
709,52	1122,29
709,71	1296,36
709,89	1191,92
710,07	1183,73
710,26	1198,06
710,44	1239,02
710,62	1136,62
710,80	1179,63
710,99	1216,49
711,17	1114,10
711,35	1230,83
711,54	1200,11
711,72	1175,53
711,90	1144,81
712,09	1167,34
712,27	1247,21
712,45	1128,43
712,63	1204,21
712,82	1236,97
713,00	1134,57
713,18	1189,87
713,37	1247,21
713,55	1232,88
713,73	1185,77
713,91	1181,68
714,10	1183,73
714,28	1171,44
714,46	1210,35
714,65	1179,63
714,83	1196,01
715,01	1157,10
715,19	1236,97
715,38	1167,34
715,56	1208,30
715,74	1144,81
715,92	1198,06
716,11	1142,77
716,29	1187,82
716,47	1185,77
716,65	1181,68
716,84	1173,49
717,02	1216,49
717,20	1161,20
717,38	1181,68
717,57	1232,88
717,75	1134,57
717,93	1122,29
718,11	1230,83
718,30	1155,05
718,48	1161,20
718,66	1126,38
718,84	1257,45
719,03	1177,58
719,21	1191,92
719,39	1206,25
719,57	1114,10
719,75	1198,06
719,94	1206,25
720,12	1179,63
720,30	1189,87
720,48	1150,96
720,67	1245,16
720,85	1155,05
721,03	1206,25
721,21	1185,77
721,39	1288,17
721,58	1222,64
721,76	1226,73
721,94	1200,11
722,12	1155,05
722,30	1198,06
722,49	1228,78
722,67	1232,88
722,85	1193,97
723,03	1239,02
723,21	1253,36
723,40	1126,38
723,58	1157,10
723,76	1193,97
723,94	1155,05
724,12	1204,21
724,30	1167,34
724,49	1159,15
724,67	1208,30
724,85	1239,02
725,03	1212,40
725,21	1130,48
725,40	1167,34
725,58	1224,69
725,76	1189,87
725,94	1181,68
726,12	1173,49
726,30	1212,40
726,49	1200,11
726,67	1179,63
726,85	1208,30
727,03	1161,20
727,21	1191,92
727,39	1257,45
727,57	1200,11
727,76	1216,49
727,94	1204,21
728,12	1204,21
728,30	1142,77
728,48	1169,39
728,66	1220,59
728,84	1138,67
729,03	1202,16
729,21	1202,16
729,39	1216,49
729,57	1136,62
729,75	1142,77
729,93	1167,34
730,11	1206,25
730,30	1204,21
730,48	1177,58
730,66	1214,45
730,84	1175,53
731,02	1167,34
731,20	1163,25
731,38	1163,25
731,56	1179,63
731,74	1220,59
731,93	1187,82
732,11	1181,68
732,29	1220,59
732,47	1110,00
732,65	1148,91
732,83	1189,87
733,01	1128,43
733,19	1107,95
733,37	1241,07
733,56	1112,05
733,74	1159,15
733,92	1196,01
734,10	1177,58
734,28	1249,26
734,46	1228,78
734,64	1198,06
734,82	1193,97
735,00	1204,21
735,18	1226,73
735,36	1187,82
735,54	1259,50
735,73	1210,35
735,91	1222,64
736,09	1179,63
736,27	1183,73
736,45	1183,73
736,63	1210,35
736,81	1183,73
736,99	1220,59
737,17	1177,58
737,35	1179,63
737,53	1269,74
737,71	1198,06
737,89	1169,39
738,07	1181,68
738,25	1181,68
738,43	1198,06
738,61	1155,05
738,80	1120,24
738,98	1212,40
739,16	1249,26
739,34	1212,40
739,52	1267,69
739,70	1191,92
739,88	1163,25
740,06	1247,21
740,24	1175,53
740,42	1208,30
740,60	1148,91
740,78	1259,50
740,96	1196,01
741,14	1140,72
741,32	1208,30
741,50	1179,63
741,68	1208,30
741,86	1198,06
742,04	1255,40
742,22	1157,10
742,40	1150,96
742,58	1236,97
742,76	1269,74
742,94	1144,81
743,12	1171,44
743,30	1191,92
743,48	1232,88
743,66	1216,49
743,84	1210,35
744,02	1224,69
744,20	1185,77
744,38	1200,11
744,56	1222,64
744,74	1226,73
744,92	1183,73
745,10	1200,11
745,28	1216,49
745,46	1198,06
745,64	1193,97
745,82	1224,69
746,00	1153,01
746,18	1189,87
746,36	1243,12
746,54	1232,88
746,72	1236,97
746,90	1189,87
747,08	1150,96
747,26	1167,34
747,44	1222,64
747,62	1185,77
747,80	1189,87
747,98	1204,21
748,15	1185,77
748,33	1234,93
748,51	1179,63
748,69	1171,44
748,87	1206,25
749,05	1181,68
749,23	1179,63
749,41	1191,92
749,59	1179,63
749,77	1157,10
749,95	1177,58
750,13	1241,07
750,31	1167,34
750,49	1222,64
750,67	1093,62
750,85	1148,91
751,03	1200,11
751,20	1251,31
751,38	1191,92
751,56	1241,07
751,74	1193,97
751,92	1163,25
752,10	1153,01
752,28	1155,05
752,46	1171,44
752,64	1232,88
752,82	1165,29
753,00	1138,67
753,18	1255,40
753,35	1101,81
753,53	1165,29
753,71	1206,25
753,89	1232,88
754,07	1097,71
754,25	1165,29
754,43	1165,29
754,61	1132,53
754,79	1165,29
754,97	1187,82
755,14	1198,06
755,32	1241,07
755,50	1251,31
755,68	1234,93
755,86	1239,02
756,04	1155,05
756,22	1165,29
756,40	1210,35
756,57	1204,21
756,75	1216,49
756,93	1210,35
757,11	1277,93
757,29	1196,01
757,47	1236,97
757,65	1105,90
757,82	1206,25
758,00	1128,43
758,18	1189,87
758,36	1230,83
758,54	1267,69
758,72	1150,96
758,90	1306,60
759,07	1202,16
759,25	1181,68
759,43	1196,01
759,61	1155,05
759,79	1171,44
759,97	1157,10
760,15	1165,29
760,32	1216,49
760,50	1265,64
760,68	1161,20
760,86	1179,63
761,04	1222,64
761,22	1185,77
761,39	1179,63
761,57	1208,30
761,75	1198,06
761,93	1136,62
762,11	1247,21
762,28	1136,62
762,46	1175,53
762,64	1173,49
762,82	1153,01
763,00	1087,47
763,18	1214,45
763,35	1171,44
763,53	1202,16
763,71	1114,10
763,89	1214,45
764,07	1187,82
764,24	1167,34
764,42	1179,63
764,60	1189,87
764,78	1146,86
764,96	1148,91
765,13	1193,97
765,31	1179,63
765,49	1165,29
765,67	1167,34
765,84	1200,11
766,02	1247,21
766,20	1097,71
766,38	1175,53
766,56	1120,24
766,73	1185,77
766,91	1175,53
767,09	1196,01
767,27	1173,49
767,44	1220,59
767,62	1126,38
767,80	1134,57
767,98	1247,21
768,15	1165,29
768,33	1226,73
768,51	1165,29
768,69	1091,57
768,87	1142,77
769,04	1212,40
769,22	1155,05
769,40	1249,26
769,58	1159,15
769,75	1144,81
769,93	1243,12
770,11	1208,30
770,28	1179,63
770,46	1200,11
770,64	1275,88
770,82	1185,77
770,99	1189,87
771,17	1200,11
771,35	1259,50
771,53	1214,45
771,70	1171,44
771,88	1286,12
772,06	1200,11
772,23	1165,29
772,41	1200,11
772,59	1202,16
772,77	1249,26
772,94	1247,21
773,12	1183,73
773,30	1210,35
773,47	1183,73
773,65	1210,35
773,83	1173,49
774,01	1169,39
774,18	1208,30
774,36	1198,06
774,54	1148,91
774,71	1265,64
774,89	1255,40
775,07	1245,16
775,24	1171,44
775,42	1161,20
775,60	1222,64
775,78	1224,69
775,95	1206,25
776,13	1163,25
776,31	1150,96
776,48	1179,63
776,66	1163,25
776,84	1224,69
777,01	1232,88
777,19	1208,30
777,37	1167,34
777,54	1175,53
777,72	1200,11
777,90	1224,69
778,07	1173,49
778,25	1200,11
778,43	1222,64
778,60	1202,16
778,78	1159,15
778,96	1198,06
779,13	1228,78
779,31	1163,25
779,49	1163,25
779,66	1224,69
779,84	1140,72
780,01	1161,20
780,19	1216,49
780,37	1155,05
780,54	1214,45
780,72	1167,34
780,90	1120,24
781,07	1224,69
781,25	1187,82
781,43	1247,21
781,60	1216,49
781,78	1157,10
781,95	1171,44
782,13	1169,39
782,31	1159,15
782,48	1150,96
782,66	1204,21
782,83	1277,93
783,01	1200,11
783,19	1173,49
783,36	1189,87
783,54	1157,10
783,72	1105,90
783,89	1171,44
784,07	1181,68
784,24	1159,15
784,42	1183,73
784,60	1218,54
784,77	1146,86
784,95	1226,73
785,12	1200,11
785,30	1220,59
785,47	1241,07
785,65	1189,87
785,83	1196,01
786,00	1208,30
786,18	1103,86
786,35	1169,39
786,53	1198,06
786,71	1173,49
786,88	1216,49
787,06	1167,34
787,23	1198,06
787,41	1198,06
787,58	1165,29
787,76	1138,67
787,94	1196,01
788,11	1271,79
788,29	1122,29
788,46	1110,00
788,64	1198,06
788,81	1140,72
788,99	1241,07
789,16	1200,11
789,34	1183,73
789,52	1179,63
789,69	1208,30
789,87	1148,91
790,04	1171,44
790,22	1126,38
790,39	1132,53
790,57	1126,38
790,74	1212,40
790,92	1198,06
791,09	1171,44
791,27	1171,44
791,44	1198,06
791,62	1191,92
791,79	1214,45
791,97	1222,64
792,15	1222,64
792,32	1214,45
792,50	1269,74
792,67	1200,11
792,85	1251,31
793,02	1153,01
793,20	1140,72
793,37	1163,25
793,55	1173,49
793,72	1210,35
793,90	1206,25
794,07	1171,44
794,25	1243,12
794,42	1212,40
794,60	1200,11
794,77	1163,25
794,95	1159,15
795,12	1185,77
795,30	1198,06
795,47	1228,78
795,65	1304,56
795,82	1167,34
796,00	1204,21
796,17	1167,34
796,34	1179,63
796,52	1210,35
796,69	1175,53
796,87	1183,73
797,04	1175,53
797,22	1183,73
797,39	1206,25
797,57	1236,97
797,74	1228,78
797,92	1177,58
798,09	1159,15
798,27	1159,15
798,44	1196,01
798,62	1214,45
798,79	1208,30
798,96	1198,06
799,14	1167,34
799,31	1273,84
799,49	1214,45
799,66	1183,73
799,84	1200,11
800,01	1245,16
800,19	1134,57
800,36	1181,68
800,53	1234,93
800,71	1206,25
800,88	1196,01
801,06	1183,73
801,23	1204,21
801,41	1187,82
801,58	1173,49
801,75	1177,58
801,93	1159,15
802,10	1202,16
802,28	1243,12
802,45	1196,01
802,63	1249,26
802,80	1175,53
802,97	1146,86
803,15	1232,88
803,32	1255,40
803,50	1196,01
803,67	1210,35
803,84	1124,33
804,02	1165,29
804,19	1136,62
804,37	1189,87
804,54	1230,83
804,71	1144,81
804,89	1150,96
805,06	1187,82
805,24	1175,53
805,41	1173,49
805,58	1171,44
805,76	1189,87
805,93	1200,11
806,10	1103,86
806,28	1206,25
806,45	1165,29
806,63	1218,54
806,80	1196,01
806,97	1196,01
807,15	1165,29
807,32	1142,77
807,49	1298,41
807,67	1167,34
807,84	1206,25
808,01	1146,86
808,19	1167,34
808,36	1196,01
808,54	1196,01
808,71	1208,30
808,88	1130,48
809,06	1226,73
809,23	1167,34
809,40	1214,45
809,58	1220,59
809,75	1212,40
809,92	1159,15
810,10	1169,39
810,27	1226,73
810,44	1157,10
810,62	1183,73
810,79	1210,35
810,96	1265,64
811,14	1198,06
811,31	1189,87
811,48	1163,25
811,66	1181,68
811,83	1243,12
812,00	1150,96
812,18	1150,96
812,35	1163,25
812,52	1175,53
812,69	1179,63
812,87	1159,15
813,04	1222,64
813,21	1134,57
813,39	1224,69
813,56	1204,21
813,73	1232,88
813,91	1153,01
814,08	1214,45
814,25	1253,36
814,42	1134,57
814,60	1165,29
814,77	1161,20
814,94	1236,97
815,12	1200,11
815,29	1255,40
815,46	1134,57
815,63	1159,15
815,81	1224,69
815,98	1208,30
816,15	1124,33
816,33	1163,25
816,50	1214,45
816,67	1189,87
816,84	1181,68
817,02	1222,64
817,19	1161,20
817,36	1212,40
817,53	1261,55
817,71	1187,82
817,88	1183,73
818,05	1196,01
818,22	1208,30
818,40	1167,34
818,57	1198,06
818,74	1216,49
818,91	1200,11
819,09	1189,87
819,26	1181,68
819,43	1116,14
819,60	1304,56
819,78	1183,73
819,95	1271,79
820,12	1198,06
820,29	1218,54
820,47	1093,62
820,64	1243,12
820,81	1132,53
820,98	1236,97
821,15	1206,25
821,33	1167,34
821,50	1169,39
821,67	1161,20
821,84	1150,96
822,02	1146,86
822,19	1144,81
822,36	1128,43
822,53	1124,33
822,70	1189,87
822,88	1173,49
823,05	1148,91
823,22	1185,77
823,39	1130,48
823,56	1187,82
823,74	1198,06
823,91	1134,57
824,08	1224,69
824,25	1245,16
824,42	1230,83
824,60	1148,91
824,77	1150,96
824,94	1138,67
825,11	1148,91
825,28	1140,72
825,45	1204,21
825,63	1204,21
825,80	1212,40
825,97	1173,49
826,14	1204,21
826,31	1153,01
826,48	1171,44
826,66	1279,98
826,83	1200,11
827,00	1138,67
827,17	1241,07
827,34	1163,25
827,51	1157,10
827,69	1222,64
827,86	1155,05
828,03	1183,73
828,20	1202,16
828,37	1103,86
828,54	1308,65
828,71	1140,72
828,89	1218,54
829,06	1239,02
829,23	1249,26
829,40	1243,12
829,57	1175,53
829,74	1165,29
829,91	1290,22
830,09	1198,06
830,26	1220,59
830,43	1173,49
830,60	1171,44
830,77	1234,93
830,94	1196,01
831,11	1138,67
831,28	1163,25
831,46	1230,83
831,63	1200,11
831,80	1216,49
831,97	1232,88
832,14	1216,49
832,31	1216,49
832,48	1185,77
832,65	1220,59
832,82	1087,47
832,99	1181,68
833,17	1200,11
833,34	1163,25
833,51	1212,40
833,68	1167,34
833,85	1183,73
834,02	1204,21
834,19	1196,01
834,36	1177,58
834,53	1169,39
834,70	1163,25
834,87	1202,16
835,04	1226,73
835,22	1191,92
835,39	1144,81
835,56	1187,82
835,73	1179,63
835,90	1236,97
836,07	1130,48
836,24	1214,45
836,41	1224,69
836,58	1214,45
836,75	1167,34
836,92	1189,87
837,09	1159,15
837,26	1191,92
837,43	1148,91
837,60	1183,73
837,77	1185,77
837,94	1153,01
838,12	1101,81
838,29	1130,48
838,46	1177,58
838,63	1189,87
838,80	1236,97
838,97	1185,77
839,14	1177,58
839,31	1234,93
839,48	1198,06
839,65	1228,78
839,82	1218,54
839,99	1191,92
840,16	1247,21
840,33	1142,77
840,50	1134,57
840,67	1173,49
840,84	1183,73
841,01	1191,92
841,18	1173,49
841,35	1177,58
841,52	1181,68
841,69	1208,30
841,86	1212,40
842,03	1191,92
842,20	1148,91
842,37	1222,64
842,54	1222,64
842,71	1181,68
842,88	1193,97
843,05	1189,87
843,22	1234,93
843,39	1159,15
843,56	1216,49
843,73	1196,01
843,90	1157,10
844,07	1159,15
844,24	1224,69
844,41	1222,64
844,58	1232,88
844,75	1155,05
844,92	1185,77
845,09	1179,63
845,26	1183,73
845,43	1163,25
845,60	1200,11
845,77	1202,16
845,94	1196,01
846,10	1146,86
846,27	1155,05
846,44	1232,88
846,61	1181,68
846,78	1155,05
846,95	1173,49
847,12	1110,00
847,29	1175,53
847,46	1163,25
847,63	1177,58
847,80	1230,83
847,97	1150,96
848,14	1148,91
848,31	1204,21
848,48	1183,73
848,65	1222,64
848,82	1198,06
848,98	1191,92
849,15	1234,93
849,32	1157,10
849,49	1167,34
849,66	1214,45
849,83	1218,54
850,00	1189,87
850,17	1112,05
850,34	1198,06
850,51	1204,21
850,68	1224,69
850,85	1218,54
851,01	1187,82
851,18	1187,82
851,35	1132,53
851,52	1202,16
851,69	1196,01
851,86	1171,44
852,03	1165,29
852,20	1177,58
852,37	1245,16
852,53	1187,82
852,70	1183,73
852,87	1251,31
853,04	1224,69
853,21	1196,01
853,38	1224,69
853,55	1150,96
853,72	1249,26
853,89	1171,44
854,05	1208,30
854,22	1226,73
854,39	1150,96
854,56	1187,82
854,73	1216,49
854,90	1185,77
855,07	1224,69
855,23	1159,15
855,40	1208,30
855,57	1245,16
855,74	1220,59
855,91	1222,64
856,08	1161,20
856,25	1208,30
856,41	1175,53
856,58	1220,59
856,75	1261,55
856,92	1220,59
857,09	1132,53
857,26	1138,67
857,42	1212,40
857,59	1116,14
857,76	1161,20
857,93	1181,68
858,10	1181,68
858,27	1155,05
858,43	1200,11
858,60	1245,16
858,77	1263,60
858,94	1179,63
859,11	1341,42
859,27	1204,21
859,44	1196,01
859,61	1208,30
859,78	1187,82
859,95	1189,87
860,12	1210,35
860,28	1232,88
860,45	1222,64
860,62	1187,82
860,79	1187,82
860,95	1159,15
861,12	1228,78
861,29	1169,39
861,46	1204,21
861,63	1179,63
861,79	1210,35
861,96	1140,72
862,13	1224,69
862,30	1120,24
862,47	1196,01
862,63	1253,36
862,80	1153,01
862,97	1181,68
863,14	1216,49
863,30	1232,88
863,47	1173,49
863,64	1181,68
863,81	1284,08
863,97	1193,97
864,14	1241,07
864,31	1200,11
864,48	1204,21
864,65	1236,97
864,81	1136,62
864,98	1210,35
865,15	1138,67
865,32	1136,62
865,48	1245,16
865,65	1230,83
865,82	1200,11
865,98	1138,67
866,15	1142,77
866,32	1150,96
866,49	1200,11
866,65	1175,53
866,82	1257,45
866,99	1189,87
867,16	1175,53
867,32	1144,81
867,49	1208,30
867,66	1249,26
867,83	1150,96
867,99	1159,15
868,16	1204,21
868,33	1179,63
868,49	1224,69
868,66	1191,92
868,83	1257,45
868,99	1177,58
869,16	1118,19
869,33	1165,29
869,50	1236,97
869,66	1222,64
869,83	1167,34
870,00	1167,34
870,16	1165,29
870,33	1212,40
870,50	1208,30
870,66	1193,97
870,83	1241,07
871,00	1148,91
871,17	1214,45
871,33	1273,84
871,50	1171,44
871,67	1159,15
871,83	1136,62
872,00	1163,25
872,17	1198,06
872,33	1187,82
872,50	1206,25
872,67	1136,62
872,83	1175,53
873,00	1222,64
873,17	1247,21
873,33	1241,07
873,50	1140,72
873,67	1159,15
873,83	1216,49
874,00	1157,10
874,16	1161,20
874,33	1202,16
874,50	1132,53
874,66	1202,16
874,83	1144,81
875,00	1212,40
875,16	1157,10
875,33	1218,54
875,50	1193,97
875,66	1183,73
875,83	1187,82
875,99	1212,40
876,16	1257,45
876,33	1206,25
876,49	1144,81
876,66	1220,59
876,83	1220,59
876,99	1214,45
877,16	1140,72
877,32	1148,91
877,49	1175,53
877,66	1173,49
877,82	1146,86
877,99	1183,73
878,15	1224,69
878,32	1206,25
878,49	1103,86
878,65	1191,92
878,82	1120,24
878,98	1204,21
879,15	1167,34
879,32	1196,01
879,48	1239,02
879,65	1210,35
879,81	1183,73
879,98	1200,11
880,15	1159,15
880,31	1191,92
880,48	1196,01
880,64	1089,52
880,81	1130,48
880,97	1204,21
881,14	1200,11
881,31	1196,01
881,47	1206,25
881,64	1189,87
881,80	1208,30
881,97	1253,36
882,13	1222,64
882,30	1214,45
882,47	1232,88
882,63	1279,98
882,80	1251,31
882,96	1185,77
883,13	1171,44
883,29	1210,35
883,46	1226,73
883,62	1126,38
883,79	1189,87
883,95	1204,21
884,12	1157,10
884,29	1183,73
884,45	1177,58
884,62	1132,53
884,78	1212,40
884,95	1146,86
885,11	1099,76
885,28	1167,34
885,44	1138,67
885,61	1189,87
885,77	1181,68
885,94	1216,49
886,10	1122,29
886,27	1245,16
886,43	1175,53
886,60	1189,87
886,76	1228,78
886,93	1189,87
887,09	1263,60
887,26	1167,34
887,42	1144,81
887,59	1185,77
887,75	1200,11
887,92	1183,73
888,08	1075,18
888,25	1234,93
888,41	1216,49
888,58	1107,95
888,74	1234,93
888,91	1234,93
