177,47	1208,30
177,69	1208,30
177,91	1208,30
178,13	1191,92
178,36	1222,64
178,58	1249,26
178,80	1187,82
179,02	1265,64
179,24	1245,16
179,46	1232,88
179,68	1198,06
179,90	1214,45
180,13	1202,16
180,35	1257,45
180,57	1142,77
180,79	1142,77
181,01	1226,73
181,23	1167,34
181,45	1228,78
181,67	1189,87
181,90	1206,25
182,12	1134,57
182,34	1167,34
182,56	1271,79
182,78	1206,25
183,00	1183,73
183,22	1222,64
183,44	1189,87
183,66	1171,44
183,89	1214,45
184,11	1181,68
184,33	1253,36
184,55	1273,84
184,77	1214,45
184,99	1165,29
185,21	1265,64
185,43	1265,64
185,65	1202,16
185,87	1161,20
186,10	1214,45
186,32	1245,16
186,54	1177,58
186,76	1200,11
186,98	1198,06
187,20	1187,82
187,42	1208,30
187,64	1163,25
187,86	1148,91
188,08	1120,24
188,30	1222,64
188,52	1247,21
188,75	1101,81
188,97	1103,86
189,19	1204,21
189,41	1122,29
189,63	1157,10
189,85	1271,79
190,07	1175,53
190,29	1228,78
190,51	1267,69
190,73	1222,64
190,95	1208,30
191,17	1148,91
191,39	1155,05
191,61	1230,83
191,84	1210,35
192,06	1204,21
192,28	1159,15
192,50	1261,55
192,72	1263,60
192,94	1202,16
193,16	1200,11
193,38	1222,64
193,60	1146,86
193,82	1167,34
194,04	1220,59
194,26	1187,82
194,48	1196,01
194,70	1175,53
194,92	1206,25
195,14	1189,87
195,36	1134,57
195,58	1206,25
195,80	1110,00
196,02	1212,40
196,24	1163,25
196,46	1206,25
196,69	1216,49
196,91	1279,98
197,13	1181,68
197,35	1239,02
197,57	1224,69
197,79	1155,05
198,01	1200,11
198,23	1212,40
198,45	1210,35
198,67	1175,53
198,89	1267,69
199,11	1177,58
199,33	1239,02
199,55	1214,45
199,77	1189,87
199,99	1239,02
200,21	1206,25
200,43	1208,30
200,65	1171,44
200,87	1214,45
201,09	1208,30
201,31	1206,25
201,53	1214,45
201,75	1204,21
201,97	1200,11
202,19	1222,64
202,41	1236,97
202,63	1243,12
202,85	1165,29
203,07	1171,44
203,29	1218,54
203,51	1198,06
203,73	1224,69
203,95	1157,10
204,17	1155,05
204,39	1187,82
204,61	1196,01
204,83	1216,49
205,05	1173,49
205,27	1189,87
205,49	1179,63
205,71	1212,40
205,93	1150,96
206,15	1196,01
206,37	1163,25
206,59	1214,45
206,81	1191,92
207,03	1087,47
207,25	1122,29
207,47	1267,69
207,69	1179,63
207,91	1163,25
208,13	1212,40
208,34	1187,82
208,56	1189,87
208,78	1208,30
209,00	1214,45
209,22	1224,69
209,44	1232,88
209,66	1241,07
209,88	1134,57
210,10	1155,05
210,32	1144,81
210,54	1308,65
210,76	1167,34
210,98	1245,16
211,20	1159,15
211,42	1210,35
211,64	1183,73
211,86	1247,21
212,08	1222,64
212,30	1189,87
212,52	1189,87
212,74	1216,49
212,96	1177,58
213,17	1200,11
213,39	1173,49
213,61	1208,30
213,83	1198,06
214,05	1179,63
214,27	1189,87
214,49	1175,53
214,71	1142,77
214,93	1200,11
215,15	1155,05
215,37	1212,40
215,59	1169,39
215,81	1210,35
216,03	1208,30
216,24	1169,39
216,46	1284,08
216,68	1175,53
216,90	1191,92
217,12	1288,17
217,34	1204,21
217,56	1257,45
217,78	1277,93
218,00	1206,25
218,22	1198,06
218,44	1191,92
218,66	1236,97
218,87	1173,49
219,09	1228,78
219,31	1204,21
219,53	1185,77
219,75	1239,02
219,97	1216,49
220,19	1228,78
220,41	1185,77
220,63	1118,19
220,85	1247,21
221,06	1216,49
221,28	1282,03
221,50	1183,73
221,72	1208,30
221,94	1200,11
222,16	1173,49
222,38	1196,01
222,60	1208,30
222,82	1265,64
223,03	1198,06
223,25	1134,57
223,47	1218,54
223,69	1155,05
223,91	1200,11
224,13	1183,73
224,35	1165,29
224,57	1220,59
224,78	1220,59
225,00	1193,97
225,22	1163,25
225,44	1146,86
225,66	1220,59
225,88	1241,07
226,10	1236,97
226,32	1214,45
226,53	1200,11
226,75	1191,92
226,97	1241,07
227,19	1236,97
227,41	1114,10
227,63	1226,73
227,85	1132,53
228,06	1214,45
228,28	1175,53
228,50	1243,12
228,72	1196,01
228,94	1249,26
229,16	1193,97
229,37	1263,60
229,59	1232,88
229,81	1269,74
230,03	1275,88
230,25	1216,49
230,47	1214,45
230,69	1200,11
230,90	1200,11
231,12	1243,12
231,34	1234,93
231,56	1245,16
231,78	1226,73
232,00	1167,34
232,21	1169,39
232,43	1269,74
232,65	1179,63
232,87	1210,35
233,09	1110,00
233,30	1134,57
233,52	1220,59
233,74	1193,97
233,96	1208,30
234,18	1183,73
234,40	1189,87
234,61	1241,07
234,83	1226,73
235,05	1191,92
235,27	1163,25
235,49	1142,77
235,70	1228,78
235,92	1150,96
236,14	1138,67
236,36	1298,41
236,58	1216,49
236,79	1249,26
237,01	1224,69
237,23	1146,86
237,45	1247,21
237,67	1191,92
237,88	1206,25
238,10	1157,10
238,32	1146,86
238,54	1222,64
238,76	1159,15
238,97	1189,87
239,19	1218,54
239,41	1196,01
239,63	1155,05
239,85	1251,31
240,06	1191,92
240,28	1214,45
240,50	1181,68
240,72	1153,01
240,93	1167,34
241,15	1249,26
241,37	1169,39
241,59	1222,64
241,81	1236,97
242,02	1241,07
242,24	1257,45
242,46	1222,64
242,68	1212,40
242,89	1284,08
243,11	1224,69
243,33	1179,63
243,55	1193,97
243,76	1222,64
243,98	1232,88
244,20	1224,69
244,42	1275,88
244,64	1183,73
244,85	1124,33
245,07	1148,91
245,29	1245,16
245,51	1177,58
245,72	1183,73
245,94	1179,63
246,16	1214,45
246,38	1208,30
246,59	1175,53
246,81	1155,05
247,03	1222,64
247,24	1228,78
247,46	1140,72
247,68	1200,11
247,90	1173,49
248,11	1155,05
248,33	1140,72
248,55	1212,40
248,77	1224,69
248,98	1210,35
249,20	1253,36
249,42	1226,73
249,64	1167,34
249,85	1247,21
250,07	1200,11
250,29	1220,59
250,50	1163,25
250,72	1284,08
250,94	1181,68
251,16	1304,56
251,37	1175,53
251,59	1185,77
251,81	1142,77
252,02	1216,49
252,24	1136,62
252,46	1263,60
252,68	1122,29
252,89	1222,64
253,11	1228,78
253,33	1286,12
253,54	1150,96
253,76	1193,97
253,98	1118,19
254,20	1286,12
254,41	1196,01
254,63	1224,69
254,85	1183,73
255,06	1193,97
255,28	1118,19
255,50	1204,21
255,71	1208,30
255,93	1177,58
256,15	1267,69
256,36	1177,58
256,58	1185,77
256,80	1216,49
257,02	1159,15
257,23	1222,64
257,45	1175,53
257,67	1183,73
257,88	1314,80
258,10	1146,86
258,32	1200,11
258,53	1163,25
258,75	1216,49
258,97	1193,97
259,18	1167,34
259,40	1208,30
259,62	1239,02
259,83	1259,50
260,05	1224,69
260,27	1218,54
260,48	1175,53
260,70	1198,06
260,92	1222,64
261,13	1169,39
261,35	1183,73
261,57	1198,06
261,78	1198,06
262,00	1249,26
262,22	1253,36
262,43	1191,92
262,65	1155,05
262,86	1126,38
263,08	1239,02
263,30	1224,69
263,51	1208,30
263,73	1191,92
263,95	1183,73
264,16	1202,16
264,38	1202,16
264,60	1212,40
264,81	1183,73
265,03	1232,88
265,25	1253,36
265,46	1214,45
265,68	1189,87
265,89	1208,30
266,11	1148,91
266,33	1163,25
266,54	1204,21
266,76	1161,20
266,98	1155,05
267,19	1265,64
267,41	1163,25
267,62	1210,35
267,84	1189,87
268,06	1185,77
268,27	1204,21
268,49	1200,11
268,70	1243,12
268,92	1177,58
269,14	1171,44
269,35	1146,86
269,57	1116,14
269,79	1259,50
270,00	1200,11
270,22	1193,97
270,43	1159,15
270,65	1208,30
270,87	1128,43
271,08	1196,01
271,30	1187,82
271,51	1171,44
271,73	1169,39
271,95	1198,06
272,16	1222,64
272,38	1228,78
272,59	1144,81
272,81	1179,63
273,02	1148,91
273,24	1222,64
273,46	1196,01
273,67	1228,78
273,89	1216,49
274,10	1226,73
274,32	1263,60
274,54	1181,68
274,75	1208,30
274,97	1163,25
275,18	1196,01
275,40	1193,97
275,61	1202,16
275,83	1212,40
276,05	1187,82
276,26	1155,05
276,48	1175,53
276,69	1230,83
276,91	1175,53
277,12	1224,69
277,34	1226,73
277,55	1212,40
277,77	1200,11
277,99	1236,97
278,20	1122,29
278,42	1193,97
278,63	1273,84
278,85	1175,53
279,06	1155,05
279,28	1216,49
279,49	1216,49
279,71	1183,73
279,93	1167,34
280,14	1288,17
280,36	1159,15
280,57	1243,12
280,79	1132,53
281,00	1185,77
281,22	1204,21
281,43	1181,68
281,65	1181,68
281,86	1196,01
282,08	1181,68
282,29	1165,29
282,51	1198,06
282,73	1122,29
282,94	1179,63
283,16	1157,10
283,37	1196,01
283,59	1204,21
283,80	1134,57
284,02	1220,59
284,23	1163,25
284,45	1230,83
284,66	1198,06
284,88	1222,64
285,09	1191,92
285,31	1333,23
285,52	1175,53
285,74	1228,78
285,95	1255,40
286,17	1245,16
286,38	1183,73
286,60	1173,49
286,81	1134,57
287,03	1128,43
287,24	1243,12
287,46	1222,64
287,67	1167,34
287,89	1155,05
288,10	1220,59
288,32	1159,15
288,53	1146,86
288,75	1179,63
288,96	1226,73
289,18	1216,49
289,39	1222,64
289,61	1269,74
289,82	1175,53
290,04	1163,25
290,25	1253,36
290,47	1206,25
290,68	1255,40
290,90	1175,53
291,11	1193,97
291,33	1200,11
291,54	1150,96
291,76	1196,01
291,97	1245,16
292,18	1212,40
292,40	1146,86
292,61	1193,97
292,83	1187,82
293,04	1214,45
293,26	1251,31
293,47	1236,97
293,69	1173,49
293,90	1165,29
294,12	1144,81
294,33	1241,07
294,55	1220,59
294,76	1157,10
294,97	1218,54
295,19	1249,26
295,40	1290,22
295,62	1161,20
295,83	1183,73
296,05	1179,63
296,26	1224,69
296,48	1173,49
296,69	1234,93
296,90	1206,25
297,12	1169,39
297,33	1200,11
297,55	1169,39
297,76	1163,25
297,98	1198,06
298,19	1232,88
298,41	1177,58
298,62	1204,21
298,83	1220,59
299,05	1249,26
299,26	1185,77
299,48	1226,73
299,69	1259,50
299,90	1189,87
300,12	1179,63
300,33	1116,14
300,55	1191,92
300,76	1181,68
300,98	1163,25
301,19	1277,93
301,40	1165,29
301,62	1142,77
301,83	1214,45
302,05	1224,69
302,26	1177,58
302,47	1249,26
302,69	1234,93
302,90	1183,73
303,12	1179,63
303,33	1179,63
303,54	1214,45
303,76	1265,64
303,97	1253,36
304,19	1273,84
304,40	1265,64
304,61	1216,49
304,83	1232,88
305,04	1212,40
305,26	1163,25
305,47	1247,21
305,68	1187,82
305,90	1167,34
306,11	1210,35
306,33	1185,77
306,54	1126,38
306,75	1181,68
306,97	1196,01
307,18	1159,15
307,39	1261,55
307,61	1183,73
307,82	1191,92
308,04	1247,21
308,25	1161,20
308,46	1216,49
308,68	1187,82
308,89	1150,96
309,10	1206,25
309,32	1191,92
309,53	1161,20
309,74	1179,63
309,96	1185,77
310,17	1232,88
310,39	1159,15
310,60	1273,84
310,81	1243,12
311,03	1226,73
311,24	1183,73
311,45	1171,44
311,67	1224,69
311,88	1126,38
312,09	1239,02
312,31	1183,73
312,52	1216,49
312,73	1214,45
312,95	1175,53
313,16	1126,38
313,37	1196,01
313,59	1179,63
313,80	1220,59
314,01	1232,88
314,23	1171,44
314,44	1130,48
314,65	1220,59
314,87	1191,92
315,08	1271,79
315,29	1196,01
315,51	1187,82
315,72	1167,34
315,93	1189,87
316,15	1183,73
316,36	1210,35
316,57	1191,92
316,79	1206,25
317,00	1165,29
317,21	1179,63
317,43	1282,03
317,64	1146,86
317,85	1138,67
318,07	1165,29
318,28	1247,21
318,49	1130,48
318,70	1189,87
318,92	1128,43
319,13	1196,01
319,34	1191,92
319,56	1163,25
319,77	1226,73
319,98	1241,07
320,20	1222,64
320,41	1236,97
320,62	1134,57
320,83	1224,69
321,05	1220,59
321,26	1204,21
321,47	1210,35
321,69	1173,49
321,90	1234,93
322,11	1153,01
322,32	1187,82
322,54	1167,34
322,75	1204,21
322,96	1187,82
323,18	1132,53
323,39	1187,82
323,60	1216,49
323,81	1257,45
324,03	1228,78
324,24	1196,01
324,45	1243,12
324,66	1204,21
324,88	1265,64
325,09	1142,77
325,30	1206,25
325,52	1175,53
325,73	1198,06
325,94	1230,83
326,15	1236,97
326,37	1179,63
326,58	1222,64
326,79	1171,44
327,00	1191,92
327,22	1212,40
327,43	1175,53
327,64	1239,02
327,85	1165,29
328,07	1222,64
328,28	1236,97
328,49	1222,64
328,70	1196,01
328,92	1183,73
329,13	1263,60
329,34	1222,64
329,55	1204,21
329,76	1255,40
329,98	1257,45
330,19	1232,88
330,40	1177,58
330,61	1189,87
330,83	1157,10
331,04	1241,07
331,25	1142,77
331,46	1198,06
331,68	1200,11
331,89	1132,53
332,10	1196,01
332,31	1265,64
332,52	1220,59
332,74	1159,15
332,95	1175,53
333,16	1177,58
333,37	1202,16
333,58	1232,88
333,80	1173,49
334,01	1193,97
334,22	1245,16
334,43	1208,30
334,64	1243,12
334,86	1210,35
335,07	1216,49
335,28	1202,16
335,49	1245,16
335,70	1116,14
335,92	1177,58
336,13	1196,01
336,34	1173,49
336,55	1269,74
336,76	1263,60
336,98	1241,07
337,19	1214,45
337,40	1146,86
337,61	1196,01
337,82	1163,25
338,04	1146,86
338,25	1181,68
338,46	1249,26
338,67	1177,58
338,88	1144,81
339,09	1196,01
339,31	1275,88
339,52	1247,21
339,73	1208,30
339,94	1236,97
340,15	1159,15
340,36	1191,92
340,58	1193,97
340,79	1183,73
341,00	1189,87
341,21	1218,54
341,42	1232,88
341,63	1159,15
341,85	1161,20
342,06	1146,86
342,27	1224,69
342,48	1224,69
342,69	1228,78
342,90	1198,06
343,12	1206,25
343,33	1142,77
343,54	1161,20
343,75	1222,64
343,96	1163,25
344,17	1224,69
344,38	1161,20
344,60	1189,87
344,81	1128,43
345,02	1169,39
345,23	1122,29
345,44	1208,30
345,65	1198,06
345,86	1241,07
346,07	1189,87
346,29	1148,91
346,50	1157,10
346,71	1247,21
346,92	1255,40
347,13	1198,06
347,34	1191,92
347,55	1189,87
347,76	1243,12
347,98	1245,16
348,19	1222,64
348,40	1216,49
348,61	1267,69
348,82	1216,49
349,03	1185,77
349,24	1191,92
349,45	1218,54
349,66	1146,86
349,88	1132,53
350,09	1171,44
350,30	1171,44
350,51	1198,06
350,72	1224,69
350,93	1175,53
351,14	1216,49
351,35	1210,35
351,56	1230,83
351,77	1196,01
351,99	1212,40
352,20	1210,35
352,41	1189,87
352,62	1161,20
352,83	1169,39
353,04	1161,20
353,25	1204,21
353,46	1210,35
353,67	1234,93
353,88	1196,01
354,09	1253,36
354,30	1144,81
354,52	1198,06
354,73	1206,25
354,94	1214,45
355,15	1181,68
355,36	1163,25
355,57	1245,16
355,78	1167,34
355,99	1232,88
356,20	1169,39
356,41	1251,31
356,62	1191,92
356,83	1107,95
357,04	1206,25
357,25	1159,15
357,46	1236,97
357,68	1179,63
357,89	1187,82
358,10	1198,06
358,31	1185,77
358,52	1122,29
358,73	1171,44
358,94	1212,40
359,15	1183,73
359,36	1228,78
359,57	1245,16
359,78	1177,58
359,99	1275,88
360,20	1175,53
360,41	1204,21
360,62	1228,78
360,83	1189,87
361,04	1161,20
361,25	1142,77
361,46	1138,67
361,67	1124,33
361,88	1175,53
362,09	1146,86
362,30	1243,12
362,51	1140,72
362,72	1214,45
362,93	1198,06
363,14	1222,64
363,35	1212,40
363,56	1189,87
363,78	1308,65
363,99	1142,77
364,20	1138,67
364,41	1247,21
364,62	1226,73
364,83	1232,88
365,04	1157,10
365,25	1241,07
365,46	1165,29
365,67	1185,77
365,88	1232,88
366,09	1216,49
366,30	1232,88
366,51	1239,02
366,72	1122,29
366,93	1202,16
367,14	1193,97
367,35	1298,41
367,56	1202,16
367,77	1212,40
367,98	1216,49
368,18	1210,35
368,39	1200,11
368,60	1204,21
368,81	1120,24
369,02	1267,69
369,23	1144,81
369,44	1181,68
369,65	1214,45
369,86	1138,67
370,07	1243,12
370,28	1214,45
370,49	1210,35
370,70	1208,30
370,91	1236,97
371,12	1175,53
371,33	1191,92
371,54	1273,84
371,75	1189,87
371,96	1224,69
372,17	1167,34
372,38	1130,48
372,59	1165,29
372,80	1128,43
373,01	1157,10
373,22	1196,01
373,43	1282,03
373,64	1224,69
373,85	1161,20
374,06	1171,44
374,26	1183,73
374,47	1239,02
374,68	1245,16
374,89	1226,73
375,10	1187,82
375,31	1249,26
375,52	1171,44
375,73	1206,25
375,94	1208,30
376,15	1206,25
376,36	1234,93
376,57	1220,59
376,78	1138,67
376,99	1202,16
377,20	1191,92
377,40	1218,54
377,61	1243,12
377,82	1196,01
378,03	1171,44
378,24	1220,59
378,45	1222,64
378,66	1150,96
378,87	1249,26
379,08	1216,49
379,29	1230,83
379,50	1179,63
379,71	1220,59
379,91	1208,30
380,12	1155,05
380,33	1232,88
380,54	1196,01
380,75	1187,82
380,96	1218,54
381,17	1236,97
381,38	1191,92
381,59	1224,69
381,80	1269,74
382,00	1232,88
382,21	1234,93
382,42	1208,30
382,63	1167,34
382,84	1181,68
383,05	1165,29
383,26	1253,36
383,47	1208,30
383,68	1191,92
383,88	1171,44
384,09	1161,20
384,30	1208,30
384,51	1165,29
384,72	1222,64
384,93	1150,96
385,14	1218,54
385,35	1228,78
385,55	1196,01
385,76	1226,73
385,97	1208,30
386,18	1218,54
386,39	1200,11
386,60	1296,36
386,81	1120,24
387,02	1214,45
387,22	1112,05
387,43	1228,78
387,64	1196,01
387,85	1191,92
388,06	1185,77
388,27	1138,67
388,48	1218,54
388,68	1114,10
388,89	1212,40
389,10	1198,06
389,31	1198,06
389,52	1224,69
389,73	1210,35
389,93	1107,95
390,14	1124,33
390,35	1200,11
390,56	1208,30
390,77	1177,58
390,98	1171,44
391,18	1136,62
391,39	1142,77
391,60	1245,16
391,81	1173,49
392,02	1292,27
392,23	1146,86
392,43	1167,34
392,64	1183,73
392,85	1144,81
393,06	1228,78
393,27	1189,87
393,47	1202,16
393,68	1153,01
393,89	1128,43
394,10	1187,82
394,31	1169,39
394,52	1210,35
394,72	1187,82
394,93	1191,92
395,14	1273,84
395,35	1275,88
395,56	1138,67
395,76	1267,69
395,97	1167,34
396,18	1165,29
396,39	1183,73
396,60	1181,68
396,80	1159,15
397,01	1189,87
397,22	1228,78
397,43	1204,21
397,64	1222,64
397,84	1200,11
398,05	1220,59
398,26	1177,58
398,47	1218,54
398,67	1153,01
398,88	1200,11
399,09	1210,35
399,30	1187,82
399,51	1193,97
399,71	1253,36
399,92	1204,21
400,13	1263,60
400,34	1204,21
400,54	1196,01
400,75	1198,06
400,96	1122,29
401,17	1236,97
401,37	1181,68
401,58	1167,34
401,79	1189,87
402,00	1261,55
402,21	1232,88
402,41	1265,64
402,62	1179,63
402,83	1208,30
403,04	1110,00
403,24	1239,02
403,45	1177,58
403,66	1269,74
403,87	1173,49
404,07	1257,45
404,28	1224,69
404,49	1241,07
404,70	1255,40
404,90	1165,29
405,11	1167,34
405,32	1187,82
405,52	1155,05
405,73	1204,21
405,94	1191,92
406,15	1208,30
406,35	1220,59
406,56	1247,21
406,77	1230,83
406,98	1132,53
407,18	1159,15
407,39	1245,16
407,60	1206,25
407,80	1167,34
408,01	1212,40
408,22	1177,58
408,43	1163,25
408,63	1273,84
408,84	1146,86
409,05	1165,29
409,25	1179,63
409,46	1214,45
409,67	1228,78
409,88	1226,73
410,08	1263,60
410,29	1230,83
410,50	1173,49
410,70	1298,41
410,91	1124,33
411,12	1167,34
411,32	1058,80
411,53	1183,73
411,74	1210,35
411,95	1191,92
412,15	1150,96
412,36	1263,60
412,57	1159,15
412,77	1191,92
412,98	1206,25
413,19	1251,31
413,39	1275,88
413,60	1193,97
413,81	1161,20
414,01	1161,20
414,22	1167,34
414,43	1208,30
414,63	1183,73
414,84	1212,40
415,05	1224,69
415,25	1058,80
415,46	1191,92
415,67	1187,82
415,87	1157,10
416,08	1132,53
416,29	1179,63
416,49	1171,44
416,70	1179,63
416,91	1249,26
417,11	1282,03
417,32	1236,97
417,53	1175,53
417,73	1177,58
417,94	1157,10
418,15	1126,38
418,35	1146,86
418,56	1165,29
418,77	1193,97
418,97	1175,53
419,18	1175,53
419,38	1181,68
419,59	1101,81
419,80	1247,21
420,00	1224,69
420,21	1286,12
420,42	1150,96
420,62	1206,25
420,83	1167,34
421,04	1155,05
421,24	1171,44
421,45	1228,78
421,65	1200,11
421,86	1079,28
422,07	1277,93
422,27	1107,95
422,48	1224,69
422,69	1148,91
422,89	1161,20
423,10	1228,78
423,30	1191,92
423,51	1212,40
423,72	1122,29
423,92	1200,11
424,13	1249,26
424,33	1224,69
424,54	1198,06
424,75	1171,44
424,95	1241,07
425,16	1212,40
425,36	1224,69
425,57	1288,17
425,78	1163,25
425,98	1255,40
426,19	1220,59
426,39	1183,73
426,60	1208,30
426,81	1232,88
427,01	1159,15
427,22	1216,49
427,42	1198,06
427,63	1314,80
427,83	1218,54
428,04	1208,30
428,25	1206,25
428,45	1128,43
428,66	1232,88
428,86	1177,58
429,07	1206,25
429,28	1216,49
429,48	1177,58
429,69	1200,11
429,89	1234,93
430,10	1234,93
430,30	1210,35
430,51	1193,97
430,71	1253,36
430,92	1220,59
431,13	1226,73
431,33	1126,38
431,54	1198,06
431,74	1196,01
431,95	1134,57
432,15	1218,54
432,36	1214,45
432,56	1208,30
432,77	1134,57
432,98	1224,69
433,18	1202,16
433,39	1212,40
433,59	1208,30
433,80	1216,49
434,00	1183,73
434,21	1175,53
434,41	1193,97
434,62	1234,93
434,82	1226,73
435,03	1150,96
435,23	1212,40
435,44	1173,49
435,64	1198,06
435,85	1183,73
436,06	1134,57
436,26	1208,30
436,47	1165,29
436,67	1136,62
436,88	1234,93
437,08	1189,87
437,29	1224,69
437,49	1220,59
437,70	1146,86
437,90	1167,34
438,11	1153,01
438,31	1212,40
438,52	1179,63
438,72	1191,92
438,93	1122,29
439,13	1271,79
439,34	1140,72
439,54	1216,49
439,75	1251,31
439,95	1181,68
440,16	1224,69
440,36	1239,02
440,57	1232,88
440,77	1183,73
440,98	1157,10
441,18	1193,97
441,39	1198,06
441,59	1187,82
441,80	1218,54
442,00	1230,83
442,21	1210,35
442,41	1171,44
442,62	1210,35
442,82	1134,57
443,02	1183,73
443,23	1163,25
443,43	1187,82
443,64	1228,78
443,84	1161,20
444,05	1273,84
444,25	1210,35
444,46	1177,58
444,66	1191,92
444,87	1243,12
445,07	1159,15
445,28	1222,64
445,48	1206,25
445,69	1183,73
445,89	1236,97
446,09	1202,16
446,30	1214,45
446,50	1232,88
446,71	1218,54
446,91	1253,36
447,12	1222,64
447,32	1200,11
447,53	1212,40
447,73	1191,92
447,93	1208,30
448,14	1232,88
448,34	1142,77
448,55	1222,64
448,75	1253,36
448,96	1196,01
449,16	1204,21
449,36	1226,73
449,57	1230,83
449,77	1257,45
449,98	1208,30
450,18	1232,88
450,39	1222,64
450,59	1243,12
450,79	1193,97
451,00	1261,55
451,20	1140,72
451,41	1191,92
451,61	1183,73
451,81	1220,59
452,02	1189,87
452,22	1200,11
452,43	1224,69
452,63	1200,11
452,84	1208,30
453,04	1214,45
453,24	1226,73
453,45	1228,78
453,65	1214,45
453,86	1220,59
454,06	1263,60
454,26	1198,06
454,47	1226,73
454,67	1181,68
454,87	1183,73
455,08	1167,34
455,28	1216,49
455,49	1163,25
455,69	1159,15
455,89	1198,06
456,10	1177,58
456,30	1167,34
456,51	1204,21
456,71	1208,30
456,91	1224,69
457,12	1226,73
457,32	1228,78
457,52	1177,58
457,73	1232,88
457,93	1255,40
458,14	1165,29
458,34	1159,15
458,54	1198,06
458,75	1277,93
458,95	1224,69
459,15	1204,21
459,36	1218,54
459,56	1249,26
459,76	1191,92
459,97	1159,15
460,17	1169,39
460,37	1251,31
460,58	1193,97
460,78	1212,40
460,99	1185,77
461,19	1292,27
461,39	1202,16
461,60	1163,25
461,80	1130,48
462,00	1179,63
462,21	1185,77
462,41	1236,97
462,61	1153,01
462,82	1181,68
463,02	1236,97
463,22	1193,97
463,43	1241,07
463,63	1200,11
463,83	1196,01
464,04	1142,77
464,24	1271,79
464,44	1173,49
464,64	1218,54
464,85	1228,78
465,05	1167,34
465,25	1245,16
465,46	1153,01
465,66	1222,64
465,86	1179,63
466,07	1148,91
466,27	1224,69
466,47	1208,30
466,68	1165,29
466,88	1193,97
467,08	1175,53
467,29	1204,21
467,49	1249,26
467,69	1210,35
467,89	1224,69
468,10	1191,92
468,30	1206,25
468,50	1169,39
468,71	1218,54
468,91	1114,10
469,11	1212,40
469,31	1255,40
469,52	1204,21
469,72	1228,78
469,92	1183,73
470,13	1189,87
470,33	1220,59
470,53	1191,92
470,73	1204,21
470,94	1116,14
471,14	1239,02
471,34	1212,40
471,54	1169,39
471,75	1198,06
471,95	1183,73
472,15	1222,64
472,36	1216,49
472,56	1234,93
472,76	1228,78
472,96	1177,58
473,17	1175,53
473,37	1245,16
473,57	1230,83
473,77	1206,25
473,98	1175,53
474,18	1226,73
474,38	1267,69
474,58	1224,69
474,79	1193,97
474,99	1177,58
475,19	1216,49
475,39	1177,58
475,60	1234,93
475,80	1230,83
476,00	1200,11
476,20	1196,01
476,41	1140,72
476,61	1179,63
476,81	1167,34
477,01	1183,73
477,21	1198,06
477,42	1269,74
477,62	1284,08
477,82	1247,21
478,02	1234,93
478,23	1146,86
478,43	1187,82
478,63	1193,97
478,83	1130,48
479,03	1200,11
479,24	1267,69
479,44	1202,16
479,64	1187,82
479,84	1228,78
480,04	1148,91
480,25	1189,87
480,45	1282,03
480,65	1263,60
480,85	1200,11
481,06	1116,14
481,26	1224,69
481,46	1171,44
481,66	1116,14
481,86	1196,01
482,06	1241,07
482,27	1212,40
482,47	1228,78
482,67	1150,96
482,87	1222,64
483,07	1175,53
483,28	1175,53
483,48	1210,35
483,68	1214,45
483,88	1208,30
484,08	1204,21
484,29	1198,06
484,49	1206,25
484,69	1142,77
484,89	1216,49
485,09	1243,12
485,29	1187,82
485,50	1173,49
485,70	1234,93
485,90	1249,26
486,10	1196,01
486,30	1202,16
486,50	1150,96
486,71	1200,11
486,91	1132,53
487,11	1191,92
487,31	1208,30
487,51	1210,35
487,71	1296,36
487,91	1165,29
488,12	1134,57
488,32	1243,12
488,52	1239,02
488,72	1241,07
488,92	1140,72
489,12	1202,16
489,32	1216,49
489,53	1204,21
489,73	1191,92
489,93	1202,16
490,13	1099,76
490,33	1249,26
490,53	1284,08
490,73	1255,40
490,94	1224,69
491,14	1200,11
491,34	1200,11
491,54	1159,15
491,74	1183,73
491,94	1208,30
492,14	1196,01
492,34	1150,96
492,54	1163,25
492,75	1173,49
492,95	1183,73
493,15	1198,06
493,35	1150,96
493,55	1239,02
493,75	1091,57
493,95	1234,93
494,15	1310,70
494,35	1222,64
494,56	1185,77
494,76	1142,77
494,96	1226,73
495,16	1263,60
495,36	1114,10
495,56	1249,26
495,76	1169,39
495,96	1261,55
496,16	1200,11
496,36	1140,72
496,56	1208,30
496,77	1247,21
496,97	1216,49
497,17	1265,64
497,37	1216,49
497,57	1200,11
497,77	1171,44
497,97	1155,05
498,17	1181,68
498,37	1216,49
498,57	1204,21
498,77	1202,16
498,97	1118,19
499,17	1200,11
499,38	1196,01
499,58	1239,02
499,78	1271,79
499,98	1249,26
500,18	1140,72
500,38	1226,73
500,58	1208,30
500,78	1232,88
500,98	1206,25
501,18	1163,25
501,38	1224,69
501,58	1181,68
501,78	1222,64
501,98	1126,38
502,18	1208,30
502,38	1107,95
502,58	1171,44
502,78	1245,16
502,98	1206,25
503,18	1208,30
503,38	1253,36
503,59	1173,49
503,79	1279,98
503,99	1179,63
504,19	1155,05
504,39	1189,87
504,59	1230,83
504,79	1263,60
504,99	1196,01
505,19	1239,02
505,39	1171,44
505,59	1263,60
505,79	1236,97
505,99	1232,88
506,19	1230,83
506,39	1165,29
506,59	1150,96
506,79	1153,01
506,99	1165,29
507,19	1222,64
507,39	1187,82
507,59	1185,77
507,79	1208,30
507,99	1193,97
508,19	1165,29
508,39	1185,77
508,59	1200,11
508,79	1189,87
508,99	1191,92
509,19	1204,21
509,39	1146,86
509,59	1206,25
509,79	1175,53
509,99	1247,21
510,19	1232,88
510,39	1236,97
510,59	1144,81
510,79	1202,16
510,99	1169,39
511,19	1241,07
511,39	1200,11
511,59	1232,88
511,79	1187,82
511,99	1210,35
512,19	1179,63
512,38	1327,08
512,58	1181,68
512,78	1230,83
512,98	1263,60
513,18	1267,69
513,38	1290,22
513,58	1234,93
513,78	1220,59
513,98	1273,84
514,18	1179,63
514,38	1198,06
514,58	1245,16
514,78	1175,53
514,98	1222,64
515,18	1163,25
515,38	1148,91
515,58	1271,79
515,78	1232,88
515,98	1187,82
516,18	1222,64
516,38	1202,16
516,57	1265,64
516,77	1232,88
516,97	1261,55
517,17	1216,49
517,37	1214,45
517,57	1265,64
517,77	1198,06
517,97	1257,45
518,17	1212,40
518,37	1202,16
518,57	1216,49
518,77	1183,73
518,97	1204,21
519,16	1200,11
519,36	1177,58
519,56	1167,34
519,76	1196,01
519,96	1226,73
520,16	1212,40
520,36	1148,91
520,56	1189,87
520,76	1175,53
520,96	1247,21
521,16	1249,26
521,35	1189,87
521,55	1253,36
521,75	1269,74
521,95	1167,34
522,15	1185,77
522,35	1200,11
522,55	1150,96
522,75	1269,74
522,95	1224,69
523,14	1191,92
523,34	1249,26
523,54	1273,84
523,74	1253,36
523,94	1179,63
524,14	1148,91
524,34	1177,58
524,54	1128,43
524,73	1284,08
524,93	1185,77
525,13	1249,26
525,33	1353,71
525,53	1251,31
525,73	1208,30
525,93	1208,30
526,13	1239,02
526,32	1253,36
526,52	1171,44
526,72	1216,49
526,92	1228,78
527,12	1150,96
527,32	1181,68
527,52	1183,73
527,71	1249,26
527,91	1243,12
528,11	1153,01
528,31	1243,12
528,51	1157,10
528,71	1296,36
528,90	1179,63
529,10	1300,46
529,30	1183,73
529,50	1132,53
529,70	1181,68
529,90	1208,30
530,09	1153,01
530,29	1177,58
530,49	1193,97
530,69	1243,12
530,89	1179,63
531,09	1282,03
531,28	1198,06
531,48	1239,02
531,68	1181,68
531,88	1216,49
532,08	1275,88
532,28	1171,44
532,47	1230,83
532,67	1200,11
532,87	1212,40
533,07	1189,87
533,27	1208,30
533,46	1255,40
533,66	1249,26
533,86	1288,17
534,06	1239,02
534,26	1218,54
534,45	1212,40
534,65	1241,07
534,85	1142,77
535,05	1165,29
535,25	1175,53
535,44	1155,05
535,64	1224,69
535,84	1173,49
536,04	1187,82
536,24	1200,11
536,43	1169,39
536,63	1161,20
536,83	1142,77
537,03	1216,49
537,22	1198,06
537,42	1208,30
537,62	1193,97
537,82	1230,83
538,02	1191,92
538,21	1224,69
538,41	1169,39
538,61	1261,55
538,81	1165,29
539,00	1218,54
539,20	1230,83
539,40	1181,68
539,60	1144,81
539,79	1243,12
539,99	1136,62
540,19	1142,77
540,39	1171,44
540,58	1259,50
540,78	1153,01
540,98	1196,01
541,18	1142,77
541,37	1243,12
541,57	1230,83
541,77	1138,67
541,97	1249,26
542,16	1279,98
542,36	1167,34
542,56	1253,36
542,76	1212,40
542,95	1200,11
543,15	1196,01
543,35	1181,68
543,54	1191,92
543,74	1175,53
543,94	1273,84
544,14	1189,87
544,33	1245,16
544,53	1249,26
544,73	1234,93
544,93	1185,77
545,12	1241,07
545,32	1228,78
545,52	1118,19
545,71	1228,78
545,91	1116,14
546,11	1239,02
546,30	1185,77
546,50	1220,59
546,70	1220,59
546,90	1191,92
547,09	1126,38
547,29	1183,73
547,49	1212,40
547,68	1134,57
547,88	1112,05
548,08	1224,69
548,27	1198,06
548,47	1226,73
548,67	1167,34
548,87	1173,49
549,06	1144,81
549,26	1230,83
549,46	1206,25
549,65	1198,06
549,85	1210,35
550,05	1148,91
550,24	1161,20
550,44	1175,53
550,64	1191,92
550,83	1228,78
551,03	1208,30
551,23	1318,89
551,42	1191,92
551,62	1175,53
551,82	1241,07
552,01	1191,92
552,21	1206,25
552,41	1144,81
552,60	1196,01
552,80	1181,68
553,00	1275,88
553,19	1216,49
553,39	1257,45
553,59	1257,45
553,78	1263,60
553,98	1189,87
554,17	1169,39
554,37	1198,06
554,57	1183,73
554,76	1259,50
554,96	1122,29
555,16	1228,78
555,35	1204,21
555,55	1208,30
555,75	1263,60
555,94	1144,81
556,14	1191,92
556,33	1245,16
556,53	1247,21
556,73	1241,07
556,92	1187,82
557,12	1263,60
557,32	1187,82
557,51	1202,16
557,71	1165,29
557,90	1200,11
558,10	1228,78
558,30	1261,55
558,49	1187,82
558,69	1230,83
558,88	1230,83
559,08	1191,92
559,28	1234,93
559,47	1134,57
559,67	1196,01
559,86	1165,29
560,06	1239,02
560,26	1218,54
560,45	1210,35
560,65	1153,01
560,84	1232,88
561,04	1161,20
561,24	1206,25
561,43	1239,02
561,63	1196,01
561,82	1157,10
562,02	1228,78
562,22	1173,49
562,41	1146,86
562,61	1142,77
562,80	1179,63
563,00	1263,60
563,19	1247,21
563,39	1146,86
563,59	1177,58
563,78	1200,11
563,98	1150,96
564,17	1181,68
564,37	1179,63
564,56	1112,05
564,76	1138,67
564,96	1220,59
565,15	1105,90
565,35	1171,44
565,54	1191,92
565,74	1212,40
565,93	1214,45
566,13	1200,11
566,32	1204,21
566,52	1214,45
566,71	1167,34
566,91	1282,03
567,11	1243,12
567,30	1257,45
567,50	1187,82
567,69	1202,16
567,89	1245,16
568,08	1220,59
568,28	1216,49
568,47	1200,11
568,67	1171,44
568,86	1155,05
569,06	1279,98
569,25	1189,87
569,45	1220,59
569,64	1169,39
569,84	1181,68
570,04	1239,02
570,23	1124,33
570,43	1157,10
570,62	1200,11
570,82	1165,29
571,01	1230,83
571,21	1202,16
571,40	1110,00
571,60	1226,73
571,79	1245,16
571,99	1269,74
572,18	1200,11
572,38	1226,73
572,57	1089,52
572,77	1230,83
572,96	1167,34
573,16	1161,20
573,35	1267,69
573,55	1179,63
573,74	1179,63
573,94	1183,73
574,13	1183,73
574,33	1146,86
574,52	1216,49
574,71	1183,73
574,91	1173,49
575,10	1226,73
575,30	1204,21
575,49	1208,30
575,69	1200,11
575,88	1212,40
576,08	1153,01
576,27	1179,63
576,47	1212,40
576,66	1157,10
576,86	1239,02
577,05	1220,59
577,25	1212,40
577,44	1163,25
577,64	1208,30
577,83	1153,01
578,02	1177,58
578,22	1214,45
578,41	1284,08
578,61	1183,73
578,80	1210,35
579,00	1167,34
579,19	1175,53
579,39	1212,40
579,58	1138,67
579,77	1185,77
579,97	1200,11
580,16	1245,16
580,36	1226,73
580,55	1191,92
580,75	1224,69
580,94	1161,20
581,13	1230,83
581,33	1171,44
581,52	1220,59
581,72	1214,45
581,91	1277,93
582,11	1230,83
582,30	1171,44
582,49	1267,69
582,69	1204,21
582,88	1165,29
583,08	1236,97
583,27	1187,82
583,47	1214,45
583,66	1193,97
583,85	1198,06
584,05	1146,86
584,24	1134,57
584,44	1175,53
584,63	1198,06
584,82	1167,34
585,02	1198,06
585,21	1191,92
585,41	1198,06
585,60	1236,97
585,79	1224,69
585,99	1179,63
586,18	1232,88
586,37	1204,21
586,57	1241,07
586,76	1173,49
586,96	1183,73
587,15	1148,91
587,34	1259,50
587,54	1210,35
587,73	1130,48
587,93	1241,07
588,12	1185,77
588,31	1175,53
588,51	1232,88
588,70	1216,49
588,89	1222,64
589,09	1187,82
589,28	1159,15
589,47	1189,87
589,67	1216,49
589,86	1200,11
590,06	1187,82
590,25	1210,35
590,44	1214,45
590,64	1107,95
590,83	1226,73
591,02	1177,58
591,22	1232,88
591,41	1189,87
591,60	1220,59
591,80	1161,20
591,99	1202,16
592,18	1212,40
592,38	1204,21
592,57	1183,73
592,76	1187,82
592,96	1232,88
593,15	1179,63
593,34	1130,48
593,54	1193,97
593,73	1214,45
593,92	1214,45
594,12	1187,82
594,31	1216,49
594,50	1216,49
594,70	1255,40
594,89	1230,83
595,08	1222,64
595,28	1232,88
595,47	1124,33
595,66	1247,21
595,86	1243,12
596,05	1173,49
596,24	1175,53
596,43	1282,03
596,63	1210,35
596,82	1165,29
597,01	1112,05
597,21	1142,77
597,40	1214,45
597,59	1161,20
597,79	1232,88
597,98	1187,82
598,17	1261,55
598,36	1196,01
598,56	1185,77
598,75	1196,01
598,94	1241,07
599,14	1189,87
599,33	1200,11
599,52	1218,54
599,71	1224,69
599,91	1189,87
600,10	1196,01
600,29	1163,25
600,48	1198,06
600,68	1273,84
600,87	1132,53
601,06	1187,82
601,26	1159,15
601,45	1226,73
601,64	1126,38
601,83	1232,88
602,03	1179,63
602,22	1181,68
602,41	1216,49
602,60	1148,91
602,80	1220,59
602,99	1181,68
603,18	1232,88
603,37	1282,03
603,57	1267,69
603,76	1257,45
603,95	1116,14
604,14	1236,97
604,34	1271,79
604,53	1245,16
604,72	1216,49
604,91	1177,58
605,10	1220,59
605,30	1200,11
605,49	1105,90
605,68	1138,67
605,87	1224,69
606,07	1136,62
606,26	1222,64
606,45	1245,16
606,64	1198,06
606,84	1206,25
607,03	1163,25
607,22	1200,11
607,41	1173,49
607,60	1189,87
607,80	1171,44
607,99	1241,07
608,18	1204,21
608,37	1191,92
608,56	1177,58
608,76	1226,73
608,95	1212,40
609,14	1212,40
609,33	1212,40
609,52	1200,11
609,72	1218,54
609,91	1167,34
610,10	1116,14
610,29	1239,02
610,48	1150,96
610,68	1191,92
610,87	1239,02
611,06	1224,69
611,25	1181,68
611,44	1214,45
611,63	1261,55
611,83	1181,68
612,02	1245,16
612,21	1193,97
612,40	1226,73
612,59	1236,97
612,79	1230,83
612,98	1234,93
613,17	1200,11
613,36	1218,54
613,55	1234,93
613,74	1204,21
613,93	1163,25
614,13	1226,73
614,32	1206,25
614,51	1136,62
614,70	1167,34
614,89	1183,73
615,08	1269,74
615,28	1255,40
615,47	1175,53
615,66	1222,64
615,85	1167,34
616,04	1273,84
616,23	1140,72
616,42	1249,26
616,62	1142,77
616,81	1210,35
617,00	1173,49
617,19	1228,78
617,38	1181,68
617,57	1212,40
617,76	1261,55
617,95	1249,26
618,15	1206,25
618,34	1206,25
618,53	1198,06
618,72	1230,83
618,91	1230,83
619,10	1224,69
619,29	1216,49
619,48	1140,72
619,68	1189,87
619,87	1189,87
620,06	1286,12
620,25	1142,77
620,44	1191,92
620,63	1208,30
620,82	1171,44
621,01	1208,30
621,20	1200,11
621,39	1216,49
621,59	1169,39
621,78	1222,64
621,97	1228,78
622,16	1196,01
622,35	1226,73
622,54	1210,35
622,73	1153,01
622,92	1222,64
623,11	1224,69
623,30	1185,77
623,49	1210,35
623,68	1214,45
623,88	1204,21
624,07	1193,97
624,26	1257,45
624,45	1189,87
624,64	1142,77
624,83	1200,11
625,02	1214,45
625,21	1214,45
625,40	1189,87
625,59	1218,54
625,78	1196,01
625,97	1196,01
626,16	1150,96
626,35	1228,78
626,54	1208,30
626,74	1202,16
626,93	1189,87
627,12	1204,21
627,31	1261,55
627,50	1179,63
627,69	1196,01
627,88	1224,69
628,07	1169,39
628,26	1241,07
628,45	1191,92
628,64	1220,59
628,83	1187,82
629,02	1191,92
629,21	1206,25
629,40	1177,58
629,59	1155,05
629,78	1218,54
629,97	1267,69
630,16	1257,45
630,35	1150,96
630,54	1200,11
630,73	1273,84
630,92	1220,59
631,11	1179,63
631,30	1210,35
631,49	1282,03
631,68	1439,72
631,87	2633,69
632,06	8662,91
632,25	18478,82
632,44	23318,17
632,63	30017,08
632,82	15611,67
633,01	8693,63
633,20	4249,54
633,39	2211,81
633,58	1665,00
633,77	1812,45
633,96	1712,10
634,15	1392,62
634,34	1402,86
634,53	1411,05
634,72	1251,31
634,91	1355,76
635,10	1339,37
635,29	1294,32
635,48	1208,30
635,67	1226,73
635,86	1200,11
636,05	1239,02
636,24	1150,96
636,43	1239,02
636,62	1226,73
636,81	1210,35
637,00	1167,34
637,19	1112,05
637,38	1177,58
637,57	1138,67
637,76	1245,16
637,95	1202,16
638,14	1187,82
638,33	1245,16
638,52	1187,82
638,71	1204,21
638,89	1255,40
639,08	1257,45
639,27	1232,88
639,46	1173,49
639,65	1191,92
639,84	1085,42
640,03	1191,92
640,22	1175,53
640,41	1273,84
640,60	1198,06
640,79	1196,01
640,98	1212,40
641,17	1222,64
641,36	1087,47
641,55	1282,03
641,74	1171,44
641,92	1200,11
642,11	1253,36
642,30	1169,39
642,49	1134,57
642,68	1241,07
642,87	1171,44
643,06	1191,92
643,25	1255,40
643,44	1159,15
643,63	1239,02
643,82	1228,78
644,00	1134,57
644,19	1241,07
644,38	1191,92
644,57	1249,26
644,76	1243,12
644,95	1206,25
645,14	1255,40
645,33	1138,67
645,52	1177,58
645,71	1249,26
645,89	1163,25
646,08	1163,25
646,27	1193,97
646,46	1150,96
646,65	1196,01
646,84	1224,69
647,03	1200,11
647,22	1245,16
647,40	1232,88
647,59	1148,91
647,78	1155,05
647,97	1239,02
648,16	1202,16
648,35	1171,44
648,54	1232,88
648,73	1245,16
648,91	1175,53
649,10	1196,01
649,29	1224,69
649,48	1208,30
649,67	1208,30
649,86	1249,26
650,05	1228,78
650,23	1269,74
650,42	1130,48
650,61	1249,26
650,80	1185,77
650,99	1206,25
651,18	1226,73
651,36	1193,97
651,55	1173,49
651,74	1153,01
651,93	1204,21
652,12	1165,29
652,31	1220,59
652,49	1126,38
652,68	1251,31
652,87	1173,49
653,06	1214,45
653,25	1189,87
653,44	1241,07
653,62	1179,63
653,81	1216,49
654,00	1228,78
654,19	1167,34
654,38	1144,81
654,56	1185,77
654,75	1208,30
654,94	1157,10
655,13	1120,24
655,32	1171,44
655,51	1167,34
655,69	1118,19
655,88	1198,06
656,07	1181,68
656,26	1179,63
656,45	1206,25
656,63	1206,25
656,82	1218,54
657,01	1175,53
657,20	1191,92
657,38	1239,02
657,57	1167,34
657,76	1224,69
657,95	1212,40
658,14	1114,10
658,32	1163,25
658,51	1191,92
658,70	1200,11
658,89	1210,35
659,08	1230,83
659,26	1136,62
659,45	1126,38
659,64	1173,49
659,83	1234,93
660,01	1216,49
660,20	1282,03
660,39	1173,49
660,58	1206,25
660,76	1251,31
660,95	1206,25
661,14	1183,73
661,33	1175,53
661,51	1230,83
661,70	1189,87
661,89	1232,88
662,08	1236,97
662,26	1187,82
662,45	1177,58
662,64	1200,11
662,83	1212,40
663,01	1222,64
663,20	1200,11
663,39	1292,27
663,58	1181,68
663,76	1191,92
663,95	1167,34
664,14	1200,11
664,32	1216,49
664,51	1232,88
664,70	1243,12
664,89	1177,58
665,07	1210,35
665,26	1234,93
665,45	1150,96
665,64	1191,92
665,82	1187,82
666,01	1214,45
666,20	1173,49
666,38	1208,30
666,57	1206,25
666,76	1236,97
666,95	1245,16
667,13	1173,49
667,32	1214,45
667,51	1183,73
667,69	1155,05
667,88	1214,45
668,07	1167,34
668,25	1185,77
668,44	1232,88
668,63	1273,84
668,81	1232,88
669,00	1222,64
669,19	1126,38
669,38	1202,16
669,56	1175,53
669,75	1167,34
669,94	1234,93
670,12	1232,88
670,31	1179,63
670,50	1208,30
670,68	1234,93
670,87	1220,59
671,06	1271,79
671,24	1279,98
671,43	1181,68
671,62	1191,92
671,80	1234,93
671,99	1189,87
672,18	1167,34
672,36	1146,86
672,55	1179,63
672,74	1224,69
672,92	1230,83
673,11	1187,82
673,29	1232,88
673,48	1118,19
673,67	1222,64
673,85	1224,69
674,04	1206,25
674,23	1150,96
674,41	1193,97
674,60	1208,30
674,79	1183,73
674,97	1181,68
675,16	1167,34
675,34	1214,45
675,53	1128,43
675,72	1204,21
675,90	1198,06
676,09	1191,92
676,28	1196,01
676,46	1216,49
676,65	1230,83
676,83	1183,73
677,02	1179,63
677,21	1228,78
677,39	1251,31
677,58	1189,87
677,77	1200,11
677,95	1202,16
678,14	1189,87
678,32	1226,73
678,51	1224,69
678,70	1181,68
678,88	1167,34
679,07	1208,30
679,25	1193,97
679,44	1177,58
679,63	1263,60
679,81	1228,78
680,00	1265,64
680,18	1208,30
680,37	1241,07
680,55	1212,40
680,74	1204,21
680,93	1187,82
681,11	1220,59
681,30	1236,97
681,48	1243,12
681,67	1236,97
681,85	1191,92
682,04	1177,58
682,23	1181,68
682,41	1181,68
682,60	1228,78
682,78	1208,30
682,97	1198,06
683,15	1228,78
683,34	1251,31
683,53	1202,16
683,71	1251,31
683,90	1206,25
684,08	1230,83
684,27	1210,35
684,45	1208,30
684,64	1198,06
684,82	1234,93
685,01	1161,20
685,19	1179,63
685,38	1216,49
685,57	1124,33
685,75	1146,86
685,94	1232,88
686,12	1171,44
686,31	1175,53
686,49	1214,45
686,68	1214,45
686,86	1257,45
687,05	1236,97
687,23	1196,01
687,42	1239,02
687,60	1107,95
687,79	1206,25
687,97	1185,77
688,16	1177,58
688,34	1175,53
688,53	1181,68
688,71	1187,82
688,90	1253,36
689,08	1150,96
689,27	1224,69
689,45	1224,69
689,64	1179,63
689,82	1253,36
690,01	1144,81
690,19	1208,30
690,38	1179,63
690,56	1232,88
690,75	1263,60
690,93	1234,93
691,12	1230,83
691,30	1183,73
691,49	1159,15
691,67	1189,87
691,86	1232,88
692,04	1234,93
692,23	1126,38
692,41	1232,88
692,60	1204,21
692,78	1335,28
692,97	1277,93
693,15	1206,25
693,34	1304,56
693,52	1189,87
693,71	1173,49
693,89	1214,45
694,08	1228,78
694,26	1189,87
694,44	1245,16
694,63	1224,69
694,81	1193,97
695,00	1150,96
695,18	1179,63
695,37	1200,11
695,55	1177,58
695,74	1167,34
695,92	1212,40
696,10	1200,11
696,29	1232,88
696,47	1193,97
696,66	1193,97
696,84	1163,25
697,03	1122,29
697,21	1239,02
697,40	1282,03
697,58	1157,10
697,76	1214,45
697,95	1308,65
698,13	1206,25
698,32	1150,96
698,50	1169,39
698,68	1206,25
698,87	1220,59
699,05	1185,77
699,24	1124,33
699,42	1144,81
699,61	1269,74
699,79	1212,40
699,97	1196,01
700,16	1177,58
700,34	1214,45
700,53	1161,20
700,71	1136,62
700,89	1179,63
701,08	1185,77
701,26	1185,77
701,45	1155,05
701,63	1232,88
701,81	1173,49
702,00	1245,16
702,18	1200,11
702,37	1200,11
702,55	1269,74
702,73	1173,49
702,92	1245,16
703,10	1132,53
703,28	1208,30
703,47	1165,29
703,65	1169,39
703,84	1234,93
704,02	1228,78
704,20	1191,92
704,39	1200,11
704,57	1214,45
704,75	1128,43
704,94	1128,43
705,12	1222,64
705,30	1269,74
705,49	1169,39
705,67	1226,73
705,86	1155,05
706,04	1218,54
706,22	1214,45
706,41	1216,49
706,59	1189,87
706,77	1161,20
706,96	1222,64
707,14	1222,64
707,32	1179,63
707,51	1218,54
707,69	1161,20
707,87	1196,01
708,06	1138,67
708,24	1167,34
708,42	1159,15
708,61	1216,49
708,79	1183,73
708,97	1206,25
709,16	1200,11
709,34	1234,93
709,52	1122,29
709,71	1187,82
709,89	1159,15
710,07	1191,92
710,26	1210,35
710,44	1228,78
710,62	1183,73
710,80	1220,59
710,99	1114,10
711,17	1150,96
711,35	1144,81
711,54	1216,49
711,72	1198,06
711,90	1239,02
712,09	1236,97
712,27	1159,15
712,45	1181,68
712,63	1310,70
712,82	1224,69
713,00	1245,16
713,18	1208,30
713,37	1255,40
713,55	1222,64
713,73	1218,54
713,91	1232,88
714,10	1183,73
714,28	1183,73
714,46	1216,49
714,65	1243,12
714,83	1189,87
715,01	1181,68
715,19	1210,35
715,38	1214,45
715,56	1193,97
715,74	1136,62
715,92	1200,11
716,11	1161,20
716,29	1232,88
716,47	1220,59
716,65	1206,25
716,84	1181,68
717,02	1159,15
717,20	1177,58
717,38	1153,01
717,57	1236,97
717,75	1226,73
717,93	1191,92
718,11	1148,91
718,30	1273,84
718,48	1282,03
718,66	1187,82
718,84	1187,82
719,03	1179,63
719,21	1253,36
719,39	1177,58
719,57	1202,16
719,75	1210,35
719,94	1208,30
720,12	1200,11
720,30	1228,78
720,48	1220,59
720,67	1144,81
720,85	1187,82
721,03	1155,05
721,21	1171,44
721,39	1206,25
721,58	1171,44
721,76	1191,92
721,94	1210,35
722,12	1171,44
722,30	1183,73
722,49	1245,16
722,67	1136,62
722,85	1159,15
723,03	1175,53
723,21	1198,06
723,40	1140,72
723,58	1206,25
723,76	1163,25
723,94	1187,82
724,12	1169,39
724,30	1140,72
724,49	1239,02
724,67	1187,82
724,85	1165,29
725,03	1181,68
725,21	1173,49
725,40	1157,10
725,58	1230,83
725,76	1185,77
725,94	1171,44
726,12	1208,30
726,30	1208,30
726,49	1222,64
726,67	1175,53
726,85	1230,83
727,03	1193,97
727,21	1202,16
727,39	1193,97
727,57	1165,29
727,76	1212,40
727,94	1200,11
728,12	1159,15
728,30	1110,00
728,48	1208,30
728,66	1259,50
728,84	1134,57
729,03	1198,06
729,21	1265,64
729,39	1228,78
729,57	1200,11
729,75	1161,20
729,93	1187,82
730,11	1128,43
730,30	1224,69
730,48	1200,11
730,66	1167,34
730,84	1212,40
731,02	1253,36
731,20	1183,73
731,38	1167,34
731,56	1239,02
731,74	1185,77
731,93	1232,88
732,11	1200,11
732,29	1140,72
732,47	1224,69
732,65	1169,39
732,83	1261,55
733,01	1232,88
733,19	1196,01
733,37	1196,01
733,56	1273,84
733,74	1286,12
733,92	1234,93
734,10	1167,34
734,28	1210,35
734,46	1173,49
734,64	1165,29
734,82	1224,69
735,00	1298,41
735,18	1167,34
735,36	1159,15
735,54	1232,88
735,73	1183,73
735,91	1175,53
736,09	1157,10
736,27	1216,49
736,45	1206,25
736,63	1175,53
736,81	1146,86
736,99	1193,97
737,17	1146,86
737,35	1263,60
737,53	1202,16
737,71	1224,69
737,89	1153,01
738,07	1187,82
738,25	1175,53
738,43	1222,64
738,61	1173,49
738,80	1208,30
738,98	1245,16
739,16	1175,53
739,34	1210,35
739,52	1202,16
739,70	1198,06
739,88	1220,59
740,06	1212,40
740,24	1263,60
740,42	1222,64
740,60	1253,36
740,78	1148,91
740,96	1271,79
741,14	1126,38
741,32	1136,62
741,50	1191,92
741,68	1220,59
741,86	1191,92
742,04	1189,87
742,22	1241,07
742,40	1165,29
742,58	1208,30
742,76	1183,73
742,94	1130,48
743,12	1159,15
743,30	1286,12
743,48	1249,26
743,66	1239,02
743,84	1187,82
744,02	1193,97
744,20	1185,77
744,38	1200,11
744,56	1216,49
744,74	1220,59
744,92	1206,25
745,10	1216,49
745,28	1226,73
745,46	1243,12
745,64	1169,39
745,82	1232,88
746,00	1148,91
746,18	1208,30
746,36	1175,53
746,54	1204,21
746,72	1212,40
746,90	1167,34
747,08	1230,83
747,26	1214,45
747,44	1228,78
747,62	1232,88
747,80	1243,12
747,98	1187,82
748,15	1159,15
748,33	1224,69
748,51	1255,40
748,69	1290,22
748,87	1177,58
749,05	1204,21
749,23	1187,82
749,41	1142,77
749,59	1171,44
749,77	1153,01
749,95	1230,83
750,13	1247,21
750,31	1177,58
750,49	1200,11
750,67	1183,73
750,85	1206,25
751,03	1173,49
751,20	1232,88
751,38	1208,30
751,56	1200,11
751,74	1153,01
751,92	1191,92
752,10	1267,69
752,28	1228,78
752,46	1224,69
752,64	1179,63
752,82	1144,81
753,00	1200,11
753,18	1273,84
753,35	1146,86
753,53	1206,25
753,71	1163,25
753,89	1146,86
754,07	1228,78
754,25	1210,35
754,43	1193,97
754,61	1222,64
754,79	1171,44
754,97	1296,36
755,14	1257,45
755,32	1210,35
755,50	1136,62
755,68	1265,64
755,86	1220,59
756,04	1177,58
756,22	1142,77
756,40	1198,06
756,57	1202,16
756,75	1206,25
756,93	1243,12
757,11	1169,39
757,29	1173,49
757,47	1173,49
757,65	1153,01
757,82	1241,07
758,00	1150,96
758,18	1224,69
758,36	1204,21
758,54	1220,59
758,72	1165,29
758,90	1155,05
759,07	1169,39
759,25	1200,11
759,43	1277,93
759,61	1198,06
759,79	1245,16
759,97	1241,07
760,15	1130,48
760,32	1249,26
760,50	1277,93
760,68	1200,11
760,86	1155,05
761,04	1150,96
761,22	1226,73
761,39	1255,40
761,57	1265,64
761,75	1226,73
761,93	1173,49
762,11	1265,64
762,28	1200,11
762,46	1218,54
762,64	1138,67
762,82	1228,78
763,00	1183,73
763,18	1189,87
763,35	1214,45
763,53	1216,49
763,71	1271,79
763,89	1159,15
764,07	1187,82
764,24	1193,97
764,42	1234,93
764,60	1232,88
764,78	1249,26
764,96	1138,67
765,13	1167,34
765,31	1075,18
765,49	1153,01
765,67	1245,16
765,84	1181,68
766,02	1173,49
766,20	1161,20
766,38	1206,25
766,56	1191,92
766,73	1236,97
766,91	1159,15
767,09	1198,06
767,27	1142,77
767,44	1239,02
767,62	1212,40
767,80	1167,34
767,98	1150,96
768,15	1218,54
768,33	1206,25
768,51	1198,06
768,69	1177,58
768,87	1198,06
769,04	1183,73
769,22	1163,25
769,40	1157,10
769,58	1173,49
769,75	1269,74
769,93	1261,55
770,11	1282,03
770,28	1210,35
770,46	1212,40
770,64	1173,49
770,82	1155,05
770,99	1208,30
771,17	1138,67
771,35	1208,30
771,53	1130,48
771,70	1208,30
771,88	1247,21
772,06	1202,16
772,23	1142,77
772,41	1189,87
772,59	1136,62
772,77	1202,16
772,94	1198,06
773,12	1236,97
773,30	1179,63
773,47	1226,73
773,65	1224,69
773,83	1263,60
774,01	1175,53
774,18	1210,35
774,36	1288,17
774,54	1118,19
774,71	1269,74
774,89	1181,68
775,07	1202,16
775,24	1191,92
775,42	1196,01
775,60	1265,64
775,78	1159,15
775,95	1198,06
776,13	1247,21
776,31	1204,21
776,48	1187,82
776,66	1236,97
776,84	1150,96
777,01	1222,64
777,19	1179,63
777,37	1187,82
777,54	1181,68
777,72	1134,57
777,90	1150,96
778,07	1193,97
778,25	1255,40
778,43	1261,55
778,60	1163,25
778,78	1239,02
778,96	1273,84
779,13	1181,68
779,31	1228,78
779,49	1187,82
779,66	1249,26
779,84	1216,49
780,01	1142,77
780,19	1191,92
780,37	1169,39
780,54	1138,67
780,72	1134,57
780,90	1212,40
781,07	1175,53
781,25	1226,73
781,43	1247,21
781,60	1183,73
781,78	1177,58
781,95	1183,73
782,13	1171,44
782,31	1179,63
782,48	1214,45
782,66	1210,35
782,83	1208,30
783,01	1267,69
783,19	1239,02
783,36	1191,92
783,54	1165,29
783,72	1200,11
783,89	1220,59
784,07	1173,49
784,24	1189,87
784,42	1175,53
784,60	1206,25
784,77	1200,11
784,95	1144,81
785,12	1220,59
785,30	1175,53
785,47	1202,16
785,65	1191,92
785,83	1230,83
786,00	1230,83
786,18	1175,53
786,35	1224,69
786,53	1204,21
786,71	1120,24
786,88	1216,49
787,06	1097,71
787,23	1148,91
787,41	1183,73
787,58	1271,79
787,76	1196,01
787,94	1208,30
788,11	1175,53
788,29	1228,78
788,46	1255,40
788,64	1167,34
788,81	1239,02
788,99	1245,16
789,16	1200,11
789,34	1251,31
789,52	1198,06
789,69	1241,07
789,87	1275,88
790,04	1210,35
790,22	1216,49
790,39	1138,67
790,57	1167,34
790,74	1142,77
790,92	1150,96
791,09	1230,83
791,27	1216,49
791,44	1171,44
791,62	1232,88
791,79	1165,29
791,97	1183,73
792,15	1341,42
792,32	1232,88
792,50	1193,97
792,67	1222,64
792,85	1148,91
793,02	1236,97
793,20	1183,73
793,37	1212,40
793,55	1200,11
793,72	1189,87
793,90	1239,02
794,07	1187,82
794,25	1191,92
794,42	1175,53
794,60	1220,59
794,77	1193,97
794,95	1204,21
795,12	1187,82
795,30	1200,11
795,47	1173,49
795,65	1187,82
795,82	1263,60
796,00	1175,53
796,17	1183,73
796,34	1263,60
796,52	1206,25
796,69	1228,78
796,87	1212,40
797,04	1200,11
797,22	1177,58
797,39	1239,02
797,57	1249,26
797,74	1208,30
797,92	1177,58
798,09	1206,25
798,27	1196,01
798,44	1165,29
798,62	1177,58
798,79	1138,67
798,96	1157,10
799,14	1253,36
799,31	1247,21
799,49	1222,64
799,66	1167,34
799,84	1212,40
800,01	1183,73
800,19	1208,30
800,36	1185,77
800,53	1191,92
800,71	1175,53
800,88	1200,11
801,06	1218,54
801,23	1167,34
801,41	1212,40
801,58	1181,68
801,75	1202,16
801,93	1196,01
802,10	1167,34
802,28	1077,23
802,45	1099,76
802,63	1200,11
802,80	1228,78
802,97	1191,92
803,15	1165,29
803,32	1230,83
803,50	1179,63
803,67	1210,35
803,84	1173,49
804,02	1232,88
804,19	1208,30
804,37	1228,78
804,54	1224,69
804,71	1173,49
804,89	1206,25
805,06	1208,30
805,24	1204,21
805,41	1232,88
805,58	1179,63
805,76	1189,87
805,93	1132,53
806,10	1269,74
806,28	1187,82
806,45	1161,20
806,63	1159,15
806,80	1136,62
806,97	1183,73
807,15	1200,11
807,32	1196,01
807,49	1230,83
807,67	1165,29
807,84	1198,06
808,01	1150,96
808,19	1144,81
808,36	1232,88
808,54	1177,58
808,71	1171,44
808,88	1241,07
809,06	1159,15
809,23	1167,34
809,40	1249,26
809,58	1239,02
809,75	1216,49
809,92	1187,82
810,10	1222,64
810,27	1200,11
810,44	1230,83
810,62	1228,78
810,79	1167,34
810,96	1265,64
811,14	1222,64
811,31	1206,25
811,48	1128,43
811,66	1228,78
811,83	1140,72
812,00	1243,12
812,18	1142,77
812,35	1263,60
812,52	1208,30
812,69	1157,10
812,87	1189,87
813,04	1265,64
813,21	1200,11
813,39	1269,74
813,56	1171,44
813,73	1204,21
813,91	1251,31
814,08	1173,49
814,25	1226,73
814,42	1286,12
814,60	1171,44
814,77	1181,68
814,94	1198,06
815,12	1249,26
815,29	1179,63
815,46	1257,45
815,63	1177,58
815,81	1146,86
815,98	1177,58
816,15	1148,91
816,33	1249,26
816,50	1130,48
816,67	1220,59
816,84	1206,25
817,02	1136,62
817,19	1218,54
817,36	1198,06
817,53	1202,16
817,71	1236,97
817,88	1251,31
818,05	1210,35
818,22	1226,73
818,40	1200,11
818,57	1189,87
818,74	1214,45
818,91	1208,30
819,09	1091,57
819,26	1175,53
819,43	1245,16
819,60	1212,40
819,78	1255,40
819,95	1222,64
820,12	1222,64
820,29	1214,45
820,47	1171,44
820,64	1265,64
820,81	1130,48
820,98	1181,68
821,15	1157,10
821,33	1173,49
821,50	1134,57
821,67	1222,64
821,84	1173,49
822,02	1214,45
822,19	1241,07
822,36	1140,72
822,53	1277,93
822,70	1161,20
822,88	1247,21
823,05	1212,40
823,22	1204,21
823,39	1212,40
823,56	1214,45
823,74	1204,21
823,91	1171,44
824,08	1216,49
824,25	1167,34
824,42	1142,77
824,60	1208,30
824,77	1148,91
824,94	1261,55
825,11	1245,16
825,28	1224,69
825,45	1179,63
825,63	1224,69
825,80	1187,82
825,97	1208,30
826,14	1226,73
826,31	1196,01
826,48	1177,58
826,66	1183,73
826,83	1224,69
827,00	1183,73
827,17	1220,59
827,34	1189,87
827,51	1208,30
827,69	1224,69
827,86	1208,30
828,03	1218,54
828,20	1157,10
828,37	1173,49
828,54	1210,35
828,71	1091,57
828,89	1220,59
829,06	1130,48
829,23	1208,30
829,40	1183,73
829,57	1148,91
829,74	1202,16
829,91	1206,25
830,09	1236,97
830,26	1245,16
830,43	1255,40
830,60	1220,59
830,77	1138,67
830,94	1234,93
831,11	1214,45
831,28	1171,44
831,46	1204,21
831,63	1210,35
831,80	1189,87
831,97	1224,69
832,14	1200,11
832,31	1247,21
832,48	1130,48
832,65	1208,30
832,82	1204,21
832,99	1150,96
833,17	1171,44
833,34	1167,34
833,51	1132,53
833,68	1138,67
833,85	1173,49
834,02	1228,78
834,19	1159,15
834,36	1191,92
834,53	1222,64
834,70	1226,73
834,87	1196,01
835,04	1230,83
835,22	1146,86
835,39	1214,45
835,56	1169,39
835,73	1208,30
835,90	1255,40
836,07	1155,05
836,24	1165,29
836,41	1159,15
836,58	1144,81
836,75	1198,06
836,92	1187,82
837,09	1124,33
837,26	1257,45
837,43	1198,06
837,60	1187,82
837,77	1304,56
837,94	1290,22
838,12	1198,06
838,29	1138,67
838,46	1247,21
838,63	1216,49
838,80	1224,69
838,97	1243,12
839,14	1124,33
839,31	1198,06
839,48	1232,88
839,65	1167,34
839,82	1224,69
839,99	1208,30
840,16	1177,58
840,33	1099,76
840,50	1220,59
840,67	1189,87
840,84	1173,49
841,01	1263,60
841,18	1191,92
841,35	1210,35
841,52	1202,16
841,69	1200,11
841,86	1179,63
842,03	1204,21
842,20	1124,33
842,37	1228,78
842,54	1187,82
842,71	1181,68
842,88	1140,72
843,05	1247,21
843,22	1236,97
843,39	1284,08
843,56	1208,30
843,73	1206,25
843,90	1193,97
844,07	1193,97
844,24	1232,88
844,41	1120,24
844,58	1185,77
844,75	1177,58
844,92	1175,53
845,09	1118,19
845,26	1200,11
845,43	1206,25
845,60	1202,16
845,77	1175,53
845,94	1284,08
846,10	1208,30
846,27	1191,92
846,44	1185,77
846,61	1226,73
846,78	1202,16
846,95	1146,86
847,12	1175,53
847,29	1236,97
847,46	1177,58
847,63	1206,25
847,80	1177,58
847,97	1214,45
848,14	1185,77
848,31	1183,73
848,48	1191,92
848,65	1167,34
848,82	1206,25
848,98	1255,40
849,15	1202,16
849,32	1212,40
849,49	1257,45
849,66	1253,36
849,83	1138,67
850,00	1230,83
850,17	1120,24
850,34	1222,64
850,51	1173,49
850,68	1220,59
850,85	1230,83
851,01	1265,64
851,18	1214,45
851,35	1167,34
851,52	1216,49
851,69	1200,11
851,86	1218,54
852,03	1228,78
852,20	1218,54
852,37	1236,97
852,53	1187,82
852,70	1169,39
852,87	1220,59
853,04	1226,73
853,21	1212,40
853,38	1181,68
853,55	1181,68
853,72	1200,11
853,89	1171,44
854,05	1130,48
854,22	1200,11
854,39	1185,77
854,56	1236,97
854,73	1191,92
854,90	1204,21
855,07	1181,68
855,23	1153,01
855,40	1206,25
855,57	1193,97
855,74	1189,87
855,91	1255,40
856,08	1167,34
856,25	1181,68
856,41	1271,79
856,58	1163,25
856,75	1171,44
856,92	1204,21
857,09	1161,20
857,26	1198,06
857,42	1222,64
857,59	1206,25
857,76	1204,21
857,93	1200,11
858,10	1249,26
858,27	1224,69
858,43	1173,49
858,60	1257,45
858,77	1138,67
858,94	1220,59
859,11	1261,55
859,27	1171,44
859,44	1150,96
859,61	1222,64
859,78	1183,73
859,95	1169,39
860,12	1161,20
860,28	1216,49
860,45	1257,45
860,62	1157,10
860,79	1165,29
860,95	1196,01
861,12	1224,69
861,29	1189,87
861,46	1226,73
861,63	1155,05
861,79	1159,15
861,96	1200,11
862,13	1157,10
862,30	1173,49
862,47	1140,72
862,63	1253,36
862,80	1218,54
862,97	1310,70
863,14	1232,88
863,30	1245,16
863,47	1206,25
863,64	1236,97
863,81	1161,20
863,97	1187,82
864,14	1239,02
864,31	1159,15
864,48	1236,97
864,65	1212,40
864,81	1255,40
864,98	1185,77
865,15	1206,25
865,32	1204,21
865,48	1212,40
865,65	1136,62
865,82	1155,05
865,98	1218,54
866,15	1247,21
866,32	1163,25
866,49	1216,49
866,65	1187,82
866,82	1241,07
866,99	1208,30
867,16	1165,29
867,32	1228,78
867,49	1200,11
867,66	1167,34
867,83	1200,11
867,99	1157,10
868,16	1232,88
868,33	1159,15
868,49	1200,11
868,66	1218,54
868,83	1140,72
868,99	1220,59
869,16	1175,53
869,33	1191,92
869,50	1202,16
869,66	1255,40
869,83	1165,29
870,00	1167,34
870,16	1202,16
870,33	1243,12
870,50	1179,63
870,66	1196,01
870,83	1206,25
871,00	1206,25
871,17	1259,50
871,33	1282,03
871,50	1175,53
871,67	1159,15
871,83	1142,77
872,00	1236,97
872,17	1259,50
872,33	1200,11
872,50	1263,60
872,67	1150,96
872,83	1200,11
873,00	1288,17
873,17	1255,40
873,33	1177,58
873,50	1191,92
873,67	1181,68
873,83	1167,34
874,00	1257,45
874,16	1204,21
874,33	1204,21
874,50	1189,87
874,66	1148,91
874,83	1136,62
875,00	1226,73
875,16	1183,73
875,33	1218,54
875,50	1204,21
875,66	1173,49
875,83	1224,69
875,99	1294,32
876,16	1222,64
876,33	1232,88
876,49	1212,40
876,66	1208,30
876,83	1220,59
876,99	1189,87
877,16	1247,21
877,32	1198,06
877,49	1181,68
877,66	1202,16
877,82	1265,64
877,99	1220,59
878,15	1177,58
878,32	1187,82
878,49	1167,34
878,65	1175,53
878,82	1212,40
878,98	1183,73
879,15	1167,34
879,32	1159,15
879,48	1157,10
879,65	1220,59
879,81	1136,62
879,98	1212,40
880,15	1247,21
880,31	1218,54
880,48	1216,49
880,64	1159,15
880,81	1208,30
880,97	1142,77
881,14	1167,34
881,31	1200,11
881,47	1279,98
881,64	1173,49
881,80	1185,77
881,97	1196,01
882,13	1202,16
882,30	1175,53
882,47	1150,96
882,63	1222,64
882,80	1220,59
882,96	1148,91
883,13	1175,53
883,29	1177,58
883,46	1165,29
883,62	1161,20
883,79	1271,79
883,95	1214,45
884,12	1226,73
884,29	1204,21
884,45	1245,16
884,62	1185,77
884,78	1204,21
884,95	1218,54
885,11	1202,16
885,28	1128,43
885,44	1175,53
885,61	1202,16
885,77	1232,88
885,94	1183,73
886,10	1239,02
886,27	1196,01
886,43	1290,22
886,60	1232,88
886,76	1177,58
886,93	1253,36
887,09	1263,60
887,26	1150,96
887,42	1210,35
887,59	1232,88
887,75	1191,92
887,92	1191,92
888,08	1216,49
888,25	1228,78
888,41	1130,48
888,58	1181,68
888,74	1181,68
888,91	1181,68
