177,47	1222,64
177,69	1222,64
177,91	1222,64
178,13	1163,25
178,36	1234,93
178,58	1239,02
178,80	1208,30
179,02	1282,03
179,24	1234,93
179,46	1208,30
179,68	1230,83
179,90	1196,01
180,13	1173,49
180,35	1181,68
180,57	1191,92
180,79	1210,35
181,01	1210,35
181,23	1230,83
181,45	1185,77
181,67	1232,88
181,90	1267,69
182,12	1210,35
182,34	1181,68
182,56	1224,69
182,78	1202,16
183,00	1191,92
183,22	1222,64
183,44	1200,11
183,66	1208,30
183,89	1265,64
184,11	1282,03
184,33	1144,81
184,55	1308,65
184,77	1134,57
184,99	1206,25
185,21	1155,05
185,43	1134,57
185,65	1196,01
185,87	1226,73
186,10	1230,83
186,32	1185,77
186,54	1239,02
186,76	1193,97
186,98	1144,81
187,20	1181,68
187,42	1171,44
187,64	1148,91
187,86	1218,54
188,08	1234,93
188,30	1177,58
188,52	1226,73
188,75	1294,32
188,97	1236,97
189,19	1230,83
189,41	1218,54
189,63	1167,34
189,85	1191,92
190,07	1228,78
190,29	1224,69
190,51	1159,15
190,73	1122,29
190,95	1153,01
191,17	1134,57
191,39	1177,58
191,61	1165,29
191,84	1191,92
192,06	1200,11
192,28	1243,12
192,50	1167,34
192,72	1208,30
192,94	1193,97
193,16	1181,68
193,38	1261,55
193,60	1196,01
193,82	1259,50
194,04	1249,26
194,26	1177,58
194,48	1198,06
194,70	1279,98
194,92	1148,91
195,14	1222,64
195,36	1210,35
195,58	1132,53
195,80	1204,21
196,02	1165,29
196,24	1222,64
196,46	1185,77
196,69	1167,34
196,91	1177,58
197,13	1153,01
197,35	1140,72
197,57	1187,82
197,79	1148,91
198,01	1200,11
198,23	1200,11
198,45	1218,54
198,67	1218,54
198,89	1267,69
199,11	1173,49
199,33	1173,49
199,55	1179,63
199,77	1226,73
199,99	1175,53
200,21	1218,54
200,43	1167,34
200,65	1140,72
200,87	1226,73
201,09	1234,93
201,31	1163,25
201,53	1114,10
201,75	1189,87
201,97	1257,45
202,19	1165,29
202,41	1216,49
202,63	1218,54
202,85	1173,49
203,07	1202,16
203,29	1191,92
203,51	1204,21
203,73	1167,34
203,95	1118,19
204,17	1181,68
204,39	1183,73
204,61	1220,59
204,83	1163,25
205,05	1136,62
205,27	1224,69
205,49	1173,49
205,71	1148,91
205,93	1179,63
206,15	1187,82
206,37	1179,63
206,59	1157,10
206,81	1173,49
207,03	1279,98
207,25	1214,45
207,47	1153,01
207,69	1163,25
207,91	1159,15
208,13	1165,29
208,34	1263,60
208,56	1183,73
208,78	1163,25
209,00	1200,11
209,22	1181,68
209,44	1214,45
209,66	1204,21
209,88	1173,49
210,10	1191,92
210,32	1126,38
210,54	1228,78
210,76	1179,63
210,98	1214,45
211,20	1169,39
211,42	1148,91
211,64	1185,77
211,86	1181,68
212,08	1150,96
212,30	1226,73
212,52	1222,64
212,74	1206,25
212,96	1181,68
213,17	1224,69
213,39	1181,68
213,61	1241,07
213,83	1218,54
214,05	1173,49
214,27	1198,06
214,49	1247,21
214,71	1187,82
214,93	1214,45
215,15	1146,86
215,37	1214,45
215,59	1206,25
215,81	1191,92
216,03	1196,01
216,24	1241,07
216,46	1191,92
216,68	1212,40
216,90	1183,73
217,12	1206,25
217,34	1193,97
217,56	1157,10
217,78	1245,16
218,00	1187,82
218,22	1155,05
218,44	1181,68
218,66	1099,76
218,87	1191,92
219,09	1234,93
219,31	1183,73
219,53	1241,07
219,75	1228,78
219,97	1167,34
220,19	1161,20
220,41	1181,68
220,63	1196,01
220,85	1288,17
221,06	1144,81
221,28	1228,78
221,50	1167,34
221,72	1241,07
221,94	1179,63
222,16	1212,40
222,38	1234,93
222,60	1181,68
222,82	1183,73
223,03	1257,45
223,25	1249,26
223,47	1224,69
223,69	1177,58
223,91	1210,35
224,13	1206,25
224,35	1220,59
224,57	1241,07
224,78	1232,88
225,00	1128,43
225,22	1187,82
225,44	1140,72
225,66	1210,35
225,88	1259,50
226,10	1128,43
226,32	1269,74
226,53	1214,45
226,75	1171,44
226,97	1214,45
227,19	1142,77
227,41	1206,25
227,63	1216,49
227,85	1073,14
228,06	1224,69
228,28	1130,48
228,50	1204,21
228,72	1150,96
228,94	1183,73
229,16	1161,20
229,37	1259,50
229,59	1224,69
229,81	1159,15
230,03	1171,44
230,25	1187,82
230,47	1089,52
230,69	1249,26
230,90	1198,06
231,12	1101,81
231,34	1208,30
231,56	1263,60
231,78	1153,01
232,00	1243,12
232,21	1230,83
232,43	1230,83
232,65	1193,97
232,87	1134,57
233,09	1177,58
233,30	1200,11
233,52	1222,64
233,74	1204,21
233,96	1144,81
234,18	1241,07
234,40	1191,92
234,61	1216,49
234,83	1214,45
235,05	1193,97
235,27	1128,43
235,49	1193,97
235,70	1216,49
235,92	1187,82
236,14	1181,68
236,36	1232,88
236,58	1155,05
236,79	1208,30
237,01	1118,19
237,23	1103,86
237,45	1277,93
237,67	1200,11
237,88	1159,15
238,10	1228,78
238,32	1210,35
238,54	1142,77
238,76	1159,15
238,97	1222,64
239,19	1161,20
239,41	1157,10
239,63	1144,81
239,85	1173,49
240,06	1220,59
240,28	1220,59
240,50	1163,25
240,72	1173,49
240,93	1159,15
241,15	1198,06
241,37	1140,72
241,59	1222,64
241,81	1187,82
242,02	1175,53
242,24	1239,02
242,46	1161,20
242,68	1247,21
242,89	1159,15
243,11	1171,44
243,33	1212,40
243,55	1247,21
243,76	1218,54
243,98	1134,57
244,20	1157,10
244,42	1198,06
244,64	1173,49
244,85	1265,64
245,07	1187,82
245,29	1146,86
245,51	1187,82
245,72	1163,25
245,94	1169,39
246,16	1148,91
246,38	1191,92
246,59	1339,37
246,81	1241,07
247,03	1200,11
247,24	1259,50
247,46	1161,20
247,68	1208,30
247,90	1148,91
248,11	1167,34
248,33	1159,15
248,55	1171,44
248,77	1243,12
248,98	1204,21
249,20	1206,25
249,42	1142,77
249,64	1191,92
249,85	1122,29
250,07	1171,44
250,29	1101,81
250,50	1220,59
250,72	1183,73
250,94	1159,15
251,16	1185,77
251,37	1200,11
251,59	1110,00
251,81	1196,01
252,02	1191,92
252,24	1216,49
252,46	1181,68
252,68	1232,88
252,89	1165,29
253,11	1183,73
253,33	1200,11
253,54	1257,45
253,76	1210,35
253,98	1232,88
254,20	1134,57
254,41	1183,73
254,63	1120,24
254,85	1093,62
255,06	1196,01
255,28	1124,33
255,50	1179,63
255,71	1247,21
255,93	1169,39
256,15	1189,87
256,36	1191,92
256,58	1150,96
256,80	1216,49
257,02	1228,78
257,23	1206,25
257,45	1136,62
257,67	1175,53
257,88	1210,35
258,10	1134,57
258,32	1204,21
258,53	1150,96
258,75	1218,54
258,97	1155,05
259,18	1157,10
259,40	1191,92
259,62	1228,78
259,83	1200,11
260,05	1114,10
260,27	1230,83
260,48	1189,87
260,70	1206,25
260,92	1144,81
261,13	1206,25
261,35	1191,92
261,57	1230,83
261,78	1206,25
262,00	1216,49
262,22	1183,73
262,43	1189,87
262,65	1171,44
262,86	1146,86
263,08	1193,97
263,30	1193,97
263,51	1155,05
263,73	1206,25
263,95	1253,36
264,16	1138,67
264,38	1198,06
264,60	1169,39
264,81	1159,15
265,03	1196,01
265,25	1234,93
265,46	1212,40
265,68	1144,81
265,89	1206,25
266,11	1089,52
266,33	1196,01
266,54	1208,30
266,76	1241,07
266,98	1216,49
267,19	1189,87
267,41	1234,93
267,62	1171,44
267,84	1148,91
268,06	1200,11
268,27	1226,73
268,49	1230,83
268,70	1189,87
268,92	1126,38
269,14	1230,83
269,35	1206,25
269,57	1247,21
269,79	1208,30
270,00	1206,25
270,22	1146,86
270,43	1183,73
270,65	1144,81
270,87	1150,96
271,08	1222,64
271,30	1161,20
271,51	1206,25
271,73	1114,10
271,95	1187,82
272,16	1198,06
272,38	1232,88
272,59	1169,39
272,81	1181,68
273,02	1204,21
273,24	1216,49
273,46	1212,40
273,67	1171,44
273,89	1253,36
274,10	1177,58
274,32	1241,07
274,54	1191,92
274,75	1212,40
274,97	1220,59
275,18	1228,78
275,40	1157,10
275,61	1265,64
275,83	1212,40
276,05	1210,35
276,26	1224,69
276,48	1224,69
276,69	1216,49
276,91	1169,39
277,12	1206,25
277,34	1232,88
277,55	1093,62
277,77	1146,86
277,99	1218,54
278,20	1222,64
278,42	1153,01
278,63	1232,88
278,85	1175,53
279,06	1181,68
279,28	1183,73
279,49	1249,26
279,71	1144,81
279,93	1230,83
280,14	1198,06
280,36	1261,55
280,57	1193,97
280,79	1226,73
281,00	1146,86
281,22	1175,53
281,43	1196,01
281,65	1277,93
281,86	1218,54
282,08	1249,26
282,29	1150,96
282,51	1155,05
282,73	1183,73
282,94	1204,21
283,16	1249,26
283,37	1263,60
283,59	1230,83
283,80	1173,49
284,02	1196,01
284,23	1155,05
284,45	1193,97
284,66	1189,87
284,88	1196,01
285,09	1243,12
285,31	1200,11
285,52	1224,69
285,74	1273,84
285,95	1210,35
286,17	1261,55
286,38	1159,15
286,60	1241,07
286,81	1130,48
287,03	1214,45
287,24	1138,67
287,46	1249,26
287,67	1236,97
287,89	1226,73
288,10	1148,91
288,32	1179,63
288,53	1220,59
288,75	1210,35
288,96	1193,97
289,18	1187,82
289,39	1249,26
289,61	1138,67
289,82	1144,81
290,04	1208,30
290,25	1193,97
290,47	1171,44
290,68	1155,05
290,90	1206,25
291,11	1196,01
291,33	1163,25
291,54	1124,33
291,76	1255,40
291,97	1202,16
292,18	1202,16
292,40	1183,73
292,61	1153,01
292,83	1253,36
293,04	1224,69
293,26	1173,49
293,47	1171,44
293,69	1204,21
293,90	1171,44
294,12	1169,39
294,33	1224,69
294,55	1173,49
294,76	1198,06
294,97	1204,21
295,19	1206,25
295,40	1187,82
295,62	1216,49
295,83	1224,69
296,05	1210,35
296,26	1183,73
296,48	1239,02
296,69	1189,87
296,90	1232,88
297,12	1157,10
297,33	1269,74
297,55	1148,91
297,76	1263,60
297,98	1232,88
298,19	1216,49
298,41	1179,63
298,62	1183,73
298,83	1261,55
299,05	1224,69
299,26	1165,29
299,48	1226,73
299,69	1228,78
299,90	1159,15
300,12	1257,45
300,33	1200,11
300,55	1200,11
300,76	1155,05
300,98	1179,63
301,19	1189,87
301,40	1232,88
301,62	1150,96
301,83	1173,49
302,05	1148,91
302,26	1191,92
302,47	1150,96
302,69	1191,92
302,90	1245,16
303,12	1193,97
303,33	1159,15
303,54	1150,96
303,76	1177,58
303,97	1191,92
304,19	1116,14
304,40	1230,83
304,61	1099,76
304,83	1204,21
305,04	1150,96
305,26	1228,78
305,47	1175,53
305,68	1228,78
305,90	1155,05
306,11	1224,69
306,33	1155,05
306,54	1187,82
306,75	1271,79
306,97	1146,86
307,18	1191,92
307,39	1198,06
307,61	1189,87
307,82	1159,15
308,04	1198,06
308,25	1222,64
308,46	1142,77
308,68	1226,73
308,89	1214,45
309,10	1259,50
309,32	1200,11
309,53	1187,82
309,74	1218,54
309,96	1177,58
310,17	1257,45
310,39	1210,35
310,60	1159,15
310,81	1155,05
311,03	1206,25
311,24	1251,31
311,45	1187,82
311,67	1208,30
311,88	1282,03
312,09	1234,93
312,31	1198,06
312,52	1165,29
312,73	1253,36
312,95	1224,69
313,16	1222,64
313,37	1273,84
313,59	1271,79
313,80	1208,30
314,01	1179,63
314,23	1200,11
314,44	1218,54
314,65	1208,30
314,87	1140,72
315,08	1140,72
315,29	1257,45
315,51	1183,73
315,72	1241,07
315,93	1288,17
316,15	1167,34
316,36	1243,12
316,57	1107,95
316,79	1230,83
317,00	1142,77
317,21	1185,77
317,43	1241,07
317,64	1175,53
317,85	1142,77
318,07	1157,10
318,28	1202,16
318,49	1202,16
318,70	1144,81
318,92	1257,45
319,13	1239,02
319,34	1167,34
319,56	1230,83
319,77	1155,05
319,98	1187,82
320,20	1216,49
320,41	1183,73
320,62	1212,40
320,83	1177,58
321,05	1290,22
321,26	1216,49
321,47	1220,59
321,69	1187,82
321,90	1144,81
322,11	1220,59
322,32	1153,01
322,54	1210,35
322,75	1271,79
322,96	1107,95
323,18	1232,88
323,39	1196,01
323,60	1159,15
323,81	1216,49
324,03	1239,02
324,24	1187,82
324,45	1150,96
324,66	1134,57
324,88	1216,49
325,09	1132,53
325,30	1253,36
325,52	1196,01
325,73	1251,31
325,94	1177,58
326,15	1159,15
326,37	1257,45
326,58	1220,59
326,79	1187,82
327,00	1122,29
327,22	1099,76
327,43	1198,06
327,64	1183,73
327,85	1130,48
328,07	1167,34
328,28	1200,11
328,49	1157,10
328,70	1214,45
328,92	1157,10
329,13	1204,21
329,34	1230,83
329,55	1204,21
329,76	1224,69
329,98	1181,68
330,19	1206,25
330,40	1216,49
330,61	1212,40
330,83	1253,36
331,04	1157,10
331,25	1212,40
331,46	1216,49
331,68	1187,82
331,89	1214,45
332,10	1165,29
332,31	1148,91
332,52	1116,14
332,74	1212,40
332,95	1183,73
333,16	1220,59
333,37	1224,69
333,58	1191,92
333,80	1224,69
334,01	1146,86
334,22	1146,86
334,43	1226,73
334,64	1181,68
334,86	1183,73
335,07	1150,96
335,28	1097,71
335,49	1202,16
335,70	1105,90
335,92	1146,86
336,13	1185,77
336,34	1101,81
336,55	1232,88
336,76	1292,27
336,98	1279,98
337,19	1155,05
337,40	1183,73
337,61	1177,58
337,82	1153,01
338,04	1138,67
338,25	1175,53
338,46	1169,39
338,67	1253,36
338,88	1251,31
339,09	1169,39
339,31	1216,49
339,52	1155,05
339,73	1148,91
339,94	1202,16
340,15	1179,63
340,36	1204,21
340,58	1161,20
340,79	1167,34
341,00	1224,69
341,21	1171,44
341,42	1208,30
341,63	1243,12
341,85	1208,30
342,06	1175,53
342,27	1159,15
342,48	1218,54
342,69	1134,57
342,90	1193,97
343,12	1214,45
343,33	1155,05
343,54	1183,73
343,75	1226,73
343,96	1241,07
344,17	1171,44
344,38	1187,82
344,60	1202,16
344,81	1216,49
345,02	1193,97
345,23	1198,06
345,44	1230,83
345,65	1185,77
345,86	1224,69
346,07	1218,54
346,29	1236,97
346,50	1189,87
346,71	1183,73
346,92	1177,58
347,13	1232,88
347,34	1187,82
347,55	1206,25
347,76	1185,77
347,98	1150,96
348,19	1257,45
348,40	1169,39
348,61	1204,21
348,82	1212,40
349,03	1153,01
349,24	1273,84
349,45	1138,67
349,66	1257,45
349,88	1200,11
350,09	1191,92
350,30	1159,15
350,51	1138,67
350,72	1153,01
350,93	1271,79
351,14	1212,40
351,35	1130,48
351,56	1165,29
351,77	1243,12
351,99	1216,49
352,20	1224,69
352,41	1228,78
352,62	1173,49
352,83	1255,40
353,04	1226,73
353,25	1187,82
353,46	1214,45
353,67	1210,35
353,88	1265,64
354,09	1243,12
354,30	1200,11
354,52	1191,92
354,73	1187,82
354,94	1157,10
355,15	1153,01
355,36	1290,22
355,57	1173,49
355,78	1249,26
355,99	1214,45
356,20	1181,68
356,41	1200,11
356,62	1189,87
356,83	1251,31
357,04	1206,25
357,25	1216,49
357,46	1179,63
357,68	1294,32
357,89	1222,64
358,10	1159,15
358,31	1234,93
358,52	1159,15
358,73	1124,33
358,94	1245,16
359,15	1193,97
359,36	1206,25
359,57	1263,60
359,78	1275,88
359,99	1196,01
360,20	1208,30
360,41	1220,59
360,62	1175,53
360,83	1200,11
361,04	1230,83
361,25	1173,49
361,46	1230,83
361,67	1300,46
361,88	1230,83
362,09	1204,21
362,30	1179,63
362,51	1255,40
362,72	1155,05
362,93	1177,58
363,14	1220,59
363,35	1196,01
363,56	1159,15
363,78	1144,81
363,99	1187,82
364,20	1236,97
364,41	1245,16
364,62	1159,15
364,83	1243,12
365,04	1163,25
365,25	1212,40
365,46	1212,40
365,67	1214,45
365,88	1220,59
366,09	1202,16
366,30	1198,06
366,51	1163,25
366,72	1169,39
366,93	1130,48
367,14	1200,11
367,35	1239,02
367,56	1169,39
367,77	1232,88
367,98	1167,34
368,18	1241,07
368,39	1218,54
368,60	1146,86
368,81	1251,31
369,02	1206,25
369,23	1212,40
369,44	1136,62
369,65	1230,83
369,86	1173,49
370,07	1122,29
370,28	1193,97
370,49	1265,64
370,70	1208,30
370,91	1159,15
371,12	1165,29
371,33	1245,16
371,54	1206,25
371,75	1204,21
371,96	1214,45
372,17	1228,78
372,38	1226,73
372,59	1146,86
372,80	1165,29
373,01	1257,45
373,22	1257,45
373,43	1179,63
373,64	1185,77
373,85	1155,05
374,06	1243,12
374,26	1146,86
374,47	1189,87
374,68	1159,15
374,89	1161,20
375,10	1232,88
375,31	1177,58
375,52	1193,97
375,73	1232,88
375,94	1142,77
376,15	1210,35
376,36	1214,45
376,57	1150,96
376,78	1216,49
376,99	1142,77
377,20	1171,44
377,40	1183,73
377,61	1183,73
377,82	1181,68
378,03	1146,86
378,24	1191,92
378,45	1167,34
378,66	1142,77
378,87	1181,68
379,08	1249,26
379,29	1171,44
379,50	1296,36
379,71	1206,25
379,91	1191,92
380,12	1198,06
380,33	1185,77
380,54	1224,69
380,75	1198,06
380,96	1193,97
381,17	1282,03
381,38	1124,33
381,59	1265,64
381,80	1181,68
382,00	1167,34
382,21	1187,82
382,42	1183,73
382,63	1228,78
382,84	1271,79
383,05	1224,69
383,26	1220,59
383,47	1177,58
383,68	1167,34
383,88	1200,11
384,09	1210,35
384,30	1249,26
384,51	1179,63
384,72	1208,30
384,93	1265,64
385,14	1148,91
385,35	1191,92
385,55	1159,15
385,76	1153,01
385,97	1208,30
386,18	1208,30
386,39	1142,77
386,60	1148,91
386,81	1196,01
387,02	1214,45
387,22	1193,97
387,43	1171,44
387,64	1128,43
387,85	1214,45
388,06	1118,19
388,27	1153,01
388,48	1226,73
388,68	1224,69
388,89	1148,91
389,10	1218,54
389,31	1150,96
389,52	1193,97
389,73	1191,92
389,93	1142,77
390,14	1118,19
390,35	1134,57
390,56	1230,83
390,77	1142,77
390,98	1173,49
391,18	1224,69
391,39	1202,16
391,60	1142,77
391,81	1142,77
392,02	1191,92
392,23	1196,01
392,43	1173,49
392,64	1142,77
392,85	1150,96
393,06	1284,08
393,27	1191,92
393,47	1120,24
393,68	1236,97
393,89	1183,73
394,10	1206,25
394,31	1277,93
394,52	1144,81
394,72	1185,77
394,93	1193,97
395,14	1140,72
395,35	1243,12
395,56	1169,39
395,76	1187,82
395,97	1193,97
396,18	1251,31
396,39	1148,91
396,60	1187,82
396,80	1226,73
397,01	1216,49
397,22	1204,21
397,43	1245,16
397,64	1263,60
397,84	1220,59
398,05	1196,01
398,26	1206,25
398,47	1206,25
398,67	1183,73
398,88	1165,29
399,09	1247,21
399,30	1185,77
399,51	1247,21
399,71	1165,29
399,92	1116,14
400,13	1185,77
400,34	1187,82
400,54	1183,73
400,75	1189,87
400,96	1265,64
401,17	1208,30
401,37	1142,77
401,58	1259,50
401,79	1279,98
402,00	1196,01
402,21	1196,01
402,41	1239,02
402,62	1208,30
402,83	1181,68
403,04	1191,92
403,24	1226,73
403,45	1212,40
403,66	1175,53
403,87	1259,50
404,07	1230,83
404,28	1169,39
404,49	1243,12
404,70	1230,83
404,90	1261,55
405,11	1187,82
405,32	1155,05
405,52	1202,16
405,73	1159,15
405,94	1241,07
406,15	1175,53
406,35	1263,60
406,56	1175,53
406,77	1218,54
406,98	1183,73
407,18	1218,54
407,39	1273,84
407,60	1249,26
407,80	1157,10
408,01	1150,96
408,22	1183,73
408,43	1198,06
408,63	1161,20
408,84	1247,21
409,05	1191,92
409,25	1277,93
409,46	1189,87
409,67	1187,82
409,88	1183,73
410,08	1183,73
410,29	1202,16
410,50	1228,78
410,70	1144,81
410,91	1112,05
411,12	1167,34
411,32	1191,92
411,53	1198,06
411,74	1167,34
411,95	1208,30
412,15	1150,96
412,36	1218,54
412,57	1290,22
412,77	1183,73
412,98	1218,54
413,19	1175,53
413,39	1144,81
413,60	1150,96
413,81	1222,64
414,01	1210,35
414,22	1224,69
414,43	1163,25
414,63	1146,86
414,84	1214,45
415,05	1226,73
415,25	1206,25
415,46	1171,44
415,67	1171,44
415,87	1159,15
416,08	1193,97
416,29	1153,01
416,49	1290,22
416,70	1204,21
416,91	1187,82
417,11	1150,96
417,32	1218,54
417,53	1101,81
417,73	1208,30
417,94	1187,82
418,15	1243,12
418,35	1220,59
418,56	1150,96
418,77	1241,07
418,97	1187,82
419,18	1150,96
419,38	1165,29
419,59	1157,10
419,80	1200,11
420,00	1173,49
420,21	1232,88
420,42	1204,21
420,62	1212,40
420,83	1196,01
421,04	1181,68
421,24	1153,01
421,45	1249,26
421,65	1218,54
421,86	1124,33
422,07	1198,06
422,27	1234,93
422,48	1222,64
422,69	1196,01
422,89	1126,38
423,10	1239,02
423,30	1169,39
423,51	1214,45
423,72	1191,92
423,92	1187,82
424,13	1187,82
424,33	1206,25
424,54	1208,30
424,75	1210,35
424,95	1183,73
425,16	1189,87
425,36	1224,69
425,57	1277,93
425,78	1243,12
425,98	1077,23
426,19	1202,16
426,39	1155,05
426,60	1202,16
426,81	1232,88
427,01	1167,34
427,22	1161,20
427,42	1167,34
427,63	1167,34
427,83	1155,05
428,04	1210,35
428,25	1212,40
428,45	1171,44
428,66	1208,30
428,86	1216,49
429,07	1216,49
429,28	1222,64
429,48	1193,97
429,69	1148,91
429,89	1122,29
430,10	1212,40
430,30	1210,35
430,51	1161,20
430,71	1226,73
430,92	1187,82
431,13	1191,92
431,33	1234,93
431,54	1261,55
431,74	1157,10
431,95	1243,12
432,15	1245,16
432,36	1157,10
432,56	1257,45
432,77	1187,82
432,98	1173,49
433,18	1136,62
433,39	1189,87
433,59	1224,69
433,80	1183,73
434,00	1220,59
434,21	1216,49
434,41	1175,53
434,62	1122,29
434,82	1128,43
435,03	1175,53
435,23	1193,97
435,44	1187,82
435,64	1249,26
435,85	1212,40
436,06	1271,79
436,26	1181,68
436,47	1177,58
436,67	1212,40
436,88	1230,83
437,08	1189,87
437,29	1210,35
437,49	1220,59
437,70	1181,68
437,90	1263,60
438,11	1163,25
438,31	1157,10
438,52	1275,88
438,72	1159,15
438,93	1196,01
439,13	1146,86
439,34	1173,49
439,54	1241,07
439,75	1230,83
439,95	1163,25
440,16	1196,01
440,36	1153,01
440,57	1189,87
440,77	1200,11
440,98	1247,21
441,18	1187,82
441,39	1148,91
441,59	1216,49
441,80	1236,97
442,00	1206,25
442,21	1161,20
442,41	1148,91
442,62	1200,11
442,82	1177,58
443,02	1181,68
443,23	1232,88
443,43	1206,25
443,64	1214,45
443,84	1216,49
444,05	1241,07
444,25	1165,29
444,46	1241,07
444,66	1173,49
444,87	1206,25
445,07	1165,29
445,28	1204,21
445,48	1214,45
445,69	1177,58
445,89	1228,78
446,09	1196,01
446,30	1273,84
446,50	1183,73
446,71	1220,59
446,91	1200,11
447,12	1142,77
447,32	1261,55
447,53	1169,39
447,73	1153,01
447,93	1226,73
448,14	1167,34
448,34	1198,06
448,55	1222,64
448,75	1171,44
448,96	1249,26
449,16	1191,92
449,36	1208,30
449,57	1228,78
449,77	1204,21
449,98	1159,15
450,18	1241,07
450,39	1171,44
450,59	1179,63
450,79	1261,55
451,00	1220,59
451,20	1206,25
451,41	1191,92
451,61	1136,62
451,81	1187,82
452,02	1284,08
452,22	1196,01
452,43	1153,01
452,63	1198,06
452,84	1216,49
453,04	1230,83
453,24	1130,48
453,45	1220,59
453,65	1183,73
453,86	1136,62
454,06	1157,10
454,26	1265,64
454,47	1232,88
454,67	1218,54
454,87	1144,81
455,08	1208,30
455,28	1234,93
455,49	1208,30
455,69	1187,82
455,89	1224,69
456,10	1185,77
456,30	1247,21
456,51	1169,39
456,71	1212,40
456,91	1189,87
457,12	1236,97
457,32	1130,48
457,52	1216,49
457,73	1210,35
457,93	1185,77
458,14	1179,63
458,34	1196,01
458,54	1189,87
458,75	1228,78
458,95	1101,81
459,15	1245,16
459,36	1189,87
459,56	1153,01
459,76	1208,30
459,97	1216,49
460,17	1177,58
460,37	1181,68
460,58	1183,73
460,78	1183,73
460,99	1198,06
461,19	1193,97
461,39	1210,35
461,60	1157,10
461,80	1193,97
462,00	1193,97
462,21	1183,73
462,41	1200,11
462,61	1243,12
462,82	1173,49
463,02	1173,49
463,22	1181,68
463,43	1159,15
463,63	1271,79
463,83	1216,49
464,04	1206,25
464,24	1202,16
464,44	1216,49
464,64	1181,68
464,85	1175,53
465,05	1239,02
465,25	1130,48
465,46	1208,30
465,66	1241,07
465,86	1212,40
466,07	1224,69
466,27	1169,39
466,47	1224,69
466,68	1153,01
466,88	1191,92
467,08	1228,78
467,29	1230,83
467,49	1134,57
467,69	1241,07
467,89	1214,45
468,10	1273,84
468,30	1189,87
468,50	1236,97
468,71	1255,40
468,91	1202,16
469,11	1212,40
469,31	1198,06
469,52	1187,82
469,72	1206,25
469,92	1191,92
470,13	1208,30
470,33	1163,25
470,53	1228,78
470,73	1136,62
470,94	1161,20
471,14	1286,12
471,34	1181,68
471,54	1075,18
471,75	1253,36
471,95	1230,83
472,15	1124,33
472,36	1183,73
472,56	1157,10
472,76	1183,73
472,96	1185,77
473,17	1196,01
473,37	1269,74
473,57	1208,30
473,77	1263,60
473,98	1148,91
474,18	1220,59
474,38	1239,02
474,58	1204,21
474,79	1144,81
474,99	1167,34
475,19	1222,64
475,39	1200,11
475,60	1204,21
475,80	1204,21
476,00	1177,58
476,20	1265,64
476,41	1126,38
476,61	1245,16
476,81	1257,45
477,01	1136,62
477,21	1220,59
477,42	1165,29
477,62	1140,72
477,82	1202,16
478,02	1245,16
478,23	1228,78
478,43	1208,30
478,63	1200,11
478,83	1187,82
479,03	1173,49
479,24	1249,26
479,44	1206,25
479,64	1249,26
479,84	1107,95
480,04	1185,77
480,25	1198,06
480,45	1243,12
480,65	1279,98
480,85	1196,01
481,06	1132,53
481,26	1161,20
481,46	1136,62
481,66	1130,48
481,86	1183,73
482,06	1189,87
482,27	1189,87
482,47	1167,34
482,67	1255,40
482,87	1228,78
483,07	1175,53
483,28	1214,45
483,48	1224,69
483,68	1175,53
483,88	1204,21
484,08	1140,72
484,29	1257,45
484,49	1126,38
484,69	1153,01
484,89	1183,73
485,09	1146,86
485,29	1187,82
485,50	1236,97
485,70	1173,49
485,90	1187,82
486,10	1132,53
486,30	1122,29
486,50	1167,34
486,71	1157,10
486,91	1169,39
487,11	1091,57
487,31	1144,81
487,51	1116,14
487,71	1257,45
487,91	1163,25
488,12	1159,15
488,32	1224,69
488,52	1206,25
488,72	1183,73
488,92	1198,06
489,12	1140,72
489,32	1224,69
489,53	1148,91
489,73	1138,67
489,93	1224,69
490,13	1122,29
490,33	1173,49
490,53	1155,05
490,73	1183,73
490,94	1202,16
491,14	1171,44
491,34	1218,54
491,54	1173,49
491,74	1181,68
491,94	1181,68
492,14	1153,01
492,34	1222,64
492,54	1245,16
492,75	1140,72
492,95	1185,77
493,15	1181,68
493,35	1138,67
493,55	1095,66
493,75	1218,54
493,95	1206,25
494,15	1216,49
494,35	1255,40
494,56	1241,07
494,76	1220,59
494,96	1198,06
495,16	1212,40
495,36	1243,12
495,56	1243,12
495,76	1161,20
495,96	1232,88
496,16	1146,86
496,36	1144,81
496,56	1148,91
496,77	1271,79
496,97	1175,53
497,17	1241,07
497,37	1110,00
497,57	1208,30
497,77	1222,64
497,97	1130,48
498,17	1187,82
498,37	1232,88
498,57	1214,45
498,77	1222,64
498,97	1214,45
499,17	1216,49
499,38	1230,83
499,58	1208,30
499,78	1173,49
499,98	1183,73
500,18	1236,97
500,38	1245,16
500,58	1257,45
500,78	1175,53
500,98	1208,30
501,18	1263,60
501,38	1206,25
501,58	1212,40
501,78	1191,92
501,98	1198,06
502,18	1150,96
502,38	1093,62
502,58	1122,29
502,78	1183,73
502,98	1165,29
503,18	1214,45
503,38	1191,92
503,59	1142,77
503,79	1214,45
503,99	1146,86
504,19	1200,11
504,39	1228,78
504,59	1179,63
504,79	1239,02
504,99	1159,15
505,19	1220,59
505,39	1226,73
505,59	1286,12
505,79	1241,07
505,99	1173,49
506,19	1198,06
506,39	1279,98
506,59	1200,11
506,79	1230,83
506,99	1247,21
507,19	1200,11
507,39	1206,25
507,59	1169,39
507,79	1173,49
507,99	1193,97
508,19	1193,97
508,39	1222,64
508,59	1177,58
508,79	1175,53
508,99	1163,25
509,19	1189,87
509,39	1187,82
509,59	1189,87
509,79	1220,59
509,99	1255,40
510,19	1153,01
510,39	1196,01
510,59	1093,62
510,79	1251,31
510,99	1224,69
511,19	1189,87
511,39	1167,34
511,59	1187,82
511,79	1183,73
511,99	1165,29
512,19	1220,59
512,38	1193,97
512,58	1163,25
512,78	1193,97
512,98	1193,97
513,18	1153,01
513,38	1220,59
513,58	1210,35
513,78	1204,21
513,98	1206,25
514,18	1224,69
514,38	1183,73
514,58	1255,40
514,78	1257,45
514,98	1210,35
515,18	1232,88
515,38	1112,05
515,58	1210,35
515,78	1243,12
515,98	1245,16
516,18	1132,53
516,38	1247,21
516,57	1249,26
516,77	1175,53
516,97	1200,11
517,17	1169,39
517,37	1210,35
517,57	1220,59
517,77	1208,30
517,97	1179,63
518,17	1261,55
518,37	1157,10
518,57	1173,49
518,77	1198,06
518,97	1122,29
519,16	1253,36
519,36	1210,35
519,56	1185,77
519,76	1196,01
519,96	1218,54
520,16	1136,62
520,36	1187,82
520,56	1204,21
520,76	1134,57
520,96	1216,49
521,16	1140,72
521,35	1175,53
521,55	1236,97
521,75	1212,40
521,95	1148,91
522,15	1150,96
522,35	1173,49
522,55	1208,30
522,75	1130,48
522,95	1181,68
523,14	1191,92
523,34	1257,45
523,54	1193,97
523,74	1181,68
523,94	1222,64
524,14	1153,01
524,34	1273,84
524,54	1269,74
524,73	1132,53
524,93	1183,73
525,13	1173,49
525,33	1202,16
525,53	1185,77
525,73	1169,39
525,93	1187,82
526,13	1165,29
526,32	1226,73
526,52	1228,78
526,72	1243,12
526,92	1218,54
527,12	1239,02
527,32	1216,49
527,52	1224,69
527,71	1136,62
527,91	1251,31
528,11	1187,82
528,31	1214,45
528,51	1183,73
528,71	1185,77
528,90	1193,97
529,10	1167,34
529,30	1142,77
529,50	1183,73
529,70	1216,49
529,90	1175,53
530,09	1224,69
530,29	1255,40
530,49	1185,77
530,69	1161,20
530,89	1163,25
531,09	1187,82
531,28	1253,36
531,48	1210,35
531,68	1128,43
531,88	1241,07
532,08	1228,78
532,28	1204,21
532,47	1146,86
532,67	1146,86
532,87	1290,22
533,07	1206,25
533,27	1224,69
533,46	1140,72
533,66	1220,59
533,86	1210,35
534,06	1185,77
534,26	1214,45
534,45	1179,63
534,65	1257,45
534,85	1116,14
535,05	1175,53
535,25	1140,72
535,44	1187,82
535,64	1163,25
535,84	1146,86
536,04	1181,68
536,24	1230,83
536,43	1218,54
536,63	1239,02
536,83	1249,26
537,03	1169,39
537,22	1144,81
537,42	1191,92
537,62	1232,88
537,82	1212,40
538,02	1150,96
538,21	1173,49
538,41	1148,91
538,61	1247,21
538,81	1204,21
539,00	1212,40
539,20	1224,69
539,40	1183,73
539,60	1216,49
539,79	1198,06
539,99	1202,16
540,19	1265,64
540,39	1222,64
540,58	1144,81
540,78	1218,54
540,98	1204,21
541,18	1196,01
541,37	1222,64
541,57	1253,36
541,77	1200,11
541,97	1193,97
542,16	1214,45
542,36	1177,58
542,56	1212,40
542,76	1181,68
542,95	1198,06
543,15	1157,10
543,35	1204,21
543,54	1210,35
543,74	1220,59
543,94	1269,74
544,14	1181,68
544,33	1144,81
544,53	1130,48
544,73	1253,36
544,93	1257,45
545,12	1118,19
545,32	1232,88
545,52	1181,68
545,71	1216,49
545,91	1167,34
546,11	1226,73
546,30	1136,62
546,50	1126,38
546,70	1161,20
546,90	1206,25
547,09	1189,87
547,29	1093,62
547,49	1251,31
547,68	1175,53
547,88	1216,49
548,08	1138,67
548,27	1208,30
548,47	1171,44
548,67	1191,92
548,87	1263,60
549,06	1257,45
549,26	1228,78
549,46	1228,78
549,65	1208,30
549,85	1193,97
550,05	1218,54
550,24	1171,44
550,44	1183,73
550,64	1159,15
550,83	1253,36
551,03	1241,07
551,23	1202,16
551,42	1185,77
551,62	1130,48
551,82	1200,11
552,01	1140,72
552,21	1294,32
552,41	1193,97
552,60	1138,67
552,80	1173,49
553,00	1187,82
553,19	1230,83
553,39	1193,97
553,59	1087,47
553,78	1228,78
553,98	1183,73
554,17	1153,01
554,37	1222,64
554,57	1146,86
554,76	1128,43
554,96	1179,63
555,16	1134,57
555,35	1269,74
555,55	1214,45
555,75	1159,15
555,94	1196,01
556,14	1191,92
556,33	1163,25
556,53	1159,15
556,73	1249,26
556,92	1216,49
557,12	1218,54
557,32	1202,16
557,51	1200,11
557,71	1228,78
557,90	1208,30
558,10	1228,78
558,30	1261,55
558,49	1198,06
558,69	1253,36
558,88	1122,29
559,08	1157,10
559,28	1220,59
559,47	1232,88
559,67	1134,57
559,86	1200,11
560,06	1177,58
560,26	1226,73
560,45	1263,60
560,65	1222,64
560,84	1204,21
561,04	1222,64
561,24	1214,45
561,43	1189,87
561,63	1210,35
561,82	1175,53
562,02	1157,10
562,22	1132,53
562,41	1204,21
562,61	1185,77
562,80	1206,25
563,00	1175,53
563,19	1163,25
563,39	1230,83
563,59	1179,63
563,78	1179,63
563,98	1142,77
564,17	1224,69
564,37	1286,12
564,56	1159,15
564,76	1128,43
564,96	1097,71
565,15	1134,57
565,35	1206,25
565,54	1163,25
565,74	1210,35
565,93	1243,12
566,13	1146,86
566,32	1179,63
566,52	1218,54
566,71	1257,45
566,91	1124,33
567,11	1132,53
567,30	1103,86
567,50	1208,30
567,69	1204,21
567,89	1146,86
568,08	1167,34
568,28	1253,36
568,47	1210,35
568,67	1181,68
568,86	1112,05
569,06	1206,25
569,25	1167,34
569,45	1206,25
569,64	1208,30
569,84	1206,25
570,04	1150,96
570,23	1193,97
570,43	1216,49
570,62	1216,49
570,82	1171,44
571,01	1185,77
571,21	1200,11
571,40	1275,88
571,60	1263,60
571,79	1224,69
571,99	1220,59
572,18	1150,96
572,38	1224,69
572,57	1196,01
572,77	1210,35
572,96	1185,77
573,16	1224,69
573,35	1171,44
573,55	1165,29
573,74	1222,64
573,94	1234,93
574,13	1187,82
574,33	1185,77
574,52	1220,59
574,71	1148,91
574,91	1140,72
575,10	1218,54
575,30	1196,01
575,49	1193,97
575,69	1218,54
575,88	1189,87
576,08	1167,34
576,27	1163,25
576,47	1310,70
576,66	1196,01
576,86	1210,35
577,05	1191,92
577,25	1181,68
577,44	1189,87
577,64	1165,29
577,83	1148,91
578,02	1253,36
578,22	1263,60
578,41	1245,16
578,61	1183,73
578,80	1191,92
579,00	1187,82
579,19	1150,96
579,39	1167,34
579,58	1191,92
579,77	1173,49
579,97	1173,49
580,16	1181,68
580,36	1222,64
580,55	1165,29
580,75	1198,06
580,94	1187,82
581,13	1224,69
581,33	1163,25
581,52	1134,57
581,72	1159,15
581,91	1177,58
582,11	1220,59
582,30	1234,93
582,49	1138,67
582,69	1169,39
582,88	1189,87
583,08	1236,97
583,27	1159,15
583,47	1218,54
583,66	1249,26
583,85	1279,98
584,05	1163,25
584,24	1161,20
584,44	1218,54
584,63	1173,49
584,82	1216,49
585,02	1148,91
585,21	1222,64
585,41	1138,67
585,60	1185,77
585,79	1155,05
585,99	1222,64
586,18	1206,25
586,37	1220,59
586,57	1218,54
586,76	1198,06
586,96	1081,33
587,15	1208,30
587,34	1155,05
587,54	1206,25
587,73	1214,45
587,93	1216,49
588,12	1179,63
588,31	1204,21
588,51	1181,68
588,70	1198,06
588,89	1208,30
589,09	1198,06
589,28	1267,69
589,47	1196,01
589,67	1210,35
589,86	1189,87
590,06	1132,53
590,25	1189,87
590,44	1196,01
590,64	1167,34
590,83	1202,16
591,02	1292,27
591,22	1292,27
591,41	1232,88
591,60	1185,77
591,80	1212,40
591,99	1224,69
592,18	1222,64
592,38	1200,11
592,57	1193,97
592,76	1173,49
592,96	1210,35
593,15	1169,39
593,34	1241,07
593,54	1226,73
593,73	1220,59
593,92	1167,34
594,12	1208,30
594,31	1183,73
594,50	1165,29
594,70	1200,11
594,89	1187,82
595,08	1187,82
595,28	1138,67
595,47	1187,82
595,66	1284,08
595,86	1165,29
596,05	1189,87
596,24	1212,40
596,43	1279,98
596,63	1228,78
596,82	1232,88
597,01	1193,97
597,21	1202,16
597,40	1232,88
597,59	1247,21
597,79	1179,63
597,98	1179,63
598,17	1157,10
598,36	1208,30
598,56	1159,15
598,75	1193,97
598,94	1185,77
599,14	1228,78
599,33	1230,83
599,52	1220,59
599,71	1179,63
599,91	1181,68
600,10	1189,87
600,29	1200,11
600,48	1210,35
600,68	1163,25
600,87	1204,21
601,06	1097,71
601,26	1163,25
601,45	1179,63
601,64	1198,06
601,83	1202,16
602,03	1163,25
602,22	1183,73
602,41	1206,25
602,60	1183,73
602,80	1167,34
602,99	1146,86
603,18	1157,10
603,37	1212,40
603,57	1228,78
603,76	1200,11
603,95	1224,69
604,14	1163,25
604,34	1193,97
604,53	1087,47
604,72	1157,10
604,91	1218,54
605,10	1187,82
605,30	1208,30
605,49	1202,16
605,68	1208,30
605,87	1126,38
606,07	1216,49
606,26	1110,00
606,45	1189,87
606,64	1148,91
606,84	1167,34
607,03	1204,21
607,22	1175,53
607,41	1159,15
607,60	1191,92
607,80	1198,06
607,99	1144,81
608,18	1177,58
608,37	1175,53
608,56	1193,97
608,76	1153,01
608,95	1148,91
609,14	1247,21
609,33	1230,83
609,52	1187,82
609,72	1230,83
609,91	1142,77
610,10	1136,62
610,29	1208,30
610,48	1187,82
610,68	1251,31
610,87	1204,21
611,06	1142,77
611,25	1191,92
611,44	1271,79
611,63	1218,54
611,83	1212,40
612,02	1173,49
612,21	1210,35
612,40	1214,45
612,59	1144,81
612,79	1136,62
612,98	1204,21
613,17	1144,81
613,36	1169,39
613,55	1212,40
613,74	1183,73
613,93	1214,45
614,13	1185,77
614,32	1206,25
614,51	1142,77
614,70	1232,88
614,89	1169,39
615,08	1138,67
615,28	1179,63
615,47	1230,83
615,66	1181,68
615,85	1218,54
616,04	1253,36
616,23	1208,30
616,42	1200,11
616,62	1232,88
616,81	1208,30
617,00	1181,68
617,19	1212,40
617,38	1290,22
617,57	1146,86
617,76	1271,79
617,95	1232,88
618,15	1245,16
618,34	1140,72
618,53	1202,16
618,72	1200,11
618,91	1253,36
619,10	1202,16
619,29	1191,92
619,48	1181,68
619,68	1210,35
619,87	1222,64
620,06	1171,44
620,25	1226,73
620,44	1161,20
620,63	1196,01
620,82	1163,25
621,01	1140,72
621,20	1097,71
621,39	1179,63
621,59	1167,34
621,78	1191,92
621,97	1193,97
622,16	1222,64
622,35	1189,87
622,54	1243,12
622,73	1179,63
622,92	1191,92
623,11	1183,73
623,30	1206,25
623,49	1245,16
623,68	1210,35
623,88	1150,96
624,07	1202,16
624,26	1202,16
624,45	1247,21
624,64	1226,73
624,83	1290,22
625,02	1167,34
625,21	1216,49
625,40	1179,63
625,59	1153,01
625,78	1224,69
625,97	1210,35
626,16	1226,73
626,35	1226,73
626,54	1157,10
626,74	1265,64
626,93	1290,22
627,12	1204,21
627,31	1286,12
627,50	1146,86
627,69	1308,65
627,88	1193,97
628,07	1208,30
628,26	1214,45
628,45	1210,35
628,64	1245,16
628,83	1198,06
629,02	1146,86
629,21	1204,21
629,40	1165,29
629,59	1206,25
629,78	1249,26
629,97	1212,40
630,16	1189,87
630,35	1232,88
630,54	1228,78
630,73	1236,97
630,92	1259,50
631,11	1269,74
631,30	1208,30
631,49	1286,12
631,68	1413,10
631,87	2602,97
632,06	8062,85
632,25	17039,10
632,44	21051,07
632,63	26848,87
632,82	14053,16
633,01	8286,08
633,20	4061,12
633,39	2099,17
633,58	1701,86
633,77	1794,02
633,96	1554,41
634,15	1402,86
634,34	1325,04
634,53	1331,18
634,72	1312,75
634,91	1314,80
635,10	1312,75
635,29	1279,98
635,48	1302,51
635,67	1249,26
635,86	1259,50
636,05	1210,35
636,24	1222,64
636,43	1243,12
636,62	1228,78
636,81	1249,26
637,00	1220,59
637,19	1216,49
637,38	1236,97
637,57	1292,27
637,76	1212,40
637,95	1251,31
638,14	1155,05
638,33	1200,11
638,52	1191,92
638,71	1144,81
638,89	1130,48
639,08	1220,59
639,27	1263,60
639,46	1204,21
639,65	1144,81
639,84	1294,32
640,03	1232,88
640,22	1189,87
640,41	1212,40
640,60	1253,36
640,79	1177,58
640,98	1210,35
641,17	1234,93
641,36	1157,10
641,55	1239,02
641,74	1171,44
641,92	1232,88
642,11	1124,33
642,30	1200,11
642,49	1165,29
642,68	1200,11
642,87	1249,26
643,06	1224,69
643,25	1224,69
643,44	1167,34
643,63	1245,16
643,82	1198,06
644,00	1128,43
644,19	1208,30
644,38	1204,21
644,57	1183,73
644,76	1148,91
644,95	1216,49
645,14	1187,82
645,33	1222,64
645,52	1161,20
645,71	1208,30
645,89	1159,15
646,08	1187,82
646,27	1200,11
646,46	1271,79
646,65	1171,44
646,84	1191,92
647,03	1200,11
647,22	1198,06
647,40	1232,88
647,59	1232,88
647,78	1220,59
647,97	1245,16
648,16	1189,87
648,35	1224,69
648,54	1144,81
648,73	1163,25
648,91	1204,21
649,10	1157,10
649,29	1196,01
649,48	1169,39
649,67	1214,45
649,86	1191,92
650,05	1234,93
650,23	1159,15
650,42	1155,05
650,61	1187,82
650,80	1142,77
650,99	1175,53
651,18	1220,59
651,36	1155,05
651,55	1239,02
651,74	1245,16
651,93	1161,20
652,12	1234,93
652,31	1239,02
652,49	1167,34
652,68	1239,02
652,87	1224,69
653,06	1228,78
653,25	1282,03
653,44	1187,82
653,62	1150,96
653,81	1206,25
654,00	1200,11
654,19	1138,67
654,38	1218,54
654,56	1187,82
654,75	1183,73
654,94	1169,39
655,13	1155,05
655,32	1175,53
655,51	1257,45
655,69	1204,21
655,88	1208,30
656,07	1140,72
656,26	1191,92
656,45	1216,49
656,63	1196,01
656,82	1202,16
657,01	1271,79
657,20	1226,73
657,38	1232,88
657,57	1230,83
657,76	1179,63
657,95	1216,49
658,14	1216,49
658,32	1165,29
658,51	1239,02
658,70	1155,05
658,89	1204,21
659,08	1124,33
659,26	1216,49
659,45	1210,35
659,64	1206,25
659,83	1177,58
660,01	1286,12
660,20	1161,20
660,39	1261,55
660,58	1253,36
660,76	1116,14
660,95	1204,21
661,14	1153,01
661,33	1261,55
661,51	1155,05
661,70	1155,05
661,89	1200,11
662,08	1181,68
662,26	1226,73
662,45	1191,92
662,64	1214,45
662,83	1208,30
663,01	1187,82
663,20	1173,49
663,39	1251,31
663,58	1179,63
663,76	1175,53
663,95	1212,40
664,14	1144,81
664,32	1228,78
664,51	1202,16
664,70	1218,54
664,89	1165,29
665,07	1132,53
665,26	1212,40
665,45	1144,81
665,64	1177,58
665,82	1146,86
666,01	1179,63
666,20	1159,15
666,38	1271,79
666,57	1216,49
666,76	1230,83
666,95	1208,30
667,13	1236,97
667,32	1142,77
667,51	1224,69
667,69	1282,03
667,88	1161,20
668,07	1183,73
668,25	1232,88
668,44	1173,49
668,63	1167,34
668,81	1216,49
669,00	1230,83
669,19	1175,53
669,38	1120,24
669,56	1220,59
669,75	1200,11
669,94	1116,14
670,12	1267,69
670,31	1183,73
670,50	1216,49
670,68	1224,69
670,87	1191,92
671,06	1210,35
671,24	1230,83
671,43	1146,86
671,62	1214,45
671,80	1146,86
671,99	1230,83
672,18	1171,44
672,36	1239,02
672,55	1216,49
672,74	1185,77
672,92	1212,40
673,11	1175,53
673,29	1159,15
673,48	1226,73
673,67	1269,74
673,85	1236,97
674,04	1230,83
674,23	1263,60
674,41	1202,16
674,60	1171,44
674,79	1208,30
674,97	1191,92
675,16	1230,83
675,34	1282,03
675,53	1171,44
675,72	1181,68
675,90	1202,16
676,09	1165,29
676,28	1191,92
676,46	1159,15
676,65	1171,44
676,83	1163,25
677,02	1230,83
677,21	1177,58
677,39	1155,05
677,58	1216,49
677,77	1292,27
677,95	1173,49
678,14	1200,11
678,32	1161,20
678,51	1150,96
678,70	1249,26
678,88	1173,49
679,07	1230,83
679,25	1243,12
679,44	1224,69
679,63	1142,77
679,81	1214,45
680,00	1200,11
680,18	1196,01
680,37	1200,11
680,55	1161,20
680,74	1191,92
680,93	1208,30
681,11	1146,86
681,30	1189,87
681,48	1196,01
681,67	1175,53
681,85	1220,59
682,04	1159,15
682,23	1159,15
682,41	1226,73
682,60	1105,90
682,78	1161,20
682,97	1187,82
683,15	1198,06
683,34	1097,71
683,53	1159,15
683,71	1167,34
683,90	1132,53
684,08	1159,15
684,27	1212,40
684,45	1259,50
684,64	1210,35
684,82	1122,29
685,01	1226,73
685,19	1159,15
685,38	1163,25
685,57	1134,57
685,75	1271,79
685,94	1277,93
686,12	1279,98
686,31	1173,49
686,49	1220,59
686,68	1224,69
686,86	1222,64
687,05	1159,15
687,23	1200,11
687,42	1191,92
687,60	1210,35
687,79	1185,77
687,97	1183,73
688,16	1114,10
688,34	1132,53
688,53	1212,40
688,71	1214,45
688,90	1185,77
689,08	1200,11
689,27	1224,69
689,45	1124,33
689,64	1210,35
689,82	1179,63
690,01	1163,25
690,19	1177,58
690,38	1157,10
690,56	1216,49
690,75	1253,36
690,93	1124,33
691,12	1177,58
691,30	1224,69
691,49	1173,49
691,67	1177,58
691,86	1202,16
692,04	1220,59
692,23	1187,82
692,41	1251,31
692,60	1259,50
692,78	1191,92
692,97	1196,01
693,15	1204,21
693,34	1243,12
693,52	1191,92
693,71	1191,92
693,89	1175,53
694,08	1212,40
694,26	1298,41
694,44	1204,21
694,63	1216,49
694,81	1161,20
695,00	1206,25
695,18	1171,44
695,37	1138,67
695,55	1208,30
695,74	1150,96
695,92	1208,30
696,10	1196,01
696,29	1232,88
696,47	1216,49
696,66	1181,68
696,84	1161,20
697,03	1177,58
697,21	1230,83
697,40	1173,49
697,58	1253,36
697,76	1183,73
697,95	1175,53
698,13	1247,21
698,32	1193,97
698,50	1212,40
698,68	1198,06
698,87	1259,50
699,05	1165,29
699,24	1191,92
699,42	1243,12
699,61	1095,66
699,79	1224,69
699,97	1232,88
700,16	1144,81
700,34	1185,77
700,53	1193,97
700,71	1236,97
700,89	1187,82
701,08	1175,53
701,26	1265,64
701,45	1247,21
701,63	1110,00
701,81	1261,55
702,00	1275,88
702,18	1159,15
702,37	1187,82
702,55	1097,71
702,73	1165,29
702,92	1146,86
703,10	1200,11
703,28	1116,14
703,47	1159,15
703,65	1175,53
703,84	1226,73
704,02	1173,49
704,20	1163,25
704,39	1183,73
704,57	1212,40
704,75	1150,96
704,94	1196,01
705,12	1159,15
705,30	1216,49
705,49	1222,64
705,67	1157,10
705,86	1210,35
706,04	1245,16
706,22	1136,62
706,41	1279,98
706,59	1155,05
706,77	1193,97
706,96	1253,36
707,14	1251,31
707,32	1191,92
707,51	1144,81
707,69	1196,01
707,87	1200,11
708,06	1208,30
708,24	1155,05
708,42	1222,64
708,61	1216,49
708,79	1150,96
708,97	1134,57
709,16	1157,10
709,34	1232,88
709,52	1224,69
709,71	1198,06
709,89	1320,94
710,07	1202,16
710,26	1239,02
710,44	1173,49
710,62	1134,57
710,80	1265,64
710,99	1218,54
711,17	1204,21
711,35	1226,73
711,54	1218,54
711,72	1138,67
711,90	1163,25
712,09	1206,25
712,27	1146,86
712,45	1228,78
712,63	1200,11
712,82	1232,88
713,00	1261,55
713,18	1206,25
713,37	1224,69
713,55	1114,10
713,73	1173,49
713,91	1200,11
714,10	1257,45
714,28	1191,92
714,46	1181,68
714,65	1200,11
714,83	1277,93
715,01	1181,68
715,19	1216,49
715,38	1187,82
715,56	1214,45
715,74	1165,29
715,92	1202,16
716,11	1136,62
716,29	1171,44
716,47	1183,73
716,65	1212,40
716,84	1181,68
717,02	1171,44
717,20	1247,21
717,38	1206,25
717,57	1202,16
717,75	1189,87
717,93	1196,01
718,11	1198,06
718,30	1232,88
718,48	1204,21
718,66	1214,45
718,84	1150,96
719,03	1091,57
719,21	1208,30
719,39	1218,54
719,57	1193,97
719,75	1239,02
719,94	1159,15
720,12	1222,64
720,30	1216,49
720,48	1181,68
720,67	1224,69
720,85	1243,12
721,03	1230,83
721,21	1220,59
721,39	1208,30
721,58	1304,56
721,76	1241,07
721,94	1171,44
722,12	1177,58
722,30	1224,69
722,49	1148,91
722,67	1103,86
722,85	1214,45
723,03	1165,29
723,21	1226,73
723,40	1218,54
723,58	1204,21
723,76	1193,97
723,94	1241,07
724,12	1177,58
724,30	1224,69
724,49	1169,39
724,67	1187,82
724,85	1247,21
725,03	1257,45
725,21	1079,28
725,40	1179,63
725,58	1220,59
725,76	1175,53
725,94	1206,25
726,12	1214,45
726,30	1220,59
726,49	1249,26
726,67	1222,64
726,85	1224,69
727,03	1257,45
727,21	1171,44
727,39	1175,53
727,57	1234,93
727,76	1175,53
727,94	1224,69
728,12	1216,49
728,30	1277,93
728,48	1191,92
728,66	1138,67
728,84	1263,60
729,03	1196,01
729,21	1230,83
729,39	1163,25
729,57	1161,20
729,75	1128,43
729,93	1155,05
730,11	1183,73
730,30	1241,07
730,48	1157,10
730,66	1179,63
730,84	1255,40
731,02	1257,45
731,20	1196,01
731,38	1212,40
731,56	1247,21
731,74	1241,07
731,93	1134,57
732,11	1236,97
732,29	1148,91
732,47	1218,54
732,65	1241,07
732,83	1202,16
733,01	1216,49
733,19	1216,49
733,37	1153,01
733,56	1185,77
733,74	1185,77
733,92	1153,01
734,10	1241,07
734,28	1146,86
734,46	1191,92
734,64	1159,15
734,82	1198,06
735,00	1179,63
735,18	1138,67
735,36	1136,62
735,54	1146,86
735,73	1112,05
735,91	1310,70
736,09	1161,20
736,27	1220,59
736,45	1222,64
736,63	1220,59
736,81	1142,77
736,99	1146,86
737,17	1216,49
737,35	1142,77
737,53	1136,62
737,71	1239,02
737,89	1118,19
738,07	1146,86
738,25	1224,69
738,43	1263,60
738,61	1208,30
738,80	1230,83
738,98	1191,92
739,16	1236,97
739,34	1204,21
739,52	1193,97
739,70	1208,30
739,88	1239,02
740,06	1224,69
740,24	1279,98
740,42	1208,30
740,60	1210,35
740,78	1097,71
740,96	1157,10
741,14	1138,67
741,32	1185,77
741,50	1204,21
741,68	1163,25
741,86	1171,44
742,04	1165,29
742,22	1255,40
742,40	1144,81
742,58	1187,82
742,76	1206,25
742,94	1153,01
743,12	1206,25
743,30	1204,21
743,48	1208,30
743,66	1179,63
743,84	1198,06
744,02	1204,21
744,20	1112,05
744,38	1196,01
744,56	1169,39
744,74	1200,11
744,92	1224,69
745,10	1138,67
745,28	1198,06
745,46	1220,59
745,64	1198,06
745,82	1214,45
746,00	1200,11
746,18	1159,15
746,36	1193,97
746,54	1179,63
746,72	1228,78
746,90	1163,25
747,08	1161,20
747,26	1193,97
747,44	1181,68
747,62	1169,39
747,80	1193,97
747,98	1148,91
748,15	1179,63
748,33	1241,07
748,51	1212,40
748,69	1212,40
748,87	1124,33
749,05	1204,21
749,23	1222,64
749,41	1230,83
749,59	1232,88
749,77	1202,16
749,95	1175,53
750,13	1210,35
750,31	1236,97
750,49	1183,73
750,67	1144,81
750,85	1200,11
751,03	1148,91
751,20	1265,64
751,38	1122,29
751,56	1220,59
751,74	1138,67
751,92	1146,86
752,10	1171,44
752,28	1128,43
752,46	1187,82
752,64	1210,35
752,82	1212,40
753,00	1130,48
753,18	1204,21
753,35	1196,01
753,53	1185,77
753,71	1116,14
753,89	1206,25
754,07	1183,73
754,25	1179,63
754,43	1144,81
754,61	1202,16
754,79	1148,91
754,97	1126,38
755,14	1263,60
755,32	1202,16
755,50	1239,02
755,68	1187,82
755,86	1234,93
756,04	1146,86
756,22	1206,25
756,40	1189,87
756,57	1183,73
756,75	1126,38
756,93	1157,10
757,11	1193,97
757,29	1161,20
757,47	1193,97
757,65	1183,73
757,82	1173,49
758,00	1136,62
758,18	1153,01
758,36	1218,54
758,54	1198,06
758,72	1224,69
758,90	1249,26
759,07	1249,26
759,25	1163,25
759,43	1257,45
759,61	1171,44
759,79	1155,05
759,97	1198,06
760,15	1236,97
760,32	1212,40
760,50	1228,78
760,68	1189,87
760,86	1204,21
761,04	1179,63
761,22	1259,50
761,39	1171,44
761,57	1191,92
761,75	1220,59
761,93	1171,44
762,11	1173,49
762,28	1222,64
762,46	1173,49
762,64	1210,35
762,82	1161,20
763,00	1187,82
763,18	1241,07
763,35	1159,15
763,53	1196,01
763,71	1179,63
763,89	1239,02
764,07	1134,57
764,24	1173,49
764,42	1224,69
764,60	1216,49
764,78	1185,77
764,96	1161,20
765,13	1226,73
765,31	1171,44
765,49	1232,88
765,67	1218,54
765,84	1114,10
766,02	1181,68
766,20	1148,91
766,38	1224,69
766,56	1271,79
766,73	1204,21
766,91	1175,53
767,09	1134,57
767,27	1114,10
767,44	1302,51
767,62	1216,49
767,80	1196,01
767,98	1226,73
768,15	1277,93
768,33	1167,34
768,51	1214,45
768,69	1224,69
768,87	1185,77
769,04	1110,00
769,22	1153,01
769,40	1265,64
769,58	1196,01
769,75	1173,49
769,93	1232,88
770,11	1132,53
770,28	1208,30
770,46	1218,54
770,64	1193,97
770,82	1169,39
770,99	1234,93
771,17	1150,96
771,35	1150,96
771,53	1122,29
771,70	1247,21
771,88	1185,77
772,06	1167,34
772,23	1247,21
772,41	1191,92
772,59	1220,59
772,77	1175,53
772,94	1214,45
773,12	1236,97
773,30	1179,63
773,47	1171,44
773,65	1189,87
773,83	1239,02
774,01	1175,53
774,18	1118,19
774,36	1251,31
774,54	1191,92
774,71	1200,11
774,89	1173,49
775,07	1179,63
775,24	1169,39
775,42	1200,11
775,60	1183,73
775,78	1093,62
775,95	1220,59
776,13	1083,38
776,31	1193,97
776,48	1247,21
776,66	1134,57
776,84	1228,78
777,01	1124,33
777,19	1134,57
777,37	1183,73
777,54	1243,12
777,72	1230,83
777,90	1142,77
778,07	1198,06
778,25	1193,97
778,43	1161,20
778,60	1208,30
778,78	1216,49
778,96	1157,10
779,13	1220,59
779,31	1175,53
779,49	1167,34
779,66	1150,96
779,84	1208,30
780,01	1181,68
780,19	1208,30
780,37	1146,86
780,54	1212,40
780,72	1126,38
780,90	1134,57
781,07	1155,05
781,25	1212,40
781,43	1249,26
781,60	1173,49
781,78	1153,01
781,95	1206,25
782,13	1251,31
782,31	1198,06
782,48	1181,68
782,66	1126,38
782,83	1155,05
783,01	1140,72
783,19	1222,64
783,36	1222,64
783,54	1093,62
783,72	1189,87
783,89	1230,83
784,07	1204,21
784,24	1146,86
784,42	1216,49
784,60	1202,16
784,77	1157,10
784,95	1216,49
785,12	1177,58
785,30	1165,29
785,47	1216,49
785,65	1183,73
785,83	1232,88
786,00	1116,14
786,18	1144,81
786,35	1259,50
786,53	1198,06
786,71	1136,62
786,88	1181,68
787,06	1218,54
787,23	1198,06
787,41	1144,81
787,58	1198,06
787,76	1189,87
787,94	1228,78
788,11	1218,54
788,29	1218,54
788,46	1243,12
788,64	1085,42
788,81	1204,21
788,99	1191,92
789,16	1083,38
789,34	1241,07
789,52	1150,96
789,69	1183,73
789,87	1191,92
790,04	1228,78
790,22	1150,96
790,39	1179,63
790,57	1253,36
790,74	1198,06
790,92	1148,91
791,09	1312,75
791,27	1183,73
791,44	1185,77
791,62	1224,69
791,79	1191,92
791,97	1107,95
792,15	1236,97
792,32	1148,91
792,50	1187,82
792,67	1167,34
792,85	1159,15
793,02	1163,25
793,20	1165,29
793,37	1171,44
793,55	1232,88
793,72	1189,87
793,90	1148,91
794,07	1230,83
794,25	1193,97
794,42	1216,49
794,60	1183,73
794,77	1212,40
794,95	1165,29
795,12	1112,05
795,30	1138,67
795,47	1155,05
795,65	1214,45
795,82	1157,10
796,00	1239,02
796,17	1202,16
796,34	1202,16
796,52	1179,63
796,69	1220,59
796,87	1239,02
797,04	1157,10
797,22	1193,97
797,39	1173,49
797,57	1126,38
797,74	1146,86
797,92	1163,25
798,09	1163,25
798,27	1150,96
798,44	1263,60
798,62	1198,06
798,79	1261,55
798,96	1165,29
799,14	1273,84
799,31	1163,25
799,49	1142,77
799,66	1232,88
799,84	1181,68
800,01	1169,39
800,19	1226,73
800,36	1222,64
800,53	1200,11
800,71	1230,83
800,88	1157,10
801,06	1138,67
801,23	1208,30
801,41	1230,83
801,58	1245,16
801,75	1234,93
801,93	1175,53
802,10	1140,72
802,28	1175,53
802,45	1216,49
802,63	1214,45
802,80	1181,68
802,97	1177,58
803,15	1224,69
803,32	1173,49
803,50	1167,34
803,67	1177,58
803,84	1185,77
804,02	1202,16
804,19	1212,40
804,37	1144,81
804,54	1136,62
804,71	1214,45
804,89	1218,54
805,06	1066,99
805,24	1245,16
805,41	1189,87
805,58	1157,10
805,76	1167,34
805,93	1210,35
806,10	1216,49
806,28	1239,02
806,45	1202,16
806,63	1198,06
806,80	1204,21
806,97	1259,50
807,15	1198,06
807,32	1155,05
807,49	1226,73
807,67	1259,50
807,84	1265,64
808,01	1224,69
808,19	1314,80
808,36	1153,01
808,54	1236,97
808,71	1169,39
808,88	1198,06
809,06	1251,31
809,23	1191,92
809,40	1200,11
809,58	1206,25
809,75	1148,91
809,92	1245,16
810,10	1200,11
810,27	1165,29
810,44	1191,92
810,62	1189,87
810,79	1234,93
810,96	1193,97
811,14	1210,35
811,31	1165,29
811,48	1212,40
811,66	1269,74
811,83	1206,25
812,00	1220,59
812,18	1198,06
812,35	1218,54
812,52	1155,05
812,69	1263,60
812,87	1136,62
813,04	1210,35
813,21	1153,01
813,39	1142,77
813,56	1105,90
813,73	1204,21
813,91	1253,36
814,08	1167,34
814,25	1191,92
814,42	1204,21
814,60	1220,59
814,77	1155,05
814,94	1142,77
815,12	1167,34
815,29	1159,15
815,46	1138,67
815,63	1216,49
815,81	1222,64
815,98	1208,30
816,15	1193,97
816,33	1232,88
816,50	1253,36
816,67	1181,68
816,84	1216,49
817,02	1148,91
817,19	1191,92
817,36	1171,44
817,53	1273,84
817,71	1241,07
817,88	1200,11
818,05	1179,63
818,22	1224,69
818,40	1105,90
818,57	1230,83
818,74	1198,06
818,91	1165,29
819,09	1167,34
819,26	1140,72
819,43	1220,59
819,60	1210,35
819,78	1169,39
819,95	1232,88
820,12	1212,40
820,29	1128,43
820,47	1202,16
820,64	1187,82
820,81	1179,63
820,98	1167,34
821,15	1218,54
821,33	1208,30
821,50	1175,53
821,67	1239,02
821,84	1120,24
822,02	1226,73
822,19	1204,21
822,36	1159,15
822,53	1185,77
822,70	1157,10
822,88	1148,91
823,05	1218,54
823,22	1103,86
823,39	1222,64
823,56	1177,58
823,74	1146,86
823,91	1161,20
824,08	1245,16
824,25	1173,49
824,42	1236,97
824,60	1140,72
824,77	1177,58
824,94	1185,77
825,11	1206,25
825,28	1146,86
825,45	1183,73
825,63	1218,54
825,80	1224,69
825,97	1249,26
826,14	1175,53
826,31	1196,01
826,48	1275,88
826,66	1126,38
826,83	1200,11
827,00	1132,53
827,17	1183,73
827,34	1181,68
827,51	1204,21
827,69	1161,20
827,86	1196,01
828,03	1228,78
828,20	1103,86
828,37	1224,69
828,54	1222,64
828,71	1155,05
828,89	1189,87
829,06	1208,30
829,23	1239,02
829,40	1200,11
829,57	1134,57
829,74	1159,15
829,91	1167,34
830,09	1220,59
830,26	1200,11
830,43	1218,54
830,60	1173,49
830,77	1214,45
830,94	1179,63
831,11	1241,07
831,28	1148,91
831,46	1136,62
831,63	1165,29
831,80	1132,53
831,97	1167,34
832,14	1259,50
832,31	1273,84
832,48	1239,02
832,65	1241,07
832,82	1187,82
832,99	1208,30
833,17	1159,15
833,34	1243,12
833,51	1185,77
833,68	1206,25
833,85	1146,86
834,02	1177,58
834,19	1161,20
834,36	1179,63
834,53	1196,01
834,70	1130,48
834,87	1200,11
835,04	1185,77
835,22	1159,15
835,39	1247,21
835,56	1144,81
835,73	1126,38
835,90	1196,01
836,07	1189,87
836,24	1198,06
836,41	1191,92
836,58	1241,07
836,75	1134,57
836,92	1161,20
837,09	1185,77
837,26	1282,03
837,43	1175,53
837,60	1175,53
837,77	1173,49
837,94	1261,55
838,12	1216,49
838,29	1193,97
838,46	1208,30
838,63	1267,69
838,80	1189,87
838,97	1179,63
839,14	1175,53
839,31	1183,73
839,48	1179,63
839,65	1257,45
839,82	1253,36
839,99	1259,50
840,16	1243,12
840,33	1218,54
840,50	1165,29
840,67	1261,55
840,84	1167,34
841,01	1228,78
841,18	1255,40
841,35	1165,29
841,52	1224,69
841,69	1191,92
841,86	1218,54
842,03	1165,29
842,20	1212,40
842,37	1230,83
842,54	1157,10
842,71	1218,54
842,88	1161,20
843,05	1150,96
843,22	1234,93
843,39	1239,02
843,56	1181,68
843,73	1167,34
843,90	1253,36
844,07	1183,73
844,24	1183,73
844,41	1185,77
844,58	1202,16
844,75	1118,19
844,92	1204,21
845,09	1175,53
845,26	1216,49
845,43	1130,48
845,60	1216,49
845,77	1267,69
845,94	1193,97
846,10	1216,49
846,27	1220,59
846,44	1255,40
846,61	1212,40
846,78	1210,35
846,95	1222,64
847,12	1134,57
847,29	1222,64
847,46	1165,29
847,63	1208,30
847,80	1230,83
847,97	1130,48
848,14	1218,54
848,31	1165,29
848,48	1204,21
848,65	1150,96
848,82	1279,98
848,98	1204,21
849,15	1210,35
849,32	1243,12
849,49	1228,78
849,66	1218,54
849,83	1200,11
850,00	1183,73
850,17	1181,68
850,34	1236,97
850,51	1183,73
850,68	1191,92
850,85	1239,02
851,01	1183,73
851,18	1179,63
851,35	1224,69
851,52	1183,73
851,69	1210,35
851,86	1210,35
852,03	1239,02
852,20	1144,81
852,37	1245,16
852,53	1159,15
852,70	1161,20
852,87	1241,07
853,04	1173,49
853,21	1226,73
853,38	1175,53
853,55	1181,68
853,72	1214,45
853,89	1216,49
854,05	1228,78
854,22	1198,06
854,39	1191,92
854,56	1251,31
854,73	1167,34
854,90	1175,53
855,07	1249,26
855,23	1157,10
855,40	1196,01
855,57	1253,36
855,74	1306,60
855,91	1230,83
856,08	1144,81
856,25	1200,11
856,41	1214,45
856,58	1200,11
856,75	1181,68
856,92	1171,44
857,09	1153,01
857,26	1206,25
857,42	1243,12
857,59	1144,81
857,76	1128,43
857,93	1208,30
858,10	1204,21
858,27	1165,29
858,43	1142,77
858,60	1130,48
858,77	1157,10
858,94	1171,44
859,11	1234,93
859,27	1124,33
859,44	1157,10
859,61	1187,82
859,78	1212,40
859,95	1253,36
860,12	1193,97
860,28	1228,78
860,45	1245,16
860,62	1208,30
860,79	1208,30
860,95	1257,45
861,12	1269,74
861,29	1196,01
861,46	1212,40
861,63	1228,78
861,79	1196,01
861,96	1155,05
862,13	1183,73
862,30	1224,69
862,47	1148,91
862,63	1216,49
862,80	1214,45
862,97	1175,53
863,14	1183,73
863,30	1193,97
863,47	1263,60
863,64	1146,86
863,81	1165,29
863,97	1179,63
864,14	1241,07
864,31	1189,87
864,48	1116,14
864,65	1163,25
864,81	1232,88
864,98	1210,35
865,15	1144,81
865,32	1206,25
865,48	1150,96
865,65	1175,53
865,82	1259,50
865,98	1181,68
866,15	1202,16
866,32	1210,35
866,49	1239,02
866,65	1175,53
866,82	1187,82
866,99	1232,88
867,16	1157,10
867,32	1132,53
867,49	1204,21
867,66	1193,97
867,83	1142,77
867,99	1218,54
868,16	1253,36
868,33	1142,77
868,49	1196,01
868,66	1239,02
868,83	1232,88
868,99	1165,29
869,16	1273,84
869,33	1198,06
869,50	1193,97
869,66	1181,68
869,83	1124,33
870,00	1214,45
870,16	1216,49
870,33	1177,58
870,50	1185,77
870,66	1157,10
870,83	1216,49
871,00	1204,21
871,17	1169,39
871,33	1173,49
871,50	1253,36
871,67	1173,49
871,83	1189,87
872,00	1179,63
872,17	1226,73
872,33	1220,59
872,50	1085,42
872,67	1157,10
872,83	1122,29
873,00	1181,68
873,17	1216,49
873,33	1189,87
873,50	1187,82
873,67	1249,26
873,83	1261,55
874,00	1224,69
874,16	1167,34
874,33	1140,72
874,50	1222,64
874,66	1105,90
874,83	1249,26
875,00	1271,79
875,16	1257,45
875,33	1179,63
875,50	1144,81
875,66	1216,49
875,83	1239,02
875,99	1177,58
876,16	1232,88
876,33	1185,77
876,49	1218,54
876,66	1155,05
876,83	1183,73
876,99	1196,01
877,16	1165,29
877,32	1302,51
877,49	1167,34
877,66	1155,05
877,82	1239,02
877,99	1142,77
878,15	1226,73
878,32	1212,40
878,49	1200,11
878,65	1196,01
878,82	1208,30
878,98	1226,73
879,15	1185,77
879,32	1163,25
879,48	1224,69
879,65	1210,35
879,81	1191,92
879,98	1130,48
880,15	1153,01
880,31	1163,25
880,48	1196,01
880,64	1263,60
880,81	1200,11
880,97	1212,40
881,14	1222,64
881,31	1175,53
881,47	1179,63
881,64	1222,64
881,80	1228,78
881,97	1206,25
882,13	1196,01
882,30	1167,34
882,47	1249,26
882,63	1101,81
882,80	1175,53
882,96	1198,06
883,13	1263,60
883,29	1247,21
883,46	1198,06
883,62	1165,29
883,79	1183,73
883,95	1224,69
884,12	1187,82
884,29	1222,64
884,45	1230,83
884,62	1249,26
884,78	1224,69
884,95	1200,11
885,11	1214,45
885,28	1126,38
885,44	1230,83
885,61	1161,20
885,77	1292,27
885,94	1171,44
886,10	1259,50
886,27	1193,97
886,43	1112,05
886,60	1187,82
886,76	1214,45
886,93	1159,15
887,09	1208,30
887,26	1196,01
887,42	1191,92
887,59	1253,36
887,75	1232,88
887,92	1136,62
888,08	1212,40
888,25	1165,29
888,41	1153,01
888,58	1208,30
888,74	1083,38
888,91	1226,73
