177,47	1161,20
177,69	1161,20
177,91	1161,20
178,13	1216,49
178,36	1183,73
178,58	1243,12
178,80	1245,16
179,02	1140,72
179,24	1153,01
179,46	1175,53
179,68	1210,35
179,90	1177,58
180,13	1189,87
180,35	1228,78
180,57	1165,29
180,79	1198,06
181,01	1200,11
181,23	1181,68
181,45	1216,49
181,67	1185,77
181,90	1185,77
182,12	1138,67
182,34	1216,49
182,56	1189,87
182,78	1191,92
183,00	1169,39
183,22	1249,26
183,44	1216,49
183,66	1279,98
183,89	1245,16
184,11	1161,20
184,33	1173,49
184,55	1220,59
184,77	1236,97
184,99	1249,26
185,21	1234,93
185,43	1249,26
185,65	1210,35
185,87	1118,19
186,10	1222,64
186,32	1208,30
186,54	1214,45
186,76	1134,57
186,98	1175,53
187,20	1208,30
187,42	1208,30
187,64	1142,77
187,86	1222,64
188,08	1150,96
188,30	1204,21
188,52	1177,58
188,75	1142,77
188,97	1159,15
189,19	1193,97
189,41	1181,68
189,63	1187,82
189,85	1175,53
190,07	1259,50
190,29	1091,57
190,51	1140,72
190,73	1222,64
190,95	1114,10
191,17	1224,69
191,39	1198,06
191,61	1288,17
191,84	1128,43
192,06	1249,26
192,28	1193,97
192,50	1189,87
192,72	1163,25
192,94	1196,01
193,16	1150,96
193,38	1150,96
193,60	1179,63
193,82	1214,45
194,04	1228,78
194,26	1200,11
194,48	1134,57
194,70	1279,98
194,92	1134,57
195,14	1253,36
195,36	1185,77
195,58	1189,87
195,80	1138,67
196,02	1171,44
196,24	1271,79
196,46	1236,97
196,69	1220,59
196,91	1241,07
197,13	1177,58
197,35	1206,25
197,57	1218,54
197,79	1150,96
198,01	1167,34
198,23	1224,69
198,45	1187,82
198,67	1175,53
198,89	1273,84
199,11	1236,97
199,33	1259,50
199,55	1208,30
199,77	1232,88
199,99	1148,91
200,21	1247,21
200,43	1206,25
200,65	1208,30
200,87	1159,15
201,09	1130,48
201,31	1144,81
201,53	1236,97
201,75	1175,53
201,97	1230,83
202,19	1210,35
202,41	1159,15
202,63	1241,07
202,85	1179,63
203,07	1214,45
203,29	1185,77
203,51	1269,74
203,73	1212,40
203,95	1181,68
204,17	1134,57
204,39	1171,44
204,61	1200,11
204,83	1210,35
205,05	1150,96
205,27	1245,16
205,49	1216,49
205,71	1200,11
205,93	1220,59
206,15	1202,16
206,37	1146,86
206,59	1255,40
206,81	1234,93
207,03	1218,54
207,25	1210,35
207,47	1185,77
207,69	1208,30
207,91	1140,72
208,13	1255,40
208,34	1183,73
208,56	1265,64
208,78	1171,44
209,00	1173,49
209,22	1275,88
209,44	1191,92
209,66	1177,58
209,88	1138,67
210,10	1279,98
210,32	1153,01
210,54	1216,49
210,76	1216,49
210,98	1167,34
211,20	1234,93
211,42	1148,91
211,64	1126,38
211,86	1273,84
212,08	1155,05
212,30	1169,39
212,52	1112,05
212,74	1122,29
212,96	1157,10
213,17	1228,78
213,39	1159,15
213,61	1236,97
213,83	1171,44
214,05	1171,44
214,27	1218,54
214,49	1249,26
214,71	1241,07
214,93	1181,68
215,15	1144,81
215,37	1208,30
215,59	1212,40
215,81	1224,69
216,03	1144,81
216,24	1241,07
216,46	1196,01
216,68	1179,63
216,90	1224,69
217,12	1208,30
217,34	1216,49
217,56	1216,49
217,78	1159,15
218,00	1161,20
218,22	1216,49
218,44	1206,25
218,66	1173,49
218,87	1245,16
219,09	1257,45
219,31	1153,01
219,53	1212,40
219,75	1165,29
219,97	1159,15
220,19	1220,59
220,41	1253,36
220,63	1167,34
220,85	1153,01
221,06	1134,57
221,28	1185,77
221,50	1228,78
221,72	1249,26
221,94	1218,54
222,16	1159,15
222,38	1210,35
222,60	1249,26
222,82	1118,19
223,03	1138,67
223,25	1165,29
223,47	1243,12
223,69	1161,20
223,91	1193,97
224,13	1161,20
224,35	1142,77
224,57	1220,59
224,78	1196,01
225,00	1232,88
225,22	1218,54
225,44	1191,92
225,66	1167,34
225,88	1202,16
226,10	1177,58
226,32	1208,30
226,53	1200,11
226,75	1208,30
226,97	1222,64
227,19	1191,92
227,41	1212,40
227,63	1175,53
227,85	1232,88
228,06	1193,97
228,28	1161,20
228,50	1189,87
228,72	1249,26
228,94	1206,25
229,16	1177,58
229,37	1181,68
229,59	1177,58
229,81	1193,97
230,03	1200,11
230,25	1193,97
230,47	1204,21
230,69	1187,82
230,90	1181,68
231,12	1196,01
231,34	1218,54
231,56	1257,45
231,78	1157,10
232,00	1144,81
232,21	1218,54
232,43	1171,44
232,65	1169,39
232,87	1208,30
233,09	1232,88
233,30	1146,86
233,52	1245,16
233,74	1210,35
233,96	1236,97
234,18	1218,54
234,40	1224,69
234,61	1171,44
234,83	1183,73
235,05	1253,36
235,27	1204,21
235,49	1222,64
235,70	1210,35
235,92	1206,25
236,14	1148,91
236,36	1161,20
236,58	1230,83
236,79	1220,59
237,01	1228,78
237,23	1218,54
237,45	1206,25
237,67	1200,11
237,88	1099,76
238,10	1222,64
238,32	1251,31
238,54	1220,59
238,76	1200,11
238,97	1150,96
239,19	1253,36
239,41	1187,82
239,63	1128,43
239,85	1220,59
240,06	1173,49
240,28	1206,25
240,50	1159,15
240,72	1191,92
240,93	1265,64
241,15	1187,82
241,37	1177,58
241,59	1155,05
241,81	1175,53
242,02	1204,21
242,24	1224,69
242,46	1167,34
242,68	1142,77
242,89	1148,91
243,11	1226,73
243,33	1208,30
243,55	1179,63
243,76	1163,25
243,98	1185,77
244,20	1175,53
244,42	1228,78
244,64	1138,67
244,85	1259,50
245,07	1198,06
245,29	1167,34
245,51	1230,83
245,72	1234,93
245,94	1253,36
246,16	1214,45
246,38	1153,01
246,59	1187,82
246,81	1191,92
247,03	1126,38
247,24	1198,06
247,46	1265,64
247,68	1189,87
247,90	1196,01
248,11	1185,77
248,33	1167,34
248,55	1208,30
248,77	1081,33
248,98	1263,60
249,20	1161,20
249,42	1175,53
249,64	1163,25
249,85	1169,39
250,07	1173,49
250,29	1171,44
250,50	1247,21
250,72	1214,45
250,94	1277,93
251,16	1236,97
251,37	1230,83
251,59	1185,77
251,81	1153,01
252,02	1142,77
252,24	1140,72
252,46	1204,21
252,68	1191,92
252,89	1185,77
253,11	1169,39
253,33	1212,40
253,54	1230,83
253,76	1208,30
253,98	1247,21
254,20	1181,68
254,41	1181,68
254,63	1245,16
254,85	1224,69
255,06	1157,10
255,28	1202,16
255,50	1228,78
255,71	1202,16
255,93	1159,15
256,15	1187,82
256,36	1261,55
256,58	1148,91
256,80	1181,68
257,02	1220,59
257,23	1157,10
257,45	1124,33
257,67	1187,82
257,88	1222,64
258,10	1232,88
258,32	1269,74
258,53	1183,73
258,75	1171,44
258,97	1220,59
259,18	1196,01
259,40	1236,97
259,62	1179,63
259,83	1214,45
260,05	1200,11
260,27	1216,49
260,48	1234,93
260,70	1294,32
260,92	1224,69
261,13	1216,49
261,35	1216,49
261,57	1220,59
261,78	1234,93
262,00	1165,29
262,22	1148,91
262,43	1169,39
262,65	1177,58
262,86	1187,82
263,08	1200,11
263,30	1228,78
263,51	1218,54
263,73	1183,73
263,95	1232,88
264,16	1191,92
264,38	1191,92
264,60	1230,83
264,81	1198,06
265,03	1212,40
265,25	1263,60
265,46	1241,07
265,68	1097,71
265,89	1202,16
266,11	1187,82
266,33	1193,97
266,54	1193,97
266,76	1171,44
266,98	1185,77
267,19	1204,21
267,41	1224,69
267,62	1232,88
267,84	1193,97
268,06	1165,29
268,27	1187,82
268,49	1220,59
268,70	1202,16
268,92	1155,05
269,14	1167,34
269,35	1150,96
269,57	1204,21
269,79	1216,49
270,00	1232,88
270,22	1196,01
270,43	1177,58
270,65	1241,07
270,87	1196,01
271,08	1159,15
271,30	1155,05
271,51	1245,16
271,73	1261,55
271,95	1157,10
272,16	1196,01
272,38	1200,11
272,59	1185,77
272,81	1187,82
273,02	1257,45
273,24	1255,40
273,46	1167,34
273,67	1261,55
273,89	1202,16
274,10	1226,73
274,32	1222,64
274,54	1220,59
274,75	1185,77
274,97	1148,91
275,18	1163,25
275,40	1208,30
275,61	1228,78
275,83	1155,05
276,05	1226,73
276,26	1179,63
276,48	1165,29
276,69	1222,64
276,91	1196,01
277,12	1202,16
277,34	1232,88
277,55	1136,62
277,77	1185,77
277,99	1167,34
278,20	1157,10
278,42	1200,11
278,63	1257,45
278,85	1140,72
279,06	1241,07
279,28	1134,57
279,49	1159,15
279,71	1200,11
279,93	1202,16
280,14	1300,46
280,36	1253,36
280,57	1253,36
280,79	1163,25
281,00	1210,35
281,22	1161,20
281,43	1179,63
281,65	1171,44
281,86	1122,29
282,08	1193,97
282,29	1249,26
282,51	1218,54
282,73	1232,88
282,94	1234,93
283,16	1130,48
283,37	1271,79
283,59	1196,01
283,80	1230,83
284,02	1214,45
284,23	1069,04
284,45	1187,82
284,66	1224,69
284,88	1187,82
285,09	1196,01
285,31	1142,77
285,52	1146,86
285,74	1173,49
285,95	1255,40
286,17	1155,05
286,38	1173,49
286,60	1216,49
286,81	1185,77
287,03	1226,73
287,24	1206,25
287,46	1189,87
287,67	1210,35
287,89	1232,88
288,10	1179,63
288,32	1224,69
288,53	1114,10
288,75	1224,69
288,96	1189,87
289,18	1191,92
289,39	1265,64
289,61	1193,97
289,82	1241,07
290,04	1204,21
290,25	1202,16
290,47	1173,49
290,68	1218,54
290,90	1173,49
291,11	1165,29
291,33	1216,49
291,54	1214,45
291,76	1165,29
291,97	1171,44
292,18	1155,05
292,40	1249,26
292,61	1228,78
292,83	1255,40
293,04	1200,11
293,26	1175,53
293,47	1216,49
293,69	1224,69
293,90	1187,82
294,12	1171,44
294,33	1144,81
294,55	1247,21
294,76	1167,34
294,97	1169,39
295,19	1165,29
295,40	1114,10
295,62	1187,82
295,83	1181,68
296,05	1148,91
296,26	1202,16
296,48	1247,21
296,69	1198,06
296,90	1245,16
297,12	1210,35
297,33	1200,11
297,55	1208,30
297,76	1153,01
297,98	1224,69
298,19	1208,30
298,41	1222,64
298,62	1165,29
298,83	1161,20
299,05	1191,92
299,26	1234,93
299,48	1220,59
299,69	1191,92
299,90	1222,64
300,12	1169,39
300,33	1122,29
300,55	1189,87
300,76	1120,24
300,98	1200,11
301,19	1284,08
301,40	1196,01
301,62	1124,33
301,83	1202,16
302,05	1230,83
302,26	1234,93
302,47	1181,68
302,69	1255,40
302,90	1134,57
303,12	1198,06
303,33	1236,97
303,54	1142,77
303,76	1218,54
303,97	1187,82
304,19	1148,91
304,40	1187,82
304,61	1214,45
304,83	1167,34
305,04	1230,83
305,26	1189,87
305,47	1191,92
305,68	1232,88
305,90	1247,21
306,11	1206,25
306,33	1204,21
306,54	1249,26
306,75	1173,49
306,97	1214,45
307,18	1157,10
307,39	1169,39
307,61	1173,49
307,82	1191,92
308,04	1200,11
308,25	1191,92
308,46	1222,64
308,68	1228,78
308,89	1173,49
309,10	1191,92
309,32	1212,40
309,53	1157,10
309,74	1175,53
309,96	1198,06
310,17	1210,35
310,39	1146,86
310,60	1177,58
310,81	1214,45
311,03	1148,91
311,24	1159,15
311,45	1202,16
311,67	1196,01
311,88	1161,20
312,09	1196,01
312,31	1157,10
312,52	1204,21
312,73	1198,06
312,95	1218,54
313,16	1177,58
313,37	1206,25
313,59	1175,53
313,80	1122,29
314,01	1216,49
314,23	1243,12
314,44	1196,01
314,65	1150,96
314,87	1269,74
315,08	1191,92
315,29	1208,30
315,51	1144,81
315,72	1187,82
315,93	1241,07
316,15	1222,64
316,36	1148,91
316,57	1181,68
316,79	1202,16
317,00	1140,72
317,21	1175,53
317,43	1200,11
317,64	1206,25
317,85	1175,53
318,07	1077,23
318,28	1216,49
318,49	1177,58
318,70	1150,96
318,92	1193,97
319,13	1212,40
319,34	1206,25
319,56	1224,69
319,77	1183,73
319,98	1161,20
320,20	1173,49
320,41	1146,86
320,62	1247,21
320,83	1155,05
321,05	1179,63
321,26	1185,77
321,47	1220,59
321,69	1159,15
321,90	1193,97
322,11	1161,20
322,32	1196,01
322,54	1161,20
322,75	1212,40
322,96	1148,91
323,18	1093,62
323,39	1204,21
323,60	1206,25
323,81	1269,74
324,03	1134,57
324,24	1157,10
324,45	1159,15
324,66	1251,31
324,88	1171,44
325,09	1175,53
325,30	1118,19
325,52	1200,11
325,73	1261,55
325,94	1218,54
326,15	1153,01
326,37	1169,39
326,58	1163,25
326,79	1198,06
327,00	1222,64
327,22	1210,35
327,43	1204,21
327,64	1196,01
327,85	1236,97
328,07	1214,45
328,28	1239,02
328,49	1222,64
328,70	1196,01
328,92	1222,64
329,13	1179,63
329,34	1179,63
329,55	1198,06
329,76	1146,86
329,98	1218,54
330,19	1159,15
330,40	1150,96
330,61	1167,34
330,83	1185,77
331,04	1165,29
331,25	1228,78
331,46	1198,06
331,68	1255,40
331,89	1214,45
332,10	1150,96
332,31	1118,19
332,52	1157,10
332,74	1183,73
332,95	1228,78
333,16	1216,49
333,37	1179,63
333,58	1159,15
333,80	1122,29
334,01	1155,05
334,22	1193,97
334,43	1171,44
334,64	1196,01
334,86	1185,77
335,07	1177,58
335,28	1126,38
335,49	1132,53
335,70	1146,86
335,92	1196,01
336,13	1220,59
336,34	1204,21
336,55	1204,21
336,76	1216,49
336,98	1169,39
337,19	1165,29
337,40	1148,91
337,61	1228,78
337,82	1191,92
338,04	1224,69
338,25	1130,48
338,46	1224,69
338,67	1173,49
338,88	1181,68
339,09	1187,82
339,31	1187,82
339,52	1173,49
339,73	1234,93
339,94	1153,01
340,15	1210,35
340,36	1196,01
340,58	1124,33
340,79	1091,57
341,00	1245,16
341,21	1159,15
341,42	1236,97
341,63	1226,73
341,85	1210,35
342,06	1159,15
342,27	1136,62
342,48	1212,40
342,69	1175,53
342,90	1200,11
343,12	1155,05
343,33	1163,25
343,54	1236,97
343,75	1181,68
343,96	1202,16
344,17	1234,93
344,38	1228,78
344,60	1110,00
344,81	1206,25
345,02	1171,44
345,23	1224,69
345,44	1191,92
345,65	1171,44
345,86	1271,79
346,07	1191,92
346,29	1167,34
346,50	1175,53
346,71	1169,39
346,92	1124,33
347,13	1181,68
347,34	1148,91
347,55	1136,62
347,76	1222,64
347,98	1220,59
348,19	1181,68
348,40	1216,49
348,61	1171,44
348,82	1189,87
349,03	1200,11
349,24	1234,93
349,45	1191,92
349,66	1183,73
349,88	1208,30
350,09	1200,11
350,30	1257,45
350,51	1175,53
350,72	1253,36
350,93	1261,55
351,14	1122,29
351,35	1196,01
351,56	1206,25
351,77	1224,69
351,99	1163,25
352,20	1216,49
352,41	1273,84
352,62	1169,39
352,83	1171,44
353,04	1220,59
353,25	1245,16
353,46	1163,25
353,67	1232,88
353,88	1193,97
354,09	1196,01
354,30	1241,07
354,52	1153,01
354,73	1200,11
354,94	1210,35
355,15	1196,01
355,36	1130,48
355,57	1187,82
355,78	1232,88
355,99	1234,93
356,20	1220,59
356,41	1204,21
356,62	1175,53
356,83	1214,45
357,04	1163,25
357,25	1171,44
357,46	1261,55
357,68	1222,64
357,89	1173,49
358,10	1282,03
358,31	1204,21
358,52	1208,30
358,73	1204,21
358,94	1204,21
359,15	1222,64
359,36	1230,83
359,57	1208,30
359,78	1112,05
359,99	1228,78
360,20	1181,68
360,41	1189,87
360,62	1175,53
360,83	1210,35
361,04	1245,16
361,25	1157,10
361,46	1212,40
361,67	1228,78
361,88	1173,49
362,09	1138,67
362,30	1140,72
362,51	1130,48
362,72	1165,29
362,93	1198,06
363,14	1130,48
363,35	1206,25
363,56	1181,68
363,78	1249,26
363,99	1216,49
364,20	1185,77
364,41	1228,78
364,62	1234,93
364,83	1224,69
365,04	1204,21
365,25	1101,81
365,46	1241,07
365,67	1169,39
365,88	1200,11
366,09	1169,39
366,30	1267,69
366,51	1212,40
366,72	1177,58
366,93	1273,84
367,14	1130,48
367,35	1279,98
367,56	1153,01
367,77	1253,36
367,98	1292,27
368,18	1161,20
368,39	1134,57
368,60	1232,88
368,81	1189,87
369,02	1132,53
369,23	1183,73
369,44	1204,21
369,65	1212,40
369,86	1251,31
370,07	1224,69
370,28	1222,64
370,49	1204,21
370,70	1189,87
370,91	1249,26
371,12	1193,97
371,33	1243,12
371,54	1200,11
371,75	1191,92
371,96	1247,21
372,17	1228,78
372,38	1165,29
372,59	1179,63
372,80	1193,97
373,01	1222,64
373,22	1212,40
373,43	1218,54
373,64	1144,81
373,85	1202,16
374,06	1183,73
374,26	1171,44
374,47	1222,64
374,68	1261,55
374,89	1155,05
375,10	1222,64
375,31	1243,12
375,52	1150,96
375,73	1210,35
375,94	1126,38
376,15	1159,15
376,36	1230,83
376,57	1185,77
376,78	1214,45
376,99	1241,07
377,20	1224,69
377,40	1269,74
377,61	1196,01
377,82	1167,34
378,03	1150,96
378,24	1169,39
378,45	1222,64
378,66	1181,68
378,87	1191,92
379,08	1273,84
379,29	1230,83
379,50	1140,72
379,71	1191,92
379,91	1269,74
380,12	1220,59
380,33	1249,26
380,54	1173,49
380,75	1259,50
380,96	1218,54
381,17	1290,22
381,38	1136,62
381,59	1189,87
381,80	1161,20
382,00	1208,30
382,21	1171,44
382,42	1206,25
382,63	1185,77
382,84	1212,40
383,05	1236,97
383,26	1239,02
383,47	1150,96
383,68	1183,73
383,88	1239,02
384,09	1193,97
384,30	1228,78
384,51	1183,73
384,72	1228,78
384,93	1241,07
385,14	1200,11
385,35	1167,34
385,55	1173,49
385,76	1204,21
385,97	1234,93
386,18	1234,93
386,39	1259,50
386,60	1216,49
386,81	1191,92
387,02	1193,97
387,22	1126,38
387,43	1259,50
387,64	1218,54
387,85	1251,31
388,06	1208,30
388,27	1116,14
388,48	1165,29
388,68	1214,45
388,89	1200,11
389,10	1132,53
389,31	1261,55
389,52	1175,53
389,73	1189,87
389,93	1257,45
390,14	1257,45
390,35	1191,92
390,56	1204,21
390,77	1220,59
390,98	1257,45
391,18	1196,01
391,39	1157,10
391,60	1179,63
391,81	1245,16
392,02	1253,36
392,23	1167,34
392,43	1144,81
392,64	1216,49
392,85	1189,87
393,06	1167,34
393,27	1165,29
393,47	1241,07
393,68	1245,16
393,89	1230,83
394,10	1165,29
394,31	1169,39
394,52	1277,93
394,72	1189,87
394,93	1241,07
395,14	1179,63
395,35	1173,49
395,56	1193,97
395,76	1167,34
395,97	1206,25
396,18	1228,78
396,39	1253,36
396,60	1191,92
396,80	1134,57
397,01	1232,88
397,22	1142,77
397,43	1212,40
397,64	1181,68
397,84	1220,59
398,05	1208,30
398,26	1189,87
398,47	1179,63
398,67	1232,88
398,88	1222,64
399,09	1185,77
399,30	1220,59
399,51	1210,35
399,71	1261,55
399,92	1216,49
400,13	1208,30
400,34	1163,25
400,54	1146,86
400,75	1273,84
400,96	1144,81
401,17	1241,07
401,37	1255,40
401,58	1218,54
401,79	1187,82
402,00	1241,07
402,21	1163,25
402,41	1245,16
402,62	1191,92
402,83	1208,30
403,04	1179,63
403,24	1150,96
403,45	1155,05
403,66	1208,30
403,87	1183,73
404,07	1255,40
404,28	1259,50
404,49	1134,57
404,70	1202,16
404,90	1155,05
405,11	1210,35
405,32	1189,87
405,52	1202,16
405,73	1177,58
405,94	1198,06
406,15	1241,07
406,35	1175,53
406,56	1175,53
406,77	1212,40
406,98	1130,48
407,18	1159,15
407,39	1200,11
407,60	1241,07
407,80	1181,68
408,01	1202,16
408,22	1218,54
408,43	1196,01
408,63	1165,29
408,84	1142,77
409,05	1175,53
409,25	1146,86
409,46	1183,73
409,67	1198,06
409,88	1222,64
410,08	1206,25
410,29	1236,97
410,50	1153,01
410,70	1167,34
410,91	1218,54
411,12	1224,69
411,32	1232,88
411,53	1175,53
411,74	1144,81
411,95	1173,49
412,15	1212,40
412,36	1228,78
412,57	1296,36
412,77	1216,49
412,98	1157,10
413,19	1179,63
413,39	1159,15
413,60	1165,29
413,81	1206,25
414,01	1128,43
414,22	1204,21
414,43	1181,68
414,63	1220,59
414,84	1187,82
415,05	1187,82
415,25	1175,53
415,46	1171,44
415,67	1177,58
415,87	1249,26
416,08	1214,45
416,29	1177,58
416,49	1206,25
416,70	1159,15
416,91	1216,49
417,11	1222,64
417,32	1255,40
417,53	1148,91
417,73	1155,05
417,94	1167,34
418,15	1208,30
418,35	1103,86
418,56	1220,59
418,77	1206,25
418,97	1212,40
419,18	1150,96
419,38	1241,07
419,59	1165,29
419,80	1239,02
420,00	1232,88
420,21	1212,40
420,42	1286,12
420,62	1181,68
420,83	1277,93
421,04	1198,06
421,24	1208,30
421,45	1212,40
421,65	1202,16
421,86	1292,27
422,07	1183,73
422,27	1261,55
422,48	1249,26
422,69	1167,34
422,89	1175,53
423,10	1245,16
423,30	1269,74
423,51	1212,40
423,72	1144,81
423,92	1220,59
424,13	1189,87
424,33	1124,33
424,54	1218,54
424,75	1222,64
424,95	1187,82
425,16	1204,21
425,36	1249,26
425,57	1224,69
425,78	1142,77
425,98	1173,49
426,19	1191,92
426,39	1212,40
426,60	1153,01
426,81	1241,07
427,01	1171,44
427,22	1189,87
427,42	1232,88
427,63	1216,49
427,83	1163,25
428,04	1214,45
428,25	1243,12
428,45	1255,40
428,66	1214,45
428,86	1196,01
429,07	1183,73
429,28	1220,59
429,48	1046,51
429,69	1234,93
429,89	1181,68
430,10	1239,02
430,30	1204,21
430,51	1257,45
430,71	1142,77
430,92	1173,49
431,13	1161,20
431,33	1181,68
431,54	1239,02
431,74	1249,26
431,95	1167,34
432,15	1200,11
432,36	1165,29
432,56	1167,34
432,77	1239,02
432,98	1181,68
433,18	1183,73
433,39	1200,11
433,59	1206,25
433,80	1132,53
434,00	1220,59
434,21	1173,49
434,41	1200,11
434,62	1212,40
434,82	1120,24
435,03	1191,92
435,23	1181,68
435,44	1177,58
435,64	1150,96
435,85	1177,58
436,06	1181,68
436,26	1284,08
436,47	1130,48
436,67	1148,91
436,88	1200,11
437,08	1204,21
437,29	1163,25
437,49	1239,02
437,70	1191,92
437,90	1159,15
438,11	1185,77
438,31	1232,88
438,52	1161,20
438,72	1228,78
438,93	1202,16
439,13	1196,01
439,34	1228,78
439,54	1175,53
439,75	1120,24
439,95	1255,40
440,16	1142,77
440,36	1206,25
440,57	1212,40
440,77	1161,20
440,98	1236,97
441,18	1198,06
441,39	1243,12
441,59	1181,68
441,80	1175,53
442,00	1206,25
442,21	1191,92
442,41	1216,49
442,62	1206,25
442,82	1177,58
443,02	1216,49
443,23	1230,83
443,43	1218,54
443,64	1265,64
443,84	1150,96
444,05	1196,01
444,25	1146,86
444,46	1163,25
444,66	1118,19
444,87	1155,05
445,07	1157,10
445,28	1181,68
445,48	1142,77
445,69	1279,98
445,89	1153,01
446,09	1245,16
446,30	1185,77
446,50	1140,72
446,71	1110,00
446,91	1232,88
447,12	1247,21
447,32	1230,83
447,53	1208,30
447,73	1216,49
447,93	1214,45
448,14	1255,40
448,34	1120,24
448,55	1142,77
448,75	1196,01
448,96	1226,73
449,16	1167,34
449,36	1208,30
449,57	1247,21
449,77	1216,49
449,98	1218,54
450,18	1165,29
450,39	1230,83
450,59	1165,29
450,79	1136,62
451,00	1198,06
451,20	1171,44
451,41	1122,29
451,61	1142,77
451,81	1191,92
452,02	1228,78
452,22	1222,64
452,43	1206,25
452,63	1146,86
452,84	1157,10
453,04	1216,49
453,24	1142,77
453,45	1232,88
453,65	1183,73
453,86	1193,97
454,06	1183,73
454,26	1161,20
454,47	1214,45
454,67	1218,54
454,87	1169,39
455,08	1214,45
455,28	1185,77
455,49	1202,16
455,69	1210,35
455,89	1181,68
456,10	1267,69
456,30	1181,68
456,51	1187,82
456,71	1181,68
456,91	1216,49
457,12	1243,12
457,32	1249,26
457,52	1140,72
457,73	1222,64
457,93	1261,55
458,14	1183,73
458,34	1208,30
458,54	1200,11
458,75	1245,16
458,95	1230,83
459,15	1216,49
459,36	1134,57
459,56	1226,73
459,76	1206,25
459,97	1228,78
460,17	1153,01
460,37	1183,73
460,58	1202,16
460,78	1212,40
460,99	1261,55
461,19	1208,30
461,39	1214,45
461,60	1179,63
461,80	1171,44
462,00	1167,34
462,21	1196,01
462,41	1206,25
462,61	1161,20
462,82	1222,64
463,02	1220,59
463,22	1200,11
463,43	1167,34
463,63	1202,16
463,83	1153,01
464,04	1206,25
464,24	1175,53
464,44	1206,25
464,64	1198,06
464,85	1267,69
465,05	1177,58
465,25	1155,05
465,46	1144,81
465,66	1212,40
465,86	1208,30
466,07	1206,25
466,27	1187,82
466,47	1216,49
466,68	1206,25
466,88	1239,02
467,08	1138,67
467,29	1181,68
467,49	1157,10
467,69	1204,21
467,89	1124,33
468,10	1165,29
468,30	1181,68
468,50	1267,69
468,71	1142,77
468,91	1200,11
469,11	1101,81
469,31	1179,63
469,52	1173,49
469,72	1175,53
469,92	1271,79
470,13	1196,01
470,33	1212,40
470,53	1232,88
470,73	1161,20
470,94	1126,38
471,14	1173,49
471,34	1292,27
471,54	1230,83
471,75	1218,54
471,95	1146,86
472,15	1208,30
472,36	1167,34
472,56	1140,72
472,76	1247,21
472,96	1142,77
473,17	1144,81
473,37	1191,92
473,57	1161,20
473,77	1206,25
473,98	1187,82
474,18	1236,97
474,38	1218,54
474,58	1177,58
474,79	1210,35
474,99	1175,53
475,19	1245,16
475,39	1144,81
475,60	1273,84
475,80	1183,73
476,00	1183,73
476,20	1193,97
476,41	1165,29
476,61	1183,73
476,81	1206,25
477,01	1232,88
477,21	1224,69
477,42	1173,49
477,62	1210,35
477,82	1171,44
478,02	1130,48
478,23	1226,73
478,43	1202,16
478,63	1224,69
478,83	1265,64
479,03	1169,39
479,24	1202,16
479,44	1222,64
479,64	1224,69
479,84	1187,82
480,04	1157,10
480,25	1200,11
480,45	1239,02
480,65	1189,87
480,85	1212,40
481,06	1179,63
481,26	1161,20
481,46	1193,97
481,66	1179,63
481,86	1226,73
482,06	1136,62
482,27	1271,79
482,47	1181,68
482,67	1232,88
482,87	1200,11
483,07	1189,87
483,28	1124,33
483,48	1155,05
483,68	1167,34
483,88	1181,68
484,08	1146,86
484,29	1224,69
484,49	1136,62
484,69	1161,20
484,89	1193,97
485,09	1214,45
485,29	1159,15
485,50	1288,17
485,70	1230,83
485,90	1212,40
486,10	1191,92
486,30	1241,07
486,50	1120,24
486,71	1097,71
486,91	1183,73
487,11	1204,21
487,31	1212,40
487,51	1247,21
487,71	1220,59
487,91	1247,21
488,12	1228,78
488,32	1241,07
488,52	1157,10
488,72	1144,81
488,92	1179,63
489,12	1212,40
489,32	1189,87
489,53	1230,83
489,73	1198,06
489,93	1138,67
490,13	1118,19
490,33	1265,64
490,53	1234,93
490,73	1196,01
490,94	1153,01
491,14	1247,21
491,34	1144,81
491,54	1198,06
491,74	1251,31
491,94	1171,44
492,14	1212,40
492,34	1204,21
492,54	1165,29
492,75	1200,11
492,95	1230,83
493,15	1204,21
493,35	1212,40
493,55	1169,39
493,75	1155,05
493,95	1161,20
494,15	1245,16
494,35	1187,82
494,56	1142,77
494,76	1222,64
494,96	1146,86
495,16	1239,02
495,36	1202,16
495,56	1210,35
495,76	1173,49
495,96	1165,29
496,16	1169,39
496,36	1267,69
496,56	1150,96
496,77	1204,21
496,97	1273,84
497,17	1234,93
497,37	1220,59
497,57	1230,83
497,77	1204,21
497,97	1245,16
498,17	1132,53
498,37	1204,21
498,57	1230,83
498,77	1228,78
498,97	1251,31
499,17	1202,16
499,38	1161,20
499,58	1103,86
499,78	1226,73
499,98	1253,36
500,18	1183,73
500,38	1163,25
500,58	1153,01
500,78	1181,68
500,98	1165,29
501,18	1208,30
501,38	1171,44
501,58	1234,93
501,78	1259,50
501,98	1200,11
502,18	1163,25
502,38	1193,97
502,58	1193,97
502,78	1155,05
502,98	1228,78
503,18	1179,63
503,38	1269,74
503,59	1169,39
503,79	1210,35
503,99	1198,06
504,19	1134,57
504,39	1245,16
504,59	1259,50
504,79	1243,12
504,99	1193,97
505,19	1271,79
505,39	1146,86
505,59	1187,82
505,79	1126,38
505,99	1150,96
506,19	1218,54
506,39	1200,11
506,59	1167,34
506,79	1196,01
506,99	1265,64
507,19	1208,30
507,39	1161,20
507,59	1234,93
507,79	1230,83
507,99	1230,83
508,19	1173,49
508,39	1273,84
508,59	1153,01
508,79	1214,45
508,99	1208,30
509,19	1159,15
509,39	1155,05
509,59	1212,40
509,79	1206,25
509,99	1134,57
510,19	1232,88
510,39	1189,87
510,59	1134,57
510,79	1169,39
510,99	1228,78
511,19	1179,63
511,39	1148,91
511,59	1146,86
511,79	1202,16
511,99	1253,36
512,19	1200,11
512,38	1247,21
512,58	1169,39
512,78	1204,21
512,98	1181,68
513,18	1187,82
513,38	1187,82
513,58	1191,92
513,78	1161,20
513,98	1226,73
514,18	1153,01
514,38	1189,87
514,58	1105,90
514,78	1146,86
514,98	1173,49
515,18	1171,44
515,38	1212,40
515,58	1218,54
515,78	1175,53
515,98	1122,29
516,18	1202,16
516,38	1189,87
516,57	1187,82
516,77	1181,68
516,97	1241,07
517,17	1236,97
517,37	1175,53
517,57	1212,40
517,77	1208,30
517,97	1165,29
518,17	1212,40
518,37	1187,82
518,57	1165,29
518,77	1175,53
518,97	1161,20
519,16	1163,25
519,36	1157,10
519,56	1234,93
519,76	1191,92
519,96	1292,27
520,16	1175,53
520,36	1128,43
520,56	1142,77
520,76	1222,64
520,96	1202,16
521,16	1253,36
521,35	1212,40
521,55	1208,30
521,75	1142,77
521,95	1105,90
522,15	1204,21
522,35	1210,35
522,55	1159,15
522,75	1150,96
522,95	1153,01
523,14	1200,11
523,34	1183,73
523,54	1165,29
523,74	1249,26
523,94	1241,07
524,14	1171,44
524,34	1150,96
524,54	1101,81
524,73	1277,93
524,93	1173,49
525,13	1153,01
525,33	1177,58
525,53	1161,20
525,73	1177,58
525,93	1198,06
526,13	1189,87
526,32	1173,49
526,52	1251,31
526,72	1150,96
526,92	1189,87
527,12	1189,87
527,32	1167,34
527,52	1212,40
527,71	1204,21
527,91	1191,92
528,11	1132,53
528,31	1224,69
528,51	1181,68
528,71	1218,54
528,90	1243,12
529,10	1196,01
529,30	1224,69
529,50	1093,62
529,70	1167,34
529,90	1191,92
530,09	1161,20
530,29	1214,45
530,49	1175,53
530,69	1191,92
530,89	1161,20
531,09	1183,73
531,28	1230,83
531,48	1146,86
531,68	1171,44
531,88	1232,88
532,08	1126,38
532,28	1177,58
532,47	1257,45
532,67	1181,68
532,87	1222,64
533,07	1169,39
533,27	1218,54
533,46	1169,39
533,66	1189,87
533,86	1136,62
534,06	1181,68
534,26	1204,21
534,45	1241,07
534,65	1191,92
534,85	1181,68
535,05	1198,06
535,25	1167,34
535,44	1198,06
535,64	1161,20
535,84	1204,21
536,04	1159,15
536,24	1191,92
536,43	1198,06
536,63	1206,25
536,83	1185,77
537,03	1200,11
537,22	1214,45
537,42	1114,10
537,62	1187,82
537,82	1230,83
538,02	1216,49
538,21	1294,32
538,41	1216,49
538,61	1073,14
538,81	1171,44
539,00	1191,92
539,20	1251,31
539,40	1175,53
539,60	1105,90
539,79	1236,97
539,99	1144,81
540,19	1198,06
540,39	1220,59
540,58	1236,97
540,78	1220,59
540,98	1206,25
541,18	1232,88
541,37	1265,64
541,57	1216,49
541,77	1173,49
541,97	1105,90
542,16	1157,10
542,36	1191,92
542,56	1245,16
542,76	1257,45
542,95	1179,63
543,15	1175,53
543,35	1148,91
543,54	1159,15
543,74	1181,68
543,94	1173,49
544,14	1212,40
544,33	1142,77
544,53	1189,87
544,73	1185,77
544,93	1181,68
545,12	1185,77
545,32	1198,06
545,52	1116,14
545,71	1124,33
545,91	1220,59
546,11	1208,30
546,30	1146,86
546,50	1257,45
546,70	1206,25
546,90	1179,63
547,09	1204,21
547,29	1236,97
547,49	1179,63
547,68	1224,69
547,88	1183,73
548,08	1214,45
548,27	1228,78
548,47	1220,59
548,67	1159,15
548,87	1161,20
549,06	1181,68
549,26	1179,63
549,46	1208,30
549,65	1171,44
549,85	1236,97
550,05	1196,01
550,24	1179,63
550,44	1202,16
550,64	1181,68
550,83	1255,40
551,03	1222,64
551,23	1220,59
551,42	1146,86
551,62	1212,40
551,82	1183,73
552,01	1157,10
552,21	1247,21
552,41	1234,93
552,60	1212,40
552,80	1241,07
553,00	1247,21
553,19	1173,49
553,39	1198,06
553,59	1277,93
553,78	1200,11
553,98	1220,59
554,17	1150,96
554,37	1226,73
554,57	1189,87
554,76	1181,68
554,96	1146,86
555,16	1241,07
555,35	1218,54
555,55	1187,82
555,75	1140,72
555,94	1234,93
556,14	1208,30
556,33	1230,83
556,53	1261,55
556,73	1216,49
556,92	1210,35
557,12	1183,73
557,32	1224,69
557,51	1134,57
557,71	1189,87
557,90	1279,98
558,10	1210,35
558,30	1110,00
558,49	1247,21
558,69	1140,72
558,88	1216,49
559,08	1167,34
559,28	1232,88
559,47	1204,21
559,67	1218,54
559,86	1196,01
560,06	1134,57
560,26	1193,97
560,45	1210,35
560,65	1167,34
560,84	1236,97
561,04	1224,69
561,24	1175,53
561,43	1239,02
561,63	1261,55
561,82	1171,44
562,02	1142,77
562,22	1216,49
562,41	1224,69
562,61	1132,53
562,80	1185,77
563,00	1193,97
563,19	1216,49
563,39	1193,97
563,59	1236,97
563,78	1185,77
563,98	1236,97
564,17	1173,49
564,37	1218,54
564,56	1173,49
564,76	1196,01
564,96	1177,58
565,15	1185,77
565,35	1163,25
565,54	1169,39
565,74	1173,49
565,93	1175,53
566,13	1263,60
566,32	1157,10
566,52	1142,77
566,71	1210,35
566,91	1193,97
567,11	1204,21
567,30	1175,53
567,50	1181,68
567,69	1228,78
567,89	1169,39
568,08	1239,02
568,28	1218,54
568,47	1208,30
568,67	1126,38
568,86	1148,91
569,06	1239,02
569,25	1161,20
569,45	1206,25
569,64	1179,63
569,84	1222,64
570,04	1224,69
570,23	1236,97
570,43	1175,53
570,62	1202,16
570,82	1224,69
571,01	1271,79
571,21	1247,21
571,40	1122,29
571,60	1224,69
571,79	1189,87
571,99	1220,59
572,18	1241,07
572,38	1177,58
572,57	1218,54
572,77	1097,71
572,96	1204,21
573,16	1232,88
573,35	1245,16
573,55	1169,39
573,74	1263,60
573,94	1220,59
574,13	1179,63
574,33	1200,11
574,52	1165,29
574,71	1153,01
574,91	1224,69
575,10	1196,01
575,30	1181,68
575,49	1185,77
575,69	1146,86
575,88	1241,07
576,08	1212,40
576,27	1159,15
576,47	1142,77
576,66	1155,05
576,86	1222,64
577,05	1206,25
577,25	1228,78
577,44	1216,49
577,64	1185,77
577,83	1089,52
578,02	1251,31
578,22	1232,88
578,41	1236,97
578,61	1179,63
578,80	1193,97
579,00	1155,05
579,19	1155,05
579,39	1224,69
579,58	1212,40
579,77	1161,20
579,97	1191,92
580,16	1198,06
580,36	1126,38
580,55	1161,20
580,75	1208,30
580,94	1165,29
581,13	1189,87
581,33	1167,34
581,52	1183,73
581,72	1241,07
581,91	1245,16
582,11	1230,83
582,30	1122,29
582,49	1288,17
582,69	1179,63
582,88	1204,21
583,08	1155,05
583,27	1196,01
583,47	1163,25
583,66	1253,36
583,85	1163,25
584,05	1286,12
584,24	1187,82
584,44	1226,73
584,63	1171,44
584,82	1171,44
585,02	1193,97
585,21	1124,33
585,41	1251,31
585,60	1236,97
585,79	1216,49
585,99	1189,87
586,18	1269,74
586,37	1212,40
586,57	1130,48
586,76	1202,16
586,96	1187,82
587,15	1310,70
587,34	1208,30
587,54	1216,49
587,73	1122,29
587,93	1161,20
588,12	1181,68
588,31	1226,73
588,51	1232,88
588,70	1224,69
588,89	1243,12
589,09	1220,59
589,28	1191,92
589,47	1191,92
589,67	1169,39
589,86	1140,72
590,06	1241,07
590,25	1273,84
590,44	1175,53
590,64	1163,25
590,83	1110,00
591,02	1161,20
591,22	1216,49
591,41	1200,11
591,60	1134,57
591,80	1257,45
591,99	1224,69
592,18	1185,77
592,38	1193,97
592,57	1128,43
592,76	1220,59
592,96	1271,79
593,15	1179,63
593,34	1167,34
593,54	1232,88
593,73	1200,11
593,92	1222,64
594,12	1142,77
594,31	1179,63
594,50	1171,44
594,70	1224,69
594,89	1208,30
595,08	1214,45
595,28	1216,49
595,47	1202,16
595,66	1216,49
595,86	1202,16
596,05	1181,68
596,24	1216,49
596,43	1208,30
596,63	1261,55
596,82	1171,44
597,01	1187,82
597,21	1216,49
597,40	1185,77
597,59	1241,07
597,79	1208,30
597,98	1200,11
598,17	1185,77
598,36	1239,02
598,56	1196,01
598,75	1228,78
598,94	1277,93
599,14	1327,08
599,33	1208,30
599,52	1189,87
599,71	1146,86
599,91	1177,58
600,10	1167,34
600,29	1210,35
600,48	1140,72
600,68	1179,63
600,87	1105,90
601,06	1224,69
601,26	1222,64
601,45	1216,49
601,64	1128,43
601,83	1198,06
602,03	1241,07
602,22	1230,83
602,41	1247,21
602,60	1224,69
602,80	1134,57
602,99	1314,80
603,18	1196,01
603,37	1146,86
603,57	1292,27
603,76	1200,11
603,95	1177,58
604,14	1243,12
604,34	1198,06
604,53	1167,34
604,72	1212,40
604,91	1179,63
605,10	1177,58
605,30	1230,83
605,49	1179,63
605,68	1193,97
605,87	1191,92
606,07	1214,45
606,26	1202,16
606,45	1167,34
606,64	1212,40
606,84	1247,21
607,03	1206,25
607,22	1255,40
607,41	1249,26
607,60	1216,49
607,80	1196,01
607,99	1185,77
608,18	1167,34
608,37	1163,25
608,56	1255,40
608,76	1222,64
608,95	1196,01
609,14	1204,21
609,33	1181,68
609,52	1206,25
609,72	1247,21
609,91	1148,91
610,10	1230,83
610,29	1181,68
610,48	1140,72
610,68	1239,02
610,87	1198,06
611,06	1212,40
611,25	1265,64
611,44	1083,38
611,63	1220,59
611,83	1224,69
612,02	1142,77
612,21	1257,45
612,40	1198,06
612,59	1210,35
612,79	1200,11
612,98	1165,29
613,17	1224,69
613,36	1196,01
613,55	1189,87
613,74	1200,11
613,93	1146,86
614,13	1183,73
614,32	1191,92
614,51	1175,53
614,70	1216,49
614,89	1134,57
615,08	1208,30
615,28	1236,97
615,47	1245,16
615,66	1128,43
615,85	1226,73
616,04	1208,30
616,23	1107,95
616,42	1200,11
616,62	1173,49
616,81	1214,45
617,00	1142,77
617,19	1183,73
617,38	1173,49
617,57	1103,86
617,76	1230,83
617,95	1175,53
618,15	1210,35
618,34	1167,34
618,53	1198,06
618,72	1251,31
618,91	1210,35
619,10	1249,26
619,29	1101,81
619,48	1261,55
619,68	1212,40
619,87	1163,25
620,06	1204,21
620,25	1159,15
620,44	1220,59
620,63	1193,97
620,82	1208,30
621,01	1150,96
621,20	1165,29
621,39	1185,77
621,59	1206,25
621,78	1193,97
621,97	1173,49
622,16	1216,49
622,35	1261,55
622,54	1161,20
622,73	1193,97
622,92	1144,81
623,11	1159,15
623,30	1198,06
623,49	1234,93
623,68	1120,24
623,88	1144,81
624,07	1239,02
624,26	1148,91
624,45	1189,87
624,64	1196,01
624,83	1187,82
625,02	1212,40
625,21	1202,16
625,40	1218,54
625,59	1226,73
625,78	1200,11
625,97	1196,01
626,16	1269,74
626,35	1255,40
626,54	1120,24
626,74	1208,30
626,93	1134,57
627,12	1187,82
627,31	1228,78
627,50	1159,15
627,69	1249,26
627,88	1212,40
628,07	1204,21
628,26	1204,21
628,45	1187,82
628,64	1126,38
628,83	1191,92
629,02	1148,91
629,21	1179,63
629,40	1202,16
629,59	1187,82
629,78	1261,55
629,97	1222,64
630,16	1191,92
630,35	1200,11
630,54	1200,11
630,73	1230,83
630,92	1212,40
631,11	1165,29
631,30	1214,45
631,49	1318,89
631,68	1449,96
631,87	2465,75
632,06	8128,39
632,25	17477,37
632,44	21536,44
632,63	27715,16
632,82	14974,75
633,01	8599,42
633,20	4016,07
633,39	2191,33
633,58	1703,91
633,77	1753,06
633,96	1626,09
634,15	1443,82
634,34	1366,00
634,53	1409,00
634,72	1359,85
634,91	1333,23
635,10	1308,65
635,29	1322,99
635,48	1247,21
635,67	1161,20
635,86	1204,21
636,05	1228,78
636,24	1253,36
636,43	1210,35
636,62	1257,45
636,81	1118,19
637,00	1107,95
637,19	1173,49
637,38	1239,02
637,57	1208,30
637,76	1273,84
637,95	1191,92
638,14	1132,53
638,33	1239,02
638,52	1220,59
638,71	1173,49
638,89	1189,87
639,08	1218,54
639,27	1214,45
639,46	1122,29
639,65	1140,72
639,84	1226,73
640,03	1181,68
640,22	1267,69
640,41	1214,45
640,60	1226,73
640,79	1234,93
640,98	1269,74
641,17	1212,40
641,36	1150,96
641,55	1171,44
641,74	1251,31
641,92	1232,88
642,11	1173,49
642,30	1216,49
642,49	1216,49
642,68	1228,78
642,87	1173,49
643,06	1138,67
643,25	1218,54
643,44	1224,69
643,63	1193,97
643,82	1222,64
644,00	1189,87
644,19	1249,26
644,38	1208,30
644,57	1257,45
644,76	1140,72
644,95	1153,01
645,14	1134,57
645,33	1177,58
645,52	1118,19
645,71	1183,73
645,89	1146,86
646,08	1128,43
646,27	1146,86
646,46	1241,07
646,65	1171,44
646,84	1204,21
647,03	1257,45
647,22	1245,16
647,40	1173,49
647,59	1183,73
647,78	1208,30
647,97	1187,82
648,16	1157,10
648,35	1177,58
648,54	1232,88
648,73	1200,11
648,91	1179,63
649,10	1208,30
649,29	1124,33
649,48	1196,01
649,67	1179,63
649,86	1140,72
650,05	1148,91
650,23	1134,57
650,42	1236,97
650,61	1243,12
650,80	1236,97
650,99	1224,69
651,18	1212,40
651,36	1177,58
651,55	1216,49
651,74	1183,73
651,93	1136,62
652,12	1214,45
652,31	1234,93
652,49	1232,88
652,68	1126,38
652,87	1216,49
653,06	1259,50
653,25	1157,10
653,44	1202,16
653,62	1169,39
653,81	1171,44
654,00	1193,97
654,19	1239,02
654,38	1249,26
654,56	1208,30
654,75	1187,82
654,94	1177,58
655,13	1183,73
655,32	1189,87
655,51	1206,25
655,69	1173,49
655,88	1269,74
656,07	1159,15
656,26	1282,03
656,45	1157,10
656,63	1212,40
656,82	1130,48
657,01	1157,10
657,20	1159,15
657,38	1198,06
657,57	1126,38
657,76	1187,82
657,95	1241,07
658,14	1183,73
658,32	1208,30
658,51	1181,68
658,70	1087,47
658,89	1148,91
659,08	1222,64
659,26	1208,30
659,45	1101,81
659,64	1216,49
659,83	1185,77
660,01	1224,69
660,20	1198,06
660,39	1226,73
660,58	1179,63
660,76	1234,93
660,95	1163,25
661,14	1183,73
661,33	1214,45
661,51	1185,77
661,70	1204,21
661,89	1193,97
662,08	1245,16
662,26	1204,21
662,45	1220,59
662,64	1142,77
662,83	1193,97
663,01	1214,45
663,20	1167,34
663,39	1202,16
663,58	1214,45
663,76	1173,49
663,95	1193,97
664,14	1134,57
664,32	1171,44
664,51	1150,96
664,70	1206,25
664,89	1206,25
665,07	1148,91
665,26	1136,62
665,45	1202,16
665,64	1204,21
665,82	1157,10
666,01	1134,57
666,20	1189,87
666,38	1187,82
666,57	1212,40
666,76	1183,73
666,95	1179,63
667,13	1230,83
667,32	1200,11
667,51	1191,92
667,69	1220,59
667,88	1136,62
668,07	1150,96
668,25	1142,77
668,44	1153,01
668,63	1189,87
668,81	1142,77
669,00	1191,92
669,19	1208,30
669,38	1179,63
669,56	1206,25
669,75	1144,81
669,94	1132,53
670,12	1222,64
670,31	1292,27
670,50	1181,68
670,68	1187,82
670,87	1216,49
671,06	1191,92
671,24	1142,77
671,43	1187,82
671,62	1191,92
671,80	1329,13
671,99	1210,35
672,18	1204,21
672,36	1189,87
672,55	1224,69
672,74	1253,36
672,92	1183,73
673,11	1169,39
673,29	1290,22
673,48	1153,01
673,67	1009,65
673,85	1196,01
674,04	1165,29
674,23	1120,24
674,41	1208,30
674,60	1224,69
674,79	1224,69
674,97	1169,39
675,16	1255,40
675,34	1181,68
675,53	1245,16
675,72	1241,07
675,90	1193,97
676,09	1224,69
676,28	1206,25
676,46	1191,92
676,65	1210,35
676,83	1214,45
677,02	1253,36
677,21	1216,49
677,39	1179,63
677,58	1202,16
677,77	1193,97
677,95	1177,58
678,14	1224,69
678,32	1247,21
678,51	1124,33
678,70	1259,50
678,88	1224,69
679,07	1165,29
679,25	1153,01
679,44	1157,10
679,63	1165,29
679,81	1253,36
680,00	1155,05
680,18	1198,06
680,37	1187,82
680,55	1187,82
680,74	1191,92
680,93	1150,96
681,11	1224,69
681,30	1150,96
681,48	1198,06
681,67	1220,59
681,85	1210,35
682,04	1290,22
682,23	1200,11
682,41	1214,45
682,60	1173,49
682,78	1198,06
682,97	1206,25
683,15	1257,45
683,34	1175,53
683,53	1157,10
683,71	1181,68
683,90	1245,16
684,08	1220,59
684,27	1236,97
684,45	1265,64
684,64	1206,25
684,82	1218,54
685,01	1259,50
685,19	1196,01
685,38	1230,83
685,57	1196,01
685,75	1232,88
685,94	1140,72
686,12	1185,77
686,31	1138,67
686,49	1218,54
686,68	1218,54
686,86	1165,29
687,05	1169,39
687,23	1271,79
687,42	1134,57
687,60	1169,39
687,79	1159,15
687,97	1144,81
688,16	1308,65
688,34	1146,86
688,53	1140,72
688,71	1165,29
688,90	1185,77
689,08	1167,34
689,27	1161,20
689,45	1183,73
689,64	1200,11
689,82	1196,01
690,01	1175,53
690,19	1167,34
690,38	1224,69
690,56	1232,88
690,75	1212,40
690,93	1175,53
691,12	1103,86
691,30	1191,92
691,49	1091,57
691,67	1189,87
691,86	1228,78
692,04	1132,53
692,23	1259,50
692,41	1110,00
692,60	1146,86
692,78	1214,45
692,97	1161,20
693,15	1257,45
693,34	1257,45
693,52	1206,25
693,71	1259,50
693,89	1214,45
694,08	1212,40
694,26	1161,20
694,44	1257,45
694,63	1144,81
694,81	1198,06
695,00	1224,69
695,18	1196,01
695,37	1255,40
695,55	1202,16
695,74	1210,35
695,92	1126,38
696,10	1202,16
696,29	1193,97
696,47	1163,25
696,66	1120,24
696,84	1183,73
697,03	1189,87
697,21	1179,63
697,40	1220,59
697,58	1200,11
697,76	1196,01
697,95	1196,01
698,13	1138,67
698,32	1232,88
698,50	1226,73
698,68	1148,91
698,87	1159,15
699,05	1202,16
699,24	1191,92
699,42	1204,21
699,61	1159,15
699,79	1187,82
699,97	1173,49
700,16	1249,26
700,34	1159,15
700,53	1142,77
700,71	1179,63
700,89	1181,68
701,08	1191,92
701,26	1196,01
701,45	1251,31
701,63	1155,05
701,81	1120,24
702,00	1163,25
702,18	1179,63
702,37	1183,73
702,55	1183,73
702,73	1212,40
702,92	1124,33
703,10	1198,06
703,28	1214,45
703,47	1173,49
703,65	1255,40
703,84	1228,78
704,02	1202,16
704,20	1193,97
704,39	1179,63
704,57	1228,78
704,75	1191,92
704,94	1159,15
705,12	1171,44
705,30	1183,73
705,49	1183,73
705,67	1208,30
705,86	1146,86
706,04	1175,53
706,22	1107,95
706,41	1200,11
706,59	1236,97
706,77	1200,11
706,96	1183,73
707,14	1224,69
707,32	1153,01
707,51	1212,40
707,69	1239,02
707,87	1193,97
708,06	1136,62
708,24	1183,73
708,42	1212,40
708,61	1155,05
708,79	1196,01
708,97	1191,92
709,16	1146,86
709,34	1200,11
709,52	1200,11
709,71	1153,01
709,89	1277,93
710,07	1255,40
710,26	1214,45
710,44	1181,68
710,62	1185,77
710,80	1200,11
710,99	1230,83
711,17	1222,64
711,35	1177,58
711,54	1230,83
711,72	1138,67
711,90	1189,87
712,09	1177,58
712,27	1224,69
712,45	1171,44
712,63	1134,57
712,82	1126,38
713,00	1216,49
713,18	1183,73
713,37	1273,84
713,55	1210,35
713,73	1169,39
713,91	1167,34
714,10	1298,41
714,28	1157,10
714,46	1144,81
714,65	1200,11
714,83	1212,40
715,01	1247,21
715,19	1181,68
715,38	1224,69
715,56	1189,87
715,74	1257,45
715,92	1165,29
716,11	1202,16
716,29	1208,30
716,47	1181,68
716,65	1261,55
716,84	1214,45
717,02	1173,49
717,20	1153,01
717,38	1216,49
717,57	1210,35
717,75	1269,74
717,93	1204,21
718,11	1157,10
718,30	1155,05
718,48	1216,49
718,66	1251,31
718,84	1175,53
719,03	1161,20
719,21	1247,21
719,39	1157,10
719,57	1183,73
719,75	1230,83
719,94	1161,20
720,12	1189,87
720,30	1200,11
720,48	1183,73
720,67	1208,30
720,85	1196,01
721,03	1228,78
721,21	1153,01
721,39	1167,34
721,58	1128,43
721,76	1185,77
721,94	1181,68
722,12	1265,64
722,30	1132,53
722,49	1183,73
722,67	1173,49
722,85	1204,21
723,03	1255,40
723,21	1183,73
723,40	1245,16
723,58	1216,49
723,76	1155,05
723,94	1224,69
724,12	1200,11
724,30	1189,87
724,49	1189,87
724,67	1171,44
724,85	1204,21
725,03	1249,26
725,21	1134,57
725,40	1200,11
725,58	1236,97
725,76	1200,11
725,94	1220,59
726,12	1169,39
726,30	1189,87
726,49	1206,25
726,67	1218,54
726,85	1175,53
727,03	1214,45
727,21	1200,11
727,39	1159,15
727,57	1150,96
727,76	1196,01
727,94	1150,96
728,12	1142,77
728,30	1224,69
728,48	1189,87
728,66	1193,97
728,84	1155,05
729,03	1196,01
729,21	1216,49
729,39	1153,01
729,57	1212,40
729,75	1265,64
729,93	1210,35
730,11	1228,78
730,30	1298,41
730,48	1155,05
730,66	1208,30
730,84	1224,69
731,02	1220,59
731,20	1218,54
731,38	1218,54
731,56	1150,96
731,74	1204,21
731,93	1193,97
732,11	1239,02
732,29	1146,86
732,47	1198,06
732,65	1157,10
732,83	1175,53
733,01	1214,45
733,19	1196,01
733,37	1159,15
733,56	1196,01
733,74	1239,02
733,92	1232,88
734,10	1220,59
734,28	1243,12
734,46	1110,00
734,64	1193,97
734,82	1150,96
735,00	1220,59
735,18	1167,34
735,36	1122,29
735,54	1290,22
735,73	1210,35
735,91	1183,73
736,09	1122,29
736,27	1220,59
736,45	1218,54
736,63	1222,64
736,81	1136,62
736,99	1142,77
737,17	1171,44
737,35	1228,78
737,53	1232,88
737,71	1206,25
737,89	1206,25
738,07	1181,68
738,25	1171,44
738,43	1228,78
738,61	1224,69
738,80	1171,44
738,98	1193,97
739,16	1161,20
739,34	1243,12
739,52	1212,40
739,70	1206,25
739,88	1212,40
740,06	1204,21
740,24	1282,03
740,42	1193,97
740,60	1257,45
740,78	1241,07
740,96	1247,21
741,14	1165,29
741,32	1167,34
741,50	1263,60
741,68	1171,44
741,86	1247,21
742,04	1204,21
742,22	1138,67
742,40	1251,31
742,58	1210,35
742,76	1193,97
742,94	1232,88
743,12	1187,82
743,30	1150,96
743,48	1222,64
743,66	1107,95
743,84	1241,07
744,02	1165,29
744,20	1198,06
744,38	1204,21
744,56	1181,68
744,74	1167,34
744,92	1214,45
745,10	1224,69
745,28	1243,12
745,46	1157,10
745,64	1163,25
745,82	1228,78
746,00	1204,21
746,18	1161,20
746,36	1196,01
746,54	1187,82
746,72	1228,78
746,90	1181,68
747,08	1198,06
747,26	1191,92
747,44	1118,19
747,62	1159,15
747,80	1247,21
747,98	1277,93
748,15	1224,69
748,33	1175,53
748,51	1191,92
748,69	1144,81
748,87	1148,91
749,05	1224,69
749,23	1175,53
749,41	1214,45
749,59	1210,35
749,77	1181,68
749,95	1155,05
750,13	1200,11
750,31	1212,40
750,49	1161,20
750,67	1263,60
750,85	1179,63
751,03	1251,31
751,20	1157,10
751,38	1120,24
751,56	1136,62
751,74	1224,69
751,92	1245,16
752,10	1132,53
752,28	1187,82
752,46	1271,79
752,64	1202,16
752,82	1161,20
753,00	1148,91
753,18	1200,11
753,35	1183,73
753,53	1200,11
753,71	1193,97
753,89	1167,34
754,07	1171,44
754,25	1216,49
754,43	1150,96
754,61	1148,91
754,79	1206,25
754,97	1189,87
755,14	1116,14
755,32	1206,25
755,50	1187,82
755,68	1191,92
755,86	1167,34
756,04	1208,30
756,22	1159,15
756,40	1216,49
756,57	1220,59
756,75	1126,38
756,93	1153,01
757,11	1218,54
757,29	1191,92
757,47	1189,87
757,65	1169,39
757,82	1146,86
758,00	1191,92
758,18	1196,01
758,36	1220,59
758,54	1265,64
758,72	1179,63
758,90	1224,69
759,07	1146,86
759,25	1220,59
759,43	1142,77
759,61	1224,69
759,79	1271,79
759,97	1310,70
760,15	1142,77
760,32	1169,39
760,50	1189,87
760,68	1245,16
760,86	1177,58
761,04	1243,12
761,22	1212,40
761,39	1171,44
761,57	1183,73
761,75	1132,53
761,93	1222,64
762,11	1232,88
762,28	1193,97
762,46	1226,73
762,64	1204,21
762,82	1183,73
763,00	1191,92
763,18	1163,25
763,35	1206,25
763,53	1269,74
763,71	1101,81
763,89	1159,15
764,07	1185,77
764,24	1169,39
764,42	1249,26
764,60	1198,06
764,78	1183,73
764,96	1193,97
765,13	1241,07
765,31	1183,73
765,49	1187,82
765,67	1218,54
765,84	1206,25
766,02	1097,71
766,20	1177,58
766,38	1181,68
766,56	1157,10
766,73	1155,05
766,91	1155,05
767,09	1196,01
767,27	1169,39
767,44	1236,97
767,62	1173,49
767,80	1251,31
767,98	1177,58
768,15	1148,91
768,33	1216,49
768,51	1148,91
768,69	1193,97
768,87	1222,64
769,04	1245,16
769,22	1208,30
769,40	1171,44
769,58	1198,06
769,75	1245,16
769,93	1173,49
770,11	1140,72
770,28	1169,39
770,46	1198,06
770,64	1110,00
770,82	1198,06
770,99	1181,68
771,17	1193,97
771,35	1212,40
771,53	1179,63
771,70	1253,36
771,88	1136,62
772,06	1204,21
772,23	1214,45
772,41	1218,54
772,59	1245,16
772,77	1232,88
772,94	1198,06
773,12	1181,68
773,30	1167,34
773,47	1196,01
773,65	1204,21
773,83	1093,62
774,01	1208,30
774,18	1202,16
774,36	1228,78
774,54	1144,81
774,71	1222,64
774,89	1206,25
775,07	1171,44
775,24	1230,83
775,42	1142,77
775,60	1189,87
775,78	1118,19
775,95	1185,77
776,13	1198,06
776,31	1198,06
776,48	1198,06
776,66	1155,05
776,84	1183,73
777,01	1214,45
777,19	1216,49
777,37	1191,92
777,54	1191,92
777,72	1185,77
777,90	1208,30
778,07	1198,06
778,25	1208,30
778,43	1136,62
778,60	1167,34
778,78	1191,92
778,96	1157,10
779,13	1222,64
779,31	1191,92
779,49	1175,53
779,66	1216,49
779,84	1179,63
780,01	1161,20
780,19	1171,44
780,37	1208,30
780,54	1210,35
780,72	1189,87
780,90	1150,96
781,07	1202,16
781,25	1277,93
781,43	1214,45
781,60	1157,10
781,78	1224,69
781,95	1226,73
782,13	1196,01
782,31	1136,62
782,48	1183,73
782,66	1214,45
782,83	1177,58
783,01	1236,97
783,19	1202,16
783,36	1196,01
783,54	1173,49
783,72	1253,36
783,89	1230,83
784,07	1161,20
784,24	1173,49
784,42	1177,58
784,60	1210,35
784,77	1226,73
784,95	1142,77
785,12	1198,06
785,30	1222,64
785,47	1232,88
785,65	1120,24
785,83	1241,07
786,00	1167,34
786,18	1253,36
786,35	1255,40
786,53	1218,54
786,71	1204,21
786,88	1243,12
787,06	1206,25
787,23	1142,77
787,41	1181,68
787,58	1198,06
787,76	1193,97
787,94	1226,73
788,11	1163,25
788,29	1185,77
788,46	1236,97
788,64	1189,87
788,81	1212,40
788,99	1167,34
789,16	1142,77
789,34	1265,64
789,52	1173,49
789,69	1206,25
789,87	1185,77
790,04	1230,83
790,22	1126,38
790,39	1216,49
790,57	1128,43
790,74	1206,25
790,92	1196,01
791,09	1183,73
791,27	1232,88
791,44	1183,73
791,62	1204,21
791,79	1214,45
791,97	1265,64
792,15	1277,93
792,32	1204,21
792,50	1222,64
792,67	1214,45
792,85	1189,87
793,02	1124,33
793,20	1196,01
793,37	1224,69
793,55	1171,44
793,72	1181,68
793,90	1208,30
794,07	1155,05
794,25	1241,07
794,42	1159,15
794,60	1157,10
794,77	1189,87
794,95	1234,93
795,12	1193,97
795,30	1212,40
795,47	1179,63
795,65	1220,59
795,82	1185,77
796,00	1206,25
796,17	1216,49
796,34	1191,92
796,52	1087,47
796,69	1206,25
796,87	1187,82
797,04	1196,01
797,22	1153,01
797,39	1222,64
797,57	1163,25
797,74	1271,79
797,92	1241,07
798,09	1249,26
798,27	1200,11
798,44	1290,22
798,62	1216,49
798,79	1189,87
798,96	1210,35
799,14	1259,50
799,31	1183,73
799,49	1236,97
799,66	1212,40
799,84	1153,01
800,01	1210,35
800,19	1134,57
800,36	1159,15
800,53	1220,59
800,71	1224,69
800,88	1220,59
801,06	1191,92
801,23	1224,69
801,41	1138,67
801,58	1118,19
801,75	1185,77
801,93	1230,83
802,10	1191,92
802,28	1140,72
802,45	1136,62
802,63	1171,44
802,80	1103,86
802,97	1175,53
803,15	1241,07
803,32	1142,77
803,50	1179,63
803,67	1230,83
803,84	1173,49
804,02	1208,30
804,19	1167,34
804,37	1259,50
804,54	1200,11
804,71	1273,84
804,89	1202,16
805,06	1224,69
805,24	1232,88
805,41	1241,07
805,58	1220,59
805,76	1249,26
805,93	1204,21
806,10	1216,49
806,28	1153,01
806,45	1228,78
806,63	1206,25
806,80	1212,40
806,97	1208,30
807,15	1150,96
807,32	1230,83
807,49	1157,10
807,67	1208,30
807,84	1243,12
808,01	1245,16
808,19	1222,64
808,36	1216,49
808,54	1206,25
808,71	1200,11
808,88	1200,11
809,06	1206,25
809,23	1196,01
809,40	1159,15
809,58	1200,11
809,75	1196,01
809,92	1245,16
810,10	1198,06
810,27	1200,11
810,44	1204,21
810,62	1212,40
810,79	1150,96
810,96	1183,73
811,14	1169,39
811,31	1183,73
811,48	1087,47
811,66	1153,01
811,83	1191,92
812,00	1191,92
812,18	1204,21
812,35	1257,45
812,52	1161,20
812,69	1124,33
812,87	1179,63
813,04	1161,20
813,21	1183,73
813,39	1216,49
813,56	1177,58
813,73	1222,64
813,91	1171,44
814,08	1234,93
814,25	1198,06
814,42	1218,54
814,60	1140,72
814,77	1220,59
814,94	1212,40
815,12	1208,30
815,29	1214,45
815,46	1134,57
815,63	1200,11
815,81	1167,34
815,98	1236,97
816,15	1208,30
816,33	1230,83
816,50	1150,96
816,67	1187,82
816,84	1196,01
817,02	1181,68
817,19	1177,58
817,36	1175,53
817,53	1196,01
817,71	1206,25
817,88	1148,91
818,05	1204,21
818,22	1163,25
818,40	1216,49
818,57	1189,87
818,74	1128,43
818,91	1228,78
819,09	1253,36
819,26	1183,73
819,43	1202,16
819,60	1159,15
819,78	1155,05
819,95	1253,36
820,12	1228,78
820,29	1247,21
820,47	1146,86
820,64	1208,30
820,81	1277,93
820,98	1196,01
821,15	1142,77
821,33	1236,97
821,50	1155,05
821,67	1204,21
821,84	1245,16
822,02	1167,34
822,19	1185,77
822,36	1200,11
822,53	1189,87
822,70	1232,88
822,88	1148,91
823,05	1216,49
823,22	1224,69
823,39	1198,06
823,56	1081,33
823,74	1220,59
823,91	1169,39
824,08	1144,81
824,25	1191,92
824,42	1243,12
824,60	1105,90
824,77	1239,02
824,94	1148,91
825,11	1167,34
825,28	1142,77
825,45	1187,82
825,63	1224,69
825,80	1241,07
825,97	1181,68
826,14	1150,96
826,31	1148,91
826,48	1191,92
826,66	1212,40
826,83	1155,05
827,00	1161,20
827,17	1210,35
827,34	1173,49
827,51	1226,73
827,69	1269,74
827,86	1179,63
828,03	1169,39
828,20	1146,86
828,37	1173,49
828,54	1116,14
828,71	1148,91
828,89	1155,05
829,06	1214,45
829,23	1185,77
829,40	1161,20
829,57	1218,54
829,74	1110,00
829,91	1132,53
830,09	1177,58
830,26	1200,11
830,43	1234,93
830,60	1230,83
830,77	1265,64
830,94	1208,30
831,11	1157,10
831,28	1253,36
831,46	1134,57
831,63	1140,72
831,80	1140,72
831,97	1181,68
832,14	1171,44
832,31	1236,97
832,48	1193,97
832,65	1173,49
832,82	1224,69
832,99	1150,96
833,17	1206,25
833,34	1222,64
833,51	1204,21
833,68	1187,82
833,85	1189,87
834,02	1187,82
834,19	1198,06
834,36	1234,93
834,53	1181,68
834,70	1114,10
834,87	1208,30
835,04	1138,67
835,22	1142,77
835,39	1261,55
835,56	1130,48
835,73	1183,73
835,90	1142,77
836,07	1148,91
836,24	1226,73
836,41	1222,64
836,58	1222,64
836,75	1191,92
836,92	1236,97
837,09	1161,20
837,26	1187,82
837,43	1144,81
837,60	1163,25
837,77	1159,15
837,94	1198,06
838,12	1208,30
838,29	1095,66
838,46	1212,40
838,63	1175,53
838,80	1191,92
838,97	1218,54
839,14	1200,11
839,31	1189,87
839,48	1181,68
839,65	1175,53
839,82	1206,25
839,99	1239,02
840,16	1128,43
840,33	1179,63
840,50	1177,58
840,67	1200,11
840,84	1138,67
841,01	1185,77
841,18	1198,06
841,35	1099,76
841,52	1222,64
841,69	1150,96
841,86	1146,86
842,03	1212,40
842,20	1247,21
842,37	1150,96
842,54	1232,88
842,71	1232,88
842,88	1181,68
843,05	1167,34
843,22	1187,82
843,39	1153,01
843,56	1159,15
843,73	1155,05
843,90	1169,39
844,07	1177,58
844,24	1204,21
844,41	1198,06
844,58	1312,75
844,75	1183,73
844,92	1239,02
845,09	1062,90
845,26	1204,21
845,43	1232,88
845,60	1193,97
845,77	1163,25
845,94	1247,21
846,10	1224,69
846,27	1173,49
846,44	1171,44
846,61	1226,73
846,78	1159,15
846,95	1216,49
847,12	1130,48
847,29	1208,30
847,46	1204,21
847,63	1247,21
847,80	1265,64
847,97	1146,86
848,14	1236,97
848,31	1212,40
848,48	1153,01
848,65	1157,10
848,82	1183,73
848,98	1196,01
849,15	1161,20
849,32	1189,87
849,49	1167,34
849,66	1177,58
849,83	1163,25
850,00	1189,87
850,17	1212,40
850,34	1249,26
850,51	1159,15
850,68	1212,40
850,85	1181,68
851,01	1257,45
851,18	1179,63
851,35	1279,98
851,52	1236,97
851,69	1239,02
851,86	1142,77
852,03	1159,15
852,20	1216,49
852,37	1253,36
852,53	1245,16
852,70	1177,58
852,87	1210,35
853,04	1118,19
853,21	1251,31
853,38	1159,15
853,55	1230,83
853,72	1171,44
853,89	1212,40
854,05	1236,97
854,22	1202,16
854,39	1161,20
854,56	1198,06
854,73	1122,29
854,90	1202,16
855,07	1265,64
855,23	1150,96
855,40	1177,58
855,57	1171,44
855,74	1241,07
855,91	1112,05
856,08	1214,45
856,25	1144,81
856,41	1161,20
856,58	1228,78
856,75	1116,14
856,92	1191,92
857,09	1148,91
857,26	1187,82
857,42	1189,87
857,59	1173,49
857,76	1208,30
857,93	1196,01
858,10	1167,34
858,27	1181,68
858,43	1107,95
858,60	1214,45
858,77	1241,07
858,94	1173,49
859,11	1279,98
859,27	1230,83
859,44	1169,39
859,61	1236,97
859,78	1220,59
859,95	1169,39
860,12	1193,97
860,28	1232,88
860,45	1265,64
860,62	1224,69
860,79	1228,78
860,95	1214,45
861,12	1224,69
861,29	1267,69
861,46	1198,06
861,63	1144,81
861,79	1277,93
861,96	1247,21
862,13	1177,58
862,30	1202,16
862,47	1251,31
862,63	1218,54
862,80	1169,39
862,97	1220,59
863,14	1200,11
863,30	1200,11
863,47	1196,01
863,64	1198,06
863,81	1146,86
863,97	1208,30
864,14	1148,91
864,31	1167,34
864,48	1236,97
864,65	1196,01
864,81	1183,73
864,98	1290,22
865,15	1169,39
865,32	1064,94
865,48	1173,49
865,65	1212,40
865,82	1230,83
865,98	1173,49
866,15	1224,69
866,32	1155,05
866,49	1181,68
866,65	1208,30
866,82	1208,30
866,99	1193,97
867,16	1210,35
867,32	1118,19
867,49	1179,63
867,66	1228,78
867,83	1150,96
867,99	1212,40
868,16	1191,92
868,33	1138,67
868,49	1200,11
868,66	1175,53
868,83	1239,02
868,99	1134,57
869,16	1216,49
869,33	1226,73
869,50	1206,25
869,66	1232,88
869,83	1234,93
870,00	1173,49
870,16	1171,44
870,33	1126,38
870,50	1241,07
870,66	1243,12
870,83	1288,17
871,00	1157,10
871,17	1202,16
871,33	1148,91
871,50	1198,06
871,67	1173,49
871,83	1198,06
872,00	1198,06
872,17	1167,34
872,33	1220,59
872,50	1181,68
872,67	1200,11
872,83	1220,59
873,00	1206,25
873,17	1236,97
873,33	1167,34
873,50	1169,39
873,67	1189,87
873,83	1196,01
874,00	1159,15
874,16	1247,21
874,33	1191,92
874,50	1138,67
874,66	1204,21
874,83	1241,07
875,00	1138,67
875,16	1220,59
875,33	1218,54
875,50	1226,73
875,66	1173,49
875,83	1200,11
875,99	1189,87
876,16	1239,02
876,33	1169,39
876,49	1200,11
876,66	1236,97
876,83	1232,88
876,99	1251,31
877,16	1236,97
877,32	1167,34
877,49	1116,14
877,66	1187,82
877,82	1189,87
877,99	1169,39
878,15	1214,45
878,32	1234,93
878,49	1228,78
878,65	1144,81
878,82	1251,31
878,98	1146,86
879,15	1187,82
879,32	1140,72
879,48	1204,21
879,65	1165,29
879,81	1173,49
879,98	1198,06
880,15	1138,67
880,31	1222,64
880,48	1251,31
880,64	1181,68
880,81	1216,49
880,97	1196,01
881,14	1228,78
881,31	1142,77
881,47	1247,21
881,64	1230,83
881,80	1249,26
881,97	1169,39
882,13	1255,40
882,30	1202,16
882,47	1245,16
882,63	1153,01
882,80	1204,21
882,96	1159,15
883,13	1177,58
883,29	1099,76
883,46	1230,83
883,62	1286,12
883,79	1222,64
883,95	1183,73
884,12	1196,01
884,29	1234,93
884,45	1222,64
884,62	1146,86
884,78	1142,77
884,95	1179,63
885,11	1230,83
885,28	1198,06
885,44	1241,07
885,61	1187,82
885,77	1200,11
885,94	1126,38
886,10	1208,30
886,27	1214,45
886,43	1218,54
886,60	1220,59
886,76	1142,77
886,93	1173,49
887,09	1167,34
887,26	1261,55
887,42	1157,10
887,59	1204,21
887,75	1220,59
887,92	1157,10
888,08	1222,64
888,25	1239,02
888,41	1136,62
888,58	1245,16
888,74	1228,78
888,91	1175,53
