177,47	1142,77
177,69	1142,77
177,91	1142,77
178,13	1196,01
178,36	1198,06
178,58	1163,25
178,80	1157,10
179,02	1150,96
179,24	1153,01
179,46	1265,64
179,68	1232,88
179,90	1161,20
180,13	1171,44
180,35	1179,63
180,57	1259,50
180,79	1187,82
181,01	1239,02
181,23	1177,58
181,45	1292,27
181,67	1210,35
181,90	1173,49
182,12	1146,86
182,34	1249,26
182,56	1191,92
182,78	1155,05
183,00	1226,73
183,22	1296,36
183,44	1255,40
183,66	1257,45
183,89	1118,19
184,11	1114,10
184,33	1228,78
184,55	1179,63
184,77	1200,11
184,99	1226,73
185,21	1153,01
185,43	1239,02
185,65	1136,62
185,87	1189,87
186,10	1167,34
186,32	1173,49
186,54	1189,87
186,76	1198,06
186,98	1239,02
187,20	1216,49
187,42	1181,68
187,64	1282,03
187,86	1167,34
188,08	1222,64
188,30	1173,49
188,52	1161,20
188,75	1247,21
188,97	1177,58
189,19	1232,88
189,41	1189,87
189,63	1159,15
189,85	1220,59
190,07	1255,40
190,29	1189,87
190,51	1155,05
190,73	1140,72
190,95	1196,01
191,17	1196,01
191,39	1236,97
191,61	1236,97
191,84	1208,30
192,06	1236,97
192,28	1169,39
192,50	1206,25
192,72	1257,45
192,94	1204,21
193,16	1161,20
193,38	1159,15
193,60	1210,35
193,82	1232,88
194,04	1200,11
194,26	1214,45
194,48	1232,88
194,70	1216,49
194,92	1105,90
195,14	1193,97
195,36	1228,78
195,58	1243,12
195,80	1218,54
196,02	1198,06
196,24	1163,25
196,46	1200,11
196,69	1236,97
196,91	1189,87
197,13	1140,72
197,35	1163,25
197,57	1206,25
197,79	1208,30
198,01	1230,83
198,23	1175,53
198,45	1206,25
198,67	1224,69
198,89	1173,49
199,11	1222,64
199,33	1261,55
199,55	1216,49
199,77	1183,73
199,99	1191,92
200,21	1193,97
200,43	1218,54
200,65	1150,96
200,87	1198,06
201,09	1249,26
201,31	1181,68
201,53	1103,86
201,75	1206,25
201,97	1220,59
202,19	1216,49
202,41	1163,25
202,63	1124,33
202,85	1208,30
203,07	1150,96
203,29	1114,10
203,51	1179,63
203,73	1245,16
203,95	1212,40
204,17	1146,86
204,39	1249,26
204,61	1165,29
204,83	1198,06
205,05	1284,08
205,27	1177,58
205,49	1265,64
205,71	1173,49
205,93	1206,25
206,15	1234,93
206,37	1193,97
206,59	1189,87
206,81	1128,43
207,03	1183,73
207,25	1175,53
207,47	1224,69
207,69	1173,49
207,91	1271,79
208,13	1118,19
208,34	1159,15
208,56	1267,69
208,78	1181,68
209,00	1165,29
209,22	1187,82
209,44	1212,40
209,66	1196,01
209,88	1140,72
210,10	1140,72
210,32	1263,60
210,54	1290,22
210,76	1236,97
210,98	1183,73
211,20	1185,77
211,42	1189,87
211,64	1275,88
211,86	1259,50
212,08	1120,24
212,30	1189,87
212,52	1243,12
212,74	1210,35
212,96	1232,88
213,17	1193,97
213,39	1175,53
213,61	1165,29
213,83	1198,06
214,05	1169,39
214,27	1214,45
214,49	1193,97
214,71	1185,77
214,93	1263,60
215,15	1177,58
215,37	1249,26
215,59	1196,01
215,81	1124,33
216,03	1185,77
216,24	1198,06
216,46	1196,01
216,68	1255,40
216,90	1185,77
217,12	1202,16
217,34	1222,64
217,56	1228,78
217,78	1284,08
218,00	1241,07
218,22	1214,45
218,44	1196,01
218,66	1193,97
218,87	1200,11
219,09	1187,82
219,31	1165,29
219,53	1228,78
219,75	1179,63
219,97	1177,58
220,19	1232,88
220,41	1251,31
220,63	1175,53
220,85	1150,96
221,06	1245,16
221,28	1220,59
221,50	1187,82
221,72	1140,72
221,94	1148,91
222,16	1220,59
222,38	1267,69
222,60	1216,49
222,82	1193,97
223,03	1159,15
223,25	1224,69
223,47	1218,54
223,69	1232,88
223,91	1236,97
224,13	1187,82
224,35	1220,59
224,57	1214,45
224,78	1146,86
225,00	1187,82
225,22	1247,21
225,44	1218,54
225,66	1200,11
225,88	1255,40
226,10	1226,73
226,32	1175,53
226,53	1220,59
226,75	1247,21
226,97	1183,73
227,19	1167,34
227,41	1153,01
227,63	1206,25
227,85	1253,36
228,06	1249,26
228,28	1269,74
228,50	1165,29
228,72	1204,21
228,94	1179,63
229,16	1169,39
229,37	1187,82
229,59	1175,53
229,81	1181,68
230,03	1220,59
230,25	1214,45
230,47	1193,97
230,69	1183,73
230,90	1236,97
231,12	1277,93
231,34	1138,67
231,56	1153,01
231,78	1189,87
232,00	1138,67
232,21	1183,73
232,43	1236,97
232,65	1191,92
232,87	1210,35
233,09	1116,14
233,30	1218,54
233,52	1210,35
233,74	1257,45
233,96	1183,73
234,18	1298,41
234,40	1196,01
234,61	1138,67
234,83	1179,63
235,05	1236,97
235,27	1140,72
235,49	1261,55
235,70	1241,07
235,92	1179,63
236,14	1249,26
236,36	1132,53
236,58	1202,16
236,79	1232,88
237,01	1249,26
237,23	1253,36
237,45	1292,27
237,67	1247,21
237,88	1183,73
238,10	1204,21
238,32	1218,54
238,54	1177,58
238,76	1185,77
238,97	1140,72
239,19	1273,84
239,41	1144,81
239,63	1118,19
239,85	1155,05
240,06	1183,73
240,28	1171,44
240,50	1243,12
240,72	1161,20
240,93	1183,73
241,15	1208,30
241,37	1183,73
241,59	1214,45
241,81	1187,82
242,02	1191,92
242,24	1179,63
242,46	1191,92
242,68	1144,81
242,89	1228,78
243,11	1265,64
243,33	1236,97
243,55	1138,67
243,76	1183,73
243,98	1185,77
244,20	1159,15
244,42	1173,49
244,64	1155,05
244,85	1302,51
245,07	1265,64
245,29	1196,01
245,51	1212,40
245,72	1116,14
245,94	1191,92
246,16	1173,49
246,38	1253,36
246,59	1171,44
246,81	1247,21
247,03	1202,16
247,24	1247,21
247,46	1153,01
247,68	1292,27
247,90	1200,11
248,11	1251,31
248,33	1202,16
248,55	1140,72
248,77	1220,59
248,98	1265,64
249,20	1179,63
249,42	1220,59
249,64	1193,97
249,85	1163,25
250,07	1175,53
250,29	1181,68
250,50	1296,36
250,72	1134,57
250,94	1261,55
251,16	1253,36
251,37	1153,01
251,59	1245,16
251,81	1198,06
252,02	1230,83
252,24	1144,81
252,46	1212,40
252,68	1171,44
252,89	1167,34
253,11	1228,78
253,33	1193,97
253,54	1228,78
253,76	1249,26
253,98	1159,15
254,20	1224,69
254,41	1175,53
254,63	1136,62
254,85	1204,21
255,06	1212,40
255,28	1306,60
255,50	1257,45
255,71	1232,88
255,93	1075,18
256,15	1171,44
256,36	1167,34
256,58	1126,38
256,80	1171,44
257,02	1245,16
257,23	1208,30
257,45	1155,05
257,67	1261,55
257,88	1230,83
258,10	1175,53
258,32	1269,74
258,53	1241,07
258,75	1187,82
258,97	1208,30
259,18	1220,59
259,40	1134,57
259,62	1200,11
259,83	1202,16
260,05	1118,19
260,27	1183,73
260,48	1177,58
260,70	1175,53
260,92	1155,05
261,13	1204,21
261,35	1241,07
261,57	1253,36
261,78	1130,48
262,00	1259,50
262,22	1136,62
262,43	1253,36
262,65	1228,78
262,86	1157,10
263,08	1198,06
263,30	1142,77
263,51	1212,40
263,73	1161,20
263,95	1198,06
264,16	1206,25
264,38	1153,01
264,60	1249,26
264,81	1243,12
265,03	1187,82
265,25	1169,39
265,46	1318,89
265,68	1232,88
265,89	1122,29
266,11	1206,25
266,33	1153,01
266,54	1247,21
266,76	1202,16
266,98	1189,87
267,19	1173,49
267,41	1257,45
267,62	1249,26
267,84	1136,62
268,06	1183,73
268,27	1232,88
268,49	1171,44
268,70	1150,96
268,92	1200,11
269,14	1161,20
269,35	1150,96
269,57	1169,39
269,79	1288,17
270,00	1198,06
270,22	1226,73
270,43	1224,69
270,65	1228,78
270,87	1179,63
271,08	1183,73
271,30	1163,25
271,51	1241,07
271,73	1136,62
271,95	1226,73
272,16	1216,49
272,38	1298,41
272,59	1193,97
272,81	1159,15
273,02	1210,35
273,24	1185,77
273,46	1216,49
273,67	1230,83
273,89	1155,05
274,10	1189,87
274,32	1185,77
274,54	1198,06
274,75	1245,16
274,97	1249,26
275,18	1218,54
275,40	1230,83
275,61	1189,87
275,83	1079,28
276,05	1263,60
276,26	1200,11
276,48	1189,87
276,69	1255,40
276,91	1226,73
277,12	1241,07
277,34	1200,11
277,55	1148,91
277,77	1243,12
277,99	1183,73
278,20	1144,81
278,42	1206,25
278,63	1218,54
278,85	1202,16
279,06	1161,20
279,28	1138,67
279,49	1239,02
279,71	1161,20
279,93	1208,30
280,14	1226,73
280,36	1210,35
280,57	1161,20
280,79	1157,10
281,00	1167,34
281,22	1204,21
281,43	1212,40
281,65	1196,01
281,86	1198,06
282,08	1269,74
282,29	1183,73
282,51	1222,64
282,73	1196,01
282,94	1224,69
283,16	1232,88
283,37	1165,29
283,59	1232,88
283,80	1159,15
284,02	1140,72
284,23	1200,11
284,45	1138,67
284,66	1263,60
284,88	1200,11
285,09	1144,81
285,31	1234,93
285,52	1200,11
285,74	1245,16
285,95	1200,11
286,17	1175,53
286,38	1224,69
286,60	1134,57
286,81	1196,01
287,03	1198,06
287,24	1136,62
287,46	1163,25
287,67	1159,15
287,89	1193,97
288,10	1230,83
288,32	1265,64
288,53	1222,64
288,75	1206,25
288,96	1220,59
289,18	1222,64
289,39	1208,30
289,61	1161,20
289,82	1273,84
290,04	1218,54
290,25	1224,69
290,47	1175,53
290,68	1204,21
290,90	1191,92
291,11	1183,73
291,33	1171,44
291,54	1222,64
291,76	1163,25
291,97	1218,54
292,18	1261,55
292,40	1153,01
292,61	1257,45
292,83	1218,54
293,04	1224,69
293,26	1159,15
293,47	1175,53
293,69	1175,53
293,90	1175,53
294,12	1259,50
294,33	1175,53
294,55	1208,30
294,76	1224,69
294,97	1179,63
295,19	1153,01
295,40	1142,77
295,62	1148,91
295,83	1251,31
296,05	1107,95
296,26	1245,16
296,48	1179,63
296,69	1165,29
296,90	1150,96
297,12	1204,21
297,33	1236,97
297,55	1220,59
297,76	1245,16
297,98	1171,44
298,19	1206,25
298,41	1224,69
298,62	1228,78
298,83	1239,02
299,05	1204,21
299,26	1163,25
299,48	1163,25
299,69	1163,25
299,90	1153,01
300,12	1114,10
300,33	1175,53
300,55	1177,58
300,76	1208,30
300,98	1144,81
301,19	1239,02
301,40	1112,05
301,62	1257,45
301,83	1259,50
302,05	1228,78
302,26	1236,97
302,47	1214,45
302,69	1171,44
302,90	1187,82
303,12	1222,64
303,33	1132,53
303,54	1200,11
303,76	1163,25
303,97	1214,45
304,19	1206,25
304,40	1243,12
304,61	1216,49
304,83	1243,12
305,04	1148,91
305,26	1204,21
305,47	1204,21
305,68	1218,54
305,90	1189,87
306,11	1161,20
306,33	1228,78
306,54	1155,05
306,75	1157,10
306,97	1181,68
307,18	1218,54
307,39	1153,01
307,61	1261,55
307,82	1226,73
308,04	1210,35
308,25	1173,49
308,46	1193,97
308,68	1181,68
308,89	1251,31
309,10	1189,87
309,32	1228,78
309,53	1183,73
309,74	1239,02
309,96	1255,40
310,17	1222,64
310,39	1206,25
310,60	1138,67
310,81	1179,63
311,03	1163,25
311,24	1212,40
311,45	1234,93
311,67	1204,21
311,88	1226,73
312,09	1239,02
312,31	1157,10
312,52	1169,39
312,73	1140,72
312,95	1122,29
313,16	1224,69
313,37	1216,49
313,59	1218,54
313,80	1118,19
314,01	1163,25
314,23	1200,11
314,44	1210,35
314,65	1232,88
314,87	1175,53
315,08	1187,82
315,29	1226,73
315,51	1189,87
315,72	1271,79
315,93	1181,68
316,15	1239,02
316,36	1257,45
316,57	1189,87
316,79	1247,21
317,00	1259,50
317,21	1204,21
317,43	1247,21
317,64	1183,73
317,85	1167,34
318,07	1255,40
318,28	1175,53
318,49	1206,25
318,70	1216,49
318,92	1200,11
319,13	1132,53
319,34	1171,44
319,56	1236,97
319,77	1169,39
319,98	1216,49
320,20	1216,49
320,41	1204,21
320,62	1171,44
320,83	1212,40
321,05	1159,15
321,26	1163,25
321,47	1161,20
321,69	1216,49
321,90	1232,88
322,11	1216,49
322,32	1202,16
322,54	1210,35
322,75	1226,73
322,96	1220,59
323,18	1159,15
323,39	1241,07
323,60	1155,05
323,81	1204,21
324,03	1171,44
324,24	1234,93
324,45	1157,10
324,66	1142,77
324,88	1220,59
325,09	1191,92
325,30	1277,93
325,52	1181,68
325,73	1187,82
325,94	1222,64
326,15	1183,73
326,37	1206,25
326,58	1202,16
326,79	1216,49
327,00	1218,54
327,22	1202,16
327,43	1222,64
327,64	1183,73
327,85	1159,15
328,07	1187,82
328,28	1216,49
328,49	1212,40
328,70	1222,64
328,92	1253,36
329,13	1148,91
329,34	1267,69
329,55	1153,01
329,76	1169,39
329,98	1177,58
330,19	1273,84
330,40	1206,25
330,61	1165,29
330,83	1189,87
331,04	1161,20
331,25	1202,16
331,46	1230,83
331,68	1222,64
331,89	1183,73
332,10	1204,21
332,31	1220,59
332,52	1210,35
332,74	1255,40
332,95	1155,05
333,16	1234,93
333,37	1226,73
333,58	1165,29
333,80	1191,92
334,01	1163,25
334,22	1150,96
334,43	1189,87
334,64	1224,69
334,86	1136,62
335,07	1140,72
335,28	1222,64
335,49	1169,39
335,70	1169,39
335,92	1208,30
336,13	1230,83
336,34	1267,69
336,55	1236,97
336,76	1193,97
336,98	1146,86
337,19	1191,92
337,40	1161,20
337,61	1214,45
337,82	1185,77
338,04	1163,25
338,25	1148,91
338,46	1196,01
338,67	1224,69
338,88	1193,97
339,09	1263,60
339,31	1163,25
339,52	1261,55
339,73	1249,26
339,94	1234,93
340,15	1161,20
340,36	1218,54
340,58	1175,53
340,79	1206,25
341,00	1177,58
341,21	1163,25
341,42	1200,11
341,63	1220,59
341,85	1210,35
342,06	1206,25
342,27	1169,39
342,48	1208,30
342,69	1257,45
342,90	1159,15
343,12	1185,77
343,33	1191,92
343,54	1114,10
343,75	1241,07
343,96	1128,43
344,17	1245,16
344,38	1079,28
344,60	1200,11
344,81	1193,97
345,02	1208,30
345,23	1204,21
345,44	1185,77
345,65	1269,74
345,86	1171,44
346,07	1202,16
346,29	1241,07
346,50	1243,12
346,71	1234,93
346,92	1159,15
347,13	1255,40
347,34	1142,77
347,55	1175,53
347,76	1251,31
347,98	1144,81
348,19	1243,12
348,40	1216,49
348,61	1191,92
348,82	1202,16
349,03	1222,64
349,24	1212,40
349,45	1189,87
349,66	1208,30
349,88	1198,06
350,09	1239,02
350,30	1208,30
350,51	1153,01
350,72	1251,31
350,93	1163,25
351,14	1150,96
351,35	1161,20
351,56	1200,11
351,77	1208,30
351,99	1214,45
352,20	1175,53
352,41	1175,53
352,62	1177,58
352,83	1267,69
353,04	1193,97
353,25	1167,34
353,46	1167,34
353,67	1243,12
353,88	1181,68
354,09	1267,69
354,30	1138,67
354,52	1142,77
354,73	1175,53
354,94	1253,36
355,15	1253,36
355,36	1267,69
355,57	1150,96
355,78	1234,93
355,99	1183,73
356,20	1228,78
356,41	1247,21
356,62	1202,16
356,83	1193,97
357,04	1226,73
357,25	1169,39
357,46	1222,64
357,68	1239,02
357,89	1163,25
358,10	1241,07
358,31	1159,15
358,52	1165,29
358,73	1060,85
358,94	1193,97
359,15	1265,64
359,36	1202,16
359,57	1210,35
359,78	1175,53
359,99	1214,45
360,20	1294,32
360,41	1183,73
360,62	1191,92
360,83	1179,63
361,04	1189,87
361,25	1136,62
361,46	1187,82
361,67	1191,92
361,88	1183,73
362,09	1191,92
362,30	1187,82
362,51	1181,68
362,72	1148,91
362,93	1146,86
363,14	1189,87
363,35	1228,78
363,56	1181,68
363,78	1234,93
363,99	1196,01
364,20	1236,97
364,41	1253,36
364,62	1214,45
364,83	1181,68
365,04	1144,81
365,25	1179,63
365,46	1193,97
365,67	1259,50
365,88	1183,73
366,09	1173,49
366,30	1163,25
366,51	1157,10
366,72	1161,20
366,93	1126,38
367,14	1228,78
367,35	1204,21
367,56	1208,30
367,77	1136,62
367,98	1148,91
368,18	1222,64
368,39	1204,21
368,60	1193,97
368,81	1249,26
369,02	1220,59
369,23	1212,40
369,44	1146,86
369,65	1185,77
369,86	1232,88
370,07	1245,16
370,28	1175,53
370,49	1224,69
370,70	1200,11
370,91	1224,69
371,12	1167,34
371,33	1185,77
371,54	1224,69
371,75	1214,45
371,96	1269,74
372,17	1165,29
372,38	1198,06
372,59	1146,86
372,80	1232,88
373,01	1206,25
373,22	1200,11
373,43	1150,96
373,64	1208,30
373,85	1247,21
374,06	1210,35
374,26	1105,90
374,47	1165,29
374,68	1161,20
374,89	1208,30
375,10	1204,21
375,31	1206,25
375,52	1163,25
375,73	1247,21
375,94	1155,05
376,15	1206,25
376,36	1222,64
376,57	1218,54
376,78	1146,86
376,99	1183,73
377,20	1214,45
377,40	1236,97
377,61	1163,25
377,82	1202,16
378,03	1206,25
378,24	1179,63
378,45	1212,40
378,66	1206,25
378,87	1200,11
379,08	1210,35
379,29	1181,68
379,50	1187,82
379,71	1243,12
379,91	1247,21
380,12	1204,21
380,33	1239,02
380,54	1163,25
380,75	1202,16
380,96	1177,58
381,17	1183,73
381,38	1171,44
381,59	1179,63
381,80	1183,73
382,00	1179,63
382,21	1220,59
382,42	1257,45
382,63	1173,49
382,84	1179,63
383,05	1175,53
383,26	1179,63
383,47	1165,29
383,68	1130,48
383,88	1265,64
384,09	1200,11
384,30	1257,45
384,51	1218,54
384,72	1196,01
384,93	1200,11
385,14	1275,88
385,35	1208,30
385,55	1214,45
385,76	1243,12
385,97	1175,53
386,18	1181,68
386,39	1236,97
386,60	1171,44
386,81	1208,30
387,02	1224,69
387,22	1298,41
387,43	1208,30
387,64	1187,82
387,85	1265,64
388,06	1191,92
388,27	1150,96
388,48	1169,39
388,68	1210,35
388,89	1171,44
389,10	1173,49
389,31	1220,59
389,52	1236,97
389,73	1210,35
389,93	1206,25
390,14	1241,07
390,35	1181,68
390,56	1220,59
390,77	1210,35
390,98	1163,25
391,18	1255,40
391,39	1146,86
391,60	1261,55
391,81	1173,49
392,02	1191,92
392,23	1226,73
392,43	1204,21
392,64	1167,34
392,85	1243,12
393,06	1202,16
393,27	1189,87
393,47	1191,92
393,68	1214,45
393,89	1210,35
394,10	1196,01
394,31	1210,35
394,52	1179,63
394,72	1196,01
394,93	1179,63
395,14	1177,58
395,35	1202,16
395,56	1200,11
395,76	1177,58
395,97	1175,53
396,18	1216,49
396,39	1232,88
396,60	1212,40
396,80	1216,49
397,01	1175,53
397,22	1148,91
397,43	1320,94
397,64	1169,39
397,84	1214,45
398,05	1200,11
398,26	1167,34
398,47	1150,96
398,67	1212,40
398,88	1269,74
399,09	1196,01
399,30	1181,68
399,51	1236,97
399,71	1083,38
399,92	1249,26
400,13	1179,63
400,34	1251,31
400,54	1204,21
400,75	1243,12
400,96	1128,43
401,17	1298,41
401,37	1232,88
401,58	1253,36
401,79	1187,82
402,00	1204,21
402,21	1271,79
402,41	1253,36
402,62	1196,01
402,83	1232,88
403,04	1134,57
403,24	1212,40
403,45	1224,69
403,66	1232,88
403,87	1140,72
404,07	1214,45
404,28	1255,40
404,49	1218,54
404,70	1173,49
404,90	1179,63
405,11	1187,82
405,32	1200,11
405,52	1257,45
405,73	1177,58
405,94	1153,01
406,15	1181,68
406,35	1257,45
406,56	1230,83
406,77	1224,69
406,98	1159,15
407,18	1175,53
407,39	1292,27
407,60	1249,26
407,80	1153,01
408,01	1134,57
408,22	1181,68
408,43	1157,10
408,63	1200,11
408,84	1218,54
409,05	1212,40
409,25	1191,92
409,46	1206,25
409,67	1179,63
409,88	1189,87
410,08	1142,77
410,29	1245,16
410,50	1200,11
410,70	1124,33
410,91	1206,25
411,12	1175,53
411,32	1153,01
411,53	1167,34
411,74	1198,06
411,95	1226,73
412,15	1140,72
412,36	1212,40
412,57	1181,68
412,77	1265,64
412,98	1230,83
413,19	1196,01
413,39	1193,97
413,60	1140,72
413,81	1120,24
414,01	1224,69
414,22	1181,68
414,43	1118,19
414,63	1132,53
414,84	1187,82
415,05	1181,68
415,25	1218,54
415,46	1224,69
415,67	1216,49
415,87	1204,21
416,08	1173,49
416,29	1189,87
416,49	1183,73
416,70	1222,64
416,91	1210,35
417,11	1146,86
417,32	1206,25
417,53	1214,45
417,73	1167,34
417,94	1263,60
418,15	1226,73
418,35	1263,60
418,56	1206,25
418,77	1222,64
418,97	1247,21
419,18	1169,39
419,38	1187,82
419,59	1228,78
419,80	1189,87
420,00	1198,06
420,21	1257,45
420,42	1140,72
420,62	1234,93
420,83	1181,68
421,04	1241,07
421,24	1136,62
421,45	1212,40
421,65	1159,15
421,86	1249,26
422,07	1204,21
422,27	1218,54
422,48	1208,30
422,69	1210,35
422,89	1208,30
423,10	1142,77
423,30	1198,06
423,51	1198,06
423,72	1200,11
423,92	1214,45
424,13	1216,49
424,33	1193,97
424,54	1185,77
424,75	1206,25
424,95	1216,49
425,16	1204,21
425,36	1212,40
425,57	1167,34
425,78	1183,73
425,98	1239,02
426,19	1216,49
426,39	1144,81
426,60	1169,39
426,81	1224,69
427,01	1181,68
427,22	1236,97
427,42	1167,34
427,63	1273,84
427,83	1247,21
428,04	1257,45
428,25	1073,14
428,45	1165,29
428,66	1232,88
428,86	1208,30
429,07	1257,45
429,28	1181,68
429,48	1198,06
429,69	1198,06
429,89	1255,40
430,10	1169,39
430,30	1236,97
430,51	1208,30
430,71	1208,30
430,92	1245,16
431,13	1159,15
431,33	1210,35
431,54	1228,78
431,74	1165,29
431,95	1171,44
432,15	1163,25
432,36	1212,40
432,56	1210,35
432,77	1220,59
432,98	1271,79
433,18	1105,90
433,39	1208,30
433,59	1236,97
433,80	1183,73
434,00	1148,91
434,21	1161,20
434,41	1177,58
434,62	1214,45
434,82	1193,97
435,03	1169,39
435,23	1302,51
435,44	1150,96
435,64	1249,26
435,85	1232,88
436,06	1107,95
436,26	1208,30
436,47	1187,82
436,67	1263,60
436,88	1239,02
437,08	1200,11
437,29	1222,64
437,49	1232,88
437,70	1214,45
437,90	1189,87
438,11	1208,30
438,31	1181,68
438,52	1175,53
438,72	1150,96
438,93	1249,26
439,13	1153,01
439,34	1224,69
439,54	1167,34
439,75	1269,74
439,95	1218,54
440,16	1187,82
440,36	1214,45
440,57	1206,25
440,77	1183,73
440,98	1204,21
441,18	1222,64
441,39	1150,96
441,59	1236,97
441,80	1224,69
442,00	1214,45
442,21	1187,82
442,41	1181,68
442,62	1171,44
442,82	1142,77
443,02	1206,25
443,23	1239,02
443,43	1200,11
443,64	1179,63
443,84	1179,63
444,05	1165,29
444,25	1183,73
444,46	1261,55
444,66	1179,63
444,87	1198,06
445,07	1196,01
445,28	1232,88
445,48	1167,34
445,69	1230,83
445,89	1140,72
446,09	1245,16
446,30	1271,79
446,50	1232,88
446,71	1257,45
446,91	1171,44
447,12	1214,45
447,32	1247,21
447,53	1167,34
447,73	1290,22
447,93	1148,91
448,14	1181,68
448,34	1224,69
448,55	1204,21
448,75	1204,21
448,96	1314,80
449,16	1212,40
449,36	1161,20
449,57	1196,01
449,77	1183,73
449,98	1202,16
450,18	1107,95
450,39	1247,21
450,59	1179,63
450,79	1177,58
451,00	1126,38
451,20	1163,25
451,41	1169,39
451,61	1165,29
451,81	1179,63
452,02	1218,54
452,22	1189,87
452,43	1220,59
452,63	1167,34
452,84	1134,57
453,04	1230,83
453,24	1212,40
453,45	1148,91
453,65	1155,05
453,86	1163,25
454,06	1206,25
454,26	1222,64
454,47	1124,33
454,67	1165,29
454,87	1251,31
455,08	1155,05
455,28	1286,12
455,49	1193,97
455,69	1265,64
455,89	1200,11
456,10	1185,77
456,30	1165,29
456,51	1204,21
456,71	1189,87
456,91	1181,68
457,12	1212,40
457,32	1239,02
457,52	1273,84
457,73	1224,69
457,93	1253,36
458,14	1185,77
458,34	1216,49
458,54	1239,02
458,75	1173,49
458,95	1216,49
459,15	1146,86
459,36	1181,68
459,56	1202,16
459,76	1161,20
459,97	1157,10
460,17	1275,88
460,37	1236,97
460,58	1253,36
460,78	1239,02
460,99	1298,41
461,19	1173,49
461,39	1193,97
461,60	1216,49
461,80	1216,49
462,00	1173,49
462,21	1157,10
462,41	1173,49
462,61	1187,82
462,82	1124,33
463,02	1273,84
463,22	1171,44
463,43	1177,58
463,63	1239,02
463,83	1122,29
464,04	1179,63
464,24	1198,06
464,44	1236,97
464,64	1191,92
464,85	1189,87
465,05	1216,49
465,25	1181,68
465,46	1245,16
465,66	1234,93
465,86	1183,73
466,07	1150,96
466,27	1210,35
466,47	1163,25
466,68	1245,16
466,88	1196,01
467,08	1179,63
467,29	1208,30
467,49	1249,26
467,69	1193,97
467,89	1210,35
468,10	1224,69
468,30	1177,58
468,50	1232,88
468,71	1220,59
468,91	1206,25
469,11	1212,40
469,31	1241,07
469,52	1175,53
469,72	1202,16
469,92	1239,02
470,13	1241,07
470,33	1228,78
470,53	1165,29
470,73	1234,93
470,94	1232,88
471,14	1251,31
471,34	1177,58
471,54	1208,30
471,75	1140,72
471,95	1161,20
472,15	1179,63
472,36	1228,78
472,56	1148,91
472,76	1228,78
472,96	1208,30
473,17	1169,39
473,37	1179,63
473,57	1200,11
473,77	1179,63
473,98	1169,39
474,18	1263,60
474,38	1183,73
474,58	1228,78
474,79	1179,63
474,99	1183,73
475,19	1187,82
475,39	1193,97
475,60	1230,83
475,80	1239,02
476,00	1224,69
476,20	1196,01
476,41	1179,63
476,61	1142,77
476,81	1200,11
477,01	1259,50
477,21	1187,82
477,42	1214,45
477,62	1169,39
477,82	1159,15
478,02	1187,82
478,23	1224,69
478,43	1216,49
478,63	1181,68
478,83	1228,78
479,03	1179,63
479,24	1169,39
479,44	1218,54
479,64	1224,69
479,84	1191,92
480,04	1189,87
480,25	1226,73
480,45	1202,16
480,65	1146,86
480,85	1224,69
481,06	1273,84
481,26	1228,78
481,46	1183,73
481,66	1263,60
481,86	1181,68
482,06	1159,15
482,27	1138,67
482,47	1150,96
482,67	1187,82
482,87	1232,88
483,07	1210,35
483,28	1228,78
483,48	1191,92
483,68	1208,30
483,88	1116,14
484,08	1173,49
484,29	1140,72
484,49	1189,87
484,69	1234,93
484,89	1169,39
485,09	1251,31
485,29	1222,64
485,50	1175,53
485,70	1173,49
485,90	1232,88
486,10	1208,30
486,30	1150,96
486,50	1208,30
486,71	1306,60
486,91	1286,12
487,11	1155,05
487,31	1171,44
487,51	1189,87
487,71	1183,73
487,91	1191,92
488,12	1189,87
488,32	1286,12
488,52	1243,12
488,72	1200,11
488,92	1138,67
489,12	1175,53
489,32	1132,53
489,53	1269,74
489,73	1210,35
489,93	1179,63
490,13	1251,31
490,33	1150,96
490,53	1210,35
490,73	1167,34
490,94	1159,15
491,14	1236,97
491,34	1187,82
491,54	1183,73
491,74	1198,06
491,94	1234,93
492,14	1189,87
492,34	1245,16
492,54	1171,44
492,75	1216,49
492,95	1175,53
493,15	1247,21
493,35	1191,92
493,55	1144,81
493,75	1247,21
493,95	1208,30
494,15	1142,77
494,35	1222,64
494,56	1163,25
494,76	1132,53
494,96	1142,77
495,16	1177,58
495,36	1234,93
495,56	1163,25
495,76	1214,45
495,96	1230,83
496,16	1224,69
496,36	1155,05
496,56	1150,96
496,77	1191,92
496,97	1177,58
497,17	1249,26
497,37	1189,87
497,57	1218,54
497,77	1251,31
497,97	1169,39
498,17	1179,63
498,37	1175,53
498,57	1218,54
498,77	1157,10
498,97	1210,35
499,17	1216,49
499,38	1193,97
499,58	1140,72
499,78	1175,53
499,98	1257,45
500,18	1183,73
500,38	1196,01
500,58	1263,60
500,78	1191,92
500,98	1214,45
501,18	1232,88
501,38	1255,40
501,58	1189,87
501,78	1165,29
501,98	1134,57
502,18	1124,33
502,38	1163,25
502,58	1165,29
502,78	1236,97
502,98	1177,58
503,18	1191,92
503,38	1173,49
503,59	1204,21
503,79	1122,29
503,99	1216,49
504,19	1134,57
504,39	1191,92
504,59	1171,44
504,79	1253,36
504,99	1228,78
505,19	1200,11
505,39	1210,35
505,59	1282,03
505,79	1214,45
505,99	1230,83
506,19	1187,82
506,39	1175,53
506,59	1177,58
506,79	1144,81
506,99	1189,87
507,19	1249,26
507,39	1183,73
507,59	1263,60
507,79	1241,07
507,99	1185,77
508,19	1155,05
508,39	1183,73
508,59	1249,26
508,79	1146,86
508,99	1173,49
509,19	1157,10
509,39	1243,12
509,59	1146,86
509,79	1183,73
509,99	1212,40
510,19	1189,87
510,39	1204,21
510,59	1157,10
510,79	1265,64
510,99	1204,21
511,19	1157,10
511,39	1208,30
511,59	1337,32
511,79	1261,55
511,99	1234,93
512,19	1183,73
512,38	1253,36
512,58	1157,10
512,78	1150,96
512,98	1228,78
513,18	1196,01
513,38	1191,92
513,58	1189,87
513,78	1273,84
513,98	1122,29
514,18	1198,06
514,38	1189,87
514,58	1202,16
514,78	1191,92
514,98	1179,63
515,18	1204,21
515,38	1206,25
515,58	1220,59
515,78	1138,67
515,98	1138,67
516,18	1163,25
516,38	1093,62
516,57	1232,88
516,77	1200,11
516,97	1228,78
517,17	1173,49
517,37	1124,33
517,57	1196,01
517,77	1153,01
517,97	1193,97
518,17	1200,11
518,37	1148,91
518,57	1230,83
518,77	1126,38
518,97	1279,98
519,16	1210,35
519,36	1222,64
519,56	1167,34
519,76	1236,97
519,96	1142,77
520,16	1216,49
520,36	1124,33
520,56	1150,96
520,76	1130,48
520,96	1159,15
521,16	1212,40
521,35	1189,87
521,55	1179,63
521,75	1175,53
521,95	1267,69
522,15	1191,92
522,35	1282,03
522,55	1183,73
522,75	1212,40
522,95	1126,38
523,14	1265,64
523,34	1277,93
523,54	1216,49
523,74	1255,40
523,94	1124,33
524,14	1173,49
524,34	1116,14
524,54	1232,88
524,73	1222,64
524,93	1198,06
525,13	1202,16
525,33	1185,77
525,53	1232,88
525,73	1208,30
525,93	1224,69
526,13	1198,06
526,32	1183,73
526,52	1218,54
526,72	1247,21
526,92	1269,74
527,12	1191,92
527,32	1185,77
527,52	1200,11
527,71	1208,30
527,91	1189,87
528,11	1150,96
528,31	1202,16
528,51	1212,40
528,71	1128,43
528,90	1185,77
529,10	1226,73
529,30	1230,83
529,50	1284,08
529,70	1179,63
529,90	1257,45
530,09	1138,67
530,29	1175,53
530,49	1196,01
530,69	1200,11
530,89	1212,40
531,09	1208,30
531,28	1198,06
531,48	1230,83
531,68	1208,30
531,88	1255,40
532,08	1206,25
532,28	1265,64
532,47	1220,59
532,67	1161,20
532,87	1110,00
533,07	1239,02
533,27	1247,21
533,46	1228,78
533,66	1150,96
533,86	1263,60
534,06	1234,93
534,26	1249,26
534,45	1124,33
534,65	1236,97
534,85	1202,16
535,05	1175,53
535,25	1157,10
535,44	1142,77
535,64	1220,59
535,84	1230,83
536,04	1208,30
536,24	1161,20
536,43	1105,90
536,63	1212,40
536,83	1183,73
537,03	1226,73
537,22	1183,73
537,42	1159,15
537,62	1245,16
537,82	1208,30
538,02	1204,21
538,21	1187,82
538,41	1169,39
538,61	1171,44
538,81	1216,49
539,00	1222,64
539,20	1146,86
539,40	1234,93
539,60	1218,54
539,79	1245,16
539,99	1208,30
540,19	1171,44
540,39	1173,49
540,58	1212,40
540,78	1224,69
540,98	1169,39
541,18	1193,97
541,37	1202,16
541,57	1212,40
541,77	1159,15
541,97	1222,64
542,16	1216,49
542,36	1161,20
542,56	1263,60
542,76	1220,59
542,95	1212,40
543,15	1196,01
543,35	1126,38
543,54	1157,10
543,74	1222,64
543,94	1239,02
544,14	1132,53
544,33	1230,83
544,53	1196,01
544,73	1249,26
544,93	1255,40
545,12	1243,12
545,32	1265,64
545,52	1181,68
545,71	1234,93
545,91	1232,88
546,11	1138,67
546,30	1222,64
546,50	1183,73
546,70	1198,06
546,90	1232,88
547,09	1200,11
547,29	1175,53
547,49	1232,88
547,68	1146,86
547,88	1218,54
548,08	1153,01
548,27	1284,08
548,47	1173,49
548,67	1245,16
548,87	1189,87
549,06	1132,53
549,26	1226,73
549,46	1165,29
549,65	1167,34
549,85	1179,63
550,05	1191,92
550,24	1187,82
550,44	1214,45
550,64	1112,05
550,83	1228,78
551,03	1200,11
551,23	1183,73
551,42	1159,15
551,62	1181,68
551,82	1222,64
552,01	1189,87
552,21	1179,63
552,41	1234,93
552,60	1183,73
552,80	1255,40
553,00	1181,68
553,19	1150,96
553,39	1165,29
553,59	1218,54
553,78	1220,59
553,98	1224,69
554,17	1167,34
554,37	1177,58
554,57	1198,06
554,76	1218,54
554,96	1150,96
555,16	1208,30
555,35	1171,44
555,55	1191,92
555,75	1155,05
555,94	1169,39
556,14	1173,49
556,33	1175,53
556,53	1187,82
556,73	1153,01
556,92	1282,03
557,12	1241,07
557,32	1187,82
557,51	1269,74
557,71	1204,21
557,90	1282,03
558,10	1210,35
558,30	1198,06
558,49	1161,20
558,69	1198,06
558,88	1198,06
559,08	1239,02
559,28	1191,92
559,47	1222,64
559,67	1136,62
559,86	1187,82
560,06	1204,21
560,26	1173,49
560,45	1177,58
560,65	1212,40
560,84	1112,05
561,04	1138,67
561,24	1241,07
561,43	1222,64
561,63	1116,14
561,82	1222,64
562,02	1155,05
562,22	1191,92
562,41	1122,29
562,61	1228,78
562,80	1253,36
563,00	1153,01
563,19	1157,10
563,39	1153,01
563,59	1290,22
563,78	1288,17
563,98	1187,82
564,17	1191,92
564,37	1206,25
564,56	1153,01
564,76	1157,10
564,96	1153,01
565,15	1193,97
565,35	1189,87
565,54	1224,69
565,74	1181,68
565,93	1218,54
566,13	1173,49
566,32	1153,01
566,52	1271,79
566,71	1116,14
566,91	1245,16
567,11	1222,64
567,30	1224,69
567,50	1282,03
567,69	1193,97
567,89	1153,01
568,08	1232,88
568,28	1130,48
568,47	1206,25
568,67	1212,40
568,86	1183,73
569,06	1155,05
569,25	1193,97
569,45	1163,25
569,64	1189,87
569,84	1169,39
570,04	1232,88
570,23	1247,21
570,43	1126,38
570,62	1136,62
570,82	1247,21
571,01	1212,40
571,21	1187,82
571,40	1153,01
571,60	1181,68
571,79	1234,93
571,99	1257,45
572,18	1226,73
572,38	1241,07
572,57	1191,92
572,77	1171,44
572,96	1218,54
573,16	1134,57
573,35	1097,71
573,55	1222,64
573,74	1251,31
573,94	1183,73
574,13	1187,82
574,33	1232,88
574,52	1193,97
574,71	1222,64
574,91	1105,90
575,10	1249,26
575,30	1214,45
575,49	1138,67
575,69	1159,15
575,88	1204,21
576,08	1218,54
576,27	1140,72
576,47	1202,16
576,66	1204,21
576,86	1226,73
577,05	1132,53
577,25	1189,87
577,44	1157,10
577,64	1206,25
577,83	1218,54
578,02	1212,40
578,22	1189,87
578,41	1202,16
578,61	1165,29
578,80	1161,20
579,00	1273,84
579,19	1173,49
579,39	1234,93
579,58	1196,01
579,77	1247,21
579,97	1138,67
580,16	1148,91
580,36	1232,88
580,55	1187,82
580,75	1232,88
580,94	1159,15
581,13	1241,07
581,33	1191,92
581,52	1243,12
581,72	1148,91
581,91	1226,73
582,11	1189,87
582,30	1120,24
582,49	1181,68
582,69	1128,43
582,88	1179,63
583,08	1273,84
583,27	1220,59
583,47	1185,77
583,66	1185,77
583,85	1243,12
584,05	1232,88
584,24	1185,77
584,44	1189,87
584,63	1228,78
584,82	1175,53
585,02	1183,73
585,21	1212,40
585,41	1208,30
585,60	1210,35
585,79	1193,97
585,99	1159,15
586,18	1189,87
586,37	1165,29
586,57	1177,58
586,76	1234,93
586,96	1212,40
587,15	1171,44
587,34	1144,81
587,54	1196,01
587,73	1159,15
587,93	1236,97
588,12	1210,35
588,31	1216,49
588,51	1212,40
588,70	1130,48
588,89	1169,39
589,09	1208,30
589,28	1212,40
589,47	1226,73
589,67	1112,05
589,86	1159,15
590,06	1200,11
590,25	1191,92
590,44	1226,73
590,64	1171,44
590,83	1140,72
591,02	1185,77
591,22	1175,53
591,41	1161,20
591,60	1198,06
591,80	1148,91
591,99	1177,58
592,18	1187,82
592,38	1177,58
592,57	1282,03
592,76	1187,82
592,96	1239,02
593,15	1159,15
593,34	1226,73
593,54	1212,40
593,73	1179,63
593,92	1200,11
594,12	1128,43
594,31	1191,92
594,50	1245,16
594,70	1200,11
594,89	1239,02
595,08	1185,77
595,28	1204,21
595,47	1204,21
595,66	1171,44
595,86	1204,21
596,05	1241,07
596,24	1218,54
596,43	1187,82
596,63	1163,25
596,82	1177,58
597,01	1206,25
597,21	1220,59
597,40	1193,97
597,59	1234,93
597,79	1144,81
597,98	1273,84
598,17	1296,36
598,36	1265,64
598,56	1218,54
598,75	1202,16
598,94	1181,68
599,14	1173,49
599,33	1208,30
599,52	1163,25
599,71	1230,83
599,91	1273,84
600,10	1261,55
600,29	1239,02
600,48	1157,10
600,68	1251,31
600,87	1165,29
601,06	1222,64
601,26	1218,54
601,45	1261,55
601,64	1210,35
601,83	1191,92
602,03	1208,30
602,22	1165,29
602,41	1220,59
602,60	1263,60
602,80	1210,35
602,99	1200,11
603,18	1218,54
603,37	1124,33
603,57	1179,63
603,76	1187,82
603,95	1177,58
604,14	1228,78
604,34	1239,02
604,53	1173,49
604,72	1208,30
604,91	1191,92
605,10	1228,78
605,30	1185,77
605,49	1191,92
605,68	1239,02
605,87	1206,25
606,07	1185,77
606,26	1146,86
606,45	1148,91
606,64	1273,84
606,84	1210,35
607,03	1224,69
607,22	1193,97
607,41	1218,54
607,60	1224,69
607,80	1212,40
607,99	1239,02
608,18	1210,35
608,37	1290,22
608,56	1230,83
608,76	1146,86
608,95	1163,25
609,14	1206,25
609,33	1204,21
609,52	1273,84
609,72	1175,53
609,91	1216,49
610,10	1245,16
610,29	1220,59
610,48	1245,16
610,68	1161,20
610,87	1214,45
611,06	1187,82
611,25	1169,39
611,44	1132,53
611,63	1183,73
611,83	1179,63
612,02	1202,16
612,21	1171,44
612,40	1191,92
612,59	1157,10
612,79	1236,97
612,98	1241,07
613,17	1181,68
613,36	1202,16
613,55	1241,07
613,74	1163,25
613,93	1210,35
614,13	1263,60
614,32	1212,40
614,51	1173,49
614,70	1204,21
614,89	1062,90
615,08	1210,35
615,28	1148,91
615,47	1220,59
615,66	1181,68
615,85	1224,69
616,04	1181,68
616,23	1169,39
616,42	1198,06
616,62	1230,83
616,81	1183,73
617,00	1196,01
617,19	1273,84
617,38	1220,59
617,57	1159,15
617,76	1122,29
617,95	1228,78
618,15	1249,26
618,34	1191,92
618,53	1239,02
618,72	1189,87
618,91	1159,15
619,10	1224,69
619,29	1196,01
619,48	1214,45
619,68	1183,73
619,87	1243,12
620,06	1216,49
620,25	1189,87
620,44	1249,26
620,63	1208,30
620,82	1216,49
621,01	1130,48
621,20	1173,49
621,39	1216,49
621,59	1241,07
621,78	1198,06
621,97	1232,88
622,16	1263,60
622,35	1165,29
622,54	1138,67
622,73	1177,58
622,92	1236,97
623,11	1243,12
623,30	1167,34
623,49	1249,26
623,68	1214,45
623,88	1196,01
624,07	1228,78
624,26	1214,45
624,45	1204,21
624,64	1185,77
624,83	1214,45
625,02	1185,77
625,21	1218,54
625,40	1218,54
625,59	1232,88
625,78	1198,06
625,97	1239,02
626,16	1216,49
626,35	1142,77
626,54	1230,83
626,74	1218,54
626,93	1249,26
627,12	1249,26
627,31	1232,88
627,50	1271,79
627,69	1202,16
627,88	1185,77
628,07	1200,11
628,26	1189,87
628,45	1157,10
628,64	1157,10
628,83	1196,01
629,02	1175,53
629,21	1191,92
629,40	1193,97
629,59	1187,82
629,78	1218,54
629,97	1196,01
630,16	1253,36
630,35	1232,88
630,54	1173,49
630,73	1222,64
630,92	1251,31
631,11	1269,74
631,30	1210,35
631,49	1253,36
631,68	1378,28
631,87	2621,40
632,06	8929,14
632,25	19003,10
632,44	23824,02
632,63	30690,86
632,82	15916,81
633,01	8828,79
633,20	4270,01
633,39	2207,71
633,58	1685,48
633,77	1869,80
633,96	1742,82
634,15	1417,19
634,34	1423,34
634,53	1347,56
634,72	1284,08
634,91	1292,27
635,10	1333,23
635,29	1318,89
635,48	1312,75
635,67	1271,79
635,86	1216,49
636,05	1208,30
636,24	1193,97
636,43	1224,69
636,62	1259,50
636,81	1236,97
637,00	1198,06
637,19	1187,82
637,38	1239,02
637,57	1249,26
637,76	1181,68
637,95	1284,08
638,14	1196,01
638,33	1220,59
638,52	1177,58
638,71	1243,12
638,89	1241,07
639,08	1189,87
639,27	1222,64
639,46	1169,39
639,65	1249,26
639,84	1216,49
640,03	1257,45
640,22	1204,21
640,41	1236,97
640,60	1153,01
640,79	1150,96
640,98	1245,16
641,17	1169,39
641,36	1222,64
641,55	1181,68
641,74	1177,58
641,92	1165,29
642,11	1202,16
642,30	1169,39
642,49	1200,11
642,68	1267,69
642,87	1220,59
643,06	1228,78
643,25	1116,14
643,44	1193,97
643,63	1187,82
643,82	1251,31
644,00	1159,15
644,19	1236,97
644,38	1224,69
644,57	1181,68
644,76	1263,60
644,95	1200,11
645,14	1165,29
645,33	1146,86
645,52	1284,08
645,71	1200,11
645,89	1239,02
646,08	1220,59
646,27	1216,49
646,46	1236,97
646,65	1146,86
646,84	1200,11
647,03	1191,92
647,22	1230,83
647,40	1155,05
647,59	1167,34
647,78	1153,01
647,97	1228,78
648,16	1163,25
648,35	1206,25
648,54	1167,34
648,73	1159,15
648,91	1183,73
649,10	1183,73
649,29	1204,21
649,48	1196,01
649,67	1142,77
649,86	1214,45
650,05	1206,25
650,23	1220,59
650,42	1273,84
650,61	1202,16
650,80	1216,49
650,99	1183,73
651,18	1247,21
651,36	1191,92
651,55	1198,06
651,74	1212,40
651,93	1165,29
652,12	1189,87
652,31	1232,88
652,49	1181,68
652,68	1210,35
652,87	1261,55
653,06	1220,59
653,25	1222,64
653,44	1183,73
653,62	1251,31
653,81	1171,44
654,00	1277,93
654,19	1185,77
654,38	1214,45
654,56	1193,97
654,75	1216,49
654,94	1202,16
655,13	1132,53
655,32	1282,03
655,51	1247,21
655,69	1110,00
655,88	1214,45
656,07	1103,86
656,26	1175,53
656,45	1157,10
656,63	1228,78
656,82	1204,21
657,01	1198,06
657,20	1175,53
657,38	1279,98
657,57	1212,40
657,76	1224,69
657,95	1251,31
658,14	1267,69
658,32	1099,76
658,51	1257,45
658,70	1169,39
658,89	1220,59
659,08	1212,40
659,26	1167,34
659,45	1187,82
659,64	1290,22
659,83	1234,93
660,01	1177,58
660,20	1218,54
660,39	1196,01
660,58	1216,49
660,76	1210,35
660,95	1251,31
661,14	1187,82
661,33	1196,01
661,51	1298,41
661,70	1140,72
661,89	1222,64
662,08	1196,01
662,26	1169,39
662,45	1140,72
662,64	1214,45
662,83	1169,39
663,01	1142,77
663,20	1228,78
663,39	1230,83
663,58	1214,45
663,76	1179,63
663,95	1206,25
664,14	1200,11
664,32	1171,44
664,51	1265,64
664,70	1155,05
664,89	1196,01
665,07	1228,78
665,26	1173,49
665,45	1179,63
665,64	1140,72
665,82	1196,01
666,01	1210,35
666,20	1255,40
666,38	1181,68
666,57	1236,97
666,76	1161,20
666,95	1228,78
667,13	1243,12
667,32	1196,01
667,51	1234,93
667,69	1144,81
667,88	1187,82
668,07	1200,11
668,25	1212,40
668,44	1177,58
668,63	1214,45
668,81	1179,63
669,00	1218,54
669,19	1175,53
669,38	1245,16
669,56	1249,26
669,75	1193,97
669,94	1210,35
670,12	1179,63
670,31	1255,40
670,50	1210,35
670,68	1230,83
670,87	1259,50
671,06	1226,73
671,24	1191,92
671,43	1191,92
671,62	1165,29
671,80	1236,97
671,99	1228,78
672,18	1128,43
672,36	1126,38
672,55	1200,11
672,74	1187,82
672,92	1212,40
673,11	1206,25
673,29	1196,01
673,48	1146,86
673,67	1214,45
673,85	1198,06
674,04	1150,96
674,23	1200,11
674,41	1155,05
674,60	1146,86
674,79	1196,01
674,97	1189,87
675,16	1148,91
675,34	1150,96
675,53	1216,49
675,72	1159,15
675,90	1187,82
676,09	1140,72
676,28	1273,84
676,46	1222,64
676,65	1206,25
676,83	1189,87
677,02	1249,26
677,21	1138,67
677,39	1148,91
677,58	1202,16
677,77	1210,35
677,95	1249,26
678,14	1208,30
678,32	1173,49
678,51	1208,30
678,70	1284,08
678,88	1177,58
679,07	1208,30
679,25	1105,90
679,44	1208,30
679,63	1183,73
679,81	1202,16
680,00	1298,41
680,18	1177,58
680,37	1243,12
680,55	1183,73
680,74	1222,64
680,93	1261,55
681,11	1208,30
681,30	1204,21
681,48	1128,43
681,67	1206,25
681,85	1187,82
682,04	1232,88
682,23	1251,31
682,41	1290,22
682,60	1218,54
682,78	1228,78
682,97	1222,64
683,15	1198,06
683,34	1155,05
683,53	1187,82
683,71	1196,01
683,90	1210,35
684,08	1208,30
684,27	1261,55
684,45	1179,63
684,64	1177,58
684,82	1273,84
685,01	1251,31
685,19	1208,30
685,38	1196,01
685,57	1243,12
685,75	1232,88
685,94	1198,06
686,12	1204,21
686,31	1159,15
686,49	1263,60
686,68	1206,25
686,86	1257,45
687,05	1228,78
687,23	1249,26
687,42	1179,63
687,60	1173,49
687,79	1210,35
687,97	1202,16
688,16	1245,16
688,34	1132,53
688,53	1257,45
688,71	1249,26
688,90	1222,64
689,08	1132,53
689,27	1126,38
689,45	1185,77
689,64	1230,83
689,82	1220,59
690,01	1222,64
690,19	1183,73
690,38	1214,45
690,56	1171,44
690,75	1191,92
690,93	1208,30
691,12	1191,92
691,30	1234,93
691,49	1148,91
691,67	1150,96
691,86	1191,92
692,04	1150,96
692,23	1116,14
692,41	1236,97
692,60	1179,63
692,78	1251,31
692,97	1191,92
693,15	1212,40
693,34	1239,02
693,52	1175,53
693,71	1273,84
693,89	1087,47
694,08	1232,88
694,26	1214,45
694,44	1173,49
694,63	1253,36
694,81	1214,45
695,00	1165,29
695,18	1167,34
695,37	1216,49
695,55	1183,73
695,74	1206,25
695,92	1214,45
696,10	1200,11
696,29	1210,35
696,47	1193,97
696,66	1148,91
696,84	1220,59
697,03	1171,44
697,21	1251,31
697,40	1265,64
697,58	1208,30
697,76	1228,78
697,95	1263,60
698,13	1179,63
698,32	1265,64
698,50	1165,29
698,68	1230,83
698,87	1150,96
699,05	1191,92
699,24	1150,96
699,42	1234,93
699,61	1148,91
699,79	1193,97
699,97	1173,49
700,16	1200,11
700,34	1263,60
700,53	1167,34
700,71	1089,52
700,89	1165,29
701,08	1243,12
701,26	1259,50
701,45	1236,97
701,63	1167,34
701,81	1136,62
702,00	1243,12
702,18	1169,39
702,37	1216,49
702,55	1236,97
702,73	1183,73
702,92	1138,67
703,10	1189,87
703,28	1187,82
703,47	1183,73
703,65	1208,30
703,84	1224,69
704,02	1196,01
704,20	1247,21
704,39	1191,92
704,57	1210,35
704,75	1177,58
704,94	1187,82
705,12	1193,97
705,30	1265,64
705,49	1171,44
705,67	1220,59
705,86	1185,77
706,04	1224,69
706,22	1202,16
706,41	1167,34
706,59	1216,49
706,77	1214,45
706,96	1146,86
707,14	1177,58
707,32	1220,59
707,51	1249,26
707,69	1136,62
707,87	1153,01
708,06	1198,06
708,24	1210,35
708,42	1245,16
708,61	1218,54
708,79	1161,20
708,97	1193,97
709,16	1220,59
709,34	1142,77
709,52	1202,16
709,71	1196,01
709,89	1185,77
710,07	1191,92
710,26	1189,87
710,44	1206,25
710,62	1232,88
710,80	1191,92
710,99	1132,53
711,17	1208,30
711,35	1267,69
711,54	1220,59
711,72	1236,97
711,90	1243,12
712,09	1241,07
712,27	1296,36
712,45	1183,73
712,63	1189,87
712,82	1253,36
713,00	1216,49
713,18	1218,54
713,37	1253,36
713,55	1144,81
713,73	1230,83
713,91	1277,93
714,10	1159,15
714,28	1234,93
714,46	1189,87
714,65	1247,21
714,83	1234,93
715,01	1179,63
715,19	1144,81
715,38	1189,87
715,56	1179,63
715,74	1198,06
715,92	1265,64
716,11	1165,29
716,29	1167,34
716,47	1206,25
716,65	1200,11
716,84	1198,06
717,02	1241,07
717,20	1228,78
717,38	1134,57
717,57	1140,72
717,75	1181,68
717,93	1224,69
718,11	1193,97
718,30	1193,97
718,48	1222,64
718,66	1210,35
718,84	1157,10
719,03	1218,54
719,21	1169,39
719,39	1259,50
719,57	1134,57
719,75	1169,39
719,94	1161,20
720,12	1251,31
720,30	1191,92
720,48	1220,59
720,67	1191,92
720,85	1191,92
721,03	1163,25
721,21	1243,12
721,39	1198,06
721,58	1198,06
721,76	1159,15
721,94	1173,49
722,12	1222,64
722,30	1249,26
722,49	1187,82
722,67	1202,16
722,85	1191,92
723,03	1185,77
723,21	1159,15
723,40	1163,25
723,58	1247,21
723,76	1241,07
723,94	1167,34
724,12	1216,49
724,30	1218,54
724,49	1232,88
724,67	1179,63
724,85	1161,20
725,03	1183,73
725,21	1173,49
725,40	1173,49
725,58	1241,07
725,76	1179,63
725,94	1191,92
726,12	1251,31
726,30	1189,87
726,49	1222,64
726,67	1189,87
726,85	1230,83
727,03	1216,49
727,21	1265,64
727,39	1259,50
727,57	1175,53
727,76	1236,97
727,94	1146,86
728,12	1153,01
728,30	1216,49
728,48	1157,10
728,66	1230,83
728,84	1224,69
729,03	1228,78
729,21	1226,73
729,39	1193,97
729,57	1200,11
729,75	1208,30
729,93	1224,69
730,11	1255,40
730,30	1136,62
730,48	1243,12
730,66	1202,16
730,84	1187,82
731,02	1200,11
731,20	1181,68
731,38	1241,07
731,56	1118,19
731,74	1155,05
731,93	1144,81
732,11	1243,12
732,29	1218,54
732,47	1105,90
732,65	1214,45
732,83	1196,01
733,01	1167,34
733,19	1169,39
733,37	1163,25
733,56	1136,62
733,74	1148,91
733,92	1189,87
734,10	1193,97
734,28	1177,58
734,46	1179,63
734,64	1202,16
734,82	1163,25
735,00	1191,92
735,18	1273,84
735,36	1189,87
735,54	1243,12
735,73	1175,53
735,91	1210,35
736,09	1146,86
736,27	1216,49
736,45	1167,34
736,63	1220,59
736,81	1191,92
736,99	1173,49
737,17	1216,49
737,35	1159,15
737,53	1218,54
737,71	1220,59
737,89	1204,21
738,07	1208,30
738,25	1136,62
738,43	1200,11
738,61	1175,53
738,80	1173,49
738,98	1245,16
739,16	1224,69
739,34	1224,69
739,52	1224,69
739,70	1202,16
739,88	1202,16
740,06	1220,59
740,24	1140,72
740,42	1208,30
740,60	1191,92
740,78	1312,75
740,96	1224,69
741,14	1155,05
741,32	1271,79
741,50	1187,82
741,68	1140,72
741,86	1144,81
742,04	1204,21
742,22	1159,15
742,40	1167,34
742,58	1171,44
742,76	1183,73
742,94	1198,06
743,12	1163,25
743,30	1220,59
743,48	1183,73
743,66	1222,64
743,84	1245,16
744,02	1167,34
744,20	1236,97
744,38	1208,30
744,56	1165,29
744,74	1206,25
744,92	1142,77
745,10	1228,78
745,28	1144,81
745,46	1255,40
745,64	1228,78
745,82	1306,60
746,00	1167,34
746,18	1202,16
746,36	1243,12
746,54	1200,11
746,72	1208,30
746,90	1124,33
747,08	1218,54
747,26	1245,16
747,44	1224,69
747,62	1243,12
747,80	1185,77
747,98	1222,64
748,15	1159,15
748,33	1236,97
748,51	1191,92
748,69	1167,34
748,87	1148,91
749,05	1214,45
749,23	1241,07
749,41	1239,02
749,59	1210,35
749,77	1247,21
749,95	1181,68
750,13	1107,95
750,31	1208,30
750,49	1200,11
750,67	1210,35
750,85	1177,58
751,03	1208,30
751,20	1202,16
751,38	1259,50
751,56	1175,53
751,74	1187,82
751,92	1193,97
752,10	1245,16
752,28	1249,26
752,46	1210,35
752,64	1159,15
752,82	1167,34
753,00	1226,73
753,18	1189,87
753,35	1206,25
753,53	1220,59
753,71	1169,39
753,89	1247,21
754,07	1165,29
754,25	1198,06
754,43	1185,77
754,61	1232,88
754,79	1183,73
754,97	1136,62
755,14	1220,59
755,32	1173,49
755,50	1183,73
755,68	1132,53
755,86	1218,54
756,04	1196,01
756,22	1206,25
756,40	1132,53
756,57	1185,77
756,75	1146,86
756,93	1257,45
757,11	1167,34
757,29	1167,34
757,47	1232,88
757,65	1191,92
757,82	1236,97
758,00	1236,97
758,18	1181,68
758,36	1189,87
758,54	1159,15
758,72	1140,72
758,90	1120,24
759,07	1239,02
759,25	1284,08
759,43	1165,29
759,61	1216,49
759,79	1247,21
759,97	1181,68
760,15	1206,25
760,32	1230,83
760,50	1200,11
760,68	1218,54
760,86	1216,49
761,04	1171,44
761,22	1232,88
761,39	1155,05
761,57	1181,68
761,75	1132,53
761,93	1196,01
762,11	1146,86
762,28	1204,21
762,46	1198,06
762,64	1228,78
762,82	1255,40
763,00	1206,25
763,18	1230,83
763,35	1183,73
763,53	1171,44
763,71	1134,57
763,89	1247,21
764,07	1146,86
764,24	1126,38
764,42	1206,25
764,60	1208,30
764,78	1185,77
764,96	1196,01
765,13	1206,25
765,31	1302,51
765,49	1239,02
765,67	1142,77
765,84	1181,68
766,02	1234,93
766,20	1193,97
766,38	1181,68
766,56	1228,78
766,73	1183,73
766,91	1212,40
767,09	1245,16
767,27	1232,88
767,44	1251,31
767,62	1212,40
767,80	1210,35
767,98	1214,45
768,15	1198,06
768,33	1253,36
768,51	1173,49
768,69	1193,97
768,87	1175,53
769,04	1167,34
769,22	1167,34
769,40	1204,21
769,58	1155,05
769,75	1177,58
769,93	1189,87
770,11	1191,92
770,28	1191,92
770,46	1216,49
770,64	1204,21
770,82	1228,78
770,99	1236,97
771,17	1257,45
771,35	1196,01
771,53	1275,88
771,70	1183,73
771,88	1179,63
772,06	1222,64
772,23	1263,60
772,41	1187,82
772,59	1183,73
772,77	1181,68
772,94	1212,40
773,12	1216,49
773,30	1179,63
773,47	1187,82
773,65	1230,83
773,83	1163,25
774,01	1142,77
774,18	1202,16
774,36	1257,45
774,54	1142,77
774,71	1193,97
774,89	1163,25
775,07	1173,49
775,24	1196,01
775,42	1210,35
775,60	1271,79
775,78	1232,88
775,95	1142,77
776,13	1228,78
776,31	1202,16
776,48	1175,53
776,66	1239,02
776,84	1196,01
777,01	1159,15
777,19	1171,44
777,37	1265,64
777,54	1148,91
777,72	1206,25
777,90	1224,69
778,07	1191,92
778,25	1220,59
778,43	1202,16
778,60	1196,01
778,78	1290,22
778,96	1236,97
779,13	1200,11
779,31	1243,12
779,49	1216,49
779,66	1243,12
779,84	1173,49
780,01	1196,01
780,19	1206,25
780,37	1193,97
780,54	1259,50
780,72	1245,16
780,90	1263,60
781,07	1255,40
781,25	1210,35
781,43	1173,49
781,60	1150,96
781,78	1232,88
781,95	1177,58
782,13	1183,73
782,31	1185,77
782,48	1183,73
782,66	1159,15
782,83	1140,72
783,01	1167,34
783,19	1228,78
783,36	1220,59
783,54	1241,07
783,72	1294,32
783,89	1159,15
784,07	1222,64
784,24	1245,16
784,42	1255,40
784,60	1161,20
784,77	1204,21
784,95	1126,38
785,12	1159,15
785,30	1198,06
785,47	1120,24
785,65	1253,36
785,83	1226,73
786,00	1177,58
786,18	1249,26
786,35	1247,21
786,53	1163,25
786,71	1228,78
786,88	1249,26
787,06	1218,54
787,23	1214,45
787,41	1210,35
787,58	1230,83
787,76	1144,81
787,94	1218,54
788,11	1202,16
788,29	1249,26
788,46	1159,15
788,64	1216,49
788,81	1212,40
788,99	1222,64
789,16	1204,21
789,34	1198,06
789,52	1191,92
789,69	1241,07
789,87	1216,49
790,04	1105,90
790,22	1163,25
790,39	1177,58
790,57	1208,30
790,74	1204,21
790,92	1236,97
791,09	1228,78
791,27	1228,78
791,44	1150,96
791,62	1239,02
791,79	1200,11
791,97	1179,63
792,15	1167,34
792,32	1224,69
792,50	1206,25
792,67	1239,02
792,85	1181,68
793,02	1249,26
793,20	1216,49
793,37	1255,40
793,55	1208,30
793,72	1185,77
793,90	1198,06
794,07	1171,44
794,25	1179,63
794,42	1173,49
794,60	1122,29
794,77	1198,06
794,95	1269,74
795,12	1239,02
795,30	1112,05
795,47	1200,11
795,65	1232,88
795,82	1191,92
796,00	1122,29
796,17	1220,59
796,34	1185,77
796,52	1165,29
796,69	1202,16
796,87	1212,40
797,04	1230,83
797,22	1228,78
797,39	1218,54
797,57	1144,81
797,74	1212,40
797,92	1257,45
798,09	1200,11
798,27	1212,40
798,44	1261,55
798,62	1193,97
798,79	1159,15
798,96	1114,10
799,14	1253,36
799,31	1273,84
799,49	1206,25
799,66	1212,40
799,84	1261,55
800,01	1159,15
800,19	1196,01
800,36	1200,11
800,53	1193,97
800,71	1175,53
800,88	1232,88
801,06	1165,29
801,23	1296,36
801,41	1202,16
801,58	1167,34
801,75	1181,68
801,93	1200,11
802,10	1173,49
802,28	1181,68
802,45	1216,49
802,63	1167,34
802,80	1148,91
802,97	1232,88
803,15	1169,39
803,32	1230,83
803,50	1118,19
803,67	1189,87
803,84	1302,51
804,02	1165,29
804,19	1232,88
804,37	1167,34
804,54	1212,40
804,71	1183,73
804,89	1126,38
805,06	1159,15
805,24	1146,86
805,41	1142,77
805,58	1165,29
805,76	1179,63
805,93	1189,87
806,10	1247,21
806,28	1208,30
806,45	1193,97
806,63	1181,68
806,80	1114,10
806,97	1300,46
807,15	1216,49
807,32	1159,15
807,49	1224,69
807,67	1198,06
807,84	1249,26
808,01	1236,97
808,19	1202,16
808,36	1173,49
808,54	1253,36
808,71	1208,30
808,88	1202,16
809,06	1150,96
809,23	1271,79
809,40	1204,21
809,58	1153,01
809,75	1165,29
809,92	1157,10
810,10	1150,96
810,27	1191,92
810,44	1191,92
810,62	1189,87
810,79	1142,77
810,96	1212,40
811,14	1183,73
811,31	1230,83
811,48	1165,29
811,66	1212,40
811,83	1171,44
812,00	1177,58
812,18	1218,54
812,35	1167,34
812,52	1173,49
812,69	1200,11
812,87	1204,21
813,04	1144,81
813,21	1159,15
813,39	1239,02
813,56	1208,30
813,73	1167,34
813,91	1200,11
814,08	1220,59
814,25	1185,77
814,42	1220,59
814,60	1142,77
814,77	1196,01
814,94	1183,73
815,12	1167,34
815,29	1159,15
815,46	1245,16
815,63	1177,58
815,81	1253,36
815,98	1253,36
816,15	1140,72
816,33	1241,07
816,50	1226,73
816,67	1222,64
816,84	1140,72
817,02	1189,87
817,19	1228,78
817,36	1165,29
817,53	1241,07
817,71	1304,56
817,88	1261,55
818,05	1212,40
818,22	1157,10
818,40	1206,25
818,57	1216,49
818,74	1159,15
818,91	1191,92
819,09	1239,02
819,26	1232,88
819,43	1165,29
819,60	1200,11
819,78	1204,21
819,95	1191,92
820,12	1191,92
820,29	1286,12
820,47	1216,49
820,64	1187,82
820,81	1124,33
820,98	1181,68
821,15	1216,49
821,33	1269,74
821,50	1273,84
821,67	1259,50
821,84	1239,02
822,02	1187,82
822,19	1234,93
822,36	1202,16
822,53	1216,49
822,70	1212,40
822,88	1224,69
823,05	1216,49
823,22	1144,81
823,39	1198,06
823,56	1122,29
823,74	1185,77
823,91	1193,97
824,08	1126,38
824,25	1214,45
824,42	1226,73
824,60	1212,40
824,77	1208,30
824,94	1163,25
825,11	1146,86
825,28	1196,01
825,45	1112,05
825,63	1222,64
825,80	1249,26
825,97	1220,59
826,14	1206,25
826,31	1279,98
826,48	1206,25
826,66	1216,49
826,83	1208,30
827,00	1232,88
827,17	1224,69
827,34	1232,88
827,51	1210,35
827,69	1161,20
827,86	1146,86
828,03	1228,78
828,20	1157,10
828,37	1263,60
828,54	1181,68
828,71	1163,25
828,89	1214,45
829,06	1185,77
829,23	1150,96
829,40	1200,11
829,57	1163,25
829,74	1163,25
829,91	1146,86
830,09	1241,07
830,26	1161,20
830,43	1216,49
830,60	1282,03
830,77	1261,55
830,94	1196,01
831,11	1153,01
831,28	1206,25
831,46	1146,86
831,63	1146,86
831,80	1171,44
831,97	1196,01
832,14	1198,06
832,31	1241,07
832,48	1277,93
832,65	1185,77
832,82	1110,00
832,99	1220,59
833,17	1232,88
833,34	1196,01
833,51	1165,29
833,68	1224,69
833,85	1202,16
834,02	1226,73
834,19	1206,25
834,36	1284,08
834,53	1212,40
834,70	1165,29
834,87	1269,74
835,04	1202,16
835,22	1175,53
835,39	1204,21
835,56	1208,30
835,73	1140,72
835,90	1187,82
836,07	1230,83
836,24	1222,64
836,41	1198,06
836,58	1165,29
836,75	1232,88
836,92	1177,58
837,09	1142,77
837,26	1163,25
837,43	1191,92
837,60	1243,12
837,77	1202,16
837,94	1150,96
838,12	1181,68
838,29	1210,35
838,46	1206,25
838,63	1224,69
838,80	1163,25
838,97	1187,82
839,14	1142,77
839,31	1212,40
839,48	1220,59
839,65	1165,29
839,82	1206,25
839,99	1177,58
840,16	1241,07
840,33	1132,53
840,50	1236,97
840,67	1212,40
840,84	1259,50
841,01	1232,88
841,18	1212,40
841,35	1155,05
841,52	1216,49
841,69	1202,16
841,86	1206,25
842,03	1212,40
842,20	1290,22
842,37	1171,44
842,54	1179,63
842,71	1204,21
842,88	1234,93
843,05	1255,40
843,22	1159,15
843,39	1261,55
843,56	1185,77
843,73	1196,01
843,90	1167,34
844,07	1155,05
844,24	1167,34
844,41	1130,48
844,58	1159,15
844,75	1277,93
844,92	1236,97
845,09	1216,49
845,26	1148,91
845,43	1175,53
845,60	1193,97
845,77	1226,73
845,94	1255,40
846,10	1226,73
846,27	1167,34
846,44	1259,50
846,61	1153,01
846,78	1153,01
846,95	1216,49
847,12	1251,31
847,29	1210,35
847,46	1181,68
847,63	1271,79
847,80	1273,84
847,97	1232,88
848,14	1257,45
848,31	1214,45
848,48	1214,45
848,65	1224,69
848,82	1247,21
848,98	1228,78
849,15	1210,35
849,32	1206,25
849,49	1153,01
849,66	1232,88
849,83	1187,82
850,00	1224,69
850,17	1212,40
850,34	1175,53
850,51	1267,69
850,68	1169,39
850,85	1216,49
851,01	1206,25
851,18	1224,69
851,35	1239,02
851,52	1214,45
851,69	1212,40
851,86	1193,97
852,03	1163,25
852,20	1204,21
852,37	1208,30
852,53	1204,21
852,70	1183,73
852,87	1206,25
853,04	1196,01
853,21	1185,77
853,38	1261,55
853,55	1146,86
853,72	1155,05
853,89	1198,06
854,05	1267,69
854,22	1155,05
854,39	1165,29
854,56	1191,92
854,73	1210,35
854,90	1146,86
855,07	1261,55
855,23	1122,29
855,40	1202,16
855,57	1183,73
855,74	1247,21
855,91	1177,58
856,08	1142,77
856,25	1146,86
856,41	1163,25
856,58	1187,82
856,75	1251,31
856,92	1232,88
857,09	1236,97
857,26	1187,82
857,42	1140,72
857,59	1216,49
857,76	1208,30
857,93	1247,21
858,10	1187,82
858,27	1185,77
858,43	1245,16
858,60	1118,19
858,77	1230,83
858,94	1204,21
859,11	1150,96
859,27	1214,45
859,44	1165,29
859,61	1230,83
859,78	1247,21
859,95	1179,63
860,12	1261,55
860,28	1144,81
860,45	1259,50
860,62	1226,73
860,79	1259,50
860,95	1232,88
861,12	1183,73
861,29	1200,11
861,46	1255,40
861,63	1181,68
861,79	1228,78
861,96	1171,44
862,13	1196,01
862,30	1230,83
862,47	1216,49
862,63	1228,78
862,80	1169,39
862,97	1150,96
863,14	1206,25
863,30	1206,25
863,47	1177,58
863,64	1226,73
863,81	1097,71
863,97	1218,54
864,14	1245,16
864,31	1202,16
864,48	1216,49
864,65	1253,36
864,81	1095,66
864,98	1222,64
865,15	1226,73
865,32	1200,11
865,48	1177,58
865,65	1204,21
865,82	1200,11
865,98	1243,12
866,15	1253,36
866,32	1210,35
866,49	1198,06
866,65	1234,93
866,82	1202,16
866,99	1183,73
867,16	1198,06
867,32	1144,81
867,49	1191,92
867,66	1169,39
867,83	1241,07
867,99	1155,05
868,16	1236,97
868,33	1204,21
868,49	1200,11
868,66	1255,40
868,83	1214,45
868,99	1193,97
869,16	1253,36
869,33	1218,54
869,50	1138,67
869,66	1187,82
869,83	1269,74
870,00	1157,10
870,16	1142,77
870,33	1187,82
870,50	1212,40
870,66	1228,78
870,83	1290,22
871,00	1148,91
871,17	1226,73
871,33	1187,82
871,50	1220,59
871,67	1292,27
871,83	1247,21
872,00	1177,58
872,17	1267,69
872,33	1171,44
872,50	1212,40
872,67	1157,10
872,83	1206,25
873,00	1257,45
873,17	1198,06
873,33	1189,87
873,50	1140,72
873,67	1245,16
873,83	1212,40
874,00	1222,64
874,16	1153,01
874,33	1193,97
874,50	1239,02
874,66	1159,15
874,83	1144,81
875,00	1284,08
875,16	1218,54
875,33	1148,91
875,50	1150,96
875,66	1234,93
875,83	1103,86
875,99	1171,44
876,16	1208,30
876,33	1185,77
876,49	1136,62
876,66	1198,06
876,83	1296,36
876,99	1134,57
877,16	1226,73
877,32	1284,08
877,49	1140,72
877,66	1169,39
877,82	1239,02
877,99	1181,68
878,15	1202,16
878,32	1239,02
878,49	1187,82
878,65	1261,55
878,82	1122,29
878,98	1150,96
879,15	1247,21
879,32	1206,25
879,48	1200,11
879,65	1169,39
879,81	1159,15
879,98	1224,69
880,15	1200,11
880,31	1171,44
880,48	1212,40
880,64	1144,81
880,81	1232,88
880,97	1214,45
881,14	1247,21
881,31	1159,15
881,47	1146,86
881,64	1198,06
881,80	1175,53
881,97	1146,86
882,13	1232,88
882,30	1095,66
882,47	1173,49
882,63	1228,78
882,80	1208,30
882,96	1230,83
883,13	1236,97
883,29	1208,30
883,46	1173,49
883,62	1275,88
883,79	1138,67
883,95	1167,34
884,12	1122,29
884,29	1279,98
884,45	1193,97
884,62	1212,40
884,78	1173,49
884,95	1120,24
885,11	1253,36
885,28	1105,90
885,44	1173,49
885,61	1200,11
885,77	1134,57
885,94	1259,50
886,10	1210,35
886,27	1155,05
886,43	1200,11
886,60	1163,25
886,76	1232,88
886,93	1167,34
887,09	1198,06
887,26	1200,11
887,42	1161,20
887,59	1167,34
887,75	1183,73
887,92	1236,97
888,08	1189,87
888,25	1144,81
888,41	1142,77
888,58	1130,48
888,74	1210,35
888,91	1159,15
