177,47	1183,73
177,69	1183,73
177,91	1183,73
178,13	1140,72
178,36	1177,58
178,58	1191,92
178,80	1277,93
179,02	1214,45
179,24	1153,01
179,46	1239,02
179,68	1263,60
179,90	1175,53
180,13	1140,72
180,35	1148,91
180,57	1196,01
180,79	1150,96
181,01	1107,95
181,23	1130,48
181,45	1234,93
181,67	1153,01
181,90	1228,78
182,12	1179,63
182,34	1228,78
182,56	1196,01
182,78	1134,57
183,00	1118,19
183,22	1200,11
183,44	1224,69
183,66	1150,96
183,89	1265,64
184,11	1212,40
184,33	1177,58
184,55	1150,96
184,77	1196,01
184,99	1210,35
185,21	1191,92
185,43	1243,12
185,65	1155,05
185,87	1200,11
186,10	1169,39
186,32	1103,86
186,54	1155,05
186,76	1175,53
186,98	1167,34
187,20	1193,97
187,42	1177,58
187,64	1212,40
187,86	1183,73
188,08	1159,15
188,30	1202,16
188,52	1267,69
188,75	1214,45
188,97	1228,78
189,19	1226,73
189,41	1243,12
189,63	1196,01
189,85	1232,88
190,07	1167,34
190,29	1200,11
190,51	1224,69
190,73	1179,63
190,95	1191,92
191,17	1140,72
191,39	1175,53
191,61	1157,10
191,84	1196,01
192,06	1191,92
192,28	1107,95
192,50	1273,84
192,72	1269,74
192,94	1200,11
193,16	1153,01
193,38	1134,57
193,60	1175,53
193,82	1165,29
194,04	1130,48
194,26	1187,82
194,48	1167,34
194,70	1124,33
194,92	1245,16
195,14	1206,25
195,36	1171,44
195,58	1251,31
195,80	1114,10
196,02	1204,21
196,24	1249,26
196,46	1208,30
196,69	1179,63
196,91	1224,69
197,13	1228,78
197,35	1140,72
197,57	1167,34
197,79	1239,02
198,01	1234,93
198,23	1175,53
198,45	1181,68
198,67	1193,97
198,89	1142,77
199,11	1206,25
199,33	1150,96
199,55	1247,21
199,77	1193,97
199,99	1196,01
200,21	1220,59
200,43	1140,72
200,65	1101,81
200,87	1236,97
201,09	1208,30
201,31	1189,87
201,53	1200,11
201,75	1181,68
201,97	1239,02
202,19	1224,69
202,41	1208,30
202,63	1216,49
202,85	1175,53
203,07	1212,40
203,29	1155,05
203,51	1273,84
203,73	1206,25
203,95	1175,53
204,17	1175,53
204,39	1263,60
204,61	1163,25
204,83	1193,97
205,05	1196,01
205,27	1222,64
205,49	1202,16
205,71	1177,58
205,93	1222,64
206,15	1153,01
206,37	1148,91
206,59	1107,95
206,81	1228,78
207,03	1245,16
207,25	1155,05
207,47	1179,63
207,69	1212,40
207,91	1179,63
208,13	1220,59
208,34	1107,95
208,56	1150,96
208,78	1224,69
209,00	1216,49
209,22	1196,01
209,44	1196,01
209,66	1236,97
209,88	1200,11
210,10	1267,69
210,32	1148,91
210,54	1249,26
210,76	1210,35
210,98	1216,49
211,20	1157,10
211,42	1208,30
211,64	1142,77
211,86	1198,06
212,08	1216,49
212,30	1208,30
212,52	1132,53
212,74	1171,44
212,96	1181,68
213,17	1193,97
213,39	1220,59
213,61	1208,30
213,83	1222,64
214,05	1263,60
214,27	1155,05
214,49	1120,24
214,71	1159,15
214,93	1288,17
215,15	1144,81
215,37	1181,68
215,59	1142,77
215,81	1120,24
216,03	1128,43
216,24	1200,11
216,46	1171,44
216,68	1181,68
216,90	1200,11
217,12	1224,69
217,34	1230,83
217,56	1208,30
217,78	1175,53
218,00	1175,53
218,22	1198,06
218,44	1198,06
218,66	1191,92
218,87	1206,25
219,09	1226,73
219,31	1171,44
219,53	1171,44
219,75	1224,69
219,97	1142,77
220,19	1249,26
220,41	1163,25
220,63	1206,25
220,85	1241,07
221,06	1150,96
221,28	1179,63
221,50	1269,74
221,72	1239,02
221,94	1251,31
222,16	1142,77
222,38	1208,30
222,60	1181,68
222,82	1259,50
223,03	1163,25
223,25	1261,55
223,47	1198,06
223,69	1198,06
223,91	1169,39
224,13	1255,40
224,35	1187,82
224,57	1206,25
224,78	1224,69
225,00	1165,29
225,22	1179,63
225,44	1179,63
225,66	1073,14
225,88	1255,40
226,10	1171,44
226,32	1216,49
226,53	1204,21
226,75	1187,82
226,97	1230,83
227,19	1167,34
227,41	1212,40
227,63	1249,26
227,85	1239,02
228,06	1189,87
228,28	1193,97
228,50	1234,93
228,72	1196,01
228,94	1165,29
229,16	1206,25
229,37	1249,26
229,59	1200,11
229,81	1200,11
230,03	1171,44
230,25	1118,19
230,47	1177,58
230,69	1230,83
230,90	1236,97
231,12	1134,57
231,34	1216,49
231,56	1185,77
231,78	1210,35
232,00	1191,92
232,21	1142,77
232,43	1222,64
232,65	1220,59
232,87	1161,20
233,09	1148,91
233,30	1236,97
233,52	1191,92
233,74	1224,69
233,96	1226,73
234,18	1150,96
234,40	1230,83
234,61	1222,64
234,83	1153,01
235,05	1228,78
235,27	1261,55
235,49	1193,97
235,70	1142,77
235,92	1220,59
236,14	1083,38
236,36	1279,98
236,58	1130,48
236,79	1196,01
237,01	1144,81
237,23	1175,53
237,45	1175,53
237,67	1159,15
237,88	1114,10
238,10	1263,60
238,32	1228,78
238,54	1204,21
238,76	1173,49
238,97	1222,64
239,19	1150,96
239,41	1241,07
239,63	1228,78
239,85	1255,40
240,06	1212,40
240,28	1155,05
240,50	1181,68
240,72	1150,96
240,93	1167,34
241,15	1148,91
241,37	1245,16
241,59	1189,87
241,81	1118,19
242,02	1247,21
242,24	1161,20
242,46	1282,03
242,68	1146,86
242,89	1204,21
243,11	1200,11
243,33	1173,49
243,55	1157,10
243,76	1200,11
243,98	1220,59
244,20	1165,29
244,42	1136,62
244,64	1200,11
244,85	1193,97
245,07	1218,54
245,29	1193,97
245,51	1243,12
245,72	1196,01
245,94	1179,63
246,16	1259,50
246,38	1179,63
246,59	1212,40
246,81	1155,05
247,03	1202,16
247,24	1177,58
247,46	1089,52
247,68	1251,31
247,90	1185,77
248,11	1120,24
248,33	1239,02
248,55	1220,59
248,77	1140,72
248,98	1187,82
249,20	1239,02
249,42	1251,31
249,64	1187,82
249,85	1257,45
250,07	1206,25
250,29	1239,02
250,50	1181,68
250,72	1189,87
250,94	1265,64
251,16	1259,50
251,37	1097,71
251,59	1107,95
251,81	1163,25
252,02	1196,01
252,24	1128,43
252,46	1208,30
252,68	1175,53
252,89	1167,34
253,11	1159,15
253,33	1220,59
253,54	1169,39
253,76	1222,64
253,98	1228,78
254,20	1171,44
254,41	1212,40
254,63	1222,64
254,85	1167,34
255,06	1183,73
255,28	1191,92
255,50	1245,16
255,71	1169,39
255,93	1247,21
256,15	1138,67
256,36	1150,96
256,58	1216,49
256,80	1163,25
257,02	1134,57
257,23	1222,64
257,45	1185,77
257,67	1220,59
257,88	1148,91
258,10	1193,97
258,32	1222,64
258,53	1189,87
258,75	1222,64
258,97	1243,12
259,18	1230,83
259,40	1167,34
259,62	1253,36
259,83	1243,12
260,05	1226,73
260,27	1245,16
260,48	1245,16
260,70	1177,58
260,92	1212,40
261,13	1216,49
261,35	1245,16
261,57	1167,34
261,78	1193,97
262,00	1187,82
262,22	1253,36
262,43	1177,58
262,65	1218,54
262,86	1226,73
263,08	1175,53
263,30	1193,97
263,51	1224,69
263,73	1179,63
263,95	1189,87
264,16	1132,53
264,38	1202,16
264,60	1198,06
264,81	1157,10
265,03	1132,53
265,25	1200,11
265,46	1126,38
265,68	1183,73
265,89	1193,97
266,11	1232,88
266,33	1216,49
266,54	1218,54
266,76	1241,07
266,98	1167,34
267,19	1232,88
267,41	1214,45
267,62	1169,39
267,84	1167,34
268,06	1279,98
268,27	1257,45
268,49	1183,73
268,70	1286,12
268,92	1173,49
269,14	1230,83
269,35	1265,64
269,57	1191,92
269,79	1198,06
270,00	1191,92
270,22	1232,88
270,43	1161,20
270,65	1187,82
270,87	1210,35
271,08	1161,20
271,30	1193,97
271,51	1191,92
271,73	1181,68
271,95	1189,87
272,16	1173,49
272,38	1230,83
272,59	1210,35
272,81	1202,16
273,02	1181,68
273,24	1206,25
273,46	1148,91
273,67	1187,82
273,89	1173,49
274,10	1253,36
274,32	1157,10
274,54	1173,49
274,75	1181,68
274,97	1224,69
275,18	1161,20
275,40	1212,40
275,61	1232,88
275,83	1230,83
276,05	1284,08
276,26	1150,96
276,48	1193,97
276,69	1187,82
276,91	1239,02
277,12	1140,72
277,34	1224,69
277,55	1265,64
277,77	1279,98
277,99	1202,16
278,20	1181,68
278,42	1187,82
278,63	1191,92
278,85	1155,05
279,06	1159,15
279,28	1173,49
279,49	1150,96
279,71	1279,98
279,93	1230,83
280,14	1167,34
280,36	1226,73
280,57	1230,83
280,79	1159,15
281,00	1167,34
281,22	1175,53
281,43	1200,11
281,65	1196,01
281,86	1279,98
282,08	1212,40
282,29	1208,30
282,51	1187,82
282,73	1228,78
282,94	1212,40
283,16	1179,63
283,37	1116,14
283,59	1167,34
283,80	1136,62
284,02	1259,50
284,23	1200,11
284,45	1267,69
284,66	1165,29
284,88	1265,64
285,09	1200,11
285,31	1189,87
285,52	1177,58
285,74	1191,92
285,95	1208,30
286,17	1222,64
286,38	1206,25
286,60	1198,06
286,81	1200,11
287,03	1210,35
287,24	1239,02
287,46	1191,92
287,67	1191,92
287,89	1126,38
288,10	1200,11
288,32	1236,97
288,53	1230,83
288,75	1224,69
288,96	1191,92
289,18	1208,30
289,39	1218,54
289,61	1118,19
289,82	1202,16
290,04	1200,11
290,25	1232,88
290,47	1175,53
290,68	1193,97
290,90	1234,93
291,11	1175,53
291,33	1206,25
291,54	1187,82
291,76	1236,97
291,97	1181,68
292,18	1226,73
292,40	1206,25
292,61	1187,82
292,83	1243,12
293,04	1218,54
293,26	1196,01
293,47	1196,01
293,69	1224,69
293,90	1249,26
294,12	1210,35
294,33	1259,50
294,55	1075,18
294,76	1216,49
294,97	1173,49
295,19	1187,82
295,40	1122,29
295,62	1167,34
295,83	1220,59
296,05	1230,83
296,26	1218,54
296,48	1146,86
296,69	1146,86
296,90	1167,34
297,12	1204,21
297,33	1161,20
297,55	1177,58
297,76	1234,93
297,98	1247,21
298,19	1181,68
298,41	1175,53
298,62	1204,21
298,83	1191,92
299,05	1136,62
299,26	1196,01
299,48	1210,35
299,69	1224,69
299,90	1228,78
300,12	1253,36
300,33	1216,49
300,55	1146,86
300,76	1155,05
300,98	1210,35
301,19	1243,12
301,40	1222,64
301,62	1181,68
301,83	1230,83
302,05	1173,49
302,26	1138,67
302,47	1265,64
302,69	1185,77
302,90	1222,64
303,12	1200,11
303,33	1177,58
303,54	1206,25
303,76	1198,06
303,97	1191,92
304,19	1148,91
304,40	1187,82
304,61	1216,49
304,83	1236,97
305,04	1142,77
305,26	1171,44
305,47	1228,78
305,68	1232,88
305,90	1177,58
306,11	1218,54
306,33	1136,62
306,54	1114,10
306,75	1208,30
306,97	1165,29
307,18	1193,97
307,39	1212,40
307,61	1196,01
307,82	1163,25
308,04	1153,01
308,25	1193,97
308,46	1165,29
308,68	1212,40
308,89	1236,97
309,10	1150,96
309,32	1159,15
309,53	1218,54
309,74	1198,06
309,96	1120,24
310,17	1212,40
310,39	1224,69
310,60	1169,39
310,81	1081,33
311,03	1105,90
311,24	1214,45
311,45	1267,69
311,67	1265,64
311,88	1206,25
312,09	1118,19
312,31	1183,73
312,52	1146,86
312,73	1136,62
312,95	1171,44
313,16	1212,40
313,37	1333,23
313,59	1191,92
313,80	1191,92
314,01	1202,16
314,23	1073,14
314,44	1200,11
314,65	1255,40
314,87	1196,01
315,08	1118,19
315,29	1157,10
315,51	1196,01
315,72	1249,26
315,93	1216,49
316,15	1196,01
316,36	1177,58
316,57	1189,87
316,79	1163,25
317,00	1146,86
317,21	1189,87
317,43	1124,33
317,64	1218,54
317,85	1224,69
318,07	1216,49
318,28	1148,91
318,49	1251,31
318,70	1222,64
318,92	1175,53
319,13	1200,11
319,34	1128,43
319,56	1265,64
319,77	1171,44
319,98	1230,83
320,20	1179,63
320,41	1165,29
320,62	1116,14
320,83	1202,16
321,05	1169,39
321,26	1202,16
321,47	1232,88
321,69	1198,06
321,90	1167,34
322,11	1157,10
322,32	1173,49
322,54	1189,87
322,75	1183,73
322,96	1191,92
323,18	1150,96
323,39	1228,78
323,60	1200,11
323,81	1132,53
324,03	1114,10
324,24	1187,82
324,45	1208,30
324,66	1265,64
324,88	1216,49
325,09	1212,40
325,30	1169,39
325,52	1167,34
325,73	1183,73
325,94	1167,34
326,15	1128,43
326,37	1196,01
326,58	1167,34
326,79	1241,07
327,00	1243,12
327,22	1206,25
327,43	1245,16
327,64	1208,30
327,85	1257,45
328,07	1220,59
328,28	1218,54
328,49	1206,25
328,70	1206,25
328,92	1165,29
329,13	1208,30
329,34	1212,40
329,55	1269,74
329,76	1241,07
329,98	1157,10
330,19	1249,26
330,40	1196,01
330,61	1257,45
330,83	1167,34
331,04	1220,59
331,25	1220,59
331,46	1179,63
331,68	1214,45
331,89	1198,06
332,10	1155,05
332,31	1271,79
332,52	1216,49
332,74	1210,35
332,95	1171,44
333,16	1171,44
333,37	1179,63
333,58	1175,53
333,80	1212,40
334,01	1228,78
334,22	1171,44
334,43	1208,30
334,64	1214,45
334,86	1212,40
335,07	1185,77
335,28	1226,73
335,49	1144,81
335,70	1169,39
335,92	1167,34
336,13	1214,45
336,34	1204,21
336,55	1173,49
336,76	1196,01
336,98	1196,01
337,19	1165,29
337,40	1228,78
337,61	1081,33
337,82	1220,59
338,04	1212,40
338,25	1216,49
338,46	1163,25
338,67	1183,73
338,88	1222,64
339,09	1146,86
339,31	1159,15
339,52	1179,63
339,73	1241,07
339,94	1232,88
340,15	1204,21
340,36	1130,48
340,58	1218,54
340,79	1177,58
341,00	1222,64
341,21	1218,54
341,42	1144,81
341,63	1183,73
341,85	1177,58
342,06	1138,67
342,27	1189,87
342,48	1191,92
342,69	1161,20
342,90	1243,12
343,12	1118,19
343,33	1222,64
343,54	1128,43
343,75	1202,16
343,96	1202,16
344,17	1177,58
344,38	1153,01
344,60	1116,14
344,81	1187,82
345,02	1210,35
345,23	1214,45
345,44	1200,11
345,65	1171,44
345,86	1138,67
346,07	1228,78
346,29	1208,30
346,50	1273,84
346,71	1239,02
346,92	1243,12
347,13	1175,53
347,34	1214,45
347,55	1204,21
347,76	1136,62
347,98	1200,11
348,19	1193,97
348,40	1239,02
348,61	1196,01
348,82	1218,54
349,03	1249,26
349,24	1171,44
349,45	1222,64
349,66	1173,49
349,88	1189,87
350,09	1226,73
350,30	1193,97
350,51	1173,49
350,72	1171,44
350,93	1265,64
351,14	1204,21
351,35	1134,57
351,56	1146,86
351,77	1181,68
351,99	1251,31
352,20	1255,40
352,41	1247,21
352,62	1318,89
352,83	1163,25
353,04	1167,34
353,25	1189,87
353,46	1241,07
353,67	1253,36
353,88	1196,01
354,09	1243,12
354,30	1220,59
354,52	1185,77
354,73	1269,74
354,94	1167,34
355,15	1218,54
355,36	1183,73
355,57	1175,53
355,78	1198,06
355,99	1120,24
356,20	1171,44
356,41	1187,82
356,62	1185,77
356,83	1181,68
357,04	1243,12
357,25	1134,57
357,46	1210,35
357,68	1175,53
357,89	1220,59
358,10	1196,01
358,31	1177,58
358,52	1193,97
358,73	1198,06
358,94	1175,53
359,15	1157,10
359,36	1181,68
359,57	1214,45
359,78	1183,73
359,99	1187,82
360,20	1175,53
360,41	1249,26
360,62	1150,96
360,83	1169,39
361,04	1132,53
361,25	1165,29
361,46	1198,06
361,67	1155,05
361,88	1245,16
362,09	1284,08
362,30	1191,92
362,51	1163,25
362,72	1214,45
362,93	1161,20
363,14	1187,82
363,35	1202,16
363,56	1216,49
363,78	1198,06
363,99	1193,97
364,20	1247,21
364,41	1191,92
364,62	1142,77
364,83	1232,88
365,04	1183,73
365,25	1275,88
365,46	1189,87
365,67	1155,05
365,88	1171,44
366,09	1210,35
366,30	1157,10
366,51	1202,16
366,72	1310,70
366,93	1189,87
367,14	1142,77
367,35	1259,50
367,56	1146,86
367,77	1261,55
367,98	1165,29
368,18	1153,01
368,39	1142,77
368,60	1220,59
368,81	1173,49
369,02	1216,49
369,23	1146,86
369,44	1208,30
369,65	1165,29
369,86	1204,21
370,07	1179,63
370,28	1224,69
370,49	1130,48
370,70	1177,58
370,91	1142,77
371,12	1155,05
371,33	1206,25
371,54	1206,25
371,75	1206,25
371,96	1177,58
372,17	1198,06
372,38	1236,97
372,59	1251,31
372,80	1132,53
373,01	1181,68
373,22	1185,77
373,43	1210,35
373,64	1214,45
373,85	1226,73
374,06	1202,16
374,26	1224,69
374,47	1277,93
374,68	1239,02
374,89	1189,87
375,10	1206,25
375,31	1171,44
375,52	1136,62
375,73	1220,59
375,94	1224,69
376,15	1247,21
376,36	1179,63
376,57	1175,53
376,78	1236,97
376,99	1206,25
377,20	1202,16
377,40	1155,05
377,61	1212,40
377,82	1146,86
378,03	1216,49
378,24	1241,07
378,45	1183,73
378,66	1208,30
378,87	1167,34
379,08	1208,30
379,29	1144,81
379,50	1183,73
379,71	1189,87
379,91	1212,40
380,12	1130,48
380,33	1200,11
380,54	1105,90
380,75	1196,01
380,96	1165,29
381,17	1206,25
381,38	1222,64
381,59	1236,97
381,80	1128,43
382,00	1179,63
382,21	1253,36
382,42	1214,45
382,63	1196,01
382,84	1241,07
383,05	1142,77
383,26	1218,54
383,47	1216,49
383,68	1257,45
383,88	1171,44
384,09	1138,67
384,30	1169,39
384,51	1159,15
384,72	1153,01
384,93	1216,49
385,14	1173,49
385,35	1259,50
385,55	1263,60
385,76	1173,49
385,97	1214,45
386,18	1138,67
386,39	1128,43
386,60	1150,96
386,81	1234,93
387,02	1243,12
387,22	1269,74
387,43	1179,63
387,64	1107,95
387,85	1212,40
388,06	1222,64
388,27	1241,07
388,48	1208,30
388,68	1173,49
388,89	1265,64
389,10	1171,44
389,31	1206,25
389,52	1251,31
389,73	1206,25
389,93	1163,25
390,14	1251,31
390,35	1142,77
390,56	1253,36
390,77	1191,92
390,98	1142,77
391,18	1234,93
391,39	1134,57
391,60	1120,24
391,81	1175,53
392,02	1214,45
392,23	1261,55
392,43	1187,82
392,64	1159,15
392,85	1181,68
393,06	1179,63
393,27	1261,55
393,47	1112,05
393,68	1204,21
393,89	1181,68
394,10	1191,92
394,31	1212,40
394,52	1124,33
394,72	1179,63
394,93	1273,84
395,14	1249,26
395,35	1179,63
395,56	1177,58
395,76	1239,02
395,97	1130,48
396,18	1165,29
396,39	1249,26
396,60	1232,88
396,80	1216,49
397,01	1269,74
397,22	1228,78
397,43	1181,68
397,64	1271,79
397,84	1191,92
398,05	1146,86
398,26	1210,35
398,47	1200,11
398,67	1175,53
398,88	1267,69
399,09	1200,11
399,30	1239,02
399,51	1193,97
399,71	1210,35
399,92	1173,49
400,13	1183,73
400,34	1228,78
400,54	1204,21
400,75	1196,01
400,96	1136,62
401,17	1253,36
401,37	1155,05
401,58	1118,19
401,79	1175,53
402,00	1124,33
402,21	1239,02
402,41	1216,49
402,62	1191,92
402,83	1189,87
403,04	1200,11
403,24	1165,29
403,45	1210,35
403,66	1167,34
403,87	1216,49
404,07	1243,12
404,28	1239,02
404,49	1271,79
404,70	1191,92
404,90	1257,45
405,11	1210,35
405,32	1173,49
405,52	1269,74
405,73	1165,29
405,94	1105,90
406,15	1253,36
406,35	1230,83
406,56	1198,06
406,77	1175,53
406,98	1167,34
407,18	1208,30
407,39	1196,01
407,60	1202,16
407,80	1179,63
408,01	1259,50
408,22	1275,88
408,43	1075,18
408,63	1175,53
408,84	1175,53
409,05	1191,92
409,25	1241,07
409,46	1130,48
409,67	1140,72
409,88	1159,15
410,08	1159,15
410,29	1185,77
410,50	1132,53
410,70	1181,68
410,91	1126,38
411,12	1185,77
411,32	1163,25
411,53	1175,53
411,74	1212,40
411,95	1177,58
412,15	1198,06
412,36	1167,34
412,57	1214,45
412,77	1202,16
412,98	1179,63
413,19	1163,25
413,39	1236,97
413,60	1200,11
413,81	1271,79
414,01	1193,97
414,22	1196,01
414,43	1142,77
414,63	1191,92
414,84	1257,45
415,05	1095,66
415,25	1189,87
415,46	1177,58
415,67	1157,10
415,87	1200,11
416,08	1202,16
416,29	1157,10
416,49	1200,11
416,70	1193,97
416,91	1204,21
417,11	1171,44
417,32	1196,01
417,53	1191,92
417,73	1173,49
417,94	1255,40
418,15	1259,50
418,35	1183,73
418,56	1212,40
418,77	1226,73
418,97	1290,22
419,18	1132,53
419,38	1234,93
419,59	1196,01
419,80	1239,02
420,00	1118,19
420,21	1179,63
420,42	1257,45
420,62	1255,40
420,83	1249,26
421,04	1218,54
421,24	1105,90
421,45	1167,34
421,65	1206,25
421,86	1146,86
422,07	1171,44
422,27	1183,73
422,48	1173,49
422,69	1189,87
422,89	1259,50
423,10	1216,49
423,30	1216,49
423,51	1200,11
423,72	1206,25
423,92	1226,73
424,13	1165,29
424,33	1226,73
424,54	1224,69
424,75	1198,06
424,95	1216,49
425,16	1236,97
425,36	1105,90
425,57	1185,77
425,78	1202,16
425,98	1140,72
426,19	1175,53
426,39	1134,57
426,60	1208,30
426,81	1196,01
427,01	1148,91
427,22	1239,02
427,42	1175,53
427,63	1261,55
427,83	1239,02
428,04	1191,92
428,25	1177,58
428,45	1230,83
428,66	1181,68
428,86	1257,45
429,07	1144,81
429,28	1267,69
429,48	1245,16
429,69	1230,83
429,89	1107,95
430,10	1183,73
430,30	1167,34
430,51	1157,10
430,71	1212,40
430,92	1253,36
431,13	1214,45
431,33	1239,02
431,54	1204,21
431,74	1181,68
431,95	1220,59
432,15	1269,74
432,36	1226,73
432,56	1130,48
432,77	1245,16
432,98	1245,16
433,18	1239,02
433,39	1212,40
433,59	1236,97
433,80	1257,45
434,00	1187,82
434,21	1185,77
434,41	1142,77
434,62	1181,68
434,82	1216,49
435,03	1200,11
435,23	1079,28
435,44	1249,26
435,64	1185,77
435,85	1157,10
436,06	1122,29
436,26	1179,63
436,47	1122,29
436,67	1232,88
436,88	1265,64
437,08	1200,11
437,29	1169,39
437,49	1218,54
437,70	1241,07
437,90	1212,40
438,11	1247,21
438,31	1181,68
438,52	1148,91
438,72	1161,20
438,93	1208,30
439,13	1171,44
439,34	1218,54
439,54	1232,88
439,75	1204,21
439,95	1255,40
440,16	1171,44
440,36	1257,45
440,57	1212,40
440,77	1202,16
440,98	1304,56
441,18	1214,45
441,39	1169,39
441,59	1173,49
441,80	1247,21
442,00	1214,45
442,21	1175,53
442,41	1224,69
442,62	1214,45
442,82	1271,79
443,02	1239,02
443,23	1167,34
443,43	1140,72
443,64	1226,73
443,84	1157,10
444,05	1142,77
444,25	1196,01
444,46	1241,07
444,66	1177,58
444,87	1218,54
445,07	1185,77
445,28	1187,82
445,48	1136,62
445,69	1241,07
445,89	1216,49
446,09	1228,78
446,30	1214,45
446,50	1140,72
446,71	1191,92
446,91	1214,45
447,12	1187,82
447,32	1239,02
447,53	1171,44
447,73	1241,07
447,93	1163,25
448,14	1212,40
448,34	1175,53
448,55	1198,06
448,75	1234,93
448,96	1122,29
449,16	1155,05
449,36	1241,07
449,57	1226,73
449,77	1230,83
449,98	1132,53
450,18	1298,41
450,39	1253,36
450,59	1224,69
450,79	1179,63
451,00	1114,10
451,20	1134,57
451,41	1265,64
451,61	1200,11
451,81	1241,07
452,02	1247,21
452,22	1290,22
452,43	1173,49
452,63	1234,93
452,84	1224,69
453,04	1234,93
453,24	1187,82
453,45	1183,73
453,65	1232,88
453,86	1189,87
454,06	1187,82
454,26	1159,15
454,47	1212,40
454,67	1181,68
454,87	1212,40
455,08	1183,73
455,28	1220,59
455,49	1191,92
455,69	1271,79
455,89	1179,63
456,10	1198,06
456,30	1175,53
456,51	1230,83
456,71	1230,83
456,91	1159,15
457,12	1269,74
457,32	1202,16
457,52	1187,82
457,73	1196,01
457,93	1175,53
458,14	1267,69
458,34	1191,92
458,54	1255,40
458,75	1241,07
458,95	1144,81
459,15	1175,53
459,36	1183,73
459,56	1179,63
459,76	1191,92
459,97	1175,53
460,17	1202,16
460,37	1181,68
460,58	1279,98
460,78	1210,35
460,99	1198,06
461,19	1220,59
461,39	1200,11
461,60	1224,69
461,80	1204,21
462,00	1232,88
462,21	1193,97
462,41	1183,73
462,61	1136,62
462,82	1251,31
463,02	1245,16
463,22	1179,63
463,43	1210,35
463,63	1286,12
463,83	1220,59
464,04	1183,73
464,24	1239,02
464,44	1204,21
464,64	1161,20
464,85	1234,93
465,05	1163,25
465,25	1212,40
465,46	1216,49
465,66	1091,57
465,86	1236,97
466,07	1185,77
466,27	1212,40
466,47	1128,43
466,68	1212,40
466,88	1232,88
467,08	1220,59
467,29	1200,11
467,49	1239,02
467,69	1212,40
467,89	1187,82
468,10	1275,88
468,30	1218,54
468,50	1165,29
468,71	1212,40
468,91	1253,36
469,11	1247,21
469,31	1232,88
469,52	1132,53
469,72	1263,60
469,92	1249,26
470,13	1179,63
470,33	1232,88
470,53	1249,26
470,73	1167,34
470,94	1148,91
471,14	1167,34
471,34	1239,02
471,54	1177,58
471,75	1167,34
471,95	1167,34
472,15	1200,11
472,36	1150,96
472,56	1179,63
472,76	1222,64
472,96	1179,63
473,17	1247,21
473,37	1218,54
473,57	1210,35
473,77	1216,49
473,98	1179,63
474,18	1255,40
474,38	1191,92
474,58	1249,26
474,79	1155,05
474,99	1210,35
475,19	1185,77
475,39	1247,21
475,60	1150,96
475,80	1175,53
476,00	1175,53
476,20	1144,81
476,41	1200,11
476,61	1142,77
476,81	1259,50
477,01	1161,20
477,21	1234,93
477,42	1222,64
477,62	1206,25
477,82	1212,40
478,02	1171,44
478,23	1187,82
478,43	1261,55
478,63	1187,82
478,83	1226,73
479,03	1257,45
479,24	1290,22
479,44	1179,63
479,64	1150,96
479,84	1214,45
480,04	1239,02
480,25	1196,01
480,45	1204,21
480,65	1183,73
480,85	1210,35
481,06	1193,97
481,26	1222,64
481,46	1212,40
481,66	1230,83
481,86	1187,82
482,06	1126,38
482,27	1183,73
482,47	1153,01
482,67	1193,97
482,87	1120,24
483,07	1204,21
483,28	1218,54
483,48	1210,35
483,68	1187,82
483,88	1239,02
484,08	1159,15
484,29	1185,77
484,49	1165,29
484,69	1257,45
484,89	1259,50
485,09	1193,97
485,29	1130,48
485,50	1220,59
485,70	1157,10
485,90	1232,88
486,10	1310,70
486,30	1239,02
486,50	1314,80
486,71	1107,95
486,91	1216,49
487,11	1144,81
487,31	1189,87
487,51	1198,06
487,71	1175,53
487,91	1200,11
488,12	1169,39
488,32	1220,59
488,52	1189,87
488,72	1189,87
488,92	1196,01
489,12	1218,54
489,32	1136,62
489,53	1208,30
489,73	1181,68
489,93	1101,81
490,13	1191,92
490,33	1173,49
490,53	1259,50
490,73	1222,64
490,94	1146,86
491,14	1241,07
491,34	1146,86
491,54	1257,45
491,74	1269,74
491,94	1130,48
492,14	1189,87
492,34	1150,96
492,54	1183,73
492,75	1161,20
492,95	1198,06
493,15	1226,73
493,35	1083,38
493,55	1247,21
493,75	1167,34
493,95	1138,67
494,15	1189,87
494,35	1222,64
494,56	1204,21
494,76	1150,96
494,96	1150,96
495,16	1181,68
495,36	1212,40
495,56	1148,91
495,76	1187,82
495,96	1175,53
496,16	1165,29
496,36	1234,93
496,56	1144,81
496,77	1167,34
496,97	1214,45
497,17	1165,29
497,37	1220,59
497,57	1130,48
497,77	1218,54
497,97	1161,20
498,17	1169,39
498,37	1183,73
498,57	1138,67
498,77	1218,54
498,97	1224,69
499,17	1185,77
499,38	1183,73
499,58	1204,21
499,78	1157,10
499,98	1216,49
500,18	1159,15
500,38	1165,29
500,58	1167,34
500,78	1185,77
500,98	1214,45
501,18	1236,97
501,38	1271,79
501,58	1218,54
501,78	1202,16
501,98	1196,01
502,18	1206,25
502,38	1150,96
502,58	1181,68
502,78	1187,82
502,98	1155,05
503,18	1212,40
503,38	1169,39
503,59	1210,35
503,79	1191,92
503,99	1165,29
504,19	1173,49
504,39	1218,54
504,59	1116,14
504,79	1202,16
504,99	1138,67
505,19	1200,11
505,39	1177,58
505,59	1218,54
505,79	1239,02
505,99	1196,01
506,19	1171,44
506,39	1212,40
506,59	1161,20
506,79	1202,16
506,99	1185,77
507,19	1249,26
507,39	1253,36
507,59	1212,40
507,79	1193,97
507,99	1177,58
508,19	1191,92
508,39	1091,57
508,59	1206,25
508,79	1206,25
508,99	1208,30
509,19	1191,92
509,39	1132,53
509,59	1204,21
509,79	1212,40
509,99	1220,59
510,19	1249,26
510,39	1239,02
510,59	1169,39
510,79	1200,11
510,99	1216,49
511,19	1216,49
511,39	1157,10
511,59	1202,16
511,79	1202,16
511,99	1189,87
512,19	1212,40
512,38	1234,93
512,58	1114,10
512,78	1228,78
512,98	1220,59
513,18	1142,77
513,38	1142,77
513,58	1161,20
513,78	1169,39
513,98	1183,73
514,18	1200,11
514,38	1218,54
514,58	1193,97
514,78	1155,05
514,98	1171,44
515,18	1179,63
515,38	1273,84
515,58	1325,04
515,78	1136,62
515,98	1157,10
516,18	1167,34
516,38	1200,11
516,57	1212,40
516,77	1249,26
516,97	1216,49
517,17	1206,25
517,37	1200,11
517,57	1220,59
517,77	1206,25
517,97	1206,25
518,17	1236,97
518,37	1153,01
518,57	1200,11
518,77	1165,29
518,97	1161,20
519,16	1122,29
519,36	1255,40
519,56	1189,87
519,76	1165,29
519,96	1183,73
520,16	1206,25
520,36	1175,53
520,56	1232,88
520,76	1140,72
520,96	1193,97
521,16	1114,10
521,35	1173,49
521,55	1224,69
521,75	1206,25
521,95	1165,29
522,15	1161,20
522,35	1206,25
522,55	1226,73
522,75	1191,92
522,95	1236,97
523,14	1210,35
523,34	1228,78
523,54	1183,73
523,74	1185,77
523,94	1249,26
524,14	1214,45
524,34	1255,40
524,54	1232,88
524,73	1236,97
524,93	1189,87
525,13	1153,01
525,33	1175,53
525,53	1126,38
525,73	1183,73
525,93	1150,96
526,13	1169,39
526,32	1243,12
526,52	1157,10
526,72	1200,11
526,92	1222,64
527,12	1202,16
527,32	1181,68
527,52	1191,92
527,71	1216,49
527,91	1216,49
528,11	1157,10
528,31	1208,30
528,51	1214,45
528,71	1144,81
528,90	1181,68
529,10	1230,83
529,30	1177,58
529,50	1206,25
529,70	1206,25
529,90	1171,44
530,09	1232,88
530,29	1247,21
530,49	1200,11
530,69	1239,02
530,89	1273,84
531,09	1163,25
531,28	1284,08
531,48	1232,88
531,68	1206,25
531,88	1204,21
532,08	1243,12
532,28	1193,97
532,47	1259,50
532,67	1228,78
532,87	1212,40
533,07	1224,69
533,27	1236,97
533,46	1214,45
533,66	1226,73
533,86	1191,92
534,06	1245,16
534,26	1230,83
534,45	1167,34
534,65	1220,59
534,85	1167,34
535,05	1185,77
535,25	1155,05
535,44	1226,73
535,64	1128,43
535,84	1245,16
536,04	1218,54
536,24	1230,83
536,43	1091,57
536,63	1243,12
536,83	1189,87
537,03	1222,64
537,22	1183,73
537,42	1212,40
537,62	1196,01
537,82	1155,05
538,02	1230,83
538,21	1196,01
538,41	1187,82
538,61	1249,26
538,81	1169,39
539,00	1187,82
539,20	1173,49
539,40	1222,64
539,60	1212,40
539,79	1267,69
539,99	1157,10
540,19	1259,50
540,39	1208,30
540,58	1206,25
540,78	1159,15
540,98	1259,50
541,18	1181,68
541,37	1255,40
541,57	1196,01
541,77	1208,30
541,97	1142,77
542,16	1226,73
542,36	1220,59
542,56	1198,06
542,76	1193,97
542,95	1212,40
543,15	1224,69
543,35	1173,49
543,54	1198,06
543,74	1198,06
543,94	1255,40
544,14	1157,10
544,33	1196,01
544,53	1134,57
544,73	1300,46
544,93	1159,15
545,12	1208,30
545,32	1198,06
545,52	1189,87
545,71	1177,58
545,91	1181,68
546,11	1191,92
546,30	1105,90
546,50	1175,53
546,70	1183,73
546,90	1255,40
547,09	1191,92
547,29	1159,15
547,49	1159,15
547,68	1196,01
547,88	1183,73
548,08	1175,53
548,27	1167,34
548,47	1159,15
548,67	1282,03
548,87	1189,87
549,06	1165,29
549,26	1222,64
549,46	1171,44
549,65	1146,86
549,85	1173,49
550,05	1124,33
550,24	1177,58
550,44	1175,53
550,64	1112,05
550,83	1171,44
551,03	1187,82
551,23	1161,20
551,42	1224,69
551,62	1132,53
551,82	1193,97
552,01	1224,69
552,21	1126,38
552,41	1157,10
552,60	1159,15
552,80	1155,05
553,00	1216,49
553,19	1101,81
553,39	1220,59
553,59	1177,58
553,78	1167,34
553,98	1183,73
554,17	1169,39
554,37	1204,21
554,57	1179,63
554,76	1239,02
554,96	1189,87
555,16	1193,97
555,35	1224,69
555,55	1202,16
555,75	1175,53
555,94	1275,88
556,14	1189,87
556,33	1200,11
556,53	1185,77
556,73	1206,25
556,92	1144,81
557,12	1251,31
557,32	1208,30
557,51	1185,77
557,71	1077,23
557,90	1161,20
558,10	1159,15
558,30	1177,58
558,49	1236,97
558,69	1150,96
558,88	1241,07
559,08	1167,34
559,28	1212,40
559,47	1161,20
559,67	1218,54
559,86	1308,65
560,06	1148,91
560,26	1216,49
560,45	1146,86
560,65	1269,74
560,84	1245,16
561,04	1232,88
561,24	1191,92
561,43	1226,73
561,63	1191,92
561,82	1130,48
562,02	1138,67
562,22	1200,11
562,41	1249,26
562,61	1200,11
562,80	1116,14
563,00	1216,49
563,19	1243,12
563,39	1212,40
563,59	1216,49
563,78	1189,87
563,98	1183,73
564,17	1189,87
564,37	1093,62
564,56	1099,76
564,76	1183,73
564,96	1155,05
565,15	1159,15
565,35	1212,40
565,54	1245,16
565,74	1130,48
565,93	1263,60
566,13	1200,11
566,32	1261,55
566,52	1220,59
566,71	1261,55
566,91	1212,40
567,11	1206,25
567,30	1257,45
567,50	1228,78
567,69	1257,45
567,89	1212,40
568,08	1212,40
568,28	1177,58
568,47	1239,02
568,67	1171,44
568,86	1150,96
569,06	1114,10
569,25	1206,25
569,45	1175,53
569,64	1167,34
569,84	1243,12
570,04	1198,06
570,23	1159,15
570,43	1214,45
570,62	1275,88
570,82	1259,50
571,01	1116,14
571,21	1230,83
571,40	1189,87
571,60	1228,78
571,79	1185,77
571,99	1181,68
572,18	1236,97
572,38	1210,35
572,57	1257,45
572,77	1249,26
572,96	1155,05
573,16	1216,49
573,35	1159,15
573,55	1146,86
573,74	1175,53
573,94	1193,97
574,13	1214,45
574,33	1187,82
574,52	1212,40
574,71	1177,58
574,91	1282,03
575,10	1173,49
575,30	1228,78
575,49	1239,02
575,69	1265,64
575,88	1224,69
576,08	1128,43
576,27	1157,10
576,47	1234,93
576,66	1253,36
576,86	1236,97
577,05	1234,93
577,25	1202,16
577,44	1282,03
577,64	1196,01
577,83	1126,38
578,02	1206,25
578,22	1157,10
578,41	1251,31
578,61	1150,96
578,80	1155,05
579,00	1206,25
579,19	1155,05
579,39	1169,39
579,58	1249,26
579,77	1216,49
579,97	1150,96
580,16	1198,06
580,36	1253,36
580,55	1144,81
580,75	1124,33
580,94	1150,96
581,13	1294,32
581,33	1243,12
581,52	1175,53
581,72	1208,30
581,91	1196,01
582,11	1220,59
582,30	1134,57
582,49	1198,06
582,69	1206,25
582,88	1165,29
583,08	1187,82
583,27	1302,51
583,47	1218,54
583,66	1163,25
583,85	1204,21
584,05	1183,73
584,24	1224,69
584,44	1208,30
584,63	1224,69
584,82	1185,77
585,02	1191,92
585,21	1179,63
585,41	1239,02
585,60	1216,49
585,79	1259,50
585,99	1134,57
586,18	1241,07
586,37	1202,16
586,57	1175,53
586,76	1179,63
586,96	1118,19
587,15	1189,87
587,34	1255,40
587,54	1200,11
587,73	1204,21
587,93	1214,45
588,12	1204,21
588,31	1193,97
588,51	1234,93
588,70	1179,63
588,89	1216,49
589,09	1200,11
589,28	1234,93
589,47	1206,25
589,67	1183,73
589,86	1179,63
590,06	1202,16
590,25	1189,87
590,44	1157,10
590,64	1253,36
590,83	1175,53
591,02	1226,73
591,22	1216,49
591,41	1282,03
591,60	1161,20
591,80	1249,26
591,99	1196,01
592,18	1251,31
592,38	1183,73
592,57	1175,53
592,76	1191,92
592,96	1167,34
593,15	1212,40
593,34	1159,15
593,54	1243,12
593,73	1245,16
593,92	1202,16
594,12	1241,07
594,31	1189,87
594,50	1251,31
594,70	1144,81
594,89	1191,92
595,08	1243,12
595,28	1198,06
595,47	1144,81
595,66	1179,63
595,86	1193,97
596,05	1171,44
596,24	1200,11
596,43	1157,10
596,63	1179,63
596,82	1200,11
597,01	1191,92
597,21	1167,34
597,40	1136,62
597,59	1165,29
597,79	1206,25
597,98	1245,16
598,17	1173,49
598,36	1183,73
598,56	1249,26
598,75	1224,69
598,94	1224,69
599,14	1245,16
599,33	1206,25
599,52	1222,64
599,71	1181,68
599,91	1191,92
600,10	1251,31
600,29	1167,34
600,48	1218,54
600,68	1155,05
600,87	1247,21
601,06	1200,11
601,26	1185,77
601,45	1271,79
601,64	1126,38
601,83	1179,63
602,03	1196,01
602,22	1226,73
602,41	1191,92
602,60	1187,82
602,80	1161,20
602,99	1234,93
603,18	1163,25
603,37	1253,36
603,57	1218,54
603,76	1198,06
603,95	1163,25
604,14	1275,88
604,34	1216,49
604,53	1150,96
604,72	1257,45
604,91	1196,01
605,10	1218,54
605,30	1193,97
605,49	1198,06
605,68	1220,59
605,87	1191,92
606,07	1230,83
606,26	1247,21
606,45	1214,45
606,64	1159,15
606,84	1239,02
607,03	1230,83
607,22	1144,81
607,41	1167,34
607,60	1124,33
607,80	1200,11
607,99	1230,83
608,18	1212,40
608,37	1204,21
608,56	1167,34
608,76	1202,16
608,95	1198,06
609,14	1159,15
609,33	1210,35
609,52	1220,59
609,72	1138,67
609,91	1216,49
610,10	1212,40
610,29	1198,06
610,48	1226,73
610,68	1128,43
610,87	1208,30
611,06	1208,30
611,25	1239,02
611,44	1134,57
611,63	1155,05
611,83	1224,69
612,02	1177,58
612,21	1187,82
612,40	1206,25
612,59	1146,86
612,79	1247,21
612,98	1282,03
613,17	1269,74
613,36	1196,01
613,55	1220,59
613,74	1146,86
613,93	1216,49
614,13	1296,36
614,32	1198,06
614,51	1169,39
614,70	1206,25
614,89	1234,93
615,08	1185,77
615,28	1232,88
615,47	1220,59
615,66	1214,45
615,85	1210,35
616,04	1232,88
616,23	1169,39
616,42	1167,34
616,62	1124,33
616,81	1185,77
617,00	1222,64
617,19	1191,92
617,38	1177,58
617,57	1183,73
617,76	1134,57
617,95	1263,60
618,15	1163,25
618,34	1163,25
618,53	1146,86
618,72	1130,48
618,91	1224,69
619,10	1282,03
619,29	1275,88
619,48	1183,73
619,68	1222,64
619,87	1175,53
620,06	1228,78
620,25	1245,16
620,44	1210,35
620,63	1163,25
620,82	1193,97
621,01	1230,83
621,20	1226,73
621,39	1216,49
621,59	1230,83
621,78	1118,19
621,97	1155,05
622,16	1191,92
622,35	1241,07
622,54	1148,91
622,73	1134,57
622,92	1265,64
623,11	1230,83
623,30	1183,73
623,49	1175,53
623,68	1097,71
623,88	1181,68
624,07	1218,54
624,26	1198,06
624,45	1230,83
624,64	1144,81
624,83	1236,97
625,02	1124,33
625,21	1230,83
625,40	1216,49
625,59	1183,73
625,78	1277,93
625,97	1282,03
626,16	1126,38
626,35	1179,63
626,54	1228,78
626,74	1171,44
626,93	1214,45
627,12	1191,92
627,31	1224,69
627,50	1249,26
627,69	1150,96
627,88	1138,67
628,07	1208,30
628,26	1277,93
628,45	1216,49
628,64	1210,35
628,83	1259,50
629,02	1216,49
629,21	1218,54
629,40	1222,64
629,59	1224,69
629,78	1226,73
629,97	1130,48
630,16	1181,68
630,35	1185,77
630,54	1216,49
630,73	1263,60
630,92	1331,18
631,11	1255,40
631,30	1269,74
631,49	1327,08
631,68	1398,76
631,87	2602,97
632,06	8568,70
632,25	18818,78
632,44	23367,32
632,63	30414,38
632,82	16054,03
633,01	9070,45
633,20	4294,59
633,39	2174,94
633,58	1654,76
633,77	1781,73
633,96	1667,05
634,15	1456,11
634,34	1380,33
634,53	1322,99
634,72	1351,66
634,91	1400,81
635,10	1404,91
635,29	1284,08
635,48	1241,07
635,67	1253,36
635,86	1212,40
636,05	1079,28
636,24	1200,11
636,43	1230,83
636,62	1226,73
636,81	1212,40
637,00	1265,64
637,19	1239,02
637,38	1255,40
637,57	1228,78
637,76	1138,67
637,95	1232,88
638,14	1159,15
638,33	1230,83
638,52	1159,15
638,71	1191,92
638,89	1206,25
639,08	1175,53
639,27	1271,79
639,46	1208,30
639,65	1210,35
639,84	1218,54
640,03	1216,49
640,22	1204,21
640,41	1212,40
640,60	1187,82
640,79	1214,45
640,98	1165,29
641,17	1210,35
641,36	1249,26
641,55	1200,11
641,74	1191,92
641,92	1212,40
642,11	1198,06
642,30	1179,63
642,49	1234,93
642,68	1236,97
642,87	1202,16
643,06	1206,25
643,25	1208,30
643,44	1183,73
643,63	1269,74
643,82	1220,59
644,00	1202,16
644,19	1216,49
644,38	1134,57
644,57	1175,53
644,76	1210,35
644,95	1122,29
645,14	1159,15
645,33	1183,73
645,52	1224,69
645,71	1230,83
645,89	1208,30
646,08	1148,91
646,27	1257,45
646,46	1193,97
646,65	1234,93
646,84	1187,82
647,03	1171,44
647,22	1216,49
647,40	1187,82
647,59	1230,83
647,78	1177,58
647,97	1288,17
648,16	1239,02
648,35	1308,65
648,54	1275,88
648,73	1175,53
648,91	1210,35
649,10	1177,58
649,29	1110,00
649,48	1204,21
649,67	1232,88
649,86	1185,77
650,05	1146,86
650,23	1200,11
650,42	1175,53
650,61	1241,07
650,80	1261,55
650,99	1173,49
651,18	1163,25
651,36	1171,44
651,55	1189,87
651,74	1255,40
651,93	1210,35
652,12	1224,69
652,31	1191,92
652,49	1257,45
652,68	1198,06
652,87	1263,60
653,06	1259,50
653,25	1236,97
653,44	1218,54
653,62	1167,34
653,81	1232,88
654,00	1206,25
654,19	1150,96
654,38	1228,78
654,56	1232,88
654,75	1191,92
654,94	1167,34
655,13	1175,53
655,32	1210,35
655,51	1218,54
655,69	1107,95
655,88	1226,73
656,07	1185,77
656,26	1200,11
656,45	1169,39
656,63	1167,34
656,82	1177,58
657,01	1204,21
657,20	1150,96
657,38	1189,87
657,57	1214,45
657,76	1187,82
657,95	1228,78
658,14	1198,06
658,32	1171,44
658,51	1159,15
658,70	1159,15
658,89	1202,16
659,08	1165,29
659,26	1232,88
659,45	1239,02
659,64	1200,11
659,83	1177,58
660,01	1155,05
660,20	1208,30
660,39	1298,41
660,58	1193,97
660,76	1212,40
660,95	1275,88
661,14	1196,01
661,33	1165,29
661,51	1183,73
661,70	1103,86
661,89	1175,53
662,08	1193,97
662,26	1206,25
662,45	1167,34
662,64	1232,88
662,83	1214,45
663,01	1175,53
663,20	1159,15
663,39	1243,12
663,58	1185,77
663,76	1222,64
663,95	1159,15
664,14	1196,01
664,32	1181,68
664,51	1196,01
664,70	1193,97
664,89	1282,03
665,07	1161,20
665,26	1167,34
665,45	1251,31
665,64	1224,69
665,82	1286,12
666,01	1167,34
666,20	1185,77
666,38	1165,29
666,57	1239,02
666,76	1210,35
666,95	1167,34
667,13	1200,11
667,32	1191,92
667,51	1159,15
667,69	1142,77
667,88	1189,87
668,07	1253,36
668,25	1230,83
668,44	1134,57
668,63	1169,39
668,81	1204,21
669,00	1251,31
669,19	1267,69
669,38	1185,77
669,56	1279,98
669,75	1150,96
669,94	1234,93
670,12	1138,67
670,31	1189,87
670,50	1206,25
670,68	1204,21
670,87	1204,21
671,06	1161,20
671,24	1191,92
671,43	1159,15
671,62	1187,82
671,80	1265,64
671,99	1165,29
672,18	1183,73
672,36	1239,02
672,55	1191,92
672,74	1167,34
672,92	1177,58
673,11	1265,64
673,29	1167,34
673,48	1191,92
673,67	1222,64
673,85	1175,53
674,04	1224,69
674,23	1224,69
674,41	1218,54
674,60	1232,88
674,79	1175,53
674,97	1191,92
675,16	1198,06
675,34	1185,77
675,53	1200,11
675,72	1212,40
675,90	1288,17
676,09	1120,24
676,28	1208,30
676,46	1191,92
676,65	1179,63
676,83	1204,21
677,02	1144,81
677,21	1200,11
677,39	1146,86
677,58	1220,59
677,77	1255,40
677,95	1224,69
678,14	1208,30
678,32	1220,59
678,51	1183,73
678,70	1187,82
678,88	1138,67
679,07	1198,06
679,25	1130,48
679,44	1259,50
679,63	1208,30
679,81	1257,45
680,00	1253,36
680,18	1257,45
680,37	1239,02
680,55	1210,35
680,74	1153,01
680,93	1138,67
681,11	1206,25
681,30	1224,69
681,48	1245,16
681,67	1222,64
681,85	1265,64
682,04	1161,20
682,23	1220,59
682,41	1183,73
682,60	1202,16
682,78	1193,97
682,97	1167,34
683,15	1198,06
683,34	1210,35
683,53	1234,93
683,71	1212,40
683,90	1226,73
684,08	1198,06
684,27	1249,26
684,45	1255,40
684,64	1183,73
684,82	1120,24
685,01	1196,01
685,19	1212,40
685,38	1183,73
685,57	1218,54
685,75	1163,25
685,94	1245,16
686,12	1159,15
686,31	1228,78
686,49	1189,87
686,68	1222,64
686,86	1187,82
687,05	1206,25
687,23	1243,12
687,42	1189,87
687,60	1193,97
687,79	1200,11
687,97	1191,92
688,16	1150,96
688,34	1208,30
688,53	1191,92
688,71	1150,96
688,90	1191,92
689,08	1234,93
689,27	1212,40
689,45	1206,25
689,64	1214,45
689,82	1236,97
690,01	1196,01
690,19	1187,82
690,38	1167,34
690,56	1107,95
690,75	1138,67
690,93	1112,05
691,12	1230,83
691,30	1220,59
691,49	1171,44
691,67	1222,64
691,86	1241,07
692,04	1232,88
692,23	1173,49
692,41	1251,31
692,60	1208,30
692,78	1298,41
692,97	1093,62
693,15	1171,44
693,34	1191,92
693,52	1161,20
693,71	1118,19
693,89	1173,49
694,08	1212,40
694,26	1183,73
694,44	1212,40
694,63	1198,06
694,81	1191,92
695,00	1239,02
695,18	1220,59
695,37	1153,01
695,55	1179,63
695,74	1206,25
695,92	1175,53
696,10	1146,86
696,29	1202,16
696,47	1161,20
696,66	1122,29
696,84	1198,06
697,03	1220,59
697,21	1173,49
697,40	1277,93
697,58	1232,88
697,76	1220,59
697,95	1206,25
698,13	1171,44
698,32	1171,44
698,50	1302,51
698,68	1220,59
698,87	1187,82
699,05	1185,77
699,24	1232,88
699,42	1187,82
699,61	1177,58
699,79	1191,92
699,97	1202,16
700,16	1247,21
700,34	1155,05
700,53	1112,05
700,71	1220,59
700,89	1212,40
701,08	1112,05
701,26	1282,03
701,45	1218,54
701,63	1126,38
701,81	1187,82
702,00	1189,87
702,18	1212,40
702,37	1185,77
702,55	1214,45
702,73	1202,16
702,92	1181,68
703,10	1245,16
703,28	1167,34
703,47	1236,97
703,65	1173,49
703,84	1253,36
704,02	1130,48
704,20	1204,21
704,39	1228,78
704,57	1124,33
704,75	1224,69
704,94	1153,01
705,12	1136,62
705,30	1150,96
705,49	1214,45
705,67	1202,16
705,86	1198,06
706,04	1216,49
706,22	1253,36
706,41	1157,10
706,59	1173,49
706,77	1204,21
706,96	1210,35
707,14	1206,25
707,32	1196,01
707,51	1185,77
707,69	1210,35
707,87	1263,60
708,06	1202,16
708,24	1167,34
708,42	1204,21
708,61	1126,38
708,79	1228,78
708,97	1169,39
709,16	1259,50
709,34	1206,25
709,52	1134,57
709,71	1275,88
709,89	1173,49
710,07	1155,05
710,26	1159,15
710,44	1148,91
710,62	1187,82
710,80	1202,16
710,99	1255,40
711,17	1173,49
711,35	1193,97
711,54	1241,07
711,72	1183,73
711,90	1171,44
712,09	1267,69
712,27	1191,92
712,45	1196,01
712,63	1208,30
712,82	1171,44
713,00	1230,83
713,18	1200,11
713,37	1171,44
713,55	1200,11
713,73	1177,58
713,91	1226,73
714,10	1198,06
714,28	1173,49
714,46	1173,49
714,65	1212,40
714,83	1208,30
715,01	1206,25
715,19	1210,35
715,38	1288,17
715,56	1142,77
715,74	1163,25
715,92	1247,21
716,11	1220,59
716,29	1171,44
716,47	1181,68
716,65	1236,97
716,84	1183,73
717,02	1226,73
717,20	1189,87
717,38	1228,78
717,57	1214,45
717,75	1290,22
717,93	1196,01
718,11	1234,93
718,30	1220,59
718,48	1167,34
718,66	1261,55
718,84	1157,10
719,03	1191,92
719,21	1185,77
719,39	1236,97
719,57	1228,78
719,75	1130,48
719,94	1220,59
720,12	1142,77
720,30	1216,49
720,48	1169,39
720,67	1236,97
720,85	1214,45
721,03	1191,92
721,21	1198,06
721,39	1189,87
721,58	1173,49
721,76	1126,38
721,94	1165,29
722,12	1124,33
722,30	1177,58
722,49	1122,29
722,67	1198,06
722,85	1140,72
723,03	1183,73
723,21	1236,97
723,40	1220,59
723,58	1243,12
723,76	1230,83
723,94	1236,97
724,12	1212,40
724,30	1220,59
724,49	1185,77
724,67	1136,62
724,85	1167,34
725,03	1193,97
725,21	1198,06
725,40	1206,25
725,58	1193,97
725,76	1189,87
725,94	1222,64
726,12	1212,40
726,30	1179,63
726,49	1245,16
726,67	1214,45
726,85	1165,29
727,03	1220,59
727,21	1251,31
727,39	1179,63
727,57	1208,30
727,76	1212,40
727,94	1200,11
728,12	1226,73
728,30	1222,64
728,48	1169,39
728,66	1206,25
728,84	1183,73
729,03	1226,73
729,21	1228,78
729,39	1175,53
729,57	1134,57
729,75	1236,97
729,93	1202,16
730,11	1261,55
730,30	1273,84
730,48	1228,78
730,66	1144,81
730,84	1142,77
731,02	1239,02
731,20	1196,01
731,38	1173,49
731,56	1179,63
731,74	1222,64
731,93	1159,15
732,11	1218,54
732,29	1224,69
732,47	1198,06
732,65	1216,49
732,83	1202,16
733,01	1218,54
733,19	1155,05
733,37	1220,59
733,56	1181,68
733,74	1167,34
733,92	1210,35
734,10	1196,01
734,28	1196,01
734,46	1144,81
734,64	1196,01
734,82	1198,06
735,00	1110,00
735,18	1216,49
735,36	1257,45
735,54	1206,25
735,73	1210,35
735,91	1286,12
736,09	1234,93
736,27	1224,69
736,45	1253,36
736,63	1198,06
736,81	1191,92
736,99	1157,10
737,17	1200,11
737,35	1212,40
737,53	1146,86
737,71	1179,63
737,89	1208,30
738,07	1196,01
738,25	1187,82
738,43	1175,53
738,61	1169,39
738,80	1167,34
738,98	1218,54
739,16	1232,88
739,34	1171,44
739,52	1230,83
739,70	1130,48
739,88	1228,78
740,06	1216,49
740,24	1257,45
740,42	1212,40
740,60	1185,77
740,78	1142,77
740,96	1138,67
741,14	1196,01
741,32	1157,10
741,50	1230,83
741,68	1206,25
741,86	1196,01
742,04	1189,87
742,22	1226,73
742,40	1169,39
742,58	1148,91
742,76	1216,49
742,94	1212,40
743,12	1267,69
743,30	1173,49
743,48	1245,16
743,66	1161,20
743,84	1187,82
744,02	1210,35
744,20	1200,11
744,38	1302,51
744,56	1251,31
744,74	1134,57
744,92	1208,30
745,10	1191,92
745,28	1175,53
745,46	1140,72
745,64	1216,49
745,82	1177,58
746,00	1191,92
746,18	1257,45
746,36	1226,73
746,54	1298,41
746,72	1202,16
746,90	1208,30
747,08	1234,93
747,26	1173,49
747,44	1228,78
747,62	1167,34
747,80	1191,92
747,98	1177,58
748,15	1189,87
748,33	1275,88
748,51	1159,15
748,69	1200,11
748,87	1150,96
749,05	1136,62
749,23	1271,79
749,41	1177,58
749,59	1230,83
749,77	1185,77
749,95	1140,72
750,13	1136,62
750,31	1247,21
750,49	1196,01
750,67	1165,29
750,85	1159,15
751,03	1185,77
751,20	1187,82
751,38	1230,83
751,56	1189,87
751,74	1200,11
751,92	1181,68
752,10	1169,39
752,28	1181,68
752,46	1161,20
752,64	1271,79
752,82	1222,64
753,00	1159,15
753,18	1208,30
753,35	1196,01
753,53	1189,87
753,71	1159,15
753,89	1216,49
754,07	1124,33
754,25	1140,72
754,43	1208,30
754,61	1159,15
754,79	1218,54
754,97	1189,87
755,14	1218,54
755,32	1144,81
755,50	1181,68
755,68	1179,63
755,86	1212,40
756,04	1204,21
756,22	1191,92
756,40	1179,63
756,57	1138,67
756,75	1226,73
756,93	1245,16
757,11	1204,21
757,29	1200,11
757,47	1191,92
757,65	1214,45
757,82	1191,92
758,00	1171,44
758,18	1269,74
758,36	1185,77
758,54	1165,29
758,72	1179,63
758,90	1247,21
759,07	1130,48
759,25	1212,40
759,43	1144,81
759,61	1161,20
759,79	1306,60
759,97	1210,35
760,15	1118,19
760,32	1167,34
760,50	1161,20
760,68	1208,30
760,86	1171,44
761,04	1191,92
761,22	1206,25
761,39	1155,05
761,57	1163,25
761,75	1200,11
761,93	1257,45
762,11	1204,21
762,28	1150,96
762,46	1097,71
762,64	1181,68
762,82	1216,49
763,00	1200,11
763,18	1173,49
763,35	1279,98
763,53	1230,83
763,71	1198,06
763,89	1218,54
764,07	1232,88
764,24	1171,44
764,42	1220,59
764,60	1200,11
764,78	1140,72
764,96	1153,01
765,13	1173,49
765,31	1224,69
765,49	1230,83
765,67	1138,67
765,84	1140,72
766,02	1230,83
766,20	1232,88
766,38	1245,16
766,56	1202,16
766,73	1118,19
766,91	1239,02
767,09	1255,40
767,27	1208,30
767,44	1216,49
767,62	1177,58
767,80	1101,81
767,98	1247,21
768,15	1169,39
768,33	1185,77
768,51	1245,16
768,69	1191,92
768,87	1261,55
769,04	1116,14
769,22	1228,78
769,40	1177,58
769,58	1204,21
769,75	1150,96
769,93	1183,73
770,11	1212,40
770,28	1204,21
770,46	1210,35
770,64	1163,25
770,82	1155,05
770,99	1234,93
771,17	1249,26
771,35	1167,34
771,53	1193,97
771,70	1101,81
771,88	1239,02
772,06	1155,05
772,23	1155,05
772,41	1232,88
772,59	1228,78
772,77	1251,31
772,94	1241,07
773,12	1222,64
773,30	1198,06
773,47	1146,86
773,65	1245,16
773,83	1179,63
774,01	1148,91
774,18	1161,20
774,36	1161,20
774,54	1193,97
774,71	1224,69
774,89	1200,11
775,07	1241,07
775,24	1189,87
775,42	1204,21
775,60	1177,58
775,78	1245,16
775,95	1138,67
776,13	1198,06
776,31	1247,21
776,48	1183,73
776,66	1165,29
776,84	1200,11
777,01	1175,53
777,19	1179,63
777,37	1267,69
777,54	1228,78
777,72	1157,10
777,90	1220,59
778,07	1193,97
778,25	1189,87
778,43	1273,84
778,60	1196,01
778,78	1146,86
778,96	1236,97
779,13	1202,16
779,31	1208,30
779,49	1224,69
779,66	1171,44
779,84	1187,82
780,01	1179,63
780,19	1234,93
780,37	1169,39
780,54	1191,92
780,72	1208,30
780,90	1142,77
781,07	1165,29
781,25	1114,10
781,43	1175,53
781,60	1179,63
781,78	1253,36
781,95	1277,93
782,13	1140,72
782,31	1214,45
782,48	1183,73
782,66	1169,39
782,83	1222,64
783,01	1196,01
783,19	1236,97
783,36	1167,34
783,54	1226,73
783,72	1216,49
783,89	1183,73
784,07	1171,44
784,24	1191,92
784,42	1220,59
784,60	1146,86
784,77	1185,77
784,95	1206,25
785,12	1193,97
785,30	1212,40
785,47	1214,45
785,65	1150,96
785,83	1161,20
786,00	1271,79
786,18	1214,45
786,35	1144,81
786,53	1216,49
786,71	1183,73
786,88	1218,54
787,06	1183,73
787,23	1218,54
787,41	1239,02
787,58	1236,97
787,76	1146,86
787,94	1273,84
788,11	1306,60
788,29	1204,21
788,46	1263,60
788,64	1159,15
788,81	1177,58
788,99	1249,26
789,16	1150,96
789,34	1204,21
789,52	1189,87
789,69	1175,53
789,87	1222,64
790,04	1175,53
790,22	1193,97
790,39	1245,16
790,57	1200,11
790,74	1198,06
790,92	1228,78
791,09	1249,26
791,27	1150,96
791,44	1206,25
791,62	1257,45
791,79	1126,38
791,97	1222,64
792,15	1204,21
792,32	1200,11
792,50	1247,21
792,67	1196,01
792,85	1175,53
793,02	1181,68
793,20	1181,68
793,37	1132,53
793,55	1206,25
793,72	1230,83
793,90	1198,06
794,07	1224,69
794,25	1226,73
794,42	1210,35
794,60	1232,88
794,77	1216,49
794,95	1245,16
795,12	1204,21
795,30	1200,11
795,47	1165,29
795,65	1230,83
795,82	1187,82
796,00	1187,82
796,17	1236,97
796,34	1212,40
796,52	1232,88
796,69	1167,34
796,87	1208,30
797,04	1165,29
797,22	1185,77
797,39	1236,97
797,57	1257,45
797,74	1210,35
797,92	1255,40
798,09	1200,11
798,27	1142,77
798,44	1159,15
798,62	1110,00
798,79	1189,87
798,96	1226,73
799,14	1239,02
799,31	1290,22
799,49	1204,21
799,66	1193,97
799,84	1218,54
800,01	1202,16
800,19	1214,45
800,36	1142,77
800,53	1214,45
800,71	1183,73
800,88	1183,73
801,06	1193,97
801,23	1193,97
801,41	1218,54
801,58	1212,40
801,75	1245,16
801,93	1263,60
802,10	1200,11
802,28	1206,25
802,45	1150,96
802,63	1193,97
802,80	1251,31
802,97	1247,21
803,15	1136,62
803,32	1218,54
803,50	1183,73
803,67	1243,12
803,84	1216,49
804,02	1153,01
804,19	1193,97
804,37	1159,15
804,54	1128,43
804,71	1140,72
804,89	1239,02
805,06	1200,11
805,24	1159,15
805,41	1193,97
805,58	1253,36
805,76	1191,92
805,93	1122,29
806,10	1273,84
806,28	1136,62
806,45	1157,10
806,63	1253,36
806,80	1222,64
806,97	1193,97
807,15	1232,88
807,32	1132,53
807,49	1198,06
807,67	1271,79
807,84	1142,77
808,01	1118,19
808,19	1191,92
808,36	1189,87
808,54	1185,77
808,71	1210,35
808,88	1134,57
809,06	1234,93
809,23	1263,60
809,40	1204,21
809,58	1208,30
809,75	1196,01
809,92	1214,45
810,10	1187,82
810,27	1214,45
810,44	1153,01
810,62	1142,77
810,79	1243,12
810,96	1193,97
811,14	1196,01
811,31	1261,55
811,48	1239,02
811,66	1236,97
811,83	1265,64
812,00	1157,10
812,18	1241,07
812,35	1175,53
812,52	1130,48
812,69	1181,68
812,87	1259,50
813,04	1212,40
813,21	1155,05
813,39	1187,82
813,56	1204,21
813,73	1236,97
813,91	1232,88
814,08	1193,97
814,25	1130,48
814,42	1232,88
814,60	1165,29
814,77	1214,45
814,94	1228,78
815,12	1212,40
815,29	1173,49
815,46	1224,69
815,63	1212,40
815,81	1159,15
815,98	1228,78
816,15	1193,97
816,33	1122,29
816,50	1239,02
816,67	1171,44
816,84	1224,69
817,02	1175,53
817,19	1208,30
817,36	1150,96
817,53	1288,17
817,71	1200,11
817,88	1177,58
818,05	1216,49
818,22	1128,43
818,40	1230,83
818,57	1232,88
818,74	1187,82
818,91	1181,68
819,09	1265,64
819,26	1210,35
819,43	1247,21
819,60	1165,29
819,78	1222,64
819,95	1224,69
820,12	1134,57
820,29	1191,92
820,47	1200,11
820,64	1220,59
820,81	1130,48
820,98	1175,53
821,15	1140,72
821,33	1220,59
821,50	1216,49
821,67	1148,91
821,84	1200,11
822,02	1193,97
822,19	1167,34
822,36	1165,29
822,53	1118,19
822,70	1214,45
822,88	1146,86
823,05	1198,06
823,22	1159,15
823,39	1224,69
823,56	1177,58
823,74	1161,20
823,91	1226,73
824,08	1191,92
824,25	1216,49
824,42	1236,97
824,60	1134,57
824,77	1134,57
824,94	1157,10
825,11	1122,29
825,28	1224,69
825,45	1269,74
825,63	1198,06
825,80	1216,49
825,97	1210,35
826,14	1245,16
826,31	1089,52
826,48	1148,91
826,66	1150,96
826,83	1210,35
827,00	1210,35
827,17	1265,64
827,34	1222,64
827,51	1183,73
827,69	1282,03
827,86	1214,45
828,03	1181,68
828,20	1142,77
828,37	1153,01
828,54	1255,40
828,71	1304,56
828,89	1232,88
829,06	1142,77
829,23	1275,88
829,40	1163,25
829,57	1249,26
829,74	1130,48
829,91	1138,67
830,09	1183,73
830,26	1173,49
830,43	1153,01
830,60	1200,11
830,77	1216,49
830,94	1183,73
831,11	1198,06
831,28	1155,05
831,46	1230,83
831,63	1247,21
831,80	1171,44
831,97	1191,92
832,14	1222,64
832,31	1200,11
832,48	1140,72
832,65	1196,01
832,82	1171,44
832,99	1175,53
833,17	1167,34
833,34	1245,16
833,51	1269,74
833,68	1208,30
833,85	1167,34
834,02	1232,88
834,19	1169,39
834,36	1157,10
834,53	1202,16
834,70	1169,39
834,87	1282,03
835,04	1230,83
835,22	1249,26
835,39	1224,69
835,56	1251,31
835,73	1189,87
835,90	1167,34
836,07	1245,16
836,24	1122,29
836,41	1241,07
836,58	1228,78
836,75	1267,69
836,92	1173,49
837,09	1224,69
837,26	1220,59
837,43	1208,30
837,60	1183,73
837,77	1167,34
837,94	1255,40
838,12	1183,73
838,29	1196,01
838,46	1232,88
838,63	1167,34
838,80	1198,06
838,97	1255,40
839,14	1189,87
839,31	1148,91
839,48	1185,77
839,65	1177,58
839,82	1179,63
839,99	1181,68
840,16	1202,16
840,33	1193,97
840,50	1181,68
840,67	1200,11
840,84	1118,19
841,01	1204,21
841,18	1234,93
841,35	1118,19
841,52	1136,62
841,69	1208,30
841,86	1173,49
842,03	1216,49
842,20	1191,92
842,37	1263,60
842,54	1222,64
842,71	1210,35
842,88	1224,69
843,05	1232,88
843,22	1187,82
843,39	1165,29
843,56	1198,06
843,73	1165,29
843,90	1155,05
844,07	1142,77
844,24	1193,97
844,41	1200,11
844,58	1175,53
844,75	1181,68
844,92	1179,63
845,09	1193,97
845,26	1138,67
845,43	1261,55
845,60	1249,26
845,77	1218,54
845,94	1241,07
846,10	1101,81
846,27	1200,11
846,44	1114,10
846,61	1206,25
846,78	1208,30
846,95	1175,53
847,12	1177,58
847,29	1175,53
847,46	1220,59
847,63	1200,11
847,80	1208,30
847,97	1193,97
848,14	1165,29
848,31	1234,93
848,48	1216,49
848,65	1153,01
848,82	1165,29
848,98	1290,22
849,15	1114,10
849,32	1165,29
849,49	1165,29
849,66	1181,68
849,83	1208,30
850,00	1193,97
850,17	1228,78
850,34	1091,57
850,51	1214,45
850,68	1206,25
850,85	1236,97
851,01	1230,83
851,18	1236,97
851,35	1277,93
851,52	1263,60
851,69	1216,49
851,86	1216,49
852,03	1181,68
852,20	1222,64
852,37	1183,73
852,53	1243,12
852,70	1228,78
852,87	1169,39
853,04	1193,97
853,21	1216,49
853,38	1208,30
853,55	1216,49
853,72	1183,73
853,89	1196,01
854,05	1206,25
854,22	1220,59
854,39	1134,57
854,56	1189,87
854,73	1222,64
854,90	1193,97
855,07	1226,73
855,23	1189,87
855,40	1200,11
855,57	1245,16
855,74	1204,21
855,91	1128,43
856,08	1228,78
856,25	1163,25
856,41	1173,49
856,58	1220,59
856,75	1232,88
856,92	1110,00
857,09	1239,02
857,26	1185,77
857,42	1279,98
857,59	1241,07
857,76	1222,64
857,93	1241,07
858,10	1200,11
858,27	1206,25
858,43	1251,31
858,60	1202,16
858,77	1239,02
858,94	1234,93
859,11	1245,16
859,27	1243,12
859,44	1161,20
859,61	1202,16
859,78	1259,50
859,95	1220,59
860,12	1177,58
860,28	1226,73
860,45	1187,82
860,62	1208,30
860,79	1173,49
860,95	1122,29
861,12	1122,29
861,29	1210,35
861,46	1181,68
861,63	1146,86
861,79	1185,77
861,96	1191,92
862,13	1204,21
862,30	1251,31
862,47	1193,97
862,63	1200,11
862,80	1259,50
862,97	1241,07
863,14	1279,98
863,30	1232,88
863,47	1165,29
863,64	1173,49
863,81	1140,72
863,97	1191,92
864,14	1236,97
864,31	1142,77
864,48	1247,21
864,65	1142,77
864,81	1230,83
864,98	1249,26
865,15	1273,84
865,32	1150,96
865,48	1208,30
865,65	1226,73
865,82	1099,76
865,98	1122,29
866,15	1196,01
866,32	1191,92
866,49	1159,15
866,65	1202,16
866,82	1214,45
866,99	1191,92
867,16	1245,16
867,32	1255,40
867,49	1179,63
867,66	1196,01
867,83	1171,44
867,99	1191,92
868,16	1253,36
868,33	1200,11
868,49	1228,78
868,66	1169,39
868,83	1286,12
868,99	1169,39
869,16	1157,10
869,33	1146,86
869,50	1134,57
869,66	1116,14
869,83	1214,45
870,00	1165,29
870,16	1206,25
870,33	1167,34
870,50	1216,49
870,66	1171,44
870,83	1185,77
871,00	1185,77
871,17	1187,82
871,33	1159,15
871,50	1216,49
871,67	1224,69
871,83	1216,49
872,00	1208,30
872,17	1191,92
872,33	1251,31
872,50	1114,10
872,67	1187,82
872,83	1228,78
873,00	1189,87
873,17	1167,34
873,33	1167,34
873,50	1216,49
873,67	1169,39
873,83	1159,15
874,00	1230,83
874,16	1249,26
874,33	1179,63
874,50	1236,97
874,66	1187,82
874,83	1177,58
875,00	1183,73
875,16	1239,02
875,33	1216,49
875,50	1193,97
875,66	1191,92
875,83	1273,84
875,99	1196,01
876,16	1161,20
876,33	1185,77
876,49	1261,55
876,66	1204,21
876,83	1208,30
876,99	1204,21
877,16	1224,69
877,32	1167,34
877,49	1222,64
877,66	1228,78
877,82	1101,81
877,99	1171,44
878,15	1193,97
878,32	1214,45
878,49	1173,49
878,65	1255,40
878,82	1173,49
878,98	1234,93
879,15	1185,77
879,32	1191,92
879,48	1273,84
879,65	1191,92
879,81	1179,63
879,98	1232,88
880,15	1218,54
880,31	1138,67
880,48	1216,49
880,64	1243,12
880,81	1236,97
880,97	1216,49
881,14	1232,88
881,31	1171,44
881,47	1165,29
881,64	1169,39
881,80	1236,97
881,97	1179,63
882,13	1222,64
882,30	1245,16
882,47	1175,53
882,63	1177,58
882,80	1183,73
882,96	1165,29
883,13	1206,25
883,29	1204,21
883,46	1116,14
883,62	1175,53
883,79	1286,12
883,95	1204,21
884,12	1165,29
884,29	1165,29
884,45	1159,15
884,62	1105,90
884,78	1196,01
884,95	1167,34
885,11	1159,15
885,28	1239,02
885,44	1204,21
885,61	1169,39
885,77	1134,57
885,94	1232,88
886,10	1279,98
886,27	1204,21
886,43	1107,95
886,60	1220,59
886,76	1146,86
886,93	1196,01
887,09	1239,02
887,26	1239,02
887,42	1191,92
887,59	1202,16
887,75	1220,59
887,92	1269,74
888,08	1220,59
888,25	1228,78
888,41	1222,64
888,58	1179,63
888,74	1181,68
888,91	1245,16
