177,47	1146,86
177,69	1146,86
177,91	1146,86
178,13	1165,29
178,36	1196,01
178,58	1136,62
178,80	1208,30
179,02	1179,63
179,24	1191,92
179,46	1187,82
179,68	1138,67
179,90	1171,44
180,13	1230,83
180,35	1153,01
180,57	1216,49
180,79	1220,59
181,01	1146,86
181,23	1157,10
181,45	1165,29
181,67	1282,03
181,90	1138,67
182,12	1208,30
182,34	1228,78
182,56	1226,73
182,78	1234,93
183,00	1144,81
183,22	1191,92
183,44	1230,83
183,66	1239,02
183,89	1110,00
184,11	1150,96
184,33	1232,88
184,55	1206,25
184,77	1232,88
184,99	1234,93
185,21	1220,59
185,43	1214,45
185,65	1171,44
185,87	1150,96
186,10	1107,95
186,32	1183,73
186,54	1159,15
186,76	1175,53
186,98	1236,97
187,20	1214,45
187,42	1159,15
187,64	1198,06
187,86	1132,53
188,08	1208,30
188,30	1210,35
188,52	1183,73
188,75	1196,01
188,97	1253,36
189,19	1220,59
189,41	1200,11
189,63	1198,06
189,85	1144,81
190,07	1241,07
190,29	1208,30
190,51	1148,91
190,73	1183,73
190,95	1218,54
191,17	1181,68
191,39	1189,87
191,61	1105,90
191,84	1138,67
192,06	1191,92
192,28	1200,11
192,50	1220,59
192,72	1132,53
192,94	1173,49
193,16	1165,29
193,38	1193,97
193,60	1232,88
193,82	1132,53
194,04	1253,36
194,26	1210,35
194,48	1155,05
194,70	1208,30
194,92	1196,01
195,14	1220,59
195,36	1245,16
195,58	1189,87
195,80	1204,21
196,02	1185,77
196,24	1204,21
196,46	1284,08
196,69	1128,43
196,91	1196,01
197,13	1112,05
197,35	1265,64
197,57	1265,64
197,79	1148,91
198,01	1228,78
198,23	1288,17
198,45	1206,25
198,67	1255,40
198,89	1150,96
199,11	1228,78
199,33	1204,21
199,55	1181,68
199,77	1208,30
199,99	1275,88
200,21	1200,11
200,43	1245,16
200,65	1173,49
200,87	1200,11
201,09	1142,77
201,31	1062,90
201,53	1155,05
201,75	1222,64
201,97	1193,97
202,19	1155,05
202,41	1214,45
202,63	1187,82
202,85	1193,97
203,07	1236,97
203,29	1167,34
203,51	1236,97
203,73	1159,15
203,95	1234,93
204,17	1126,38
204,39	1179,63
204,61	1173,49
204,83	1251,31
205,05	1169,39
205,27	1150,96
205,49	1241,07
205,71	1208,30
205,93	1187,82
206,15	1226,73
206,37	1179,63
206,59	1153,01
206,81	1161,20
207,03	1126,38
207,25	1155,05
207,47	1208,30
207,69	1181,68
207,91	1183,73
208,13	1241,07
208,34	1165,29
208,56	1177,58
208,78	1206,25
209,00	1116,14
209,22	1126,38
209,44	1241,07
209,66	1230,83
209,88	1187,82
210,10	1222,64
210,32	1253,36
210,54	1222,64
210,76	1228,78
210,98	1183,73
211,20	1226,73
211,42	1173,49
211,64	1247,21
211,86	1224,69
212,08	1214,45
212,30	1212,40
212,52	1220,59
212,74	1105,90
212,96	1204,21
213,17	1196,01
213,39	1153,01
213,61	1288,17
213,83	1177,58
214,05	1142,77
214,27	1179,63
214,49	1187,82
214,71	1243,12
214,93	1222,64
215,15	1146,86
215,37	1132,53
215,59	1214,45
215,81	1273,84
216,03	1191,92
216,24	1163,25
216,46	1136,62
216,68	1189,87
216,90	1228,78
217,12	1191,92
217,34	1226,73
217,56	1200,11
217,78	1183,73
218,00	1171,44
218,22	1206,25
218,44	1181,68
218,66	1165,29
218,87	1173,49
219,09	1183,73
219,31	1224,69
219,53	1210,35
219,75	1167,34
219,97	1218,54
220,19	1157,10
220,41	1103,86
220,63	1175,53
220,85	1144,81
221,06	1116,14
221,28	1202,16
221,50	1208,30
221,72	1189,87
221,94	1185,77
222,16	1122,29
222,38	1224,69
222,60	1208,30
222,82	1185,77
223,03	1183,73
223,25	1224,69
223,47	1232,88
223,69	1210,35
223,91	1236,97
224,13	1198,06
224,35	1230,83
224,57	1171,44
224,78	1214,45
225,00	1171,44
225,22	1220,59
225,44	1177,58
225,66	1181,68
225,88	1206,25
226,10	1191,92
226,32	1189,87
226,53	1150,96
226,75	1189,87
226,97	1198,06
227,19	1163,25
227,41	1177,58
227,63	1216,49
227,85	1181,68
228,06	1257,45
228,28	1208,30
228,50	1159,15
228,72	1208,30
228,94	1150,96
229,16	1114,10
229,37	1202,16
229,59	1208,30
229,81	1212,40
230,03	1189,87
230,25	1173,49
230,47	1142,77
230,69	1148,91
230,90	1159,15
231,12	1224,69
231,34	1150,96
231,56	1224,69
231,78	1191,92
232,00	1163,25
232,21	1245,16
232,43	1206,25
232,65	1224,69
232,87	1169,39
233,09	1136,62
233,30	1157,10
233,52	1165,29
233,74	1239,02
233,96	1288,17
234,18	1163,25
234,40	1114,10
234,61	1171,44
234,83	1161,20
235,05	1236,97
235,27	1222,64
235,49	1142,77
235,70	1146,86
235,92	1282,03
236,14	1179,63
236,36	1232,88
236,58	1187,82
236,79	1206,25
237,01	1191,92
237,23	1191,92
237,45	1253,36
237,67	1196,01
237,88	1175,53
238,10	1146,86
238,32	1275,88
238,54	1255,40
238,76	1206,25
238,97	1193,97
239,19	1206,25
239,41	1222,64
239,63	1181,68
239,85	1171,44
240,06	1167,34
240,28	1247,21
240,50	1132,53
240,72	1163,25
240,93	1159,15
241,15	1150,96
241,37	1282,03
241,59	1214,45
241,81	1105,90
242,02	1204,21
242,24	1191,92
242,46	1187,82
242,68	1173,49
242,89	1226,73
243,11	1169,39
243,33	1200,11
243,55	1144,81
243,76	1198,06
243,98	1173,49
244,20	1198,06
244,42	1196,01
244,64	1224,69
244,85	1175,53
245,07	1169,39
245,29	1159,15
245,51	1130,48
245,72	1247,21
245,94	1245,16
246,16	1191,92
246,38	1163,25
246,59	1144,81
246,81	1208,30
247,03	1193,97
247,24	1247,21
247,46	1146,86
247,68	1169,39
247,90	1177,58
248,11	1185,77
248,33	1300,46
248,55	1181,68
248,77	1187,82
248,98	1150,96
249,20	1153,01
249,42	1159,15
249,64	1185,77
249,85	1247,21
250,07	1138,67
250,29	1169,39
250,50	1161,20
250,72	1193,97
250,94	1187,82
251,16	1189,87
251,37	1239,02
251,59	1224,69
251,81	1245,16
252,02	1218,54
252,24	1247,21
252,46	1208,30
252,68	1214,45
252,89	1200,11
253,11	1181,68
253,33	1206,25
253,54	1200,11
253,76	1202,16
253,98	1144,81
254,20	1187,82
254,41	1218,54
254,63	1126,38
254,85	1136,62
255,06	1232,88
255,28	1239,02
255,50	1261,55
255,71	1210,35
255,93	1181,68
256,15	1216,49
256,36	1308,65
256,58	1155,05
256,80	1159,15
257,02	1214,45
257,23	1183,73
257,45	1169,39
257,67	1257,45
257,88	1161,20
258,10	1220,59
258,32	1232,88
258,53	1142,77
258,75	1161,20
258,97	1265,64
259,18	1144,81
259,40	1204,21
259,62	1132,53
259,83	1257,45
260,05	1200,11
260,27	1167,34
260,48	1163,25
260,70	1124,33
260,92	1220,59
261,13	1200,11
261,35	1202,16
261,57	1259,50
261,78	1212,40
262,00	1279,98
262,22	1212,40
262,43	1159,15
262,65	1224,69
262,86	1191,92
263,08	1230,83
263,30	1179,63
263,51	1232,88
263,73	1220,59
263,95	1130,48
264,16	1171,44
264,38	1179,63
264,60	1282,03
264,81	1183,73
265,03	1224,69
265,25	1228,78
265,46	1193,97
265,68	1169,39
265,89	1259,50
266,11	1155,05
266,33	1173,49
266,54	1138,67
266,76	1146,86
266,98	1191,92
267,19	1171,44
267,41	1241,07
267,62	1191,92
267,84	1232,88
268,06	1167,34
268,27	1187,82
268,49	1200,11
268,70	1200,11
268,92	1191,92
269,14	1138,67
269,35	1183,73
269,57	1107,95
269,79	1200,11
270,00	1171,44
270,22	1228,78
270,43	1169,39
270,65	1206,25
270,87	1204,21
271,08	1241,07
271,30	1181,68
271,51	1226,73
271,73	1159,15
271,95	1204,21
272,16	1134,57
272,38	1159,15
272,59	1234,93
272,81	1198,06
273,02	1193,97
273,24	1210,35
273,46	1110,00
273,67	1196,01
273,89	1251,31
274,10	1220,59
274,32	1198,06
274,54	1204,21
274,75	1204,21
274,97	1191,92
275,18	1181,68
275,40	1202,16
275,61	1220,59
275,83	1251,31
276,05	1165,29
276,26	1193,97
276,48	1245,16
276,69	1241,07
276,91	1175,53
277,12	1173,49
277,34	1142,77
277,55	1273,84
277,77	1142,77
277,99	1169,39
278,20	1179,63
278,42	1226,73
278,63	1232,88
278,85	1157,10
279,06	1187,82
279,28	1132,53
279,49	1159,15
279,71	1275,88
279,93	1171,44
280,14	1191,92
280,36	1150,96
280,57	1224,69
280,79	1253,36
281,00	1148,91
281,22	1218,54
281,43	1159,15
281,65	1236,97
281,86	1136,62
282,08	1120,24
282,29	1284,08
282,51	1120,24
282,73	1222,64
282,94	1210,35
283,16	1230,83
283,37	1232,88
283,59	1226,73
283,80	1173,49
284,02	1284,08
284,23	1155,05
284,45	1124,33
284,66	1253,36
284,88	1220,59
285,09	1175,53
285,31	1253,36
285,52	1236,97
285,74	1122,29
285,95	1179,63
286,17	1259,50
286,38	1169,39
286,60	1150,96
286,81	1191,92
287,03	1236,97
287,24	1239,02
287,46	1232,88
287,67	1200,11
287,89	1177,58
288,10	1183,73
288,32	1191,92
288,53	1216,49
288,75	1196,01
288,96	1185,77
289,18	1259,50
289,39	1243,12
289,61	1175,53
289,82	1224,69
290,04	1247,21
290,25	1257,45
290,47	1253,36
290,68	1196,01
290,90	1191,92
291,11	1230,83
291,33	1150,96
291,54	1257,45
291,76	1200,11
291,97	1243,12
292,18	1206,25
292,40	1150,96
292,61	1210,35
292,83	1212,40
293,04	1132,53
293,26	1177,58
293,47	1185,77
293,69	1196,01
293,90	1183,73
294,12	1157,10
294,33	1163,25
294,55	1218,54
294,76	1200,11
294,97	1175,53
295,19	1251,31
295,40	1183,73
295,62	1265,64
295,83	1216,49
296,05	1218,54
296,26	1118,19
296,48	1220,59
296,69	1089,52
296,90	1208,30
297,12	1196,01
297,33	1179,63
297,55	1191,92
297,76	1165,29
297,98	1144,81
298,19	1198,06
298,41	1183,73
298,62	1316,84
298,83	1210,35
299,05	1191,92
299,26	1142,77
299,48	1214,45
299,69	1183,73
299,90	1257,45
300,12	1163,25
300,33	1173,49
300,55	1157,10
300,76	1175,53
300,98	1132,53
301,19	1138,67
301,40	1159,15
301,62	1157,10
301,83	1173,49
302,05	1183,73
302,26	1234,93
302,47	1134,57
302,69	1157,10
302,90	1185,77
303,12	1179,63
303,33	1251,31
303,54	1202,16
303,76	1189,87
303,97	1165,29
304,19	1249,26
304,40	1200,11
304,61	1239,02
304,83	1146,86
305,04	1236,97
305,26	1163,25
305,47	1136,62
305,68	1177,58
305,90	1273,84
306,11	1212,40
306,33	1255,40
306,54	1159,15
306,75	1222,64
306,97	1181,68
307,18	1161,20
307,39	1191,92
307,61	1241,07
307,82	1204,21
308,04	1245,16
308,25	1228,78
308,46	1144,81
308,68	1159,15
308,89	1175,53
309,10	1136,62
309,32	1220,59
309,53	1181,68
309,74	1191,92
309,96	1212,40
310,17	1138,67
310,39	1218,54
310,60	1155,05
310,81	1179,63
311,03	1177,58
311,24	1173,49
311,45	1206,25
311,67	1189,87
311,88	1200,11
312,09	1126,38
312,31	1126,38
312,52	1196,01
312,73	1245,16
312,95	1165,29
313,16	1220,59
313,37	1126,38
313,59	1206,25
313,80	1177,58
314,01	1181,68
314,23	1200,11
314,44	1103,86
314,65	1148,91
314,87	1155,05
315,08	1275,88
315,29	1202,16
315,51	1208,30
315,72	1241,07
315,93	1263,60
316,15	1187,82
316,36	1179,63
316,57	1212,40
316,79	1202,16
317,00	1216,49
317,21	1171,44
317,43	1148,91
317,64	1267,69
317,85	1122,29
318,07	1187,82
318,28	1230,83
318,49	1226,73
318,70	1241,07
318,92	1146,86
319,13	1153,01
319,34	1167,34
319,56	1191,92
319,77	1187,82
319,98	1181,68
320,20	1150,96
320,41	1173,49
320,62	1243,12
320,83	1187,82
321,05	1206,25
321,26	1261,55
321,47	1198,06
321,69	1187,82
321,90	1241,07
322,11	1210,35
322,32	1204,21
322,54	1167,34
322,75	1253,36
322,96	1189,87
323,18	1148,91
323,39	1208,30
323,60	1224,69
323,81	1167,34
324,03	1132,53
324,24	1189,87
324,45	1173,49
324,66	1187,82
324,88	1202,16
325,09	1257,45
325,30	1230,83
325,52	1142,77
325,73	1142,77
325,94	1222,64
326,15	1153,01
326,37	1198,06
326,58	1138,67
326,79	1161,20
327,00	1224,69
327,22	1210,35
327,43	1263,60
327,64	1183,73
327,85	1183,73
328,07	1247,21
328,28	1155,05
328,49	1206,25
328,70	1179,63
328,92	1226,73
329,13	1202,16
329,34	1196,01
329,55	1181,68
329,76	1200,11
329,98	1200,11
330,19	1120,24
330,40	1187,82
330,61	1224,69
330,83	1196,01
331,04	1208,30
331,25	1136,62
331,46	1165,29
331,68	1130,48
331,89	1142,77
332,10	1257,45
332,31	1183,73
332,52	1167,34
332,74	1216,49
332,95	1187,82
333,16	1161,20
333,37	1118,19
333,58	1179,63
333,80	1173,49
334,01	1247,21
334,22	1243,12
334,43	1247,21
334,64	1253,36
334,86	1191,92
335,07	1150,96
335,28	1216,49
335,49	1232,88
335,70	1185,77
335,92	1181,68
336,13	1198,06
336,34	1226,73
336,55	1247,21
336,76	1138,67
336,98	1226,73
337,19	1136,62
337,40	1269,74
337,61	1134,57
337,82	1173,49
338,04	1189,87
338,25	1327,08
338,46	1105,90
338,67	1329,13
338,88	1171,44
339,09	1177,58
339,31	1191,92
339,52	1212,40
339,73	1239,02
339,94	1183,73
340,15	1173,49
340,36	1191,92
340,58	1234,93
340,79	1232,88
341,00	1202,16
341,21	1126,38
341,42	1263,60
341,63	1171,44
341,85	1224,69
342,06	1196,01
342,27	1329,13
342,48	1191,92
342,69	1187,82
342,90	1155,05
343,12	1159,15
343,33	1144,81
343,54	1114,10
343,75	1134,57
343,96	1236,97
344,17	1216,49
344,38	1206,25
344,60	1222,64
344,81	1224,69
345,02	1230,83
345,23	1134,57
345,44	1167,34
345,65	1220,59
345,86	1175,53
346,07	1185,77
346,29	1239,02
346,50	1161,20
346,71	1249,26
346,92	1196,01
347,13	1273,84
347,34	1153,01
347,55	1146,86
347,76	1126,38
347,98	1181,68
348,19	1196,01
348,40	1204,21
348,61	1220,59
348,82	1187,82
349,03	1181,68
349,24	1179,63
349,45	1226,73
349,66	1275,88
349,88	1196,01
350,09	1187,82
350,30	1230,83
350,51	1155,05
350,72	1196,01
350,93	1185,77
351,14	1261,55
351,35	1179,63
351,56	1214,45
351,77	1230,83
351,99	1196,01
352,20	1230,83
352,41	1234,93
352,62	1140,72
352,83	1187,82
353,04	1136,62
353,25	1175,53
353,46	1210,35
353,67	1175,53
353,88	1191,92
354,09	1185,77
354,30	1257,45
354,52	1153,01
354,73	1286,12
354,94	1189,87
355,15	1204,21
355,36	1206,25
355,57	1169,39
355,78	1173,49
355,99	1155,05
356,20	1107,95
356,41	1228,78
356,62	1198,06
356,83	1202,16
357,04	1134,57
357,25	1183,73
357,46	1183,73
357,68	1232,88
357,89	1255,40
358,10	1142,77
358,31	1177,58
358,52	1159,15
358,73	1234,93
358,94	1189,87
359,15	1148,91
359,36	1198,06
359,57	1204,21
359,78	1196,01
359,99	1138,67
360,20	1191,92
360,41	1206,25
360,62	1212,40
360,83	1150,96
361,04	1230,83
361,25	1159,15
361,46	1155,05
361,67	1187,82
361,88	1198,06
362,09	1204,21
362,30	1185,77
362,51	1204,21
362,72	1228,78
362,93	1249,26
363,14	1159,15
363,35	1157,10
363,56	1228,78
363,78	1097,71
363,99	1191,92
364,20	1239,02
364,41	1118,19
364,62	1159,15
364,83	1148,91
365,04	1210,35
365,25	1134,57
365,46	1265,64
365,67	1196,01
365,88	1212,40
366,09	1179,63
366,30	1183,73
366,51	1228,78
366,72	1169,39
366,93	1222,64
367,14	1208,30
367,35	1218,54
367,56	1169,39
367,77	1161,20
367,98	1130,48
368,18	1159,15
368,39	1183,73
368,60	1202,16
368,81	1171,44
369,02	1259,50
369,23	1116,14
369,44	1175,53
369,65	1191,92
369,86	1191,92
370,07	1191,92
370,28	1206,25
370,49	1200,11
370,70	1155,05
370,91	1249,26
371,12	1181,68
371,33	1155,05
371,54	1191,92
371,75	1185,77
371,96	1218,54
372,17	1181,68
372,38	1187,82
372,59	1173,49
372,80	1171,44
373,01	1177,58
373,22	1243,12
373,43	1116,14
373,64	1222,64
373,85	1150,96
374,06	1218,54
374,26	1159,15
374,47	1187,82
374,68	1200,11
374,89	1193,97
375,10	1261,55
375,31	1243,12
375,52	1245,16
375,73	1169,39
375,94	1153,01
376,15	1120,24
376,36	1163,25
376,57	1196,01
376,78	1167,34
376,99	1183,73
377,20	1153,01
377,40	1241,07
377,61	1189,87
377,82	1116,14
378,03	1191,92
378,24	1116,14
378,45	1228,78
378,66	1214,45
378,87	1161,20
379,08	1214,45
379,29	1122,29
379,50	1241,07
379,71	1202,16
379,91	1167,34
380,12	1193,97
380,33	1196,01
380,54	1181,68
380,75	1277,93
380,96	1212,40
381,17	1175,53
381,38	1224,69
381,59	1206,25
381,80	1187,82
382,00	1273,84
382,21	1144,81
382,42	1193,97
382,63	1253,36
382,84	1157,10
383,05	1204,21
383,26	1204,21
383,47	1071,09
383,68	1155,05
383,88	1155,05
384,09	1110,00
384,30	1165,29
384,51	1155,05
384,72	1155,05
384,93	1189,87
385,14	1196,01
385,35	1173,49
385,55	1173,49
385,76	1251,31
385,97	1185,77
386,18	1224,69
386,39	1189,87
386,60	1263,60
386,81	1187,82
387,02	1218,54
387,22	1155,05
387,43	1247,21
387,64	1212,40
387,85	1163,25
388,06	1159,15
388,27	1232,88
388,48	1275,88
388,68	1198,06
388,89	1239,02
389,10	1236,97
389,31	1267,69
389,52	1144,81
389,73	1181,68
389,93	1236,97
390,14	1171,44
390,35	1224,69
390,56	1196,01
390,77	1193,97
390,98	1230,83
391,18	1236,97
391,39	1181,68
391,60	1171,44
391,81	1157,10
392,02	1243,12
392,23	1177,58
392,43	1183,73
392,64	1134,57
392,85	1181,68
393,06	1208,30
393,27	1257,45
393,47	1167,34
393,68	1171,44
393,89	1165,29
394,10	1179,63
394,31	1122,29
394,52	1175,53
394,72	1230,83
394,93	1228,78
395,14	1105,90
395,35	1218,54
395,56	1191,92
395,76	1120,24
395,97	1163,25
396,18	1163,25
396,39	1153,01
396,60	1263,60
396,80	1204,21
397,01	1183,73
397,22	1224,69
397,43	1153,01
397,64	1200,11
397,84	1191,92
398,05	1169,39
398,26	1179,63
398,47	1153,01
398,67	1171,44
398,88	1198,06
399,09	1210,35
399,30	1193,97
399,51	1239,02
399,71	1206,25
399,92	1189,87
400,13	1165,29
400,34	1222,64
400,54	1191,92
400,75	1198,06
400,96	1159,15
401,17	1150,96
401,37	1191,92
401,58	1179,63
401,79	1165,29
402,00	1200,11
402,21	1110,00
402,41	1232,88
402,62	1105,90
402,83	1200,11
403,04	1210,35
403,24	1185,77
403,45	1210,35
403,66	1130,48
403,87	1193,97
404,07	1218,54
404,28	1245,16
404,49	1226,73
404,70	1171,44
404,90	1241,07
405,11	1255,40
405,32	1167,34
405,52	1120,24
405,73	1138,67
405,94	1169,39
406,15	1239,02
406,35	1212,40
406,56	1239,02
406,77	1251,31
406,98	1138,67
407,18	1159,15
407,39	1144,81
407,60	1239,02
407,80	1251,31
408,01	1265,64
408,22	1198,06
408,43	1234,93
408,63	1142,77
408,84	1146,86
409,05	1159,15
409,25	1120,24
409,46	1163,25
409,67	1183,73
409,88	1187,82
410,08	1263,60
410,29	1144,81
410,50	1200,11
410,70	1146,86
410,91	1155,05
411,12	1167,34
411,32	1241,07
411,53	1265,64
411,74	1146,86
411,95	1206,25
412,15	1196,01
412,36	1255,40
412,57	1122,29
412,77	1275,88
412,98	1179,63
413,19	1220,59
413,39	1198,06
413,60	1249,26
413,81	1230,83
414,01	1140,72
414,22	1198,06
414,43	1216,49
414,63	1193,97
414,84	1120,24
415,05	1177,58
415,25	1214,45
415,46	1183,73
415,67	1153,01
415,87	1200,11
416,08	1153,01
416,29	1191,92
416,49	1265,64
416,70	1232,88
416,91	1191,92
417,11	1136,62
417,32	1159,15
417,53	1132,53
417,73	1153,01
417,94	1177,58
418,15	1189,87
418,35	1183,73
418,56	1208,30
418,77	1132,53
418,97	1216,49
419,18	1179,63
419,38	1208,30
419,59	1204,21
419,80	1161,20
420,00	1220,59
420,21	1208,30
420,42	1138,67
420,62	1191,92
420,83	1157,10
421,04	1206,25
421,24	1230,83
421,45	1214,45
421,65	1150,96
421,86	1196,01
422,07	1144,81
422,27	1114,10
422,48	1191,92
422,69	1144,81
422,89	1148,91
423,10	1193,97
423,30	1239,02
423,51	1200,11
423,72	1277,93
423,92	1218,54
424,13	1228,78
424,33	1224,69
424,54	1138,67
424,75	1257,45
424,95	1150,96
425,16	1183,73
425,36	1196,01
425,57	1236,97
425,78	1144,81
425,98	1216,49
426,19	1161,20
426,39	1279,98
426,60	1097,71
426,81	1189,87
427,01	1232,88
427,22	1212,40
427,42	1228,78
427,63	1273,84
427,83	1163,25
428,04	1216,49
428,25	1169,39
428,45	1208,30
428,66	1159,15
428,86	1187,82
429,07	1224,69
429,28	1214,45
429,48	1189,87
429,69	1222,64
429,89	1191,92
430,10	1234,93
430,30	1083,38
430,51	1226,73
430,71	1191,92
430,92	1247,21
431,13	1224,69
431,33	1261,55
431,54	1228,78
431,74	1153,01
431,95	1245,16
432,15	1189,87
432,36	1142,77
432,56	1220,59
432,77	1171,44
432,98	1226,73
433,18	1161,20
433,39	1196,01
433,59	1181,68
433,80	1206,25
434,00	1189,87
434,21	1212,40
434,41	1177,58
434,62	1265,64
434,82	1159,15
435,03	1167,34
435,23	1179,63
435,44	1202,16
435,64	1171,44
435,85	1167,34
436,06	1179,63
436,26	1148,91
436,47	1204,21
436,67	1155,05
436,88	1202,16
437,08	1220,59
437,29	1202,16
437,49	1191,92
437,70	1171,44
437,90	1228,78
438,11	1161,20
438,31	1214,45
438,52	1202,16
438,72	1263,60
438,93	1114,10
439,13	1171,44
439,34	1189,87
439,54	1226,73
439,75	1212,40
439,95	1210,35
440,16	1153,01
440,36	1181,68
440,57	1216,49
440,77	1202,16
440,98	1173,49
441,18	1173,49
441,39	1173,49
441,59	1181,68
441,80	1165,29
442,00	1157,10
442,21	1243,12
442,41	1253,36
442,62	1112,05
442,82	1216,49
443,02	1181,68
443,23	1159,15
443,43	1107,95
443,64	1263,60
443,84	1239,02
444,05	1167,34
444,25	1148,91
444,46	1259,50
444,66	1187,82
444,87	1265,64
445,07	1228,78
445,28	1198,06
445,48	1159,15
445,69	1167,34
445,89	1175,53
446,09	1196,01
446,30	1171,44
446,50	1275,88
446,71	1161,20
446,91	1138,67
447,12	1187,82
447,32	1257,45
447,53	1126,38
447,73	1206,25
447,93	1191,92
448,14	1181,68
448,34	1126,38
448,55	1159,15
448,75	1204,21
448,96	1257,45
449,16	1185,77
449,36	1167,34
449,57	1216,49
449,77	1189,87
449,98	1243,12
450,18	1107,95
450,39	1202,16
450,59	1165,29
450,79	1138,67
451,00	1304,56
451,20	1210,35
451,41	1136,62
451,61	1255,40
451,81	1175,53
452,02	1253,36
452,22	1163,25
452,43	1214,45
452,63	1177,58
452,84	1243,12
453,04	1118,19
453,24	1257,45
453,45	1198,06
453,65	1267,69
453,86	1183,73
454,06	1146,86
454,26	1228,78
454,47	1177,58
454,67	1210,35
454,87	1232,88
455,08	1097,71
455,28	1187,82
455,49	1232,88
455,69	1241,07
455,89	1206,25
456,10	1251,31
456,30	1206,25
456,51	1243,12
456,71	1185,77
456,91	1206,25
457,12	1134,57
457,32	1169,39
457,52	1181,68
457,73	1202,16
457,93	1255,40
458,14	1214,45
458,34	1185,77
458,54	1142,77
458,75	1214,45
458,95	1142,77
459,15	1196,01
459,36	1161,20
459,56	1169,39
459,76	1179,63
459,97	1107,95
460,17	1175,53
460,37	1185,77
460,58	1163,25
460,78	1230,83
460,99	1093,62
461,19	1243,12
461,39	1228,78
461,60	1124,33
461,80	1165,29
462,00	1224,69
462,21	1142,77
462,41	1232,88
462,61	1200,11
462,82	1212,40
463,02	1159,15
463,22	1204,21
463,43	1249,26
463,63	1155,05
463,83	1220,59
464,04	1183,73
464,24	1239,02
464,44	1243,12
464,64	1163,25
464,85	1206,25
465,05	1171,44
465,25	1148,91
465,46	1128,43
465,66	1204,21
465,86	1191,92
466,07	1200,11
466,27	1191,92
466,47	1140,72
466,68	1171,44
466,88	1239,02
467,08	1183,73
467,29	1159,15
467,49	1226,73
467,69	1118,19
467,89	1167,34
468,10	1204,21
468,30	1239,02
468,50	1224,69
468,71	1208,30
468,91	1232,88
469,11	1222,64
469,31	1191,92
469,52	1191,92
469,72	1249,26
469,92	1200,11
470,13	1138,67
470,33	1210,35
470,53	1161,20
470,73	1187,82
470,94	1206,25
471,14	1138,67
471,34	1206,25
471,54	1175,53
471,75	1273,84
471,95	1214,45
472,15	1228,78
472,36	1196,01
472,56	1239,02
472,76	1216,49
472,96	1187,82
473,17	1191,92
473,37	1085,42
473,57	1200,11
473,77	1183,73
473,98	1189,87
474,18	1189,87
474,38	1181,68
474,58	1220,59
474,79	1146,86
474,99	1165,29
475,19	1206,25
475,39	1167,34
475,60	1220,59
475,80	1150,96
476,00	1202,16
476,20	1245,16
476,41	1118,19
476,61	1193,97
476,81	1253,36
477,01	1202,16
477,21	1144,81
477,42	1177,58
477,62	1175,53
477,82	1212,40
478,02	1218,54
478,23	1267,69
478,43	1148,91
478,63	1177,58
478,83	1208,30
479,03	1210,35
479,24	1220,59
479,44	1150,96
479,64	1249,26
479,84	1220,59
480,04	1173,49
480,25	1204,21
480,45	1196,01
480,65	1204,21
480,85	1181,68
481,06	1134,57
481,26	1107,95
481,46	1206,25
481,66	1142,77
481,86	1218,54
482,06	1202,16
482,27	1185,77
482,47	1212,40
482,67	1241,07
482,87	1210,35
483,07	1148,91
483,28	1165,29
483,48	1257,45
483,68	1200,11
483,88	1212,40
484,08	1232,88
484,29	1241,07
484,49	1218,54
484,69	1300,46
484,89	1187,82
485,09	1167,34
485,29	1175,53
485,50	1243,12
485,70	1146,86
485,90	1208,30
486,10	1204,21
486,30	1187,82
486,50	1218,54
486,71	1173,49
486,91	1155,05
487,11	1239,02
487,31	1232,88
487,51	1155,05
487,71	1228,78
487,91	1247,21
488,12	1230,83
488,32	1202,16
488,52	1181,68
488,72	1208,30
488,92	1200,11
489,12	1204,21
489,32	1179,63
489,53	1116,14
489,73	1245,16
489,93	1118,19
490,13	1161,20
490,33	1236,97
490,53	1208,30
490,73	1183,73
490,94	1196,01
491,14	1183,73
491,34	1241,07
491,54	1187,82
491,74	1185,77
491,94	1232,88
492,14	1171,44
492,34	1239,02
492,54	1243,12
492,75	1159,15
492,95	1200,11
493,15	1189,87
493,35	1245,16
493,55	1148,91
493,75	1136,62
493,95	1171,44
494,15	1189,87
494,35	1159,15
494,56	1148,91
494,76	1134,57
494,96	1114,10
495,16	1234,93
495,36	1241,07
495,56	1169,39
495,76	1243,12
495,96	1298,41
496,16	1202,16
496,36	1212,40
496,56	1155,05
496,77	1124,33
496,97	1181,68
497,17	1214,45
497,37	1165,29
497,57	1222,64
497,77	1173,49
497,97	1191,92
498,17	1208,30
498,37	1230,83
498,57	1228,78
498,77	1251,31
498,97	1196,01
499,17	1171,44
499,38	1110,00
499,58	1189,87
499,78	1200,11
499,98	1144,81
500,18	1132,53
500,38	1167,34
500,58	1144,81
500,78	1161,20
500,98	1273,84
501,18	1200,11
501,38	1089,52
501,58	1232,88
501,78	1224,69
501,98	1288,17
502,18	1177,58
502,38	1196,01
502,58	1179,63
502,78	1202,16
502,98	1189,87
503,18	1220,59
503,38	1138,67
503,59	1165,29
503,79	1214,45
503,99	1163,25
504,19	1222,64
504,39	1202,16
504,59	1216,49
504,79	1179,63
504,99	1126,38
505,19	1230,83
505,39	1140,72
505,59	1251,31
505,79	1230,83
505,99	1232,88
506,19	1122,29
506,39	1175,53
506,59	1187,82
506,79	1202,16
506,99	1206,25
507,19	1249,26
507,39	1202,16
507,59	1245,16
507,79	1263,60
507,99	1163,25
508,19	1177,58
508,39	1198,06
508,59	1144,81
508,79	1232,88
508,99	1142,77
509,19	1193,97
509,39	1210,35
509,59	1159,15
509,79	1146,86
509,99	1153,01
510,19	1228,78
510,39	1191,92
510,59	1241,07
510,79	1183,73
510,99	1165,29
511,19	1183,73
511,39	1179,63
511,59	1183,73
511,79	1191,92
511,99	1204,21
512,19	1196,01
512,38	1253,36
512,58	1167,34
512,78	1056,75
512,98	1212,40
513,18	1251,31
513,38	1210,35
513,58	1189,87
513,78	1286,12
513,98	1198,06
514,18	1126,38
514,38	1206,25
514,58	1146,86
514,78	1212,40
514,98	1179,63
515,18	1206,25
515,38	1120,24
515,58	1146,86
515,78	1175,53
515,98	1210,35
516,18	1200,11
516,38	1191,92
516,57	1228,78
516,77	1134,57
516,97	1189,87
517,17	1198,06
517,37	1253,36
517,57	1214,45
517,77	1146,86
517,97	1175,53
518,17	1234,93
518,37	1236,97
518,57	1161,20
518,77	1136,62
518,97	1202,16
519,16	1212,40
519,36	1253,36
519,56	1183,73
519,76	1193,97
519,96	1259,50
520,16	1232,88
520,36	1206,25
520,56	1249,26
520,76	1163,25
520,96	1146,86
521,16	1261,55
521,35	1167,34
521,55	1183,73
521,75	1241,07
521,95	1134,57
522,15	1191,92
522,35	1177,58
522,55	1173,49
522,75	1159,15
522,95	1173,49
523,14	1181,68
523,34	1134,57
523,54	1228,78
523,74	1193,97
523,94	1212,40
524,14	1171,44
524,34	1249,26
524,54	1228,78
524,73	1224,69
524,93	1183,73
525,13	1191,92
525,33	1202,16
525,53	1175,53
525,73	1218,54
525,93	1191,92
526,13	1196,01
526,32	1212,40
526,52	1179,63
526,72	1279,98
526,92	1134,57
527,12	1210,35
527,32	1171,44
527,52	1165,29
527,71	1208,30
527,91	1183,73
528,11	1159,15
528,31	1218,54
528,51	1210,35
528,71	1183,73
528,90	1183,73
529,10	1212,40
529,30	1239,02
529,50	1230,83
529,70	1187,82
529,90	1183,73
530,09	1142,77
530,29	1216,49
530,49	1181,68
530,69	1193,97
530,89	1171,44
531,09	1224,69
531,28	1236,97
531,48	1216,49
531,68	1216,49
531,88	1253,36
532,08	1214,45
532,28	1212,40
532,47	1134,57
532,67	1179,63
532,87	1134,57
533,07	1175,53
533,27	1210,35
533,46	1191,92
533,66	1132,53
533,86	1185,77
534,06	1196,01
534,26	1161,20
534,45	1171,44
534,65	1265,64
534,85	1193,97
535,05	1173,49
535,25	1236,97
535,44	1163,25
535,64	1171,44
535,84	1202,16
536,04	1134,57
536,24	1183,73
536,43	1224,69
536,63	1179,63
536,83	1171,44
537,03	1169,39
537,22	1155,05
537,42	1155,05
537,62	1196,01
537,82	1222,64
538,02	1212,40
538,21	1191,92
538,41	1171,44
538,61	1239,02
538,81	1101,81
539,00	1208,30
539,20	1191,92
539,40	1208,30
539,60	1191,92
539,79	1222,64
539,99	1191,92
540,19	1247,21
540,39	1239,02
540,58	1216,49
540,78	1208,30
540,98	1146,86
541,18	1181,68
541,37	1206,25
541,57	1222,64
541,77	1216,49
541,97	1189,87
542,16	1230,83
542,36	1140,72
542,56	1226,73
542,76	1163,25
542,95	1187,82
543,15	1243,12
543,35	1183,73
543,54	1202,16
543,74	1181,68
543,94	1136,62
544,14	1177,58
544,33	1183,73
544,53	1159,15
544,73	1210,35
544,93	1191,92
545,12	1181,68
545,32	1124,33
545,52	1110,00
545,71	1198,06
545,91	1185,77
546,11	1196,01
546,30	1189,87
546,50	1210,35
546,70	1165,29
546,90	1140,72
547,09	1183,73
547,29	1222,64
547,49	1218,54
547,68	1196,01
547,88	1144,81
548,08	1241,07
548,27	1255,40
548,47	1200,11
548,67	1181,68
548,87	1165,29
549,06	1142,77
549,26	1218,54
549,46	1130,48
549,65	1245,16
549,85	1193,97
550,05	1159,15
550,24	1196,01
550,44	1148,91
550,64	1198,06
550,83	1247,21
551,03	1148,91
551,23	1185,77
551,42	1236,97
551,62	1118,19
551,82	1110,00
552,01	1236,97
552,21	1216,49
552,41	1177,58
552,60	1196,01
552,80	1130,48
553,00	1251,31
553,19	1136,62
553,39	1208,30
553,59	1196,01
553,78	1150,96
553,98	1193,97
554,17	1228,78
554,37	1118,19
554,57	1177,58
554,76	1181,68
554,96	1196,01
555,16	1191,92
555,35	1212,40
555,55	1142,77
555,75	1232,88
555,94	1216,49
556,14	1153,01
556,33	1212,40
556,53	1191,92
556,73	1179,63
556,92	1181,68
557,12	1212,40
557,32	1241,07
557,51	1177,58
557,71	1161,20
557,90	1214,45
558,10	1204,21
558,30	1173,49
558,49	1155,05
558,69	1101,81
558,88	1161,20
559,08	1157,10
559,28	1155,05
559,47	1167,34
559,67	1138,67
559,86	1165,29
560,06	1095,66
560,26	1193,97
560,45	1146,86
560,65	1251,31
560,84	1130,48
561,04	1243,12
561,24	1228,78
561,43	1159,15
561,63	1239,02
561,82	1144,81
562,02	1236,97
562,22	1173,49
562,41	1263,60
562,61	1234,93
562,80	1243,12
563,00	1206,25
563,19	1226,73
563,39	1165,29
563,59	1159,15
563,78	1232,88
563,98	1187,82
564,17	1179,63
564,37	1206,25
564,56	1230,83
564,76	1157,10
564,96	1148,91
565,15	1220,59
565,35	1173,49
565,54	1177,58
565,74	1214,45
565,93	1187,82
566,13	1216,49
566,32	1169,39
566,52	1212,40
566,71	1191,92
566,91	1169,39
567,11	1216,49
567,30	1167,34
567,50	1208,30
567,69	1183,73
567,89	1284,08
568,08	1220,59
568,28	1112,05
568,47	1150,96
568,67	1189,87
568,86	1206,25
569,06	1163,25
569,25	1163,25
569,45	1193,97
569,64	1202,16
569,84	1245,16
570,04	1148,91
570,23	1200,11
570,43	1200,11
570,62	1222,64
570,82	1224,69
571,01	1165,29
571,21	1226,73
571,40	1212,40
571,60	1198,06
571,79	1187,82
571,99	1216,49
572,18	1294,32
572,38	1191,92
572,57	1189,87
572,77	1191,92
572,96	1177,58
573,16	1261,55
573,35	1181,68
573,55	1232,88
573,74	1204,21
573,94	1177,58
574,13	1144,81
574,33	1234,93
574,52	1118,19
574,71	1189,87
574,91	1177,58
575,10	1179,63
575,30	1167,34
575,49	1208,30
575,69	1232,88
575,88	1146,86
576,08	1232,88
576,27	1234,93
576,47	1183,73
576,66	1245,16
576,86	1239,02
577,05	1206,25
577,25	1191,92
577,44	1236,97
577,64	1179,63
577,83	1191,92
578,02	1224,69
578,22	1161,20
578,41	1159,15
578,61	1234,93
578,80	1183,73
579,00	1265,64
579,19	1171,44
579,39	1245,16
579,58	1187,82
579,77	1204,21
579,97	1220,59
580,16	1214,45
580,36	1193,97
580,55	1222,64
580,75	1208,30
580,94	1144,81
581,13	1202,16
581,33	1224,69
581,52	1204,21
581,72	1157,10
581,91	1183,73
582,11	1140,72
582,30	1204,21
582,49	1259,50
582,69	1187,82
582,88	1210,35
583,08	1163,25
583,27	1171,44
583,47	1175,53
583,66	1224,69
583,85	1177,58
584,05	1204,21
584,24	1179,63
584,44	1263,60
584,63	1142,77
584,82	1161,20
585,02	1234,93
585,21	1230,83
585,41	1128,43
585,60	1169,39
585,79	1173,49
585,99	1269,74
586,18	1161,20
586,37	1185,77
586,57	1144,81
586,76	1163,25
586,96	1200,11
587,15	1181,68
587,34	1163,25
587,54	1220,59
587,73	1189,87
587,93	1251,31
588,12	1183,73
588,31	1222,64
588,51	1107,95
588,70	1157,10
588,89	1171,44
589,09	1189,87
589,28	1259,50
589,47	1183,73
589,67	1185,77
589,86	1230,83
590,06	1181,68
590,25	1085,42
590,44	1189,87
590,64	1181,68
590,83	1159,15
591,02	1175,53
591,22	1204,21
591,41	1200,11
591,60	1132,53
591,80	1216,49
591,99	1208,30
592,18	1122,29
592,38	1187,82
592,57	1239,02
592,76	1220,59
592,96	1183,73
593,15	1161,20
593,34	1150,96
593,54	1187,82
593,73	1179,63
593,92	1150,96
594,12	1214,45
594,31	1169,39
594,50	1200,11
594,70	1163,25
594,89	1171,44
595,08	1206,25
595,28	1177,58
595,47	1234,93
595,66	1200,11
595,86	1191,92
596,05	1208,30
596,24	1146,86
596,43	1191,92
596,63	1210,35
596,82	1144,81
597,01	1269,74
597,21	1243,12
597,40	1163,25
597,59	1159,15
597,79	1155,05
597,98	1144,81
598,17	1230,83
598,36	1234,93
598,56	1140,72
598,75	1265,64
598,94	1179,63
599,14	1173,49
599,33	1161,20
599,52	1226,73
599,71	1189,87
599,91	1224,69
600,10	1167,34
600,29	1216,49
600,48	1189,87
600,68	1275,88
600,87	1214,45
601,06	1191,92
601,26	1245,16
601,45	1187,82
601,64	1157,10
601,83	1206,25
602,03	1173,49
602,22	1200,11
602,41	1206,25
602,60	1179,63
602,80	1228,78
602,99	1232,88
603,18	1171,44
603,37	1163,25
603,57	1107,95
603,76	1185,77
603,95	1187,82
604,14	1198,06
604,34	1228,78
604,53	1128,43
604,72	1110,00
604,91	1181,68
605,10	1202,16
605,30	1179,63
605,49	1230,83
605,68	1224,69
605,87	1142,77
606,07	1110,00
606,26	1191,92
606,45	1218,54
606,64	1193,97
606,84	1179,63
607,03	1230,83
607,22	1181,68
607,41	1116,14
607,60	1144,81
607,80	1284,08
607,99	1179,63
608,18	1167,34
608,37	1249,26
608,56	1189,87
608,76	1200,11
608,95	1218,54
609,14	1196,01
609,33	1210,35
609,52	1191,92
609,72	1157,10
609,91	1220,59
610,10	1220,59
610,29	1212,40
610,48	1259,50
610,68	1183,73
610,87	1179,63
611,06	1279,98
611,25	1165,29
611,44	1212,40
611,63	1155,05
611,83	1153,01
612,02	1286,12
612,21	1226,73
612,40	1189,87
612,59	1232,88
612,79	1144,81
612,98	1181,68
613,17	1200,11
613,36	1198,06
613,55	1206,25
613,74	1277,93
613,93	1224,69
614,13	1222,64
614,32	1130,48
614,51	1167,34
614,70	1189,87
614,89	1163,25
615,08	1245,16
615,28	1165,29
615,47	1218,54
615,66	1200,11
615,85	1185,77
616,04	1204,21
616,23	1241,07
616,42	1200,11
616,62	1218,54
616,81	1161,20
617,00	1183,73
617,19	1253,36
617,38	1234,93
617,57	1232,88
617,76	1153,01
617,95	1171,44
618,15	1185,77
618,34	1220,59
618,53	1173,49
618,72	1132,53
618,91	1200,11
619,10	1245,16
619,29	1148,91
619,48	1196,01
619,68	1155,05
619,87	1175,53
620,06	1255,40
620,25	1218,54
620,44	1138,67
620,63	1177,58
620,82	1153,01
621,01	1210,35
621,20	1212,40
621,39	1208,30
621,59	1136,62
621,78	1271,79
621,97	1241,07
622,16	1226,73
622,35	1120,24
622,54	1212,40
622,73	1208,30
622,92	1189,87
623,11	1181,68
623,30	1259,50
623,49	1257,45
623,68	1179,63
623,88	1171,44
624,07	1189,87
624,26	1257,45
624,45	1241,07
624,64	1142,77
624,83	1218,54
625,02	1155,05
625,21	1163,25
625,40	1247,21
625,59	1187,82
625,78	1257,45
625,97	1110,00
626,16	1216,49
626,35	1224,69
626,54	1171,44
626,74	1142,77
626,93	1261,55
627,12	1236,97
627,31	1214,45
627,50	1222,64
627,69	1202,16
627,88	1279,98
628,07	1208,30
628,26	1261,55
628,45	1220,59
628,64	1175,53
628,83	1155,05
629,02	1165,29
629,21	1214,45
629,40	1212,40
629,59	1239,02
629,78	1146,86
629,97	1140,72
630,16	1179,63
630,35	1204,21
630,54	1193,97
630,73	1273,84
630,92	1216,49
631,11	1187,82
631,30	1265,64
631,49	1308,65
631,68	1454,06
631,87	2432,99
632,06	8124,29
632,25	16912,13
632,44	21118,65
632,63	27156,07
632,82	14737,18
633,01	8441,73
633,20	3954,63
633,39	2201,57
633,58	1789,92
633,77	1785,83
633,96	1679,33
634,15	1449,96
634,34	1390,57
634,53	1343,47
634,72	1339,37
634,91	1257,45
635,10	1372,14
635,29	1288,17
635,48	1206,25
635,67	1204,21
635,86	1220,59
636,05	1171,44
636,24	1167,34
636,43	1148,91
636,62	1187,82
636,81	1212,40
637,00	1189,87
637,19	1212,40
637,38	1277,93
637,57	1267,69
637,76	1228,78
637,95	1183,73
638,14	1218,54
638,33	1214,45
638,52	1253,36
638,71	1185,77
638,89	1167,34
639,08	1183,73
639,27	1224,69
639,46	1208,30
639,65	1249,26
639,84	1230,83
640,03	1220,59
640,22	1249,26
640,41	1150,96
640,60	1198,06
640,79	1124,33
640,98	1200,11
641,17	1253,36
641,36	1204,21
641,55	1214,45
641,74	1155,05
641,92	1216,49
642,11	1232,88
642,30	1206,25
642,49	1206,25
642,68	1163,25
642,87	1183,73
643,06	1222,64
643,25	1275,88
643,44	1144,81
643,63	1181,68
643,82	1181,68
644,00	1159,15
644,19	1189,87
644,38	1173,49
644,57	1198,06
644,76	1155,05
644,95	1216,49
645,14	1148,91
645,33	1271,79
645,52	1150,96
645,71	1243,12
645,89	1187,82
646,08	1183,73
646,27	1232,88
646,46	1208,30
646,65	1206,25
646,84	1122,29
647,03	1216,49
647,22	1177,58
647,40	1132,53
647,59	1259,50
647,78	1169,39
647,97	1183,73
648,16	1167,34
648,35	1253,36
648,54	1189,87
648,73	1206,25
648,91	1265,64
649,10	1175,53
649,29	1177,58
649,48	1202,16
649,67	1150,96
649,86	1163,25
650,05	1239,02
650,23	1138,67
650,42	1193,97
650,61	1243,12
650,80	1265,64
650,99	1210,35
651,18	1196,01
651,36	1191,92
651,55	1210,35
651,74	1214,45
651,93	1140,72
652,12	1200,11
652,31	1173,49
652,49	1165,29
652,68	1179,63
652,87	1142,77
653,06	1218,54
653,25	1216,49
653,44	1196,01
653,62	1271,79
653,81	1144,81
654,00	1157,10
654,19	1134,57
654,38	1234,93
654,56	1210,35
654,75	1173,49
654,94	1202,16
655,13	1142,77
655,32	1224,69
655,51	1210,35
655,69	1222,64
655,88	1148,91
656,07	1216,49
656,26	1159,15
656,45	1038,32
656,63	1212,40
656,82	1202,16
657,01	1185,77
657,20	1134,57
657,38	1239,02
657,57	1183,73
657,76	1206,25
657,95	1245,16
658,14	1241,07
658,32	1202,16
658,51	1251,31
658,70	1228,78
658,89	1222,64
659,08	1150,96
659,26	1167,34
659,45	1148,91
659,64	1241,07
659,83	1187,82
660,01	1179,63
660,20	1271,79
660,39	1193,97
660,58	1200,11
660,76	1226,73
660,95	1179,63
661,14	1185,77
661,33	1179,63
661,51	1222,64
661,70	1134,57
661,89	1198,06
662,08	1224,69
662,26	1153,01
662,45	1097,71
662,64	1265,64
662,83	1150,96
663,01	1183,73
663,20	1171,44
663,39	1150,96
663,58	1191,92
663,76	1214,45
663,95	1169,39
664,14	1226,73
664,32	1181,68
664,51	1165,29
664,70	1208,30
664,89	1159,15
665,07	1191,92
665,26	1239,02
665,45	1249,26
665,64	1157,10
665,82	1181,68
666,01	1148,91
666,20	1241,07
666,38	1218,54
666,57	1140,72
666,76	1146,86
666,95	1161,20
667,13	1187,82
667,32	1185,77
667,51	1224,69
667,69	1105,90
667,88	1261,55
668,07	1150,96
668,25	1216,49
668,44	1206,25
668,63	1155,05
668,81	1241,07
669,00	1239,02
669,19	1230,83
669,38	1236,97
669,56	1091,57
669,75	1169,39
669,94	1187,82
670,12	1212,40
670,31	1155,05
670,50	1261,55
670,68	1191,92
670,87	1148,91
671,06	1198,06
671,24	1212,40
671,43	1163,25
671,62	1234,93
671,80	1191,92
671,99	1208,30
672,18	1204,21
672,36	1222,64
672,55	1230,83
672,74	1189,87
672,92	1224,69
673,11	1200,11
673,29	1183,73
673,48	1228,78
673,67	1183,73
673,85	1198,06
674,04	1245,16
674,23	1230,83
674,41	1150,96
674,60	1179,63
674,79	1245,16
674,97	1198,06
675,16	1191,92
675,34	1175,53
675,53	1210,35
675,72	1198,06
675,90	1159,15
676,09	1220,59
676,28	1224,69
676,46	1140,72
676,65	1105,90
676,83	1212,40
677,02	1230,83
677,21	1150,96
677,39	1179,63
677,58	1191,92
677,77	1181,68
677,95	1183,73
678,14	1183,73
678,32	1148,91
678,51	1204,21
678,70	1251,31
678,88	1189,87
679,07	1155,05
679,25	1155,05
679,44	1191,92
679,63	1175,53
679,81	1191,92
680,00	1140,72
680,18	1230,83
680,37	1241,07
680,55	1206,25
680,74	1206,25
680,93	1107,95
681,11	1228,78
681,30	1189,87
681,48	1218,54
681,67	1163,25
681,85	1218,54
682,04	1218,54
682,23	1230,83
682,41	1173,49
682,60	1138,67
682,78	1077,23
682,97	1222,64
683,15	1114,10
683,34	1189,87
683,53	1241,07
683,71	1179,63
683,90	1210,35
684,08	1150,96
684,27	1288,17
684,45	1202,16
684,64	1150,96
684,82	1173,49
685,01	1286,12
685,19	1146,86
685,38	1200,11
685,57	1198,06
685,75	1234,93
685,94	1122,29
686,12	1114,10
686,31	1175,53
686,49	1214,45
686,68	1177,58
686,86	1163,25
687,05	1214,45
687,23	1230,83
687,42	1228,78
687,60	1159,15
687,79	1243,12
687,97	1196,01
688,16	1216,49
688,34	1183,73
688,53	1179,63
688,71	1171,44
688,90	1234,93
689,08	1183,73
689,27	1167,34
689,45	1181,68
689,64	1214,45
689,82	1183,73
690,01	1120,24
690,19	1161,20
690,38	1146,86
690,56	1214,45
690,75	1163,25
690,93	1236,97
691,12	1191,92
691,30	1120,24
691,49	1155,05
691,67	1171,44
691,86	1214,45
692,04	1247,21
692,23	1269,74
692,41	1169,39
692,60	1228,78
692,78	1173,49
692,97	1140,72
693,15	1191,92
693,34	1200,11
693,52	1167,34
693,71	1210,35
693,89	1222,64
694,08	1140,72
694,26	1148,91
694,44	1206,25
694,63	1263,60
694,81	1220,59
695,00	1204,21
695,18	1183,73
695,37	1153,01
695,55	1226,73
695,74	1132,53
695,92	1247,21
696,10	1181,68
696,29	1148,91
696,47	1214,45
696,66	1148,91
696,84	1206,25
697,03	1177,58
697,21	1157,10
697,40	1171,44
697,58	1165,29
697,76	1153,01
697,95	1247,21
698,13	1185,77
698,32	1153,01
698,50	1191,92
698,68	1093,62
698,87	1181,68
699,05	1157,10
699,24	1216,49
699,42	1140,72
699,61	1247,21
699,79	1212,40
699,97	1189,87
700,16	1212,40
700,34	1228,78
700,53	1167,34
700,71	1177,58
700,89	1234,93
701,08	1183,73
701,26	1206,25
701,45	1226,73
701,63	1161,20
701,81	1167,34
702,00	1187,82
702,18	1177,58
702,37	1196,01
702,55	1128,43
702,73	1198,06
702,92	1212,40
703,10	1177,58
703,28	1226,73
703,47	1142,77
703,65	1202,16
703,84	1247,21
704,02	1214,45
704,20	1142,77
704,39	1200,11
704,57	1138,67
704,75	1210,35
704,94	1193,97
705,12	1234,93
705,30	1146,86
705,49	1230,83
705,67	1214,45
705,86	1150,96
706,04	1187,82
706,22	1175,53
706,41	1159,15
706,59	1169,39
706,77	1153,01
706,96	1206,25
707,14	1214,45
707,32	1208,30
707,51	1216,49
707,69	1193,97
707,87	1206,25
708,06	1222,64
708,24	1183,73
708,42	1226,73
708,61	1181,68
708,79	1202,16
708,97	1222,64
709,16	1200,11
709,34	1241,07
709,52	1163,25
709,71	1163,25
709,89	1247,21
710,07	1179,63
710,26	1136,62
710,44	1150,96
710,62	1193,97
710,80	1148,91
710,99	1245,16
711,17	1222,64
711,35	1214,45
711,54	1218,54
711,72	1165,29
711,90	1234,93
712,09	1148,91
712,27	1208,30
712,45	1120,24
712,63	1183,73
712,82	1181,68
713,00	1277,93
713,18	1148,91
713,37	1193,97
713,55	1140,72
713,73	1241,07
713,91	1214,45
714,10	1208,30
714,28	1196,01
714,46	1171,44
714,65	1138,67
714,83	1232,88
715,01	1155,05
715,19	1169,39
715,38	1267,69
715,56	1167,34
715,74	1181,68
715,92	1118,19
716,11	1236,97
716,29	1142,77
716,47	1228,78
716,65	1193,97
716,84	1155,05
717,02	1167,34
717,20	1200,11
717,38	1191,92
717,57	1173,49
717,75	1198,06
717,93	1150,96
718,11	1159,15
718,30	1204,21
718,48	1234,93
718,66	1222,64
718,84	1181,68
719,03	1177,58
719,21	1128,43
719,39	1247,21
719,57	1216,49
719,75	1171,44
719,94	1167,34
720,12	1116,14
720,30	1183,73
720,48	1261,55
720,67	1165,29
720,85	1171,44
721,03	1196,01
721,21	1187,82
721,39	1200,11
721,58	1216,49
721,76	1232,88
721,94	1181,68
722,12	1179,63
722,30	1177,58
722,49	1116,14
722,67	1212,40
722,85	1224,69
723,03	1198,06
723,21	1234,93
723,40	1245,16
723,58	1198,06
723,76	1224,69
723,94	1185,77
724,12	1163,25
724,30	1228,78
724,49	1198,06
724,67	1226,73
724,85	1247,21
725,03	1155,05
725,21	1124,33
725,40	1230,83
725,58	1206,25
725,76	1245,16
725,94	1196,01
726,12	1146,86
726,30	1155,05
726,49	1220,59
726,67	1169,39
726,85	1191,92
727,03	1210,35
727,21	1234,93
727,39	1253,36
727,57	1153,01
727,76	1153,01
727,94	1230,83
728,12	1187,82
728,30	1157,10
728,48	1159,15
728,66	1206,25
728,84	1136,62
729,03	1175,53
729,21	1212,40
729,39	1241,07
729,57	1155,05
729,75	1234,93
729,93	1167,34
730,11	1241,07
730,30	1179,63
730,48	1212,40
730,66	1134,57
730,84	1214,45
731,02	1136,62
731,20	1191,92
731,38	1177,58
731,56	1183,73
731,74	1153,01
731,93	1146,86
732,11	1208,30
732,29	1163,25
732,47	1175,53
732,65	1173,49
732,83	1216,49
733,01	1150,96
733,19	1220,59
733,37	1226,73
733,56	1173,49
733,74	1163,25
733,92	1230,83
734,10	1187,82
734,28	1202,16
734,46	1163,25
734,64	1144,81
734,82	1208,30
735,00	1204,21
735,18	1228,78
735,36	1153,01
735,54	1220,59
735,73	1153,01
735,91	1183,73
736,09	1202,16
736,27	1241,07
736,45	1173,49
736,63	1228,78
736,81	1157,10
736,99	1200,11
737,17	1234,93
737,35	1165,29
737,53	1146,86
737,71	1146,86
737,89	1183,73
738,07	1239,02
738,25	1198,06
738,43	1212,40
738,61	1146,86
738,80	1206,25
738,98	1140,72
739,16	1177,58
739,34	1253,36
739,52	1157,10
739,70	1179,63
739,88	1232,88
740,06	1161,20
740,24	1191,92
740,42	1191,92
740,60	1243,12
740,78	1132,53
740,96	1159,15
741,14	1222,64
741,32	1193,97
741,50	1189,87
741,68	1169,39
741,86	1212,40
742,04	1183,73
742,22	1138,67
742,40	1224,69
742,58	1165,29
742,76	1267,69
742,94	1249,26
743,12	1114,10
743,30	1130,48
743,48	1216,49
743,66	1124,33
743,84	1234,93
744,02	1155,05
744,20	1198,06
744,38	1210,35
744,56	1222,64
744,74	1212,40
744,92	1110,00
745,10	1204,21
745,28	1249,26
745,46	1210,35
745,64	1159,15
745,82	1128,43
746,00	1232,88
746,18	1181,68
746,36	1118,19
746,54	1169,39
746,72	1173,49
746,90	1228,78
747,08	1198,06
747,26	1165,29
747,44	1193,97
747,62	1198,06
747,80	1183,73
747,98	1181,68
748,15	1218,54
748,33	1163,25
748,51	1218,54
748,69	1220,59
748,87	1200,11
749,05	1204,21
749,23	1206,25
749,41	1210,35
749,59	1234,93
749,77	1198,06
749,95	1116,14
750,13	1267,69
750,31	1134,57
750,49	1134,57
750,67	1173,49
750,85	1204,21
751,03	1267,69
751,20	1261,55
751,38	1222,64
751,56	1189,87
751,74	1175,53
751,92	1226,73
752,10	1175,53
752,28	1212,40
752,46	1187,82
752,64	1202,16
752,82	1150,96
753,00	1210,35
753,18	1216,49
753,35	1189,87
753,53	1230,83
753,71	1157,10
753,89	1161,20
754,07	1161,20
754,25	1112,05
754,43	1159,15
754,61	1155,05
754,79	1220,59
754,97	1159,15
755,14	1163,25
755,32	1261,55
755,50	1181,68
755,68	1114,10
755,86	1236,97
756,04	1232,88
756,22	1208,30
756,40	1259,50
756,57	1228,78
756,75	1239,02
756,93	1183,73
757,11	1230,83
757,29	1210,35
757,47	1224,69
757,65	1241,07
757,82	1146,86
758,00	1204,21
758,18	1228,78
758,36	1214,45
758,54	1273,84
758,72	1228,78
758,90	1134,57
759,07	1206,25
759,25	1210,35
759,43	1206,25
759,61	1114,10
759,79	1212,40
759,97	1175,53
760,15	1249,26
760,32	1163,25
760,50	1169,39
760,68	1214,45
760,86	1136,62
761,04	1230,83
761,22	1249,26
761,39	1196,01
761,57	1275,88
761,75	1191,92
761,93	1204,21
762,11	1189,87
762,28	1224,69
762,46	1132,53
762,64	1179,63
762,82	1134,57
763,00	1183,73
763,18	1179,63
763,35	1187,82
763,53	1222,64
763,71	1206,25
763,89	1157,10
764,07	1140,72
764,24	1153,01
764,42	1150,96
764,60	1204,21
764,78	1153,01
764,96	1222,64
765,13	1118,19
765,31	1167,34
765,49	1173,49
765,67	1146,86
765,84	1114,10
766,02	1173,49
766,20	1216,49
766,38	1200,11
766,56	1296,36
766,73	1202,16
766,91	1183,73
767,09	1185,77
767,27	1196,01
767,44	1206,25
767,62	1249,26
767,80	1232,88
767,98	1206,25
768,15	1179,63
768,33	1239,02
768,51	1155,05
768,69	1144,81
768,87	1175,53
769,04	1150,96
769,22	1224,69
769,40	1232,88
769,58	1120,24
769,75	1140,72
769,93	1208,30
770,11	1181,68
770,28	1228,78
770,46	1224,69
770,64	1144,81
770,82	1236,97
770,99	1198,06
771,17	1253,36
771,35	1232,88
771,53	1183,73
771,70	1099,76
771,88	1193,97
772,06	1212,40
772,23	1208,30
772,41	1216,49
772,59	1220,59
772,77	1200,11
772,94	1142,77
773,12	1171,44
773,30	1150,96
773,47	1185,77
773,65	1191,92
773,83	1222,64
774,01	1234,93
774,18	1153,01
774,36	1226,73
774,54	1196,01
774,71	1198,06
774,89	1185,77
775,07	1222,64
775,24	1226,73
775,42	1271,79
775,60	1144,81
775,78	1161,20
775,95	1157,10
776,13	1210,35
776,31	1214,45
776,48	1171,44
776,66	1232,88
776,84	1187,82
777,01	1198,06
777,19	1220,59
777,37	1200,11
777,54	1210,35
777,72	1263,60
777,90	1069,04
778,07	1177,58
778,25	1228,78
778,43	1193,97
778,60	1163,25
778,78	1140,72
778,96	1232,88
779,13	1140,72
779,31	1163,25
779,49	1236,97
779,66	1216,49
779,84	1132,53
780,01	1224,69
780,19	1181,68
780,37	1189,87
780,54	1206,25
780,72	1204,21
780,90	1277,93
781,07	1208,30
781,25	1230,83
781,43	1245,16
781,60	1271,79
781,78	1193,97
781,95	1177,58
782,13	1191,92
782,31	1204,21
782,48	1157,10
782,66	1173,49
782,83	1177,58
783,01	1230,83
783,19	1222,64
783,36	1167,34
783,54	1091,57
783,72	1153,01
783,89	1153,01
784,07	1187,82
784,24	1216,49
784,42	1216,49
784,60	1226,73
784,77	1177,58
784,95	1112,05
785,12	1208,30
785,30	1191,92
785,47	1267,69
785,65	1175,53
785,83	1206,25
786,00	1165,29
786,18	1216,49
786,35	1157,10
786,53	1198,06
786,71	1216,49
786,88	1132,53
787,06	1214,45
787,23	1173,49
787,41	1196,01
787,58	1191,92
787,76	1212,40
787,94	1183,73
788,11	1187,82
788,29	1216,49
788,46	1220,59
788,64	1191,92
788,81	1167,34
788,99	1189,87
789,16	1132,53
789,34	1206,25
789,52	1101,81
789,69	1193,97
789,87	1202,16
790,04	1218,54
790,22	1187,82
790,39	1249,26
790,57	1189,87
790,74	1241,07
790,92	1179,63
791,09	1167,34
791,27	1189,87
791,44	1183,73
791,62	1177,58
791,79	1206,25
791,97	1253,36
792,15	1144,81
792,32	1196,01
792,50	1259,50
792,67	1206,25
792,85	1161,20
793,02	1126,38
793,20	1140,72
793,37	1183,73
793,55	1214,45
793,72	1220,59
793,90	1216,49
794,07	1208,30
794,25	1181,68
794,42	1196,01
794,60	1179,63
794,77	1191,92
794,95	1212,40
795,12	1148,91
795,30	1171,44
795,47	1107,95
795,65	1153,01
795,82	1198,06
796,00	1138,67
796,17	1189,87
796,34	1210,35
796,52	1150,96
796,69	1187,82
796,87	1232,88
797,04	1183,73
797,22	1150,96
797,39	1163,25
797,57	1122,29
797,74	1171,44
797,92	1269,74
798,09	1232,88
798,27	1206,25
798,44	1200,11
798,62	1146,86
798,79	1232,88
798,96	1236,97
799,14	1202,16
799,31	1228,78
799,49	1175,53
799,66	1165,29
799,84	1267,69
800,01	1062,90
800,19	1202,16
800,36	1206,25
800,53	1263,60
800,71	1236,97
800,88	1232,88
801,06	1171,44
801,23	1204,21
801,41	1169,39
801,58	1150,96
801,75	1169,39
801,93	1202,16
802,10	1200,11
802,28	1214,45
802,45	1183,73
802,63	1193,97
802,80	1224,69
802,97	1198,06
803,15	1083,38
803,32	1224,69
803,50	1179,63
803,67	1196,01
803,84	1189,87
804,02	1230,83
804,19	1112,05
804,37	1153,01
804,54	1214,45
804,71	1191,92
804,89	1193,97
805,06	1193,97
805,24	1191,92
805,41	1179,63
805,58	1224,69
805,76	1204,21
805,93	1165,29
806,10	1148,91
806,28	1187,82
806,45	1230,83
806,63	1181,68
806,80	1220,59
806,97	1142,77
807,15	1140,72
807,32	1198,06
807,49	1157,10
807,67	1214,45
807,84	1198,06
808,01	1173,49
808,19	1241,07
808,36	1198,06
808,54	1189,87
808,71	1228,78
808,88	1171,44
809,06	1157,10
809,23	1175,53
809,40	1243,12
809,58	1142,77
809,75	1214,45
809,92	1230,83
810,10	1241,07
810,27	1126,38
810,44	1191,92
810,62	1181,68
810,79	1200,11
810,96	1216,49
811,14	1183,73
811,31	1066,99
811,48	1140,72
811,66	1265,64
811,83	1179,63
812,00	1173,49
812,18	1181,68
812,35	1175,53
812,52	1210,35
812,69	1208,30
812,87	1179,63
813,04	1167,34
813,21	1206,25
813,39	1212,40
813,56	1165,29
813,73	1167,34
813,91	1155,05
814,08	1071,09
814,25	1169,39
814,42	1142,77
814,60	1222,64
814,77	1114,10
814,94	1232,88
815,12	1183,73
815,29	1159,15
815,46	1171,44
815,63	1230,83
815,81	1216,49
815,98	1175,53
816,15	1206,25
816,33	1165,29
816,50	1173,49
816,67	1198,06
816,84	1142,77
817,02	1171,44
817,19	1216,49
817,36	1062,90
817,53	1134,57
817,71	1191,92
817,88	1245,16
818,05	1163,25
818,22	1218,54
818,40	1191,92
818,57	1171,44
818,74	1310,70
818,91	1155,05
819,09	1107,95
819,26	1175,53
819,43	1171,44
819,60	1175,53
819,78	1118,19
819,95	1228,78
820,12	1183,73
820,29	1191,92
820,47	1204,21
820,64	1191,92
820,81	1171,44
820,98	1165,29
821,15	1169,39
821,33	1183,73
821,50	1216,49
821,67	1267,69
821,84	1140,72
822,02	1161,20
822,19	1251,31
822,36	1171,44
822,53	1185,77
822,70	1222,64
822,88	1171,44
823,05	1159,15
823,22	1204,21
823,39	1142,77
823,56	1179,63
823,74	1138,67
823,91	1112,05
824,08	1200,11
824,25	1261,55
824,42	1169,39
824,60	1212,40
824,77	1251,31
824,94	1173,49
825,11	1150,96
825,28	1236,97
825,45	1228,78
825,63	1175,53
825,80	1263,60
825,97	1191,92
826,14	1218,54
826,31	1222,64
826,48	1189,87
826,66	1157,10
826,83	1138,67
827,00	1146,86
827,17	1202,16
827,34	1148,91
827,51	1222,64
827,69	1204,21
827,86	1214,45
828,03	1220,59
828,20	1165,29
828,37	1230,83
828,54	1273,84
828,71	1173,49
828,89	1175,53
829,06	1103,86
829,23	1247,21
829,40	1157,10
829,57	1230,83
829,74	1169,39
829,91	1118,19
830,09	1155,05
830,26	1245,16
830,43	1222,64
830,60	1204,21
830,77	1214,45
830,94	1224,69
831,11	1220,59
831,28	1171,44
831,46	1189,87
831,63	1208,30
831,80	1212,40
831,97	1216,49
832,14	1130,48
832,31	1146,86
832,48	1157,10
832,65	1241,07
832,82	1212,40
832,99	1167,34
833,17	1247,21
833,34	1208,30
833,51	1189,87
833,68	1187,82
833,85	1208,30
834,02	1198,06
834,19	1134,57
834,36	1165,29
834,53	1132,53
834,70	1230,83
834,87	1181,68
835,04	1169,39
835,22	1185,77
835,39	1204,21
835,56	1193,97
835,73	1198,06
835,90	1216,49
836,07	1142,77
836,24	1181,68
836,41	1224,69
836,58	1216,49
836,75	1193,97
836,92	1095,66
837,09	1200,11
837,26	1239,02
837,43	1267,69
837,60	1230,83
837,77	1118,19
837,94	1187,82
838,12	1148,91
838,29	1218,54
838,46	1171,44
838,63	1222,64
838,80	1163,25
838,97	1253,36
839,14	1241,07
839,31	1241,07
839,48	1206,25
839,65	1187,82
839,82	1204,21
839,99	1241,07
840,16	1191,92
840,33	1210,35
840,50	1153,01
840,67	1167,34
840,84	1163,25
841,01	1191,92
841,18	1138,67
841,35	1218,54
841,52	1179,63
841,69	1259,50
841,86	1193,97
842,03	1210,35
842,20	1167,34
842,37	1140,72
842,54	1224,69
842,71	1187,82
842,88	1167,34
843,05	1230,83
843,22	1155,05
843,39	1177,58
843,56	1159,15
843,73	1144,81
843,90	1200,11
844,07	1189,87
844,24	1212,40
844,41	1101,81
844,58	1196,01
844,75	1064,94
844,92	1157,10
845,09	1220,59
845,26	1177,58
845,43	1226,73
845,60	1189,87
845,77	1220,59
845,94	1341,42
846,10	1288,17
846,27	1134,57
846,44	1175,53
846,61	1222,64
846,78	1218,54
846,95	1271,79
847,12	1208,30
847,29	1255,40
847,46	1155,05
847,63	1214,45
847,80	1161,20
847,97	1191,92
848,14	1177,58
848,31	1155,05
848,48	1163,25
848,65	1214,45
848,82	1265,64
848,98	1241,07
849,15	1236,97
849,32	1216,49
849,49	1177,58
849,66	1130,48
849,83	1214,45
850,00	1181,68
850,17	1216,49
850,34	1183,73
850,51	1138,67
850,68	1136,62
850,85	1165,29
851,01	1224,69
851,18	1181,68
851,35	1177,58
851,52	1179,63
851,69	1257,45
851,86	1196,01
852,03	1150,96
852,20	1124,33
852,37	1196,01
852,53	1204,21
852,70	1241,07
852,87	1179,63
853,04	1214,45
853,21	1107,95
853,38	1196,01
853,55	1191,92
853,72	1206,25
853,89	1179,63
854,05	1187,82
854,22	1153,01
854,39	1236,97
854,56	1200,11
854,73	1179,63
854,90	1200,11
855,07	1181,68
855,23	1212,40
855,40	1193,97
855,57	1210,35
855,74	1165,29
855,91	1148,91
856,08	1175,53
856,25	1159,15
856,41	1159,15
856,58	1159,15
856,75	1161,20
856,92	1241,07
857,09	1265,64
857,26	1187,82
857,42	1191,92
857,59	1228,78
857,76	1169,39
857,93	1224,69
858,10	1232,88
858,27	1204,21
858,43	1118,19
858,60	1181,68
858,77	1173,49
858,94	1103,86
859,11	1212,40
859,27	1169,39
859,44	1179,63
859,61	1220,59
859,78	1208,30
859,95	1163,25
860,12	1161,20
860,28	1206,25
860,45	1198,06
860,62	1183,73
860,79	1232,88
860,95	1210,35
861,12	1224,69
861,29	1167,34
861,46	1167,34
861,63	1189,87
861,79	1169,39
861,96	1196,01
862,13	1189,87
862,30	1200,11
862,47	1222,64
862,63	1179,63
862,80	1212,40
862,97	1120,24
863,14	1173,49
863,30	1132,53
863,47	1204,21
863,64	1159,15
863,81	1265,64
863,97	1122,29
864,14	1200,11
864,31	1183,73
864,48	1189,87
864,65	1230,83
864,81	1155,05
864,98	1138,67
865,15	1148,91
865,32	1187,82
865,48	1165,29
865,65	1134,57
865,82	1204,21
865,98	1150,96
866,15	1173,49
866,32	1183,73
866,49	1222,64
866,65	1204,21
866,82	1198,06
866,99	1261,55
867,16	1189,87
867,32	1210,35
867,49	1249,26
867,66	1173,49
867,83	1173,49
867,99	1226,73
868,16	1144,81
868,33	1220,59
868,49	1175,53
868,66	1157,10
868,83	1226,73
868,99	1159,15
869,16	1241,07
869,33	1179,63
869,50	1130,48
869,66	1140,72
869,83	1208,30
870,00	1167,34
870,16	1181,68
870,33	1200,11
870,50	1200,11
870,66	1136,62
870,83	1228,78
871,00	1165,29
871,17	1159,15
871,33	1126,38
871,50	1171,44
871,67	1204,21
871,83	1175,53
872,00	1181,68
872,17	1212,40
872,33	1179,63
872,50	1193,97
872,67	1083,38
872,83	1206,25
873,00	1169,39
873,17	1191,92
873,33	1198,06
873,50	1183,73
873,67	1206,25
873,83	1142,77
874,00	1187,82
874,16	1208,30
874,33	1200,11
874,50	1208,30
874,66	1163,25
874,83	1189,87
875,00	1236,97
875,16	1196,01
875,33	1185,77
875,50	1198,06
875,66	1224,69
875,83	1230,83
875,99	1157,10
876,16	1169,39
876,33	1220,59
876,49	1230,83
876,66	1167,34
876,83	1228,78
876,99	1202,16
877,16	1155,05
877,32	1269,74
877,49	1191,92
877,66	1155,05
877,82	1236,97
877,99	1157,10
878,15	1202,16
878,32	1144,81
878,49	1204,21
878,65	1202,16
878,82	1247,21
878,98	1171,44
879,15	1206,25
879,32	1196,01
879,48	1134,57
879,65	1175,53
879,81	1144,81
879,98	1210,35
880,15	1204,21
880,31	1183,73
880,48	1163,25
880,64	1146,86
880,81	1138,67
880,97	1204,21
881,14	1216,49
881,31	1171,44
881,47	1204,21
881,64	1193,97
881,80	1165,29
881,97	1232,88
882,13	1193,97
882,30	1167,34
882,47	1234,93
882,63	1105,90
882,80	1257,45
882,96	1245,16
883,13	1234,93
883,29	1163,25
883,46	1218,54
883,62	1187,82
883,79	1218,54
883,95	1222,64
884,12	1181,68
884,29	1255,40
884,45	1118,19
884,62	1232,88
884,78	1150,96
884,95	1204,21
885,11	1230,83
885,28	1251,31
885,44	1173,49
885,61	1241,07
885,77	1167,34
885,94	1159,15
886,10	1165,29
886,27	1169,39
886,43	1255,40
886,60	1196,01
886,76	1232,88
886,93	1165,29
887,09	1181,68
887,26	1200,11
887,42	1173,49
887,59	1159,15
887,75	1198,06
887,92	1130,48
888,08	1138,67
888,25	1163,25
888,41	1202,16
888,58	1101,81
888,74	1157,10
888,91	1171,44
