177,47	1169,39
177,69	1169,39
177,91	1169,39
178,13	1177,58
178,36	1136,62
178,58	1249,26
178,80	1159,15
179,02	1210,35
179,24	1153,01
179,46	1150,96
179,68	1210,35
179,90	1214,45
180,13	1230,83
180,35	1140,72
180,57	1132,53
180,79	1220,59
181,01	1261,55
181,23	1265,64
181,45	1249,26
181,67	1183,73
181,90	1138,67
182,12	1226,73
182,34	1241,07
182,56	1187,82
182,78	1257,45
183,00	1243,12
183,22	1234,93
183,44	1189,87
183,66	1224,69
183,89	1218,54
184,11	1208,30
184,33	1208,30
184,55	1214,45
184,77	1224,69
184,99	1177,58
185,21	1107,95
185,43	1179,63
185,65	1220,59
185,87	1224,69
186,10	1263,60
186,32	1220,59
186,54	1218,54
186,76	1142,77
186,98	1183,73
187,20	1218,54
187,42	1183,73
187,64	1169,39
187,86	1128,43
188,08	1185,77
188,30	1140,72
188,52	1153,01
188,75	1167,34
188,97	1163,25
189,19	1251,31
189,41	1124,33
189,63	1171,44
189,85	1251,31
190,07	1150,96
190,29	1177,58
190,51	1234,93
190,73	1198,06
190,95	1150,96
191,17	1171,44
191,39	1243,12
191,61	1173,49
191,84	1183,73
192,06	1171,44
192,28	1204,21
192,50	1220,59
192,72	1204,21
192,94	1175,53
193,16	1146,86
193,38	1198,06
193,60	1191,92
193,82	1208,30
194,04	1116,14
194,26	1159,15
194,48	1148,91
194,70	1193,97
194,92	1150,96
195,14	1206,25
195,36	1091,57
195,58	1146,86
195,80	1185,77
196,02	1169,39
196,24	1167,34
196,46	1212,40
196,69	1216,49
196,91	1196,01
197,13	1177,58
197,35	1185,77
197,57	1177,58
197,79	1277,93
198,01	1175,53
198,23	1167,34
198,45	1167,34
198,67	1243,12
198,89	1255,40
199,11	1261,55
199,33	1167,34
199,55	1196,01
199,77	1183,73
199,99	1200,11
200,21	1191,92
200,43	1196,01
200,65	1232,88
200,87	1179,63
201,09	1204,21
201,31	1241,07
201,53	1243,12
201,75	1239,02
201,97	1128,43
202,19	1230,83
202,41	1167,34
202,63	1198,06
202,85	1202,16
203,07	1271,79
203,29	1150,96
203,51	1204,21
203,73	1120,24
203,95	1153,01
204,17	1202,16
204,39	1234,93
204,61	1189,87
204,83	1222,64
205,05	1132,53
205,27	1216,49
205,49	1191,92
205,71	1236,97
205,93	1167,34
206,15	1255,40
206,37	1232,88
206,59	1150,96
206,81	1173,49
207,03	1183,73
207,25	1148,91
207,47	1216,49
207,69	1228,78
207,91	1191,92
208,13	1200,11
208,34	1183,73
208,56	1150,96
208,78	1193,97
209,00	1169,39
209,22	1134,57
209,44	1212,40
209,66	1163,25
209,88	1150,96
210,10	1265,64
210,32	1122,29
210,54	1222,64
210,76	1189,87
210,98	1206,25
211,20	1150,96
211,42	1200,11
211,64	1132,53
211,86	1126,38
212,08	1216,49
212,30	1167,34
212,52	1216,49
212,74	1142,77
212,96	1198,06
213,17	1257,45
213,39	1202,16
213,61	1206,25
213,83	1191,92
214,05	1155,05
214,27	1150,96
214,49	1105,90
214,71	1136,62
214,93	1167,34
215,15	1181,68
215,37	1224,69
215,59	1175,53
215,81	1142,77
216,03	1232,88
216,24	1212,40
216,46	1118,19
216,68	1148,91
216,90	1161,20
217,12	1157,10
217,34	1163,25
217,56	1146,86
217,78	1169,39
218,00	1198,06
218,22	1198,06
218,44	1175,53
218,66	1204,21
218,87	1253,36
219,09	1165,29
219,31	1208,30
219,53	1200,11
219,75	1208,30
219,97	1200,11
220,19	1216,49
220,41	1167,34
220,63	1245,16
220,85	1128,43
221,06	1212,40
221,28	1138,67
221,50	1138,67
221,72	1134,57
221,94	1245,16
222,16	1202,16
222,38	1112,05
222,60	1234,93
222,82	1167,34
223,03	1148,91
223,25	1191,92
223,47	1206,25
223,69	1173,49
223,91	1144,81
224,13	1208,30
224,35	1083,38
224,57	1153,01
224,78	1196,01
225,00	1206,25
225,22	1173,49
225,44	1204,21
225,66	1220,59
225,88	1196,01
226,10	1222,64
226,32	1187,82
226,53	1159,15
226,75	1222,64
226,97	1138,67
227,19	1150,96
227,41	1241,07
227,63	1183,73
227,85	1220,59
228,06	1138,67
228,28	1196,01
228,50	1220,59
228,72	1136,62
228,94	1245,16
229,16	1171,44
229,37	1175,53
229,59	1153,01
229,81	1208,30
230,03	1218,54
230,25	1114,10
230,47	1212,40
230,69	1138,67
230,90	1185,77
231,12	1150,96
231,34	1150,96
231,56	1226,73
231,78	1157,10
232,00	1251,31
232,21	1234,93
232,43	1196,01
232,65	1212,40
232,87	1216,49
233,09	1167,34
233,30	1165,29
233,52	1171,44
233,74	1200,11
233,96	1140,72
234,18	1230,83
234,40	1140,72
234,61	1155,05
234,83	1234,93
235,05	1114,10
235,27	1257,45
235,49	1136,62
235,70	1183,73
235,92	1208,30
236,14	1200,11
236,36	1179,63
236,58	1173,49
236,79	1249,26
237,01	1193,97
237,23	1167,34
237,45	1239,02
237,67	1193,97
237,88	1171,44
238,10	1214,45
238,32	1234,93
238,54	1173,49
238,76	1210,35
238,97	1239,02
239,19	1249,26
239,41	1206,25
239,63	1173,49
239,85	1185,77
240,06	1134,57
240,28	1089,52
240,50	1230,83
240,72	1202,16
240,93	1183,73
241,15	1214,45
241,37	1189,87
241,59	1134,57
241,81	1241,07
242,02	1196,01
242,24	1187,82
242,46	1224,69
242,68	1179,63
242,89	1179,63
243,11	1169,39
243,33	1224,69
243,55	1206,25
243,76	1214,45
243,98	1150,96
244,20	1122,29
244,42	1187,82
244,64	1241,07
244,85	1198,06
245,07	1236,97
245,29	1169,39
245,51	1249,26
245,72	1136,62
245,94	1247,21
246,16	1165,29
246,38	1173,49
246,59	1163,25
246,81	1185,77
247,03	1193,97
247,24	1183,73
247,46	1249,26
247,68	1159,15
247,90	1179,63
248,11	1220,59
248,33	1179,63
248,55	1148,91
248,77	1204,21
248,98	1202,16
249,20	1220,59
249,42	1228,78
249,64	1157,10
249,85	1232,88
250,07	1187,82
250,29	1271,79
250,50	1163,25
250,72	1214,45
250,94	1243,12
251,16	1181,68
251,37	1216,49
251,59	1161,20
251,81	1204,21
252,02	1177,58
252,24	1245,16
252,46	1247,21
252,68	1091,57
252,89	1138,67
253,11	1208,30
253,33	1150,96
253,54	1163,25
253,76	1173,49
253,98	1171,44
254,20	1236,97
254,41	1159,15
254,63	1189,87
254,85	1136,62
255,06	1163,25
255,28	1198,06
255,50	1173,49
255,71	1187,82
255,93	1202,16
256,15	1202,16
256,36	1134,57
256,58	1126,38
256,80	1224,69
257,02	1269,74
257,23	1173,49
257,45	1226,73
257,67	1144,81
257,88	1155,05
258,10	1126,38
258,32	1169,39
258,53	1161,20
258,75	1122,29
258,97	1134,57
259,18	1132,53
259,40	1208,30
259,62	1140,72
259,83	1210,35
260,05	1196,01
260,27	1208,30
260,48	1116,14
260,70	1230,83
260,92	1157,10
261,13	1191,92
261,35	1146,86
261,57	1146,86
261,78	1210,35
262,00	1185,77
262,22	1155,05
262,43	1148,91
262,65	1179,63
262,86	1124,33
263,08	1130,48
263,30	1101,81
263,51	1161,20
263,73	1239,02
263,95	1142,77
264,16	1146,86
264,38	1146,86
264,60	1175,53
264,81	1181,68
265,03	1167,34
265,25	1181,68
265,46	1218,54
265,68	1216,49
265,89	1159,15
266,11	1146,86
266,33	1200,11
266,54	1171,44
266,76	1228,78
266,98	1187,82
267,19	1232,88
267,41	1224,69
267,62	1142,77
267,84	1230,83
268,06	1210,35
268,27	1179,63
268,49	1196,01
268,70	1212,40
268,92	1191,92
269,14	1232,88
269,35	1163,25
269,57	1177,58
269,79	1234,93
270,00	1163,25
270,22	1212,40
270,43	1173,49
270,65	1110,00
270,87	1196,01
271,08	1126,38
271,30	1136,62
271,51	1155,05
271,73	1232,88
271,95	1204,21
272,16	1191,92
272,38	1200,11
272,59	1191,92
272,81	1200,11
273,02	1208,30
273,24	1206,25
273,46	1249,26
273,67	1183,73
273,89	1228,78
274,10	1153,01
274,32	1155,05
274,54	1159,15
274,75	1198,06
274,97	1175,53
275,18	1187,82
275,40	1218,54
275,61	1138,67
275,83	1243,12
276,05	1191,92
276,26	1175,53
276,48	1247,21
276,69	1204,21
276,91	1220,59
277,12	1232,88
277,34	1210,35
277,55	1163,25
277,77	1193,97
277,99	1126,38
278,20	1177,58
278,42	1107,95
278,63	1204,21
278,85	1206,25
279,06	1206,25
279,28	1198,06
279,49	1224,69
279,71	1208,30
279,93	1255,40
280,14	1179,63
280,36	1202,16
280,57	1181,68
280,79	1140,72
281,00	1245,16
281,22	1212,40
281,43	1183,73
281,65	1183,73
281,86	1148,91
282,08	1089,52
282,29	1251,31
282,51	1161,20
282,73	1230,83
282,94	1142,77
283,16	1220,59
283,37	1179,63
283,59	1134,57
283,80	1169,39
284,02	1198,06
284,23	1091,57
284,45	1181,68
284,66	1171,44
284,88	1206,25
285,09	1157,10
285,31	1214,45
285,52	1183,73
285,74	1153,01
285,95	1265,64
286,17	1189,87
286,38	1220,59
286,60	1150,96
286,81	1257,45
287,03	1226,73
287,24	1177,58
287,46	1202,16
287,67	1200,11
287,89	1220,59
288,10	1140,72
288,32	1171,44
288,53	1196,01
288,75	1200,11
288,96	1153,01
289,18	1144,81
289,39	1206,25
289,61	1216,49
289,82	1191,92
290,04	1218,54
290,25	1200,11
290,47	1249,26
290,68	1134,57
290,90	1169,39
291,11	1222,64
291,33	1144,81
291,54	1105,90
291,76	1200,11
291,97	1200,11
292,18	1181,68
292,40	1185,77
292,61	1183,73
292,83	1216,49
293,04	1277,93
293,26	1173,49
293,47	1169,39
293,69	1138,67
293,90	1163,25
294,12	1177,58
294,33	1241,07
294,55	1191,92
294,76	1228,78
294,97	1155,05
295,19	1173,49
295,40	1204,21
295,62	1138,67
295,83	1210,35
296,05	1222,64
296,26	1167,34
296,48	1159,15
296,69	1167,34
296,90	1134,57
297,12	1196,01
297,33	1224,69
297,55	1187,82
297,76	1175,53
297,98	1214,45
298,19	1222,64
298,41	1306,60
298,62	1220,59
298,83	1175,53
299,05	1153,01
299,26	1214,45
299,48	1224,69
299,69	1191,92
299,90	1193,97
300,12	1122,29
300,33	1155,05
300,55	1228,78
300,76	1142,77
300,98	1216,49
301,19	1253,36
301,40	1091,57
301,62	1200,11
301,83	1204,21
302,05	1222,64
302,26	1138,67
302,47	1177,58
302,69	1142,77
302,90	1304,56
303,12	1187,82
303,33	1161,20
303,54	1161,20
303,76	1208,30
303,97	1216,49
304,19	1224,69
304,40	1224,69
304,61	1232,88
304,83	1208,30
305,04	1216,49
305,26	1163,25
305,47	1179,63
305,68	1202,16
305,90	1157,10
306,11	1200,11
306,33	1245,16
306,54	1159,15
306,75	1165,29
306,97	1198,06
307,18	1165,29
307,39	1167,34
307,61	1144,81
307,82	1206,25
308,04	1257,45
308,25	1247,21
308,46	1230,83
308,68	1204,21
308,89	1243,12
309,10	1169,39
309,32	1204,21
309,53	1200,11
309,74	1202,16
309,96	1167,34
310,17	1157,10
310,39	1091,57
310,60	1173,49
310,81	1146,86
311,03	1216,49
311,24	1189,87
311,45	1232,88
311,67	1159,15
311,88	1175,53
312,09	1247,21
312,31	1216,49
312,52	1163,25
312,73	1173,49
312,95	1179,63
313,16	1155,05
313,37	1169,39
313,59	1210,35
313,80	1159,15
314,01	1196,01
314,23	1165,29
314,44	1189,87
314,65	1128,43
314,87	1157,10
315,08	1236,97
315,29	1171,44
315,51	1144,81
315,72	1118,19
315,93	1157,10
316,15	1177,58
316,36	1216,49
316,57	1191,92
316,79	1191,92
317,00	1165,29
317,21	1241,07
317,43	1243,12
317,64	1234,93
317,85	1224,69
318,07	1177,58
318,28	1187,82
318,49	1228,78
318,70	1257,45
318,92	1140,72
319,13	1150,96
319,34	1218,54
319,56	1173,49
319,77	1220,59
319,98	1171,44
320,20	1196,01
320,41	1173,49
320,62	1241,07
320,83	1259,50
321,05	1193,97
321,26	1210,35
321,47	1218,54
321,69	1146,86
321,90	1187,82
322,11	1198,06
322,32	1120,24
322,54	1206,25
322,75	1107,95
322,96	1314,80
323,18	1230,83
323,39	1304,56
323,60	1200,11
323,81	1175,53
324,03	1165,29
324,24	1265,64
324,45	1273,84
324,66	1155,05
324,88	1202,16
325,09	1243,12
325,30	1214,45
325,52	1200,11
325,73	1236,97
325,94	1191,92
326,15	1198,06
326,37	1282,03
326,58	1263,60
326,79	1167,34
327,00	1191,92
327,22	1185,77
327,43	1224,69
327,64	1165,29
327,85	1187,82
328,07	1187,82
328,28	1161,20
328,49	1189,87
328,70	1202,16
328,92	1218,54
329,13	1177,58
329,34	1179,63
329,55	1214,45
329,76	1167,34
329,98	1200,11
330,19	1142,77
330,40	1257,45
330,61	1200,11
330,83	1177,58
331,04	1183,73
331,25	1290,22
331,46	1179,63
331,68	1163,25
331,89	1177,58
332,10	1132,53
332,31	1163,25
332,52	1198,06
332,74	1183,73
332,95	1224,69
333,16	1138,67
333,37	1253,36
333,58	1185,77
333,80	1159,15
334,01	1142,77
334,22	1159,15
334,43	1200,11
334,64	1198,06
334,86	1232,88
335,07	1191,92
335,28	1198,06
335,49	1191,92
335,70	1181,68
335,92	1157,10
336,13	1193,97
336,34	1257,45
336,55	1130,48
336,76	1177,58
336,98	1175,53
337,19	1173,49
337,40	1140,72
337,61	1159,15
337,82	1210,35
338,04	1224,69
338,25	1196,01
338,46	1181,68
338,67	1101,81
338,88	1169,39
339,09	1157,10
339,31	1155,05
339,52	1202,16
339,73	1210,35
339,94	1112,05
340,15	1294,32
340,36	1179,63
340,58	1224,69
340,79	1198,06
341,00	1181,68
341,21	1191,92
341,42	1218,54
341,63	1185,77
341,85	1200,11
342,06	1259,50
342,27	1183,73
342,48	1255,40
342,69	1243,12
342,90	1208,30
343,12	1155,05
343,33	1138,67
343,54	1171,44
343,75	1157,10
343,96	1255,40
344,17	1150,96
344,38	1198,06
344,60	1206,25
344,81	1218,54
345,02	1230,83
345,23	1179,63
345,44	1220,59
345,65	1224,69
345,86	1222,64
346,07	1226,73
346,29	1105,90
346,50	1230,83
346,71	1099,76
346,92	1212,40
347,13	1236,97
347,34	1136,62
347,55	1138,67
347,76	1232,88
347,98	1157,10
348,19	1110,00
348,40	1095,66
348,61	1114,10
348,82	1243,12
349,03	1124,33
349,24	1263,60
349,45	1159,15
349,66	1247,21
349,88	1181,68
350,09	1150,96
350,30	1181,68
350,51	1208,30
350,72	1159,15
350,93	1140,72
351,14	1189,87
351,35	1249,26
351,56	1130,48
351,77	1234,93
351,99	1167,34
352,20	1153,01
352,41	1169,39
352,62	1193,97
352,83	1255,40
353,04	1157,10
353,25	1163,25
353,46	1236,97
353,67	1234,93
353,88	1234,93
354,09	1150,96
354,30	1200,11
354,52	1150,96
354,73	1200,11
354,94	1189,87
355,15	1261,55
355,36	1142,77
355,57	1216,49
355,78	1224,69
355,99	1183,73
356,20	1171,44
356,41	1167,34
356,62	1200,11
356,83	1169,39
357,04	1167,34
357,25	1140,72
357,46	1226,73
357,68	1187,82
357,89	1177,58
358,10	1255,40
358,31	1275,88
358,52	1177,58
358,73	1167,34
358,94	1226,73
359,15	1126,38
359,36	1247,21
359,57	1226,73
359,78	1146,86
359,99	1081,33
360,20	1204,21
360,41	1187,82
360,62	1163,25
360,83	1253,36
361,04	1179,63
361,25	1099,76
361,46	1220,59
361,67	1206,25
361,88	1271,79
362,09	1249,26
362,30	1232,88
362,51	1230,83
362,72	1226,73
362,93	1232,88
363,14	1155,05
363,35	1161,20
363,56	1165,29
363,78	1120,24
363,99	1267,69
364,20	1138,67
364,41	1224,69
364,62	1118,19
364,83	1224,69
365,04	1193,97
365,25	1122,29
365,46	1177,58
365,67	1179,63
365,88	1196,01
366,09	1175,53
366,30	1155,05
366,51	1226,73
366,72	1208,30
366,93	1163,25
367,14	1148,91
367,35	1212,40
367,56	1230,83
367,77	1136,62
367,98	1122,29
368,18	1220,59
368,39	1181,68
368,60	1228,78
368,81	1179,63
369,02	1189,87
369,23	1204,21
369,44	1196,01
369,65	1189,87
369,86	1148,91
370,07	1230,83
370,28	1236,97
370,49	1193,97
370,70	1234,93
370,91	1114,10
371,12	1259,50
371,33	1148,91
371,54	1171,44
371,75	1193,97
371,96	1185,77
372,17	1191,92
372,38	1222,64
372,59	1146,86
372,80	1212,40
373,01	1228,78
373,22	1208,30
373,43	1236,97
373,64	1183,73
373,85	1204,21
374,06	1220,59
374,26	1175,53
374,47	1091,57
374,68	1222,64
374,89	1226,73
375,10	1196,01
375,31	1193,97
375,52	1118,19
375,73	1224,69
375,94	1251,31
376,15	1165,29
376,36	1228,78
376,57	1232,88
376,78	1181,68
376,99	1210,35
377,20	1167,34
377,40	1228,78
377,61	1218,54
377,82	1122,29
378,03	1175,53
378,24	1150,96
378,45	1212,40
378,66	1179,63
378,87	1234,93
379,08	1210,35
379,29	1187,82
379,50	1200,11
379,71	1204,21
379,91	1236,97
380,12	1200,11
380,33	1208,30
380,54	1165,29
380,75	1179,63
380,96	1255,40
381,17	1134,57
381,38	1161,20
381,59	1204,21
381,80	1130,48
382,00	1216,49
382,21	1261,55
382,42	1245,16
382,63	1112,05
382,84	1191,92
383,05	1191,92
383,26	1214,45
383,47	1202,16
383,68	1198,06
383,88	1196,01
384,09	1150,96
384,30	1196,01
384,51	1206,25
384,72	1214,45
384,93	1196,01
385,14	1216,49
385,35	1204,21
385,55	1282,03
385,76	1208,30
385,97	1187,82
386,18	1183,73
386,39	1140,72
386,60	1216,49
386,81	1236,97
387,02	1189,87
387,22	1198,06
387,43	1253,36
387,64	1214,45
387,85	1167,34
388,06	1226,73
388,27	1085,42
388,48	1157,10
388,68	1183,73
388,89	1171,44
389,10	1159,15
389,31	1224,69
389,52	1173,49
389,73	1185,77
389,93	1196,01
390,14	1224,69
390,35	1167,34
390,56	1232,88
390,77	1212,40
390,98	1232,88
391,18	1230,83
391,39	1220,59
391,60	1216,49
391,81	1167,34
392,02	1253,36
392,23	1216,49
392,43	1167,34
392,64	1161,20
392,85	1216,49
393,06	1218,54
393,27	1138,67
393,47	1140,72
393,68	1198,06
393,89	1212,40
394,10	1191,92
394,31	1241,07
394,52	1146,86
394,72	1163,25
394,93	1210,35
395,14	1148,91
395,35	1226,73
395,56	1200,11
395,76	1183,73
395,97	1167,34
396,18	1206,25
396,39	1191,92
396,60	1163,25
396,80	1243,12
397,01	1146,86
397,22	1220,59
397,43	1232,88
397,64	1198,06
397,84	1298,41
398,05	1060,85
398,26	1232,88
398,47	1146,86
398,67	1153,01
398,88	1214,45
399,09	1202,16
399,30	1144,81
399,51	1241,07
399,71	1187,82
399,92	1273,84
400,13	1142,77
400,34	1243,12
400,54	1132,53
400,75	1191,92
400,96	1222,64
401,17	1222,64
401,37	1210,35
401,58	1134,57
401,79	1159,15
402,00	1210,35
402,21	1138,67
402,41	1165,29
402,62	1202,16
402,83	1161,20
403,04	1263,60
403,24	1273,84
403,45	1202,16
403,66	1130,48
403,87	1196,01
404,07	1224,69
404,28	1157,10
404,49	1148,91
404,70	1169,39
404,90	1120,24
405,11	1269,74
405,32	1196,01
405,52	1208,30
405,73	1241,07
405,94	1200,11
406,15	1181,68
406,35	1146,86
406,56	1157,10
406,77	1208,30
406,98	1126,38
407,18	1241,07
407,39	1226,73
407,60	1163,25
407,80	1226,73
408,01	1128,43
408,22	1200,11
408,43	1228,78
408,63	1169,39
408,84	1230,83
409,05	1142,77
409,25	1163,25
409,46	1128,43
409,67	1105,90
409,88	1173,49
410,08	1093,62
410,29	1239,02
410,50	1224,69
410,70	1206,25
410,91	1150,96
411,12	1150,96
411,32	1204,21
411,53	1140,72
411,74	1253,36
411,95	1148,91
412,15	1200,11
412,36	1226,73
412,57	1171,44
412,77	1222,64
412,98	1146,86
413,19	1210,35
413,39	1198,06
413,60	1187,82
413,81	1153,01
414,01	1173,49
414,22	1191,92
414,43	1167,34
414,63	1153,01
414,84	1183,73
415,05	1189,87
415,25	1134,57
415,46	1267,69
415,67	1138,67
415,87	1196,01
416,08	1200,11
416,29	1175,53
416,49	1222,64
416,70	1189,87
416,91	1232,88
417,11	1220,59
417,32	1173,49
417,53	1226,73
417,73	1241,07
417,94	1171,44
418,15	1222,64
418,35	1224,69
418,56	1241,07
418,77	1175,53
418,97	1206,25
419,18	1130,48
419,38	1232,88
419,59	1183,73
419,80	1193,97
420,00	1150,96
420,21	1208,30
420,42	1206,25
420,62	1187,82
420,83	1189,87
421,04	1163,25
421,24	1202,16
421,45	1175,53
421,65	1159,15
421,86	1206,25
422,07	1181,68
422,27	1222,64
422,48	1208,30
422,69	1208,30
422,89	1191,92
423,10	1204,21
423,30	1196,01
423,51	1271,79
423,72	1216,49
423,92	1255,40
424,13	1226,73
424,33	1228,78
424,54	1200,11
424,75	1167,34
424,95	1230,83
425,16	1161,20
425,36	1171,44
425,57	1161,20
425,78	1150,96
425,98	1243,12
426,19	1228,78
426,39	1110,00
426,60	1218,54
426,81	1163,25
427,01	1216,49
427,22	1181,68
427,42	1210,35
427,63	1118,19
427,83	1179,63
428,04	1183,73
428,25	1155,05
428,45	1228,78
428,66	1263,60
428,86	1187,82
429,07	1189,87
429,28	1245,16
429,48	1165,29
429,69	1210,35
429,89	1241,07
430,10	1175,53
430,30	1193,97
430,51	1282,03
430,71	1259,50
430,92	1157,10
431,13	1216,49
431,33	1200,11
431,54	1179,63
431,74	1191,92
431,95	1230,83
432,15	1191,92
432,36	1220,59
432,56	1247,21
432,77	1173,49
432,98	1173,49
433,18	1181,68
433,39	1216,49
433,59	1171,44
433,80	1241,07
434,00	1210,35
434,21	1173,49
434,41	1155,05
434,62	1175,53
434,82	1222,64
435,03	1189,87
435,23	1157,10
435,44	1185,77
435,64	1204,21
435,85	1204,21
436,06	1155,05
436,26	1243,12
436,47	1183,73
436,67	1230,83
436,88	1159,15
437,08	1216,49
437,29	1249,26
437,49	1228,78
437,70	1206,25
437,90	1132,53
438,11	1200,11
438,31	1218,54
438,52	1140,72
438,72	1126,38
438,93	1224,69
439,13	1148,91
439,34	1204,21
439,54	1263,60
439,75	1189,87
439,95	1181,68
440,16	1177,58
440,36	1132,53
440,57	1103,86
440,77	1159,15
440,98	1196,01
441,18	1214,45
441,39	1214,45
441,59	1249,26
441,80	1193,97
442,00	1273,84
442,21	1167,34
442,41	1181,68
442,62	1210,35
442,82	1157,10
443,02	1089,52
443,23	1193,97
443,43	1118,19
443,64	1177,58
443,84	1216,49
444,05	1212,40
444,25	1191,92
444,46	1167,34
444,66	1198,06
444,87	1202,16
445,07	1191,92
445,28	1171,44
445,48	1136,62
445,69	1183,73
445,89	1146,86
446,09	1196,01
446,30	1171,44
446,50	1173,49
446,71	1142,77
446,91	1163,25
447,12	1216,49
447,32	1202,16
447,53	1243,12
447,73	1124,33
447,93	1189,87
448,14	1177,58
448,34	1198,06
448,55	1261,55
448,75	1132,53
448,96	1161,20
449,16	1208,30
449,36	1210,35
449,57	1245,16
449,77	1185,77
449,98	1146,86
450,18	1189,87
450,39	1206,25
450,59	1255,40
450,79	1255,40
451,00	1230,83
451,20	1159,15
451,41	1222,64
451,61	1232,88
451,81	1177,58
452,02	1196,01
452,22	1161,20
452,43	1189,87
452,63	1136,62
452,84	1150,96
453,04	1159,15
453,24	1228,78
453,45	1239,02
453,65	1122,29
453,86	1181,68
454,06	1277,93
454,26	1153,01
454,47	1212,40
454,67	1253,36
454,87	1189,87
455,08	1161,20
455,28	1171,44
455,49	1165,29
455,69	1204,21
455,89	1200,11
456,10	1228,78
456,30	1185,77
456,51	1169,39
456,71	1226,73
456,91	1169,39
457,12	1128,43
457,32	1155,05
457,52	1175,53
457,73	1073,14
457,93	1200,11
458,14	1181,68
458,34	1249,26
458,54	1220,59
458,75	1239,02
458,95	1159,15
459,15	1234,93
459,36	1161,20
459,56	1208,30
459,76	1177,58
459,97	1224,69
460,17	1142,77
460,37	1187,82
460,58	1196,01
460,78	1208,30
460,99	1140,72
461,19	1243,12
461,39	1198,06
461,60	1189,87
461,80	1179,63
462,00	1224,69
462,21	1185,77
462,41	1179,63
462,61	1136,62
462,82	1247,21
463,02	1140,72
463,22	1204,21
463,43	1167,34
463,63	1110,00
463,83	1198,06
464,04	1183,73
464,24	1144,81
464,44	1140,72
464,64	1187,82
464,85	1216,49
465,05	1165,29
465,25	1148,91
465,46	1191,92
465,66	1249,26
465,86	1224,69
466,07	1132,53
466,27	1179,63
466,47	1191,92
466,68	1189,87
466,88	1167,34
467,08	1216,49
467,29	1157,10
467,49	1185,77
467,69	1232,88
467,89	1204,21
468,10	1204,21
468,30	1247,21
468,50	1224,69
468,71	1159,15
468,91	1146,86
469,11	1189,87
469,31	1198,06
469,52	1161,20
469,72	1185,77
469,92	1236,97
470,13	1200,11
470,33	1167,34
470,53	1220,59
470,73	1105,90
470,94	1161,20
471,14	1210,35
471,34	1167,34
471,54	1171,44
471,75	1167,34
471,95	1191,92
472,15	1181,68
472,36	1294,32
472,56	1187,82
472,76	1206,25
472,96	1191,92
473,17	1118,19
473,37	1241,07
473,57	1175,53
473,77	1212,40
473,98	1187,82
474,18	1153,01
474,38	1183,73
474,58	1212,40
474,79	1198,06
474,99	1243,12
475,19	1138,67
475,39	1210,35
475,60	1085,42
475,80	1142,77
476,00	1157,10
476,20	1200,11
476,41	1224,69
476,61	1202,16
476,81	1146,86
477,01	1206,25
477,21	1224,69
477,42	1204,21
477,62	1124,33
477,82	1157,10
478,02	1150,96
478,23	1191,92
478,43	1177,58
478,63	1150,96
478,83	1161,20
479,03	1198,06
479,24	1163,25
479,44	1200,11
479,64	1163,25
479,84	1234,93
480,04	1171,44
480,25	1196,01
480,45	1120,24
480,65	1232,88
480,85	1181,68
481,06	1196,01
481,26	1183,73
481,46	1171,44
481,66	1249,26
481,86	1218,54
482,06	1198,06
482,27	1181,68
482,47	1110,00
482,67	1200,11
482,87	1204,21
483,07	1206,25
483,28	1138,67
483,48	1181,68
483,68	1056,75
483,88	1239,02
484,08	1144,81
484,29	1220,59
484,49	1189,87
484,69	1132,53
484,89	1144,81
485,09	1282,03
485,29	1239,02
485,50	1142,77
485,70	1157,10
485,90	1259,50
486,10	1153,01
486,30	1175,53
486,50	1232,88
486,71	1191,92
486,91	1206,25
487,11	1198,06
487,31	1187,82
487,51	1183,73
487,71	1200,11
487,91	1161,20
488,12	1259,50
488,32	1167,34
488,52	1214,45
488,72	1212,40
488,92	1206,25
489,12	1216,49
489,32	1204,21
489,53	1144,81
489,73	1189,87
489,93	1163,25
490,13	1220,59
490,33	1163,25
490,53	1202,16
490,73	1241,07
490,94	1214,45
491,14	1171,44
491,34	1208,30
491,54	1200,11
491,74	1163,25
491,94	1155,05
492,14	1212,40
492,34	1202,16
492,54	1249,26
492,75	1136,62
492,95	1200,11
493,15	1239,02
493,35	1189,87
493,55	1185,77
493,75	1222,64
493,95	1239,02
494,15	1245,16
494,35	1214,45
494,56	1183,73
494,76	1140,72
494,96	1134,57
495,16	1204,21
495,36	1161,20
495,56	1216,49
495,76	1204,21
495,96	1177,58
496,16	1148,91
496,36	1279,98
496,56	1271,79
496,77	1189,87
496,97	1144,81
497,17	1140,72
497,37	1183,73
497,57	1189,87
497,77	1167,34
497,97	1189,87
498,17	1202,16
498,37	1204,21
498,57	1230,83
498,77	1220,59
498,97	1234,93
499,17	1196,01
499,38	1179,63
499,58	1165,29
499,78	1212,40
499,98	1183,73
500,18	1150,96
500,38	1165,29
500,58	1206,25
500,78	1165,29
500,98	1200,11
501,18	1198,06
501,38	1232,88
501,58	1157,10
501,78	1159,15
501,98	1173,49
502,18	1189,87
502,38	1241,07
502,58	1165,29
502,78	1193,97
502,98	1140,72
503,18	1167,34
503,38	1124,33
503,59	1249,26
503,79	1206,25
503,99	1277,93
504,19	1193,97
504,39	1204,21
504,59	1118,19
504,79	1216,49
504,99	1200,11
505,19	1196,01
505,39	1206,25
505,59	1187,82
505,79	1187,82
505,99	1214,45
506,19	1277,93
506,39	1236,97
506,59	1222,64
506,79	1116,14
506,99	1191,92
507,19	1185,77
507,39	1239,02
507,59	1198,06
507,79	1185,77
507,99	1159,15
508,19	1208,30
508,39	1220,59
508,59	1183,73
508,79	1239,02
508,99	1171,44
509,19	1187,82
509,39	1187,82
509,59	1255,40
509,79	1239,02
509,99	1226,73
510,19	1208,30
510,39	1232,88
510,59	1214,45
510,79	1173,49
510,99	1159,15
511,19	1220,59
511,39	1200,11
511,59	1245,16
511,79	1204,21
511,99	1208,30
512,19	1224,69
512,38	1175,53
512,58	1196,01
512,78	1120,24
512,98	1226,73
513,18	1216,49
513,38	1132,53
513,58	1177,58
513,78	1185,77
513,98	1177,58
514,18	1173,49
514,38	1159,15
514,58	1146,86
514,78	1228,78
514,98	1200,11
515,18	1144,81
515,38	1155,05
515,58	1241,07
515,78	1196,01
515,98	1230,83
516,18	1206,25
516,38	1214,45
516,57	1208,30
516,77	1144,81
516,97	1112,05
517,17	1208,30
517,37	1116,14
517,57	1171,44
517,77	1183,73
517,97	1228,78
518,17	1175,53
518,37	1230,83
518,57	1159,15
518,77	1157,10
518,97	1179,63
519,16	1159,15
519,36	1263,60
519,56	1208,30
519,76	1214,45
519,96	1161,20
520,16	1247,21
520,36	1191,92
520,56	1196,01
520,76	1204,21
520,96	1183,73
521,16	1173,49
521,35	1208,30
521,55	1232,88
521,75	1169,39
521,95	1204,21
522,15	1216,49
522,35	1191,92
522,55	1173,49
522,75	1224,69
522,95	1136,62
523,14	1101,81
523,34	1216,49
523,54	1150,96
523,74	1183,73
523,94	1124,33
524,14	1144,81
524,34	1204,21
524,54	1204,21
524,73	1218,54
524,93	1220,59
525,13	1183,73
525,33	1218,54
525,53	1193,97
525,73	1128,43
525,93	1220,59
526,13	1228,78
526,32	1173,49
526,52	1110,00
526,72	1175,53
526,92	1157,10
527,12	1193,97
527,32	1116,14
527,52	1218,54
527,71	1296,36
527,91	1218,54
528,11	1191,92
528,31	1261,55
528,51	1200,11
528,71	1191,92
528,90	1161,20
529,10	1159,15
529,30	1298,41
529,50	1198,06
529,70	1155,05
529,90	1241,07
530,09	1204,21
530,29	1173,49
530,49	1204,21
530,69	1183,73
530,89	1146,86
531,09	1226,73
531,28	1292,27
531,48	1155,05
531,68	1210,35
531,88	1193,97
532,08	1189,87
532,28	1134,57
532,47	1212,40
532,67	1175,53
532,87	1277,93
533,07	1189,87
533,27	1204,21
533,46	1204,21
533,66	1245,16
533,86	1204,21
534,06	1179,63
534,26	1234,93
534,45	1218,54
534,65	1214,45
534,85	1222,64
535,05	1132,53
535,25	1226,73
535,44	1171,44
535,64	1089,52
535,84	1148,91
536,04	1196,01
536,24	1193,97
536,43	1089,52
536,63	1259,50
536,83	1185,77
537,03	1273,84
537,22	1267,69
537,42	1202,16
537,62	1159,15
537,82	1118,19
538,02	1193,97
538,21	1185,77
538,41	1214,45
538,61	1165,29
538,81	1189,87
539,00	1236,97
539,20	1124,33
539,40	1189,87
539,60	1265,64
539,79	1159,15
539,99	1249,26
540,19	1261,55
540,39	1159,15
540,58	1247,21
540,78	1157,10
540,98	1271,79
541,18	1234,93
541,37	1200,11
541,57	1200,11
541,77	1191,92
541,97	1116,14
542,16	1175,53
542,36	1200,11
542,56	1230,83
542,76	1239,02
542,95	1220,59
543,15	1261,55
543,35	1196,01
543,54	1128,43
543,74	1241,07
543,94	1249,26
544,14	1234,93
544,33	1155,05
544,53	1191,92
544,73	1136,62
544,93	1189,87
545,12	1148,91
545,32	1198,06
545,52	1224,69
545,71	1200,11
545,91	1269,74
546,11	1187,82
546,30	1191,92
546,50	1130,48
546,70	1077,23
546,90	1220,59
547,09	1191,92
547,29	1167,34
547,49	1200,11
547,68	1208,30
547,88	1179,63
548,08	1245,16
548,27	1181,68
548,47	1200,11
548,67	1298,41
548,87	1243,12
549,06	1157,10
549,26	1185,77
549,46	1200,11
549,65	1204,21
549,85	1173,49
550,05	1200,11
550,24	1204,21
550,44	1212,40
550,64	1155,05
550,83	1163,25
551,03	1159,15
551,23	1245,16
551,42	1136,62
551,62	1226,73
551,82	1216,49
552,01	1187,82
552,21	1165,29
552,41	1202,16
552,60	1261,55
552,80	1206,25
553,00	1167,34
553,19	1173,49
553,39	1142,77
553,59	1234,93
553,78	1136,62
553,98	1202,16
554,17	1150,96
554,37	1269,74
554,57	1159,15
554,76	1232,88
554,96	1179,63
555,16	1126,38
555,35	1173,49
555,55	1216,49
555,75	1167,34
555,94	1208,30
556,14	1173,49
556,33	1208,30
556,53	1101,81
556,73	1181,68
556,92	1191,92
557,12	1204,21
557,32	1222,64
557,51	1228,78
557,71	1193,97
557,90	1277,93
558,10	1189,87
558,30	1196,01
558,49	1126,38
558,69	1101,81
558,88	1177,58
559,08	1206,25
559,28	1171,44
559,47	1150,96
559,67	1206,25
559,86	1193,97
560,06	1198,06
560,26	1179,63
560,45	1138,67
560,65	1191,92
560,84	1212,40
561,04	1181,68
561,24	1202,16
561,43	1148,91
561,63	1232,88
561,82	1116,14
562,02	1216,49
562,22	1150,96
562,41	1144,81
562,61	1177,58
562,80	1179,63
563,00	1150,96
563,19	1214,45
563,39	1155,05
563,59	1155,05
563,78	1208,30
563,98	1173,49
564,17	1200,11
564,37	1155,05
564,56	1161,20
564,76	1216,49
564,96	1208,30
565,15	1189,87
565,35	1187,82
565,54	1261,55
565,74	1288,17
565,93	1232,88
566,13	1187,82
566,32	1136,62
566,52	1161,20
566,71	1234,93
566,91	1089,52
567,11	1126,38
567,30	1214,45
567,50	1204,21
567,69	1253,36
567,89	1179,63
568,08	1171,44
568,28	1202,16
568,47	1204,21
568,67	1179,63
568,86	1220,59
569,06	1232,88
569,25	1200,11
569,45	1171,44
569,64	1196,01
569,84	1175,53
570,04	1191,92
570,23	1163,25
570,43	1114,10
570,62	1212,40
570,82	1173,49
571,01	1140,72
571,21	1214,45
571,40	1126,38
571,60	1128,43
571,79	1200,11
571,99	1187,82
572,18	1212,40
572,38	1181,68
572,57	1146,86
572,77	1177,58
572,96	1232,88
573,16	1181,68
573,35	1155,05
573,55	1165,29
573,74	1202,16
573,94	1140,72
574,13	1212,40
574,33	1243,12
574,52	1185,77
574,71	1183,73
574,91	1191,92
575,10	1138,67
575,30	1208,30
575,49	1187,82
575,69	1296,36
575,88	1185,77
576,08	1220,59
576,27	1130,48
576,47	1216,49
576,66	1220,59
576,86	1218,54
577,05	1249,26
577,25	1157,10
577,44	1241,07
577,64	1144,81
577,83	1298,41
578,02	1224,69
578,22	1173,49
578,41	1196,01
578,61	1232,88
578,80	1191,92
579,00	1187,82
579,19	1224,69
579,39	1208,30
579,58	1169,39
579,77	1126,38
579,97	1224,69
580,16	1212,40
580,36	1185,77
580,55	1116,14
580,75	1198,06
580,94	1214,45
581,13	1236,97
581,33	1200,11
581,52	1159,15
581,72	1177,58
581,91	1159,15
582,11	1263,60
582,30	1224,69
582,49	1200,11
582,69	1191,92
582,88	1140,72
583,08	1161,20
583,27	1150,96
583,47	1189,87
583,66	1204,21
583,85	1173,49
584,05	1126,38
584,24	1191,92
584,44	1175,53
584,63	1167,34
584,82	1118,19
585,02	1222,64
585,21	1198,06
585,41	1222,64
585,60	1200,11
585,79	1136,62
585,99	1202,16
586,18	1105,90
586,37	1216,49
586,57	1232,88
586,76	1148,91
586,96	1126,38
587,15	1200,11
587,34	1144,81
587,54	1165,29
587,73	1196,01
587,93	1183,73
588,12	1069,04
588,31	1230,83
588,51	1216,49
588,70	1177,58
588,89	1157,10
589,09	1173,49
589,28	1153,01
589,47	1118,19
589,67	1208,30
589,86	1163,25
590,06	1185,77
590,25	1241,07
590,44	1224,69
590,64	1239,02
590,83	1208,30
591,02	1189,87
591,22	1191,92
591,41	1239,02
591,60	1265,64
591,80	1173,49
591,99	1189,87
592,18	1165,29
592,38	1177,58
592,57	1232,88
592,76	1200,11
592,96	1167,34
593,15	1200,11
593,34	1165,29
593,54	1150,96
593,73	1204,21
593,92	1181,68
594,12	1204,21
594,31	1234,93
594,50	1198,06
594,70	1232,88
594,89	1167,34
595,08	1155,05
595,28	1226,73
595,47	1267,69
595,66	1191,92
595,86	1153,01
596,05	1200,11
596,24	1144,81
596,43	1230,83
596,63	1177,58
596,82	1245,16
597,01	1214,45
597,21	1226,73
597,40	1196,01
597,59	1265,64
597,79	1261,55
597,98	1218,54
598,17	1200,11
598,36	1234,93
598,56	1206,25
598,75	1165,29
598,94	1161,20
599,14	1189,87
599,33	1232,88
599,52	1161,20
599,71	1216,49
599,91	1165,29
600,10	1245,16
600,29	1230,83
600,48	1214,45
600,68	1222,64
600,87	1191,92
601,06	1169,39
601,26	1245,16
601,45	1214,45
601,64	1169,39
601,83	1261,55
602,03	1167,34
602,22	1198,06
602,41	1220,59
602,60	1228,78
602,80	1208,30
602,99	1185,77
603,18	1159,15
603,37	1234,93
603,57	1200,11
603,76	1228,78
603,95	1257,45
604,14	1196,01
604,34	1206,25
604,53	1173,49
604,72	1177,58
604,91	1212,40
605,10	1112,05
605,30	1163,25
605,49	1214,45
605,68	1263,60
605,87	1173,49
606,07	1191,92
606,26	1210,35
606,45	1247,21
606,64	1105,90
606,84	1292,27
607,03	1193,97
607,22	1140,72
607,41	1191,92
607,60	1114,10
607,80	1114,10
607,99	1212,40
608,18	1177,58
608,37	1140,72
608,56	1175,53
608,76	1159,15
608,95	1163,25
609,14	1175,53
609,33	1153,01
609,52	1214,45
609,72	1191,92
609,91	1175,53
610,10	1181,68
610,29	1134,57
610,48	1159,15
610,68	1167,34
610,87	1191,92
611,06	1253,36
611,25	1196,01
611,44	1232,88
611,63	1216,49
611,83	1198,06
612,02	1173,49
612,21	1265,64
612,40	1126,38
612,59	1101,81
612,79	1214,45
612,98	1222,64
613,17	1249,26
613,36	1200,11
613,55	1243,12
613,74	1183,73
613,93	1214,45
614,13	1200,11
614,32	1204,21
614,51	1243,12
614,70	1200,11
614,89	1191,92
615,08	1204,21
615,28	1245,16
615,47	1189,87
615,66	1179,63
615,85	1202,16
616,04	1191,92
616,23	1189,87
616,42	1222,64
616,62	1196,01
616,81	1177,58
617,00	1165,29
617,19	1185,77
617,38	1175,53
617,57	1228,78
617,76	1161,20
617,95	1226,73
618,15	1236,97
618,34	1181,68
618,53	1222,64
618,72	1196,01
618,91	1169,39
619,10	1124,33
619,29	1230,83
619,48	1232,88
619,68	1116,14
619,87	1265,64
620,06	1247,21
620,25	1171,44
620,44	1173,49
620,63	1163,25
620,82	1267,69
621,01	1196,01
621,20	1173,49
621,39	1271,79
621,59	1247,21
621,78	1191,92
621,97	1241,07
622,16	1257,45
622,35	1124,33
622,54	1212,40
622,73	1155,05
622,92	1112,05
623,11	1226,73
623,30	1239,02
623,49	1196,01
623,68	1230,83
623,88	1138,67
624,07	1187,82
624,26	1185,77
624,45	1208,30
624,64	1167,34
624,83	1175,53
625,02	1171,44
625,21	1239,02
625,40	1193,97
625,59	1259,50
625,78	1189,87
625,97	1200,11
626,16	1189,87
626,35	1150,96
626,54	1232,88
626,74	1191,92
626,93	1218,54
627,12	1241,07
627,31	1265,64
627,50	1259,50
627,69	1216,49
627,88	1214,45
628,07	1144,81
628,26	1222,64
628,45	1226,73
628,64	1177,58
628,83	1243,12
629,02	1226,73
629,21	1159,15
629,40	1206,25
629,59	1210,35
629,78	1142,77
629,97	1216,49
630,16	1239,02
630,35	1183,73
630,54	1251,31
630,73	1185,77
630,92	1191,92
631,11	1216,49
631,30	1173,49
631,49	1226,73
631,68	1388,52
631,87	2410,46
632,06	7384,98
632,25	15331,09
632,44	18386,66
632,63	23762,58
632,82	12998,46
633,01	7925,64
633,20	3758,02
633,39	1935,33
633,58	1744,87
633,77	1736,68
633,96	1595,37
634,15	1343,47
634,34	1425,39
634,53	1339,37
634,72	1380,33
634,91	1322,99
635,10	1363,95
635,29	1294,32
635,48	1224,69
635,67	1257,45
635,86	1228,78
636,05	1159,15
636,24	1210,35
636,43	1179,63
636,62	1214,45
636,81	1187,82
637,00	1169,39
637,19	1148,91
637,38	1265,64
637,57	1218,54
637,76	1183,73
637,95	1134,57
638,14	1177,58
638,33	1140,72
638,52	1200,11
638,71	1200,11
638,89	1181,68
639,08	1185,77
639,27	1232,88
639,46	1177,58
639,65	1236,97
639,84	1150,96
640,03	1290,22
640,22	1232,88
640,41	1239,02
640,60	1230,83
640,79	1220,59
640,98	1234,93
641,17	1114,10
641,36	1157,10
641,55	1193,97
641,74	1183,73
641,92	1140,72
642,11	1183,73
642,30	1183,73
642,49	1148,91
642,68	1181,68
642,87	1200,11
643,06	1212,40
643,25	1204,21
643,44	1294,32
643,63	1208,30
643,82	1183,73
644,00	1216,49
644,19	1232,88
644,38	1204,21
644,57	1200,11
644,76	1175,53
644,95	1253,36
645,14	1218,54
645,33	1216,49
645,52	1177,58
645,71	1171,44
645,89	1228,78
646,08	1206,25
646,27	1198,06
646,46	1257,45
646,65	1230,83
646,84	1181,68
647,03	1173,49
647,22	1175,53
647,40	1148,91
647,59	1181,68
647,78	1206,25
647,97	1157,10
648,16	1200,11
648,35	1169,39
648,54	1173,49
648,73	1189,87
648,91	1189,87
649,10	1140,72
649,29	1239,02
649,48	1189,87
649,67	1163,25
649,86	1165,29
650,05	1142,77
650,23	1196,01
650,42	1202,16
650,61	1282,03
650,80	1206,25
650,99	1198,06
651,18	1261,55
651,36	1122,29
651,55	1144,81
651,74	1175,53
651,93	1200,11
652,12	1216,49
652,31	1171,44
652,49	1212,40
652,68	1153,01
652,87	1261,55
653,06	1210,35
653,25	1214,45
653,44	1222,64
653,62	1167,34
653,81	1179,63
654,00	1175,53
654,19	1128,43
654,38	1228,78
654,56	1204,21
654,75	1249,26
654,94	1232,88
655,13	1171,44
655,32	1210,35
655,51	1230,83
655,69	1179,63
655,88	1175,53
656,07	1130,48
656,26	1191,92
656,45	1118,19
656,63	1279,98
656,82	1167,34
657,01	1153,01
657,20	1134,57
657,38	1232,88
657,57	1208,30
657,76	1181,68
657,95	1253,36
658,14	1255,40
658,32	1118,19
658,51	1202,16
658,70	1132,53
658,89	1234,93
659,08	1134,57
659,26	1222,64
659,45	1181,68
659,64	1224,69
659,83	1126,38
660,01	1214,45
660,20	1214,45
660,39	1159,15
660,58	1056,75
660,76	1228,78
660,95	1198,06
661,14	1216,49
661,33	1228,78
661,51	1191,92
661,70	1191,92
661,89	1224,69
662,08	1236,97
662,26	1155,05
662,45	1187,82
662,64	1165,29
662,83	1216,49
663,01	1220,59
663,20	1202,16
663,39	1232,88
663,58	1185,77
663,76	1122,29
663,95	1189,87
664,14	1175,53
664,32	1148,91
664,51	1171,44
664,70	1216,49
664,89	1191,92
665,07	1228,78
665,26	1183,73
665,45	1206,25
665,64	1150,96
665,82	1189,87
666,01	1136,62
666,20	1200,11
666,38	1206,25
666,57	1144,81
666,76	1202,16
666,95	1224,69
667,13	1167,34
667,32	1232,88
667,51	1202,16
667,69	1191,92
667,88	1163,25
668,07	1214,45
668,25	1157,10
668,44	1253,36
668,63	1163,25
668,81	1193,97
669,00	1134,57
669,19	1179,63
669,38	1159,15
669,56	1234,93
669,75	1191,92
669,94	1214,45
670,12	1167,34
670,31	1130,48
670,50	1085,42
670,68	1193,97
670,87	1198,06
671,06	1253,36
671,24	1181,68
671,43	1239,02
671,62	1198,06
671,80	1140,72
671,99	1210,35
672,18	1234,93
672,36	1146,86
672,55	1198,06
672,74	1150,96
672,92	1234,93
673,11	1159,15
673,29	1173,49
673,48	1249,26
673,67	1183,73
673,85	1157,10
674,04	1261,55
674,23	1189,87
674,41	1239,02
674,60	1200,11
674,79	1136,62
674,97	1181,68
675,16	1171,44
675,34	1191,92
675,53	1251,31
675,72	1134,57
675,90	1136,62
676,09	1181,68
676,28	1198,06
676,46	1177,58
676,65	1118,19
676,83	1228,78
677,02	1185,77
677,21	1243,12
677,39	1138,67
677,58	1210,35
677,77	1140,72
677,95	1142,77
678,14	1200,11
678,32	1218,54
678,51	1222,64
678,70	1163,25
678,88	1138,67
679,07	1282,03
679,25	1196,01
679,44	1220,59
679,63	1183,73
679,81	1146,86
680,00	1114,10
680,18	1214,45
680,37	1204,21
680,55	1187,82
680,74	1146,86
680,93	1146,86
681,11	1167,34
681,30	1142,77
681,48	1191,92
681,67	1288,17
681,85	1181,68
682,04	1153,01
682,23	1239,02
682,41	1155,05
682,60	1175,53
682,78	1146,86
682,97	1245,16
683,15	1187,82
683,34	1173,49
683,53	1249,26
683,71	1155,05
683,90	1251,31
684,08	1161,20
684,27	1193,97
684,45	1159,15
684,64	1183,73
684,82	1157,10
685,01	1179,63
685,19	1185,77
685,38	1222,64
685,57	1148,91
685,75	1216,49
685,94	1177,58
686,12	1116,14
686,31	1212,40
686,49	1208,30
686,68	1236,97
686,86	1220,59
687,05	1265,64
687,23	1165,29
687,42	1187,82
687,60	1122,29
687,79	1173,49
687,97	1214,45
688,16	1226,73
688,34	1269,74
688,53	1169,39
688,71	1167,34
688,90	1196,01
689,08	1267,69
689,27	1153,01
689,45	1177,58
689,64	1163,25
689,82	1206,25
690,01	1171,44
690,19	1228,78
690,38	1200,11
690,56	1189,87
690,75	1144,81
690,93	1185,77
691,12	1239,02
691,30	1161,20
691,49	1153,01
691,67	1130,48
691,86	1177,58
692,04	1183,73
692,23	1122,29
692,41	1150,96
692,60	1189,87
692,78	1169,39
692,97	1228,78
693,15	1134,57
693,34	1232,88
693,52	1216,49
693,71	1208,30
693,89	1134,57
694,08	1200,11
694,26	1247,21
694,44	1173,49
694,63	1228,78
694,81	1130,48
695,00	1159,15
695,18	1210,35
695,37	1200,11
695,55	1193,97
695,74	1161,20
695,92	1183,73
696,10	1265,64
696,29	1140,72
696,47	1196,01
696,66	1142,77
696,84	1165,29
697,03	1179,63
697,21	1200,11
697,40	1226,73
697,58	1200,11
697,76	1232,88
697,95	1187,82
698,13	1193,97
698,32	1155,05
698,50	1210,35
698,68	1193,97
698,87	1243,12
699,05	1177,58
699,24	1202,16
699,42	1163,25
699,61	1236,97
699,79	1175,53
699,97	1224,69
700,16	1150,96
700,34	1126,38
700,53	1241,07
700,71	1148,91
700,89	1159,15
701,08	1193,97
701,26	1189,87
701,45	1220,59
701,63	1185,77
701,81	1247,21
702,00	1216,49
702,18	1279,98
702,37	1189,87
702,55	1236,97
702,73	1153,01
702,92	1234,93
703,10	1183,73
703,28	1173,49
703,47	1196,01
703,65	1091,57
703,84	1210,35
704,02	1224,69
704,20	1144,81
704,39	1161,20
704,57	1216,49
704,75	1112,05
704,94	1099,76
705,12	1185,77
705,30	1136,62
705,49	1177,58
705,67	1130,48
705,86	1079,28
706,04	1150,96
706,22	1232,88
706,41	1210,35
706,59	1171,44
706,77	1214,45
706,96	1202,16
707,14	1146,86
707,32	1144,81
707,51	1230,83
707,69	1183,73
707,87	1204,21
708,06	1200,11
708,24	1142,77
708,42	1247,21
708,61	1189,87
708,79	1155,05
708,97	1212,40
709,16	1247,21
709,34	1251,31
709,52	1130,48
709,71	1216,49
709,89	1085,42
710,07	1183,73
710,26	1206,25
710,44	1212,40
710,62	1212,40
710,80	1214,45
710,99	1161,20
711,17	1118,19
711,35	1169,39
711,54	1159,15
711,72	1206,25
711,90	1179,63
712,09	1247,21
712,27	1155,05
712,45	1183,73
712,63	1196,01
712,82	1253,36
713,00	1191,92
713,18	1228,78
713,37	1206,25
713,55	1173,49
713,73	1124,33
713,91	1198,06
714,10	1220,59
714,28	1163,25
714,46	1155,05
714,65	1161,20
714,83	1163,25
715,01	1146,86
715,19	1193,97
715,38	1124,33
715,56	1249,26
715,74	1204,21
715,92	1239,02
716,11	1196,01
716,29	1187,82
716,47	1208,30
716,65	1196,01
716,84	1212,40
717,02	1282,03
717,20	1167,34
717,38	1214,45
717,57	1216,49
717,75	1198,06
717,93	1290,22
718,11	1159,15
718,30	1181,68
718,48	1234,93
718,66	1255,40
718,84	1210,35
719,03	1187,82
719,21	1198,06
719,39	1193,97
719,57	1175,53
719,75	1218,54
719,94	1208,30
720,12	1177,58
720,30	1220,59
720,48	1083,38
720,67	1157,10
720,85	1169,39
721,03	1255,40
721,21	1163,25
721,39	1224,69
721,58	1167,34
721,76	1222,64
721,94	1187,82
722,12	1204,21
722,30	1171,44
722,49	1212,40
722,67	1206,25
722,85	1302,51
723,03	1185,77
723,21	1245,16
723,40	1206,25
723,58	1193,97
723,76	1210,35
723,94	1232,88
724,12	1144,81
724,30	1157,10
724,49	1216,49
724,67	1214,45
724,85	1177,58
725,03	1181,68
725,21	1210,35
725,40	1185,77
725,58	1220,59
725,76	1189,87
725,94	1181,68
726,12	1222,64
726,30	1183,73
726,49	1206,25
726,67	1171,44
726,85	1181,68
727,03	1179,63
727,21	1150,96
727,39	1198,06
727,57	1251,31
727,76	1171,44
727,94	1171,44
728,12	1144,81
728,30	1146,86
728,48	1208,30
728,66	1175,53
728,84	1148,91
729,03	1173,49
729,21	1142,77
729,39	1153,01
729,57	1161,20
729,75	1163,25
729,93	1132,53
730,11	1191,92
730,30	1183,73
730,48	1222,64
730,66	1171,44
730,84	1132,53
731,02	1185,77
731,20	1173,49
731,38	1142,77
731,56	1175,53
731,74	1210,35
731,93	1222,64
732,11	1155,05
732,29	1202,16
732,47	1189,87
732,65	1228,78
732,83	1224,69
733,01	1212,40
733,19	1230,83
733,37	1175,53
733,56	1200,11
733,74	1138,67
733,92	1181,68
734,10	1259,50
734,28	1202,16
734,46	1142,77
734,64	1193,97
734,82	1181,68
735,00	1206,25
735,18	1185,77
735,36	1181,68
735,54	1175,53
735,73	1179,63
735,91	1155,05
736,09	1173,49
736,27	1150,96
736,45	1226,73
736,63	1202,16
736,81	1202,16
736,99	1206,25
737,17	1212,40
737,35	1183,73
737,53	1247,21
737,71	1220,59
737,89	1140,72
738,07	1175,53
738,25	1230,83
738,43	1204,21
738,61	1208,30
738,80	1253,36
738,98	1191,92
739,16	1136,62
739,34	1163,25
739,52	1185,77
739,70	1165,29
739,88	1177,58
740,06	1218,54
740,24	1146,86
740,42	1144,81
740,60	1191,92
740,78	1165,29
740,96	1181,68
741,14	1146,86
741,32	1236,97
741,50	1234,93
741,68	1185,77
741,86	1204,21
742,04	1175,53
742,22	1173,49
742,40	1228,78
742,58	1202,16
742,76	1193,97
742,94	1175,53
743,12	1148,91
743,30	1140,72
743,48	1181,68
743,66	1183,73
743,84	1165,29
744,02	1187,82
744,20	1206,25
744,38	1189,87
744,56	1159,15
744,74	1232,88
744,92	1220,59
745,10	1167,34
745,28	1183,73
745,46	1206,25
745,64	1150,96
745,82	1191,92
746,00	1146,86
746,18	1187,82
746,36	1150,96
746,54	1153,01
746,72	1263,60
746,90	1191,92
747,08	1134,57
747,26	1193,97
747,44	1165,29
747,62	1175,53
747,80	1128,43
747,98	1273,84
748,15	1208,30
748,33	1185,77
748,51	1196,01
748,69	1112,05
748,87	1224,69
749,05	1159,15
749,23	1198,06
749,41	1232,88
749,59	1159,15
749,77	1155,05
749,95	1206,25
750,13	1204,21
750,31	1230,83
750,49	1208,30
750,67	1214,45
750,85	1175,53
751,03	1224,69
751,20	1267,69
751,38	1173,49
751,56	1183,73
751,74	1187,82
751,92	1251,31
752,10	1169,39
752,28	1163,25
752,46	1206,25
752,64	1202,16
752,82	1187,82
753,00	1171,44
753,18	1236,97
753,35	1165,29
753,53	1249,26
753,71	1167,34
753,89	1159,15
754,07	1142,77
754,25	1189,87
754,43	1183,73
754,61	1193,97
754,79	1277,93
754,97	1193,97
755,14	1204,21
755,32	1118,19
755,50	1216,49
755,68	1134,57
755,86	1216,49
756,04	1150,96
756,22	1189,87
756,40	1130,48
756,57	1257,45
756,75	1138,67
756,93	1144,81
757,11	1200,11
757,29	1228,78
757,47	1179,63
757,65	1144,81
757,82	1181,68
758,00	1189,87
758,18	1220,59
758,36	1181,68
758,54	1249,26
758,72	1183,73
758,90	1202,16
759,07	1155,05
759,25	1142,77
759,43	1230,83
759,61	1196,01
759,79	1193,97
759,97	1191,92
760,15	1159,15
760,32	1198,06
760,50	1167,34
760,68	1230,83
760,86	1177,58
761,04	1234,93
761,22	1263,60
761,39	1167,34
761,57	1169,39
761,75	1124,33
761,93	1189,87
762,11	1202,16
762,28	1204,21
762,46	1279,98
762,64	1196,01
762,82	1159,15
763,00	1220,59
763,18	1193,97
763,35	1216,49
763,53	1175,53
763,71	1167,34
763,89	1232,88
764,07	1171,44
764,24	1208,30
764,42	1081,33
764,60	1226,73
764,78	1214,45
764,96	1202,16
765,13	1216,49
765,31	1279,98
765,49	1249,26
765,67	1210,35
765,84	1144,81
766,02	1224,69
766,20	1181,68
766,38	1198,06
766,56	1286,12
766,73	1150,96
766,91	1261,55
767,09	1208,30
767,27	1173,49
767,44	1210,35
767,62	1251,31
767,80	1146,86
767,98	1116,14
768,15	1212,40
768,33	1181,68
768,51	1216,49
768,69	1142,77
768,87	1232,88
769,04	1138,67
769,22	1232,88
769,40	1161,20
769,58	1216,49
769,75	1232,88
769,93	1183,73
770,11	1206,25
770,28	1228,78
770,46	1222,64
770,64	1163,25
770,82	1216,49
770,99	1134,57
771,17	1146,86
771,35	1206,25
771,53	1179,63
771,70	1222,64
771,88	1222,64
772,06	1169,39
772,23	1171,44
772,41	1200,11
772,59	1169,39
772,77	1173,49
772,94	1175,53
773,12	1187,82
773,30	1247,21
773,47	1202,16
773,65	1146,86
773,83	1210,35
774,01	1196,01
774,18	1204,21
774,36	1142,77
774,54	1189,87
774,71	1163,25
774,89	1200,11
775,07	1193,97
775,24	1181,68
775,42	1204,21
775,60	1224,69
775,78	1159,15
775,95	1191,92
776,13	1120,24
776,31	1183,73
776,48	1204,21
776,66	1206,25
776,84	1239,02
777,01	1157,10
777,19	1208,30
777,37	1263,60
777,54	1185,77
777,72	1224,69
777,90	1134,57
778,07	1155,05
778,25	1220,59
778,43	1150,96
778,60	1218,54
778,78	1249,26
778,96	1200,11
779,13	1222,64
779,31	1163,25
779,49	1212,40
779,66	1189,87
779,84	1177,58
780,01	1157,10
780,19	1216,49
780,37	1214,45
780,54	1183,73
780,72	1189,87
780,90	1189,87
781,07	1150,96
781,25	1128,43
781,43	1198,06
781,60	1167,34
781,78	1255,40
781,95	1132,53
782,13	1216,49
782,31	1202,16
782,48	1292,27
782,66	1179,63
782,83	1187,82
783,01	1167,34
783,19	1157,10
783,36	1239,02
783,54	1208,30
783,72	1185,77
783,89	1187,82
784,07	1175,53
784,24	1212,40
784,42	1150,96
784,60	1269,74
784,77	1148,91
784,95	1126,38
785,12	1173,49
785,30	1302,51
785,47	1177,58
785,65	1224,69
785,83	1167,34
786,00	1181,68
786,18	1159,15
786,35	1185,77
786,53	1208,30
786,71	1198,06
786,88	1159,15
787,06	1206,25
787,23	1214,45
787,41	1163,25
787,58	1206,25
787,76	1193,97
787,94	1218,54
788,11	1159,15
788,29	1161,20
788,46	1208,30
788,64	1193,97
788,81	1177,58
788,99	1173,49
789,16	1159,15
789,34	1185,77
789,52	1148,91
789,69	1200,11
789,87	1183,73
790,04	1173,49
790,22	1230,83
790,39	1171,44
790,57	1107,95
790,74	1247,21
790,92	1175,53
791,09	1161,20
791,27	1163,25
791,44	1153,01
791,62	1198,06
791,79	1175,53
791,97	1183,73
792,15	1222,64
792,32	1193,97
792,50	1212,40
792,67	1241,07
792,85	1239,02
793,02	1169,39
793,20	1177,58
793,37	1196,01
793,55	1171,44
793,72	1234,93
793,90	1060,85
794,07	1118,19
794,25	1198,06
794,42	1171,44
794,60	1079,28
794,77	1183,73
794,95	1282,03
795,12	1138,67
795,30	1265,64
795,47	1220,59
795,65	1228,78
795,82	1144,81
796,00	1193,97
796,17	1150,96
796,34	1171,44
796,52	1208,30
796,69	1232,88
796,87	1165,29
797,04	1165,29
797,22	1200,11
797,39	1212,40
797,57	1171,44
797,74	1189,87
797,92	1261,55
798,09	1204,21
798,27	1236,97
798,44	1148,91
798,62	1198,06
798,79	1157,10
798,96	1224,69
799,14	1159,15
799,31	1216,49
799,49	1122,29
799,66	1150,96
799,84	1226,73
800,01	1138,67
800,19	1173,49
800,36	1171,44
800,53	1157,10
800,71	1157,10
800,88	1200,11
801,06	1155,05
801,23	1142,77
801,41	1208,30
801,58	1187,82
801,75	1210,35
801,93	1181,68
802,10	1247,21
802,28	1159,15
802,45	1206,25
802,63	1187,82
802,80	1128,43
802,97	1253,36
803,15	1214,45
803,32	1222,64
803,50	1089,52
803,67	1132,53
803,84	1171,44
804,02	1216,49
804,19	1163,25
804,37	1116,14
804,54	1189,87
804,71	1148,91
804,89	1230,83
805,06	1177,58
805,24	1212,40
805,41	1126,38
805,58	1269,74
805,76	1204,21
805,93	1253,36
806,10	1239,02
806,28	1165,29
806,45	1208,30
806,63	1171,44
806,80	1173,49
806,97	1161,20
807,15	1255,40
807,32	1155,05
807,49	1210,35
807,67	1220,59
807,84	1179,63
808,01	1198,06
808,19	1206,25
808,36	1222,64
808,54	1171,44
808,71	1118,19
808,88	1193,97
809,06	1216,49
809,23	1153,01
809,40	1163,25
809,58	1193,97
809,75	1097,71
809,92	1181,68
810,10	1153,01
810,27	1191,92
810,44	1253,36
810,62	1210,35
810,79	1220,59
810,96	1196,01
811,14	1177,58
811,31	1198,06
811,48	1120,24
811,66	1224,69
811,83	1193,97
812,00	1118,19
812,18	1167,34
812,35	1196,01
812,52	1185,77
812,69	1173,49
812,87	1239,02
813,04	1122,29
813,21	1220,59
813,39	1282,03
813,56	1269,74
813,73	1243,12
813,91	1136,62
814,08	1163,25
814,25	1220,59
814,42	1222,64
814,60	1181,68
814,77	1167,34
814,94	1234,93
815,12	1126,38
815,29	1247,21
815,46	1142,77
815,63	1128,43
815,81	1245,16
815,98	1220,59
816,15	1161,20
816,33	1183,73
816,50	1204,21
816,67	1179,63
816,84	1202,16
817,02	1193,97
817,19	1136,62
817,36	1169,39
817,53	1193,97
817,71	1165,29
817,88	1159,15
818,05	1165,29
818,22	1196,01
818,40	1110,00
818,57	1202,16
818,74	1200,11
818,91	1226,73
819,09	1202,16
819,26	1155,05
819,43	1097,71
819,60	1187,82
819,78	1216,49
819,95	1202,16
820,12	1208,30
820,29	1144,81
820,47	1146,86
820,64	1122,29
820,81	1138,67
820,98	1101,81
821,15	1181,68
821,33	1187,82
821,50	1153,01
821,67	1126,38
821,84	1218,54
822,02	1157,10
822,19	1212,40
822,36	1163,25
822,53	1163,25
822,70	1208,30
822,88	1247,21
823,05	1173,49
823,22	1232,88
823,39	1173,49
823,56	1150,96
823,74	1183,73
823,91	1257,45
824,08	1230,83
824,25	1171,44
824,42	1210,35
824,60	1191,92
824,77	1153,01
824,94	1196,01
825,11	1212,40
825,28	1183,73
825,45	1179,63
825,63	1245,16
825,80	1204,21
825,97	1189,87
826,14	1159,15
826,31	1222,64
826,48	1163,25
826,66	1214,45
826,83	1214,45
827,00	1169,39
827,17	1198,06
827,34	1126,38
827,51	1187,82
827,69	1165,29
827,86	1198,06
828,03	1193,97
828,20	1191,92
828,37	1296,36
828,54	1216,49
828,71	1150,96
828,89	1191,92
829,06	1193,97
829,23	1163,25
829,40	1193,97
829,57	1179,63
829,74	1142,77
829,91	1167,34
830,09	1175,53
830,26	1183,73
830,43	1177,58
830,60	1241,07
830,77	1239,02
830,94	1255,40
831,11	1155,05
831,28	1191,92
831,46	1169,39
831,63	1286,12
831,80	1171,44
831,97	1243,12
832,14	1187,82
832,31	1179,63
832,48	1208,30
832,65	1198,06
832,82	1222,64
832,99	1210,35
833,17	1198,06
833,34	1206,25
833,51	1175,53
833,68	1226,73
833,85	1191,92
834,02	1230,83
834,19	1169,39
834,36	1187,82
834,53	1155,05
834,70	1198,06
834,87	1138,67
835,04	1193,97
835,22	1163,25
835,39	1196,01
835,56	1214,45
835,73	1245,16
835,90	1159,15
836,07	1171,44
836,24	1198,06
836,41	1265,64
836,58	1214,45
836,75	1159,15
836,92	1236,97
837,09	1269,74
837,26	1204,21
837,43	1216,49
837,60	1202,16
837,77	1202,16
837,94	1232,88
838,12	1234,93
838,29	1193,97
838,46	1185,77
838,63	1247,21
838,80	1161,20
838,97	1193,97
839,14	1181,68
839,31	1144,81
839,48	1200,11
839,65	1208,30
839,82	1210,35
839,99	1171,44
840,16	1177,58
840,33	1181,68
840,50	1243,12
840,67	1212,40
840,84	1171,44
841,01	1288,17
841,18	1189,87
841,35	1202,16
841,52	1191,92
841,69	1206,25
841,86	1148,91
842,03	1206,25
842,20	1232,88
842,37	1241,07
842,54	1150,96
842,71	1198,06
842,88	1157,10
843,05	1220,59
843,22	1193,97
843,39	1273,84
843,56	1204,21
843,73	1200,11
843,90	1181,68
844,07	1189,87
844,24	1183,73
844,41	1200,11
844,58	1222,64
844,75	1212,40
844,92	1159,15
845,09	1228,78
845,26	1167,34
845,43	1265,64
845,60	1150,96
845,77	1202,16
845,94	1122,29
846,10	1112,05
846,27	1247,21
846,44	1136,62
846,61	1241,07
846,78	1134,57
846,95	1214,45
847,12	1216,49
847,29	1208,30
847,46	1179,63
847,63	1220,59
847,80	1165,29
847,97	1196,01
848,14	1157,10
848,31	1216,49
848,48	1150,96
848,65	1165,29
848,82	1212,40
848,98	1120,24
849,15	1110,00
849,32	1243,12
849,49	1247,21
849,66	1183,73
849,83	1210,35
850,00	1185,77
850,17	1210,35
850,34	1122,29
850,51	1193,97
850,68	1175,53
850,85	1212,40
851,01	1210,35
851,18	1241,07
851,35	1224,69
851,52	1261,55
851,69	1257,45
851,86	1150,96
852,03	1165,29
852,20	1230,83
852,37	1304,56
852,53	1187,82
852,70	1212,40
852,87	1228,78
853,04	1261,55
853,21	1134,57
853,38	1218,54
853,55	1175,53
853,72	1183,73
853,89	1140,72
854,05	1273,84
854,22	1171,44
854,39	1228,78
854,56	1177,58
854,73	1193,97
854,90	1243,12
855,07	1204,21
855,23	1171,44
855,40	1214,45
855,57	1179,63
855,74	1196,01
855,91	1239,02
856,08	1157,10
856,25	1210,35
856,41	1249,26
856,58	1167,34
856,75	1241,07
856,92	1253,36
857,09	1126,38
857,26	1128,43
857,42	1212,40
857,59	1216,49
857,76	1134,57
857,93	1175,53
858,10	1189,87
858,27	1161,20
858,43	1165,29
858,60	1206,25
858,77	1140,72
858,94	1134,57
859,11	1181,68
859,27	1208,30
859,44	1241,07
859,61	1204,21
859,78	1167,34
859,95	1193,97
860,12	1112,05
860,28	1110,00
860,45	1157,10
860,62	1138,67
860,79	1206,25
860,95	1204,21
861,12	1255,40
861,29	1169,39
861,46	1259,50
861,63	1193,97
861,79	1230,83
861,96	1208,30
862,13	1208,30
862,30	1173,49
862,47	1218,54
862,63	1257,45
862,80	1196,01
862,97	1165,29
863,14	1122,29
863,30	1273,84
863,47	1175,53
863,64	1175,53
863,81	1220,59
863,97	1126,38
864,14	1206,25
864,31	1171,44
864,48	1269,74
864,65	1142,77
864,81	1128,43
864,98	1187,82
865,15	1187,82
865,32	1187,82
865,48	1189,87
865,65	1210,35
865,82	1220,59
865,98	1148,91
866,15	1216,49
866,32	1204,21
866,49	1236,97
866,65	1126,38
866,82	1249,26
866,99	1216,49
867,16	1204,21
867,32	1181,68
867,49	1212,40
867,66	1234,93
867,83	1116,14
867,99	1157,10
868,16	1204,21
868,33	1150,96
868,49	1173,49
868,66	1177,58
868,83	1189,87
868,99	1157,10
869,16	1183,73
869,33	1187,82
869,50	1228,78
869,66	1187,82
869,83	1187,82
870,00	1200,11
870,16	1200,11
870,33	1163,25
870,50	1198,06
870,66	1097,71
870,83	1189,87
871,00	1218,54
871,17	1243,12
871,33	1179,63
871,50	1247,21
871,67	1138,67
871,83	1157,10
872,00	1122,29
872,17	1191,92
872,33	1239,02
872,50	1222,64
872,67	1230,83
872,83	1249,26
873,00	1200,11
873,17	1185,77
873,33	1116,14
873,50	1161,20
873,67	1163,25
873,83	1206,25
874,00	1142,77
874,16	1220,59
874,33	1222,64
874,50	1204,21
874,66	1212,40
874,83	1212,40
875,00	1200,11
875,16	1171,44
875,33	1189,87
875,50	1132,53
875,66	1177,58
875,83	1167,34
875,99	1179,63
876,16	1138,67
876,33	1138,67
876,49	1183,73
876,66	1134,57
876,83	1208,30
876,99	1255,40
877,16	1206,25
877,32	1146,86
877,49	1153,01
877,66	1179,63
877,82	1126,38
877,99	1144,81
878,15	1189,87
878,32	1193,97
878,49	1255,40
878,65	1122,29
878,82	1204,21
878,98	1196,01
879,15	1177,58
879,32	1134,57
879,48	1179,63
879,65	1177,58
879,81	1146,86
879,98	1208,30
880,15	1171,44
880,31	1189,87
880,48	1247,21
880,64	1191,92
880,81	1181,68
880,97	1257,45
881,14	1118,19
881,31	1196,01
881,47	1214,45
881,64	1218,54
881,80	1165,29
881,97	1212,40
882,13	1165,29
882,30	1155,05
882,47	1212,40
882,63	1255,40
882,80	1189,87
882,96	1259,50
883,13	1167,34
883,29	1148,91
883,46	1138,67
883,62	1247,21
883,79	1206,25
883,95	1191,92
884,12	1224,69
884,29	1179,63
884,45	1198,06
884,62	1200,11
884,78	1171,44
884,95	1118,19
885,11	1245,16
885,28	1232,88
885,44	1187,82
885,61	1134,57
885,77	1286,12
885,94	1220,59
886,10	1169,39
886,27	1183,73
886,43	1191,92
886,60	1173,49
886,76	1206,25
886,93	1159,15
887,09	1161,20
887,26	1212,40
887,42	1191,92
887,59	1210,35
887,75	1183,73
887,92	1200,11
888,08	1116,14
888,25	1206,25
888,41	1206,25
888,58	1175,53
888,74	1161,20
888,91	1226,73
