177,47	1204,21
177,69	1204,21
177,91	1204,21
178,13	1134,57
178,36	1153,01
178,58	1247,21
178,80	1210,35
179,02	1169,39
179,24	1140,72
179,46	1191,92
179,68	1187,82
179,90	1198,06
180,13	1243,12
180,35	1146,86
180,57	1181,68
180,79	1216,49
181,01	1187,82
181,23	1234,93
181,45	1247,21
181,67	1193,97
181,90	1183,73
182,12	1243,12
182,34	1206,25
182,56	1159,15
182,78	1193,97
183,00	1159,15
183,22	1173,49
183,44	1173,49
183,66	1206,25
183,89	1218,54
184,11	1214,45
184,33	1239,02
184,55	1173,49
184,77	1163,25
184,99	1306,60
185,21	1208,30
185,43	1226,73
185,65	1224,69
185,87	1185,77
186,10	1146,86
186,32	1198,06
186,54	1126,38
186,76	1228,78
186,98	1191,92
187,20	1224,69
187,42	1208,30
187,64	1236,97
187,86	1183,73
188,08	1148,91
188,30	1290,22
188,52	1298,41
188,75	1210,35
188,97	1157,10
189,19	1169,39
189,41	1208,30
189,63	1165,29
189,85	1173,49
190,07	1232,88
190,29	1187,82
190,51	1183,73
190,73	1169,39
190,95	1214,45
191,17	1142,77
191,39	1146,86
191,61	1185,77
191,84	1187,82
192,06	1212,40
192,28	1153,01
192,50	1224,69
192,72	1163,25
192,94	1243,12
193,16	1249,26
193,38	1183,73
193,60	1206,25
193,82	1179,63
194,04	1124,33
194,26	1189,87
194,48	1212,40
194,70	1191,92
194,92	1241,07
195,14	1212,40
195,36	1220,59
195,58	1148,91
195,80	1216,49
196,02	1210,35
196,24	1140,72
196,46	1169,39
196,69	1198,06
196,91	1259,50
197,13	1230,83
197,35	1202,16
197,57	1202,16
197,79	1232,88
198,01	1185,77
198,23	1191,92
198,45	1175,53
198,67	1232,88
198,89	1210,35
199,11	1167,34
199,33	1144,81
199,55	1181,68
199,77	1220,59
199,99	1150,96
200,21	1150,96
200,43	1124,33
200,65	1200,11
200,87	1218,54
201,09	1202,16
201,31	1222,64
201,53	1222,64
201,75	1175,53
201,97	1175,53
202,19	1239,02
202,41	1200,11
202,63	1214,45
202,85	1177,58
203,07	1239,02
203,29	1204,21
203,51	1138,67
203,73	1175,53
203,95	1189,87
204,17	1214,45
204,39	1234,93
204,61	1144,81
204,83	1259,50
205,05	1134,57
205,27	1239,02
205,49	1179,63
205,71	1241,07
205,93	1224,69
206,15	1128,43
206,37	1224,69
206,59	1218,54
206,81	1173,49
207,03	1173,49
207,25	1249,26
207,47	1226,73
207,69	1228,78
207,91	1241,07
208,13	1189,87
208,34	1222,64
208,56	1200,11
208,78	1269,74
209,00	1198,06
209,22	1183,73
209,44	1189,87
209,66	1142,77
209,88	1245,16
210,10	1234,93
210,32	1138,67
210,54	1232,88
210,76	1193,97
210,98	1247,21
211,20	1247,21
211,42	1279,98
211,64	1140,72
211,86	1181,68
212,08	1107,95
212,30	1232,88
212,52	1202,16
212,74	1275,88
212,96	1179,63
213,17	1206,25
213,39	1122,29
213,61	1167,34
213,83	1191,92
214,05	1157,10
214,27	1206,25
214,49	1247,21
214,71	1230,83
214,93	1177,58
215,15	1210,35
215,37	1191,92
215,59	1189,87
215,81	1214,45
216,03	1230,83
216,24	1216,49
216,46	1232,88
216,68	1204,21
216,90	1187,82
217,12	1175,53
217,34	1255,40
217,56	1202,16
217,78	1157,10
218,00	1208,30
218,22	1241,07
218,44	1110,00
218,66	1173,49
218,87	1269,74
219,09	1085,42
219,31	1271,79
219,53	1200,11
219,75	1175,53
219,97	1130,48
220,19	1179,63
220,41	1294,32
220,63	1146,86
220,85	1228,78
221,06	1222,64
221,28	1234,93
221,50	1179,63
221,72	1177,58
221,94	1224,69
222,16	1243,12
222,38	1208,30
222,60	1255,40
222,82	1261,55
223,03	1150,96
223,25	1157,10
223,47	1140,72
223,69	1185,77
223,91	1153,01
224,13	1204,21
224,35	1220,59
224,57	1239,02
224,78	1157,10
225,00	1130,48
225,22	1241,07
225,44	1157,10
225,66	1214,45
225,88	1144,81
226,10	1161,20
226,32	1206,25
226,53	1187,82
226,75	1183,73
226,97	1169,39
227,19	1226,73
227,41	1220,59
227,63	1122,29
227,85	1173,49
228,06	1165,29
228,28	1198,06
228,50	1196,01
228,72	1216,49
228,94	1193,97
229,16	1099,76
229,37	1136,62
229,59	1232,88
229,81	1177,58
230,03	1185,77
230,25	1179,63
230,47	1185,77
230,69	1236,97
230,90	1148,91
231,12	1265,64
231,34	1198,06
231,56	1157,10
231,78	1177,58
232,00	1167,34
232,21	1136,62
232,43	1263,60
232,65	1155,05
232,87	1173,49
233,09	1196,01
233,30	1249,26
233,52	1159,15
233,74	1159,15
233,96	1208,30
234,18	1204,21
234,40	1228,78
234,61	1292,27
234,83	1208,30
235,05	1191,92
235,27	1232,88
235,49	1224,69
235,70	1163,25
235,92	1157,10
236,14	1282,03
236,36	1232,88
236,58	1183,73
236,79	1157,10
237,01	1245,16
237,23	1222,64
237,45	1212,40
237,67	1196,01
237,88	1183,73
238,10	1261,55
238,32	1173,49
238,54	1269,74
238,76	1220,59
238,97	1232,88
239,19	1153,01
239,41	1163,25
239,63	1206,25
239,85	1189,87
240,06	1206,25
240,28	1200,11
240,50	1243,12
240,72	1220,59
240,93	1224,69
241,15	1222,64
241,37	1228,78
241,59	1265,64
241,81	1169,39
242,02	1243,12
242,24	1208,30
242,46	1224,69
242,68	1167,34
242,89	1230,83
243,11	1200,11
243,33	1214,45
243,55	1214,45
243,76	1179,63
243,98	1120,24
244,20	1185,77
244,42	1187,82
244,64	1159,15
244,85	1189,87
245,07	1200,11
245,29	1122,29
245,51	1245,16
245,72	1173,49
245,94	1193,97
246,16	1150,96
246,38	1175,53
246,59	1284,08
246,81	1193,97
247,03	1228,78
247,24	1204,21
247,46	1165,29
247,68	1169,39
247,90	1128,43
248,11	1239,02
248,33	1210,35
248,55	1175,53
248,77	1183,73
248,98	1183,73
249,20	1177,58
249,42	1216,49
249,64	1239,02
249,85	1187,82
250,07	1265,64
250,29	1157,10
250,50	1204,21
250,72	1232,88
250,94	1241,07
251,16	1171,44
251,37	1220,59
251,59	1179,63
251,81	1169,39
252,02	1101,81
252,24	1206,25
252,46	1249,26
252,68	1126,38
252,89	1273,84
253,11	1134,57
253,33	1247,21
253,54	1175,53
253,76	1191,92
253,98	1175,53
254,20	1185,77
254,41	1247,21
254,63	1263,60
254,85	1251,31
255,06	1189,87
255,28	1165,29
255,50	1189,87
255,71	1204,21
255,93	1200,11
256,15	1222,64
256,36	1216,49
256,58	1202,16
256,80	1224,69
257,02	1153,01
257,23	1220,59
257,45	1196,01
257,67	1161,20
257,88	1214,45
258,10	1163,25
258,32	1185,77
258,53	1218,54
258,75	1212,40
258,97	1206,25
259,18	1191,92
259,40	1206,25
259,62	1239,02
259,83	1183,73
260,05	1224,69
260,27	1228,78
260,48	1191,92
260,70	1177,58
260,92	1200,11
261,13	1265,64
261,35	1212,40
261,57	1200,11
261,78	1198,06
262,00	1249,26
262,22	1216,49
262,43	1222,64
262,65	1189,87
262,86	1222,64
263,08	1212,40
263,30	1232,88
263,51	1189,87
263,73	1196,01
263,95	1224,69
264,16	1169,39
264,38	1257,45
264,60	1167,34
264,81	1216,49
265,03	1241,07
265,25	1214,45
265,46	1153,01
265,68	1249,26
265,89	1255,40
266,11	1159,15
266,33	1277,93
266,54	1282,03
266,76	1230,83
266,98	1255,40
267,19	1189,87
267,41	1222,64
267,62	1155,05
267,84	1150,96
268,06	1107,95
268,27	1138,67
268,49	1241,07
268,70	1185,77
268,92	1191,92
269,14	1208,30
269,35	1206,25
269,57	1187,82
269,79	1239,02
270,00	1181,68
270,22	1251,31
270,43	1103,86
270,65	1234,93
270,87	1157,10
271,08	1214,45
271,30	1189,87
271,51	1265,64
271,73	1202,16
271,95	1255,40
272,16	1183,73
272,38	1167,34
272,59	1204,21
272,81	1241,07
273,02	1220,59
273,24	1148,91
273,46	1167,34
273,67	1126,38
273,89	1116,14
274,10	1212,40
274,32	1179,63
274,54	1212,40
274,75	1218,54
274,97	1187,82
275,18	1183,73
275,40	1271,79
275,61	1179,63
275,83	1206,25
276,05	1183,73
276,26	1253,36
276,48	1239,02
276,69	1236,97
276,91	1144,81
277,12	1196,01
277,34	1140,72
277,55	1220,59
277,77	1200,11
277,99	1136,62
278,20	1222,64
278,42	1183,73
278,63	1218,54
278,85	1204,21
279,06	1167,34
279,28	1169,39
279,49	1230,83
279,71	1206,25
279,93	1220,59
280,14	1191,92
280,36	1185,77
280,57	1224,69
280,79	1120,24
281,00	1226,73
281,22	1163,25
281,43	1220,59
281,65	1169,39
281,86	1261,55
282,08	1208,30
282,29	1165,29
282,51	1163,25
282,73	1173,49
282,94	1224,69
283,16	1204,21
283,37	1179,63
283,59	1245,16
283,80	1200,11
284,02	1183,73
284,23	1196,01
284,45	1189,87
284,66	1286,12
284,88	1198,06
285,09	1232,88
285,31	1153,01
285,52	1159,15
285,74	1128,43
285,95	1247,21
286,17	1171,44
286,38	1200,11
286,60	1140,72
286,81	1140,72
287,03	1216,49
287,24	1214,45
287,46	1189,87
287,67	1171,44
287,89	1228,78
288,10	1185,77
288,32	1239,02
288,53	1216,49
288,75	1155,05
288,96	1200,11
289,18	1173,49
289,39	1212,40
289,61	1263,60
289,82	1202,16
290,04	1234,93
290,25	1167,34
290,47	1161,20
290,68	1175,53
290,90	1249,26
291,11	1214,45
291,33	1140,72
291,54	1257,45
291,76	1120,24
291,97	1245,16
292,18	1226,73
292,40	1220,59
292,61	1200,11
292,83	1265,64
293,04	1228,78
293,26	1220,59
293,47	1196,01
293,69	1181,68
293,90	1216,49
294,12	1157,10
294,33	1144,81
294,55	1247,21
294,76	1273,84
294,97	1198,06
295,19	1150,96
295,40	1277,93
295,62	1222,64
295,83	1232,88
296,05	1187,82
296,26	1212,40
296,48	1171,44
296,69	1196,01
296,90	1173,49
297,12	1247,21
297,33	1230,83
297,55	1130,48
297,76	1212,40
297,98	1208,30
298,19	1241,07
298,41	1222,64
298,62	1247,21
298,83	1153,01
299,05	1181,68
299,26	1222,64
299,48	1218,54
299,69	1165,29
299,90	1259,50
300,12	1226,73
300,33	1224,69
300,55	1130,48
300,76	1232,88
300,98	1230,83
301,19	1183,73
301,40	1150,96
301,62	1198,06
301,83	1265,64
302,05	1171,44
302,26	1228,78
302,47	1282,03
302,69	1189,87
302,90	1253,36
303,12	1097,71
303,33	1124,33
303,54	1159,15
303,76	1236,97
303,97	1191,92
304,19	1185,77
304,40	1167,34
304,61	1114,10
304,83	1132,53
305,04	1173,49
305,26	1183,73
305,47	1241,07
305,68	1150,96
305,90	1228,78
306,11	1185,77
306,33	1196,01
306,54	1130,48
306,75	1185,77
306,97	1144,81
307,18	1134,57
307,39	1202,16
307,61	1220,59
307,82	1183,73
308,04	1175,53
308,25	1265,64
308,46	1214,45
308,68	1200,11
308,89	1263,60
309,10	1181,68
309,32	1097,71
309,53	1236,97
309,74	1163,25
309,96	1208,30
310,17	1216,49
310,39	1247,21
310,60	1239,02
310,81	1191,92
311,03	1226,73
311,24	1204,21
311,45	1191,92
311,67	1206,25
311,88	1214,45
312,09	1282,03
312,31	1232,88
312,52	1232,88
312,73	1247,21
312,95	1150,96
313,16	1222,64
313,37	1224,69
313,59	1140,72
313,80	1183,73
314,01	1239,02
314,23	1177,58
314,44	1191,92
314,65	1224,69
314,87	1212,40
315,08	1167,34
315,29	1150,96
315,51	1269,74
315,72	1134,57
315,93	1230,83
316,15	1261,55
316,36	1214,45
316,57	1314,80
316,79	1163,25
317,00	1171,44
317,21	1204,21
317,43	1282,03
317,64	1249,26
317,85	1273,84
318,07	1124,33
318,28	1189,87
318,49	1173,49
318,70	1212,40
318,92	1153,01
319,13	1275,88
319,34	1185,77
319,56	1140,72
319,77	1148,91
319,98	1239,02
320,20	1247,21
320,41	1218,54
320,62	1144,81
320,83	1249,26
321,05	1208,30
321,26	1163,25
321,47	1263,60
321,69	1173,49
321,90	1239,02
322,11	1253,36
322,32	1161,20
322,54	1265,64
322,75	1148,91
322,96	1175,53
323,18	1177,58
323,39	1226,73
323,60	1132,53
323,81	1163,25
324,03	1218,54
324,24	1169,39
324,45	1165,29
324,66	1202,16
324,88	1175,53
325,09	1234,93
325,30	1259,50
325,52	1253,36
325,73	1236,97
325,94	1155,05
326,15	1122,29
326,37	1179,63
326,58	1214,45
326,79	1249,26
327,00	1177,58
327,22	1175,53
327,43	1128,43
327,64	1167,34
327,85	1142,77
328,07	1191,92
328,28	1200,11
328,49	1187,82
328,70	1189,87
328,92	1191,92
329,13	1220,59
329,34	1142,77
329,55	1218,54
329,76	1214,45
329,98	1273,84
330,19	1163,25
330,40	1251,31
330,61	1241,07
330,83	1179,63
331,04	1200,11
331,25	1181,68
331,46	1163,25
331,68	1169,39
331,89	1265,64
332,10	1249,26
332,31	1159,15
332,52	1157,10
332,74	1232,88
332,95	1275,88
333,16	1087,47
333,37	1208,30
333,58	1267,69
333,80	1191,92
334,01	1185,77
334,22	1228,78
334,43	1220,59
334,64	1140,72
334,86	1222,64
335,07	1169,39
335,28	1175,53
335,49	1153,01
335,70	1191,92
335,92	1177,58
336,13	1214,45
336,34	1263,60
336,55	1208,30
336,76	1239,02
336,98	1144,81
337,19	1212,40
337,40	1165,29
337,61	1222,64
337,82	1173,49
338,04	1259,50
338,25	1171,44
338,46	1212,40
338,67	1210,35
338,88	1222,64
339,09	1208,30
339,31	1167,34
339,52	1140,72
339,73	1232,88
339,94	1189,87
340,15	1165,29
340,36	1204,21
340,58	1136,62
340,79	1153,01
341,00	1171,44
341,21	1208,30
341,42	1216,49
341,63	1212,40
341,85	1214,45
342,06	1138,67
342,27	1089,52
342,48	1220,59
342,69	1159,15
342,90	1220,59
343,12	1161,20
343,33	1204,21
343,54	1228,78
343,75	1269,74
343,96	1200,11
344,17	1228,78
344,38	1202,16
344,60	1218,54
344,81	1173,49
345,02	1200,11
345,23	1220,59
345,44	1191,92
345,65	1181,68
345,86	1167,34
346,07	1191,92
346,29	1200,11
346,50	1224,69
346,71	1140,72
346,92	1183,73
347,13	1204,21
347,34	1212,40
347,55	1249,26
347,76	1173,49
347,98	1191,92
348,19	1081,33
348,40	1187,82
348,61	1163,25
348,82	1175,53
349,03	1282,03
349,24	1241,07
349,45	1263,60
349,66	1234,93
349,88	1214,45
350,09	1232,88
350,30	1191,92
350,51	1220,59
350,72	1196,01
350,93	1224,69
351,14	1243,12
351,35	1120,24
351,56	1206,25
351,77	1236,97
351,99	1185,77
352,20	1243,12
352,41	1189,87
352,62	1210,35
352,83	1222,64
353,04	1226,73
353,25	1177,58
353,46	1208,30
353,67	1122,29
353,88	1155,05
354,09	1220,59
354,30	1095,66
354,52	1163,25
354,73	1150,96
354,94	1157,10
355,15	1150,96
355,36	1196,01
355,57	1243,12
355,78	1181,68
355,99	1214,45
356,20	1198,06
356,41	1202,16
356,62	1220,59
356,83	1239,02
357,04	1202,16
357,25	1157,10
357,46	1056,75
357,68	1183,73
357,89	1224,69
358,10	1171,44
358,31	1171,44
358,52	1249,26
358,73	1239,02
358,94	1142,77
359,15	1148,91
359,36	1153,01
359,57	1165,29
359,78	1206,25
359,99	1198,06
360,20	1234,93
360,41	1286,12
360,62	1222,64
360,83	1222,64
361,04	1134,57
361,25	1153,01
361,46	1204,21
361,67	1069,04
361,88	1130,48
362,09	1198,06
362,30	1245,16
362,51	1234,93
362,72	1249,26
362,93	1191,92
363,14	1212,40
363,35	1230,83
363,56	1163,25
363,78	1196,01
363,99	1150,96
364,20	1214,45
364,41	1232,88
364,62	1265,64
364,83	1175,53
365,04	1193,97
365,25	1210,35
365,46	1187,82
365,67	1142,77
365,88	1208,30
366,09	1196,01
366,30	1257,45
366,51	1150,96
366,72	1167,34
366,93	1259,50
367,14	1196,01
367,35	1222,64
367,56	1204,21
367,77	1177,58
367,98	1208,30
368,18	1241,07
368,39	1179,63
368,60	1181,68
368,81	1230,83
369,02	1189,87
369,23	1200,11
369,44	1255,40
369,65	1245,16
369,86	1263,60
370,07	1179,63
370,28	1183,73
370,49	1218,54
370,70	1247,21
370,91	1220,59
371,12	1175,53
371,33	1175,53
371,54	1255,40
371,75	1253,36
371,96	1140,72
372,17	1218,54
372,38	1226,73
372,59	1204,21
372,80	1220,59
373,01	1210,35
373,22	1153,01
373,43	1206,25
373,64	1157,10
373,85	1228,78
374,06	1245,16
374,26	1228,78
374,47	1191,92
374,68	1243,12
374,89	1232,88
375,10	1179,63
375,31	1210,35
375,52	1277,93
375,73	1183,73
375,94	1212,40
376,15	1249,26
376,36	1200,11
376,57	1191,92
376,78	1146,86
376,99	1214,45
377,20	1103,86
377,40	1189,87
377,61	1234,93
377,82	1153,01
378,03	1124,33
378,24	1222,64
378,45	1232,88
378,66	1175,53
378,87	1140,72
379,08	1243,12
379,29	1232,88
379,50	1232,88
379,71	1318,89
379,91	1241,07
380,12	1232,88
380,33	1193,97
380,54	1175,53
380,75	1181,68
380,96	1239,02
381,17	1175,53
381,38	1208,30
381,59	1202,16
381,80	1210,35
382,00	1150,96
382,21	1208,30
382,42	1146,86
382,63	1189,87
382,84	1183,73
383,05	1187,82
383,26	1150,96
383,47	1216,49
383,68	1208,30
383,88	1198,06
384,09	1247,21
384,30	1173,49
384,51	1179,63
384,72	1146,86
384,93	1118,19
385,14	1257,45
385,35	1218,54
385,55	1148,91
385,76	1245,16
385,97	1214,45
386,18	1134,57
386,39	1261,55
386,60	1208,30
386,81	1191,92
387,02	1132,53
387,22	1245,16
387,43	1263,60
387,64	1163,25
387,85	1198,06
388,06	1204,21
388,27	1191,92
388,48	1167,34
388,68	1257,45
388,89	1261,55
389,10	1261,55
389,31	1255,40
389,52	1222,64
389,73	1247,21
389,93	1218,54
390,14	1167,34
390,35	1163,25
390,56	1243,12
390,77	1165,29
390,98	1243,12
391,18	1155,05
391,39	1187,82
391,60	1173,49
391,81	1187,82
392,02	1183,73
392,23	1200,11
392,43	1222,64
392,64	1224,69
392,85	1198,06
393,06	1273,84
393,27	1279,98
393,47	1153,01
393,68	1249,26
393,89	1155,05
394,10	1191,92
394,31	1136,62
394,52	1216,49
394,72	1140,72
394,93	1206,25
395,14	1181,68
395,35	1183,73
395,56	1210,35
395,76	1200,11
395,97	1144,81
396,18	1116,14
396,39	1157,10
396,60	1132,53
396,80	1212,40
397,01	1155,05
397,22	1294,32
397,43	1200,11
397,64	1193,97
397,84	1208,30
398,05	1214,45
398,26	1218,54
398,47	1130,48
398,67	1204,21
398,88	1140,72
399,09	1187,82
399,30	1269,74
399,51	1196,01
399,71	1198,06
399,92	1294,32
400,13	1150,96
400,34	1216,49
400,54	1118,19
400,75	1228,78
400,96	1181,68
401,17	1187,82
401,37	1101,81
401,58	1226,73
401,79	1228,78
402,00	1277,93
402,21	1181,68
402,41	1169,39
402,62	1171,44
402,83	1150,96
403,04	1216,49
403,24	1236,97
403,45	1136,62
403,66	1259,50
403,87	1187,82
404,07	1179,63
404,28	1161,20
404,49	1163,25
404,70	1191,92
404,90	1167,34
405,11	1247,21
405,32	1179,63
405,52	1167,34
405,73	1210,35
405,94	1220,59
406,15	1277,93
406,35	1181,68
406,56	1253,36
406,77	1204,21
406,98	1230,83
407,18	1191,92
407,39	1218,54
407,60	1167,34
407,80	1183,73
408,01	1130,48
408,22	1265,64
408,43	1193,97
408,63	1191,92
408,84	1187,82
409,05	1150,96
409,25	1198,06
409,46	1230,83
409,67	1175,53
409,88	1232,88
410,08	1210,35
410,29	1185,77
410,50	1228,78
410,70	1292,27
410,91	1167,34
411,12	1179,63
411,32	1189,87
411,53	1193,97
411,74	1239,02
411,95	1220,59
412,15	1167,34
412,36	1181,68
412,57	1103,86
412,77	1153,01
412,98	1245,16
413,19	1236,97
413,39	1220,59
413,60	1232,88
413,81	1253,36
414,01	1167,34
414,22	1132,53
414,43	1239,02
414,63	1228,78
414,84	1263,60
415,05	1167,34
415,25	1200,11
415,46	1183,73
415,67	1269,74
415,87	1202,16
416,08	1241,07
416,29	1232,88
416,49	1284,08
416,70	1206,25
416,91	1206,25
417,11	1232,88
417,32	1191,92
417,53	1189,87
417,73	1181,68
417,94	1251,31
418,15	1212,40
418,35	1132,53
418,56	1214,45
418,77	1144,81
418,97	1216,49
419,18	1224,69
419,38	1181,68
419,59	1181,68
419,80	1222,64
420,00	1243,12
420,21	1183,73
420,42	1196,01
420,62	1144,81
420,83	1134,57
421,04	1232,88
421,24	1167,34
421,45	1224,69
421,65	1169,39
421,86	1138,67
422,07	1212,40
422,27	1206,25
422,48	1187,82
422,69	1132,53
422,89	1189,87
423,10	1241,07
423,30	1159,15
423,51	1255,40
423,72	1165,29
423,92	1181,68
424,13	1226,73
424,33	1265,64
424,54	1249,26
424,75	1193,97
424,95	1169,39
425,16	1214,45
425,36	1241,07
425,57	1161,20
425,78	1132,53
425,98	1202,16
426,19	1142,77
426,39	1179,63
426,60	1200,11
426,81	1245,16
427,01	1114,10
427,22	1200,11
427,42	1196,01
427,63	1134,57
427,83	1243,12
428,04	1239,02
428,25	1210,35
428,45	1204,21
428,66	1165,29
428,86	1159,15
429,07	1243,12
429,28	1218,54
429,48	1212,40
429,69	1202,16
429,89	1183,73
430,10	1161,20
430,30	1185,77
430,51	1232,88
430,71	1153,01
430,92	1230,83
431,13	1234,93
431,33	1245,16
431,54	1138,67
431,74	1144,81
431,95	1216,49
432,15	1175,53
432,36	1179,63
432,56	1290,22
432,77	1212,40
432,98	1191,92
433,18	1175,53
433,39	1187,82
433,59	1222,64
433,80	1255,40
434,00	1277,93
434,21	1261,55
434,41	1241,07
434,62	1193,97
434,82	1282,03
435,03	1214,45
435,23	1245,16
435,44	1202,16
435,64	1204,21
435,85	1230,83
436,06	1241,07
436,26	1296,36
436,47	1189,87
436,67	1267,69
436,88	1177,58
437,08	1208,30
437,29	1239,02
437,49	1232,88
437,70	1249,26
437,90	1185,77
438,11	1167,34
438,31	1191,92
438,52	1187,82
438,72	1214,45
438,93	1226,73
439,13	1251,31
439,34	1228,78
439,54	1245,16
439,75	1220,59
439,95	1214,45
440,16	1179,63
440,36	1155,05
440,57	1193,97
440,77	1261,55
440,98	1177,58
441,18	1167,34
441,39	1142,77
441,59	1210,35
441,80	1202,16
442,00	1222,64
442,21	1187,82
442,41	1226,73
442,62	1175,53
442,82	1202,16
443,02	1214,45
443,23	1193,97
443,43	1146,86
443,64	1173,49
443,84	1220,59
444,05	1286,12
444,25	1167,34
444,46	1275,88
444,66	1153,01
444,87	1206,25
445,07	1239,02
445,28	1204,21
445,48	1169,39
445,69	1216,49
445,89	1224,69
446,09	1236,97
446,30	1202,16
446,50	1171,44
446,71	1222,64
446,91	1216,49
447,12	1159,15
447,32	1236,97
447,53	1236,97
447,73	1146,86
447,93	1189,87
448,14	1216,49
448,34	1159,15
448,55	1181,68
448,75	1189,87
448,96	1163,25
449,16	1234,93
449,36	1239,02
449,57	1175,53
449,77	1148,91
449,98	1228,78
450,18	1173,49
450,39	1181,68
450,59	1216,49
450,79	1159,15
451,00	1198,06
451,20	1232,88
451,41	1204,21
451,61	1261,55
451,81	1206,25
452,02	1216,49
452,22	1165,29
452,43	1255,40
452,63	1198,06
452,84	1269,74
453,04	1181,68
453,24	1220,59
453,45	1148,91
453,65	1234,93
453,86	1200,11
454,06	1175,53
454,26	1257,45
454,47	1181,68
454,67	1167,34
454,87	1243,12
455,08	1126,38
455,28	1226,73
455,49	1210,35
455,69	1224,69
455,89	1202,16
456,10	1150,96
456,30	1222,64
456,51	1204,21
456,71	1200,11
456,91	1202,16
457,12	1296,36
457,32	1122,29
457,52	1181,68
457,73	1202,16
457,93	1230,83
458,14	1247,21
458,34	1206,25
458,54	1212,40
458,75	1198,06
458,95	1216,49
459,15	1212,40
459,36	1232,88
459,56	1140,72
459,76	1236,97
459,97	1249,26
460,17	1200,11
460,37	1247,21
460,58	1181,68
460,78	1243,12
460,99	1198,06
461,19	1269,74
461,39	1222,64
461,60	1204,21
461,80	1118,19
462,00	1171,44
462,21	1148,91
462,41	1187,82
462,61	1187,82
462,82	1163,25
463,02	1163,25
463,22	1234,93
463,43	1150,96
463,63	1204,21
463,83	1236,97
464,04	1155,05
464,24	1206,25
464,44	1189,87
464,64	1191,92
464,85	1163,25
465,05	1245,16
465,25	1179,63
465,46	1181,68
465,66	1220,59
465,86	1177,58
466,07	1214,45
466,27	1234,93
466,47	1234,93
466,68	1171,44
466,88	1206,25
467,08	1226,73
467,29	1239,02
467,49	1251,31
467,69	1196,01
467,89	1218,54
468,10	1214,45
468,30	1204,21
468,50	1306,60
468,71	1290,22
468,91	1259,50
469,11	1150,96
469,31	1200,11
469,52	1228,78
469,72	1173,49
469,92	1241,07
470,13	1206,25
470,33	1279,98
470,53	1228,78
470,73	1177,58
470,94	1241,07
471,14	1261,55
471,34	1118,19
471,54	1214,45
471,75	1169,39
471,95	1126,38
472,15	1187,82
472,36	1169,39
472,56	1138,67
472,76	1132,53
472,96	1253,36
473,17	1249,26
473,37	1161,20
473,57	1204,21
473,77	1165,29
473,98	1257,45
474,18	1179,63
474,38	1310,70
474,58	1181,68
474,79	1224,69
474,99	1144,81
475,19	1202,16
475,39	1200,11
475,60	1155,05
475,80	1198,06
476,00	1167,34
476,20	1212,40
476,41	1204,21
476,61	1243,12
476,81	1218,54
477,01	1218,54
477,21	1200,11
477,42	1236,97
477,62	1191,92
477,82	1232,88
478,02	1269,74
478,23	1193,97
478,43	1239,02
478,63	1175,53
478,83	1247,21
479,03	1157,10
479,24	1206,25
479,44	1208,30
479,64	1191,92
479,84	1189,87
480,04	1095,66
480,25	1193,97
480,45	1189,87
480,65	1269,74
480,85	1220,59
481,06	1157,10
481,26	1234,93
481,46	1173,49
481,66	1181,68
481,86	1202,16
482,06	1155,05
482,27	1193,97
482,47	1249,26
482,67	1228,78
482,87	1222,64
483,07	1216,49
483,28	1155,05
483,48	1079,28
483,68	1167,34
483,88	1130,48
484,08	1255,40
484,29	1169,39
484,49	1189,87
484,69	1224,69
484,89	1150,96
485,09	1218,54
485,29	1222,64
485,50	1202,16
485,70	1210,35
485,90	1204,21
486,10	1243,12
486,30	1228,78
486,50	1171,44
486,71	1245,16
486,91	1122,29
487,11	1249,26
487,31	1226,73
487,51	1222,64
487,71	1171,44
487,91	1226,73
488,12	1196,01
488,32	1206,25
488,52	1175,53
488,72	1142,77
488,92	1134,57
489,12	1239,02
489,32	1253,36
489,53	1185,77
489,73	1196,01
489,93	1183,73
490,13	1173,49
490,33	1159,15
490,53	1116,14
490,73	1191,92
490,94	1241,07
491,14	1189,87
491,34	1251,31
491,54	1136,62
491,74	1130,48
491,94	1153,01
492,14	1144,81
492,34	1200,11
492,54	1249,26
492,75	1234,93
492,95	1161,20
493,15	1159,15
493,35	1153,01
493,55	1175,53
493,75	1183,73
493,95	1138,67
494,15	1179,63
494,35	1226,73
494,56	1210,35
494,76	1200,11
494,96	1171,44
495,16	1165,29
495,36	1214,45
495,56	1181,68
495,76	1150,96
495,96	1159,15
496,16	1157,10
496,36	1187,82
496,56	1181,68
496,77	1181,68
496,97	1153,01
497,17	1220,59
497,37	1277,93
497,57	1132,53
497,77	1228,78
497,97	1165,29
498,17	1216,49
498,37	1185,77
498,57	1181,68
498,77	1222,64
498,97	1183,73
499,17	1255,40
499,38	1171,44
499,58	1187,82
499,78	1167,34
499,98	1189,87
500,18	1202,16
500,38	1196,01
500,58	1150,96
500,78	1159,15
500,98	1232,88
501,18	1230,83
501,38	1241,07
501,58	1191,92
501,78	1183,73
501,98	1263,60
502,18	1177,58
502,38	1175,53
502,58	1218,54
502,78	1196,01
502,98	1142,77
503,18	1204,21
503,38	1224,69
503,59	1224,69
503,79	1187,82
503,99	1191,92
504,19	1107,95
504,39	1204,21
504,59	1251,31
504,79	1224,69
504,99	1198,06
505,19	1257,45
505,39	1191,92
505,59	1181,68
505,79	1179,63
505,99	1247,21
506,19	1191,92
506,39	1216,49
506,59	1216,49
506,79	1216,49
506,99	1191,92
507,19	1282,03
507,39	1191,92
507,59	1155,05
507,79	1198,06
507,99	1191,92
508,19	1200,11
508,39	1183,73
508,59	1177,58
508,79	1163,25
508,99	1216,49
509,19	1142,77
509,39	1200,11
509,59	1257,45
509,79	1228,78
509,99	1173,49
510,19	1171,44
510,39	1161,20
510,59	1189,87
510,79	1196,01
510,99	1183,73
511,19	1126,38
511,39	1204,21
511,59	1159,15
511,79	1232,88
511,99	1208,30
512,19	1198,06
512,38	1265,64
512,58	1157,10
512,78	1210,35
512,98	1200,11
513,18	1204,21
513,38	1216,49
513,58	1185,77
513,78	1196,01
513,98	1138,67
514,18	1196,01
514,38	1230,83
514,58	1097,71
514,78	1243,12
514,98	1212,40
515,18	1241,07
515,38	1196,01
515,58	1202,16
515,78	1300,46
515,98	1181,68
516,18	1257,45
516,38	1212,40
516,57	1167,34
516,77	1228,78
516,97	1159,15
517,17	1200,11
517,37	1193,97
517,57	1218,54
517,77	1302,51
517,97	1226,73
518,17	1224,69
518,37	1177,58
518,57	1202,16
518,77	1189,87
518,97	1181,68
519,16	1249,26
519,36	1196,01
519,56	1169,39
519,76	1236,97
519,96	1114,10
520,16	1159,15
520,36	1253,36
520,56	1241,07
520,76	1218,54
520,96	1144,81
521,16	1232,88
521,35	1136,62
521,55	1261,55
521,75	1200,11
521,95	1236,97
522,15	1173,49
522,35	1206,25
522,55	1208,30
522,75	1200,11
522,95	1239,02
523,14	1202,16
523,34	1181,68
523,54	1177,58
523,74	1179,63
523,94	1216,49
524,14	1241,07
524,34	1273,84
524,54	1282,03
524,73	1202,16
524,93	1177,58
525,13	1126,38
525,33	1150,96
525,53	1200,11
525,73	1126,38
525,93	1183,73
526,13	1142,77
526,32	1150,96
526,52	1228,78
526,72	1230,83
526,92	1179,63
527,12	1222,64
527,32	1175,53
527,52	1185,77
527,71	1196,01
527,91	1163,25
528,11	1259,50
528,31	1191,92
528,51	1167,34
528,71	1257,45
528,90	1173,49
529,10	1169,39
529,30	1198,06
529,50	1247,21
529,70	1179,63
529,90	1247,21
530,09	1218,54
530,29	1204,21
530,49	1196,01
530,69	1286,12
530,89	1202,16
531,09	1263,60
531,28	1167,34
531,48	1214,45
531,68	1177,58
531,88	1208,30
532,08	1212,40
532,28	1138,67
532,47	1216,49
532,67	1216,49
532,87	1255,40
533,07	1230,83
533,27	1290,22
533,46	1212,40
533,66	1165,29
533,86	1249,26
534,06	1196,01
534,26	1175,53
534,45	1185,77
534,65	1169,39
534,85	1234,93
535,05	1191,92
535,25	1234,93
535,44	1269,74
535,64	1146,86
535,84	1198,06
536,04	1155,05
536,24	1191,92
536,43	1144,81
536,63	1239,02
536,83	1177,58
537,03	1157,10
537,22	1163,25
537,42	1273,84
537,62	1165,29
537,82	1138,67
538,02	1105,90
538,21	1265,64
538,41	1241,07
538,61	1220,59
538,81	1212,40
539,00	1222,64
539,20	1204,21
539,40	1220,59
539,60	1265,64
539,79	1169,39
539,99	1236,97
540,19	1177,58
540,39	1220,59
540,58	1245,16
540,78	1210,35
540,98	1191,92
541,18	1169,39
541,37	1185,77
541,57	1222,64
541,77	1179,63
541,97	1232,88
542,16	1226,73
542,36	1214,45
542,56	1247,21
542,76	1314,80
542,95	1228,78
543,15	1228,78
543,35	1191,92
543,54	1155,05
543,74	1196,01
543,94	1161,20
544,14	1212,40
544,33	1173,49
544,53	1208,30
544,73	1165,29
544,93	1146,86
545,12	1230,83
545,32	1191,92
545,52	1212,40
545,71	1204,21
545,91	1161,20
546,11	1189,87
546,30	1169,39
546,50	1150,96
546,70	1255,40
546,90	1216,49
547,09	1208,30
547,29	1167,34
547,49	1169,39
547,68	1212,40
547,88	1200,11
548,08	1206,25
548,27	1167,34
548,47	1181,68
548,67	1206,25
548,87	1210,35
549,06	1228,78
549,26	1165,29
549,46	1212,40
549,65	1175,53
549,85	1185,77
550,05	1218,54
550,24	1175,53
550,44	1157,10
550,64	1222,64
550,83	1114,10
551,03	1161,20
551,23	1157,10
551,42	1261,55
551,62	1216,49
551,82	1153,01
552,01	1183,73
552,21	1243,12
552,41	1218,54
552,60	1226,73
552,80	1193,97
553,00	1124,33
553,19	1183,73
553,39	1198,06
553,59	1206,25
553,78	1218,54
553,98	1206,25
554,17	1191,92
554,37	1216,49
554,57	1173,49
554,76	1187,82
554,96	1204,21
555,16	1230,83
555,35	1228,78
555,55	1218,54
555,75	1257,45
555,94	1261,55
556,14	1136,62
556,33	1232,88
556,53	1206,25
556,73	1159,15
556,92	1230,83
557,12	1169,39
557,32	1187,82
557,51	1226,73
557,71	1169,39
557,90	1273,84
558,10	1169,39
558,30	1249,26
558,49	1118,19
558,69	1183,73
558,88	1191,92
559,08	1183,73
559,28	1202,16
559,47	1148,91
559,67	1146,86
559,86	1183,73
560,06	1191,92
560,26	1214,45
560,45	1251,31
560,65	1181,68
560,84	1200,11
561,04	1189,87
561,24	1234,93
561,43	1220,59
561,63	1239,02
561,82	1269,74
562,02	1163,25
562,22	1216,49
562,41	1230,83
562,61	1171,44
562,80	1179,63
563,00	1175,53
563,19	1261,55
563,39	1173,49
563,59	1077,23
563,78	1185,77
563,98	1171,44
564,17	1181,68
564,37	1173,49
564,56	1247,21
564,76	1159,15
564,96	1173,49
565,15	1214,45
565,35	1187,82
565,54	1177,58
565,74	1185,77
565,93	1181,68
566,13	1222,64
566,32	1220,59
566,52	1148,91
566,71	1226,73
566,91	1214,45
567,11	1204,21
567,30	1232,88
567,50	1216,49
567,69	1159,15
567,89	1198,06
568,08	1175,53
568,28	1257,45
568,47	1187,82
568,67	1191,92
568,86	1140,72
569,06	1157,10
569,25	1183,73
569,45	1220,59
569,64	1210,35
569,84	1208,30
570,04	1148,91
570,23	1204,21
570,43	1212,40
570,62	1159,15
570,82	1236,97
571,01	1150,96
571,21	1171,44
571,40	1200,11
571,60	1249,26
571,79	1155,05
571,99	1212,40
572,18	1214,45
572,38	1218,54
572,57	1110,00
572,77	1167,34
572,96	1206,25
573,16	1273,84
573,35	1183,73
573,55	1187,82
573,74	1138,67
573,94	1138,67
574,13	1179,63
574,33	1208,30
574,52	1243,12
574,71	1173,49
574,91	1191,92
575,10	1177,58
575,30	1187,82
575,49	1171,44
575,69	1132,53
575,88	1261,55
576,08	1148,91
576,27	1191,92
576,47	1226,73
576,66	1216,49
576,86	1159,15
577,05	1208,30
577,25	1214,45
577,44	1218,54
577,64	1107,95
577,83	1220,59
578,02	1183,73
578,22	1212,40
578,41	1222,64
578,61	1202,16
578,80	1165,29
579,00	1183,73
579,19	1200,11
579,39	1228,78
579,58	1263,60
579,77	1189,87
579,97	1206,25
580,16	1165,29
580,36	1167,34
580,55	1173,49
580,75	1202,16
580,94	1259,50
581,13	1157,10
581,33	1189,87
581,52	1198,06
581,72	1236,97
581,91	1148,91
582,11	1173,49
582,30	1085,42
582,49	1232,88
582,69	1200,11
582,88	1148,91
583,08	1234,93
583,27	1214,45
583,47	1124,33
583,66	1222,64
583,85	1230,83
584,05	1159,15
584,24	1218,54
584,44	1155,05
584,63	1230,83
584,82	1214,45
585,02	1189,87
585,21	1228,78
585,41	1198,06
585,60	1216,49
585,79	1204,21
585,99	1089,52
586,18	1165,29
586,37	1212,40
586,57	1247,21
586,76	1163,25
586,96	1200,11
587,15	1228,78
587,34	1226,73
587,54	1150,96
587,73	1241,07
587,93	1239,02
588,12	1153,01
588,31	1232,88
588,51	1150,96
588,70	1183,73
588,89	1177,58
589,09	1222,64
589,28	1163,25
589,47	1171,44
589,67	1142,77
589,86	1241,07
590,06	1157,10
590,25	1189,87
590,44	1224,69
590,64	1222,64
590,83	1189,87
591,02	1177,58
591,22	1181,68
591,41	1202,16
591,60	1214,45
591,80	1198,06
591,99	1204,21
592,18	1181,68
592,38	1159,15
592,57	1159,15
592,76	1208,30
592,96	1189,87
593,15	1198,06
593,34	1157,10
593,54	1185,77
593,73	1226,73
593,92	1198,06
594,12	1171,44
594,31	1214,45
594,50	1167,34
594,70	1191,92
594,89	1228,78
595,08	1216,49
595,28	1198,06
595,47	1181,68
595,66	1179,63
595,86	1257,45
596,05	1183,73
596,24	1196,01
596,43	1167,34
596,63	1228,78
596,82	1216,49
597,01	1243,12
597,21	1220,59
597,40	1224,69
597,59	1204,21
597,79	1167,34
597,98	1157,10
598,17	1189,87
598,36	1234,93
598,56	1200,11
598,75	1273,84
598,94	1171,44
599,14	1214,45
599,33	1150,96
599,52	1226,73
599,71	1210,35
599,91	1220,59
600,10	1243,12
600,29	1249,26
600,48	1173,49
600,68	1187,82
600,87	1220,59
601,06	1198,06
601,26	1220,59
601,45	1155,05
601,64	1177,58
601,83	1200,11
602,03	1173,49
602,22	1181,68
602,41	1241,07
602,60	1177,58
602,80	1245,16
602,99	1196,01
603,18	1208,30
603,37	1226,73
603,57	1202,16
603,76	1204,21
603,95	1155,05
604,14	1214,45
604,34	1216,49
604,53	1169,39
604,72	1163,25
604,91	1204,21
605,10	1187,82
605,30	1189,87
605,49	1159,15
605,68	1261,55
605,87	1122,29
606,07	1212,40
606,26	1163,25
606,45	1232,88
606,64	1177,58
606,84	1241,07
607,03	1157,10
607,22	1165,29
607,41	1191,92
607,60	1189,87
607,80	1220,59
607,99	1163,25
608,18	1171,44
608,37	1189,87
608,56	1179,63
608,76	1220,59
608,95	1220,59
609,14	1173,49
609,33	1183,73
609,52	1128,43
609,72	1206,25
609,91	1265,64
610,10	1169,39
610,29	1159,15
610,48	1236,97
610,68	1132,53
610,87	1181,68
611,06	1103,86
611,25	1230,83
611,44	1202,16
611,63	1218,54
611,83	1206,25
612,02	1136,62
612,21	1200,11
612,40	1185,77
612,59	1150,96
612,79	1179,63
612,98	1210,35
613,17	1171,44
613,36	1226,73
613,55	1169,39
613,74	1181,68
613,93	1239,02
614,13	1216,49
614,32	1167,34
614,51	1253,36
614,70	1216,49
614,89	1185,77
615,08	1167,34
615,28	1245,16
615,47	1177,58
615,66	1159,15
615,85	1298,41
616,04	1249,26
616,23	1193,97
616,42	1200,11
616,62	1202,16
616,81	1198,06
617,00	1234,93
617,19	1230,83
617,38	1216,49
617,57	1171,44
617,76	1230,83
617,95	1138,67
618,15	1243,12
618,34	1226,73
618,53	1210,35
618,72	1165,29
618,91	1153,01
619,10	1126,38
619,29	1271,79
619,48	1269,74
619,68	1204,21
619,87	1132,53
620,06	1161,20
620,25	1142,77
620,44	1204,21
620,63	1255,40
620,82	1230,83
621,01	1259,50
621,20	1171,44
621,39	1142,77
621,59	1130,48
621,78	1148,91
621,97	1116,14
622,16	1142,77
622,35	1198,06
622,54	1216,49
622,73	1167,34
622,92	1198,06
623,11	1206,25
623,30	1251,31
623,49	1245,16
623,68	1167,34
623,88	1181,68
624,07	1163,25
624,26	1224,69
624,45	1159,15
624,64	1255,40
624,83	1259,50
625,02	1234,93
625,21	1228,78
625,40	1271,79
625,59	1202,16
625,78	1249,26
625,97	1224,69
626,16	1263,60
626,35	1273,84
626,54	1247,21
626,74	1167,34
626,93	1206,25
627,12	1249,26
627,31	1230,83
627,50	1277,93
627,69	1222,64
627,88	1193,97
628,07	1216,49
628,26	1247,21
628,45	1255,40
628,64	1189,87
628,83	1159,15
629,02	1134,57
629,21	1234,93
629,40	1226,73
629,59	1212,40
629,78	1220,59
629,97	1169,39
630,16	1263,60
630,35	1224,69
630,54	1200,11
630,73	1200,11
630,92	1263,60
631,11	1239,02
631,30	1222,64
631,49	1349,61
631,68	1316,84
631,87	2502,62
632,06	8677,24
632,25	18826,98
632,44	23514,78
632,63	30072,37
632,82	16178,95
633,01	8957,82
633,20	4267,97
633,39	2232,29
633,58	1662,95
633,77	1970,15
633,96	1646,57
634,15	1452,01
634,34	1409,00
634,53	1417,19
634,72	1355,76
634,91	1335,28
635,10	1353,71
635,29	1359,85
635,48	1155,05
635,67	1226,73
635,86	1216,49
636,05	1204,21
636,24	1239,02
636,43	1202,16
636,62	1208,30
636,81	1116,14
637,00	1216,49
637,19	1189,87
637,38	1193,97
637,57	1216,49
637,76	1181,68
637,95	1150,96
638,14	1146,86
638,33	1185,77
638,52	1224,69
638,71	1163,25
638,89	1198,06
639,08	1193,97
639,27	1204,21
639,46	1161,20
639,65	1224,69
639,84	1165,29
640,03	1286,12
640,22	1212,40
640,41	1222,64
640,60	1159,15
640,79	1144,81
640,98	1200,11
641,17	1241,07
641,36	1177,58
641,55	1273,84
641,74	1214,45
641,92	1175,53
642,11	1136,62
642,30	1130,48
642,49	1288,17
642,68	1230,83
642,87	1183,73
643,06	1204,21
643,25	1165,29
643,44	1273,84
643,63	1271,79
643,82	1124,33
644,00	1159,15
644,19	1142,77
644,38	1173,49
644,57	1189,87
644,76	1138,67
644,95	1224,69
645,14	1222,64
645,33	1275,88
645,52	1216,49
645,71	1249,26
645,89	1181,68
646,08	1216,49
646,27	1214,45
646,46	1101,81
646,65	1193,97
646,84	1193,97
647,03	1208,30
647,22	1146,86
647,40	1128,43
647,59	1267,69
647,78	1236,97
647,97	1196,01
648,16	1245,16
648,35	1239,02
648,54	1222,64
648,73	1220,59
648,91	1173,49
649,10	1206,25
649,29	1157,10
649,48	1224,69
649,67	1183,73
649,86	1210,35
650,05	1212,40
650,23	1232,88
650,42	1224,69
650,61	1208,30
650,80	1105,90
650,99	1257,45
651,18	1212,40
651,36	1183,73
651,55	1171,44
651,74	1226,73
651,93	1212,40
652,12	1216,49
652,31	1196,01
652,49	1241,07
652,68	1228,78
652,87	1187,82
653,06	1142,77
653,25	1226,73
653,44	1167,34
653,62	1200,11
653,81	1153,01
654,00	1200,11
654,19	1204,21
654,38	1167,34
654,56	1226,73
654,75	1234,93
654,94	1167,34
655,13	1208,30
655,32	1286,12
655,51	1183,73
655,69	1204,21
655,88	1218,54
656,07	1167,34
656,26	1142,77
656,45	1239,02
656,63	1183,73
656,82	1130,48
657,01	1232,88
657,20	1200,11
657,38	1245,16
657,57	1187,82
657,76	1212,40
657,95	1126,38
658,14	1122,29
658,32	1251,31
658,51	1198,06
658,70	1198,06
658,89	1144,81
659,08	1200,11
659,26	1148,91
659,45	1212,40
659,64	1204,21
659,83	1224,69
660,01	1206,25
660,20	1196,01
660,39	1208,30
660,58	1204,21
660,76	1261,55
660,95	1187,82
661,14	1241,07
661,33	1202,16
661,51	1148,91
661,70	1234,93
661,89	1249,26
662,08	1146,86
662,26	1181,68
662,45	1148,91
662,64	1198,06
662,83	1136,62
663,01	1228,78
663,20	1226,73
663,39	1179,63
663,58	1218,54
663,76	1251,31
663,95	1140,72
664,14	1204,21
664,32	1220,59
664,51	1224,69
664,70	1124,33
664,89	1282,03
665,07	1130,48
665,26	1128,43
665,45	1204,21
665,64	1122,29
665,82	1105,90
666,01	1155,05
666,20	1173,49
666,38	1134,57
666,57	1202,16
666,76	1253,36
666,95	1220,59
667,13	1234,93
667,32	1198,06
667,51	1224,69
667,69	1329,13
667,88	1175,53
668,07	1165,29
668,25	1140,72
668,44	1146,86
668,63	1159,15
668,81	1183,73
669,00	1169,39
669,19	1155,05
669,38	1220,59
669,56	1177,58
669,75	1165,29
669,94	1222,64
670,12	1212,40
670,31	1167,34
670,50	1273,84
670,68	1116,14
670,87	1269,74
671,06	1204,21
671,24	1232,88
671,43	1206,25
671,62	1179,63
671,80	1193,97
671,99	1165,29
672,18	1134,57
672,36	1200,11
672,55	1222,64
672,74	1181,68
672,92	1187,82
673,11	1208,30
673,29	1163,25
673,48	1185,77
673,67	1279,98
673,85	1249,26
674,04	1245,16
674,23	1202,16
674,41	1265,64
674,60	1196,01
674,79	1261,55
674,97	1214,45
675,16	1196,01
675,34	1153,01
675,53	1140,72
675,72	1208,30
675,90	1173,49
676,09	1157,10
676,28	1212,40
676,46	1161,20
676,65	1132,53
676,83	1179,63
677,02	1239,02
677,21	1212,40
677,39	1275,88
677,58	1232,88
677,77	1218,54
677,95	1230,83
678,14	1171,44
678,32	1181,68
678,51	1200,11
678,70	1169,39
678,88	1193,97
679,07	1247,21
679,25	1183,73
679,44	1183,73
679,63	1187,82
679,81	1146,86
680,00	1228,78
680,18	1165,29
680,37	1169,39
680,55	1196,01
680,74	1146,86
680,93	1114,10
681,11	1112,05
681,30	1191,92
681,48	1220,59
681,67	1245,16
681,85	1202,16
682,04	1191,92
682,23	1134,57
682,41	1228,78
682,60	1163,25
682,78	1220,59
682,97	1196,01
683,15	1171,44
683,34	1138,67
683,53	1200,11
683,71	1144,81
683,90	1204,21
684,08	1212,40
684,27	1159,15
684,45	1224,69
684,64	1249,26
684,82	1167,34
685,01	1167,34
685,19	1212,40
685,38	1208,30
685,57	1155,05
685,75	1153,01
685,94	1253,36
686,12	1210,35
686,31	1200,11
686,49	1245,16
686,68	1255,40
686,86	1206,25
687,05	1175,53
687,23	1171,44
687,42	1204,21
687,60	1138,67
687,79	1204,21
687,97	1196,01
688,16	1183,73
688,34	1249,26
688,53	1204,21
688,71	1202,16
688,90	1232,88
689,08	1226,73
689,27	1243,12
689,45	1116,14
689,64	1210,35
689,82	1241,07
690,01	1185,77
690,19	1191,92
690,38	1200,11
690,56	1257,45
690,75	1191,92
690,93	1216,49
691,12	1179,63
691,30	1208,30
691,49	1130,48
691,67	1163,25
691,86	1134,57
692,04	1228,78
692,23	1206,25
692,41	1183,73
692,60	1224,69
692,78	1187,82
692,97	1198,06
693,15	1124,33
693,34	1175,53
693,52	1196,01
693,71	1216,49
693,89	1226,73
694,08	1167,34
694,26	1196,01
694,44	1193,97
694,63	1202,16
694,81	1187,82
695,00	1239,02
695,18	1161,20
695,37	1212,40
695,55	1159,15
695,74	1224,69
695,92	1136,62
696,10	1236,97
696,29	1241,07
696,47	1239,02
696,66	1220,59
696,84	1200,11
697,03	1183,73
697,21	1284,08
697,40	1220,59
697,58	1173,49
697,76	1193,97
697,95	1241,07
698,13	1279,98
698,32	1179,63
698,50	1163,25
698,68	1196,01
698,87	1163,25
699,05	1177,58
699,24	1206,25
699,42	1263,60
699,61	1196,01
699,79	1222,64
699,97	1155,05
700,16	1226,73
700,34	1146,86
700,53	1228,78
700,71	1189,87
700,89	1179,63
701,08	1271,79
701,26	1206,25
701,45	1204,21
701,63	1196,01
701,81	1187,82
702,00	1193,97
702,18	1183,73
702,37	1222,64
702,55	1167,34
702,73	1175,53
702,92	1202,16
703,10	1220,59
703,28	1191,92
703,47	1136,62
703,65	1155,05
703,84	1161,20
704,02	1183,73
704,20	1191,92
704,39	1181,68
704,57	1198,06
704,75	1200,11
704,94	1247,21
705,12	1185,77
705,30	1107,95
705,49	1159,15
705,67	1241,07
705,86	1193,97
706,04	1107,95
706,22	1181,68
706,41	1251,31
706,59	1206,25
706,77	1142,77
706,96	1224,69
707,14	1179,63
707,32	1236,97
707,51	1196,01
707,69	1173,49
707,87	1191,92
708,06	1110,00
708,24	1241,07
708,42	1191,92
708,61	1169,39
708,79	1142,77
708,97	1153,01
709,16	1159,15
709,34	1218,54
709,52	1198,06
709,71	1171,44
709,89	1163,25
710,07	1257,45
710,26	1251,31
710,44	1208,30
710,62	1157,10
710,80	1230,83
710,99	1189,87
711,17	1214,45
711,35	1146,86
711,54	1157,10
711,72	1185,77
711,90	1216,49
712,09	1173,49
712,27	1181,68
712,45	1187,82
712,63	1185,77
712,82	1161,20
713,00	1329,13
713,18	1144,81
713,37	1222,64
713,55	1200,11
713,73	1206,25
713,91	1206,25
714,10	1236,97
714,28	1163,25
714,46	1161,20
714,65	1148,91
714,83	1175,53
715,01	1103,86
715,19	1183,73
715,38	1222,64
715,56	1214,45
715,74	1171,44
715,92	1243,12
716,11	1134,57
716,29	1161,20
716,47	1163,25
716,65	1232,88
716,84	1206,25
717,02	1157,10
717,20	1241,07
717,38	1259,50
717,57	1202,16
717,75	1140,72
717,93	1183,73
718,11	1218,54
718,30	1232,88
718,48	1214,45
718,66	1150,96
718,84	1251,31
719,03	1191,92
719,21	1153,01
719,39	1191,92
719,57	1167,34
719,75	1202,16
719,94	1263,60
720,12	1171,44
720,30	1236,97
720,48	1198,06
720,67	1142,77
720,85	1153,01
721,03	1183,73
721,21	1300,46
721,39	1253,36
721,58	1196,01
721,76	1157,10
721,94	1208,30
722,12	1216,49
722,30	1216,49
722,49	1157,10
722,67	1146,86
722,85	1146,86
723,03	1202,16
723,21	1175,53
723,40	1173,49
723,58	1198,06
723,76	1230,83
723,94	1163,25
724,12	1183,73
724,30	1220,59
724,49	1226,73
724,67	1265,64
724,85	1279,98
725,03	1193,97
725,21	1177,58
725,40	1110,00
725,58	1212,40
725,76	1181,68
725,94	1279,98
726,12	1241,07
726,30	1163,25
726,49	1185,77
726,67	1118,19
726,85	1218,54
727,03	1224,69
727,21	1257,45
727,39	1236,97
727,57	1134,57
727,76	1234,93
727,94	1171,44
728,12	1181,68
728,30	1093,62
728,48	1167,34
728,66	1216,49
728,84	1179,63
729,03	1214,45
729,21	1155,05
729,39	1183,73
729,57	1208,30
729,75	1148,91
729,93	1183,73
730,11	1226,73
730,30	1191,92
730,48	1138,67
730,66	1189,87
730,84	1167,34
731,02	1222,64
731,20	1140,72
731,38	1220,59
731,56	1265,64
731,74	1138,67
731,93	1210,35
732,11	1198,06
732,29	1226,73
732,47	1173,49
732,65	1261,55
732,83	1181,68
733,01	1165,29
733,19	1177,58
733,37	1222,64
733,56	1191,92
733,74	1224,69
733,92	1269,74
734,10	1189,87
734,28	1191,92
734,46	1212,40
734,64	1173,49
734,82	1249,26
735,00	1204,21
735,18	1181,68
735,36	1163,25
735,54	1157,10
735,73	1220,59
735,91	1189,87
736,09	1208,30
736,27	1169,39
736,45	1179,63
736,63	1216,49
736,81	1177,58
736,99	1222,64
737,17	1144,81
737,35	1204,21
737,53	1185,77
737,71	1185,77
737,89	1243,12
738,07	1126,38
738,25	1220,59
738,43	1138,67
738,61	1183,73
738,80	1267,69
738,98	1230,83
739,16	1140,72
739,34	1148,91
739,52	1277,93
739,70	1181,68
739,88	1179,63
740,06	1228,78
740,24	1208,30
740,42	1202,16
740,60	1175,53
740,78	1126,38
740,96	1247,21
741,14	1196,01
741,32	1191,92
741,50	1251,31
741,68	1230,83
741,86	1183,73
742,04	1148,91
742,22	1101,81
742,40	1181,68
742,58	1179,63
742,76	1175,53
742,94	1153,01
743,12	1183,73
743,30	1200,11
743,48	1148,91
743,66	1200,11
743,84	1196,01
744,02	1187,82
744,20	1200,11
744,38	1142,77
744,56	1187,82
744,74	1228,78
744,92	1249,26
745,10	1202,16
745,28	1161,20
745,46	1196,01
745,64	1175,53
745,82	1222,64
746,00	1236,97
746,18	1177,58
746,36	1236,97
746,54	1171,44
746,72	1181,68
746,90	1185,77
747,08	1167,34
747,26	1161,20
747,44	1171,44
747,62	1220,59
747,80	1200,11
747,98	1239,02
748,15	1140,72
748,33	1239,02
748,51	1167,34
748,69	1130,48
748,87	1206,25
749,05	1212,40
749,23	1265,64
749,41	1167,34
749,59	1148,91
749,77	1169,39
749,95	1212,40
750,13	1163,25
750,31	1200,11
750,49	1220,59
750,67	1167,34
750,85	1247,21
751,03	1169,39
751,20	1165,29
751,38	1171,44
751,56	1212,40
751,74	1148,91
751,92	1196,01
752,10	1214,45
752,28	1177,58
752,46	1191,92
752,64	1210,35
752,82	1142,77
753,00	1239,02
753,18	1181,68
753,35	1189,87
753,53	1159,15
753,71	1157,10
753,89	1214,45
754,07	1116,14
754,25	1165,29
754,43	1220,59
754,61	1177,58
754,79	1189,87
754,97	1239,02
755,14	1269,74
755,32	1171,44
755,50	1220,59
755,68	1220,59
755,86	1171,44
756,04	1279,98
756,22	1222,64
756,40	1232,88
756,57	1112,05
756,75	1150,96
756,93	1286,12
757,11	1232,88
757,29	1224,69
757,47	1214,45
757,65	1241,07
757,82	1179,63
758,00	1163,25
758,18	1206,25
758,36	1153,01
758,54	1224,69
758,72	1222,64
758,90	1189,87
759,07	1204,21
759,25	1216,49
759,43	1187,82
759,61	1259,50
759,79	1226,73
759,97	1171,44
760,15	1187,82
760,32	1271,79
760,50	1234,93
760,68	1220,59
760,86	1196,01
761,04	1224,69
761,22	1224,69
761,39	1208,30
761,57	1212,40
761,75	1200,11
761,93	1183,73
762,11	1161,20
762,28	1148,91
762,46	1275,88
762,64	1191,92
762,82	1167,34
763,00	1230,83
763,18	1277,93
763,35	1159,15
763,53	1257,45
763,71	1241,07
763,89	1150,96
764,07	1173,49
764,24	1206,25
764,42	1275,88
764,60	1193,97
764,78	1222,64
764,96	1214,45
765,13	1228,78
765,31	1247,21
765,49	1224,69
765,67	1228,78
765,84	1224,69
766,02	1208,30
766,20	1269,74
766,38	1208,30
766,56	1187,82
766,73	1241,07
766,91	1245,16
767,09	1241,07
767,27	1146,86
767,44	1093,62
767,62	1257,45
767,80	1107,95
767,98	1146,86
768,15	1130,48
768,33	1212,40
768,51	1167,34
768,69	1183,73
768,87	1277,93
769,04	1177,58
769,22	1191,92
769,40	1249,26
769,58	1200,11
769,75	1189,87
769,93	1179,63
770,11	1165,29
770,28	1093,62
770,46	1163,25
770,64	1253,36
770,82	1163,25
770,99	1208,30
771,17	1167,34
771,35	1181,68
771,53	1269,74
771,70	1132,53
771,88	1253,36
772,06	1251,31
772,23	1208,30
772,41	1159,15
772,59	1165,29
772,77	1210,35
772,94	1185,77
773,12	1226,73
773,30	1183,73
773,47	1167,34
773,65	1124,33
773,83	1224,69
774,01	1183,73
774,18	1226,73
774,36	1200,11
774,54	1230,83
774,71	1273,84
774,89	1212,40
775,07	1234,93
775,24	1290,22
775,42	1175,53
775,60	1191,92
775,78	1232,88
775,95	1210,35
776,13	1144,81
776,31	1148,91
776,48	1224,69
776,66	1222,64
776,84	1196,01
777,01	1263,60
777,19	1193,97
777,37	1130,48
777,54	1187,82
777,72	1206,25
777,90	1193,97
778,07	1187,82
778,25	1165,29
778,43	1210,35
778,60	1206,25
778,78	1142,77
778,96	1177,58
779,13	1216,49
779,31	1241,07
779,49	1146,86
779,66	1204,21
779,84	1142,77
780,01	1146,86
780,19	1196,01
780,37	1255,40
780,54	1216,49
780,72	1198,06
780,90	1204,21
781,07	1124,33
781,25	1167,34
781,43	1210,35
781,60	1230,83
781,78	1144,81
781,95	1165,29
782,13	1179,63
782,31	1222,64
782,48	1216,49
782,66	1196,01
782,83	1191,92
783,01	1208,30
783,19	1181,68
783,36	1241,07
783,54	1216,49
783,72	1165,29
783,89	1185,77
784,07	1257,45
784,24	1185,77
784,42	1189,87
784,60	1183,73
784,77	1243,12
784,95	1175,53
785,12	1169,39
785,30	1175,53
785,47	1181,68
785,65	1196,01
785,83	1220,59
786,00	1153,01
786,18	1181,68
786,35	1210,35
786,53	1167,34
786,71	1171,44
786,88	1232,88
787,06	1236,97
787,23	1142,77
787,41	1230,83
787,58	1212,40
787,76	1136,62
787,94	1212,40
788,11	1222,64
788,29	1177,58
788,46	1191,92
788,64	1206,25
788,81	1185,77
788,99	1169,39
789,16	1171,44
789,34	1304,56
789,52	1101,81
789,69	1171,44
789,87	1198,06
790,04	1091,57
790,22	1232,88
790,39	1220,59
790,57	1189,87
790,74	1181,68
790,92	1200,11
791,09	1103,86
791,27	1257,45
791,44	1228,78
791,62	1153,01
791,79	1198,06
791,97	1226,73
792,15	1212,40
792,32	1239,02
792,50	1226,73
792,67	1251,31
792,85	1153,01
793,02	1155,05
793,20	1212,40
793,37	1173,49
793,55	1196,01
793,72	1196,01
793,90	1220,59
794,07	1224,69
794,25	1214,45
794,42	1214,45
794,60	1146,86
794,77	1181,68
794,95	1257,45
795,12	1130,48
795,30	1206,25
795,47	1138,67
795,65	1144,81
795,82	1140,72
796,00	1245,16
796,17	1228,78
796,34	1163,25
796,52	1183,73
796,69	1181,68
796,87	1210,35
797,04	1208,30
797,22	1177,58
797,39	1251,31
797,57	1257,45
797,74	1157,10
797,92	1210,35
798,09	1181,68
798,27	1196,01
798,44	1161,20
798,62	1232,88
798,79	1193,97
798,96	1210,35
799,14	1216,49
799,31	1204,21
799,49	1144,81
799,66	1150,96
799,84	1196,01
800,01	1232,88
800,19	1179,63
800,36	1148,91
800,53	1159,15
800,71	1183,73
800,88	1206,25
801,06	1232,88
801,23	1159,15
801,41	1220,59
801,58	1230,83
801,75	1234,93
801,93	1173,49
802,10	1218,54
802,28	1124,33
802,45	1214,45
802,63	1245,16
802,80	1142,77
802,97	1159,15
803,15	1177,58
803,32	1183,73
803,50	1107,95
803,67	1165,29
803,84	1191,92
804,02	1183,73
804,19	1220,59
804,37	1255,40
804,54	1167,34
804,71	1191,92
804,89	1196,01
805,06	1206,25
805,24	1146,86
805,41	1155,05
805,58	1187,82
805,76	1214,45
805,93	1241,07
806,10	1157,10
806,28	1175,53
806,45	1208,30
806,63	1191,92
806,80	1296,36
806,97	1202,16
807,15	1183,73
807,32	1222,64
807,49	1226,73
807,67	1208,30
807,84	1167,34
808,01	1173,49
808,19	1247,21
808,36	1239,02
808,54	1161,20
808,71	1148,91
808,88	1210,35
809,06	1206,25
809,23	1198,06
809,40	1196,01
809,58	1263,60
809,75	1177,58
809,92	1206,25
810,10	1181,68
810,27	1173,49
810,44	1193,97
810,62	1267,69
810,79	1208,30
810,96	1236,97
811,14	1228,78
811,31	1206,25
811,48	1101,81
811,66	1142,77
811,83	1155,05
812,00	1253,36
812,18	1234,93
812,35	1148,91
812,52	1185,77
812,69	1198,06
812,87	1230,83
813,04	1212,40
813,21	1177,58
813,39	1220,59
813,56	1144,81
813,73	1220,59
813,91	1232,88
814,08	1200,11
814,25	1120,24
814,42	1214,45
814,60	1212,40
814,77	1167,34
814,94	1204,21
815,12	1275,88
815,29	1150,96
815,46	1193,97
815,63	1165,29
815,81	1196,01
815,98	1228,78
816,15	1204,21
816,33	1187,82
816,50	1196,01
816,67	1253,36
816,84	1226,73
817,02	1255,40
817,19	1200,11
817,36	1175,53
817,53	1144,81
817,71	1220,59
817,88	1163,25
818,05	1220,59
818,22	1191,92
818,40	1200,11
818,57	1206,25
818,74	1206,25
818,91	1157,10
819,09	1218,54
819,26	1187,82
819,43	1140,72
819,60	1167,34
819,78	1165,29
819,95	1196,01
820,12	1234,93
820,29	1263,60
820,47	1148,91
820,64	1196,01
820,81	1275,88
820,98	1114,10
821,15	1167,34
821,33	1144,81
821,50	1224,69
821,67	1212,40
821,84	1191,92
822,02	1165,29
822,19	1257,45
822,36	1177,58
822,53	1206,25
822,70	1206,25
822,88	1214,45
823,05	1212,40
823,22	1251,31
823,39	1234,93
823,56	1249,26
823,74	1193,97
823,91	1265,64
824,08	1191,92
824,25	1245,16
824,42	1239,02
824,60	1198,06
824,77	1257,45
824,94	1124,33
825,11	1216,49
825,28	1216,49
825,45	1216,49
825,63	1198,06
825,80	1263,60
825,97	1208,30
826,14	1210,35
826,31	1189,87
826,48	1173,49
826,66	1214,45
826,83	1216,49
827,00	1222,64
827,17	1208,30
827,34	1204,21
827,51	1228,78
827,69	1183,73
827,86	1153,01
828,03	1189,87
828,20	1273,84
828,37	1171,44
828,54	1179,63
828,71	1159,15
828,89	1153,01
829,06	1191,92
829,23	1245,16
829,40	1124,33
829,57	1230,83
829,74	1171,44
829,91	1214,45
830,09	1181,68
830,26	1214,45
830,43	1277,93
830,60	1169,39
830,77	1253,36
830,94	1183,73
831,11	1189,87
831,28	1200,11
831,46	1175,53
831,63	1196,01
831,80	1183,73
831,97	1191,92
832,14	1204,21
832,31	1226,73
832,48	1153,01
832,65	1253,36
832,82	1269,74
832,99	1245,16
833,17	1220,59
833,34	1183,73
833,51	1159,15
833,68	1239,02
833,85	1181,68
834,02	1241,07
834,19	1144,81
834,36	1222,64
834,53	1183,73
834,70	1208,30
834,87	1267,69
835,04	1236,97
835,22	1239,02
835,39	1206,25
835,56	1200,11
835,73	1241,07
835,90	1220,59
836,07	1247,21
836,24	1212,40
836,41	1140,72
836,58	1200,11
836,75	1157,10
836,92	1179,63
837,09	1181,68
837,26	1292,27
837,43	1179,63
837,60	1243,12
837,77	1212,40
837,94	1099,76
838,12	1220,59
838,29	1198,06
838,46	1232,88
838,63	1163,25
838,80	1191,92
838,97	1200,11
839,14	1241,07
839,31	1185,77
839,48	1208,30
839,65	1148,91
839,82	1175,53
839,99	1206,25
840,16	1210,35
840,33	1204,21
840,50	1232,88
840,67	1234,93
840,84	1157,10
841,01	1112,05
841,18	1150,96
841,35	1130,48
841,52	1236,97
841,69	1316,84
841,86	1173,49
842,03	1218,54
842,20	1144,81
842,37	1155,05
842,54	1224,69
842,71	1144,81
842,88	1200,11
843,05	1253,36
843,22	1161,20
843,39	1208,30
843,56	1202,16
843,73	1189,87
843,90	1146,86
844,07	1198,06
844,24	1177,58
844,41	1187,82
844,58	1206,25
844,75	1181,68
844,92	1236,97
845,09	1218,54
845,26	1232,88
845,43	1218,54
845,60	1155,05
845,77	1239,02
845,94	1173,49
846,10	1122,29
846,27	1177,58
846,44	1228,78
846,61	1167,34
846,78	1177,58
846,95	1175,53
847,12	1236,97
847,29	1146,86
847,46	1200,11
847,63	1198,06
847,80	1206,25
847,97	1216,49
848,14	1222,64
848,31	1171,44
848,48	1206,25
848,65	1226,73
848,82	1185,77
848,98	1206,25
849,15	1189,87
849,32	1253,36
849,49	1177,58
849,66	1277,93
849,83	1171,44
850,00	1171,44
850,17	1175,53
850,34	1247,21
850,51	1249,26
850,68	1245,16
850,85	1150,96
851,01	1218,54
851,18	1282,03
851,35	1146,86
851,52	1251,31
851,69	1302,51
851,86	1163,25
852,03	1214,45
852,20	1239,02
852,37	1206,25
852,53	1159,15
852,70	1208,30
852,87	1218,54
853,04	1142,77
853,21	1191,92
853,38	1216,49
853,55	1122,29
853,72	1150,96
853,89	1198,06
854,05	1202,16
854,22	1193,97
854,39	1249,26
854,56	1153,01
854,73	1181,68
854,90	1239,02
855,07	1218,54
855,23	1220,59
855,40	1241,07
855,57	1185,77
855,74	1226,73
855,91	1138,67
856,08	1206,25
856,25	1255,40
856,41	1155,05
856,58	1228,78
856,75	1202,16
856,92	1224,69
857,09	1138,67
857,26	1183,73
857,42	1196,01
857,59	1200,11
857,76	1196,01
857,93	1224,69
858,10	1179,63
858,27	1263,60
858,43	1177,58
858,60	1191,92
858,77	1189,87
858,94	1155,05
859,11	1234,93
859,27	1159,15
859,44	1212,40
859,61	1198,06
859,78	1208,30
859,95	1206,25
860,12	1214,45
860,28	1261,55
860,45	1206,25
860,62	1185,77
860,79	1236,97
860,95	1220,59
861,12	1212,40
861,29	1179,63
861,46	1148,91
861,63	1169,39
861,79	1245,16
861,96	1232,88
862,13	1220,59
862,30	1228,78
862,47	1220,59
862,63	1263,60
862,80	1146,86
862,97	1224,69
863,14	1204,21
863,30	1193,97
863,47	1200,11
863,64	1232,88
863,81	1189,87
863,97	1142,77
864,14	1146,86
864,31	1239,02
864,48	1243,12
864,65	1214,45
864,81	1222,64
864,98	1251,31
865,15	1181,68
865,32	1216,49
865,48	1265,64
865,65	1208,30
865,82	1212,40
865,98	1181,68
866,15	1202,16
866,32	1279,98
866,49	1179,63
866,65	1126,38
866,82	1216,49
866,99	1179,63
867,16	1193,97
867,32	1124,33
867,49	1200,11
867,66	1206,25
867,83	1191,92
867,99	1275,88
868,16	1200,11
868,33	1228,78
868,49	1148,91
868,66	1234,93
868,83	1177,58
868,99	1216,49
869,16	1230,83
869,33	1173,49
869,50	1224,69
869,66	1212,40
869,83	1208,30
870,00	1136,62
870,16	1224,69
870,33	1200,11
870,50	1226,73
870,66	1222,64
870,83	1169,39
871,00	1187,82
871,17	1251,31
871,33	1232,88
871,50	1234,93
871,67	1173,49
871,83	1224,69
872,00	1261,55
872,17	1193,97
872,33	1177,58
872,50	1181,68
872,67	1189,87
872,83	1161,20
873,00	1155,05
873,17	1165,29
873,33	1122,29
873,50	1179,63
873,67	1196,01
873,83	1232,88
874,00	1177,58
874,16	1245,16
874,33	1216,49
874,50	1169,39
874,66	1159,15
874,83	1191,92
875,00	1228,78
875,16	1230,83
875,33	1169,39
875,50	1163,25
875,66	1183,73
875,83	1189,87
875,99	1249,26
876,16	1204,21
876,33	1140,72
876,49	1277,93
876,66	1261,55
876,83	1206,25
876,99	1181,68
877,16	1202,16
877,32	1232,88
877,49	1249,26
877,66	1191,92
877,82	1169,39
877,99	1185,77
878,15	1173,49
878,32	1263,60
878,49	1234,93
878,65	1210,35
878,82	1206,25
878,98	1232,88
879,15	1259,50
879,32	1058,80
879,48	1196,01
879,65	1130,48
879,81	1169,39
879,98	1247,21
880,15	1214,45
880,31	1130,48
880,48	1204,21
880,64	1249,26
880,81	1208,30
880,97	1167,34
881,14	1206,25
881,31	1150,96
881,47	1198,06
881,64	1196,01
881,80	1191,92
881,97	1153,01
882,13	1249,26
882,30	1148,91
882,47	1210,35
882,63	1220,59
882,80	1159,15
882,96	1193,97
883,13	1208,30
883,29	1191,92
883,46	1157,10
883,62	1198,06
883,79	1251,31
883,95	1138,67
884,12	1159,15
884,29	1153,01
884,45	1206,25
884,62	1202,16
884,78	1177,58
884,95	1220,59
885,11	1236,97
885,28	1167,34
885,44	1214,45
885,61	1220,59
885,77	1208,30
885,94	1208,30
886,10	1230,83
886,27	1183,73
886,43	1239,02
886,60	1236,97
886,76	1142,77
886,93	1177,58
887,09	1239,02
887,26	1181,68
887,42	1177,58
887,59	1163,25
887,75	1243,12
887,92	1253,36
888,08	1273,84
888,25	1140,72
888,41	1214,45
888,58	1234,93
888,74	1230,83
888,91	1142,77
