177,47	1165,29
177,69	1165,29
177,91	1165,29
178,13	1222,64
178,36	1173,49
178,58	1064,94
178,80	1239,02
179,02	1230,83
179,24	1206,25
179,46	1226,73
179,68	1271,79
179,90	1183,73
180,13	1234,93
180,35	1159,15
180,57	1200,11
180,79	1132,53
181,01	1161,20
181,23	1202,16
181,45	1212,40
181,67	1187,82
181,90	1165,29
182,12	1150,96
182,34	1208,30
182,56	1150,96
182,78	1161,20
183,00	1204,21
183,22	1218,54
183,44	1169,39
183,66	1144,81
183,89	1218,54
184,11	1163,25
184,33	1132,53
184,55	1265,64
184,77	1220,59
184,99	1210,35
185,21	1249,26
185,43	1214,45
185,65	1218,54
185,87	1218,54
186,10	1167,34
186,32	1208,30
186,54	1232,88
186,76	1200,11
186,98	1167,34
187,20	1206,25
187,42	1126,38
187,64	1228,78
187,86	1148,91
188,08	1224,69
188,30	1171,44
188,52	1222,64
188,75	1234,93
188,97	1155,05
189,19	1165,29
189,41	1163,25
189,63	1284,08
189,85	1224,69
190,07	1150,96
190,29	1175,53
190,51	1140,72
190,73	1226,73
190,95	1177,58
191,17	1165,29
191,39	1136,62
191,61	1171,44
191,84	1179,63
192,06	1150,96
192,28	1153,01
192,50	1193,97
192,72	1212,40
192,94	1267,69
193,16	1214,45
193,38	1150,96
193,60	1175,53
193,82	1236,97
194,04	1183,73
194,26	1167,34
194,48	1230,83
194,70	1200,11
194,92	1224,69
195,14	1177,58
195,36	1222,64
195,58	1116,14
195,80	1183,73
196,02	1204,21
196,24	1187,82
196,46	1196,01
196,69	1159,15
196,91	1163,25
197,13	1183,73
197,35	1196,01
197,57	1243,12
197,79	1218,54
198,01	1142,77
198,23	1208,30
198,45	1265,64
198,67	1191,92
198,89	1200,11
199,11	1181,68
199,33	1216,49
199,55	1232,88
199,77	1204,21
199,99	1189,87
200,21	1288,17
200,43	1214,45
200,65	1204,21
200,87	1142,77
201,09	1200,11
201,31	1128,43
201,53	1138,67
201,75	1226,73
201,97	1189,87
202,19	1241,07
202,41	1177,58
202,63	1243,12
202,85	1193,97
203,07	1218,54
203,29	1150,96
203,51	1189,87
203,73	1206,25
203,95	1122,29
204,17	1175,53
204,39	1177,58
204,61	1157,10
204,83	1202,16
205,05	1155,05
205,27	1126,38
205,49	1161,20
205,71	1175,53
205,93	1212,40
206,15	1208,30
206,37	1146,86
206,59	1261,55
206,81	1120,24
207,03	1230,83
207,25	1153,01
207,47	1161,20
207,69	1224,69
207,91	1204,21
208,13	1265,64
208,34	1224,69
208,56	1208,30
208,78	1253,36
209,00	1204,21
209,22	1191,92
209,44	1220,59
209,66	1165,29
209,88	1175,53
210,10	1249,26
210,32	1245,16
210,54	1224,69
210,76	1175,53
210,98	1200,11
211,20	1265,64
211,42	1200,11
211,64	1179,63
211,86	1161,20
212,08	1220,59
212,30	1208,30
212,52	1198,06
212,74	1144,81
212,96	1177,58
213,17	1150,96
213,39	1228,78
213,61	1189,87
213,83	1218,54
214,05	1214,45
214,27	1200,11
214,49	1185,77
214,71	1185,77
214,93	1232,88
215,15	1155,05
215,37	1294,32
215,59	1208,30
215,81	1261,55
216,03	1130,48
216,24	1255,40
216,46	1187,82
216,68	1185,77
216,90	1167,34
217,12	1239,02
217,34	1128,43
217,56	1193,97
217,78	1210,35
218,00	1236,97
218,22	1257,45
218,44	1218,54
218,66	1138,67
218,87	1177,58
219,09	1263,60
219,31	1236,97
219,53	1142,77
219,75	1193,97
219,97	1230,83
220,19	1173,49
220,41	1173,49
220,63	1224,69
220,85	1155,05
221,06	1165,29
221,28	1222,64
221,50	1148,91
221,72	1124,33
221,94	1230,83
222,16	1220,59
222,38	1232,88
222,60	1218,54
222,82	1247,21
223,03	1212,40
223,25	1224,69
223,47	1185,77
223,69	1212,40
223,91	1216,49
224,13	1181,68
224,35	1189,87
224,57	1181,68
224,78	1183,73
225,00	1206,25
225,22	1118,19
225,44	1167,34
225,66	1173,49
225,88	1175,53
226,10	1183,73
226,32	1234,93
226,53	1275,88
226,75	1210,35
226,97	1157,10
227,19	1140,72
227,41	1210,35
227,63	1247,21
227,85	1206,25
228,06	1259,50
228,28	1138,67
228,50	1175,53
228,72	1167,34
228,94	1165,29
229,16	1212,40
229,37	1155,05
229,59	1101,81
229,81	1232,88
230,03	1228,78
230,25	1185,77
230,47	1204,21
230,69	1228,78
230,90	1171,44
231,12	1222,64
231,34	1216,49
231,56	1173,49
231,78	1224,69
232,00	1187,82
232,21	1163,25
232,43	1198,06
232,65	1155,05
232,87	1271,79
233,09	1210,35
233,30	1241,07
233,52	1183,73
233,74	1185,77
233,96	1183,73
234,18	1212,40
234,40	1163,25
234,61	1189,87
234,83	1169,39
235,05	1226,73
235,27	1175,53
235,49	1290,22
235,70	1284,08
235,92	1157,10
236,14	1159,15
236,36	1261,55
236,58	1210,35
236,79	1155,05
237,01	1198,06
237,23	1204,21
237,45	1189,87
237,67	1200,11
237,88	1191,92
238,10	1232,88
238,32	1261,55
238,54	1167,34
238,76	1198,06
238,97	1222,64
239,19	1251,31
239,41	1189,87
239,63	1181,68
239,85	1208,30
240,06	1216,49
240,28	1185,77
240,50	1234,93
240,72	1187,82
240,93	1155,05
241,15	1112,05
241,37	1146,86
241,59	1220,59
241,81	1251,31
242,02	1189,87
242,24	1214,45
242,46	1208,30
242,68	1230,83
242,89	1200,11
243,11	1179,63
243,33	1150,96
243,55	1181,68
243,76	1222,64
243,98	1226,73
244,20	1173,49
244,42	1144,81
244,64	1206,25
244,85	1224,69
245,07	1214,45
245,29	1171,44
245,51	1146,86
245,72	1169,39
245,94	1206,25
246,16	1232,88
246,38	1167,34
246,59	1232,88
246,81	1220,59
247,03	1261,55
247,24	1234,93
247,46	1136,62
247,68	1163,25
247,90	1185,77
248,11	1259,50
248,33	1183,73
248,55	1146,86
248,77	1224,69
248,98	1183,73
249,20	1196,01
249,42	1230,83
249,64	1177,58
249,85	1206,25
250,07	1249,26
250,29	1159,15
250,50	1179,63
250,72	1212,40
250,94	1214,45
251,16	1228,78
251,37	1210,35
251,59	1263,60
251,81	1216,49
252,02	1236,97
252,24	1183,73
252,46	1157,10
252,68	1193,97
252,89	1224,69
253,11	1148,91
253,33	1159,15
253,54	1189,87
253,76	1200,11
253,98	1220,59
254,20	1216,49
254,41	1210,35
254,63	1210,35
254,85	1230,83
255,06	1216,49
255,28	1189,87
255,50	1122,29
255,71	1140,72
255,93	1183,73
256,15	1165,29
256,36	1212,40
256,58	1245,16
256,80	1187,82
257,02	1124,33
257,23	1122,29
257,45	1208,30
257,67	1255,40
257,88	1230,83
258,10	1171,44
258,32	1187,82
258,53	1175,53
258,75	1167,34
258,97	1261,55
259,18	1200,11
259,40	1329,13
259,62	1173,49
259,83	1175,53
260,05	1232,88
260,27	1167,34
260,48	1169,39
260,70	1218,54
260,92	1171,44
261,13	1196,01
261,35	1179,63
261,57	1279,98
261,78	1171,44
262,00	1165,29
262,22	1171,44
262,43	1150,96
262,65	1165,29
262,86	1220,59
263,08	1204,21
263,30	1083,38
263,51	1189,87
263,73	1243,12
263,95	1159,15
264,16	1163,25
264,38	1191,92
264,60	1138,67
264,81	1146,86
265,03	1157,10
265,25	1230,83
265,46	1153,01
265,68	1130,48
265,89	1181,68
266,11	1161,20
266,33	1150,96
266,54	1181,68
266,76	1185,77
266,98	1202,16
267,19	1230,83
267,41	1171,44
267,62	1222,64
267,84	1185,77
268,06	1220,59
268,27	1142,77
268,49	1206,25
268,70	1163,25
268,92	1243,12
269,14	1157,10
269,35	1146,86
269,57	1222,64
269,79	1189,87
270,00	1259,50
270,22	1130,48
270,43	1234,93
270,65	1198,06
270,87	1142,77
271,08	1140,72
271,30	1191,92
271,51	1220,59
271,73	1200,11
271,95	1232,88
272,16	1085,42
272,38	1187,82
272,59	1169,39
272,81	1165,29
273,02	1224,69
273,24	1157,10
273,46	1173,49
273,67	1093,62
273,89	1171,44
274,10	1181,68
274,32	1232,88
274,54	1230,83
274,75	1294,32
274,97	1196,01
275,18	1175,53
275,40	1253,36
275,61	1171,44
275,83	1185,77
276,05	1179,63
276,26	1239,02
276,48	1187,82
276,69	1179,63
276,91	1159,15
277,12	1224,69
277,34	1179,63
277,55	1193,97
277,77	1167,34
277,99	1187,82
278,20	1230,83
278,42	1247,21
278,63	1130,48
278,85	1212,40
279,06	1204,21
279,28	1200,11
279,49	1181,68
279,71	1239,02
279,93	1202,16
280,14	1230,83
280,36	1218,54
280,57	1239,02
280,79	1077,23
281,00	1165,29
281,22	1212,40
281,43	1181,68
281,65	1239,02
281,86	1193,97
282,08	1153,01
282,29	1208,30
282,51	1181,68
282,73	1169,39
282,94	1165,29
283,16	1212,40
283,37	1304,56
283,59	1230,83
283,80	1138,67
284,02	1169,39
284,23	1228,78
284,45	1196,01
284,66	1179,63
284,88	1206,25
285,09	1206,25
285,31	1155,05
285,52	1224,69
285,74	1128,43
285,95	1144,81
286,17	1185,77
286,38	1163,25
286,60	1183,73
286,81	1210,35
287,03	1193,97
287,24	1185,77
287,46	1220,59
287,67	1148,91
287,89	1224,69
288,10	1183,73
288,32	1171,44
288,53	1191,92
288,75	1208,30
288,96	1159,15
289,18	1214,45
289,39	1255,40
289,61	1163,25
289,82	1187,82
290,04	1210,35
290,25	1112,05
290,47	1175,53
290,68	1224,69
290,90	1288,17
291,11	1142,77
291,33	1269,74
291,54	1230,83
291,76	1189,87
291,97	1134,57
292,18	1204,21
292,40	1134,57
292,61	1265,64
292,83	1173,49
293,04	1265,64
293,26	1200,11
293,47	1179,63
293,69	1169,39
293,90	1175,53
294,12	1144,81
294,33	1210,35
294,55	1183,73
294,76	1171,44
294,97	1177,58
295,19	1224,69
295,40	1222,64
295,62	1175,53
295,83	1208,30
296,05	1175,53
296,26	1189,87
296,48	1179,63
296,69	1247,21
296,90	1249,26
297,12	1189,87
297,33	1202,16
297,55	1318,89
297,76	1202,16
297,98	1202,16
298,19	1222,64
298,41	1167,34
298,62	1206,25
298,83	1169,39
299,05	1171,44
299,26	1191,92
299,48	1200,11
299,69	1212,40
299,90	1214,45
300,12	1181,68
300,33	1204,21
300,55	1200,11
300,76	1216,49
300,98	1116,14
301,19	1208,30
301,40	1167,34
301,62	1206,25
301,83	1212,40
302,05	1105,90
302,26	1257,45
302,47	1208,30
302,69	1212,40
302,90	1191,92
303,12	1251,31
303,33	1132,53
303,54	1202,16
303,76	1159,15
303,97	1185,77
304,19	1224,69
304,40	1140,72
304,61	1216,49
304,83	1161,20
305,04	1249,26
305,26	1224,69
305,47	1191,92
305,68	1200,11
305,90	1159,15
306,11	1232,88
306,33	1179,63
306,54	1218,54
306,75	1196,01
306,97	1177,58
307,18	1216,49
307,39	1200,11
307,61	1198,06
307,82	1136,62
308,04	1224,69
308,25	1185,77
308,46	1173,49
308,68	1157,10
308,89	1212,40
309,10	1236,97
309,32	1224,69
309,53	1232,88
309,74	1185,77
309,96	1253,36
310,17	1150,96
310,39	1169,39
310,60	1191,92
310,81	1161,20
311,03	1171,44
311,24	1206,25
311,45	1224,69
311,67	1153,01
311,88	1251,31
312,09	1196,01
312,31	1140,72
312,52	1247,21
312,73	1222,64
312,95	1183,73
313,16	1130,48
313,37	1155,05
313,59	1173,49
313,80	1224,69
314,01	1189,87
314,23	1243,12
314,44	1161,20
314,65	1105,90
314,87	1191,92
315,08	1200,11
315,29	1226,73
315,51	1142,77
315,72	1185,77
315,93	1187,82
316,15	1241,07
316,36	1206,25
316,57	1157,10
316,79	1189,87
317,00	1214,45
317,21	1224,69
317,43	1247,21
317,64	1165,29
317,85	1228,78
318,07	1183,73
318,28	1214,45
318,49	1220,59
318,70	1157,10
318,92	1265,64
319,13	1163,25
319,34	1187,82
319,56	1241,07
319,77	1239,02
319,98	1239,02
320,20	1210,35
320,41	1124,33
320,62	1191,92
320,83	1144,81
321,05	1204,21
321,26	1222,64
321,47	1159,15
321,69	1144,81
321,90	1189,87
322,11	1165,29
322,32	1245,16
322,54	1241,07
322,75	1202,16
322,96	1122,29
323,18	1136,62
323,39	1193,97
323,60	1204,21
323,81	1247,21
324,03	1236,97
324,24	1146,86
324,45	1212,40
324,66	1169,39
324,88	1208,30
325,09	1216,49
325,30	1171,44
325,52	1251,31
325,73	1173,49
325,94	1187,82
326,15	1216,49
326,37	1150,96
326,58	1161,20
326,79	1185,77
327,00	1163,25
327,22	1210,35
327,43	1153,01
327,64	1171,44
327,85	1261,55
328,07	1179,63
328,28	1214,45
328,49	1210,35
328,70	1185,77
328,92	1259,50
329,13	1218,54
329,34	1202,16
329,55	1230,83
329,76	1228,78
329,98	1320,94
330,19	1224,69
330,40	1171,44
330,61	1153,01
330,83	1206,25
331,04	1255,40
331,25	1198,06
331,46	1189,87
331,68	1185,77
331,89	1181,68
332,10	1200,11
332,31	1232,88
332,52	1210,35
332,74	1198,06
332,95	1173,49
333,16	1171,44
333,37	1140,72
333,58	1204,21
333,80	987,12
334,01	1255,40
334,22	1130,48
334,43	1214,45
334,64	1185,77
334,86	1167,34
335,07	1216,49
335,28	1183,73
335,49	1173,49
335,70	1210,35
335,92	1181,68
336,13	1243,12
336,34	1191,92
336,55	1204,21
336,76	1226,73
336,98	1251,31
337,19	1175,53
337,40	1220,59
337,61	1153,01
337,82	1214,45
338,04	1214,45
338,25	1298,41
338,46	1239,02
338,67	1224,69
338,88	1232,88
339,09	1241,07
339,31	1169,39
339,52	1155,05
339,73	1210,35
339,94	1206,25
340,15	1212,40
340,36	1216,49
340,58	1185,77
340,79	1230,83
341,00	1126,38
341,21	1230,83
341,42	1212,40
341,63	1196,01
341,85	1257,45
342,06	1099,76
342,27	1161,20
342,48	1171,44
342,69	1144,81
342,90	1167,34
343,12	1196,01
343,33	1161,20
343,54	1175,53
343,75	1271,79
343,96	1208,30
344,17	1210,35
344,38	1181,68
344,60	1245,16
344,81	1169,39
345,02	1241,07
345,23	1177,58
345,44	1161,20
345,65	1161,20
345,86	1226,73
346,07	1146,86
346,29	1273,84
346,50	1200,11
346,71	1200,11
346,92	1189,87
347,13	1255,40
347,34	1189,87
347,55	1200,11
347,76	1155,05
347,98	1159,15
348,19	1251,31
348,40	1216,49
348,61	1173,49
348,82	1165,29
349,03	1206,25
349,24	1193,97
349,45	1241,07
349,66	1175,53
349,88	1239,02
350,09	1206,25
350,30	1204,21
350,51	1265,64
350,72	1206,25
350,93	1167,34
351,14	1288,17
351,35	1167,34
351,56	1181,68
351,77	1161,20
351,99	1177,58
352,20	1261,55
352,41	1167,34
352,62	1216,49
352,83	1224,69
353,04	1255,40
353,25	1126,38
353,46	1181,68
353,67	1191,92
353,88	1255,40
354,09	1204,21
354,30	1200,11
354,52	1153,01
354,73	1269,74
354,94	1228,78
355,15	1200,11
355,36	1261,55
355,57	1175,53
355,78	1200,11
355,99	1224,69
356,20	1214,45
356,41	1163,25
356,62	1226,73
356,83	1165,29
357,04	1200,11
357,25	1210,35
357,46	1210,35
357,68	1253,36
357,89	1216,49
358,10	1200,11
358,31	1179,63
358,52	1241,07
358,73	1243,12
358,94	1273,84
359,15	1251,31
359,36	1198,06
359,57	1206,25
359,78	1132,53
359,99	1114,10
360,20	1249,26
360,41	1159,15
360,62	1220,59
360,83	1081,33
361,04	1218,54
361,25	1243,12
361,46	1204,21
361,67	1163,25
361,88	1228,78
362,09	1200,11
362,30	1114,10
362,51	1181,68
362,72	1187,82
362,93	1179,63
363,14	1189,87
363,35	1189,87
363,56	1185,77
363,78	1118,19
363,99	1134,57
364,20	1220,59
364,41	1198,06
364,62	1196,01
364,83	1196,01
365,04	1245,16
365,25	1212,40
365,46	1159,15
365,67	1191,92
365,88	1218,54
366,09	1165,29
366,30	1187,82
366,51	1236,97
366,72	1177,58
366,93	1193,97
367,14	1138,67
367,35	1183,73
367,56	1161,20
367,77	1224,69
367,98	1220,59
368,18	1208,30
368,39	1175,53
368,60	1210,35
368,81	1275,88
369,02	1200,11
369,23	1208,30
369,44	1230,83
369,65	1202,16
369,86	1198,06
370,07	1138,67
370,28	1224,69
370,49	1128,43
370,70	1179,63
370,91	1153,01
371,12	1255,40
371,33	1191,92
371,54	1198,06
371,75	1169,39
371,96	1196,01
372,17	1171,44
372,38	1271,79
372,59	1146,86
372,80	1187,82
373,01	1216,49
373,22	1173,49
373,43	1302,51
373,64	1200,11
373,85	1130,48
374,06	1200,11
374,26	1228,78
374,47	1216,49
374,68	1187,82
374,89	1243,12
375,10	1110,00
375,31	1212,40
375,52	1173,49
375,73	1173,49
375,94	1187,82
376,15	1232,88
376,36	1204,21
376,57	1134,57
376,78	1212,40
376,99	1206,25
377,20	1189,87
377,40	1191,92
377,61	1150,96
377,82	1222,64
378,03	1150,96
378,24	1183,73
378,45	1206,25
378,66	1224,69
378,87	1198,06
379,08	1173,49
379,29	1193,97
379,50	1208,30
379,71	1216,49
379,91	1239,02
380,12	1230,83
380,33	1216,49
380,54	1257,45
380,75	1159,15
380,96	1241,07
381,17	1239,02
381,38	1198,06
381,59	1171,44
381,80	1277,93
382,00	1189,87
382,21	1218,54
382,42	1193,97
382,63	1163,25
382,84	1257,45
383,05	1218,54
383,26	1134,57
383,47	1253,36
383,68	1245,16
383,88	1179,63
384,09	1140,72
384,30	1191,92
384,51	1198,06
384,72	1144,81
384,93	1216,49
385,14	1247,21
385,35	1208,30
385,55	1193,97
385,76	1226,73
385,97	1257,45
386,18	1286,12
386,39	1112,05
386,60	1193,97
386,81	1177,58
387,02	1163,25
387,22	1236,97
387,43	1189,87
387,64	1148,91
387,85	1148,91
388,06	1142,77
388,27	1269,74
388,48	1204,21
388,68	1245,16
388,89	1247,21
389,10	1171,44
389,31	1269,74
389,52	1243,12
389,73	1218,54
389,93	1261,55
390,14	1181,68
390,35	1193,97
390,56	1220,59
390,77	1202,16
390,98	1177,58
391,18	1198,06
391,39	1167,34
391,60	1161,20
391,81	1142,77
392,02	1171,44
392,23	1230,83
392,43	1183,73
392,64	1208,30
392,85	1177,58
393,06	1200,11
393,27	1255,40
393,47	1144,81
393,68	1179,63
393,89	1253,36
394,10	1202,16
394,31	1187,82
394,52	1220,59
394,72	1148,91
394,93	1216,49
395,14	1142,77
395,35	1189,87
395,56	1239,02
395,76	1212,40
395,97	1265,64
396,18	1181,68
396,39	1183,73
396,60	1230,83
396,80	1165,29
397,01	1142,77
397,22	1196,01
397,43	1189,87
397,64	1234,93
397,84	1200,11
398,05	1155,05
398,26	1216,49
398,47	1208,30
398,67	1167,34
398,88	1165,29
399,09	1140,72
399,30	1187,82
399,51	1173,49
399,71	1175,53
399,92	1232,88
400,13	1185,77
400,34	1163,25
400,54	1206,25
400,75	1255,40
400,96	1189,87
401,17	1253,36
401,37	1189,87
401,58	1220,59
401,79	1191,92
402,00	1181,68
402,21	1200,11
402,41	1193,97
402,62	1239,02
402,83	1185,77
403,04	1189,87
403,24	1175,53
403,45	1179,63
403,66	1175,53
403,87	1181,68
404,07	1173,49
404,28	1140,72
404,49	1196,01
404,70	1249,26
404,90	1185,77
405,11	1183,73
405,32	1241,07
405,52	1150,96
405,73	1171,44
405,94	1210,35
406,15	1208,30
406,35	1255,40
406,56	1208,30
406,77	1175,53
406,98	1128,43
407,18	1189,87
407,39	1216,49
407,60	1241,07
407,80	1193,97
408,01	1212,40
408,22	1216,49
408,43	1185,77
408,63	1155,05
408,84	1230,83
409,05	1140,72
409,25	1216,49
409,46	1157,10
409,67	1196,01
409,88	1191,92
410,08	1245,16
410,29	1236,97
410,50	1165,29
410,70	1189,87
410,91	1159,15
411,12	1173,49
411,32	1198,06
411,53	1257,45
411,74	1216,49
411,95	1265,64
412,15	1175,53
412,36	1193,97
412,57	1148,91
412,77	1212,40
412,98	1157,10
413,19	1165,29
413,39	1124,33
413,60	1155,05
413,81	1142,77
414,01	1200,11
414,22	1183,73
414,43	1196,01
414,63	1200,11
414,84	1138,67
415,05	1126,38
415,25	1236,97
415,46	1210,35
415,67	1198,06
415,87	1161,20
416,08	1204,21
416,29	1187,82
416,49	1230,83
416,70	1236,97
416,91	1284,08
417,11	1179,63
417,32	1175,53
417,53	1210,35
417,73	1241,07
417,94	1206,25
418,15	1222,64
418,35	1136,62
418,56	1165,29
418,77	1212,40
418,97	1193,97
419,18	1200,11
419,38	1208,30
419,59	1159,15
419,80	1130,48
420,00	1198,06
420,21	1279,98
420,42	1206,25
420,62	1214,45
420,83	1185,77
421,04	1161,20
421,24	1202,16
421,45	1226,73
421,65	1243,12
421,86	1216,49
422,07	1198,06
422,27	1245,16
422,48	1196,01
422,69	1163,25
422,89	1140,72
423,10	1206,25
423,30	1148,91
423,51	1204,21
423,72	1175,53
423,92	1181,68
424,13	1196,01
424,33	1253,36
424,54	1187,82
424,75	1255,40
424,95	1218,54
425,16	1261,55
425,36	1159,15
425,57	1196,01
425,78	1200,11
425,98	1226,73
426,19	1196,01
426,39	1216,49
426,60	1148,91
426,81	1144,81
427,01	1179,63
427,22	1183,73
427,42	1159,15
427,63	1161,20
427,83	1105,90
428,04	1183,73
428,25	1175,53
428,45	1218,54
428,66	1253,36
428,86	1251,31
429,07	1228,78
429,28	1153,01
429,48	1241,07
429,69	1173,49
429,89	1185,77
430,10	1279,98
430,30	1191,92
430,51	1257,45
430,71	1165,29
430,92	1163,25
431,13	1253,36
431,33	1122,29
431,54	1234,93
431,74	1212,40
431,95	1243,12
432,15	1167,34
432,36	1179,63
432,56	1236,97
432,77	1206,25
432,98	1148,91
433,18	1224,69
433,39	1236,97
433,59	1187,82
433,80	1171,44
434,00	1173,49
434,21	1212,40
434,41	1241,07
434,62	1189,87
434,82	1204,21
435,03	1159,15
435,23	1150,96
435,44	1265,64
435,64	1185,77
435,85	1165,29
436,06	1216,49
436,26	1200,11
436,47	1208,30
436,67	1171,44
436,88	1282,03
437,08	1175,53
437,29	1191,92
437,49	1263,60
437,70	1124,33
437,90	1212,40
438,11	1230,83
438,31	1210,35
438,52	1275,88
438,72	1157,10
438,93	1226,73
439,13	1193,97
439,34	1122,29
439,54	1171,44
439,75	1150,96
439,95	1234,93
440,16	1220,59
440,36	1171,44
440,57	1150,96
440,77	1216,49
440,98	1177,58
441,18	1159,15
441,39	1171,44
441,59	1204,21
441,80	1136,62
442,00	1216,49
442,21	1198,06
442,41	1200,11
442,62	1177,58
442,82	1222,64
443,02	1161,20
443,23	1193,97
443,43	1234,93
443,64	1146,86
443,84	1214,45
444,05	1249,26
444,25	1150,96
444,46	1155,05
444,66	1185,77
444,87	1216,49
445,07	1167,34
445,28	1161,20
445,48	1224,69
445,69	1222,64
445,89	1284,08
446,09	1273,84
446,30	1177,58
446,50	1230,83
446,71	1191,92
446,91	1150,96
447,12	1216,49
447,32	1163,25
447,53	1220,59
447,73	1175,53
447,93	1251,31
448,14	1153,01
448,34	1224,69
448,55	1148,91
448,75	1175,53
448,96	1175,53
449,16	1179,63
449,36	1179,63
449,57	1263,60
449,77	1198,06
449,98	1179,63
450,18	1167,34
450,39	1124,33
450,59	1144,81
450,79	1196,01
451,00	1189,87
451,20	1146,86
451,41	1200,11
451,61	1191,92
451,81	1214,45
452,02	1173,49
452,22	1185,77
452,43	1181,68
452,63	1183,73
452,84	1204,21
453,04	1161,20
453,24	1142,77
453,45	1202,16
453,65	1187,82
453,86	1142,77
454,06	1136,62
454,26	1204,21
454,47	1189,87
454,67	1255,40
454,87	1177,58
455,08	1146,86
455,28	1206,25
455,49	1181,68
455,69	1200,11
455,89	1206,25
456,10	1245,16
456,30	1251,31
456,51	1175,53
456,71	1126,38
456,91	1222,64
457,12	1193,97
457,32	1210,35
457,52	1220,59
457,73	1200,11
457,93	1155,05
458,14	1112,05
458,34	1204,21
458,54	1277,93
458,75	1196,01
458,95	1198,06
459,15	1159,15
459,36	1220,59
459,56	1218,54
459,76	1189,87
459,97	1175,53
460,17	1253,36
460,37	1265,64
460,58	1148,91
460,78	1169,39
460,99	1163,25
461,19	1185,77
461,39	1144,81
461,60	1243,12
461,80	1191,92
462,00	1222,64
462,21	1159,15
462,41	1224,69
462,61	1124,33
462,82	1210,35
463,02	1183,73
463,22	1224,69
463,43	1198,06
463,63	1245,16
463,83	1183,73
464,04	1193,97
464,24	1183,73
464,44	1239,02
464,64	1181,68
464,85	1146,86
465,05	1212,40
465,25	1239,02
465,46	1253,36
465,66	1183,73
465,86	1181,68
466,07	1224,69
466,27	1183,73
466,47	1222,64
466,68	1206,25
466,88	1241,07
467,08	1206,25
467,29	1206,25
467,49	1214,45
467,69	1116,14
467,89	1157,10
468,10	1216,49
468,30	1128,43
468,50	1257,45
468,71	1200,11
468,91	1183,73
469,11	1243,12
469,31	1196,01
469,52	1228,78
469,72	1171,44
469,92	1279,98
470,13	1208,30
470,33	1171,44
470,53	1130,48
470,73	1257,45
470,94	1255,40
471,14	1200,11
471,34	1208,30
471,54	1214,45
471,75	1196,01
471,95	1220,59
472,15	1173,49
472,36	1212,40
472,56	1191,92
472,76	1247,21
472,96	1183,73
473,17	1185,77
473,37	1222,64
473,57	1226,73
473,77	1142,77
473,98	1181,68
474,18	1214,45
474,38	1146,86
474,58	1189,87
474,79	1271,79
474,99	1167,34
475,19	1251,31
475,39	1236,97
475,60	1234,93
475,80	1202,16
476,00	1239,02
476,20	1120,24
476,41	1212,40
476,61	1173,49
476,81	1230,83
477,01	1247,21
477,21	1165,29
477,42	1169,39
477,62	1226,73
477,82	1196,01
478,02	1206,25
478,23	1177,58
478,43	1208,30
478,63	1216,49
478,83	1222,64
479,03	1202,16
479,24	1273,84
479,44	1208,30
479,64	1187,82
479,84	1118,19
480,04	1228,78
480,25	1247,21
480,45	1208,30
480,65	1181,68
480,85	1216,49
481,06	1189,87
481,26	1212,40
481,46	1259,50
481,66	1224,69
481,86	1157,10
482,06	1210,35
482,27	1148,91
482,47	1173,49
482,67	1249,26
482,87	1200,11
483,07	1222,64
483,28	1159,15
483,48	1155,05
483,68	1196,01
483,88	1216,49
484,08	1163,25
484,29	1224,69
484,49	1191,92
484,69	1150,96
484,89	1103,86
485,09	1245,16
485,29	1185,77
485,50	1236,97
485,70	1234,93
485,90	1196,01
486,10	1122,29
486,30	1175,53
486,50	1191,92
486,71	1208,30
486,91	1167,34
487,11	1234,93
487,31	1179,63
487,51	1187,82
487,71	1241,07
487,91	1173,49
488,12	1200,11
488,32	1144,81
488,52	1220,59
488,72	1183,73
488,92	1148,91
489,12	1159,15
489,32	1185,77
489,53	1222,64
489,73	1210,35
489,93	1187,82
490,13	1263,60
490,33	1187,82
490,53	1206,25
490,73	1273,84
490,94	1175,53
491,14	1185,77
491,34	1200,11
491,54	1179,63
491,74	1247,21
491,94	1204,21
492,14	1189,87
492,34	1167,34
492,54	1198,06
492,75	1222,64
492,95	1222,64
493,15	1198,06
493,35	1208,30
493,55	1183,73
493,75	1214,45
493,95	1200,11
494,15	1214,45
494,35	1159,15
494,56	1191,92
494,76	1196,01
494,96	1155,05
495,16	1261,55
495,36	1316,84
495,56	1230,83
495,76	1200,11
495,96	1198,06
496,16	1230,83
496,36	1204,21
496,56	1263,60
496,77	1286,12
496,97	1224,69
497,17	1153,01
497,37	1232,88
497,57	1140,72
497,77	1249,26
497,97	1191,92
498,17	1247,21
498,37	1206,25
498,57	1218,54
498,77	1155,05
498,97	1234,93
499,17	1202,16
499,38	1239,02
499,58	1257,45
499,78	1257,45
499,98	1173,49
500,18	1165,29
500,38	1171,44
500,58	1226,73
500,78	1198,06
500,98	1142,77
501,18	1163,25
501,38	1175,53
501,58	1300,46
501,78	1173,49
501,98	1177,58
502,18	1122,29
502,38	1253,36
502,58	1163,25
502,78	1118,19
502,98	1130,48
503,18	1222,64
503,38	1179,63
503,59	1175,53
503,79	1179,63
503,99	1245,16
504,19	1163,25
504,39	1232,88
504,59	1232,88
504,79	1161,20
504,99	1193,97
505,19	1230,83
505,39	1212,40
505,59	1249,26
505,79	1204,21
505,99	1124,33
506,19	1122,29
506,39	1189,87
506,59	1167,34
506,79	1208,30
506,99	1169,39
507,19	1189,87
507,39	1159,15
507,59	1271,79
507,79	1220,59
507,99	1130,48
508,19	1171,44
508,39	1224,69
508,59	1114,10
508,79	1187,82
508,99	1247,21
509,19	1253,36
509,39	1185,77
509,59	1161,20
509,79	1232,88
509,99	1245,16
510,19	1189,87
510,39	1138,67
510,59	1136,62
510,79	1232,88
510,99	1193,97
511,19	1226,73
511,39	1241,07
511,59	1157,10
511,79	1282,03
511,99	1239,02
512,19	1267,69
512,38	1169,39
512,58	1103,86
512,78	1198,06
512,98	1224,69
513,18	1191,92
513,38	1134,57
513,58	1214,45
513,78	1179,63
513,98	1198,06
514,18	1253,36
514,38	1134,57
514,58	1234,93
514,78	1175,53
514,98	1175,53
515,18	1216,49
515,38	1165,29
515,58	1265,64
515,78	1189,87
515,98	1279,98
516,18	1204,21
516,38	1232,88
516,57	1161,20
516,77	1202,16
516,97	1163,25
517,17	1210,35
517,37	1212,40
517,57	1193,97
517,77	1159,15
517,97	1208,30
518,17	1218,54
518,37	1187,82
518,57	1181,68
518,77	1204,21
518,97	1196,01
519,16	1122,29
519,36	1159,15
519,56	1232,88
519,76	1140,72
519,96	1220,59
520,16	1167,34
520,36	1230,83
520,56	1144,81
520,76	1216,49
520,96	1175,53
521,16	1279,98
521,35	1167,34
521,55	1218,54
521,75	1226,73
521,95	1210,35
522,15	1150,96
522,35	1181,68
522,55	1216,49
522,75	1173,49
522,95	1181,68
523,14	1212,40
523,34	1163,25
523,54	1265,64
523,74	1216,49
523,94	1224,69
524,14	1169,39
524,34	1146,86
524,54	1161,20
524,73	1230,83
524,93	1134,57
525,13	1265,64
525,33	1169,39
525,53	1171,44
525,73	1167,34
525,93	1202,16
526,13	1159,15
526,32	1198,06
526,52	1206,25
526,72	1189,87
526,92	1196,01
527,12	1222,64
527,32	1193,97
527,52	1214,45
527,71	1196,01
527,91	1220,59
528,11	1249,26
528,31	1220,59
528,51	1177,58
528,71	1179,63
528,90	1142,77
529,10	1189,87
529,30	1196,01
529,50	1136,62
529,70	1224,69
529,90	1161,20
530,09	1214,45
530,29	1230,83
530,49	1132,53
530,69	1175,53
530,89	1181,68
531,09	1148,91
531,28	1150,96
531,48	1251,31
531,68	1196,01
531,88	1130,48
532,08	1208,30
532,28	1212,40
532,47	1183,73
532,67	1218,54
532,87	1234,93
533,07	1226,73
533,27	1214,45
533,46	1226,73
533,66	1212,40
533,86	1153,01
534,06	1191,92
534,26	1165,29
534,45	1228,78
534,65	1136,62
534,85	1091,57
535,05	1196,01
535,25	1183,73
535,44	1208,30
535,64	1222,64
535,84	1193,97
536,04	1212,40
536,24	1148,91
536,43	1146,86
536,63	1230,83
536,83	1122,29
537,03	1165,29
537,22	1196,01
537,42	1236,97
537,62	1214,45
537,82	1181,68
538,02	1216,49
538,21	1189,87
538,41	1146,86
538,61	1157,10
538,81	1167,34
539,00	1228,78
539,20	1183,73
539,40	1187,82
539,60	1161,20
539,79	1210,35
539,99	1196,01
540,19	1247,21
540,39	1212,40
540,58	1228,78
540,78	1247,21
540,98	1167,34
541,18	1208,30
541,37	1247,21
541,57	1187,82
541,77	1155,05
541,97	1216,49
542,16	1089,52
542,36	1183,73
542,56	1163,25
542,76	1189,87
542,95	1150,96
543,15	1144,81
543,35	1212,40
543,54	1202,16
543,74	1253,36
543,94	1142,77
544,14	1181,68
544,33	1179,63
544,53	1128,43
544,73	1165,29
544,93	1153,01
545,12	1269,74
545,32	1232,88
545,52	1191,92
545,71	1175,53
545,91	1202,16
546,11	1239,02
546,30	1185,77
546,50	1216,49
546,70	1187,82
546,90	1232,88
547,09	1163,25
547,29	1161,20
547,49	1249,26
547,68	1196,01
547,88	1179,63
548,08	1251,31
548,27	1232,88
548,47	1212,40
548,67	1120,24
548,87	1179,63
549,06	1126,38
549,26	1189,87
549,46	1224,69
549,65	1153,01
549,85	1269,74
550,05	1218,54
550,24	1230,83
550,44	1196,01
550,64	1202,16
550,83	1220,59
551,03	1202,16
551,23	1230,83
551,42	1267,69
551,62	1153,01
551,82	1175,53
552,01	1196,01
552,21	1198,06
552,41	1181,68
552,60	1150,96
552,80	1239,02
553,00	1212,40
553,19	1185,77
553,39	1148,91
553,59	1142,77
553,78	1273,84
553,98	1216,49
554,17	1228,78
554,37	1191,92
554,57	1126,38
554,76	1212,40
554,96	1212,40
555,16	1175,53
555,35	1118,19
555,55	1196,01
555,75	1222,64
555,94	1226,73
556,14	1220,59
556,33	1241,07
556,53	1196,01
556,73	1251,31
556,92	1210,35
557,12	1132,53
557,32	1226,73
557,51	1153,01
557,71	1222,64
557,90	1193,97
558,10	1189,87
558,30	1163,25
558,49	1167,34
558,69	1204,21
558,88	1148,91
559,08	1243,12
559,28	1206,25
559,47	1179,63
559,67	1263,60
559,86	1198,06
560,06	1222,64
560,26	1239,02
560,45	1191,92
560,65	1271,79
560,84	1191,92
561,04	1222,64
561,24	1251,31
561,43	1206,25
561,63	1187,82
561,82	1212,40
562,02	1261,55
562,22	1261,55
562,41	1134,57
562,61	1165,29
562,80	1200,11
563,00	1126,38
563,19	1269,74
563,39	1187,82
563,59	1224,69
563,78	1153,01
563,98	1185,77
564,17	1214,45
564,37	1265,64
564,56	1196,01
564,76	1122,29
564,96	1222,64
565,15	1126,38
565,35	1191,92
565,54	1191,92
565,74	1114,10
565,93	1187,82
566,13	1267,69
566,32	1185,77
566,52	1226,73
566,71	1150,96
566,91	1263,60
567,11	1187,82
567,30	1261,55
567,50	1165,29
567,69	1159,15
567,89	1234,93
568,08	1189,87
568,28	1179,63
568,47	1120,24
568,67	1140,72
568,86	1236,97
569,06	1161,20
569,25	1179,63
569,45	1169,39
569,64	1220,59
569,84	1245,16
570,04	1144,81
570,23	1187,82
570,43	1189,87
570,62	1228,78
570,82	1257,45
571,01	1165,29
571,21	1222,64
571,40	1253,36
571,60	1232,88
571,79	1212,40
571,99	1232,88
572,18	1165,29
572,38	1146,86
572,57	1191,92
572,77	1212,40
572,96	1277,93
573,16	1204,21
573,35	1210,35
573,55	1196,01
573,74	1247,21
573,94	1134,57
574,13	1245,16
574,33	1232,88
574,52	1210,35
574,71	1157,10
574,91	1251,31
575,10	1142,77
575,30	1155,05
575,49	1218,54
575,69	1153,01
575,88	1142,77
576,08	1212,40
576,27	1138,67
576,47	1257,45
576,66	1198,06
576,86	1208,30
577,05	1214,45
577,25	1239,02
577,44	1144,81
577,64	1183,73
577,83	1148,91
578,02	1243,12
578,22	1146,86
578,41	1163,25
578,61	1175,53
578,80	1212,40
579,00	1185,77
579,19	1210,35
579,39	1241,07
579,58	1169,39
579,77	1216,49
579,97	1163,25
580,16	1183,73
580,36	1224,69
580,55	1189,87
580,75	1187,82
580,94	1216,49
581,13	1136,62
581,33	1171,44
581,52	1224,69
581,72	1212,40
581,91	1171,44
582,11	1273,84
582,30	1204,21
582,49	1181,68
582,69	1157,10
582,88	1224,69
583,08	1099,76
583,27	1206,25
583,47	1173,49
583,66	1226,73
583,85	1198,06
584,05	1218,54
584,24	1183,73
584,44	1114,10
584,63	1171,44
584,82	1222,64
585,02	1241,07
585,21	1159,15
585,41	1191,92
585,60	1200,11
585,79	1294,32
585,99	1200,11
586,18	1146,86
586,37	1179,63
586,57	1124,33
586,76	1247,21
586,96	1222,64
587,15	1175,53
587,34	1232,88
587,54	1208,30
587,73	1218,54
587,93	1234,93
588,12	1171,44
588,31	1146,86
588,51	1204,21
588,70	1183,73
588,89	1161,20
589,09	1130,48
589,28	1212,40
589,47	1153,01
589,67	1253,36
589,86	1253,36
590,06	1243,12
590,25	1282,03
590,44	1187,82
590,64	1144,81
590,83	1191,92
591,02	1232,88
591,22	1181,68
591,41	1191,92
591,60	1230,83
591,80	1232,88
591,99	1146,86
592,18	1253,36
592,38	1214,45
592,57	1142,77
592,76	1241,07
592,96	1220,59
593,15	1198,06
593,34	1181,68
593,54	1132,53
593,73	1216,49
593,92	1155,05
594,12	1175,53
594,31	1200,11
594,50	1189,87
594,70	1220,59
594,89	1236,97
595,08	1171,44
595,28	1265,64
595,47	1183,73
595,66	1271,79
595,86	1177,58
596,05	1169,39
596,24	1187,82
596,43	1140,72
596,63	1206,25
596,82	1179,63
597,01	1198,06
597,21	1212,40
597,40	1179,63
597,59	1204,21
597,79	1175,53
597,98	1155,05
598,17	1183,73
598,36	1081,33
598,56	1214,45
598,75	1165,29
598,94	1153,01
599,14	1159,15
599,33	1179,63
599,52	1230,83
599,71	1191,92
599,91	1165,29
600,10	1224,69
600,29	1208,30
600,48	1267,69
600,68	1259,50
600,87	1210,35
601,06	1171,44
601,26	1148,91
601,45	1251,31
601,64	1228,78
601,83	1212,40
602,03	1269,74
602,22	1193,97
602,41	1198,06
602,60	1206,25
602,80	1155,05
602,99	1153,01
603,18	1171,44
603,37	1245,16
603,57	1196,01
603,76	1167,34
603,95	1120,24
604,14	1165,29
604,34	1163,25
604,53	1208,30
604,72	1177,58
604,91	1155,05
605,10	1239,02
605,30	1226,73
605,49	1228,78
605,68	1157,10
605,87	1148,91
606,07	1208,30
606,26	1206,25
606,45	1187,82
606,64	1177,58
606,84	1187,82
607,03	1239,02
607,22	1126,38
607,41	1128,43
607,60	1185,77
607,80	1191,92
607,99	1146,86
608,18	1218,54
608,37	1165,29
608,56	1150,96
608,76	1228,78
608,95	1206,25
609,14	1208,30
609,33	1185,77
609,52	1163,25
609,72	1187,82
609,91	1175,53
610,10	1165,29
610,29	1208,30
610,48	1179,63
610,68	1179,63
610,87	1196,01
611,06	1167,34
611,25	1183,73
611,44	1206,25
611,63	1198,06
611,83	1159,15
612,02	1204,21
612,21	1204,21
612,40	1241,07
612,59	1208,30
612,79	1204,21
612,98	1249,26
613,17	1282,03
613,36	1247,21
613,55	1171,44
613,74	1249,26
613,93	1216,49
614,13	1150,96
614,32	1167,34
614,51	1224,69
614,70	1228,78
614,89	1167,34
615,08	1124,33
615,28	1255,40
615,47	1157,10
615,66	1212,40
615,85	1146,86
616,04	1148,91
616,23	1148,91
616,42	1204,21
616,62	1228,78
616,81	1107,95
617,00	1189,87
617,19	1153,01
617,38	1169,39
617,57	1189,87
617,76	1208,30
617,95	1230,83
618,15	1220,59
618,34	1191,92
618,53	1200,11
618,72	1210,35
618,91	1099,76
619,10	1204,21
619,29	1204,21
619,48	1181,68
619,68	1142,77
619,87	1159,15
620,06	1169,39
620,25	1241,07
620,44	1263,60
620,63	1183,73
620,82	1206,25
621,01	1212,40
621,20	1187,82
621,39	1075,18
621,59	1163,25
621,78	1273,84
621,97	1171,44
622,16	1173,49
622,35	1255,40
622,54	1183,73
622,73	1267,69
622,92	1208,30
623,11	1220,59
623,30	1232,88
623,49	1261,55
623,68	1169,39
623,88	1103,86
624,07	1189,87
624,26	1216,49
624,45	1261,55
624,64	1142,77
624,83	1198,06
625,02	1236,97
625,21	1214,45
625,40	1243,12
625,59	1236,97
625,78	1232,88
625,97	1169,39
626,16	1187,82
626,35	1134,57
626,54	1220,59
626,74	1210,35
626,93	1212,40
627,12	1249,26
627,31	1200,11
627,50	1198,06
627,69	1177,58
627,88	1230,83
628,07	1183,73
628,26	1245,16
628,45	1247,21
628,64	1150,96
628,83	1216,49
629,02	1198,06
629,21	1249,26
629,40	1234,93
629,59	1208,30
629,78	1206,25
629,97	1198,06
630,16	1247,21
630,35	1118,19
630,54	1251,31
630,73	1196,01
630,92	1232,88
631,11	1255,40
631,30	1255,40
631,49	1300,46
631,68	1394,67
631,87	2492,38
632,06	8216,45
632,25	16957,18
632,44	21288,64
632,63	27250,27
632,82	14561,06
633,01	8421,25
633,20	3997,64
633,39	2129,89
633,58	1673,19
633,77	1769,44
633,96	1628,14
634,15	1513,45
634,34	1404,91
634,53	1359,85
634,72	1298,41
634,91	1249,26
635,10	1265,64
635,29	1245,16
635,48	1181,68
635,67	1228,78
635,86	1202,16
636,05	1196,01
636,24	1200,11
636,43	1245,16
636,62	1267,69
636,81	1173,49
637,00	1179,63
637,19	1241,07
637,38	1208,30
637,57	1183,73
637,76	1220,59
637,95	1173,49
638,14	1282,03
638,33	1265,64
638,52	1247,21
638,71	1236,97
638,89	1232,88
639,08	1230,83
639,27	1193,97
639,46	1200,11
639,65	1202,16
639,84	1269,74
640,03	1179,63
640,22	1241,07
640,41	1187,82
640,60	1255,40
640,79	1177,58
640,98	1144,81
641,17	1093,62
641,36	1204,21
641,55	1261,55
641,74	1208,30
641,92	1177,58
642,11	1243,12
642,30	1198,06
642,49	1187,82
642,68	1228,78
642,87	1142,77
643,06	1222,64
643,25	1138,67
643,44	1234,93
643,63	1153,01
643,82	1196,01
644,00	1224,69
644,19	1206,25
644,38	1251,31
644,57	1232,88
644,76	1212,40
644,95	1269,74
645,14	1273,84
645,33	1159,15
645,52	1171,44
645,71	1224,69
645,89	1169,39
646,08	1208,30
646,27	1148,91
646,46	1228,78
646,65	1146,86
646,84	1226,73
647,03	1112,05
647,22	1290,22
647,40	1193,97
647,59	1208,30
647,78	1165,29
647,97	1124,33
648,16	1236,97
648,35	1185,77
648,54	1173,49
648,73	1179,63
648,91	1232,88
649,10	1224,69
649,29	1144,81
649,48	1236,97
649,67	1202,16
649,86	1232,88
650,05	1112,05
650,23	1148,91
650,42	1140,72
650,61	1155,05
650,80	1200,11
650,99	1191,92
651,18	1136,62
651,36	1187,82
651,55	1189,87
651,74	1181,68
651,93	1187,82
652,12	1167,34
652,31	1181,68
652,49	1251,31
652,68	1155,05
652,87	1200,11
653,06	1169,39
653,25	1179,63
653,44	1218,54
653,62	1216,49
653,81	1165,29
654,00	1136,62
654,19	1150,96
654,38	1183,73
654,56	1202,16
654,75	1150,96
654,94	1175,53
655,13	1198,06
655,32	1202,16
655,51	1228,78
655,69	1132,53
655,88	1210,35
656,07	1116,14
656,26	1193,97
656,45	1142,77
656,63	1175,53
656,82	1236,97
657,01	1228,78
657,20	1216,49
657,38	1171,44
657,57	1214,45
657,76	1142,77
657,95	1222,64
658,14	1157,10
658,32	1208,30
658,51	1206,25
658,70	1226,73
658,89	1222,64
659,08	1177,58
659,26	1224,69
659,45	1148,91
659,64	1183,73
659,83	1228,78
660,01	1216,49
660,20	1212,40
660,39	1259,50
660,58	1155,05
660,76	1118,19
660,95	1212,40
661,14	1232,88
661,33	1142,77
661,51	1220,59
661,70	1183,73
661,89	1204,21
662,08	1243,12
662,26	1134,57
662,45	1249,26
662,64	1146,86
662,83	1253,36
663,01	1161,20
663,20	1187,82
663,39	1202,16
663,58	1212,40
663,76	1189,87
663,95	1175,53
664,14	1150,96
664,32	1230,83
664,51	1167,34
664,70	1230,83
664,89	1208,30
665,07	1140,72
665,26	1193,97
665,45	1169,39
665,64	1183,73
665,82	1206,25
666,01	1236,97
666,20	1200,11
666,38	1216,49
666,57	1267,69
666,76	1247,21
666,95	1271,79
667,13	1181,68
667,32	1204,21
667,51	1200,11
667,69	1216,49
667,88	1163,25
668,07	1189,87
668,25	1236,97
668,44	1212,40
668,63	1200,11
668,81	1241,07
669,00	1091,57
669,19	1191,92
669,38	1224,69
669,56	1181,68
669,75	1220,59
669,94	1245,16
670,12	1198,06
670,31	1226,73
670,50	1267,69
670,68	1206,25
670,87	1224,69
671,06	1263,60
671,24	1234,93
671,43	1173,49
671,62	1126,38
671,80	1165,29
671,99	1210,35
672,18	1138,67
672,36	1230,83
672,55	1204,21
672,74	1161,20
672,92	1196,01
673,11	1220,59
673,29	1208,30
673,48	1191,92
673,67	1196,01
673,85	1183,73
674,04	1226,73
674,23	1230,83
674,41	1224,69
674,60	1232,88
674,79	1150,96
674,97	1241,07
675,16	1265,64
675,34	1226,73
675,53	1169,39
675,72	1226,73
675,90	1165,29
676,09	1167,34
676,28	1228,78
676,46	1208,30
676,65	1245,16
676,83	1134,57
677,02	1179,63
677,21	1222,64
677,39	1204,21
677,58	1241,07
677,77	1200,11
677,95	1200,11
678,14	1167,34
678,32	1224,69
678,51	1214,45
678,70	1179,63
678,88	1146,86
679,07	1251,31
679,25	1136,62
679,44	1228,78
679,63	1126,38
679,81	1167,34
680,00	1200,11
680,18	1171,44
680,37	1251,31
680,55	1187,82
680,74	1210,35
680,93	1157,10
681,11	1236,97
681,30	1239,02
681,48	1181,68
681,67	1155,05
681,85	1183,73
682,04	1200,11
682,23	1234,93
682,41	1140,72
682,60	1193,97
682,78	1210,35
682,97	1198,06
683,15	1253,36
683,34	1243,12
683,53	1150,96
683,71	1249,26
683,90	1179,63
684,08	1198,06
684,27	1282,03
684,45	1163,25
684,64	1198,06
684,82	1224,69
685,01	1185,77
685,19	1255,40
685,38	1245,16
685,57	1290,22
685,75	1239,02
685,94	1169,39
686,12	1206,25
686,31	1177,58
686,49	1183,73
686,68	1142,77
686,86	1134,57
687,05	1175,53
687,23	1216,49
687,42	1191,92
687,60	1191,92
687,79	1265,64
687,97	1210,35
688,16	1165,29
688,34	1126,38
688,53	1222,64
688,71	1173,49
688,90	1171,44
689,08	1208,30
689,27	1112,05
689,45	1218,54
689,64	1191,92
689,82	1269,74
690,01	1202,16
690,19	1265,64
690,38	1232,88
690,56	1187,82
690,75	1179,63
690,93	1171,44
691,12	1206,25
691,30	1204,21
691,49	1126,38
691,67	1206,25
691,86	1204,21
692,04	1183,73
692,23	1175,53
692,41	1241,07
692,60	1146,86
692,78	1206,25
692,97	1245,16
693,15	1230,83
693,34	1187,82
693,52	1216,49
693,71	1228,78
693,89	1267,69
694,08	1138,67
694,26	1206,25
694,44	1148,91
694,63	1204,21
694,81	1140,72
695,00	1153,01
695,18	1241,07
695,37	1214,45
695,55	1224,69
695,74	1198,06
695,92	1175,53
696,10	1159,15
696,29	1193,97
696,47	1228,78
696,66	1159,15
696,84	1210,35
697,03	1191,92
697,21	1302,51
697,40	1177,58
697,58	1206,25
697,76	1198,06
697,95	1159,15
698,13	1226,73
698,32	1126,38
698,50	1138,67
698,68	1181,68
698,87	1087,47
699,05	1218,54
699,24	1224,69
699,42	1241,07
699,61	1161,20
699,79	1259,50
699,97	1208,30
700,16	1214,45
700,34	1273,84
700,53	1107,95
700,71	1202,16
700,89	1142,77
701,08	1167,34
701,26	1200,11
701,45	1191,92
701,63	1206,25
701,81	1279,98
702,00	1150,96
702,18	1200,11
702,37	1191,92
702,55	1202,16
702,73	1142,77
702,92	1189,87
703,10	1212,40
703,28	1167,34
703,47	1191,92
703,65	1228,78
703,84	1187,82
704,02	1200,11
704,20	1200,11
704,39	1193,97
704,57	1204,21
704,75	1208,30
704,94	1171,44
705,12	1159,15
705,30	1173,49
705,49	1167,34
705,67	1206,25
705,86	1228,78
706,04	1150,96
706,22	1204,21
706,41	1206,25
706,59	1224,69
706,77	1196,01
706,96	1189,87
707,14	1210,35
707,32	1150,96
707,51	1212,40
707,69	1200,11
707,87	1200,11
708,06	1214,45
708,24	1191,92
708,42	1167,34
708,61	1257,45
708,79	1208,30
708,97	1220,59
709,16	1216,49
709,34	1173,49
709,52	1185,77
709,71	1181,68
709,89	1175,53
710,07	1157,10
710,26	1150,96
710,44	1181,68
710,62	1177,58
710,80	1202,16
710,99	1208,30
711,17	1136,62
711,35	1179,63
711,54	1138,67
711,72	1173,49
711,90	1232,88
712,09	1275,88
712,27	1167,34
712,45	1232,88
712,63	1196,01
712,82	1228,78
713,00	1271,79
713,18	1181,68
713,37	1142,77
713,55	1185,77
713,73	1187,82
713,91	1236,97
714,10	1212,40
714,28	1175,53
714,46	1165,29
714,65	1202,16
714,83	1220,59
715,01	1206,25
715,19	1165,29
715,38	1191,92
715,56	1214,45
715,74	1208,30
715,92	1173,49
716,11	1200,11
716,29	1239,02
716,47	1181,68
716,65	1196,01
716,84	1169,39
717,02	1175,53
717,20	1247,21
717,38	1232,88
717,57	1198,06
717,75	1099,76
717,93	1249,26
718,11	1193,97
718,30	1220,59
718,48	1169,39
718,66	1218,54
718,84	1157,10
719,03	1155,05
719,21	1214,45
719,39	1206,25
719,57	1241,07
719,75	1314,80
719,94	1183,73
720,12	1228,78
720,30	1189,87
720,48	1157,10
720,67	1226,73
720,85	1243,12
721,03	1204,21
721,21	1140,72
721,39	1161,20
721,58	1202,16
721,76	1181,68
721,94	1200,11
722,12	1155,05
722,30	1216,49
722,49	1189,87
722,67	1198,06
722,85	1232,88
723,03	1245,16
723,21	1191,92
723,40	1179,63
723,58	1265,64
723,76	1177,58
723,94	1146,86
724,12	1249,26
724,30	1230,83
724,49	1189,87
724,67	1228,78
724,85	1216,49
725,03	1189,87
725,21	1220,59
725,40	1249,26
725,58	1204,21
725,76	1189,87
725,94	1157,10
726,12	1163,25
726,30	1196,01
726,49	1198,06
726,67	1107,95
726,85	1222,64
727,03	1208,30
727,21	1249,26
727,39	1220,59
727,57	1232,88
727,76	1204,21
727,94	1241,07
728,12	1163,25
728,30	1187,82
728,48	1148,91
728,66	1232,88
728,84	1185,77
729,03	1161,20
729,21	1196,01
729,39	1220,59
729,57	1200,11
729,75	1181,68
729,93	1157,10
730,11	1196,01
730,30	1146,86
730,48	1234,93
730,66	1165,29
730,84	1239,02
731,02	1273,84
731,20	1146,86
731,38	1159,15
731,56	1236,97
731,74	1122,29
731,93	1218,54
732,11	1200,11
732,29	1245,16
732,47	1120,24
732,65	1216,49
732,83	1243,12
733,01	1159,15
733,19	1130,48
733,37	1232,88
733,56	1220,59
733,74	1232,88
733,92	1144,81
734,10	1179,63
734,28	1191,92
734,46	1243,12
734,64	1204,21
734,82	1216,49
735,00	1200,11
735,18	1161,20
735,36	1206,25
735,54	1179,63
735,73	1222,64
735,91	1179,63
736,09	1163,25
736,27	1148,91
736,45	1181,68
736,63	1230,83
736,81	1220,59
736,99	1196,01
737,17	1110,00
737,35	1251,31
737,53	1236,97
737,71	1103,86
737,89	1189,87
738,07	1148,91
738,25	1169,39
738,43	1253,36
738,61	1198,06
738,80	1179,63
738,98	1224,69
739,16	1228,78
739,34	1185,77
739,52	1247,21
739,70	1202,16
739,88	1183,73
740,06	1146,86
740,24	1187,82
740,42	1202,16
740,60	1157,10
740,78	1157,10
740,96	1269,74
741,14	1187,82
741,32	1183,73
741,50	1220,59
741,68	1212,40
741,86	1150,96
742,04	1181,68
742,22	1175,53
742,40	1193,97
742,58	1157,10
742,76	1183,73
742,94	1253,36
743,12	1144,81
743,30	1163,25
743,48	1208,30
743,66	1198,06
743,84	1187,82
744,02	1230,83
744,20	1177,58
744,38	1146,86
744,56	1226,73
744,74	1181,68
744,92	1253,36
745,10	1144,81
745,28	1222,64
745,46	1212,40
745,64	1144,81
745,82	1212,40
746,00	1220,59
746,18	1130,48
746,36	1241,07
746,54	1218,54
746,72	1181,68
746,90	1196,01
747,08	1265,64
747,26	1200,11
747,44	1179,63
747,62	1263,60
747,80	1243,12
747,98	1196,01
748,15	1263,60
748,33	1247,21
748,51	1206,25
748,69	1110,00
748,87	1189,87
749,05	1191,92
749,23	1175,53
749,41	1206,25
749,59	1181,68
749,77	1177,58
749,95	1212,40
750,13	1128,43
750,31	1216,49
750,49	1159,15
750,67	1228,78
750,85	1191,92
751,03	1165,29
751,20	1183,73
751,38	1255,40
751,56	1210,35
751,74	1212,40
751,92	1161,20
752,10	1245,16
752,28	1138,67
752,46	1183,73
752,64	1202,16
752,82	1169,39
753,00	1214,45
753,18	1155,05
753,35	1128,43
753,53	1187,82
753,71	1200,11
753,89	1204,21
754,07	1202,16
754,25	1183,73
754,43	1177,58
754,61	1273,84
754,79	1249,26
754,97	1175,53
755,14	1212,40
755,32	1132,53
755,50	1218,54
755,68	1193,97
755,86	1132,53
756,04	1218,54
756,22	1312,75
756,40	1216,49
756,57	1193,97
756,75	1251,31
756,93	1187,82
757,11	1232,88
757,29	1222,64
757,47	1232,88
757,65	1206,25
757,82	1196,01
758,00	1210,35
758,18	1230,83
758,36	1191,92
758,54	1193,97
758,72	1239,02
758,90	1196,01
759,07	1202,16
759,25	1175,53
759,43	1279,98
759,61	1185,77
759,79	1284,08
759,97	1144,81
760,15	1150,96
760,32	1288,17
760,50	1241,07
760,68	1228,78
760,86	1230,83
761,04	1198,06
761,22	1202,16
761,39	1228,78
761,57	1234,93
761,75	1150,96
761,93	1120,24
762,11	1146,86
762,28	1247,21
762,46	1126,38
762,64	1177,58
762,82	1226,73
763,00	1155,05
763,18	1173,49
763,35	1196,01
763,53	1198,06
763,71	1222,64
763,89	1218,54
764,07	1212,40
764,24	1253,36
764,42	1222,64
764,60	1208,30
764,78	1290,22
764,96	1153,01
765,13	1169,39
765,31	1185,77
765,49	1200,11
765,67	1179,63
765,84	1224,69
766,02	1222,64
766,20	1202,16
766,38	1253,36
766,56	1165,29
766,73	1236,97
766,91	1243,12
767,09	1234,93
767,27	1155,05
767,44	1191,92
767,62	1234,93
767,80	1179,63
767,98	1236,97
768,15	1218,54
768,33	1196,01
768,51	1126,38
768,69	1189,87
768,87	1222,64
769,04	1183,73
769,22	1343,47
769,40	1183,73
769,58	1179,63
769,75	1267,69
769,93	1126,38
770,11	1146,86
770,28	1187,82
770,46	1165,29
770,64	1210,35
770,82	1212,40
770,99	1282,03
771,17	1191,92
771,35	1181,68
771,53	1220,59
771,70	1134,57
771,88	1179,63
772,06	1204,21
772,23	1167,34
772,41	1146,86
772,59	1153,01
772,77	1212,40
772,94	1202,16
773,12	1173,49
773,30	1179,63
773,47	1236,97
773,65	1138,67
773,83	1187,82
774,01	1193,97
774,18	1275,88
774,36	1130,48
774,54	1183,73
774,71	1222,64
774,89	1185,77
775,07	1171,44
775,24	1218,54
775,42	1144,81
775,60	1214,45
775,78	1161,20
775,95	1212,40
776,13	1189,87
776,31	1187,82
776,48	1247,21
776,66	1155,05
776,84	1165,29
777,01	1212,40
777,19	1216,49
777,37	1193,97
777,54	1187,82
777,72	1200,11
777,90	1247,21
778,07	1265,64
778,25	1138,67
778,43	1271,79
778,60	1163,25
778,78	1187,82
778,96	1150,96
779,13	1128,43
779,31	1224,69
779,49	1212,40
779,66	1191,92
779,84	1157,10
780,01	1140,72
780,19	1179,63
780,37	1210,35
780,54	1183,73
780,72	1216,49
780,90	1220,59
781,07	1255,40
781,25	1187,82
781,43	1142,77
781,60	1224,69
781,78	1220,59
781,95	1185,77
782,13	1224,69
782,31	1191,92
782,48	1146,86
782,66	1210,35
782,83	1181,68
783,01	1208,30
783,19	1232,88
783,36	1189,87
783,54	1208,30
783,72	1204,21
783,89	1206,25
784,07	1171,44
784,24	1114,10
784,42	1157,10
784,60	1234,93
784,77	1191,92
784,95	1179,63
785,12	1165,29
785,30	1241,07
785,47	1140,72
785,65	1234,93
785,83	1173,49
786,00	1169,39
786,18	1136,62
786,35	1124,33
786,53	1171,44
786,71	1181,68
786,88	1169,39
787,06	1150,96
787,23	1226,73
787,41	1189,87
787,58	1200,11
787,76	1142,77
787,94	1163,25
788,11	1161,20
788,29	1179,63
788,46	1124,33
788,64	1228,78
788,81	1202,16
788,99	1134,57
789,16	1155,05
789,34	1222,64
789,52	1206,25
789,69	1179,63
789,87	1173,49
790,04	1204,21
790,22	1214,45
790,39	1181,68
790,57	1236,97
790,74	1193,97
790,92	1126,38
791,09	1204,21
791,27	1163,25
791,44	1255,40
791,62	1157,10
791,79	1187,82
791,97	1181,68
792,15	1150,96
792,32	1241,07
792,50	1138,67
792,67	1216,49
792,85	1243,12
793,02	1269,74
793,20	1204,21
793,37	1169,39
793,55	1200,11
793,72	1210,35
793,90	1210,35
794,07	1185,77
794,25	1241,07
794,42	1187,82
794,60	1122,29
794,77	1177,58
794,95	1175,53
795,12	1224,69
795,30	1150,96
795,47	1148,91
795,65	1177,58
795,82	1114,10
796,00	1157,10
796,17	1189,87
796,34	1138,67
796,52	1259,50
796,69	1226,73
796,87	1220,59
797,04	1179,63
797,22	1239,02
797,39	1196,01
797,57	1173,49
797,74	1202,16
797,92	1200,11
798,09	1107,95
798,27	1163,25
798,44	1153,01
798,62	1241,07
798,79	1189,87
798,96	1241,07
799,14	1210,35
799,31	1196,01
799,49	1097,71
799,66	1267,69
799,84	1171,44
800,01	1191,92
800,19	1126,38
800,36	1169,39
800,53	1200,11
800,71	1124,33
800,88	1241,07
801,06	1173,49
801,23	1179,63
801,41	1208,30
801,58	1189,87
801,75	1191,92
801,93	1144,81
802,10	1265,64
802,28	1169,39
802,45	1146,86
802,63	1275,88
802,80	1173,49
802,97	1187,82
803,15	1179,63
803,32	1200,11
803,50	1159,15
803,67	1191,92
803,84	1187,82
804,02	1148,91
804,19	1249,26
804,37	1202,16
804,54	1163,25
804,71	1177,58
804,89	1183,73
805,06	1142,77
805,24	1257,45
805,41	1271,79
805,58	1241,07
805,76	1148,91
805,93	1294,32
806,10	1134,57
806,28	1155,05
806,45	1224,69
806,63	1193,97
806,80	1173,49
806,97	1134,57
807,15	1294,32
807,32	1206,25
807,49	1175,53
807,67	1173,49
807,84	1193,97
808,01	1226,73
808,19	1241,07
808,36	1208,30
808,54	1247,21
808,71	1200,11
808,88	1189,87
809,06	1196,01
809,23	1206,25
809,40	1198,06
809,58	1130,48
809,75	1208,30
809,92	1255,40
810,10	1066,99
810,27	1300,46
810,44	1167,34
810,62	1224,69
810,79	1165,29
810,96	1271,79
811,14	1196,01
811,31	1191,92
811,48	1193,97
811,66	1232,88
811,83	1204,21
812,00	1230,83
812,18	1239,02
812,35	1126,38
812,52	1187,82
812,69	1216,49
812,87	1236,97
813,04	1226,73
813,21	1216,49
813,39	1200,11
813,56	1206,25
813,73	1249,26
813,91	1173,49
814,08	1247,21
814,25	1191,92
814,42	1200,11
814,60	1208,30
814,77	1241,07
814,94	1239,02
815,12	1191,92
815,29	1144,81
815,46	1099,76
815,63	1200,11
815,81	1230,83
815,98	1220,59
816,15	1216,49
816,33	1173,49
816,50	1157,10
816,67	1171,44
816,84	1159,15
817,02	1134,57
817,19	1255,40
817,36	1191,92
817,53	1140,72
817,71	1150,96
817,88	1157,10
818,05	1212,40
818,22	1171,44
818,40	1144,81
818,57	1130,48
818,74	1216,49
818,91	1146,86
819,09	1220,59
819,26	1187,82
819,43	1204,21
819,60	1165,29
819,78	1196,01
819,95	1165,29
820,12	1263,60
820,29	1169,39
820,47	1150,96
820,64	1249,26
820,81	1241,07
820,98	1228,78
821,15	1179,63
821,33	1214,45
821,50	1060,85
821,67	1193,97
821,84	1150,96
822,02	1142,77
822,19	1177,58
822,36	1169,39
822,53	1153,01
822,70	1243,12
822,88	1089,52
823,05	1183,73
823,22	1179,63
823,39	1095,66
823,56	1212,40
823,74	1239,02
823,91	1226,73
824,08	1212,40
824,25	1177,58
824,42	1206,25
824,60	1159,15
824,77	1191,92
824,94	1157,10
825,11	1220,59
825,28	1163,25
825,45	1189,87
825,63	1204,21
825,80	1218,54
825,97	1253,36
826,14	1200,11
826,31	1232,88
826,48	1150,96
826,66	1243,12
826,83	1191,92
827,00	1202,16
827,17	1191,92
827,34	1187,82
827,51	1239,02
827,69	1202,16
827,86	1167,34
828,03	1167,34
828,20	1185,77
828,37	1128,43
828,54	1146,86
828,71	1251,31
828,89	1144,81
829,06	1183,73
829,23	1101,81
829,40	1275,88
829,57	1157,10
829,74	1261,55
829,91	1175,53
830,09	1224,69
830,26	1271,79
830,43	1167,34
830,60	1175,53
830,77	1210,35
830,94	1249,26
831,11	1171,44
831,28	1167,34
831,46	1189,87
831,63	1212,40
831,80	1165,29
831,97	1214,45
832,14	1214,45
832,31	1218,54
832,48	1212,40
832,65	1222,64
832,82	1214,45
832,99	1230,83
833,17	1163,25
833,34	1228,78
833,51	1204,21
833,68	1196,01
833,85	1191,92
834,02	1212,40
834,19	1157,10
834,36	1169,39
834,53	1204,21
834,70	1204,21
834,87	1241,07
835,04	1245,16
835,22	1245,16
835,39	1208,30
835,56	1116,14
835,73	1171,44
835,90	1208,30
836,07	1118,19
836,24	1247,21
836,41	1173,49
836,58	1216,49
836,75	1200,11
836,92	1116,14
837,09	1161,20
837,26	1288,17
837,43	1165,29
837,60	1224,69
837,77	1187,82
837,94	1241,07
838,12	1177,58
838,29	1196,01
838,46	1214,45
838,63	1187,82
838,80	1114,10
838,97	1144,81
839,14	1187,82
839,31	1263,60
839,48	1241,07
839,65	1206,25
839,82	1189,87
839,99	1247,21
840,16	1212,40
840,33	1259,50
840,50	1232,88
840,67	1249,26
840,84	1214,45
841,01	1183,73
841,18	1193,97
841,35	1230,83
841,52	1183,73
841,69	1220,59
841,86	1175,53
842,03	1228,78
842,20	1241,07
842,37	1161,20
842,54	1220,59
842,71	1198,06
842,88	1216,49
843,05	1206,25
843,22	1202,16
843,39	1167,34
843,56	1232,88
843,73	1179,63
843,90	1167,34
844,07	1153,01
844,24	1196,01
844,41	1216,49
844,58	1198,06
844,75	1163,25
844,92	1206,25
845,09	1185,77
845,26	1175,53
845,43	1236,97
845,60	1204,21
845,77	1169,39
845,94	1163,25
846,10	1224,69
846,27	1208,30
846,44	1183,73
846,61	1241,07
846,78	1212,40
846,95	1144,81
847,12	1148,91
847,29	1146,86
847,46	1230,83
847,63	1173,49
847,80	1216,49
847,97	1255,40
848,14	1236,97
848,31	1150,96
848,48	1175,53
848,65	1208,30
848,82	1146,86
848,98	1066,99
849,15	1185,77
849,32	1226,73
849,49	1187,82
849,66	1267,69
849,83	1183,73
850,00	1220,59
850,17	1148,91
850,34	1146,86
850,51	1290,22
850,68	1243,12
850,85	1228,78
851,01	1122,29
851,18	1196,01
851,35	1181,68
851,52	1144,81
851,69	1155,05
851,86	1222,64
852,03	1232,88
852,20	1159,15
852,37	1230,83
852,53	1185,77
852,70	1239,02
852,87	1212,40
853,04	1189,87
853,21	1212,40
853,38	1159,15
853,55	1206,25
853,72	1239,02
853,89	1165,29
854,05	1198,06
854,22	1171,44
854,39	1245,16
854,56	1146,86
854,73	1198,06
854,90	1159,15
855,07	1220,59
855,23	1130,48
855,40	1259,50
855,57	1187,82
855,74	1159,15
855,91	1193,97
856,08	1134,57
856,25	1204,21
856,41	1130,48
856,58	1210,35
856,75	1210,35
856,92	1200,11
857,09	1216,49
857,26	1202,16
857,42	1193,97
857,59	1110,00
857,76	1181,68
857,93	1247,21
858,10	1159,15
858,27	1249,26
858,43	1210,35
858,60	1169,39
858,77	1167,34
858,94	1140,72
859,11	1208,30
859,27	1169,39
859,44	1200,11
859,61	1200,11
859,78	1202,16
859,95	1185,77
860,12	1142,77
860,28	1146,86
860,45	1259,50
860,62	1167,34
860,79	1200,11
860,95	1105,90
861,12	1212,40
861,29	1179,63
861,46	1243,12
861,63	1175,53
861,79	1179,63
861,96	1153,01
862,13	1210,35
862,30	1167,34
862,47	1290,22
862,63	1110,00
862,80	1265,64
862,97	1202,16
863,14	1249,26
863,30	1191,92
863,47	1228,78
863,64	1232,88
863,81	1224,69
863,97	1120,24
864,14	1161,20
864,31	1210,35
864,48	1163,25
864,65	1234,93
864,81	1167,34
864,98	1200,11
865,15	1241,07
865,32	1163,25
865,48	1230,83
865,65	1214,45
865,82	1189,87
865,98	1157,10
866,15	1126,38
866,32	1206,25
866,49	1196,01
866,65	1134,57
866,82	1267,69
866,99	1150,96
867,16	1189,87
867,32	1251,31
867,49	1193,97
867,66	1198,06
867,83	1171,44
867,99	1279,98
868,16	1200,11
868,33	1163,25
868,49	1193,97
868,66	1163,25
868,83	1189,87
868,99	1249,26
869,16	1228,78
869,33	1300,46
869,50	1204,21
869,66	1216,49
869,83	1142,77
870,00	1269,74
870,16	1163,25
870,33	1163,25
870,50	1253,36
870,66	1198,06
870,83	1230,83
871,00	1206,25
871,17	1247,21
871,33	1157,10
871,50	1288,17
871,67	1155,05
871,83	1210,35
872,00	1175,53
872,17	1243,12
872,33	1185,77
872,50	1116,14
872,67	1243,12
872,83	1202,16
873,00	1185,77
873,17	1148,91
873,33	1163,25
873,50	1142,77
873,67	1148,91
873,83	1153,01
874,00	1175,53
874,16	1185,77
874,33	1236,97
874,50	1181,68
874,66	1202,16
874,83	1181,68
875,00	1259,50
875,16	1230,83
875,33	1249,26
875,50	1189,87
875,66	1208,30
875,83	1239,02
875,99	1206,25
876,16	1114,10
876,33	1191,92
876,49	1142,77
876,66	1136,62
876,83	1181,68
876,99	1187,82
877,16	1253,36
877,32	1208,30
877,49	1226,73
877,66	1245,16
877,82	1183,73
877,99	1173,49
878,15	1253,36
878,32	1181,68
878,49	1243,12
878,65	1200,11
878,82	1118,19
878,98	1251,31
879,15	1089,52
879,32	1179,63
879,48	1183,73
879,65	1183,73
879,81	1243,12
879,98	1247,21
880,15	1228,78
880,31	1216,49
880,48	1236,97
880,64	1157,10
880,81	1150,96
880,97	1224,69
881,14	1187,82
881,31	1128,43
881,47	1183,73
881,64	1200,11
881,80	1142,77
881,97	1241,07
882,13	1089,52
882,30	1200,11
882,47	1239,02
882,63	1116,14
882,80	1169,39
882,96	1181,68
883,13	1163,25
883,29	1183,73
883,46	1224,69
883,62	1208,30
883,79	1198,06
883,95	1161,20
884,12	1218,54
884,29	1204,21
884,45	1214,45
884,62	1241,07
884,78	1181,68
884,95	1161,20
885,11	1210,35
885,28	1263,60
885,44	1150,96
885,61	1224,69
885,77	1236,97
885,94	1169,39
886,10	1193,97
886,27	1177,58
886,43	1181,68
886,60	1148,91
886,76	1218,54
886,93	1161,20
887,09	1132,53
887,26	1155,05
887,42	1144,81
887,59	1181,68
887,75	1230,83
887,92	1224,69
888,08	1161,20
888,25	1212,40
888,41	1165,29
888,58	1216,49
888,74	1208,30
888,91	1196,01
