177,47	1140,72
177,69	1140,72
177,91	1140,72
178,13	1185,77
178,36	1142,77
178,58	1236,97
178,80	1140,72
179,02	1155,05
179,24	1202,16
179,46	1150,96
179,68	1185,77
179,90	1155,05
180,13	1153,01
180,35	1159,15
180,57	1214,45
180,79	1134,57
181,01	1165,29
181,23	1161,20
181,45	1159,15
181,67	1167,34
181,90	1159,15
182,12	1196,01
182,34	1222,64
182,56	1216,49
182,78	1142,77
183,00	1181,68
183,22	1218,54
183,44	1183,73
183,66	1114,10
183,89	1224,69
184,11	1216,49
184,33	1218,54
184,55	1218,54
184,77	1224,69
184,99	1157,10
185,21	1257,45
185,43	1189,87
185,65	1241,07
185,87	1171,44
186,10	1181,68
186,32	1173,49
186,54	1169,39
186,76	1134,57
186,98	1148,91
187,20	1253,36
187,42	1177,58
187,64	1196,01
187,86	1159,15
188,08	1200,11
188,30	1228,78
188,52	1191,92
188,75	1183,73
188,97	1183,73
189,19	1204,21
189,41	1171,44
189,63	1220,59
189,85	1191,92
190,07	1187,82
190,29	1101,81
190,51	1234,93
190,73	1206,25
190,95	1220,59
191,17	1169,39
191,39	1243,12
191,61	1165,29
191,84	1146,86
192,06	1134,57
192,28	1187,82
192,50	1120,24
192,72	1208,30
192,94	1243,12
193,16	1175,53
193,38	1222,64
193,60	1189,87
193,82	1196,01
194,04	1216,49
194,26	1165,29
194,48	1165,29
194,70	1183,73
194,92	1193,97
195,14	1167,34
195,36	1183,73
195,58	1193,97
195,80	1146,86
196,02	1161,20
196,24	1193,97
196,46	1210,35
196,69	1187,82
196,91	1167,34
197,13	1263,60
197,35	1202,16
197,57	1189,87
197,79	1175,53
198,01	1198,06
198,23	1224,69
198,45	1130,48
198,67	1173,49
198,89	1181,68
199,11	1140,72
199,33	1177,58
199,55	1130,48
199,77	1212,40
199,99	1275,88
200,21	1187,82
200,43	1255,40
200,65	1189,87
200,87	1261,55
201,09	1179,63
201,31	1247,21
201,53	1214,45
201,75	1234,93
201,97	1222,64
202,19	1212,40
202,41	1132,53
202,63	1150,96
202,85	1261,55
203,07	1265,64
203,29	1212,40
203,51	1241,07
203,73	1241,07
203,95	1232,88
204,17	1249,26
204,39	1196,01
204,61	1148,91
204,83	1163,25
205,05	1163,25
205,27	1265,64
205,49	1161,20
205,71	1146,86
205,93	1269,74
206,15	1277,93
206,37	1150,96
206,59	1175,53
206,81	1222,64
207,03	1138,67
207,25	1212,40
207,47	1150,96
207,69	1208,30
207,91	1142,77
208,13	1271,79
208,34	1153,01
208,56	1136,62
208,78	1210,35
209,00	1181,68
209,22	1193,97
209,44	1161,20
209,66	1179,63
209,88	1191,92
210,10	1155,05
210,32	1187,82
210,54	1271,79
210,76	1224,69
210,98	1187,82
211,20	1247,21
211,42	1155,05
211,64	1279,98
211,86	1175,53
212,08	1132,53
212,30	1196,01
212,52	1226,73
212,74	1230,83
212,96	1169,39
213,17	1183,73
213,39	1193,97
213,61	1110,00
213,83	1167,34
214,05	1198,06
214,27	1181,68
214,49	1247,21
214,71	1159,15
214,93	1218,54
215,15	1265,64
215,37	1230,83
215,59	1198,06
215,81	1189,87
216,03	1300,46
216,24	1204,21
216,46	1210,35
216,68	1179,63
216,90	1169,39
217,12	1167,34
217,34	1259,50
217,56	1157,10
217,78	1208,30
218,00	1193,97
218,22	1222,64
218,44	1222,64
218,66	1232,88
218,87	1216,49
219,09	1163,25
219,31	1161,20
219,53	1126,38
219,75	1122,29
219,97	1202,16
220,19	1191,92
220,41	1198,06
220,63	1191,92
220,85	1159,15
221,06	1142,77
221,28	1208,30
221,50	1118,19
221,72	1148,91
221,94	1210,35
222,16	1228,78
222,38	1155,05
222,60	1198,06
222,82	1210,35
223,03	1218,54
223,25	1165,29
223,47	1150,96
223,69	1304,56
223,91	1163,25
224,13	1193,97
224,35	1177,58
224,57	1202,16
224,78	1150,96
225,00	1142,77
225,22	1124,33
225,44	1275,88
225,66	1212,40
225,88	1155,05
226,10	1167,34
226,32	1208,30
226,53	1198,06
226,75	1144,81
226,97	1228,78
227,19	1222,64
227,41	1146,86
227,63	1167,34
227,85	1216,49
228,06	1181,68
228,28	1218,54
228,50	1183,73
228,72	1259,50
228,94	1179,63
229,16	1122,29
229,37	1169,39
229,59	1173,49
229,81	1181,68
230,03	1177,58
230,25	1218,54
230,47	1255,40
230,69	1204,21
230,90	1200,11
231,12	1210,35
231,34	1259,50
231,56	1208,30
231,78	1236,97
232,00	1177,58
232,21	1175,53
232,43	1236,97
232,65	1136,62
232,87	1228,78
233,09	1171,44
233,30	1230,83
233,52	1230,83
233,74	1198,06
233,96	1257,45
234,18	1228,78
234,40	1189,87
234,61	1232,88
234,83	1247,21
235,05	1208,30
235,27	1206,25
235,49	1155,05
235,70	1245,16
235,92	1261,55
236,14	1183,73
236,36	1189,87
236,58	1187,82
236,79	1234,93
237,01	1175,53
237,23	1220,59
237,45	1224,69
237,67	1230,83
237,88	1179,63
238,10	1171,44
238,32	1212,40
238,54	1208,30
238,76	1110,00
238,97	1226,73
239,19	1236,97
239,41	1232,88
239,63	1148,91
239,85	1222,64
240,06	1228,78
240,28	1136,62
240,50	1163,25
240,72	1208,30
240,93	1228,78
241,15	1183,73
241,37	1183,73
241,59	1214,45
241,81	1200,11
242,02	1155,05
242,24	1206,25
242,46	1220,59
242,68	1146,86
242,89	1239,02
243,11	1193,97
243,33	1232,88
243,55	1142,77
243,76	1136,62
243,98	1183,73
244,20	1251,31
244,42	1114,10
244,64	1183,73
244,85	1269,74
245,07	1216,49
245,29	1228,78
245,51	1159,15
245,72	1234,93
245,94	1230,83
246,16	1200,11
246,38	1230,83
246,59	1232,88
246,81	1159,15
247,03	1216,49
247,24	1185,77
247,46	1140,72
247,68	1228,78
247,90	1171,44
248,11	1208,30
248,33	1189,87
248,55	1292,27
248,77	1153,01
248,98	1214,45
249,20	1167,34
249,42	1214,45
249,64	1146,86
249,85	1208,30
250,07	1175,53
250,29	1169,39
250,50	1167,34
250,72	1222,64
250,94	1136,62
251,16	1196,01
251,37	1191,92
251,59	1247,21
251,81	1200,11
252,02	1222,64
252,24	1142,77
252,46	1198,06
252,68	1171,44
252,89	1218,54
253,11	1189,87
253,33	1185,77
253,54	1206,25
253,76	1134,57
253,98	1171,44
254,20	1138,67
254,41	1220,59
254,63	1185,77
254,85	1157,10
255,06	1187,82
255,28	1159,15
255,50	1196,01
255,71	1187,82
255,93	1255,40
256,15	1224,69
256,36	1128,43
256,58	1214,45
256,80	1175,53
257,02	1218,54
257,23	1118,19
257,45	1259,50
257,67	1150,96
257,88	1187,82
258,10	1157,10
258,32	1204,21
258,53	1214,45
258,75	1210,35
258,97	1216,49
259,18	1218,54
259,40	1196,01
259,62	1144,81
259,83	1179,63
260,05	1220,59
260,27	1134,57
260,48	1193,97
260,70	1206,25
260,92	1210,35
261,13	1171,44
261,35	1157,10
261,57	1165,29
261,78	1200,11
262,00	1200,11
262,22	1210,35
262,43	1277,93
262,65	1107,95
262,86	1165,29
263,08	1218,54
263,30	1159,15
263,51	1212,40
263,73	1163,25
263,95	1169,39
264,16	1226,73
264,38	1130,48
264,60	1196,01
264,81	1155,05
265,03	1218,54
265,25	1187,82
265,46	1243,12
265,68	1247,21
265,89	1153,01
266,11	1198,06
266,33	1185,77
266,54	1138,67
266,76	1179,63
266,98	1183,73
267,19	1220,59
267,41	1159,15
267,62	1234,93
267,84	1153,01
268,06	1220,59
268,27	1146,86
268,49	1128,43
268,70	1232,88
268,92	1202,16
269,14	1198,06
269,35	1202,16
269,57	1208,30
269,79	1261,55
270,00	1236,97
270,22	1191,92
270,43	1179,63
270,65	1187,82
270,87	1214,45
271,08	1183,73
271,30	1253,36
271,51	1185,77
271,73	1239,02
271,95	1163,25
272,16	1226,73
272,38	1179,63
272,59	1200,11
272,81	1228,78
273,02	1212,40
273,24	1206,25
273,46	1218,54
273,67	1173,49
273,89	1198,06
274,10	1165,29
274,32	1130,48
274,54	1202,16
274,75	1179,63
274,97	1230,83
275,18	1161,20
275,40	1257,45
275,61	1130,48
275,83	1265,64
276,05	1136,62
276,26	1159,15
276,48	1161,20
276,69	1218,54
276,91	1159,15
277,12	1224,69
277,34	1200,11
277,55	1271,79
277,77	1220,59
277,99	1185,77
278,20	1169,39
278,42	1290,22
278,63	1251,31
278,85	1230,83
279,06	1191,92
279,28	1241,07
279,49	1200,11
279,71	1239,02
279,93	1187,82
280,14	1198,06
280,36	1187,82
280,57	1120,24
280,79	1150,96
281,00	1173,49
281,22	1146,86
281,43	1173,49
281,65	1208,30
281,86	1159,15
282,08	1226,73
282,29	1222,64
282,51	1292,27
282,73	1159,15
282,94	1148,91
283,16	1230,83
283,37	1202,16
283,59	1181,68
283,80	1208,30
284,02	1214,45
284,23	1126,38
284,45	1189,87
284,66	1200,11
284,88	1120,24
285,09	1210,35
285,31	1134,57
285,52	1148,91
285,74	1200,11
285,95	1181,68
286,17	1253,36
286,38	1177,58
286,60	1173,49
286,81	1136,62
287,03	1241,07
287,24	1253,36
287,46	1204,21
287,67	1189,87
287,89	1187,82
288,10	1236,97
288,32	1228,78
288,53	1122,29
288,75	1257,45
288,96	1196,01
289,18	1210,35
289,39	1290,22
289,61	1253,36
289,82	1247,21
290,04	1228,78
290,25	1239,02
290,47	1216,49
290,68	1165,29
290,90	1230,83
291,11	1198,06
291,33	1255,40
291,54	1153,01
291,76	1193,97
291,97	1183,73
292,18	1241,07
292,40	1153,01
292,61	1249,26
292,83	1239,02
293,04	1200,11
293,26	1224,69
293,47	1185,77
293,69	1138,67
293,90	1175,53
294,12	1126,38
294,33	1169,39
294,55	1157,10
294,76	1230,83
294,97	1146,86
295,19	1167,34
295,40	1273,84
295,62	1196,01
295,83	1218,54
296,05	1259,50
296,26	1198,06
296,48	1193,97
296,69	1153,01
296,90	1142,77
297,12	1189,87
297,33	1210,35
297,55	1191,92
297,76	1150,96
297,98	1210,35
298,19	1216,49
298,41	1191,92
298,62	1175,53
298,83	1259,50
299,05	1187,82
299,26	1214,45
299,48	1208,30
299,69	1150,96
299,90	1292,27
300,12	1210,35
300,33	1196,01
300,55	1128,43
300,76	1150,96
300,98	1267,69
301,19	1171,44
301,40	1232,88
301,62	1159,15
301,83	1153,01
302,05	1208,30
302,26	1212,40
302,47	1232,88
302,69	1118,19
302,90	1206,25
303,12	1179,63
303,33	1169,39
303,54	1212,40
303,76	1208,30
303,97	1181,68
304,19	1128,43
304,40	1153,01
304,61	1279,98
304,83	1189,87
305,04	1193,97
305,26	1220,59
305,47	1202,16
305,68	1091,57
305,90	1171,44
306,11	1159,15
306,33	1148,91
306,54	1220,59
306,75	1212,40
306,97	1202,16
307,18	1134,57
307,39	1282,03
307,61	1236,97
307,82	1226,73
308,04	1206,25
308,25	1204,21
308,46	1204,21
308,68	1206,25
308,89	1200,11
309,10	1255,40
309,32	1206,25
309,53	1282,03
309,74	1243,12
309,96	1181,68
310,17	1200,11
310,39	1193,97
310,60	1206,25
310,81	1183,73
311,03	1286,12
311,24	1175,53
311,45	1208,30
311,67	1175,53
311,88	1210,35
312,09	1159,15
312,31	1212,40
312,52	1173,49
312,73	1183,73
312,95	1226,73
313,16	1177,58
313,37	1146,86
313,59	1177,58
313,80	1187,82
314,01	1208,30
314,23	1202,16
314,44	1265,64
314,65	1183,73
314,87	1179,63
315,08	1175,53
315,29	1226,73
315,51	1216,49
315,72	1208,30
315,93	1210,35
316,15	1167,34
316,36	1198,06
316,57	1155,05
316,79	1150,96
317,00	1171,44
317,21	1200,11
317,43	1202,16
317,64	1212,40
317,85	1224,69
318,07	1200,11
318,28	1218,54
318,49	1155,05
318,70	1261,55
318,92	1228,78
319,13	1118,19
319,34	1222,64
319,56	1245,16
319,77	1198,06
319,98	1255,40
320,20	1148,91
320,41	1140,72
320,62	1214,45
320,83	1210,35
321,05	1177,58
321,26	1232,88
321,47	1183,73
321,69	1228,78
321,90	1155,05
322,11	1216,49
322,32	1220,59
322,54	1175,53
322,75	1144,81
322,96	1220,59
323,18	1153,01
323,39	1142,77
323,60	1122,29
323,81	1236,97
324,03	1179,63
324,24	1247,21
324,45	1138,67
324,66	1159,15
324,88	1275,88
325,09	1210,35
325,30	1138,67
325,52	1216,49
325,73	1204,21
325,94	1234,93
326,15	1196,01
326,37	1286,12
326,58	1241,07
326,79	1282,03
327,00	1224,69
327,22	1212,40
327,43	1210,35
327,64	1239,02
327,85	1146,86
328,07	1243,12
328,28	1159,15
328,49	1159,15
328,70	1167,34
328,92	1159,15
329,13	1202,16
329,34	1200,11
329,55	1097,71
329,76	1200,11
329,98	1247,21
330,19	1263,60
330,40	1273,84
330,61	1187,82
330,83	1169,39
331,04	1189,87
331,25	1224,69
331,46	1171,44
331,68	1245,16
331,89	1208,30
332,10	1171,44
332,31	1173,49
332,52	1128,43
332,74	1232,88
332,95	1232,88
333,16	1228,78
333,37	1155,05
333,58	1116,14
333,80	1165,29
334,01	1163,25
334,22	1146,86
334,43	1200,11
334,64	1142,77
334,86	1191,92
335,07	1177,58
335,28	1216,49
335,49	1202,16
335,70	1173,49
335,92	1243,12
336,13	1232,88
336,34	1134,57
336,55	1218,54
336,76	1167,34
336,98	1177,58
337,19	1230,83
337,40	1167,34
337,61	1253,36
337,82	1224,69
338,04	1279,98
338,25	1181,68
338,46	1146,86
338,67	1232,88
338,88	1257,45
339,09	1179,63
339,31	1214,45
339,52	1222,64
339,73	1157,10
339,94	1255,40
340,15	1132,53
340,36	1257,45
340,58	1140,72
340,79	1142,77
341,00	1142,77
341,21	1146,86
341,42	1224,69
341,63	1208,30
341,85	1148,91
342,06	1234,93
342,27	1200,11
342,48	1230,83
342,69	1161,20
342,90	1171,44
343,12	1214,45
343,33	1198,06
343,54	1249,26
343,75	1150,96
343,96	1200,11
344,17	1198,06
344,38	1241,07
344,60	1187,82
344,81	1224,69
345,02	1228,78
345,23	1144,81
345,44	1173,49
345,65	1200,11
345,86	1198,06
346,07	1169,39
346,29	1153,01
346,50	1206,25
346,71	1193,97
346,92	1187,82
347,13	1214,45
347,34	1232,88
347,55	1208,30
347,76	1126,38
347,98	1169,39
348,19	1277,93
348,40	1153,01
348,61	1155,05
348,82	1163,25
349,03	1177,58
349,24	1142,77
349,45	1208,30
349,66	1150,96
349,88	1191,92
350,09	1212,40
350,30	1261,55
350,51	1193,97
350,72	1255,40
350,93	1271,79
351,14	1251,31
351,35	1263,60
351,56	1204,21
351,77	1167,34
351,99	1159,15
352,20	1216,49
352,41	1179,63
352,62	1173,49
352,83	1249,26
353,04	1157,10
353,25	1230,83
353,46	1155,05
353,67	1239,02
353,88	1175,53
354,09	1142,77
354,30	1177,58
354,52	1224,69
354,73	1189,87
354,94	1159,15
355,15	1189,87
355,36	1273,84
355,57	1171,44
355,78	1150,96
355,99	1196,01
356,20	1167,34
356,41	1167,34
356,62	1107,95
356,83	1222,64
357,04	1150,96
357,25	1148,91
357,46	1183,73
357,68	1196,01
357,89	1167,34
358,10	1261,55
358,31	1134,57
358,52	1187,82
358,73	1247,21
358,94	1214,45
359,15	1247,21
359,36	1198,06
359,57	1138,67
359,78	1202,16
359,99	1218,54
360,20	1218,54
360,41	1196,01
360,62	1185,77
360,83	1222,64
361,04	1226,73
361,25	1224,69
361,46	1241,07
361,67	1157,10
361,88	1187,82
362,09	1071,09
362,30	1196,01
362,51	1171,44
362,72	1112,05
362,93	1212,40
363,14	1282,03
363,35	1083,38
363,56	1185,77
363,78	1159,15
363,99	1196,01
364,20	1163,25
364,41	1183,73
364,62	1167,34
364,83	1173,49
365,04	1251,31
365,25	1157,10
365,46	1153,01
365,67	1222,64
365,88	1124,33
366,09	1206,25
366,30	1208,30
366,51	1224,69
366,72	1179,63
366,93	1247,21
367,14	1191,92
367,35	1161,20
367,56	1169,39
367,77	1206,25
367,98	1196,01
368,18	1187,82
368,39	1167,34
368,60	1185,77
368,81	1146,86
369,02	1204,21
369,23	1114,10
369,44	1175,53
369,65	1177,58
369,86	1232,88
370,07	1165,29
370,28	1140,72
370,49	1279,98
370,70	1212,40
370,91	1189,87
371,12	1105,90
371,33	1189,87
371,54	1247,21
371,75	1191,92
371,96	1259,50
372,17	1146,86
372,38	1196,01
372,59	1177,58
372,80	1155,05
373,01	1183,73
373,22	1150,96
373,43	1179,63
373,64	1124,33
373,85	1124,33
374,06	1204,21
374,26	1169,39
374,47	1216,49
374,68	1243,12
374,89	1134,57
375,10	1173,49
375,31	1150,96
375,52	1181,68
375,73	1222,64
375,94	1191,92
376,15	1179,63
376,36	1167,34
376,57	1171,44
376,78	1126,38
376,99	1220,59
377,20	1132,53
377,40	1249,26
377,61	1200,11
377,82	1165,29
378,03	1187,82
378,24	1140,72
378,45	1114,10
378,66	1200,11
378,87	1155,05
379,08	1132,53
379,29	1148,91
379,50	1148,91
379,71	1269,74
379,91	1191,92
380,12	1153,01
380,33	1120,24
380,54	1236,97
380,75	1110,00
380,96	1155,05
381,17	1173,49
381,38	1187,82
381,59	1200,11
381,80	1185,77
382,00	1177,58
382,21	1189,87
382,42	1198,06
382,63	1167,34
382,84	1210,35
383,05	1130,48
383,26	1214,45
383,47	1126,38
383,68	1208,30
383,88	1243,12
384,09	1118,19
384,30	1206,25
384,51	1148,91
384,72	1171,44
384,93	1140,72
385,14	1163,25
385,35	1173,49
385,55	1171,44
385,76	1261,55
385,97	1179,63
386,18	1165,29
386,39	1181,68
386,60	1208,30
386,81	1165,29
387,02	1181,68
387,22	1132,53
387,43	1144,81
387,64	1191,92
387,85	1173,49
388,06	1120,24
388,27	1232,88
388,48	1161,20
388,68	1224,69
388,89	1193,97
389,10	1179,63
389,31	1153,01
389,52	1232,88
389,73	1171,44
389,93	1216,49
390,14	1224,69
390,35	1208,30
390,56	1157,10
390,77	1224,69
390,98	1265,64
391,18	1212,40
391,39	1069,04
391,60	1214,45
391,81	1177,58
392,02	1228,78
392,23	1247,21
392,43	1222,64
392,64	1275,88
392,85	1169,39
393,06	1220,59
393,27	1161,20
393,47	1277,93
393,68	1247,21
393,89	1249,26
394,10	1214,45
394,31	1173,49
394,52	1204,21
394,72	1228,78
394,93	1167,34
395,14	1216,49
395,35	1196,01
395,56	1216,49
395,76	1183,73
395,97	1214,45
396,18	1183,73
396,39	1161,20
396,60	1146,86
396,80	1163,25
397,01	1132,53
397,22	1193,97
397,43	1140,72
397,64	1150,96
397,84	1224,69
398,05	1191,92
398,26	1200,11
398,47	1200,11
398,67	1269,74
398,88	1155,05
399,09	1177,58
399,30	1148,91
399,51	1181,68
399,71	1169,39
399,92	1167,34
400,13	1171,44
400,34	1228,78
400,54	1183,73
400,75	1187,82
400,96	1257,45
401,17	1282,03
401,37	1212,40
401,58	1175,53
401,79	1224,69
402,00	1253,36
402,21	1257,45
402,41	1210,35
402,62	1208,30
402,83	1234,93
403,04	1114,10
403,24	1191,92
403,45	1202,16
403,66	1198,06
403,87	1191,92
404,07	1183,73
404,28	1198,06
404,49	1208,30
404,70	1196,01
404,90	1183,73
405,11	1204,21
405,32	1273,84
405,52	1214,45
405,73	1177,58
405,94	1214,45
406,15	1159,15
406,35	1226,73
406,56	1177,58
406,77	1173,49
406,98	1130,48
407,18	1206,25
407,39	1200,11
407,60	1153,01
407,80	1189,87
408,01	1159,15
408,22	1200,11
408,43	1144,81
408,63	1181,68
408,84	1259,50
409,05	1150,96
409,25	1220,59
409,46	1191,92
409,67	1200,11
409,88	1157,10
410,08	1216,49
410,29	1247,21
410,50	1193,97
410,70	1189,87
410,91	1245,16
411,12	1187,82
411,32	1171,44
411,53	1214,45
411,74	1191,92
411,95	1224,69
412,15	1230,83
412,36	1191,92
412,57	1206,25
412,77	1153,01
412,98	1183,73
413,19	1204,21
413,39	1220,59
413,60	1226,73
413,81	1189,87
414,01	1228,78
414,22	1218,54
414,43	1175,53
414,63	1236,97
414,84	1181,68
415,05	1206,25
415,25	1214,45
415,46	1222,64
415,67	1187,82
415,87	1208,30
416,08	1161,20
416,29	1202,16
416,49	1216,49
416,70	1179,63
416,91	1193,97
417,11	1177,58
417,32	1228,78
417,53	1136,62
417,73	1155,05
417,94	1247,21
418,15	1265,64
418,35	1142,77
418,56	1202,16
418,77	1173,49
418,97	1226,73
419,18	1161,20
419,38	1167,34
419,59	1118,19
419,80	1257,45
420,00	1146,86
420,21	1181,68
420,42	1196,01
420,62	1273,84
420,83	1245,16
421,04	1247,21
421,24	1226,73
421,45	1198,06
421,65	1165,29
421,86	1191,92
422,07	1181,68
422,27	1165,29
422,48	1185,77
422,69	1138,67
422,89	1181,68
423,10	1200,11
423,30	1196,01
423,51	1165,29
423,72	1134,57
423,92	1181,68
424,13	1150,96
424,33	1196,01
424,54	1183,73
424,75	1159,15
424,95	1193,97
425,16	1228,78
425,36	1232,88
425,57	1249,26
425,78	1183,73
425,98	1208,30
426,19	1153,01
426,39	1200,11
426,60	1241,07
426,81	1206,25
427,01	1210,35
427,22	1191,92
427,42	1165,29
427,63	1193,97
427,83	1241,07
428,04	1124,33
428,25	1173,49
428,45	1146,86
428,66	1138,67
428,86	1241,07
429,07	1236,97
429,28	1218,54
429,48	1198,06
429,69	1218,54
429,89	1132,53
430,10	1226,73
430,30	1177,58
430,51	1261,55
430,71	1138,67
430,92	1243,12
431,13	1189,87
431,33	1245,16
431,54	1161,20
431,74	1198,06
431,95	1288,17
432,15	1163,25
432,36	1220,59
432,56	1093,62
432,77	1181,68
432,98	1226,73
433,18	1171,44
433,39	1232,88
433,59	1118,19
433,80	1212,40
434,00	1218,54
434,21	1181,68
434,41	1175,53
434,62	1214,45
434,82	1185,77
435,03	1187,82
435,23	1243,12
435,44	1206,25
435,64	1200,11
435,85	1288,17
436,06	1208,30
436,26	1226,73
436,47	1204,21
436,67	1187,82
436,88	1153,01
437,08	1222,64
437,29	1196,01
437,49	1226,73
437,70	1200,11
437,90	1222,64
438,11	1198,06
438,31	1292,27
438,52	1204,21
438,72	1212,40
438,93	1183,73
439,13	1226,73
439,34	1187,82
439,54	1200,11
439,75	1212,40
439,95	1185,77
440,16	1155,05
440,36	1134,57
440,57	1206,25
440,77	1179,63
440,98	1236,97
441,18	1220,59
441,39	1181,68
441,59	1226,73
441,80	1236,97
442,00	1214,45
442,21	1243,12
442,41	1171,44
442,62	1155,05
442,82	1206,25
443,02	1177,58
443,23	1181,68
443,43	1181,68
443,64	1224,69
443,84	1163,25
444,05	1212,40
444,25	1183,73
444,46	1200,11
444,66	1243,12
444,87	1245,16
445,07	1185,77
445,28	1216,49
445,48	1198,06
445,69	1200,11
445,89	1181,68
446,09	1150,96
446,30	1185,77
446,50	1173,49
446,71	1200,11
446,91	1193,97
447,12	1191,92
447,32	1179,63
447,53	1220,59
447,73	1191,92
447,93	1150,96
448,14	1142,77
448,34	1212,40
448,55	1232,88
448,75	1146,86
448,96	1232,88
449,16	1167,34
449,36	1239,02
449,57	1175,53
449,77	1282,03
449,98	1110,00
450,18	1210,35
450,39	1114,10
450,59	1140,72
450,79	1150,96
451,00	1236,97
451,20	1114,10
451,41	1228,78
451,61	1200,11
451,81	1216,49
452,02	1200,11
452,22	1220,59
452,43	1136,62
452,63	1200,11
452,84	1167,34
453,04	1185,77
453,24	1128,43
453,45	1136,62
453,65	1275,88
453,86	1277,93
454,06	1181,68
454,26	1187,82
454,47	1140,72
454,67	1200,11
454,87	1196,01
455,08	1198,06
455,28	1196,01
455,49	1136,62
455,69	1214,45
455,89	1239,02
456,10	1185,77
456,30	1230,83
456,51	1173,49
456,71	1204,21
456,91	1177,58
457,12	1175,53
457,32	1206,25
457,52	1200,11
457,73	1224,69
457,93	1126,38
458,14	1191,92
458,34	1257,45
458,54	1224,69
458,75	1163,25
458,95	1175,53
459,15	1202,16
459,36	1214,45
459,56	1241,07
459,76	1189,87
459,97	1181,68
460,17	1226,73
460,37	1167,34
460,58	1257,45
460,78	1165,29
460,99	1187,82
461,19	1138,67
461,39	1157,10
461,60	1187,82
461,80	1126,38
462,00	1157,10
462,21	1153,01
462,41	1165,29
462,61	1187,82
462,82	1120,24
463,02	1169,39
463,22	1206,25
463,43	1273,84
463,63	1179,63
463,83	1208,30
464,04	1161,20
464,24	1136,62
464,44	1257,45
464,64	1216,49
464,85	1175,53
465,05	1200,11
465,25	1140,72
465,46	1210,35
465,66	1177,58
465,86	1150,96
466,07	1185,77
466,27	1175,53
466,47	1189,87
466,68	1210,35
466,88	1148,91
467,08	1163,25
467,29	1163,25
467,49	1185,77
467,69	1140,72
467,89	1193,97
468,10	1183,73
468,30	1226,73
468,50	1163,25
468,71	1130,48
468,91	1155,05
469,11	1245,16
469,31	1202,16
469,52	1179,63
469,72	1191,92
469,92	1204,21
470,13	1251,31
470,33	1146,86
470,53	1253,36
470,73	1196,01
470,94	1236,97
471,14	1191,92
471,34	1218,54
471,54	1191,92
471,75	1146,86
471,95	1175,53
472,15	1187,82
472,36	1138,67
472,56	1189,87
472,76	1173,49
472,96	1210,35
473,17	1175,53
473,37	1167,34
473,57	1183,73
473,77	1208,30
473,98	1146,86
474,18	1132,53
474,38	1216,49
474,58	1161,20
474,79	1200,11
474,99	1187,82
475,19	1189,87
475,39	1177,58
475,60	1193,97
475,80	1146,86
476,00	1107,95
476,20	1214,45
476,41	1175,53
476,61	1234,93
476,81	1163,25
477,01	1206,25
477,21	1196,01
477,42	1224,69
477,62	1200,11
477,82	1167,34
478,02	1159,15
478,23	1214,45
478,43	1222,64
478,63	1253,36
478,83	1144,81
479,03	1216,49
479,24	1175,53
479,44	1200,11
479,64	1161,20
479,84	1157,10
480,04	1171,44
480,25	1159,15
480,45	1214,45
480,65	1167,34
480,85	1107,95
481,06	1163,25
481,26	1247,21
481,46	1228,78
481,66	1216,49
481,86	1183,73
482,06	1142,77
482,27	1116,14
482,47	1175,53
482,67	1247,21
482,87	1130,48
483,07	1167,34
483,28	1155,05
483,48	1193,97
483,68	1241,07
483,88	1148,91
484,08	1179,63
484,29	1169,39
484,49	1204,21
484,69	1173,49
484,89	1198,06
485,09	1196,01
485,29	1171,44
485,50	1175,53
485,70	1177,58
485,90	1193,97
486,10	1196,01
486,30	1146,86
486,50	1193,97
486,71	1124,33
486,91	1245,16
487,11	1165,29
487,31	1161,20
487,51	1161,20
487,71	1255,40
487,91	1165,29
488,12	1198,06
488,32	1193,97
488,52	1159,15
488,72	1165,29
488,92	1267,69
489,12	1196,01
489,32	1138,67
489,53	1128,43
489,73	1222,64
489,93	1222,64
490,13	1216,49
490,33	1214,45
490,53	1220,59
490,73	1089,52
490,94	1200,11
491,14	1208,30
491,34	1204,21
491,54	1208,30
491,74	1191,92
491,94	1181,68
492,14	1243,12
492,34	1183,73
492,54	1185,77
492,75	1232,88
492,95	1169,39
493,15	1130,48
493,35	1183,73
493,55	1191,92
493,75	1198,06
493,95	1220,59
494,15	1105,90
494,35	1191,92
494,56	1261,55
494,76	1206,25
494,96	1198,06
495,16	1187,82
495,36	1257,45
495,56	1239,02
495,76	1261,55
495,96	1249,26
496,16	1216,49
496,36	1150,96
496,56	1218,54
496,77	1220,59
496,97	1161,20
497,17	1193,97
497,37	1222,64
497,57	1193,97
497,77	1198,06
497,97	1140,72
498,17	1189,87
498,37	1171,44
498,57	1163,25
498,77	1153,01
498,97	1218,54
499,17	1310,70
499,38	1232,88
499,58	1173,49
499,78	1226,73
499,98	1167,34
500,18	1232,88
500,38	1173,49
500,58	1200,11
500,78	1193,97
500,98	1232,88
501,18	1148,91
501,38	1196,01
501,58	1183,73
501,78	1212,40
501,98	1206,25
502,18	1185,77
502,38	1130,48
502,58	1208,30
502,78	1157,10
502,98	1173,49
503,18	1134,57
503,38	1177,58
503,59	1179,63
503,79	1191,92
503,99	1245,16
504,19	1142,77
504,39	1232,88
504,59	1185,77
504,79	1224,69
504,99	1167,34
505,19	1175,53
505,39	1198,06
505,59	1198,06
505,79	1212,40
505,99	1232,88
506,19	1210,35
506,39	1200,11
506,59	1187,82
506,79	1200,11
506,99	1202,16
507,19	1245,16
507,39	1140,72
507,59	1230,83
507,79	1255,40
507,99	1179,63
508,19	1185,77
508,39	1132,53
508,59	1163,25
508,79	1212,40
508,99	1167,34
509,19	1177,58
509,39	1224,69
509,59	1212,40
509,79	1200,11
509,99	1220,59
510,19	1200,11
510,39	1142,77
510,59	1198,06
510,79	1191,92
510,99	1165,29
511,19	1144,81
511,39	1200,11
511,59	1200,11
511,79	1261,55
511,99	1249,26
512,19	1249,26
512,38	1224,69
512,58	1175,53
512,78	1265,64
512,98	1189,87
513,18	1200,11
513,38	1157,10
513,58	1159,15
513,78	1155,05
513,98	1173,49
514,18	1193,97
514,38	1191,92
514,58	1222,64
514,78	1208,30
514,98	1165,29
515,18	1257,45
515,38	1224,69
515,58	1169,39
515,78	1175,53
515,98	1208,30
516,18	1193,97
516,38	1200,11
516,57	1140,72
516,77	1159,15
516,97	1234,93
517,17	1216,49
517,37	1214,45
517,57	1212,40
517,77	1155,05
517,97	1183,73
518,17	1245,16
518,37	1269,74
518,57	1126,38
518,77	1208,30
518,97	1165,29
519,16	1157,10
519,36	1204,21
519,56	1175,53
519,76	1204,21
519,96	1193,97
520,16	1210,35
520,36	1155,05
520,56	1208,30
520,76	1169,39
520,96	1171,44
521,16	1140,72
521,35	1167,34
521,55	1249,26
521,75	1171,44
521,95	1202,16
522,15	1153,01
522,35	1085,42
522,55	1193,97
522,75	1159,15
522,95	1099,76
523,14	1228,78
523,34	1206,25
523,54	1208,30
523,74	1224,69
523,94	1161,20
524,14	1183,73
524,34	1255,40
524,54	1230,83
524,73	1325,04
524,93	1200,11
525,13	1222,64
525,33	1163,25
525,53	1253,36
525,73	1189,87
525,93	1155,05
526,13	1150,96
526,32	1169,39
526,52	1214,45
526,72	1216,49
526,92	1236,97
527,12	1206,25
527,32	1187,82
527,52	1228,78
527,71	1200,11
527,91	1148,91
528,11	1179,63
528,31	1214,45
528,51	1218,54
528,71	1294,32
528,90	1175,53
529,10	1177,58
529,30	1191,92
529,50	1183,73
529,70	1169,39
529,90	1226,73
530,09	1232,88
530,29	1173,49
530,49	1236,97
530,69	1187,82
530,89	1181,68
531,09	1146,86
531,28	1222,64
531,48	1179,63
531,68	1193,97
531,88	1191,92
532,08	1216,49
532,28	1236,97
532,47	1204,21
532,67	1175,53
532,87	1169,39
533,07	1175,53
533,27	1144,81
533,46	1218,54
533,66	1206,25
533,86	1179,63
534,06	1185,77
534,26	1239,02
534,45	1171,44
534,65	1204,21
534,85	1183,73
535,05	1218,54
535,25	1157,10
535,44	1157,10
535,64	1167,34
535,84	1198,06
536,04	1138,67
536,24	1171,44
536,43	1183,73
536,63	1216,49
536,83	1191,92
537,03	1226,73
537,22	1183,73
537,42	1241,07
537,62	1099,76
537,82	1220,59
538,02	1191,92
538,21	1134,57
538,41	1191,92
538,61	1241,07
538,81	1153,01
539,00	1226,73
539,20	1171,44
539,40	1167,34
539,60	1185,77
539,79	1234,93
539,99	1165,29
540,19	1181,68
540,39	1130,48
540,58	1163,25
540,78	1208,30
540,98	1196,01
541,18	1157,10
541,37	1216,49
541,57	1196,01
541,77	1228,78
541,97	1202,16
542,16	1214,45
542,36	1183,73
542,56	1200,11
542,76	1296,36
542,95	1208,30
543,15	1150,96
543,35	1159,15
543,54	1114,10
543,74	1183,73
543,94	1185,77
544,14	1253,36
544,33	1189,87
544,53	1247,21
544,73	1241,07
544,93	1185,77
545,12	1181,68
545,32	1220,59
545,52	1193,97
545,71	1157,10
545,91	1148,91
546,11	1183,73
546,30	1202,16
546,50	1171,44
546,70	1169,39
546,90	1191,92
547,09	1193,97
547,29	1185,77
547,49	1249,26
547,68	1181,68
547,88	1191,92
548,08	1253,36
548,27	1234,93
548,47	1226,73
548,67	1202,16
548,87	1183,73
549,06	1218,54
549,26	1173,49
549,46	1161,20
549,65	1241,07
549,85	1230,83
550,05	1214,45
550,24	1146,86
550,44	1210,35
550,64	1167,34
550,83	1236,97
551,03	1165,29
551,23	1220,59
551,42	1204,21
551,62	1153,01
551,82	1153,01
552,01	1265,64
552,21	1191,92
552,41	1150,96
552,60	1189,87
552,80	1230,83
553,00	1210,35
553,19	1155,05
553,39	1167,34
553,59	1161,20
553,78	1206,25
553,98	1214,45
554,17	1273,84
554,37	1191,92
554,57	1202,16
554,76	1193,97
554,96	1243,12
555,16	1187,82
555,35	1247,21
555,55	1232,88
555,75	1257,45
555,94	1220,59
556,14	1097,71
556,33	1185,77
556,53	1150,96
556,73	1228,78
556,92	1267,69
557,12	1183,73
557,32	1163,25
557,51	1148,91
557,71	1171,44
557,90	1187,82
558,10	1155,05
558,30	1146,86
558,49	1187,82
558,69	1142,77
558,88	1183,73
559,08	1138,67
559,28	1245,16
559,47	1245,16
559,67	1126,38
559,86	1187,82
560,06	1212,40
560,26	1202,16
560,45	1204,21
560,65	1257,45
560,84	1253,36
561,04	1277,93
561,24	1222,64
561,43	1187,82
561,63	1257,45
561,82	1198,06
562,02	1171,44
562,22	1171,44
562,41	1189,87
562,61	1224,69
562,80	1153,01
563,00	1163,25
563,19	1249,26
563,39	1179,63
563,59	1150,96
563,78	1226,73
563,98	1110,00
564,17	1189,87
564,37	1175,53
564,56	1222,64
564,76	1159,15
564,96	1269,74
565,15	1165,29
565,35	1171,44
565,54	1181,68
565,74	1220,59
565,93	1175,53
566,13	1216,49
566,32	1236,97
566,52	1187,82
566,71	1193,97
566,91	1171,44
567,11	1114,10
567,30	1110,00
567,50	1167,34
567,69	1161,20
567,89	1234,93
568,08	1167,34
568,28	1181,68
568,47	1198,06
568,67	1179,63
568,86	1206,25
569,06	1236,97
569,25	1204,21
569,45	1241,07
569,64	1245,16
569,84	1239,02
570,04	1218,54
570,23	1187,82
570,43	1200,11
570,62	1183,73
570,82	1200,11
571,01	1124,33
571,21	1155,05
571,40	1224,69
571,60	1157,10
571,79	1253,36
571,99	1175,53
572,18	1230,83
572,38	1126,38
572,57	1167,34
572,77	1198,06
572,96	1216,49
573,16	1189,87
573,35	1208,30
573,55	1220,59
573,74	1210,35
573,94	1214,45
574,13	1189,87
574,33	1200,11
574,52	1153,01
574,71	1155,05
574,91	1241,07
575,10	1204,21
575,30	1110,00
575,49	1222,64
575,69	1196,01
575,88	1183,73
576,08	1153,01
576,27	1210,35
576,47	1175,53
576,66	1284,08
576,86	1269,74
577,05	1185,77
577,25	1155,05
577,44	1159,15
577,64	1112,05
577,83	1220,59
578,02	1251,31
578,22	1253,36
578,41	1185,77
578,61	1236,97
578,80	1183,73
579,00	1241,07
579,19	1171,44
579,39	1198,06
579,58	1273,84
579,77	1191,92
579,97	1181,68
580,16	1220,59
580,36	1226,73
580,55	1261,55
580,75	1212,40
580,94	1173,49
581,13	1179,63
581,33	1212,40
581,52	1230,83
581,72	1146,86
581,91	1196,01
582,11	1173,49
582,30	1187,82
582,49	1224,69
582,69	1210,35
582,88	1181,68
583,08	1247,21
583,27	1206,25
583,47	1243,12
583,66	1214,45
583,85	1214,45
584,05	1159,15
584,24	1193,97
584,44	1249,26
584,63	1177,58
584,82	1257,45
585,02	1124,33
585,21	1214,45
585,41	1193,97
585,60	1169,39
585,79	1202,16
585,99	1122,29
586,18	1161,20
586,37	1265,64
586,57	1224,69
586,76	1142,77
586,96	1167,34
587,15	1196,01
587,34	1206,25
587,54	1230,83
587,73	1226,73
587,93	1239,02
588,12	1243,12
588,31	1155,05
588,51	1159,15
588,70	1130,48
588,89	1177,58
589,09	1161,20
589,28	1173,49
589,47	1214,45
589,67	1097,71
589,86	1196,01
590,06	1124,33
590,25	1118,19
590,44	1163,25
590,64	1253,36
590,83	1157,10
591,02	1183,73
591,22	1193,97
591,41	1243,12
591,60	1181,68
591,80	1191,92
591,99	1222,64
592,18	1171,44
592,38	1179,63
592,57	1165,29
592,76	1202,16
592,96	1220,59
593,15	1185,77
593,34	1230,83
593,54	1130,48
593,73	1224,69
593,92	1187,82
594,12	1124,33
594,31	1214,45
594,50	1153,01
594,70	1181,68
594,89	1191,92
595,08	1226,73
595,28	1142,77
595,47	1189,87
595,66	1165,29
595,86	1142,77
596,05	1177,58
596,24	1175,53
596,43	1198,06
596,63	1134,57
596,82	1218,54
597,01	1183,73
597,21	1208,30
597,40	1157,10
597,59	1191,92
597,79	1224,69
597,98	1173,49
598,17	1216,49
598,36	1224,69
598,56	1177,58
598,75	1116,14
598,94	1208,30
599,14	1239,02
599,33	1206,25
599,52	1218,54
599,71	1146,86
599,91	1189,87
600,10	1189,87
600,29	1163,25
600,48	1212,40
600,68	1239,02
600,87	1159,15
601,06	1243,12
601,26	1118,19
601,45	1200,11
601,64	1200,11
601,83	1183,73
602,03	1167,34
602,22	1161,20
602,41	1165,29
602,60	1202,16
602,80	1255,40
602,99	1157,10
603,18	1251,31
603,37	1114,10
603,57	1138,67
603,76	1228,78
603,95	1230,83
604,14	1208,30
604,34	1204,21
604,53	1144,81
604,72	1230,83
604,91	1318,89
605,10	1157,10
605,30	1239,02
605,49	1232,88
605,68	1155,05
605,87	1198,06
606,07	1189,87
606,26	1230,83
606,45	1187,82
606,64	1239,02
606,84	1142,77
607,03	1245,16
607,22	1167,34
607,41	1175,53
607,60	1241,07
607,80	1159,15
607,99	1185,77
608,18	1185,77
608,37	1198,06
608,56	1261,55
608,76	1265,64
608,95	1241,07
609,14	1253,36
609,33	1138,67
609,52	1165,29
609,72	1222,64
609,91	1220,59
610,10	1161,20
610,29	1167,34
610,48	1196,01
610,68	1224,69
610,87	1157,10
611,06	1212,40
611,25	1173,49
611,44	1253,36
611,63	1161,20
611,83	1265,64
612,02	1236,97
612,21	1261,55
612,40	1236,97
612,59	1206,25
612,79	1142,77
612,98	1116,14
613,17	1140,72
613,36	1196,01
613,55	1136,62
613,74	1169,39
613,93	1222,64
614,13	1173,49
614,32	1222,64
614,51	1159,15
614,70	1232,88
614,89	1148,91
615,08	1232,88
615,28	1318,89
615,47	1234,93
615,66	1169,39
615,85	1191,92
616,04	1210,35
616,23	1126,38
616,42	1214,45
616,62	1212,40
616,81	1181,68
617,00	1236,97
617,19	1200,11
617,38	1165,29
617,57	1200,11
617,76	1224,69
617,95	1269,74
618,15	1181,68
618,34	1204,21
618,53	1214,45
618,72	1204,21
618,91	1183,73
619,10	1208,30
619,29	1212,40
619,48	1163,25
619,68	1212,40
619,87	1226,73
620,06	1175,53
620,25	1224,69
620,44	1187,82
620,63	1167,34
620,82	1173,49
621,01	1208,30
621,20	1189,87
621,39	1212,40
621,59	1134,57
621,78	1193,97
621,97	1220,59
622,16	1200,11
622,35	1226,73
622,54	1124,33
622,73	1159,15
622,92	1224,69
623,11	1181,68
623,30	1198,06
623,49	1185,77
623,68	1232,88
623,88	1183,73
624,07	1183,73
624,26	1179,63
624,45	1142,77
624,64	1173,49
624,83	1193,97
625,02	1224,69
625,21	1134,57
625,40	1153,01
625,59	1159,15
625,78	1245,16
625,97	1179,63
626,16	1226,73
626,35	1232,88
626,54	1200,11
626,74	1179,63
626,93	1130,48
627,12	1202,16
627,31	1214,45
627,50	1222,64
627,69	1206,25
627,88	1247,21
628,07	1232,88
628,26	1243,12
628,45	1251,31
628,64	1255,40
628,83	1226,73
629,02	1198,06
629,21	1204,21
629,40	1204,21
629,59	1249,26
629,78	1142,77
629,97	1228,78
630,16	1226,73
630,35	1218,54
630,54	1196,01
630,73	1228,78
630,92	1249,26
631,11	1220,59
631,30	1279,98
631,49	1325,04
631,68	1359,85
631,87	2631,64
632,06	8120,20
632,25	17186,55
632,44	21546,68
632,63	27321,95
632,82	14636,83
633,01	8292,23
633,20	3977,16
633,39	2207,71
633,58	1757,16
633,77	1851,36
633,96	1685,48
634,15	1460,20
634,34	1341,42
634,53	1327,08
634,72	1273,84
634,91	1368,04
635,10	1241,07
635,29	1265,64
635,48	1251,31
635,67	1230,83
635,86	1171,44
636,05	1236,97
636,24	1284,08
636,43	1214,45
636,62	1193,97
636,81	1114,10
637,00	1189,87
637,19	1200,11
637,38	1193,97
637,57	1212,40
637,76	1196,01
637,95	1185,77
638,14	1218,54
638,33	1187,82
638,52	1179,63
638,71	1165,29
638,89	1093,62
639,08	1189,87
639,27	1265,64
639,46	1212,40
639,65	1222,64
639,84	1206,25
640,03	1185,77
640,22	1212,40
640,41	1189,87
640,60	1210,35
640,79	1191,92
640,98	1220,59
641,17	1185,77
641,36	1187,82
641,55	1177,58
641,74	1273,84
641,92	1200,11
642,11	1224,69
642,30	1148,91
642,49	1220,59
642,68	1191,92
642,87	1159,15
643,06	1124,33
643,25	1222,64
643,44	1255,40
643,63	1198,06
643,82	1183,73
644,00	1265,64
644,19	1150,96
644,38	1163,25
644,57	1277,93
644,76	1189,87
644,95	1212,40
645,14	1161,20
645,33	1200,11
645,52	1169,39
645,71	1273,84
645,89	1191,92
646,08	1232,88
646,27	1191,92
646,46	1224,69
646,65	1193,97
646,84	1265,64
647,03	1224,69
647,22	1208,30
647,40	1181,68
647,59	1128,43
647,78	1161,20
647,97	1183,73
648,16	1210,35
648,35	1175,53
648,54	1122,29
648,73	1150,96
648,91	1214,45
649,10	1155,05
649,29	1157,10
649,48	1236,97
649,67	1214,45
649,86	1230,83
650,05	1177,58
650,23	1239,02
650,42	1210,35
650,61	1230,83
650,80	1236,97
650,99	1193,97
651,18	1181,68
651,36	1226,73
651,55	1179,63
651,74	1273,84
651,93	1204,21
652,12	1249,26
652,31	1165,29
652,49	1179,63
652,68	1234,93
652,87	1243,12
653,06	1212,40
653,25	1234,93
653,44	1155,05
653,62	1228,78
653,81	1175,53
654,00	1163,25
654,19	1220,59
654,38	1267,69
654,56	1232,88
654,75	1191,92
654,94	1206,25
655,13	1181,68
655,32	1169,39
655,51	1220,59
655,69	1181,68
655,88	1091,57
656,07	1269,74
656,26	1220,59
656,45	1177,58
656,63	1189,87
656,82	1179,63
657,01	1230,83
657,20	1208,30
657,38	1157,10
657,57	1241,07
657,76	1216,49
657,95	1241,07
658,14	1239,02
658,32	1210,35
658,51	1171,44
658,70	1243,12
658,89	1196,01
659,08	1224,69
659,26	1212,40
659,45	1173,49
659,64	1224,69
659,83	1204,21
660,01	1189,87
660,20	1167,34
660,39	1200,11
660,58	1212,40
660,76	1216,49
660,95	1210,35
661,14	1236,97
661,33	1206,25
661,51	1191,92
661,70	1214,45
661,89	1142,77
662,08	1255,40
662,26	1247,21
662,45	1179,63
662,64	1146,86
662,83	1173,49
663,01	1155,05
663,20	1212,40
663,39	1230,83
663,58	1196,01
663,76	1146,86
663,95	1116,14
664,14	1232,88
664,32	1249,26
664,51	1196,01
664,70	1187,82
664,89	1183,73
665,07	1236,97
665,26	1157,10
665,45	1196,01
665,64	1263,60
665,82	1179,63
666,01	1142,77
666,20	1216,49
666,38	1181,68
666,57	1179,63
666,76	1224,69
666,95	1163,25
667,13	1208,30
667,32	1171,44
667,51	1208,30
667,69	1230,83
667,88	1228,78
668,07	1163,25
668,25	1185,77
668,44	1232,88
668,63	1185,77
668,81	1249,26
669,00	1224,69
669,19	1196,01
669,38	1222,64
669,56	1157,10
669,75	1212,40
669,94	1177,58
670,12	1226,73
670,31	1165,29
670,50	1181,68
670,68	1120,24
670,87	1222,64
671,06	1236,97
671,24	1232,88
671,43	1234,93
671,62	1210,35
671,80	1232,88
671,99	1196,01
672,18	1163,25
672,36	1163,25
672,55	1259,50
672,74	1282,03
672,92	1277,93
673,11	1210,35
673,29	1267,69
673,48	1232,88
673,67	1179,63
673,85	1132,53
674,04	1204,21
674,23	1212,40
674,41	1159,15
674,60	1196,01
674,79	1216,49
674,97	1179,63
675,16	1169,39
675,34	1243,12
675,53	1253,36
675,72	1130,48
675,90	1214,45
676,09	1175,53
676,28	1148,91
676,46	1189,87
676,65	1189,87
676,83	1226,73
677,02	1112,05
677,21	1175,53
677,39	1169,39
677,58	1136,62
677,77	1193,97
677,95	1183,73
678,14	1257,45
678,32	1132,53
678,51	1175,53
678,70	1245,16
678,88	1200,11
679,07	1212,40
679,25	1183,73
679,44	1165,29
679,63	1255,40
679,81	1230,83
680,00	1196,01
680,18	1167,34
680,37	1132,53
680,55	1175,53
680,74	1177,58
680,93	1161,20
681,11	1198,06
681,30	1245,16
681,48	1095,66
681,67	1208,30
681,85	1114,10
682,04	1245,16
682,23	1112,05
682,41	1155,05
682,60	1216,49
682,78	1185,77
682,97	1159,15
683,15	1191,92
683,34	1200,11
683,53	1269,74
683,71	1163,25
683,90	1236,97
684,08	1226,73
684,27	1148,91
684,45	1216,49
684,64	1167,34
684,82	1167,34
685,01	1187,82
685,19	1177,58
685,38	1198,06
685,57	1234,93
685,75	1253,36
685,94	1150,96
686,12	1130,48
686,31	1216,49
686,49	1263,60
686,68	1134,57
686,86	1155,05
687,05	1204,21
687,23	1208,30
687,42	1277,93
687,60	1232,88
687,79	1171,44
687,97	1204,21
688,16	1265,64
688,34	1224,69
688,53	1177,58
688,71	1204,21
688,90	1218,54
689,08	1191,92
689,27	1107,95
689,45	1150,96
689,64	1165,29
689,82	1212,40
690,01	1187,82
690,19	1206,25
690,38	1146,86
690,56	1241,07
690,75	1216,49
690,93	1177,58
691,12	1208,30
691,30	1175,53
691,49	1243,12
691,67	1140,72
691,86	1261,55
692,04	1243,12
692,23	1126,38
692,41	1165,29
692,60	1175,53
692,78	1241,07
692,97	1222,64
693,15	1265,64
693,34	1155,05
693,52	1265,64
693,71	1173,49
693,89	1105,90
694,08	1191,92
694,26	1208,30
694,44	1126,38
694,63	1189,87
694,81	1196,01
695,00	1193,97
695,18	1167,34
695,37	1179,63
695,55	1120,24
695,74	1224,69
695,92	1275,88
696,10	1224,69
696,29	1187,82
696,47	1210,35
696,66	1202,16
696,84	1161,20
697,03	1239,02
697,21	1273,84
697,40	1122,29
697,58	1130,48
697,76	1142,77
697,95	1206,25
698,13	1122,29
698,32	1245,16
698,50	1167,34
698,68	1175,53
698,87	1210,35
699,05	1282,03
699,24	1206,25
699,42	1142,77
699,61	1165,29
699,79	1241,07
699,97	1255,40
700,16	1241,07
700,34	1191,92
700,53	1118,19
700,71	1148,91
700,89	1236,97
701,08	1243,12
701,26	1255,40
701,45	1175,53
701,63	1177,58
701,81	1187,82
702,00	1204,21
702,18	1232,88
702,37	1116,14
702,55	1230,83
702,73	1146,86
702,92	1212,40
703,10	1226,73
703,28	1200,11
703,47	1222,64
703,65	1234,93
703,84	1212,40
704,02	1183,73
704,20	1163,25
704,39	1191,92
704,57	1189,87
704,75	1257,45
704,94	1183,73
705,12	1208,30
705,30	1214,45
705,49	1187,82
705,67	1230,83
705,86	1232,88
706,04	1198,06
706,22	1144,81
706,41	1202,16
706,59	1091,57
706,77	1183,73
706,96	1167,34
707,14	1200,11
707,32	1189,87
707,51	1150,96
707,69	1208,30
707,87	1193,97
708,06	1222,64
708,24	1198,06
708,42	1200,11
708,61	1189,87
708,79	1157,10
708,97	1191,92
709,16	1107,95
709,34	1165,29
709,52	1110,00
709,71	1230,83
709,89	1177,58
710,07	1198,06
710,26	1226,73
710,44	1142,77
710,62	1163,25
710,80	1200,11
710,99	1290,22
711,17	1247,21
711,35	1230,83
711,54	1214,45
711,72	1286,12
711,90	1243,12
712,09	1146,86
712,27	1193,97
712,45	1198,06
712,63	1177,58
712,82	1232,88
713,00	1124,33
713,18	1208,30
713,37	1198,06
713,55	1200,11
713,73	1224,69
713,91	1183,73
714,10	1187,82
714,28	1255,40
714,46	1224,69
714,65	1236,97
714,83	1208,30
715,01	1126,38
715,19	1226,73
715,38	1202,16
715,56	1218,54
715,74	1198,06
715,92	1208,30
716,11	1165,29
716,29	1161,20
716,47	1198,06
716,65	1179,63
716,84	1169,39
717,02	1232,88
717,20	1191,92
717,38	1220,59
717,57	1253,36
717,75	1208,30
717,93	1218,54
718,11	1148,91
718,30	1236,97
718,48	1175,53
718,66	1146,86
718,84	1210,35
719,03	1261,55
719,21	1224,69
719,39	1212,40
719,57	1185,77
719,75	1214,45
719,94	1191,92
720,12	1196,01
720,30	1265,64
720,48	1171,44
720,67	1161,20
720,85	1232,88
721,03	1200,11
721,21	1216,49
721,39	1216,49
721,58	1204,21
721,76	1165,29
721,94	1208,30
722,12	1200,11
722,30	1146,86
722,49	1210,35
722,67	1155,05
722,85	1159,15
723,03	1228,78
723,21	1177,58
723,40	1179,63
723,58	1243,12
723,76	1181,68
723,94	1185,77
724,12	1249,26
724,30	1232,88
724,49	1187,82
724,67	1212,40
724,85	1150,96
725,03	1196,01
725,21	1249,26
725,40	1150,96
725,58	1241,07
725,76	1173,49
725,94	1179,63
726,12	1183,73
726,30	1153,01
726,49	1214,45
726,67	1222,64
726,85	1171,44
727,03	1204,21
727,21	1196,01
727,39	1144,81
727,57	1261,55
727,76	1148,91
727,94	1202,16
728,12	1189,87
728,30	1175,53
728,48	1216,49
728,66	1222,64
728,84	1212,40
729,03	1153,01
729,21	1175,53
729,39	1239,02
729,57	1191,92
729,75	1200,11
729,93	1249,26
730,11	1148,91
730,30	1257,45
730,48	1245,16
730,66	1224,69
730,84	1214,45
731,02	1230,83
731,20	1157,10
731,38	1255,40
731,56	1134,57
731,74	1263,60
731,93	1236,97
732,11	1286,12
732,29	1150,96
732,47	1077,23
732,65	1253,36
732,83	1181,68
733,01	1261,55
733,19	1204,21
733,37	1173,49
733,56	1171,44
733,74	1173,49
733,92	1165,29
734,10	1220,59
734,28	1175,53
734,46	1110,00
734,64	1220,59
734,82	1175,53
735,00	1243,12
735,18	1183,73
735,36	1169,39
735,54	1208,30
735,73	1187,82
735,91	1185,77
736,09	1249,26
736,27	1228,78
736,45	1159,15
736,63	1150,96
736,81	1200,11
736,99	1290,22
737,17	1208,30
737,35	1214,45
737,53	1243,12
737,71	1140,72
737,89	1136,62
738,07	1193,97
738,25	1105,90
738,43	1226,73
738,61	1153,01
738,80	1208,30
738,98	1239,02
739,16	1202,16
739,34	1196,01
739,52	1173,49
739,70	1265,64
739,88	1191,92
740,06	1218,54
740,24	1245,16
740,42	1140,72
740,60	1183,73
740,78	1171,44
740,96	1155,05
741,14	1167,34
741,32	1198,06
741,50	1165,29
741,68	1220,59
741,86	1208,30
742,04	1208,30
742,22	1142,77
742,40	1173,49
742,58	1202,16
742,76	1218,54
742,94	1245,16
743,12	1097,71
743,30	1218,54
743,48	1204,21
743,66	1093,62
743,84	1183,73
744,02	1214,45
744,20	1220,59
744,38	1173,49
744,56	1204,21
744,74	1224,69
744,92	1265,64
745,10	1253,36
745,28	1144,81
745,46	1210,35
745,64	1181,68
745,82	1196,01
746,00	1187,82
746,18	1150,96
746,36	1222,64
746,54	1153,01
746,72	1208,30
746,90	1155,05
747,08	1171,44
747,26	1275,88
747,44	1245,16
747,62	1232,88
747,80	1167,34
747,98	1214,45
748,15	1228,78
748,33	1206,25
748,51	1171,44
748,69	1159,15
748,87	1202,16
749,05	1134,57
749,23	1206,25
749,41	1255,40
749,59	1148,91
749,77	1122,29
749,95	1198,06
750,13	1196,01
750,31	1198,06
750,49	1210,35
750,67	1175,53
750,85	1204,21
751,03	1150,96
751,20	1279,98
751,38	1179,63
751,56	1263,60
751,74	1187,82
751,92	1206,25
752,10	1206,25
752,28	1173,49
752,46	1230,83
752,64	1251,31
752,82	1191,92
753,00	1163,25
753,18	1193,97
753,35	1198,06
753,53	1196,01
753,71	1159,15
753,89	1224,69
754,07	1208,30
754,25	1218,54
754,43	1239,02
754,61	1214,45
754,79	1222,64
754,97	1159,15
755,14	1163,25
755,32	1112,05
755,50	1122,29
755,68	1243,12
755,86	1232,88
756,04	1185,77
756,22	1275,88
756,40	1153,01
756,57	1212,40
756,75	1204,21
756,93	1220,59
757,11	1171,44
757,29	1159,15
757,47	1269,74
757,65	1171,44
757,82	1214,45
758,00	1214,45
758,18	1224,69
758,36	1245,16
758,54	1200,11
758,72	1220,59
758,90	1232,88
759,07	1200,11
759,25	1189,87
759,43	1226,73
759,61	1146,86
759,79	1228,78
759,97	1249,26
760,15	1181,68
760,32	1196,01
760,50	1124,33
760,68	1230,83
760,86	1245,16
761,04	1243,12
761,22	1142,77
761,39	1208,30
761,57	1208,30
761,75	1155,05
761,93	1144,81
762,11	1239,02
762,28	1239,02
762,46	1175,53
762,64	1253,36
762,82	1220,59
763,00	1261,55
763,18	1118,19
763,35	1165,29
763,53	1169,39
763,71	1146,86
763,89	1185,77
764,07	1230,83
764,24	1200,11
764,42	1146,86
764,60	1216,49
764,78	1177,58
764,96	1226,73
765,13	1275,88
765,31	1132,53
765,49	1288,17
765,67	1241,07
765,84	1159,15
766,02	1161,20
766,20	1224,69
766,38	1216,49
766,56	1196,01
766,73	1212,40
766,91	1155,05
767,09	1181,68
767,27	1167,34
767,44	1148,91
767,62	1210,35
767,80	1228,78
767,98	1175,53
768,15	1212,40
768,33	1097,71
768,51	1222,64
768,69	1216,49
768,87	1226,73
769,04	1222,64
769,22	1185,77
769,40	1126,38
769,58	1159,15
769,75	1183,73
769,93	1230,83
770,11	1220,59
770,28	1206,25
770,46	1177,58
770,64	1236,97
770,82	1196,01
770,99	1101,81
771,17	1214,45
771,35	1167,34
771,53	1259,50
771,70	1183,73
771,88	1214,45
772,06	1144,81
772,23	1175,53
772,41	1255,40
772,59	1150,96
772,77	1212,40
772,94	1191,92
773,12	1228,78
773,30	1134,57
773,47	1210,35
773,65	1159,15
773,83	1271,79
774,01	1265,64
774,18	1163,25
774,36	1177,58
774,54	1189,87
774,71	1157,10
774,89	1118,19
775,07	1210,35
775,24	1171,44
775,42	1138,67
775,60	1253,36
775,78	1234,93
775,95	1282,03
776,13	1161,20
776,31	1218,54
776,48	1173,49
776,66	1208,30
776,84	1198,06
777,01	1181,68
777,19	1157,10
777,37	1189,87
777,54	1189,87
777,72	1200,11
777,90	1204,21
778,07	1177,58
778,25	1206,25
778,43	1228,78
778,60	1208,30
778,78	1222,64
778,96	1171,44
779,13	1173,49
779,31	1208,30
779,49	1177,58
779,66	1183,73
779,84	1226,73
780,01	1153,01
780,19	1120,24
780,37	1165,29
780,54	1230,83
780,72	1200,11
780,90	1232,88
781,07	1126,38
781,25	1275,88
781,43	1128,43
781,60	1167,34
781,78	1249,26
781,95	1175,53
782,13	1251,31
782,31	1118,19
782,48	1230,83
782,66	1183,73
782,83	1224,69
783,01	1157,10
783,19	1216,49
783,36	1212,40
783,54	1146,86
783,72	1171,44
783,89	1228,78
784,07	1105,90
784,24	1216,49
784,42	1224,69
784,60	1218,54
784,77	1183,73
784,95	1196,01
785,12	1196,01
785,30	1198,06
785,47	1198,06
785,65	1173,49
785,83	1236,97
786,00	1269,74
786,18	1241,07
786,35	1202,16
786,53	1243,12
786,71	1198,06
786,88	1134,57
787,06	1220,59
787,23	1148,91
787,41	1124,33
787,58	1200,11
787,76	1118,19
787,94	1167,34
788,11	1224,69
788,29	1177,58
788,46	1140,72
788,64	1177,58
788,81	1228,78
788,99	1173,49
789,16	1210,35
789,34	1085,42
789,52	1157,10
789,69	1228,78
789,87	1216,49
790,04	1214,45
790,22	1249,26
790,39	1189,87
790,57	1241,07
790,74	1183,73
790,92	1196,01
791,09	1140,72
791,27	1196,01
791,44	1226,73
791,62	1247,21
791,79	1171,44
791,97	1214,45
792,15	1204,21
792,32	1212,40
792,50	1189,87
792,67	1208,30
792,85	1196,01
793,02	1155,05
793,20	1228,78
793,37	1222,64
793,55	1187,82
793,72	1185,77
793,90	1142,77
794,07	1122,29
794,25	1220,59
794,42	1224,69
794,60	1292,27
794,77	1210,35
794,95	1212,40
795,12	1261,55
795,30	1218,54
795,47	1140,72
795,65	1286,12
795,82	1224,69
796,00	1224,69
796,17	1249,26
796,34	1206,25
796,52	1155,05
796,69	1134,57
796,87	1183,73
797,04	1214,45
797,22	1103,86
797,39	1216,49
797,57	1198,06
797,74	1177,58
797,92	1245,16
798,09	1257,45
798,27	1134,57
798,44	1191,92
798,62	1177,58
798,79	1206,25
798,96	1183,73
799,14	1200,11
799,31	1206,25
799,49	1193,97
799,66	1171,44
799,84	1150,96
800,01	1234,93
800,19	1183,73
800,36	1167,34
800,53	1263,60
800,71	1189,87
800,88	1177,58
801,06	1161,20
801,23	1193,97
801,41	1193,97
801,58	1222,64
801,75	1159,15
801,93	1157,10
802,10	1220,59
802,28	1245,16
802,45	1171,44
802,63	1155,05
802,80	1279,98
802,97	1122,29
803,15	1181,68
803,32	1187,82
803,50	1177,58
803,67	1146,86
803,84	1247,21
804,02	1214,45
804,19	1134,57
804,37	1173,49
804,54	1159,15
804,71	1142,77
804,89	1220,59
805,06	1189,87
805,24	1140,72
805,41	1251,31
805,58	1216,49
805,76	1087,47
805,93	1138,67
806,10	1173,49
806,28	1200,11
806,45	1220,59
806,63	1204,21
806,80	1187,82
806,97	1224,69
807,15	1150,96
807,32	1212,40
807,49	1165,29
807,67	1185,77
807,84	1204,21
808,01	1277,93
808,19	1218,54
808,36	1230,83
808,54	1165,29
808,71	1183,73
808,88	1175,53
809,06	1191,92
809,23	1247,21
809,40	1218,54
809,58	1189,87
809,75	1169,39
809,92	1202,16
810,10	1210,35
810,27	1202,16
810,44	1253,36
810,62	1241,07
810,79	1196,01
810,96	1245,16
811,14	1142,77
811,31	1173,49
811,48	1241,07
811,66	1236,97
811,83	1157,10
812,00	1155,05
812,18	1251,31
812,35	1200,11
812,52	1181,68
812,69	1163,25
812,87	1159,15
813,04	1239,02
813,21	1173,49
813,39	1241,07
813,56	1230,83
813,73	1142,77
813,91	1253,36
814,08	1259,50
814,25	1216,49
814,42	1148,91
814,60	1191,92
814,77	1251,31
814,94	1167,34
815,12	1222,64
815,29	1200,11
815,46	1157,10
815,63	1224,69
815,81	1220,59
815,98	1218,54
816,15	1214,45
816,33	1165,29
816,50	1206,25
816,67	1228,78
816,84	1161,20
817,02	1185,77
817,19	1202,16
817,36	1200,11
817,53	1245,16
817,71	1155,05
817,88	1200,11
818,05	1247,21
818,22	1175,53
818,40	1261,55
818,57	1208,30
818,74	1124,33
818,91	1212,40
819,09	1179,63
819,26	1163,25
819,43	1179,63
819,60	1134,57
819,78	1241,07
819,95	1222,64
820,12	1261,55
820,29	1230,83
820,47	1245,16
820,64	1210,35
820,81	1185,77
820,98	1189,87
821,15	1206,25
821,33	1204,21
821,50	1230,83
821,67	1193,97
821,84	1200,11
822,02	1202,16
822,19	1234,93
822,36	1226,73
822,53	1245,16
822,70	1173,49
822,88	1171,44
823,05	1196,01
823,22	1187,82
823,39	1183,73
823,56	1216,49
823,74	1212,40
823,91	1245,16
824,08	1193,97
824,25	1226,73
824,42	1214,45
824,60	1234,93
824,77	1165,29
824,94	1200,11
825,11	1200,11
825,28	1196,01
825,45	1159,15
825,63	1241,07
825,80	1167,34
825,97	1185,77
826,14	1222,64
826,31	1302,51
826,48	1173,49
826,66	1228,78
826,83	1200,11
827,00	1234,93
827,17	1259,50
827,34	1204,21
827,51	1181,68
827,69	1222,64
827,86	1249,26
828,03	1214,45
828,20	1150,96
828,37	1185,77
828,54	1153,01
828,71	1228,78
828,89	1163,25
829,06	1193,97
829,23	1163,25
829,40	1234,93
829,57	1198,06
829,74	1196,01
829,91	1216,49
830,09	1224,69
830,26	1243,12
830,43	1216,49
830,60	1150,96
830,77	1179,63
830,94	1214,45
831,11	1241,07
831,28	1142,77
831,46	1169,39
831,63	1179,63
831,80	1110,00
831,97	1132,53
832,14	1138,67
832,31	1222,64
832,48	1167,34
832,65	1150,96
832,82	1193,97
832,99	1181,68
833,17	1216,49
833,34	1239,02
833,51	1208,30
833,68	1163,25
833,85	1204,21
834,02	1183,73
834,19	1245,16
834,36	1245,16
834,53	1153,01
834,70	1257,45
834,87	1202,16
835,04	1232,88
835,22	1185,77
835,39	1193,97
835,56	1216,49
835,73	1148,91
835,90	1226,73
836,07	1150,96
836,24	1193,97
836,41	1210,35
836,58	1173,49
836,75	1312,75
836,92	1183,73
837,09	1175,53
837,26	1200,11
837,43	1140,72
837,60	1114,10
837,77	1175,53
837,94	1163,25
838,12	1171,44
838,29	1210,35
838,46	1200,11
838,63	1193,97
838,80	1183,73
838,97	1257,45
839,14	1165,29
839,31	1187,82
839,48	1236,97
839,65	1171,44
839,82	1206,25
839,99	1216,49
840,16	1243,12
840,33	1148,91
840,50	1290,22
840,67	1134,57
840,84	1200,11
841,01	1290,22
841,18	1220,59
841,35	1218,54
841,52	1208,30
841,69	1187,82
841,86	1124,33
842,03	1198,06
842,20	1191,92
842,37	1243,12
842,54	1173,49
842,71	1216,49
842,88	1167,34
843,05	1157,10
843,22	1148,91
843,39	1220,59
843,56	1241,07
843,73	1136,62
843,90	1173,49
844,07	1216,49
844,24	1208,30
844,41	1175,53
844,58	1118,19
844,75	1191,92
844,92	1181,68
845,09	1150,96
845,26	1140,72
845,43	1198,06
845,60	1222,64
845,77	1142,77
845,94	1245,16
846,10	1216,49
846,27	1222,64
846,44	1183,73
846,61	1116,14
846,78	1177,58
846,95	1249,26
847,12	1171,44
847,29	1241,07
847,46	1179,63
847,63	1165,29
847,80	1284,08
847,97	1202,16
848,14	1200,11
848,31	1173,49
848,48	1204,21
848,65	1142,77
848,82	1200,11
848,98	1200,11
849,15	1208,30
849,32	1193,97
849,49	1236,97
849,66	1255,40
849,83	1220,59
850,00	1247,21
850,17	1146,86
850,34	1193,97
850,51	1216,49
850,68	1085,42
850,85	1253,36
851,01	1214,45
851,18	1230,83
851,35	1122,29
851,52	1196,01
851,69	1114,10
851,86	1187,82
852,03	1185,77
852,20	1177,58
852,37	1216,49
852,53	1187,82
852,70	1216,49
852,87	1230,83
853,04	1249,26
853,21	1196,01
853,38	1232,88
853,55	1243,12
853,72	1232,88
853,89	1179,63
854,05	1171,44
854,22	1220,59
854,39	1148,91
854,56	1181,68
854,73	1220,59
854,90	1198,06
855,07	1181,68
855,23	1126,38
855,40	1165,29
855,57	1134,57
855,74	1226,73
855,91	1226,73
856,08	1159,15
856,25	1273,84
856,41	1136,62
856,58	1150,96
856,75	1230,83
856,92	1220,59
857,09	1208,30
857,26	1179,63
857,42	1224,69
857,59	1212,40
857,76	1247,21
857,93	1212,40
858,10	1206,25
858,27	1165,29
858,43	1159,15
858,60	1191,92
858,77	1144,81
858,94	1116,14
859,11	1224,69
859,27	1193,97
859,44	1206,25
859,61	1177,58
859,78	1144,81
859,95	1212,40
860,12	1150,96
860,28	1202,16
860,45	1216,49
860,62	1185,77
860,79	1163,25
860,95	1169,39
861,12	1206,25
861,29	1208,30
861,46	1210,35
861,63	1202,16
861,79	1169,39
861,96	1232,88
862,13	1075,18
862,30	1130,48
862,47	1175,53
862,63	1191,92
862,80	1222,64
862,97	1263,60
863,14	1183,73
863,30	1241,07
863,47	1175,53
863,64	1247,21
863,81	1181,68
863,97	1222,64
864,14	1247,21
864,31	1177,58
864,48	1208,30
864,65	1118,19
864,81	1202,16
864,98	1253,36
865,15	1220,59
865,32	1173,49
865,48	1204,21
865,65	1204,21
865,82	1222,64
865,98	1193,97
866,15	1181,68
866,32	1155,05
866,49	1169,39
866,65	1171,44
866,82	1226,73
866,99	1191,92
867,16	1183,73
867,32	1126,38
867,49	1200,11
867,66	1206,25
867,83	1173,49
867,99	1255,40
868,16	1216,49
868,33	1118,19
868,49	1183,73
868,66	1191,92
868,83	1298,41
868,99	1232,88
869,16	1136,62
869,33	1232,88
869,50	1146,86
869,66	1247,21
869,83	1236,97
870,00	1181,68
870,16	1198,06
870,33	1185,77
870,50	1230,83
870,66	1110,00
870,83	1222,64
871,00	1216,49
871,17	1155,05
871,33	1230,83
871,50	1245,16
871,67	1228,78
871,83	1140,72
872,00	1179,63
872,17	1208,30
872,33	1224,69
872,50	1183,73
872,67	1185,77
872,83	1181,68
873,00	1169,39
873,17	1241,07
873,33	1157,10
873,50	1200,11
873,67	1185,77
873,83	1208,30
874,00	1165,29
874,16	1165,29
874,33	1179,63
874,50	1167,34
874,66	1196,01
874,83	1187,82
875,00	1171,44
875,16	1181,68
875,33	1216,49
875,50	1171,44
875,66	1245,16
875,83	1200,11
875,99	1171,44
876,16	1157,10
876,33	1181,68
876,49	1191,92
876,66	1101,81
876,83	1267,69
876,99	1204,21
877,16	1130,48
877,32	1245,16
877,49	1200,11
877,66	1200,11
877,82	1187,82
877,99	1226,73
878,15	1208,30
878,32	1138,67
878,49	1208,30
878,65	1212,40
878,82	1175,53
878,98	1138,67
879,15	1267,69
879,32	1177,58
879,48	1191,92
879,65	1148,91
879,81	1159,15
879,98	1177,58
880,15	1148,91
880,31	1165,29
880,48	1216,49
880,64	1148,91
880,81	1118,19
880,97	1150,96
881,14	1222,64
881,31	1179,63
881,47	1220,59
881,64	1183,73
881,80	1226,73
881,97	1173,49
882,13	1224,69
882,30	1189,87
882,47	1193,97
882,63	1159,15
882,80	1236,97
882,96	1181,68
883,13	1187,82
883,29	1193,97
883,46	1232,88
883,62	1181,68
883,79	1193,97
883,95	1185,77
884,12	1189,87
884,29	1097,71
884,45	1210,35
884,62	1183,73
884,78	1159,15
884,95	1196,01
885,11	1181,68
885,28	1228,78
885,44	1267,69
885,61	1173,49
885,77	1212,40
885,94	1249,26
886,10	1169,39
886,27	1150,96
886,43	1118,19
886,60	1239,02
886,76	1185,77
886,93	1214,45
887,09	1148,91
887,26	1226,73
887,42	1183,73
887,59	1165,29
887,75	1226,73
887,92	1241,07
888,08	1228,78
888,25	1257,45
888,41	1155,05
888,58	1146,86
888,74	1193,97
888,91	1146,86
