177,47	1155,05
177,69	1155,05
177,91	1155,05
178,13	1196,01
178,36	1232,88
178,58	1243,12
178,80	1187,82
179,02	1116,14
179,24	1177,58
179,46	1222,64
179,68	1169,39
179,90	1224,69
180,13	1163,25
180,35	1216,49
180,57	1187,82
180,79	1226,73
181,01	1165,29
181,23	1177,58
181,45	1185,77
181,67	1206,25
181,90	1222,64
182,12	1169,39
182,34	1198,06
182,56	1206,25
182,78	1187,82
183,00	1249,26
183,22	1126,38
183,44	1155,05
183,66	1165,29
183,89	1144,81
184,11	1163,25
184,33	1159,15
184,55	1216,49
184,77	1243,12
184,99	1200,11
185,21	1214,45
185,43	1245,16
185,65	1185,77
185,87	1222,64
186,10	1142,77
186,32	1206,25
186,54	1208,30
186,76	1214,45
186,98	1191,92
187,20	1247,21
187,42	1173,49
187,64	1200,11
187,86	1150,96
188,08	1214,45
188,30	1103,86
188,52	1273,84
188,75	1173,49
188,97	1210,35
189,19	1159,15
189,41	1212,40
189,63	1202,16
189,85	1204,21
190,07	1216,49
190,29	1200,11
190,51	1286,12
190,73	1198,06
190,95	1140,72
191,17	1253,36
191,39	1181,68
191,61	1185,77
191,84	1146,86
192,06	1253,36
192,28	1247,21
192,50	1157,10
192,72	1214,45
192,94	1206,25
193,16	1216,49
193,38	1239,02
193,60	1185,77
193,82	1196,01
194,04	1181,68
194,26	1202,16
194,48	1200,11
194,70	1134,57
194,92	1224,69
195,14	1214,45
195,36	1179,63
195,58	1155,05
195,80	1142,77
196,02	1239,02
196,24	1146,86
196,46	1200,11
196,69	1222,64
196,91	1206,25
197,13	1241,07
197,35	1191,92
197,57	1247,21
197,79	1189,87
198,01	1218,54
198,23	1165,29
198,45	1202,16
198,67	1198,06
198,89	1204,21
199,11	1210,35
199,33	1198,06
199,55	1153,01
199,77	1142,77
199,99	1097,71
200,21	1208,30
200,43	1232,88
200,65	1253,36
200,87	1193,97
201,09	1193,97
201,31	1161,20
201,53	1138,67
201,75	1265,64
201,97	1191,92
202,19	1177,58
202,41	1142,77
202,63	1140,72
202,85	1171,44
203,07	1245,16
203,29	1210,35
203,51	1236,97
203,73	1167,34
203,95	1222,64
204,17	1198,06
204,39	1232,88
204,61	1179,63
204,83	1245,16
205,05	1138,67
205,27	1208,30
205,49	1212,40
205,71	1232,88
205,93	1208,30
206,15	1210,35
206,37	1183,73
206,59	1210,35
206,81	1155,05
207,03	1239,02
207,25	1189,87
207,47	1277,93
207,69	1208,30
207,91	1214,45
208,13	1204,21
208,34	1245,16
208,56	1196,01
208,78	1216,49
209,00	1216,49
209,22	1247,21
209,44	1241,07
209,66	1259,50
209,88	1187,82
210,10	1183,73
210,32	1138,67
210,54	1193,97
210,76	1163,25
210,98	1228,78
211,20	1159,15
211,42	1212,40
211,64	1193,97
211,86	1187,82
212,08	1136,62
212,30	1187,82
212,52	1251,31
212,74	1142,77
212,96	1224,69
213,17	1212,40
213,39	1132,53
213,61	1212,40
213,83	1212,40
214,05	1204,21
214,27	1214,45
214,49	1173,49
214,71	1177,58
214,93	1306,60
215,15	1142,77
215,37	1232,88
215,59	1218,54
215,81	1136,62
216,03	1196,01
216,24	1206,25
216,46	1216,49
216,68	1198,06
216,90	1245,16
217,12	1216,49
217,34	1148,91
217,56	1183,73
217,78	1114,10
218,00	1183,73
218,22	1206,25
218,44	1267,69
218,66	1232,88
218,87	1202,16
219,09	1228,78
219,31	1187,82
219,53	1181,68
219,75	1171,44
219,97	1189,87
220,19	1181,68
220,41	1173,49
220,63	1247,21
220,85	1191,92
221,06	1185,77
221,28	1212,40
221,50	1210,35
221,72	1206,25
221,94	1224,69
222,16	1112,05
222,38	1226,73
222,60	1214,45
222,82	1212,40
223,03	1161,20
223,25	1214,45
223,47	1173,49
223,69	1198,06
223,91	1159,15
224,13	1167,34
224,35	1222,64
224,57	1171,44
224,78	1146,86
225,00	1282,03
225,22	1241,07
225,44	1265,64
225,66	1224,69
225,88	1218,54
226,10	1185,77
226,32	1243,12
226,53	1222,64
226,75	1093,62
226,97	1202,16
227,19	1218,54
227,41	1159,15
227,63	1173,49
227,85	1187,82
228,06	1198,06
228,28	1331,18
228,50	1222,64
228,72	1128,43
228,94	1175,53
229,16	1222,64
229,37	1234,93
229,59	1259,50
229,81	1169,39
230,03	1187,82
230,25	1198,06
230,47	1245,16
230,69	1265,64
230,90	1183,73
231,12	1228,78
231,34	1122,29
231,56	1191,92
231,78	1196,01
232,00	1179,63
232,21	1198,06
232,43	1236,97
232,65	1103,86
232,87	1153,01
233,09	1216,49
233,30	1175,53
233,52	1189,87
233,74	1224,69
233,96	1196,01
234,18	1198,06
234,40	1179,63
234,61	1208,30
234,83	1175,53
235,05	1073,14
235,27	1279,98
235,49	1232,88
235,70	1216,49
235,92	1261,55
236,14	1169,39
236,36	1247,21
236,58	1206,25
236,79	1249,26
237,01	1140,72
237,23	1175,53
237,45	1191,92
237,67	1208,30
237,88	1255,40
238,10	1245,16
238,32	1200,11
238,54	1216,49
238,76	1169,39
238,97	1216,49
239,19	1234,93
239,41	1206,25
239,63	1148,91
239,85	1193,97
240,06	1239,02
240,28	1265,64
240,50	1202,16
240,72	1198,06
240,93	1175,53
241,15	1222,64
241,37	1228,78
241,59	1173,49
241,81	1155,05
242,02	1118,19
242,24	1228,78
242,46	1226,73
242,68	1206,25
242,89	1255,40
243,11	1148,91
243,33	1273,84
243,55	1218,54
243,76	1175,53
243,98	1183,73
244,20	1279,98
244,42	1210,35
244,64	1193,97
244,85	1224,69
245,07	1216,49
245,29	1167,34
245,51	1187,82
245,72	1179,63
245,94	1140,72
246,16	1196,01
246,38	1198,06
246,59	1232,88
246,81	1173,49
247,03	1210,35
247,24	1167,34
247,46	1241,07
247,68	1226,73
247,90	1118,19
248,11	1222,64
248,33	1159,15
248,55	1247,21
248,77	1265,64
248,98	1183,73
249,20	1173,49
249,42	1245,16
249,64	1198,06
249,85	1173,49
250,07	1204,21
250,29	1163,25
250,50	1189,87
250,72	1206,25
250,94	1218,54
251,16	1101,81
251,37	1198,06
251,59	1234,93
251,81	1212,40
252,02	1150,96
252,24	1218,54
252,46	1167,34
252,68	1204,21
252,89	1157,10
253,11	1210,35
253,33	1282,03
253,54	1163,25
253,76	1236,97
253,98	1251,31
254,20	1239,02
254,41	1185,77
254,63	1132,53
254,85	1187,82
255,06	1224,69
255,28	1214,45
255,50	1177,58
255,71	1257,45
255,93	1296,36
256,15	1228,78
256,36	1134,57
256,58	1202,16
256,80	1265,64
257,02	1177,58
257,23	1134,57
257,45	1169,39
257,67	1236,97
257,88	1177,58
258,10	1241,07
258,32	1200,11
258,53	1230,83
258,75	1222,64
258,97	1208,30
259,18	1144,81
259,40	1232,88
259,62	1216,49
259,83	1208,30
260,05	1216,49
260,27	1208,30
260,48	1239,02
260,70	1196,01
260,92	1191,92
261,13	1249,26
261,35	1222,64
261,57	1210,35
261,78	1269,74
262,00	1148,91
262,22	1163,25
262,43	1181,68
262,65	1222,64
262,86	1220,59
263,08	1234,93
263,30	1208,30
263,51	1181,68
263,73	1234,93
263,95	1198,06
264,16	1206,25
264,38	1232,88
264,60	1220,59
264,81	1232,88
265,03	1187,82
265,25	1167,34
265,46	1224,69
265,68	1236,97
265,89	1140,72
266,11	1218,54
266,33	1134,57
266,54	1277,93
266,76	1230,83
266,98	1257,45
267,19	1255,40
267,41	1191,92
267,62	1132,53
267,84	1163,25
268,06	1239,02
268,27	1196,01
268,49	1161,20
268,70	1191,92
268,92	1230,83
269,14	1185,77
269,35	1198,06
269,57	1155,05
269,79	1198,06
270,00	1251,31
270,22	1148,91
270,43	1171,44
270,65	1196,01
270,87	1083,38
271,08	1202,16
271,30	1202,16
271,51	1263,60
271,73	1234,93
271,95	1263,60
272,16	1204,21
272,38	1183,73
272,59	1245,16
272,81	1206,25
273,02	1163,25
273,24	1167,34
273,46	1222,64
273,67	1306,60
273,89	1212,40
274,10	1208,30
274,32	1193,97
274,54	1157,10
274,75	1243,12
274,97	1271,79
275,18	1239,02
275,40	1296,36
275,61	1202,16
275,83	1196,01
276,05	1206,25
276,26	1279,98
276,48	1169,39
276,69	1214,45
276,91	1187,82
277,12	1183,73
277,34	1216,49
277,55	1175,53
277,77	1136,62
277,99	1167,34
278,20	1200,11
278,42	1286,12
278,63	1216,49
278,85	1249,26
279,06	1144,81
279,28	1245,16
279,49	1251,31
279,71	1193,97
279,93	1118,19
280,14	1206,25
280,36	1177,58
280,57	1206,25
280,79	1167,34
281,00	1171,44
281,22	1232,88
281,43	1173,49
281,65	1171,44
281,86	1167,34
282,08	1259,50
282,29	1245,16
282,51	1171,44
282,73	1132,53
282,94	1216,49
283,16	1228,78
283,37	1232,88
283,59	1210,35
283,80	1216,49
284,02	1200,11
284,23	1263,60
284,45	1325,04
284,66	1234,93
284,88	1257,45
285,09	1212,40
285,31	1249,26
285,52	1214,45
285,74	1161,20
285,95	1150,96
286,17	1228,78
286,38	1220,59
286,60	1159,15
286,81	1173,49
287,03	1206,25
287,24	1224,69
287,46	1171,44
287,67	1236,97
287,89	1251,31
288,10	1136,62
288,32	1241,07
288,53	1230,83
288,75	1183,73
288,96	1179,63
289,18	1157,10
289,39	1181,68
289,61	1191,92
289,82	1179,63
290,04	1279,98
290,25	1196,01
290,47	1298,41
290,68	1122,29
290,90	1222,64
291,11	1222,64
291,33	1177,58
291,54	1167,34
291,76	1183,73
291,97	1220,59
292,18	1224,69
292,40	1187,82
292,61	1245,16
292,83	1212,40
293,04	1191,92
293,26	1202,16
293,47	1200,11
293,69	1208,30
293,90	1181,68
294,12	1198,06
294,33	1181,68
294,55	1155,05
294,76	1161,20
294,97	1187,82
295,19	1220,59
295,40	1222,64
295,62	1144,81
295,83	1230,83
296,05	1173,49
296,26	1226,73
296,48	1179,63
296,69	1234,93
296,90	1234,93
297,12	1206,25
297,33	1206,25
297,55	1228,78
297,76	1169,39
297,98	1239,02
298,19	1218,54
298,41	1191,92
298,62	1222,64
298,83	1214,45
299,05	1216,49
299,26	1226,73
299,48	1191,92
299,69	1222,64
299,90	1187,82
300,12	1159,15
300,33	1206,25
300,55	1236,97
300,76	1161,20
300,98	1239,02
301,19	1236,97
301,40	1175,53
301,62	1234,93
301,83	1224,69
302,05	1216,49
302,26	1171,44
302,47	1214,45
302,69	1220,59
302,90	1124,33
303,12	1261,55
303,33	1249,26
303,54	1196,01
303,76	1216,49
303,97	1175,53
304,19	1277,93
304,40	1173,49
304,61	1179,63
304,83	1200,11
305,04	1153,01
305,26	1118,19
305,47	1224,69
305,68	1216,49
305,90	1202,16
306,11	1198,06
306,33	1236,97
306,54	1126,38
306,75	1234,93
306,97	1169,39
307,18	1202,16
307,39	1167,34
307,61	1232,88
307,82	1193,97
308,04	1304,56
308,25	1284,08
308,46	1173,49
308,68	1204,21
308,89	1214,45
309,10	1198,06
309,32	1200,11
309,53	1171,44
309,74	1200,11
309,96	1230,83
310,17	1165,29
310,39	1267,69
310,60	1230,83
310,81	1171,44
311,03	1222,64
311,24	1169,39
311,45	1175,53
311,67	1148,91
311,88	1300,46
312,09	1167,34
312,31	1257,45
312,52	1216,49
312,73	1230,83
312,95	1134,57
313,16	1232,88
313,37	1226,73
313,59	1226,73
313,80	1224,69
314,01	1187,82
314,23	1206,25
314,44	1273,84
314,65	1105,90
314,87	1224,69
315,08	1216,49
315,29	1114,10
315,51	1198,06
315,72	1212,40
315,93	1236,97
316,15	1153,01
316,36	1257,45
316,57	1161,20
316,79	1286,12
317,00	1177,58
317,21	1243,12
317,43	1193,97
317,64	1208,30
317,85	1253,36
318,07	1241,07
318,28	1142,77
318,49	1210,35
318,70	1202,16
318,92	1198,06
319,13	1183,73
319,34	1206,25
319,56	1193,97
319,77	1208,30
319,98	1163,25
320,20	1167,34
320,41	1224,69
320,62	1230,83
320,83	1292,27
321,05	1208,30
321,26	1167,34
321,47	1159,15
321,69	1171,44
321,90	1167,34
322,11	1183,73
322,32	1191,92
322,54	1228,78
322,75	1134,57
322,96	1167,34
323,18	1198,06
323,39	1208,30
323,60	1142,77
323,81	1157,10
324,03	1175,53
324,24	1206,25
324,45	1167,34
324,66	1173,49
324,88	1161,20
325,09	1206,25
325,30	1118,19
325,52	1236,97
325,73	1208,30
325,94	1279,98
326,15	1210,35
326,37	1136,62
326,58	1224,69
326,79	1318,89
327,00	1128,43
327,22	1155,05
327,43	1177,58
327,64	1112,05
327,85	1171,44
328,07	1216,49
328,28	1255,40
328,49	1251,31
328,70	1214,45
328,92	1198,06
329,13	1265,64
329,34	1191,92
329,55	1163,25
329,76	1257,45
329,98	1222,64
330,19	1251,31
330,40	1169,39
330,61	1220,59
330,83	1193,97
331,04	1173,49
331,25	1261,55
331,46	1198,06
331,68	1138,67
331,89	1265,64
332,10	1189,87
332,31	1214,45
332,52	1091,57
332,74	1183,73
332,95	1189,87
333,16	1210,35
333,37	1226,73
333,58	1163,25
333,80	1243,12
334,01	1191,92
334,22	1163,25
334,43	1234,93
334,64	1226,73
334,86	1200,11
335,07	1171,44
335,28	1179,63
335,49	1128,43
335,70	1167,34
335,92	1243,12
336,13	1220,59
336,34	1204,21
336,55	1175,53
336,76	1191,92
336,98	1124,33
337,19	1200,11
337,40	1093,62
337,61	1146,86
337,82	1177,58
338,04	1128,43
338,25	1200,11
338,46	1218,54
338,67	1234,93
338,88	1234,93
339,09	1165,29
339,31	1220,59
339,52	1167,34
339,73	1189,87
339,94	1140,72
340,15	1304,56
340,36	1241,07
340,58	1204,21
340,79	1187,82
341,00	1239,02
341,21	1198,06
341,42	1191,92
341,63	1171,44
341,85	1320,94
342,06	1144,81
342,27	1148,91
342,48	1245,16
342,69	1253,36
342,90	1200,11
343,12	1279,98
343,33	1239,02
343,54	1112,05
343,75	1206,25
343,96	1214,45
344,17	1167,34
344,38	1255,40
344,60	1163,25
344,81	1181,68
345,02	1189,87
345,23	1169,39
345,44	1234,93
345,65	1177,58
345,86	1220,59
346,07	1216,49
346,29	1224,69
346,50	1185,77
346,71	1173,49
346,92	1206,25
347,13	1273,84
347,34	1179,63
347,55	1212,40
347,76	1185,77
347,98	1206,25
348,19	1228,78
348,40	1208,30
348,61	1161,20
348,82	1269,74
349,03	1202,16
349,24	1214,45
349,45	1232,88
349,66	1220,59
349,88	1200,11
350,09	1173,49
350,30	1179,63
350,51	1202,16
350,72	1161,20
350,93	1200,11
351,14	1146,86
351,35	1253,36
351,56	1179,63
351,77	1230,83
351,99	1163,25
352,20	1271,79
352,41	1239,02
352,62	1220,59
352,83	1220,59
353,04	1185,77
353,25	1200,11
353,46	1224,69
353,67	1159,15
353,88	1226,73
354,09	1193,97
354,30	1179,63
354,52	1245,16
354,73	1191,92
354,94	1155,05
355,15	1226,73
355,36	1200,11
355,57	1179,63
355,78	1224,69
355,99	1212,40
356,20	1208,30
356,41	1216,49
356,62	1138,67
356,83	1179,63
357,04	1239,02
357,25	1214,45
357,46	1224,69
357,68	1212,40
357,89	1212,40
358,10	1220,59
358,31	1290,22
358,52	1193,97
358,73	1216,49
358,94	1181,68
359,15	1275,88
359,36	1128,43
359,57	1198,06
359,78	1206,25
359,99	1157,10
360,20	1167,34
360,41	1216,49
360,62	1150,96
360,83	1212,40
361,04	1181,68
361,25	1189,87
361,46	1167,34
361,67	1212,40
361,88	1155,05
362,09	1196,01
362,30	1210,35
362,51	1198,06
362,72	1232,88
362,93	1267,69
363,14	1222,64
363,35	1234,93
363,56	1181,68
363,78	1165,29
363,99	1214,45
364,20	1208,30
364,41	1230,83
364,62	1212,40
364,83	1226,73
365,04	1288,17
365,25	1214,45
365,46	1269,74
365,67	1241,07
365,88	1206,25
366,09	1167,34
366,30	1232,88
366,51	1126,38
366,72	1216,49
366,93	1220,59
367,14	1253,36
367,35	1263,60
367,56	1185,77
367,77	1255,40
367,98	1239,02
368,18	1212,40
368,39	1169,39
368,60	1245,16
368,81	1191,92
369,02	1146,86
369,23	1239,02
369,44	1208,30
369,65	1271,79
369,86	1200,11
370,07	1185,77
370,28	1198,06
370,49	1155,05
370,70	1189,87
370,91	1130,48
371,12	1265,64
371,33	1275,88
371,54	1193,97
371,75	1251,31
371,96	1218,54
372,17	1167,34
372,38	1144,81
372,59	1191,92
372,80	1173,49
373,01	1155,05
373,22	1179,63
373,43	1122,29
373,64	1208,30
373,85	1191,92
374,06	1204,21
374,26	1167,34
374,47	1212,40
374,68	1228,78
374,89	1196,01
375,10	1200,11
375,31	1150,96
375,52	1173,49
375,73	1216,49
375,94	1232,88
376,15	1173,49
376,36	1200,11
376,57	1173,49
376,78	1208,30
376,99	1181,68
377,20	1220,59
377,40	1249,26
377,61	1175,53
377,82	1253,36
378,03	1189,87
378,24	1251,31
378,45	1230,83
378,66	1232,88
378,87	1157,10
379,08	1161,20
379,29	1179,63
379,50	1212,40
379,71	1169,39
379,91	1191,92
380,12	1249,26
380,33	1200,11
380,54	1224,69
380,75	1241,07
380,96	1169,39
381,17	1206,25
381,38	1202,16
381,59	1165,29
381,80	1189,87
382,00	1173,49
382,21	1177,58
382,42	1218,54
382,63	1214,45
382,84	1185,77
383,05	1193,97
383,26	1175,53
383,47	1193,97
383,68	1239,02
383,88	1187,82
384,09	1200,11
384,30	1193,97
384,51	1253,36
384,72	1173,49
384,93	1181,68
385,14	1243,12
385,35	1175,53
385,55	1177,58
385,76	1183,73
385,97	1241,07
386,18	1214,45
386,39	1169,39
386,60	1193,97
386,81	1173,49
387,02	1226,73
387,22	1169,39
387,43	1259,50
387,64	1155,05
387,85	1249,26
388,06	1159,15
388,27	1261,55
388,48	1189,87
388,68	1216,49
388,89	1212,40
389,10	1142,77
389,31	1212,40
389,52	1204,21
389,73	1150,96
389,93	1175,53
390,14	1193,97
390,35	1208,30
390,56	1193,97
390,77	1189,87
390,98	1095,66
391,18	1236,97
391,39	1163,25
391,60	1173,49
391,81	1196,01
392,02	1183,73
392,23	1275,88
392,43	1175,53
392,64	1163,25
392,85	1220,59
393,06	1157,10
393,27	1122,29
393,47	1239,02
393,68	1200,11
393,89	1189,87
394,10	1232,88
394,31	1163,25
394,52	1173,49
394,72	1267,69
394,93	1191,92
395,14	1210,35
395,35	1208,30
395,56	1232,88
395,76	1210,35
395,97	1173,49
396,18	1159,15
396,39	1210,35
396,60	1200,11
396,80	1220,59
397,01	1228,78
397,22	1216,49
397,43	1171,44
397,64	1200,11
397,84	1150,96
398,05	1212,40
398,26	1140,72
398,47	1232,88
398,67	1257,45
398,88	1222,64
399,09	1181,68
399,30	1265,64
399,51	1187,82
399,71	1153,01
399,92	1241,07
400,13	1177,58
400,34	1222,64
400,54	1224,69
400,75	1177,58
400,96	1187,82
401,17	1269,74
401,37	1232,88
401,58	1165,29
401,79	1253,36
402,00	1288,17
402,21	1255,40
402,41	1179,63
402,62	1241,07
402,83	1234,93
403,04	1171,44
403,24	1173,49
403,45	1159,15
403,66	1206,25
403,87	1234,93
404,07	1155,05
404,28	1214,45
404,49	1165,29
404,70	1183,73
404,90	1144,81
405,11	1107,95
405,32	1193,97
405,52	1230,83
405,73	1175,53
405,94	1273,84
406,15	1175,53
406,35	1179,63
406,56	1204,21
406,77	1193,97
406,98	1146,86
407,18	1202,16
407,39	1273,84
407,60	1177,58
407,80	1216,49
408,01	1196,01
408,22	1148,91
408,43	1267,69
408,63	1165,29
408,84	1253,36
409,05	1306,60
409,25	1255,40
409,46	1249,26
409,67	1101,81
409,88	1269,74
410,08	1189,87
410,29	1267,69
410,50	1179,63
410,70	1277,93
410,91	1236,97
411,12	1261,55
411,32	1193,97
411,53	1259,50
411,74	1214,45
411,95	1187,82
412,15	1206,25
412,36	1259,50
412,57	1243,12
412,77	1159,15
412,98	1218,54
413,19	1191,92
413,39	1226,73
413,60	1224,69
413,81	1196,01
414,01	1216,49
414,22	1150,96
414,43	1163,25
414,63	1218,54
414,84	1179,63
415,05	1226,73
415,25	1191,92
415,46	1228,78
415,67	1286,12
415,87	1171,44
416,08	1175,53
416,29	1191,92
416,49	1159,15
416,70	1198,06
416,91	1200,11
417,11	1204,21
417,32	1181,68
417,53	1228,78
417,73	1224,69
417,94	1134,57
418,15	1140,72
418,35	1220,59
418,56	1216,49
418,77	1208,30
418,97	1269,74
419,18	1284,08
419,38	1232,88
419,59	1189,87
419,80	1228,78
420,00	1204,21
420,21	1216,49
420,42	1140,72
420,62	1206,25
420,83	1220,59
421,04	1157,10
421,24	1216,49
421,45	1173,49
421,65	1214,45
421,86	1167,34
422,07	1257,45
422,27	1263,60
422,48	1230,83
422,69	1171,44
422,89	1153,01
423,10	1241,07
423,30	1175,53
423,51	1271,79
423,72	1114,10
423,92	1175,53
424,13	1206,25
424,33	1202,16
424,54	1189,87
424,75	1228,78
424,95	1251,31
425,16	1261,55
425,36	1173,49
425,57	1116,14
425,78	1169,39
425,98	1214,45
426,19	1241,07
426,39	1226,73
426,60	1228,78
426,81	1271,79
427,01	1236,97
427,22	1193,97
427,42	1185,77
427,63	1161,20
427,83	1200,11
428,04	1220,59
428,25	1251,31
428,45	1245,16
428,66	1200,11
428,86	1247,21
429,07	1204,21
429,28	1241,07
429,48	1110,00
429,69	1196,01
429,89	1239,02
430,10	1226,73
430,30	1216,49
430,51	1193,97
430,71	1198,06
430,92	1183,73
431,13	1245,16
431,33	1241,07
431,54	1277,93
431,74	1200,11
431,95	1226,73
432,15	1222,64
432,36	1169,39
432,56	1134,57
432,77	1146,86
432,98	1196,01
433,18	1249,26
433,39	1144,81
433,59	1241,07
433,80	1247,21
434,00	1175,53
434,21	1161,20
434,41	1220,59
434,62	1173,49
434,82	1226,73
435,03	1183,73
435,23	1282,03
435,44	1261,55
435,64	1159,15
435,85	1183,73
436,06	1224,69
436,26	1181,68
436,47	1210,35
436,67	1155,05
436,88	1177,58
437,08	1224,69
437,29	1204,21
437,49	1251,31
437,70	1263,60
437,90	1222,64
438,11	1165,29
438,31	1222,64
438,52	1224,69
438,72	1204,21
438,93	1153,01
439,13	1204,21
439,34	1167,34
439,54	1224,69
439,75	1218,54
439,95	1294,32
440,16	1196,01
440,36	1200,11
440,57	1204,21
440,77	1245,16
440,98	1171,44
441,18	1200,11
441,39	1202,16
441,59	1226,73
441,80	1183,73
442,00	1144,81
442,21	1163,25
442,41	1144,81
442,62	1275,88
442,82	1277,93
443,02	1220,59
443,23	1214,45
443,43	1255,40
443,64	1247,21
443,84	1185,77
444,05	1150,96
444,25	1171,44
444,46	1169,39
444,66	1226,73
444,87	1224,69
445,07	1189,87
445,28	1169,39
445,48	1200,11
445,69	1204,21
445,89	1220,59
446,09	1165,29
446,30	1234,93
446,50	1228,78
446,71	1216,49
446,91	1187,82
447,12	1196,01
447,32	1198,06
447,53	1171,44
447,73	1208,30
447,93	1167,34
448,14	1232,88
448,34	1236,97
448,55	1175,53
448,75	1187,82
448,96	1189,87
449,16	1171,44
449,36	1163,25
449,57	1232,88
449,77	1204,21
449,98	1298,41
450,18	1273,84
450,39	1187,82
450,59	1222,64
450,79	1200,11
451,00	1236,97
451,20	1153,01
451,41	1183,73
451,61	1150,96
451,81	1273,84
452,02	1146,86
452,22	1171,44
452,43	1226,73
452,63	1179,63
452,84	1173,49
453,04	1155,05
453,24	1187,82
453,45	1132,53
453,65	1134,57
453,86	1153,01
454,06	1232,88
454,26	1239,02
454,47	1179,63
454,67	1198,06
454,87	1288,17
455,08	1245,16
455,28	1150,96
455,49	1241,07
455,69	1171,44
455,89	1204,21
456,10	1208,30
456,30	1196,01
456,51	1222,64
456,71	1222,64
456,91	1204,21
457,12	1279,98
457,32	1181,68
457,52	1222,64
457,73	1265,64
457,93	1175,53
458,14	1202,16
458,34	1206,25
458,54	1206,25
458,75	1275,88
458,95	1142,77
459,15	1210,35
459,36	1226,73
459,56	1212,40
459,76	1220,59
459,97	1226,73
460,17	1234,93
460,37	1230,83
460,58	1173,49
460,78	1179,63
460,99	1214,45
461,19	1265,64
461,39	1218,54
461,60	1181,68
461,80	1189,87
462,00	1146,86
462,21	1171,44
462,41	1216,49
462,61	1191,92
462,82	1224,69
463,02	1214,45
463,22	1196,01
463,43	1230,83
463,63	1189,87
463,83	1181,68
464,04	1249,26
464,24	1148,91
464,44	1226,73
464,64	1222,64
464,85	1179,63
465,05	1228,78
465,25	1228,78
465,46	1159,15
465,66	1189,87
465,86	1177,58
466,07	1224,69
466,27	1241,07
466,47	1159,15
466,68	1234,93
466,88	1179,63
467,08	1220,59
467,29	1214,45
467,49	1177,58
467,69	1161,20
467,89	1296,36
468,10	1208,30
468,30	1234,93
468,50	1208,30
468,71	1179,63
468,91	1189,87
469,11	1232,88
469,31	1179,63
469,52	1183,73
469,72	1167,34
469,92	1212,40
470,13	1144,81
470,33	1183,73
470,53	1214,45
470,73	1249,26
470,94	1206,25
471,14	1200,11
471,34	1230,83
471,54	1193,97
471,75	1208,30
471,95	1177,58
472,15	1169,39
472,36	1189,87
472,56	1167,34
472,76	1255,40
472,96	1214,45
473,17	1187,82
473,37	1239,02
473,57	1171,44
473,77	1234,93
473,98	1177,58
474,18	1177,58
474,38	1206,25
474,58	1196,01
474,79	1198,06
474,99	1169,39
475,19	1245,16
475,39	1249,26
475,60	1271,79
475,80	1208,30
476,00	1105,90
476,20	1112,05
476,41	1169,39
476,61	1107,95
476,81	1275,88
477,01	1187,82
477,21	1263,60
477,42	1177,58
477,62	1243,12
477,82	1216,49
478,02	1144,81
478,23	1249,26
478,43	1200,11
478,63	1142,77
478,83	1191,92
479,03	1146,86
479,24	1208,30
479,44	1296,36
479,64	1185,77
479,84	1193,97
480,04	1157,10
480,25	1255,40
480,45	1267,69
480,65	1245,16
480,85	1202,16
481,06	1204,21
481,26	1232,88
481,46	1200,11
481,66	1216,49
481,86	1179,63
482,06	1101,81
482,27	1218,54
482,47	1157,10
482,67	1222,64
482,87	1232,88
483,07	1257,45
483,28	1138,67
483,48	1171,44
483,68	1140,72
483,88	1169,39
484,08	1175,53
484,29	1298,41
484,49	1257,45
484,69	1241,07
484,89	1257,45
485,09	1222,64
485,29	1155,05
485,50	1239,02
485,70	1140,72
485,90	1216,49
486,10	1169,39
486,30	1214,45
486,50	1134,57
486,71	1105,90
486,91	1222,64
487,11	1261,55
487,31	1267,69
487,51	1193,97
487,71	1198,06
487,91	1222,64
488,12	1187,82
488,32	1300,46
488,52	1163,25
488,72	1169,39
488,92	1243,12
489,12	1204,21
489,32	1204,21
489,53	1212,40
489,73	1220,59
489,93	1175,53
490,13	1216,49
490,33	1183,73
490,53	1259,50
490,73	1181,68
490,94	1144,81
491,14	1245,16
491,34	1277,93
491,54	1155,05
491,74	1228,78
491,94	1189,87
492,14	1146,86
492,34	1261,55
492,54	1236,97
492,75	1198,06
492,95	1189,87
493,15	1206,25
493,35	1259,50
493,55	1204,21
493,75	1251,31
493,95	1198,06
494,15	1175,53
494,35	1181,68
494,56	1210,35
494,76	1183,73
494,96	1222,64
495,16	1165,29
495,36	1157,10
495,56	1232,88
495,76	1290,22
495,96	1290,22
496,16	1153,01
496,36	1144,81
496,56	1144,81
496,77	1228,78
496,97	1236,97
497,17	1208,30
497,37	1179,63
497,57	1222,64
497,77	1234,93
497,97	1259,50
498,17	1169,39
498,37	1200,11
498,57	1155,05
498,77	1187,82
498,97	1224,69
499,17	1132,53
499,38	1228,78
499,58	1230,83
499,78	1224,69
499,98	1208,30
500,18	1150,96
500,38	1183,73
500,58	1210,35
500,78	1179,63
500,98	1196,01
501,18	1204,21
501,38	1208,30
501,58	1222,64
501,78	1210,35
501,98	1247,21
502,18	1193,97
502,38	1177,58
502,58	1251,31
502,78	1159,15
502,98	1179,63
503,18	1202,16
503,38	1284,08
503,59	1183,73
503,79	1169,39
503,99	1239,02
504,19	1204,21
504,39	1185,77
504,59	1175,53
504,79	1193,97
504,99	1167,34
505,19	1218,54
505,39	1212,40
505,59	1165,29
505,79	1228,78
505,99	1212,40
506,19	1144,81
506,39	1204,21
506,59	1173,49
506,79	1220,59
506,99	1159,15
507,19	1230,83
507,39	1249,26
507,59	1161,20
507,79	1206,25
507,99	1208,30
508,19	1177,58
508,39	1163,25
508,59	1226,73
508,79	1204,21
508,99	1163,25
509,19	1294,32
509,39	1157,10
509,59	1208,30
509,79	1134,57
509,99	1191,92
510,19	1216,49
510,39	1171,44
510,59	1196,01
510,79	1148,91
510,99	1271,79
511,19	1212,40
511,39	1247,21
511,59	1275,88
511,79	1157,10
511,99	1142,77
512,19	1204,21
512,38	1214,45
512,58	1175,53
512,78	1204,21
512,98	1183,73
513,18	1222,64
513,38	1185,77
513,58	1185,77
513,78	1165,29
513,98	1161,20
514,18	1183,73
514,38	1177,58
514,58	1241,07
514,78	1183,73
514,98	1183,73
515,18	1210,35
515,38	1208,30
515,58	1220,59
515,78	1204,21
515,98	1208,30
516,18	1175,53
516,38	1200,11
516,57	1191,92
516,77	1202,16
516,97	1257,45
517,17	1236,97
517,37	1212,40
517,57	1150,96
517,77	1126,38
517,97	1265,64
518,17	1230,83
518,37	1204,21
518,57	1159,15
518,77	1226,73
518,97	1185,77
519,16	1171,44
519,36	1206,25
519,56	1183,73
519,76	1191,92
519,96	1167,34
520,16	1159,15
520,36	1181,68
520,56	1210,35
520,76	1150,96
520,96	1234,93
521,16	1191,92
521,35	1218,54
521,55	1210,35
521,75	1218,54
521,95	1236,97
522,15	1175,53
522,35	1202,16
522,55	1210,35
522,75	1239,02
522,95	1212,40
523,14	1257,45
523,34	1239,02
523,54	1286,12
523,74	1255,40
523,94	1220,59
524,14	1146,86
524,34	1193,97
524,54	1177,58
524,73	1193,97
524,93	1263,60
525,13	1173,49
525,33	1191,92
525,53	1214,45
525,73	1245,16
525,93	1198,06
526,13	1206,25
526,32	1181,68
526,52	1177,58
526,72	1126,38
526,92	1093,62
527,12	1196,01
527,32	1226,73
527,52	1142,77
527,71	1216,49
527,91	1245,16
528,11	1183,73
528,31	1212,40
528,51	1165,29
528,71	1173,49
528,90	1216,49
529,10	1226,73
529,30	1202,16
529,50	1173,49
529,70	1153,01
529,90	1222,64
530,09	1185,77
530,29	1165,29
530,49	1200,11
530,69	1241,07
530,89	1222,64
531,09	1228,78
531,28	1185,77
531,48	1163,25
531,68	1193,97
531,88	1181,68
532,08	1292,27
532,28	1173,49
532,47	1191,92
532,67	1179,63
532,87	1173,49
533,07	1146,86
533,27	1181,68
533,46	1222,64
533,66	1159,15
533,86	1157,10
534,06	1163,25
534,26	1290,22
534,45	1105,90
534,65	1165,29
534,85	1171,44
535,05	1134,57
535,25	1150,96
535,44	1255,40
535,64	1181,68
535,84	1165,29
536,04	1202,16
536,24	1169,39
536,43	1175,53
536,63	1226,73
536,83	1124,33
537,03	1253,36
537,22	1228,78
537,42	1167,34
537,62	1146,86
537,82	1220,59
538,02	1193,97
538,21	1165,29
538,41	1265,64
538,61	1267,69
538,81	1200,11
539,00	1210,35
539,20	1279,98
539,40	1208,30
539,60	1173,49
539,79	1234,93
539,99	1204,21
540,19	1216,49
540,39	1196,01
540,58	1204,21
540,78	1218,54
540,98	1128,43
541,18	1175,53
541,37	1165,29
541,57	1232,88
541,77	1253,36
541,97	1218,54
542,16	1241,07
542,36	1191,92
542,56	1200,11
542,76	1200,11
542,95	1241,07
543,15	1230,83
543,35	1191,92
543,54	1183,73
543,74	1253,36
543,94	1267,69
544,14	1144,81
544,33	1222,64
544,53	1271,79
544,73	1196,01
544,93	1167,34
545,12	1159,15
545,32	1193,97
545,52	1245,16
545,71	1290,22
545,91	1232,88
546,11	1179,63
546,30	1200,11
546,50	1220,59
546,70	1200,11
546,90	1146,86
547,09	1161,20
547,29	1181,68
547,49	1236,97
547,68	1171,44
547,88	1241,07
548,08	1189,87
548,27	1179,63
548,47	1189,87
548,67	1206,25
548,87	1282,03
549,06	1200,11
549,26	1224,69
549,46	1200,11
549,65	1173,49
549,85	1103,86
550,05	1202,16
550,24	1200,11
550,44	1159,15
550,64	1230,83
550,83	1173,49
551,03	1247,21
551,23	1241,07
551,42	1193,97
551,62	1196,01
551,82	1159,15
552,01	1175,53
552,21	1148,91
552,41	1224,69
552,60	1257,45
552,80	1224,69
553,00	1206,25
553,19	1236,97
553,39	1153,01
553,59	1167,34
553,78	1165,29
553,98	1212,40
554,17	1200,11
554,37	1185,77
554,57	1226,73
554,76	1112,05
554,96	1193,97
555,16	1189,87
555,35	1181,68
555,55	1163,25
555,75	1204,21
555,94	1202,16
556,14	1165,29
556,33	1198,06
556,53	1138,67
556,73	1150,96
556,92	1140,72
557,12	1198,06
557,32	1175,53
557,51	1193,97
557,71	1128,43
557,90	1208,30
558,10	1288,17
558,30	1085,42
558,49	1159,15
558,69	1196,01
558,88	1236,97
559,08	1206,25
559,28	1185,77
559,47	1146,86
559,67	1222,64
559,86	1171,44
560,06	1150,96
560,26	1196,01
560,45	1165,29
560,65	1226,73
560,84	1214,45
561,04	1165,29
561,24	1140,72
561,43	1175,53
561,63	1163,25
561,82	1224,69
562,02	1265,64
562,22	1232,88
562,41	1163,25
562,61	1200,11
562,80	1212,40
563,00	1193,97
563,19	1239,02
563,39	1169,39
563,59	1239,02
563,78	1169,39
563,98	1171,44
564,17	1200,11
564,37	1138,67
564,56	1163,25
564,76	1236,97
564,96	1200,11
565,15	1210,35
565,35	1282,03
565,54	1163,25
565,74	1185,77
565,93	1183,73
566,13	1220,59
566,32	1173,49
566,52	1253,36
566,71	1196,01
566,91	1243,12
567,11	1241,07
567,30	1191,92
567,50	1191,92
567,69	1181,68
567,89	1183,73
568,08	1134,57
568,28	1167,34
568,47	1216,49
568,67	1191,92
568,86	1183,73
569,06	1157,10
569,25	1169,39
569,45	1212,40
569,64	1142,77
569,84	1200,11
570,04	1202,16
570,23	1335,28
570,43	1153,01
570,62	1130,48
570,82	1189,87
571,01	1169,39
571,21	1196,01
571,40	1187,82
571,60	1169,39
571,79	1269,74
571,99	1198,06
572,18	1245,16
572,38	1132,53
572,57	1198,06
572,77	1193,97
572,96	1259,50
573,16	1202,16
573,35	1163,25
573,55	1148,91
573,74	1183,73
573,94	1200,11
574,13	1146,86
574,33	1155,05
574,52	1218,54
574,71	1126,38
574,91	1130,48
575,10	1200,11
575,30	1161,20
575,49	1263,60
575,69	1253,36
575,88	1153,01
576,08	1224,69
576,27	1183,73
576,47	1220,59
576,66	1271,79
576,86	1228,78
577,05	1167,34
577,25	1249,26
577,44	1167,34
577,64	1206,25
577,83	1200,11
578,02	1243,12
578,22	1216,49
578,41	1241,07
578,61	1224,69
578,80	1204,21
579,00	1134,57
579,19	1208,30
579,39	1286,12
579,58	1183,73
579,77	1191,92
579,97	1218,54
580,16	1204,21
580,36	1249,26
580,55	1153,01
580,75	1163,25
580,94	1183,73
581,13	1236,97
581,33	1159,15
581,52	1222,64
581,72	1245,16
581,91	1208,30
582,11	1159,15
582,30	1185,77
582,49	1202,16
582,69	1159,15
582,88	1126,38
583,08	1228,78
583,27	1175,53
583,47	1218,54
583,66	1146,86
583,85	1183,73
584,05	1239,02
584,24	1118,19
584,44	1269,74
584,63	1173,49
584,82	1165,29
585,02	1232,88
585,21	1177,58
585,41	1173,49
585,60	1138,67
585,79	1126,38
585,99	1163,25
586,18	1177,58
586,37	1265,64
586,57	1175,53
586,76	1228,78
586,96	1185,77
587,15	1187,82
587,34	1236,97
587,54	1218,54
587,73	1173,49
587,93	1251,31
588,12	1230,83
588,31	1181,68
588,51	1261,55
588,70	1148,91
588,89	1216,49
589,09	1261,55
589,28	1212,40
589,47	1177,58
589,67	1200,11
589,86	1249,26
590,06	1198,06
590,25	1187,82
590,44	1179,63
590,64	1185,77
590,83	1173,49
591,02	1181,68
591,22	1216,49
591,41	1214,45
591,60	1140,72
591,80	1193,97
591,99	1148,91
592,18	1177,58
592,38	1275,88
592,57	1177,58
592,76	1216,49
592,96	1138,67
593,15	1163,25
593,34	1251,31
593,54	1200,11
593,73	1212,40
593,92	1216,49
594,12	1183,73
594,31	1179,63
594,50	1150,96
594,70	1165,29
594,89	1196,01
595,08	1218,54
595,28	1185,77
595,47	1148,91
595,66	1226,73
595,86	1183,73
596,05	1249,26
596,24	1185,77
596,43	1204,21
596,63	1220,59
596,82	1157,10
597,01	1241,07
597,21	1187,82
597,40	1191,92
597,59	1257,45
597,79	1200,11
597,98	1157,10
598,17	1204,21
598,36	1208,30
598,56	1196,01
598,75	1239,02
598,94	1222,64
599,14	1208,30
599,33	1136,62
599,52	1259,50
599,71	1126,38
599,91	1224,69
600,10	1208,30
600,29	1222,64
600,48	1187,82
600,68	1146,86
600,87	1208,30
601,06	1159,15
601,26	1236,97
601,45	1210,35
601,64	1239,02
601,83	1214,45
602,03	1232,88
602,22	1173,49
602,41	1204,21
602,60	1116,14
602,80	1200,11
602,99	1167,34
603,18	1239,02
603,37	1218,54
603,57	1216,49
603,76	1171,44
603,95	1255,40
604,14	1196,01
604,34	1179,63
604,53	1282,03
604,72	1155,05
604,91	1247,21
605,10	1183,73
605,30	1288,17
605,49	1212,40
605,68	1208,30
605,87	1202,16
606,07	1198,06
606,26	1232,88
606,45	1234,93
606,64	1198,06
606,84	1247,21
607,03	1210,35
607,22	1212,40
607,41	1200,11
607,60	1243,12
607,80	1204,21
607,99	1277,93
608,18	1196,01
608,37	1114,10
608,56	1202,16
608,76	1236,97
608,95	1222,64
609,14	1155,05
609,33	1150,96
609,52	1171,44
609,72	1136,62
609,91	1224,69
610,10	1251,31
610,29	1142,77
610,48	1200,11
610,68	1245,16
610,87	1187,82
611,06	1226,73
611,25	1177,58
611,44	1241,07
611,63	1189,87
611,83	1230,83
612,02	1193,97
612,21	1214,45
612,40	1150,96
612,59	1136,62
612,79	1202,16
612,98	1243,12
613,17	1224,69
613,36	1249,26
613,55	1239,02
613,74	1218,54
613,93	1159,15
614,13	1214,45
614,32	1286,12
614,51	1218,54
614,70	1185,77
614,89	1165,29
615,08	1269,74
615,28	1191,92
615,47	1269,74
615,66	1198,06
615,85	1212,40
616,04	1261,55
616,23	1179,63
616,42	1146,86
616,62	1179,63
616,81	1165,29
617,00	1161,20
617,19	1144,81
617,38	1243,12
617,57	1249,26
617,76	1208,30
617,95	1191,92
618,15	1222,64
618,34	1210,35
618,53	1214,45
618,72	1159,15
618,91	1224,69
619,10	1204,21
619,29	1175,53
619,48	1146,86
619,68	1171,44
619,87	1263,60
620,06	1196,01
620,25	1185,77
620,44	1261,55
620,63	1136,62
620,82	1220,59
621,01	1198,06
621,20	1243,12
621,39	1236,97
621,59	1224,69
621,78	1214,45
621,97	1216,49
622,16	1187,82
622,35	1273,84
622,54	1136,62
622,73	1167,34
622,92	1157,10
623,11	1212,40
623,30	1216,49
623,49	1261,55
623,68	1243,12
623,88	1185,77
624,07	1148,91
624,26	1251,31
624,45	1224,69
624,64	1183,73
624,83	1200,11
625,02	1218,54
625,21	1257,45
625,40	1167,34
625,59	1255,40
625,78	1247,21
625,97	1251,31
626,16	1257,45
626,35	1220,59
626,54	1224,69
626,74	1222,64
626,93	1189,87
627,12	1200,11
627,31	1241,07
627,50	1200,11
627,69	1222,64
627,88	1273,84
628,07	1216,49
628,26	1191,92
628,45	1193,97
628,64	1316,84
628,83	1265,64
629,02	1165,29
629,21	1216,49
629,40	1181,68
629,59	1183,73
629,78	1208,30
629,97	1159,15
630,16	1208,30
630,35	1200,11
630,54	1222,64
630,73	1222,64
630,92	1263,60
631,11	1257,45
631,30	1239,02
631,49	1312,75
631,68	1429,48
631,87	2609,11
632,06	8959,86
632,25	18992,86
632,44	23905,94
632,63	29953,59
632,82	15998,73
633,01	8667,00
633,20	4315,07
633,39	2144,22
633,58	1720,29
633,77	1814,50
633,96	1687,53
634,15	1357,80
634,34	1441,77
634,53	1351,66
634,72	1392,62
634,91	1388,52
635,10	1306,60
635,29	1261,55
635,48	1230,83
635,67	1179,63
635,86	1243,12
636,05	1265,64
636,24	1171,44
636,43	1198,06
636,62	1200,11
636,81	1198,06
637,00	1232,88
637,19	1202,16
637,38	1142,77
637,57	1173,49
637,76	1226,73
637,95	1200,11
638,14	1234,93
638,33	1138,67
638,52	1200,11
638,71	1208,30
638,89	1146,86
639,08	1200,11
639,27	1212,40
639,46	1130,48
639,65	1230,83
639,84	1175,53
640,03	1271,79
640,22	1277,93
640,41	1224,69
640,60	1236,97
640,79	1228,78
640,98	1208,30
641,17	1181,68
641,36	1224,69
641,55	1234,93
641,74	1198,06
641,92	1265,64
642,11	1198,06
642,30	1200,11
642,49	1210,35
642,68	1218,54
642,87	1269,74
643,06	1196,01
643,25	1204,21
643,44	1265,64
643,63	1222,64
643,82	1222,64
644,00	1173,49
644,19	1292,27
644,38	1224,69
644,57	1163,25
644,76	1179,63
644,95	1181,68
645,14	1175,53
645,33	1189,87
645,52	1230,83
645,71	1234,93
645,89	1138,67
646,08	1257,45
646,27	1277,93
646,46	1183,73
646,65	1249,26
646,84	1122,29
647,03	1214,45
647,22	1153,01
647,40	1148,91
647,59	1236,97
647,78	1142,77
647,97	1157,10
648,16	1150,96
648,35	1173,49
648,54	1136,62
648,73	1173,49
648,91	1212,40
649,10	1181,68
649,29	1214,45
649,48	1181,68
649,67	1208,30
649,86	1138,67
650,05	1169,39
650,23	1241,07
650,42	1155,05
650,61	1232,88
650,80	1210,35
650,99	1134,57
651,18	1206,25
651,36	1187,82
651,55	1228,78
651,74	1263,60
651,93	1181,68
652,12	1220,59
652,31	1175,53
652,49	1230,83
652,68	1191,92
652,87	1214,45
653,06	1130,48
653,25	1208,30
653,44	1220,59
653,62	1241,07
653,81	1181,68
654,00	1196,01
654,19	1212,40
654,38	1189,87
654,56	1253,36
654,75	1183,73
654,94	1179,63
655,13	1208,30
655,32	1241,07
655,51	1212,40
655,69	1167,34
655,88	1198,06
656,07	1193,97
656,26	1304,56
656,45	1224,69
656,63	1191,92
656,82	1243,12
657,01	1200,11
657,20	1214,45
657,38	1198,06
657,57	1189,87
657,76	1175,53
657,95	1177,58
658,14	1210,35
658,32	1200,11
658,51	1236,97
658,70	1134,57
658,89	1249,26
659,08	1171,44
659,26	1230,83
659,45	1249,26
659,64	1275,88
659,83	1232,88
660,01	1241,07
660,20	1177,58
660,39	1155,05
660,58	1220,59
660,76	1214,45
660,95	1267,69
661,14	1189,87
661,33	1146,86
661,51	1290,22
661,70	1155,05
661,89	1239,02
662,08	1122,29
662,26	1208,30
662,45	1234,93
662,64	1142,77
662,83	1241,07
663,01	1159,15
663,20	1247,21
663,39	1230,83
663,58	1183,73
663,76	1210,35
663,95	1218,54
664,14	1228,78
664,32	1251,31
664,51	1234,93
664,70	1193,97
664,89	1224,69
665,07	1153,01
665,26	1228,78
665,45	1142,77
665,64	1214,45
665,82	1228,78
666,01	1187,82
666,20	1136,62
666,38	1206,25
666,57	1210,35
666,76	1224,69
666,95	1200,11
667,13	1206,25
667,32	1216,49
667,51	1222,64
667,69	1198,06
667,88	1181,68
668,07	1210,35
668,25	1251,31
668,44	1216,49
668,63	1198,06
668,81	1175,53
669,00	1228,78
669,19	1116,14
669,38	1118,19
669,56	1247,21
669,75	1224,69
669,94	1181,68
670,12	1208,30
670,31	1249,26
670,50	1206,25
670,68	1146,86
670,87	1243,12
671,06	1165,29
671,24	1196,01
671,43	1200,11
671,62	1159,15
671,80	1228,78
671,99	1247,21
672,18	1216,49
672,36	1228,78
672,55	1202,16
672,74	1255,40
672,92	1200,11
673,11	1210,35
673,29	1236,97
673,48	1218,54
673,67	1185,77
673,85	1212,40
674,04	1202,16
674,23	1183,73
674,41	1200,11
674,60	1200,11
674,79	1241,07
674,97	1226,73
675,16	1220,59
675,34	1204,21
675,53	1206,25
675,72	1189,87
675,90	1253,36
676,09	1193,97
676,28	1124,33
676,46	1212,40
676,65	1249,26
676,83	1167,34
677,02	1236,97
677,21	1181,68
677,39	1153,01
677,58	1241,07
677,77	1206,25
677,95	1136,62
678,14	1179,63
678,32	1271,79
678,51	1220,59
678,70	1200,11
678,88	1230,83
679,07	1200,11
679,25	1167,34
679,44	1214,45
679,63	1155,05
679,81	1243,12
680,00	1191,92
680,18	1234,93
680,37	1087,47
680,55	1210,35
680,74	1138,67
680,93	1218,54
681,11	1220,59
681,30	1132,53
681,48	1226,73
681,67	1183,73
681,85	1234,93
682,04	1204,21
682,23	1187,82
682,41	1249,26
682,60	1157,10
682,78	1189,87
682,97	1282,03
683,15	1214,45
683,34	1183,73
683,53	1239,02
683,71	1200,11
683,90	1232,88
684,08	1146,86
684,27	1220,59
684,45	1253,36
684,64	1175,53
684,82	1220,59
685,01	1140,72
685,19	1214,45
685,38	1128,43
685,57	1222,64
685,75	1185,77
685,94	1210,35
686,12	1210,35
686,31	1171,44
686,49	1249,26
686,68	1259,50
686,86	1177,58
687,05	1173,49
687,23	1271,79
687,42	1159,15
687,60	1236,97
687,79	1189,87
687,97	1279,98
688,16	1253,36
688,34	1161,20
688,53	1267,69
688,71	1243,12
688,90	1249,26
689,08	1179,63
689,27	1181,68
689,45	1179,63
689,64	1175,53
689,82	1245,16
690,01	1200,11
690,19	1181,68
690,38	1210,35
690,56	1181,68
690,75	1198,06
690,93	1208,30
691,12	1271,79
691,30	1165,29
691,49	1159,15
691,67	1153,01
691,86	1236,97
692,04	1202,16
692,23	1132,53
692,41	1200,11
692,60	1153,01
692,78	1153,01
692,97	1204,21
693,15	1212,40
693,34	1183,73
693,52	1155,05
693,71	1175,53
693,89	1208,30
694,08	1144,81
694,26	1169,39
694,44	1163,25
694,63	1202,16
694,81	1105,90
695,00	1191,92
695,18	1118,19
695,37	1226,73
695,55	1212,40
695,74	1130,48
695,92	1202,16
696,10	1208,30
696,29	1196,01
696,47	1234,93
696,66	1187,82
696,84	1173,49
697,03	1173,49
697,21	1165,29
697,40	1241,07
697,58	1191,92
697,76	1224,69
697,95	1161,20
698,13	1208,30
698,32	1294,32
698,50	1265,64
698,68	1230,83
698,87	1236,97
699,05	1241,07
699,24	1228,78
699,42	1251,31
699,61	1148,91
699,79	1202,16
699,97	1253,36
700,16	1220,59
700,34	1198,06
700,53	1269,74
700,71	1257,45
700,89	1241,07
701,08	1206,25
701,26	1181,68
701,45	1224,69
701,63	1224,69
701,81	1255,40
702,00	1167,34
702,18	1155,05
702,37	1163,25
702,55	1257,45
702,73	1277,93
702,92	1187,82
703,10	1132,53
703,28	1234,93
703,47	1247,21
703,65	1249,26
703,84	1236,97
704,02	1202,16
704,20	1288,17
704,39	1196,01
704,57	1167,34
704,75	1239,02
704,94	1183,73
705,12	1159,15
705,30	1226,73
705,49	1273,84
705,67	1230,83
705,86	1159,15
706,04	1189,87
706,22	1200,11
706,41	1200,11
706,59	1193,97
706,77	1173,49
706,96	1202,16
707,14	1228,78
707,32	1140,72
707,51	1179,63
707,69	1118,19
707,87	1216,49
708,06	1251,31
708,24	1175,53
708,42	1210,35
708,61	1206,25
708,79	1196,01
708,97	1208,30
709,16	1169,39
709,34	1173,49
709,52	1130,48
709,71	1226,73
709,89	1187,82
710,07	1224,69
710,26	1163,25
710,44	1177,58
710,62	1175,53
710,80	1208,30
710,99	1155,05
711,17	1228,78
711,35	1214,45
711,54	1185,77
711,72	1249,26
711,90	1202,16
712,09	1171,44
712,27	1241,07
712,45	1208,30
712,63	1294,32
712,82	1159,15
713,00	1198,06
713,18	1206,25
713,37	1216,49
713,55	1220,59
713,73	1239,02
713,91	1228,78
714,10	1234,93
714,28	1175,53
714,46	1206,25
714,65	1150,96
714,83	1216,49
715,01	1277,93
715,19	1189,87
715,38	1175,53
715,56	1220,59
715,74	1245,16
715,92	1261,55
716,11	1064,94
716,29	1241,07
716,47	1159,15
716,65	1222,64
716,84	1200,11
717,02	1216,49
717,20	1290,22
717,38	1185,77
717,57	1232,88
717,75	1216,49
717,93	1175,53
718,11	1208,30
718,30	1175,53
718,48	1259,50
718,66	1202,16
718,84	1241,07
719,03	1150,96
719,21	1245,16
719,39	1122,29
719,57	1253,36
719,75	1183,73
719,94	1220,59
720,12	1114,10
720,30	1241,07
720,48	1163,25
720,67	1189,87
720,85	1210,35
721,03	1171,44
721,21	1232,88
721,39	1204,21
721,58	1214,45
721,76	1140,72
721,94	1187,82
722,12	1241,07
722,30	1296,36
722,49	1222,64
722,67	1214,45
722,85	1146,86
723,03	1193,97
723,21	1218,54
723,40	1198,06
723,58	1253,36
723,76	1273,84
723,94	1187,82
724,12	1165,29
724,30	1234,93
724,49	1191,92
724,67	1198,06
724,85	1249,26
725,03	1198,06
725,21	1171,44
725,40	1288,17
725,58	1212,40
725,76	1306,60
725,94	1247,21
726,12	1271,79
726,30	1302,51
726,49	1177,58
726,67	1165,29
726,85	1314,80
727,03	1191,92
727,21	1171,44
727,39	1196,01
727,57	1134,57
727,76	1175,53
727,94	1210,35
728,12	1212,40
728,30	1255,40
728,48	1167,34
728,66	1218,54
728,84	1232,88
729,03	1220,59
729,21	1097,71
729,39	1232,88
729,57	1216,49
729,75	1187,82
729,93	1150,96
730,11	1243,12
730,30	1171,44
730,48	1290,22
730,66	1179,63
730,84	1228,78
731,02	1173,49
731,20	1277,93
731,38	1247,21
731,56	1134,57
731,74	1216,49
731,93	1202,16
732,11	1239,02
732,29	1191,92
732,47	1173,49
732,65	1136,62
732,83	1212,40
733,01	1196,01
733,19	1210,35
733,37	1220,59
733,56	1159,15
733,74	1228,78
733,92	1214,45
734,10	1216,49
734,28	1249,26
734,46	1259,50
734,64	1241,07
734,82	1157,10
735,00	1169,39
735,18	1181,68
735,36	1224,69
735,54	1204,21
735,73	1191,92
735,91	1277,93
736,09	1222,64
736,27	1236,97
736,45	1163,25
736,63	1140,72
736,81	1251,31
736,99	1241,07
737,17	1230,83
737,35	1216,49
737,53	1286,12
737,71	1239,02
737,89	1171,44
738,07	1228,78
738,25	1179,63
738,43	1157,10
738,61	1200,11
738,80	1183,73
738,98	1179,63
739,16	1239,02
739,34	1202,16
739,52	1126,38
739,70	1210,35
739,88	1241,07
740,06	1181,68
740,24	1189,87
740,42	1216,49
740,60	1222,64
740,78	1222,64
740,96	1173,49
741,14	1214,45
741,32	1177,58
741,50	1216,49
741,68	1282,03
741,86	1253,36
742,04	1206,25
742,22	1216,49
742,40	1247,21
742,58	1232,88
742,76	1208,30
742,94	1161,20
743,12	1210,35
743,30	1239,02
743,48	1179,63
743,66	1239,02
743,84	1134,57
744,02	1189,87
744,20	1245,16
744,38	1198,06
744,56	1249,26
744,74	1179,63
744,92	1142,77
745,10	1191,92
745,28	1239,02
745,46	1212,40
745,64	1136,62
745,82	1265,64
746,00	1206,25
746,18	1210,35
746,36	1247,21
746,54	1234,93
746,72	1273,84
746,90	1155,05
747,08	1236,97
747,26	1261,55
747,44	1200,11
747,62	1191,92
747,80	1228,78
747,98	1226,73
748,15	1189,87
748,33	1212,40
748,51	1183,73
748,69	1222,64
748,87	1185,77
749,05	1159,15
749,23	1239,02
749,41	1110,00
749,59	1259,50
749,77	1124,33
749,95	1130,48
750,13	1187,82
750,31	1220,59
750,49	1245,16
750,67	1206,25
750,85	1206,25
751,03	1187,82
751,20	1136,62
751,38	1208,30
751,56	1247,21
751,74	1210,35
751,92	1210,35
752,10	1204,21
752,28	1183,73
752,46	1175,53
752,64	1196,01
752,82	1196,01
753,00	1259,50
753,18	1206,25
753,35	1179,63
753,53	1202,16
753,71	1185,77
753,89	1187,82
754,07	1210,35
754,25	1179,63
754,43	1189,87
754,61	1175,53
754,79	1232,88
754,97	1187,82
755,14	1204,21
755,32	1261,55
755,50	1179,63
755,68	1273,84
755,86	1253,36
756,04	1232,88
756,22	1206,25
756,40	1306,60
756,57	1214,45
756,75	1216,49
756,93	1150,96
757,11	1202,16
757,29	1187,82
757,47	1173,49
757,65	1222,64
757,82	1228,78
758,00	1101,81
758,18	1228,78
758,36	1183,73
758,54	1269,74
758,72	1169,39
758,90	1148,91
759,07	1206,25
759,25	1200,11
759,43	1161,20
759,61	1218,54
759,79	1220,59
759,97	1239,02
760,15	1234,93
760,32	1257,45
760,50	1208,30
760,68	1159,15
760,86	1171,44
761,04	1214,45
761,22	1226,73
761,39	1228,78
761,57	1107,95
761,75	1140,72
761,93	1196,01
762,11	1247,21
762,28	1202,16
762,46	1282,03
762,64	1167,34
762,82	1193,97
763,00	1224,69
763,18	1157,10
763,35	1218,54
763,53	1191,92
763,71	1144,81
763,89	1175,53
764,07	1253,36
764,24	1167,34
764,42	1181,68
764,60	1173,49
764,78	1179,63
764,96	1142,77
765,13	1181,68
765,31	1232,88
765,49	1222,64
765,67	1187,82
765,84	1265,64
766,02	1253,36
766,20	1212,40
766,38	1226,73
766,56	1181,68
766,73	1212,40
766,91	1214,45
767,09	1222,64
767,27	1181,68
767,44	1198,06
767,62	1179,63
767,80	1216,49
767,98	1200,11
768,15	1261,55
768,33	1177,58
768,51	1216,49
768,69	1171,44
768,87	1165,29
769,04	1169,39
769,22	1267,69
769,40	1171,44
769,58	1204,21
769,75	1220,59
769,93	1173,49
770,11	1177,58
770,28	1253,36
770,46	1273,84
770,64	1241,07
770,82	1134,57
770,99	1222,64
771,17	1187,82
771,35	1138,67
771,53	1251,31
771,70	1198,06
771,88	1132,53
772,06	1193,97
772,23	1210,35
772,41	1253,36
772,59	1226,73
772,77	1263,60
772,94	1177,58
773,12	1146,86
773,30	1161,20
773,47	1175,53
773,65	1228,78
773,83	1212,40
774,01	1159,15
774,18	1157,10
774,36	1163,25
774,54	1216,49
774,71	1122,29
774,89	1257,45
775,07	1234,93
775,24	1216,49
775,42	1148,91
775,60	1191,92
775,78	1169,39
775,95	1236,97
776,13	1243,12
776,31	1177,58
776,48	1228,78
776,66	1241,07
776,84	1290,22
777,01	1173,49
777,19	1191,92
777,37	1140,72
777,54	1212,40
777,72	1216,49
777,90	1208,30
778,07	1116,14
778,25	1187,82
778,43	1234,93
778,60	1269,74
778,78	1228,78
778,96	1273,84
779,13	1255,40
779,31	1265,64
779,49	1249,26
779,66	1175,53
779,84	1228,78
780,01	1146,86
780,19	1179,63
780,37	1157,10
780,54	1146,86
780,72	1257,45
780,90	1173,49
781,07	1202,16
781,25	1226,73
781,43	1294,32
781,60	1257,45
781,78	1165,29
781,95	1212,40
782,13	1189,87
782,31	1245,16
782,48	1208,30
782,66	1167,34
782,83	1236,97
783,01	1132,53
783,19	1208,30
783,36	1202,16
783,54	1120,24
783,72	1167,34
783,89	1177,58
784,07	1220,59
784,24	1193,97
784,42	1159,15
784,60	1226,73
784,77	1218,54
784,95	1189,87
785,12	1206,25
785,30	1257,45
785,47	1058,80
785,65	1167,34
785,83	1204,21
786,00	1253,36
786,18	1103,86
786,35	1177,58
786,53	1167,34
786,71	1277,93
786,88	1202,16
787,06	1269,74
787,23	1216,49
787,41	1161,20
787,58	1212,40
787,76	1230,83
787,94	1181,68
788,11	1193,97
788,29	1222,64
788,46	1187,82
788,64	1189,87
788,81	1216,49
788,99	1157,10
789,16	1136,62
789,34	1175,53
789,52	1200,11
789,69	1150,96
789,87	1185,77
790,04	1222,64
790,22	1153,01
790,39	1132,53
790,57	1214,45
790,74	1191,92
790,92	1282,03
791,09	1220,59
791,27	1220,59
791,44	1243,12
791,62	1187,82
791,79	1183,73
791,97	1159,15
792,15	1198,06
792,32	1249,26
792,50	1226,73
792,67	1212,40
792,85	1245,16
793,02	1140,72
793,20	1165,29
793,37	1206,25
793,55	1208,30
793,72	1249,26
793,90	1230,83
794,07	1210,35
794,25	1245,16
794,42	1163,25
794,60	1228,78
794,77	1236,97
794,95	1187,82
795,12	1271,79
795,30	1234,93
795,47	1189,87
795,65	1157,10
795,82	1185,77
796,00	1189,87
796,17	1134,57
796,34	1210,35
796,52	1187,82
796,69	1245,16
796,87	1191,92
797,04	1153,01
797,22	1134,57
797,39	1183,73
797,57	1232,88
797,74	1241,07
797,92	1218,54
798,09	1214,45
798,27	1173,49
798,44	1189,87
798,62	1214,45
798,79	1153,01
798,96	1128,43
799,14	1253,36
799,31	1214,45
799,49	1267,69
799,66	1181,68
799,84	1183,73
800,01	1200,11
800,19	1187,82
800,36	1239,02
800,53	1157,10
800,71	1159,15
800,88	1167,34
801,06	1253,36
801,23	1210,35
801,41	1257,45
801,58	1132,53
801,75	1120,24
801,93	1187,82
802,10	1241,07
802,28	1173,49
802,45	1189,87
802,63	1179,63
802,80	1187,82
802,97	1130,48
803,15	1167,34
803,32	1167,34
803,50	1161,20
803,67	1175,53
803,84	1171,44
804,02	1234,93
804,19	1171,44
804,37	1169,39
804,54	1173,49
804,71	1241,07
804,89	1243,12
805,06	1214,45
805,24	1257,45
805,41	1169,39
805,58	1128,43
805,76	1148,91
805,93	1247,21
806,10	1132,53
806,28	1183,73
806,45	1171,44
806,63	1183,73
806,80	1189,87
806,97	1157,10
807,15	1255,40
807,32	1216,49
807,49	1208,30
807,67	1185,77
807,84	1204,21
808,01	1198,06
808,19	1183,73
808,36	1269,74
808,54	1236,97
808,71	1130,48
808,88	1163,25
809,06	1214,45
809,23	1304,56
809,40	1224,69
809,58	1212,40
809,75	1208,30
809,92	1277,93
810,10	1226,73
810,27	1329,13
810,44	1183,73
810,62	1191,92
810,79	1208,30
810,96	1214,45
811,14	1251,31
811,31	1196,01
811,48	1198,06
811,66	1198,06
811,83	1257,45
812,00	1189,87
812,18	1138,67
812,35	1175,53
812,52	1144,81
812,69	1204,21
812,87	1210,35
813,04	1146,86
813,21	1118,19
813,39	1140,72
813,56	1169,39
813,73	1249,26
813,91	1138,67
814,08	1224,69
814,25	1161,20
814,42	1085,42
814,60	1216,49
814,77	1216,49
814,94	1214,45
815,12	1236,97
815,29	1179,63
815,46	1265,64
815,63	1193,97
815,81	1189,87
815,98	1179,63
816,15	1202,16
816,33	1191,92
816,50	1173,49
816,67	1208,30
816,84	1220,59
817,02	1169,39
817,19	1214,45
817,36	1200,11
817,53	1218,54
817,71	1253,36
817,88	1224,69
818,05	1232,88
818,22	1177,58
818,40	1163,25
818,57	1179,63
818,74	1132,53
818,91	1214,45
819,09	1263,60
819,26	1249,26
819,43	1193,97
819,60	1167,34
819,78	1191,92
819,95	1200,11
820,12	1189,87
820,29	1226,73
820,47	1214,45
820,64	1200,11
820,81	1138,67
820,98	1214,45
821,15	1263,60
821,33	1193,97
821,50	1157,10
821,67	1208,30
821,84	1175,53
822,02	1220,59
822,19	1181,68
822,36	1183,73
822,53	1228,78
822,70	1218,54
822,88	1130,48
823,05	1163,25
823,22	1103,86
823,39	1245,16
823,56	1306,60
823,74	1177,58
823,91	1179,63
824,08	1193,97
824,25	1239,02
824,42	1171,44
824,60	1261,55
824,77	1224,69
824,94	1265,64
825,11	1239,02
825,28	1208,30
825,45	1230,83
825,63	1257,45
825,80	1150,96
825,97	1163,25
826,14	1165,29
826,31	1249,26
826,48	1222,64
826,66	1253,36
826,83	1159,15
827,00	1193,97
827,17	1167,34
827,34	1136,62
827,51	1228,78
827,69	1179,63
827,86	1142,77
828,03	1157,10
828,20	1277,93
828,37	1202,16
828,54	1249,26
828,71	1245,16
828,89	1177,58
829,06	1269,74
829,23	1128,43
829,40	1232,88
829,57	1153,01
829,74	1218,54
829,91	1239,02
830,09	1140,72
830,26	1179,63
830,43	1159,15
830,60	1239,02
830,77	1241,07
830,94	1216,49
831,11	1179,63
831,28	1175,53
831,46	1226,73
831,63	1282,03
831,80	1212,40
831,97	1191,92
832,14	1189,87
832,31	1257,45
832,48	1132,53
832,65	1279,98
832,82	1093,62
832,99	1255,40
833,17	1193,97
833,34	1183,73
833,51	1204,21
833,68	1187,82
833,85	1236,97
834,02	1218,54
834,19	1183,73
834,36	1206,25
834,53	1212,40
834,70	1167,34
834,87	1142,77
835,04	1169,39
835,22	1249,26
835,39	1222,64
835,56	1202,16
835,73	1226,73
835,90	1202,16
836,07	1198,06
836,24	1224,69
836,41	1206,25
836,58	1169,39
836,75	1163,25
836,92	1214,45
837,09	1265,64
837,26	1208,30
837,43	1150,96
837,60	1134,57
837,77	1239,02
837,94	1146,86
838,12	1167,34
838,29	1204,21
838,46	1202,16
838,63	1202,16
838,80	1161,20
838,97	1214,45
839,14	1165,29
839,31	1222,64
839,48	1204,21
839,65	1187,82
839,82	1294,32
839,99	1204,21
840,16	1185,77
840,33	1191,92
840,50	1196,01
840,67	1163,25
840,84	1224,69
841,01	1271,79
841,18	1095,66
841,35	1181,68
841,52	1286,12
841,69	1210,35
841,86	1191,92
842,03	1183,73
842,20	1181,68
842,37	1218,54
842,54	1159,15
842,71	1212,40
842,88	1212,40
843,05	1234,93
843,22	1222,64
843,39	1187,82
843,56	1120,24
843,73	1239,02
843,90	1198,06
844,07	1144,81
844,24	1228,78
844,41	1169,39
844,58	1159,15
844,75	1210,35
844,92	1224,69
845,09	1239,02
845,26	1191,92
845,43	1282,03
845,60	1148,91
845,77	1214,45
845,94	1163,25
846,10	1257,45
846,27	1191,92
846,44	1226,73
846,61	1220,59
846,78	1224,69
846,95	1183,73
847,12	1232,88
847,29	1236,97
847,46	1181,68
847,63	1157,10
847,80	1202,16
847,97	1193,97
848,14	1243,12
848,31	1218,54
848,48	1155,05
848,65	1218,54
848,82	1179,63
848,98	1177,58
849,15	1173,49
849,32	1189,87
849,49	1245,16
849,66	1167,34
849,83	1241,07
850,00	1220,59
850,17	1212,40
850,34	1259,50
850,51	1193,97
850,68	1179,63
850,85	1224,69
851,01	1200,11
851,18	1157,10
851,35	1167,34
851,52	1210,35
851,69	1144,81
851,86	1132,53
852,03	1239,02
852,20	1220,59
852,37	1230,83
852,53	1228,78
852,70	1165,29
852,87	1122,29
853,04	1167,34
853,21	1124,33
853,38	1165,29
853,55	1249,26
853,72	1187,82
853,89	1130,48
854,05	1157,10
854,22	1226,73
854,39	1193,97
854,56	1200,11
854,73	1253,36
854,90	1198,06
855,07	1187,82
855,23	1144,81
855,40	1163,25
855,57	1220,59
855,74	1177,58
855,91	1230,83
856,08	1279,98
856,25	1230,83
856,41	1177,58
856,58	1196,01
856,75	1196,01
856,92	1198,06
857,09	1177,58
857,26	1226,73
857,42	1187,82
857,59	1193,97
857,76	1247,21
857,93	1230,83
858,10	1232,88
858,27	1230,83
858,43	1216,49
858,60	1173,49
858,77	1224,69
858,94	1142,77
859,11	1224,69
859,27	1271,79
859,44	1181,68
859,61	1173,49
859,78	1169,39
859,95	1142,77
860,12	1200,11
860,28	1232,88
860,45	1159,15
860,62	1198,06
860,79	1214,45
860,95	1218,54
861,12	1257,45
861,29	1179,63
861,46	1255,40
861,63	1200,11
861,79	1175,53
861,96	1163,25
862,13	1220,59
862,30	1208,30
862,47	1241,07
862,63	1267,69
862,80	1226,73
862,97	1236,97
863,14	1212,40
863,30	1179,63
863,47	1230,83
863,64	1150,96
863,81	1183,73
863,97	1179,63
864,14	1107,95
864,31	1196,01
864,48	1212,40
864,65	1183,73
864,81	1185,77
864,98	1165,29
865,15	1216,49
865,32	1175,53
865,48	1292,27
865,65	1150,96
865,82	1257,45
865,98	1167,34
866,15	1224,69
866,32	1193,97
866,49	1208,30
866,65	1163,25
866,82	1196,01
866,99	1216,49
867,16	1200,11
867,32	1214,45
867,49	1179,63
867,66	1261,55
867,83	1224,69
867,99	1251,31
868,16	1255,40
868,33	1218,54
868,49	1298,41
868,66	1148,91
868,83	1249,26
868,99	1226,73
869,16	1234,93
869,33	1208,30
869,50	1277,93
869,66	1275,88
869,83	1255,40
870,00	1189,87
870,16	1153,01
870,33	1206,25
870,50	1236,97
870,66	1206,25
870,83	1241,07
871,00	1163,25
871,17	1257,45
871,33	1187,82
871,50	1220,59
871,67	1206,25
871,83	1228,78
872,00	1142,77
872,17	1093,62
872,33	1167,34
872,50	1107,95
872,67	1171,44
872,83	1236,97
873,00	1169,39
873,17	1224,69
873,33	1220,59
873,50	1241,07
873,67	1200,11
873,83	1216,49
874,00	1157,10
874,16	1179,63
874,33	1208,30
874,50	1185,77
874,66	1218,54
874,83	1226,73
875,00	1173,49
875,16	1253,36
875,33	1171,44
875,50	1214,45
875,66	1116,14
875,83	1216,49
875,99	1271,79
876,16	1247,21
876,33	1208,30
876,49	1163,25
876,66	1216,49
876,83	1171,44
876,99	1263,60
877,16	1241,07
877,32	1239,02
877,49	1191,92
877,66	1271,79
877,82	1226,73
877,99	1169,39
878,15	1187,82
878,32	1198,06
878,49	1130,48
878,65	1179,63
878,82	1198,06
878,98	1232,88
879,15	1159,15
879,32	1105,90
879,48	1212,40
879,65	1239,02
879,81	1232,88
879,98	1228,78
880,15	1165,29
880,31	1241,07
880,48	1105,90
880,64	1118,19
880,81	1257,45
880,97	1159,15
881,14	1216,49
881,31	1169,39
881,47	1210,35
881,64	1140,72
881,80	1187,82
881,97	1185,77
882,13	1234,93
882,30	1171,44
882,47	1224,69
882,63	1228,78
882,80	1179,63
882,96	1173,49
883,13	1251,31
883,29	1191,92
883,46	1220,59
883,62	1245,16
883,79	1284,08
883,95	1279,98
884,12	1232,88
884,29	1167,34
884,45	1052,66
884,62	1234,93
884,78	1110,00
884,95	1277,93
885,11	1220,59
885,28	1120,24
885,44	1230,83
885,61	1216,49
885,77	1183,73
885,94	1198,06
886,10	1167,34
886,27	1191,92
886,43	1255,40
886,60	1218,54
886,76	1200,11
886,93	1177,58
887,09	1191,92
887,26	1208,30
887,42	1099,76
887,59	1214,45
887,75	1116,14
887,92	1249,26
888,08	1230,83
888,25	1150,96
888,41	1286,12
888,58	1167,34
888,74	1185,77
888,91	1224,69
