177,47	1210,35
177,69	1210,35
177,91	1210,35
178,13	1148,91
178,36	1214,45
178,58	1202,16
178,80	1220,59
179,02	1230,83
179,24	1222,64
179,46	1267,69
179,68	1200,11
179,90	1251,31
180,13	1138,67
180,35	1187,82
180,57	1198,06
180,79	1167,34
181,01	1155,05
181,23	1198,06
181,45	1181,68
181,67	1181,68
181,90	1247,21
182,12	1189,87
182,34	1155,05
182,56	1136,62
182,78	1232,88
183,00	1255,40
183,22	1202,16
183,44	1159,15
183,66	1265,64
183,89	1148,91
184,11	1253,36
184,33	1146,86
184,55	1189,87
184,77	1169,39
184,99	1210,35
185,21	1142,77
185,43	1187,82
185,65	1206,25
185,87	1241,07
186,10	1269,74
186,32	1171,44
186,54	1144,81
186,76	1200,11
186,98	1214,45
187,20	1191,92
187,42	1148,91
187,64	1292,27
187,86	1204,21
188,08	1265,64
188,30	1224,69
188,52	1216,49
188,75	1212,40
188,97	1157,10
189,19	1136,62
189,41	1189,87
189,63	1187,82
189,85	1175,53
190,07	1191,92
190,29	1189,87
190,51	1128,43
190,73	1208,30
190,95	1239,02
191,17	1181,68
191,39	1150,96
191,61	1169,39
191,84	1216,49
192,06	1239,02
192,28	1118,19
192,50	1165,29
192,72	1169,39
192,94	1300,46
193,16	1150,96
193,38	1148,91
193,60	1155,05
193,82	1183,73
194,04	1218,54
194,26	1216,49
194,48	1177,58
194,70	1187,82
194,92	1224,69
195,14	1212,40
195,36	1179,63
195,58	1167,34
195,80	1146,86
196,02	1175,53
196,24	1155,05
196,46	1189,87
196,69	1251,31
196,91	1224,69
197,13	1159,15
197,35	1228,78
197,57	1210,35
197,79	1173,49
198,01	1255,40
198,23	1185,77
198,45	1294,32
198,67	1159,15
198,89	1236,97
199,11	1226,73
199,33	1206,25
199,55	1181,68
199,77	1196,01
199,99	1202,16
200,21	1216,49
200,43	1191,92
200,65	1122,29
200,87	1163,25
201,09	1173,49
201,31	1200,11
201,53	1222,64
201,75	1187,82
201,97	1288,17
202,19	1175,53
202,41	1208,30
202,63	1216,49
202,85	1161,20
203,07	1261,55
203,29	1206,25
203,51	1198,06
203,73	1204,21
203,95	1253,36
204,17	1157,10
204,39	1208,30
204,61	1173,49
204,83	1118,19
205,05	1222,64
205,27	1288,17
205,49	1284,08
205,71	1157,10
205,93	1144,81
206,15	1155,05
206,37	1202,16
206,59	1167,34
206,81	1230,83
207,03	1228,78
207,25	1204,21
207,47	1124,33
207,69	1200,11
207,91	1222,64
208,13	1208,30
208,34	1204,21
208,56	1234,93
208,78	1189,87
209,00	1196,01
209,22	1193,97
209,44	1155,05
209,66	1241,07
209,88	1167,34
210,10	1191,92
210,32	1114,10
210,54	1228,78
210,76	1175,53
210,98	1200,11
211,20	1159,15
211,42	1175,53
211,64	1206,25
211,86	1175,53
212,08	1138,67
212,30	1214,45
212,52	1191,92
212,74	1167,34
212,96	1202,16
213,17	1165,29
213,39	1177,58
213,61	1206,25
213,83	1243,12
214,05	1132,53
214,27	1171,44
214,49	1183,73
214,71	1179,63
214,93	1193,97
215,15	1171,44
215,37	1200,11
215,59	1175,53
215,81	1214,45
216,03	1232,88
216,24	1187,82
216,46	1212,40
216,68	1312,75
216,90	1208,30
217,12	1191,92
217,34	1212,40
217,56	1142,77
217,78	1177,58
218,00	1150,96
218,22	1126,38
218,44	1130,48
218,66	1234,93
218,87	1175,53
219,09	1167,34
219,31	1284,08
219,53	1171,44
219,75	1216,49
219,97	1159,15
220,19	1159,15
220,41	1204,21
220,63	1239,02
220,85	1163,25
221,06	1161,20
221,28	1222,64
221,50	1204,21
221,72	1153,01
221,94	1224,69
222,16	1208,30
222,38	1212,40
222,60	1163,25
222,82	1234,93
223,03	1163,25
223,25	1216,49
223,47	1236,97
223,69	1259,50
223,91	1157,10
224,13	1230,83
224,35	1284,08
224,57	1198,06
224,78	1245,16
225,00	1140,72
225,22	1171,44
225,44	1236,97
225,66	1236,97
225,88	1228,78
226,10	1101,81
226,32	1206,25
226,53	1261,55
226,75	1214,45
226,97	1189,87
227,19	1200,11
227,41	1253,36
227,63	1208,30
227,85	1200,11
228,06	1177,58
228,28	1181,68
228,50	1214,45
228,72	1169,39
228,94	1222,64
229,16	1232,88
229,37	1191,92
229,59	1171,44
229,81	1243,12
230,03	1183,73
230,25	1116,14
230,47	1114,10
230,69	1204,21
230,90	1208,30
231,12	1171,44
231,34	1142,77
231,56	1169,39
231,78	1163,25
232,00	1220,59
232,21	1171,44
232,43	1232,88
232,65	1179,63
232,87	1163,25
233,09	1230,83
233,30	1150,96
233,52	1193,97
233,74	1175,53
233,96	1189,87
234,18	1183,73
234,40	1265,64
234,61	1183,73
234,83	1177,58
235,05	1187,82
235,27	1202,16
235,49	1208,30
235,70	1228,78
235,92	1214,45
236,14	1165,29
236,36	1153,01
236,58	1171,44
236,79	1200,11
237,01	1183,73
237,23	1173,49
237,45	1206,25
237,67	1175,53
237,88	1226,73
238,10	1212,40
238,32	1103,86
238,54	1196,01
238,76	1210,35
238,97	1245,16
239,19	1165,29
239,41	1243,12
239,63	1134,57
239,85	1179,63
240,06	1277,93
240,28	1198,06
240,50	1140,72
240,72	1161,20
240,93	1153,01
241,15	1247,21
241,37	1179,63
241,59	1236,97
241,81	1232,88
242,02	1220,59
242,24	1220,59
242,46	1179,63
242,68	1157,10
242,89	1224,69
243,11	1245,16
243,33	1212,40
243,55	1169,39
243,76	1230,83
243,98	1243,12
244,20	1142,77
244,42	1175,53
244,64	1216,49
244,85	1279,98
245,07	1204,21
245,29	1138,67
245,51	1163,25
245,72	1210,35
245,94	1208,30
246,16	1204,21
246,38	1136,62
246,59	1263,60
246,81	1175,53
247,03	1191,92
247,24	1150,96
247,46	1257,45
247,68	1175,53
247,90	1275,88
248,11	1165,29
248,33	1105,90
248,55	1148,91
248,77	1110,00
248,98	1142,77
249,20	1236,97
249,42	1204,21
249,64	1167,34
249,85	1173,49
250,07	1132,53
250,29	1204,21
250,50	1236,97
250,72	1212,40
250,94	1198,06
251,16	1247,21
251,37	1236,97
251,59	1269,74
251,81	1191,92
252,02	1257,45
252,24	1122,29
252,46	1138,67
252,68	1177,58
252,89	1191,92
253,11	1218,54
253,33	1208,30
253,54	1185,77
253,76	1167,34
253,98	1173,49
254,20	1234,93
254,41	1200,11
254,63	1200,11
254,85	1187,82
255,06	1175,53
255,28	1191,92
255,50	1265,64
255,71	1247,21
255,93	1253,36
256,15	1218,54
256,36	1138,67
256,58	1257,45
256,80	1181,68
257,02	1161,20
257,23	1206,25
257,45	1177,58
257,67	1202,16
257,88	1228,78
258,10	1220,59
258,32	1230,83
258,53	1206,25
258,75	1185,77
258,97	1216,49
259,18	1196,01
259,40	1196,01
259,62	1263,60
259,83	1204,21
260,05	1181,68
260,27	1273,84
260,48	1196,01
260,70	1169,39
260,92	1179,63
261,13	1161,20
261,35	1183,73
261,57	1224,69
261,78	1239,02
262,00	1198,06
262,22	1206,25
262,43	1183,73
262,65	1296,36
262,86	1208,30
263,08	1224,69
263,30	1206,25
263,51	1161,20
263,73	1187,82
263,95	1196,01
264,16	1208,30
264,38	1175,53
264,60	1214,45
264,81	1222,64
265,03	1232,88
265,25	1200,11
265,46	1146,86
265,68	1249,26
265,89	1155,05
266,11	1187,82
266,33	1185,77
266,54	1177,58
266,76	1226,73
266,98	1210,35
267,19	1200,11
267,41	1277,93
267,62	1193,97
267,84	1202,16
268,06	1142,77
268,27	1177,58
268,49	1159,15
268,70	1220,59
268,92	1234,93
269,14	1187,82
269,35	1159,15
269,57	1210,35
269,79	1107,95
270,00	1085,42
270,22	1216,49
270,43	1187,82
270,65	1208,30
270,87	1210,35
271,08	1185,77
271,30	1173,49
271,51	1187,82
271,73	1234,93
271,95	1198,06
272,16	1245,16
272,38	1218,54
272,59	1077,23
272,81	1191,92
273,02	1224,69
273,24	1208,30
273,46	1142,77
273,67	1208,30
273,89	1212,40
274,10	1191,92
274,32	1191,92
274,54	1177,58
274,75	1165,29
274,97	1177,58
275,18	1310,70
275,40	1167,34
275,61	1110,00
275,83	1179,63
276,05	1200,11
276,26	1208,30
276,48	1138,67
276,69	1165,29
276,91	1118,19
277,12	1249,26
277,34	1224,69
277,55	1222,64
277,77	1159,15
277,99	1173,49
278,20	1177,58
278,42	1171,44
278,63	1228,78
278,85	1183,73
279,06	1243,12
279,28	1230,83
279,49	1208,30
279,71	1198,06
279,93	1189,87
280,14	1208,30
280,36	1198,06
280,57	1212,40
280,79	1189,87
281,00	1200,11
281,22	1196,01
281,43	1222,64
281,65	1183,73
281,86	1214,45
282,08	1200,11
282,29	1216,49
282,51	1230,83
282,73	1212,40
282,94	1218,54
283,16	1232,88
283,37	1150,96
283,59	1142,77
283,80	1169,39
284,02	1187,82
284,23	1155,05
284,45	1198,06
284,66	1269,74
284,88	1112,05
285,09	1206,25
285,31	1198,06
285,52	1251,31
285,74	1171,44
285,95	1153,01
286,17	1177,58
286,38	1294,32
286,60	1177,58
286,81	1218,54
287,03	1144,81
287,24	1216,49
287,46	1114,10
287,67	1181,68
287,89	1144,81
288,10	1247,21
288,32	1130,48
288,53	1157,10
288,75	1179,63
288,96	1214,45
289,18	1132,53
289,39	1161,20
289,61	1224,69
289,82	1130,48
290,04	1243,12
290,25	1200,11
290,47	1155,05
290,68	1236,97
290,90	1165,29
291,11	1196,01
291,33	1214,45
291,54	1214,45
291,76	1173,49
291,97	1228,78
292,18	1130,48
292,40	1124,33
292,61	1183,73
292,83	1273,84
293,04	1216,49
293,26	1232,88
293,47	1130,48
293,69	1175,53
293,90	1177,58
294,12	1273,84
294,33	1224,69
294,55	1191,92
294,76	1222,64
294,97	1257,45
295,19	1212,40
295,40	1210,35
295,62	1159,15
295,83	1122,29
296,05	1169,39
296,26	1148,91
296,48	1249,26
296,69	1232,88
296,90	1220,59
297,12	1220,59
297,33	1159,15
297,55	1200,11
297,76	1232,88
297,98	1198,06
298,19	1204,21
298,41	1230,83
298,62	1179,63
298,83	1214,45
299,05	1216,49
299,26	1191,92
299,48	1232,88
299,69	1236,97
299,90	1183,73
300,12	1146,86
300,33	1222,64
300,55	1210,35
300,76	1198,06
300,98	1316,84
301,19	1208,30
301,40	1208,30
301,62	1210,35
301,83	1257,45
302,05	1191,92
302,26	1220,59
302,47	1239,02
302,69	1218,54
302,90	1245,16
303,12	1232,88
303,33	1273,84
303,54	1191,92
303,76	1173,49
303,97	1218,54
304,19	1161,20
304,40	1171,44
304,61	1181,68
304,83	1232,88
305,04	1261,55
305,26	1234,93
305,47	1228,78
305,68	1202,16
305,90	1171,44
306,11	1216,49
306,33	1161,20
306,54	1251,31
306,75	1220,59
306,97	1128,43
307,18	1183,73
307,39	1185,77
307,61	1214,45
307,82	1249,26
308,04	1126,38
308,25	1148,91
308,46	1179,63
308,68	1214,45
308,89	1146,86
309,10	1173,49
309,32	1228,78
309,53	1234,93
309,74	1202,16
309,96	1144,81
310,17	1224,69
310,39	1171,44
310,60	1198,06
310,81	1216,49
311,03	1193,97
311,24	1222,64
311,45	1155,05
311,67	1216,49
311,88	1228,78
312,09	1220,59
312,31	1181,68
312,52	1210,35
312,73	1155,05
312,95	1175,53
313,16	1167,34
313,37	1136,62
313,59	1134,57
313,80	1210,35
314,01	1212,40
314,23	1159,15
314,44	1228,78
314,65	1230,83
314,87	1163,25
315,08	1177,58
315,29	1187,82
315,51	1232,88
315,72	1144,81
315,93	1257,45
316,15	1212,40
316,36	1146,86
316,57	1236,97
316,79	1198,06
317,00	1218,54
317,21	1220,59
317,43	1232,88
317,64	1183,73
317,85	1191,92
318,07	1179,63
318,28	1228,78
318,49	1187,82
318,70	1191,92
318,92	1181,68
319,13	1183,73
319,34	1187,82
319,56	1124,33
319,77	1171,44
319,98	1183,73
320,20	1200,11
320,41	1202,16
320,62	1249,26
320,83	1220,59
321,05	1210,35
321,26	1132,53
321,47	1216,49
321,69	1273,84
321,90	1196,01
322,11	1159,15
322,32	1138,67
322,54	1163,25
322,75	1226,73
322,96	1212,40
323,18	1224,69
323,39	1142,77
323,60	1212,40
323,81	1226,73
324,03	1112,05
324,24	1130,48
324,45	1120,24
324,66	1148,91
324,88	1236,97
325,09	1173,49
325,30	1159,15
325,52	1126,38
325,73	1169,39
325,94	1165,29
326,15	1198,06
326,37	1191,92
326,58	1185,77
326,79	1208,30
327,00	1157,10
327,22	1189,87
327,43	1228,78
327,64	1232,88
327,85	1226,73
328,07	1193,97
328,28	1218,54
328,49	1191,92
328,70	1132,53
328,92	1177,58
329,13	1177,58
329,34	1245,16
329,55	1220,59
329,76	1153,01
329,98	1202,16
330,19	1226,73
330,40	1179,63
330,61	1130,48
330,83	1210,35
331,04	1253,36
331,25	1212,40
331,46	1112,05
331,68	1183,73
331,89	1198,06
332,10	1214,45
332,31	1216,49
332,52	1191,92
332,74	1241,07
332,95	1255,40
333,16	1214,45
333,37	1200,11
333,58	1214,45
333,80	1175,53
334,01	1230,83
334,22	1257,45
334,43	1322,99
334,64	1214,45
334,86	1247,21
335,07	1173,49
335,28	1196,01
335,49	1208,30
335,70	1249,26
335,92	1161,20
336,13	1275,88
336,34	1279,98
336,55	1253,36
336,76	1161,20
336,98	1249,26
337,19	1153,01
337,40	1191,92
337,61	1218,54
337,82	1218,54
338,04	1142,77
338,25	1140,72
338,46	1124,33
338,67	1257,45
338,88	1142,77
339,09	1187,82
339,31	1202,16
339,52	1253,36
339,73	1144,81
339,94	1185,77
340,15	1161,20
340,36	1230,83
340,58	1224,69
340,79	1230,83
341,00	1273,84
341,21	1222,64
341,42	1298,41
341,63	1214,45
341,85	1173,49
342,06	1130,48
342,27	1128,43
342,48	1206,25
342,69	1224,69
342,90	1142,77
343,12	1230,83
343,33	1189,87
343,54	1216,49
343,75	1243,12
343,96	1224,69
344,17	1212,40
344,38	1232,88
344,60	1173,49
344,81	1253,36
345,02	1144,81
345,23	1253,36
345,44	1251,31
345,65	1232,88
345,86	1282,03
346,07	1155,05
346,29	1232,88
346,50	1173,49
346,71	1140,72
346,92	1259,50
347,13	1255,40
347,34	1175,53
347,55	1212,40
347,76	1239,02
347,98	1140,72
348,19	1257,45
348,40	1161,20
348,61	1202,16
348,82	1222,64
349,03	1204,21
349,24	1130,48
349,45	1210,35
349,66	1163,25
349,88	1189,87
350,09	1232,88
350,30	1232,88
350,51	1173,49
350,72	1236,97
350,93	1183,73
351,14	1169,39
351,35	1202,16
351,56	1245,16
351,77	1218,54
351,99	1175,53
352,20	1150,96
352,41	1234,93
352,62	1185,77
352,83	1243,12
353,04	1265,64
353,25	1193,97
353,46	1193,97
353,67	1220,59
353,88	1259,50
354,09	1130,48
354,30	1150,96
354,52	1165,29
354,73	1126,38
354,94	1257,45
355,15	1243,12
355,36	1177,58
355,57	1226,73
355,78	1204,21
355,99	1177,58
356,20	1230,83
356,41	1247,21
356,62	1220,59
356,83	1208,30
357,04	1210,35
357,25	1275,88
357,46	1202,16
357,68	1241,07
357,89	1169,39
358,10	1191,92
358,31	1253,36
358,52	1232,88
358,73	1099,76
358,94	1198,06
359,15	1114,10
359,36	1247,21
359,57	1130,48
359,78	1239,02
359,99	1144,81
360,20	1191,92
360,41	1208,30
360,62	1210,35
360,83	1138,67
361,04	1200,11
361,25	1177,58
361,46	1198,06
361,67	1146,86
361,88	1148,91
362,09	1261,55
362,30	1247,21
362,51	1153,01
362,72	1206,25
362,93	1251,31
363,14	1193,97
363,35	1130,48
363,56	1161,20
363,78	1187,82
363,99	1204,21
364,20	1134,57
364,41	1169,39
364,62	1155,05
364,83	1239,02
365,04	1249,26
365,25	1206,25
365,46	1226,73
365,67	1232,88
365,88	1218,54
366,09	1198,06
366,30	1112,05
366,51	1202,16
366,72	1222,64
366,93	1193,97
367,14	1138,67
367,35	1198,06
367,56	1189,87
367,77	1218,54
367,98	1253,36
368,18	1171,44
368,39	1193,97
368,60	1173,49
368,81	1132,53
369,02	1175,53
369,23	1198,06
369,44	1228,78
369,65	1200,11
369,86	1187,82
370,07	1222,64
370,28	1146,86
370,49	1155,05
370,70	1208,30
370,91	1126,38
371,12	1173,49
371,33	1177,58
371,54	1206,25
371,75	1191,92
371,96	1177,58
372,17	1200,11
372,38	1288,17
372,59	1028,08
372,80	1224,69
373,01	1193,97
373,22	1173,49
373,43	1183,73
373,64	1196,01
373,85	1226,73
374,06	1179,63
374,26	1196,01
374,47	1214,45
374,68	1181,68
374,89	1204,21
375,10	1206,25
375,31	1189,87
375,52	1191,92
375,73	1208,30
375,94	1200,11
376,15	1245,16
376,36	1193,97
376,57	1204,21
376,78	1212,40
376,99	1236,97
377,20	1185,77
377,40	1198,06
377,61	1173,49
377,82	1179,63
378,03	1185,77
378,24	1173,49
378,45	1286,12
378,66	1218,54
378,87	1241,07
379,08	1181,68
379,29	1146,86
379,50	1232,88
379,71	1185,77
379,91	1167,34
380,12	1138,67
380,33	1251,31
380,54	1208,30
380,75	1200,11
380,96	1187,82
381,17	1167,34
381,38	1175,53
381,59	1251,31
381,80	1183,73
382,00	1171,44
382,21	1232,88
382,42	1179,63
382,63	1269,74
382,84	1159,15
383,05	1273,84
383,26	1198,06
383,47	1191,92
383,68	1189,87
383,88	1169,39
384,09	1239,02
384,30	1200,11
384,51	1138,67
384,72	1224,69
384,93	1167,34
385,14	1230,83
385,35	1101,81
385,55	1210,35
385,76	1189,87
385,97	1169,39
386,18	1146,86
386,39	1181,68
386,60	1189,87
386,81	1181,68
387,02	1159,15
387,22	1185,77
387,43	1150,96
387,64	1155,05
387,85	1202,16
388,06	1159,15
388,27	1222,64
388,48	1228,78
388,68	1183,73
388,89	1185,77
389,10	1202,16
389,31	1234,93
389,52	1247,21
389,73	1206,25
389,93	1169,39
390,14	1193,97
390,35	1191,92
390,56	1132,53
390,77	1163,25
390,98	1173,49
391,18	1282,03
391,39	1234,93
391,60	1167,34
391,81	1228,78
392,02	1177,58
392,23	1214,45
392,43	1128,43
392,64	1185,77
392,85	1216,49
393,06	1234,93
393,27	1216,49
393,47	1208,30
393,68	1183,73
393,89	1148,91
394,10	1171,44
394,31	1218,54
394,52	1202,16
394,72	1165,29
394,93	1200,11
395,14	1150,96
395,35	1175,53
395,56	1247,21
395,76	1279,98
395,97	1181,68
396,18	1275,88
396,39	1179,63
396,60	1226,73
396,80	1236,97
397,01	1183,73
397,22	1232,88
397,43	1185,77
397,64	1138,67
397,84	1290,22
398,05	1200,11
398,26	1142,77
398,47	1177,58
398,67	1263,60
398,88	1210,35
399,09	1191,92
399,30	1210,35
399,51	1193,97
399,71	1165,29
399,92	1255,40
400,13	1208,30
400,34	1193,97
400,54	1247,21
400,75	1222,64
400,96	1146,86
401,17	1208,30
401,37	1185,77
401,58	1206,25
401,79	1234,93
402,00	1216,49
402,21	1212,40
402,41	1224,69
402,62	1220,59
402,83	1265,64
403,04	1257,45
403,24	1249,26
403,45	1241,07
403,66	1245,16
403,87	1159,15
404,07	1216,49
404,28	1228,78
404,49	1185,77
404,70	1167,34
404,90	1212,40
405,11	1218,54
405,32	1118,19
405,52	1204,21
405,73	1185,77
405,94	1193,97
406,15	1202,16
406,35	1136,62
406,56	1189,87
406,77	1150,96
406,98	1228,78
407,18	1257,45
407,39	1189,87
407,60	1150,96
407,80	1191,92
408,01	1161,20
408,22	1183,73
408,43	1232,88
408,63	1191,92
408,84	1193,97
409,05	1161,20
409,25	1183,73
409,46	1183,73
409,67	1218,54
409,88	1171,44
410,08	1222,64
410,29	1234,93
410,50	1189,87
410,70	1216,49
410,91	1177,58
411,12	1259,50
411,32	1220,59
411,53	1161,20
411,74	1224,69
411,95	1157,10
412,15	1118,19
412,36	1175,53
412,57	1212,40
412,77	1175,53
412,98	1196,01
413,19	1146,86
413,39	1220,59
413,60	1177,58
413,81	1193,97
414,01	1216,49
414,22	1200,11
414,43	1245,16
414,63	1183,73
414,84	1150,96
415,05	1243,12
415,25	1208,30
415,46	1216,49
415,67	1200,11
415,87	1234,93
416,08	1210,35
416,29	1198,06
416,49	1175,53
416,70	1171,44
416,91	1144,81
417,11	1169,39
417,32	1196,01
417,53	1183,73
417,73	1200,11
417,94	1171,44
418,15	1206,25
418,35	1222,64
418,56	1132,53
418,77	1196,01
418,97	1196,01
419,18	1208,30
419,38	1155,05
419,59	1212,40
419,80	1196,01
420,00	1177,58
420,21	1288,17
420,42	1202,16
420,62	1243,12
420,83	1275,88
421,04	1193,97
421,24	1144,81
421,45	1140,72
421,65	1216,49
421,86	1173,49
422,07	1212,40
422,27	1220,59
422,48	1251,31
422,69	1150,96
422,89	1122,29
423,10	1208,30
423,30	1196,01
423,51	1212,40
423,72	1243,12
423,92	1181,68
424,13	1179,63
424,33	1216,49
424,54	1167,34
424,75	1189,87
424,95	1173,49
425,16	1165,29
425,36	1183,73
425,57	1282,03
425,78	1210,35
425,98	1189,87
426,19	1261,55
426,39	1181,68
426,60	1196,01
426,81	1173,49
427,01	1122,29
427,22	1142,77
427,42	1228,78
427,63	1163,25
427,83	1122,29
428,04	1144,81
428,25	1224,69
428,45	1224,69
428,66	1249,26
428,86	1257,45
429,07	1198,06
429,28	1120,24
429,48	1232,88
429,69	1202,16
429,89	1288,17
430,10	1126,38
430,30	1200,11
430,51	1257,45
430,71	1165,29
430,92	1193,97
431,13	1136,62
431,33	1261,55
431,54	1236,97
431,74	1214,45
431,95	1191,92
432,15	1200,11
432,36	1128,43
432,56	1183,73
432,77	1222,64
432,98	1144,81
433,18	1167,34
433,39	1161,20
433,59	1236,97
433,80	1161,20
434,00	1216,49
434,21	1198,06
434,41	1187,82
434,62	1259,50
434,82	1097,71
435,03	1120,24
435,23	1208,30
435,44	1206,25
435,64	1177,58
435,85	1224,69
436,06	1230,83
436,26	1198,06
436,47	1171,44
436,67	1222,64
436,88	1171,44
437,08	1171,44
437,29	1206,25
437,49	1163,25
437,70	1155,05
437,90	1263,60
438,11	1130,48
438,31	1216,49
438,52	1251,31
438,72	1214,45
438,93	1185,77
439,13	1216,49
439,34	1232,88
439,54	1257,45
439,75	1189,87
439,95	1118,19
440,16	1138,67
440,36	1200,11
440,57	1196,01
440,77	1159,15
440,98	1187,82
441,18	1257,45
441,39	1208,30
441,59	1239,02
441,80	1161,20
442,00	1142,77
442,21	1263,60
442,41	1171,44
442,62	1218,54
442,82	1187,82
443,02	1189,87
443,23	1198,06
443,43	1198,06
443,64	1216,49
443,84	1126,38
444,05	1220,59
444,25	1208,30
444,46	1177,58
444,66	1220,59
444,87	1142,77
445,07	1267,69
445,28	1153,01
445,48	1153,01
445,69	1187,82
445,89	1193,97
446,09	1202,16
446,30	1247,21
446,50	1241,07
446,71	1189,87
446,91	1224,69
447,12	1277,93
447,32	1179,63
447,53	1159,15
447,73	1187,82
447,93	1132,53
448,14	1212,40
448,34	1122,29
448,55	1196,01
448,75	1200,11
448,96	1157,10
449,16	1216,49
449,36	1210,35
449,57	1183,73
449,77	1148,91
449,98	1187,82
450,18	1187,82
450,39	1175,53
450,59	1196,01
450,79	1202,16
451,00	1220,59
451,20	1173,49
451,41	1150,96
451,61	1132,53
451,81	1247,21
452,02	1226,73
452,22	1187,82
452,43	1228,78
452,63	1191,92
452,84	1204,21
453,04	1212,40
453,24	1230,83
453,45	1220,59
453,65	1218,54
453,86	1230,83
454,06	1202,16
454,26	1232,88
454,47	1157,10
454,67	1218,54
454,87	1171,44
455,08	1185,77
455,28	1134,57
455,49	1126,38
455,69	1165,29
455,89	1200,11
456,10	1257,45
456,30	1167,34
456,51	1253,36
456,71	1132,53
456,91	1212,40
457,12	1265,64
457,32	1148,91
457,52	1228,78
457,73	1198,06
457,93	1122,29
458,14	1181,68
458,34	1173,49
458,54	1153,01
458,75	1179,63
458,95	1191,92
459,15	1220,59
459,36	1292,27
459,56	1239,02
459,76	1208,30
459,97	1148,91
460,17	1208,30
460,37	1183,73
460,58	1243,12
460,78	1142,77
460,99	1183,73
461,19	1208,30
461,39	1222,64
461,60	1292,27
461,80	1167,34
462,00	1257,45
462,21	1243,12
462,41	1212,40
462,61	1132,53
462,82	1253,36
463,02	1187,82
463,22	1232,88
463,43	1126,38
463,63	1247,21
463,83	1216,49
464,04	1198,06
464,24	1212,40
464,44	1107,95
464,64	1150,96
464,85	1107,95
465,05	1146,86
465,25	1198,06
465,46	1187,82
465,66	1128,43
465,86	1230,83
466,07	1142,77
466,27	1167,34
466,47	1193,97
466,68	1187,82
466,88	1179,63
467,08	1220,59
467,29	1224,69
467,49	1206,25
467,69	1159,15
467,89	1177,58
468,10	1177,58
468,30	1159,15
468,50	1198,06
468,71	1249,26
468,91	1173,49
469,11	1241,07
469,31	1212,40
469,52	1210,35
469,72	1177,58
469,92	1269,74
470,13	1181,68
470,33	1185,77
470,53	1210,35
470,73	1232,88
470,94	1249,26
471,14	1159,15
471,34	1187,82
471,54	1241,07
471,75	1220,59
471,95	1234,93
472,15	1116,14
472,36	1148,91
472,56	1157,10
472,76	1165,29
472,96	1155,05
473,17	1167,34
473,37	1142,77
473,57	1208,30
473,77	1257,45
473,98	1239,02
474,18	1183,73
474,38	1261,55
474,58	1173,49
474,79	1169,39
474,99	1110,00
475,19	1236,97
475,39	1193,97
475,60	1187,82
475,80	1222,64
476,00	1163,25
476,20	1175,53
476,41	1136,62
476,61	1189,87
476,81	1210,35
477,01	1153,01
477,21	1288,17
477,42	1173,49
477,62	1224,69
477,82	1265,64
478,02	1163,25
478,23	1169,39
478,43	1228,78
478,63	1265,64
478,83	1216,49
479,03	1171,44
479,24	1200,11
479,44	1230,83
479,64	1263,60
479,84	1185,77
480,04	1122,29
480,25	1193,97
480,45	1208,30
480,65	1169,39
480,85	1177,58
481,06	1208,30
481,26	1200,11
481,46	1247,21
481,66	1132,53
481,86	1126,38
482,06	1318,89
482,27	1255,40
482,47	1159,15
482,67	1177,58
482,87	1224,69
483,07	1200,11
483,28	1177,58
483,48	1187,82
483,68	1138,67
483,88	1275,88
484,08	1204,21
484,29	1136,62
484,49	1253,36
484,69	1216,49
484,89	1241,07
485,09	1189,87
485,29	1243,12
485,50	1218,54
485,70	1198,06
485,90	1200,11
486,10	1132,53
486,30	1259,50
486,50	1144,81
486,71	1200,11
486,91	1198,06
487,11	1243,12
487,31	1202,16
487,51	1239,02
487,71	1239,02
487,91	1177,58
488,12	1222,64
488,32	1230,83
488,52	1214,45
488,72	1130,48
488,92	1191,92
489,12	1220,59
489,32	1138,67
489,53	1241,07
489,73	1179,63
489,93	1220,59
490,13	1236,97
490,33	1163,25
490,53	1148,91
490,73	1171,44
490,94	1239,02
491,14	1189,87
491,34	1236,97
491,54	1189,87
491,74	1243,12
491,94	1218,54
492,14	1146,86
492,34	1239,02
492,54	1173,49
492,75	1220,59
492,95	1232,88
493,15	1169,39
493,35	1232,88
493,55	1204,21
493,75	1163,25
493,95	1210,35
494,15	1220,59
494,35	1134,57
494,56	1210,35
494,76	1169,39
494,96	1185,77
495,16	1167,34
495,36	1212,40
495,56	1183,73
495,76	1228,78
495,96	1189,87
496,16	1222,64
496,36	1245,16
496,56	1218,54
496,77	1220,59
496,97	1206,25
497,17	1146,86
497,37	1202,16
497,57	1191,92
497,77	1232,88
497,97	1210,35
498,17	1181,68
498,37	1167,34
498,57	1173,49
498,77	1273,84
498,97	1202,16
499,17	1239,02
499,38	1144,81
499,58	1181,68
499,78	1175,53
499,98	1204,21
500,18	1142,77
500,38	1208,30
500,58	1198,06
500,78	1204,21
500,98	1173,49
501,18	1214,45
501,38	1261,55
501,58	1206,25
501,78	1185,77
501,98	1220,59
502,18	1155,05
502,38	1185,77
502,58	1146,86
502,78	1198,06
502,98	1181,68
503,18	1220,59
503,38	1153,01
503,59	1153,01
503,79	1167,34
503,99	1171,44
504,19	1277,93
504,39	1200,11
504,59	1224,69
504,79	1230,83
504,99	1191,92
505,19	1198,06
505,39	1230,83
505,59	1177,58
505,79	1181,68
505,99	1202,16
506,19	1134,57
506,39	1196,01
506,59	1232,88
506,79	1216,49
506,99	1144,81
507,19	1204,21
507,39	1177,58
507,59	1187,82
507,79	1173,49
507,99	1218,54
508,19	1198,06
508,39	1171,44
508,59	1220,59
508,79	1204,21
508,99	1196,01
509,19	1103,86
509,39	1146,86
509,59	1198,06
509,79	1169,39
509,99	1206,25
510,19	1191,92
510,39	1167,34
510,59	1138,67
510,79	1187,82
510,99	1185,77
511,19	1216,49
511,39	1144,81
511,59	1263,60
511,79	1204,21
511,99	1179,63
512,19	1189,87
512,38	1189,87
512,58	1183,73
512,78	1126,38
512,98	1198,06
513,18	1173,49
513,38	1181,68
513,58	1210,35
513,78	1228,78
513,98	1198,06
514,18	1179,63
514,38	1171,44
514,58	1193,97
514,78	1128,43
514,98	1181,68
515,18	1157,10
515,38	1155,05
515,58	1179,63
515,78	1189,87
515,98	1245,16
516,18	1218,54
516,38	1161,20
516,57	1234,93
516,77	1128,43
516,97	1226,73
517,17	1183,73
517,37	1261,55
517,57	1146,86
517,77	1079,28
517,97	1097,71
518,17	1196,01
518,37	1214,45
518,57	1155,05
518,77	1204,21
518,97	1273,84
519,16	1185,77
519,36	1191,92
519,56	1138,67
519,76	1212,40
519,96	1232,88
520,16	1247,21
520,36	1132,53
520,56	1163,25
520,76	1196,01
520,96	1155,05
521,16	1196,01
521,35	1159,15
521,55	1218,54
521,75	1118,19
521,95	1183,73
522,15	1196,01
522,35	1167,34
522,55	1220,59
522,75	1208,30
522,95	1198,06
523,14	1173,49
523,34	1173,49
523,54	1161,20
523,74	1249,26
523,94	1232,88
524,14	1183,73
524,34	1228,78
524,54	1089,52
524,73	1232,88
524,93	1193,97
525,13	1167,34
525,33	1212,40
525,53	1198,06
525,73	1169,39
525,93	1259,50
526,13	1216,49
526,32	1085,42
526,52	1163,25
526,72	1185,77
526,92	1175,53
527,12	1216,49
527,32	1220,59
527,52	1273,84
527,71	1220,59
527,91	1226,73
528,11	1193,97
528,31	1171,44
528,51	1198,06
528,71	1179,63
528,90	1267,69
529,10	1310,70
529,30	1206,25
529,50	1140,72
529,70	1136,62
529,90	1204,21
530,09	1222,64
530,29	1263,60
530,49	1181,68
530,69	1187,82
530,89	1187,82
531,09	1222,64
531,28	1210,35
531,48	1265,64
531,68	1200,11
531,88	1208,30
532,08	1216,49
532,28	1220,59
532,47	1212,40
532,67	1208,30
532,87	1122,29
533,07	1259,50
533,27	1173,49
533,46	1167,34
533,66	1212,40
533,86	1241,07
534,06	1181,68
534,26	1204,21
534,45	1249,26
534,65	1267,69
534,85	1204,21
535,05	1226,73
535,25	1185,77
535,44	1179,63
535,64	1185,77
535,84	1220,59
536,04	1161,20
536,24	1116,14
536,43	1222,64
536,63	1241,07
536,83	1161,20
537,03	1175,53
537,22	1257,45
537,42	1226,73
537,62	1220,59
537,82	1165,29
538,02	1132,53
538,21	1157,10
538,41	1204,21
538,61	1253,36
538,81	1204,21
539,00	1206,25
539,20	1165,29
539,40	1130,48
539,60	1191,92
539,79	1118,19
539,99	1183,73
540,19	1218,54
540,39	1189,87
540,58	1134,57
540,78	1116,14
540,98	1228,78
541,18	1159,15
541,37	1200,11
541,57	1112,05
541,77	1183,73
541,97	1218,54
542,16	1165,29
542,36	1232,88
542,56	1157,10
542,76	1241,07
542,95	1159,15
543,15	1163,25
543,35	1175,53
543,54	1155,05
543,74	1212,40
543,94	1218,54
544,14	1259,50
544,33	1218,54
544,53	1177,58
544,73	1173,49
544,93	1138,67
545,12	1187,82
545,32	1228,78
545,52	1218,54
545,71	1181,68
545,91	1200,11
546,11	1218,54
546,30	1177,58
546,50	1126,38
546,70	1206,25
546,90	1185,77
547,09	1148,91
547,29	1196,01
547,49	1167,34
547,68	1181,68
547,88	1212,40
548,08	1169,39
548,27	1296,36
548,47	1177,58
548,67	1191,92
548,87	1212,40
549,06	1236,97
549,26	1144,81
549,46	1273,84
549,65	1181,68
549,85	1189,87
550,05	1187,82
550,24	1165,29
550,44	1142,77
550,64	1189,87
550,83	1157,10
551,03	1206,25
551,23	1288,17
551,42	1241,07
551,62	1146,86
551,82	1208,30
552,01	1204,21
552,21	1212,40
552,41	1157,10
552,60	1142,77
552,80	1185,77
553,00	1161,20
553,19	1134,57
553,39	1159,15
553,59	1177,58
553,78	1239,02
553,98	1189,87
554,17	1273,84
554,37	1210,35
554,57	1218,54
554,76	1249,26
554,96	1214,45
555,16	1159,15
555,35	1220,59
555,55	1210,35
555,75	1282,03
555,94	1222,64
556,14	1202,16
556,33	1116,14
556,53	1222,64
556,73	1263,60
556,92	1200,11
557,12	1181,68
557,32	1193,97
557,51	1308,65
557,71	1224,69
557,90	1239,02
558,10	1179,63
558,30	1181,68
558,49	1163,25
558,69	1208,30
558,88	1239,02
559,08	1241,07
559,28	1142,77
559,47	1243,12
559,67	1181,68
559,86	1222,64
560,06	1189,87
560,26	1177,58
560,45	1224,69
560,65	1216,49
560,84	1181,68
561,04	1220,59
561,24	1136,62
561,43	1157,10
561,63	1155,05
561,82	1193,97
562,02	1198,06
562,22	1171,44
562,41	1200,11
562,61	1138,67
562,80	1179,63
563,00	1175,53
563,19	1218,54
563,39	1255,40
563,59	1187,82
563,78	1169,39
563,98	1150,96
564,17	1110,00
564,37	1206,25
564,56	1134,57
564,76	1150,96
564,96	1140,72
565,15	1247,21
565,35	1165,29
565,54	1130,48
565,74	1196,01
565,93	1173,49
566,13	1173,49
566,32	1099,76
566,52	1177,58
566,71	1249,26
566,91	1220,59
567,11	1148,91
567,30	1265,64
567,50	1173,49
567,69	1191,92
567,89	1214,45
568,08	1241,07
568,28	1202,16
568,47	1173,49
568,67	1224,69
568,86	1206,25
569,06	1222,64
569,25	1212,40
569,45	1212,40
569,64	1179,63
569,84	1196,01
570,04	1206,25
570,23	1181,68
570,43	1208,30
570,62	1148,91
570,82	1224,69
571,01	1153,01
571,21	1132,53
571,40	1177,58
571,60	1275,88
571,79	1189,87
571,99	1107,95
572,18	1241,07
572,38	1175,53
572,57	1257,45
572,77	1257,45
572,96	1173,49
573,16	1204,21
573,35	1134,57
573,55	1245,16
573,74	1175,53
573,94	1171,44
574,13	1187,82
574,33	1196,01
574,52	1122,29
574,71	1228,78
574,91	1259,50
575,10	1255,40
575,30	1169,39
575,49	1155,05
575,69	1189,87
575,88	1206,25
576,08	1239,02
576,27	1138,67
576,47	1218,54
576,66	1183,73
576,86	1196,01
577,05	1181,68
577,25	1230,83
577,44	1226,73
577,64	1189,87
577,83	1196,01
578,02	1163,25
578,22	1175,53
578,41	1122,29
578,61	1167,34
578,80	1175,53
579,00	1193,97
579,19	1200,11
579,39	1216,49
579,58	1173,49
579,77	1255,40
579,97	1159,15
580,16	1163,25
580,36	1210,35
580,55	1200,11
580,75	1200,11
580,94	1183,73
581,13	1212,40
581,33	1200,11
581,52	1206,25
581,72	1155,05
581,91	1175,53
582,11	1261,55
582,30	1146,86
582,49	1161,20
582,69	1183,73
582,88	1173,49
583,08	1245,16
583,27	1204,21
583,47	1150,96
583,66	1191,92
583,85	1171,44
584,05	1173,49
584,24	1179,63
584,44	1206,25
584,63	1214,45
584,82	1269,74
585,02	1239,02
585,21	1208,30
585,41	1148,91
585,60	1153,01
585,79	1206,25
585,99	1196,01
586,18	1138,67
586,37	1232,88
586,57	1159,15
586,76	1181,68
586,96	1216,49
587,15	1171,44
587,34	1171,44
587,54	1193,97
587,73	1216,49
587,93	1220,59
588,12	1173,49
588,31	1173,49
588,51	1206,25
588,70	1196,01
588,89	1253,36
589,09	1183,73
589,28	1173,49
589,47	1206,25
589,67	1243,12
589,86	1228,78
590,06	1181,68
590,25	1232,88
590,44	1261,55
590,64	1261,55
590,83	1204,21
591,02	1175,53
591,22	1157,10
591,41	1187,82
591,60	1224,69
591,80	1241,07
591,99	1167,34
592,18	1177,58
592,38	1187,82
592,57	1210,35
592,76	1230,83
592,96	1236,97
593,15	1214,45
593,34	1214,45
593,54	1196,01
593,73	1191,92
593,92	1230,83
594,12	1167,34
594,31	1218,54
594,50	1138,67
594,70	1185,77
594,89	1208,30
595,08	1185,77
595,28	1198,06
595,47	1257,45
595,66	1183,73
595,86	1236,97
596,05	1249,26
596,24	1218,54
596,43	1163,25
596,63	1140,72
596,82	1228,78
597,01	1122,29
597,21	1214,45
597,40	1253,36
597,59	1200,11
597,79	1183,73
597,98	1157,10
598,17	1257,45
598,36	1200,11
598,56	1224,69
598,75	1189,87
598,94	1247,21
599,14	1181,68
599,33	1204,21
599,52	1208,30
599,71	1308,65
599,91	1200,11
600,10	1175,53
600,29	1187,82
600,48	1232,88
600,68	1144,81
600,87	1196,01
601,06	1222,64
601,26	1173,49
601,45	1218,54
601,64	1210,35
601,83	1239,02
602,03	1200,11
602,22	1206,25
602,41	1245,16
602,60	1181,68
602,80	1183,73
602,99	1290,22
603,18	1128,43
603,37	1148,91
603,57	1138,67
603,76	1167,34
603,95	1226,73
604,14	1241,07
604,34	1214,45
604,53	1212,40
604,72	1159,15
604,91	1222,64
605,10	1150,96
605,30	1222,64
605,49	1187,82
605,68	1208,30
605,87	1138,67
606,07	1191,92
606,26	1165,29
606,45	1175,53
606,64	1187,82
606,84	1161,20
607,03	1247,21
607,22	1181,68
607,41	1196,01
607,60	1218,54
607,80	1257,45
607,99	1212,40
608,18	1142,77
608,37	1144,81
608,56	1177,58
608,76	1150,96
608,95	1212,40
609,14	1159,15
609,33	1114,10
609,52	1239,02
609,72	1187,82
609,91	1175,53
610,10	1196,01
610,29	1200,11
610,48	1224,69
610,68	1175,53
610,87	1134,57
611,06	1198,06
611,25	1171,44
611,44	1167,34
611,63	1218,54
611,83	1222,64
612,02	1210,35
612,21	1185,77
612,40	1173,49
612,59	1249,26
612,79	1189,87
612,98	1167,34
613,17	1175,53
613,36	1146,86
613,55	1181,68
613,74	1208,30
613,93	1159,15
614,13	1232,88
614,32	1146,86
614,51	1181,68
614,70	1183,73
614,89	1261,55
615,08	1239,02
615,28	1255,40
615,47	1279,98
615,66	1245,16
615,85	1148,91
616,04	1187,82
616,23	1179,63
616,42	1148,91
616,62	1196,01
616,81	1214,45
617,00	1167,34
617,19	1198,06
617,38	1142,77
617,57	1249,26
617,76	1222,64
617,95	1214,45
618,15	1241,07
618,34	1204,21
618,53	1181,68
618,72	1247,21
618,91	1224,69
619,10	1226,73
619,29	1124,33
619,48	1247,21
619,68	1159,15
619,87	1189,87
620,06	1249,26
620,25	1179,63
620,44	1204,21
620,63	1150,96
620,82	1175,53
621,01	1112,05
621,20	1175,53
621,39	1210,35
621,59	1159,15
621,78	1212,40
621,97	1210,35
622,16	1224,69
622,35	1114,10
622,54	1206,25
622,73	1249,26
622,92	1251,31
623,11	1208,30
623,30	1218,54
623,49	1204,21
623,68	1218,54
623,88	1150,96
624,07	1118,19
624,26	1236,97
624,45	1198,06
624,64	1163,25
624,83	1187,82
625,02	1136,62
625,21	1220,59
625,40	1208,30
625,59	1165,29
625,78	1253,36
625,97	1171,44
626,16	1155,05
626,35	1142,77
626,54	1179,63
626,74	1181,68
626,93	1271,79
627,12	1228,78
627,31	1161,20
627,50	1279,98
627,69	1202,16
627,88	1224,69
628,07	1198,06
628,26	1216,49
628,45	1202,16
628,64	1230,83
628,83	1206,25
629,02	1257,45
629,21	1204,21
629,40	1228,78
629,59	1220,59
629,78	1161,20
629,97	1310,70
630,16	1200,11
630,35	1239,02
630,54	1202,16
630,73	1222,64
630,92	1222,64
631,11	1257,45
631,30	1222,64
631,49	1273,84
631,68	1357,80
631,87	2596,82
632,06	8443,78
632,25	17583,86
632,44	22152,88
632,63	28153,43
632,82	15062,81
633,01	8443,78
633,20	4063,17
633,39	2170,85
633,58	1804,26
633,77	1900,52
633,96	1679,33
634,15	1368,04
634,34	1402,86
634,53	1296,36
634,72	1353,71
634,91	1337,32
635,10	1316,84
635,29	1263,60
635,48	1198,06
635,67	1300,46
635,86	1247,21
636,05	1318,89
636,24	1243,12
636,43	1107,95
636,62	1202,16
636,81	1208,30
637,00	1218,54
637,19	1171,44
637,38	1200,11
637,57	1249,26
637,76	1214,45
637,95	1185,77
638,14	1202,16
638,33	1150,96
638,52	1247,21
638,71	1167,34
638,89	1126,38
639,08	1122,29
639,27	1206,25
639,46	1200,11
639,65	1206,25
639,84	1107,95
640,03	1232,88
640,22	1216,49
640,41	1097,71
640,60	1247,21
640,79	1193,97
640,98	1153,01
641,17	1247,21
641,36	1191,92
641,55	1267,69
641,74	1226,73
641,92	1163,25
642,11	1226,73
642,30	1191,92
642,49	1275,88
642,68	1277,93
642,87	1189,87
643,06	1245,16
643,25	1185,77
643,44	1196,01
643,63	1220,59
643,82	1198,06
644,00	1218,54
644,19	1161,20
644,38	1185,77
644,57	1175,53
644,76	1241,07
644,95	1239,02
645,14	1226,73
645,33	1173,49
645,52	1171,44
645,71	1155,05
645,89	1236,97
646,08	1161,20
646,27	1142,77
646,46	1263,60
646,65	1228,78
646,84	1226,73
647,03	1216,49
647,22	1296,36
647,40	1216,49
647,59	1251,31
647,78	1155,05
647,97	1193,97
648,16	1273,84
648,35	1169,39
648,54	1167,34
648,73	1193,97
648,91	1148,91
649,10	1200,11
649,29	1228,78
649,48	1189,87
649,67	1224,69
649,86	1218,54
650,05	1255,40
650,23	1175,53
650,42	1161,20
650,61	1144,81
650,80	1189,87
650,99	1183,73
651,18	1200,11
651,36	1193,97
651,55	1191,92
651,74	1247,21
651,93	1198,06
652,12	1204,21
652,31	1159,15
652,49	1224,69
652,68	1120,24
652,87	1175,53
653,06	1222,64
653,25	1271,79
653,44	1179,63
653,62	1226,73
653,81	1169,39
654,00	1241,07
654,19	1183,73
654,38	1228,78
654,56	1196,01
654,75	1220,59
654,94	1155,05
655,13	1148,91
655,32	1187,82
655,51	1144,81
655,69	1214,45
655,88	1175,53
656,07	1239,02
656,26	1146,86
656,45	1146,86
656,63	1175,53
656,82	1153,01
657,01	1249,26
657,20	1204,21
657,38	1269,74
657,57	1226,73
657,76	1206,25
657,95	1124,33
658,14	1222,64
658,32	1165,29
658,51	1153,01
658,70	1148,91
658,89	1241,07
659,08	1136,62
659,26	1181,68
659,45	1214,45
659,64	1224,69
659,83	1208,30
660,01	1239,02
660,20	1216,49
660,39	1224,69
660,58	1181,68
660,76	1292,27
660,95	1234,93
661,14	1245,16
661,33	1253,36
661,51	1220,59
661,70	1210,35
661,89	1165,29
662,08	1150,96
662,26	1265,64
662,45	1216,49
662,64	1222,64
662,83	1249,26
663,01	1232,88
663,20	1167,34
663,39	1189,87
663,58	1239,02
663,76	1148,91
663,95	1204,21
664,14	1200,11
664,32	1167,34
664,51	1269,74
664,70	1247,21
664,89	1181,68
665,07	1236,97
665,26	1232,88
665,45	1161,20
665,64	1220,59
665,82	1241,07
666,01	1224,69
666,20	1144,81
666,38	1148,91
666,57	1173,49
666,76	1224,69
666,95	1220,59
667,13	1275,88
667,32	1175,53
667,51	1189,87
667,69	1157,10
667,88	1157,10
668,07	1167,34
668,25	1232,88
668,44	1144,81
668,63	1220,59
668,81	1245,16
669,00	1146,86
669,19	1136,62
669,38	1214,45
669,56	1230,83
669,75	1173,49
669,94	1185,77
670,12	1191,92
670,31	1161,20
670,50	1144,81
670,68	1179,63
670,87	1140,72
671,06	1159,15
671,24	1193,97
671,43	1144,81
671,62	1236,97
671,80	1191,92
671,99	1189,87
672,18	1222,64
672,36	1169,39
672,55	1163,25
672,74	1222,64
672,92	1183,73
673,11	1134,57
673,29	1247,21
673,48	1189,87
673,67	1171,44
673,85	1241,07
674,04	1206,25
674,23	1183,73
674,41	1239,02
674,60	1224,69
674,79	1134,57
674,97	1218,54
675,16	1228,78
675,34	1294,32
675,53	1226,73
675,72	1196,01
675,90	1107,95
676,09	1200,11
676,28	1140,72
676,46	1198,06
676,65	1267,69
676,83	1167,34
677,02	1228,78
677,21	1167,34
677,39	1234,93
677,58	1228,78
677,77	1064,94
677,95	1189,87
678,14	1228,78
678,32	1142,77
678,51	1161,20
678,70	1241,07
678,88	1198,06
679,07	1130,48
679,25	1232,88
679,44	1222,64
679,63	1241,07
679,81	1218,54
680,00	1058,80
680,18	1191,92
680,37	1216,49
680,55	1204,21
680,74	1171,44
680,93	1171,44
681,11	1136,62
681,30	1245,16
681,48	1232,88
681,67	1144,81
681,85	1169,39
682,04	1204,21
682,23	1206,25
682,41	1208,30
682,60	1185,77
682,78	1263,60
682,97	1122,29
683,15	1165,29
683,34	1230,83
683,53	1243,12
683,71	1150,96
683,90	1216,49
684,08	1239,02
684,27	1193,97
684,45	1163,25
684,64	1251,31
684,82	1173,49
685,01	1191,92
685,19	1212,40
685,38	1198,06
685,57	1214,45
685,75	1210,35
685,94	1138,67
686,12	1167,34
686,31	1169,39
686,49	1175,53
686,68	1157,10
686,86	1239,02
687,05	1181,68
687,23	1105,90
687,42	1210,35
687,60	1196,01
687,79	1126,38
687,97	1165,29
688,16	1275,88
688,34	1208,30
688,53	1216,49
688,71	1191,92
688,90	1196,01
689,08	1150,96
689,27	1241,07
689,45	1236,97
689,64	1255,40
689,82	1187,82
690,01	1165,29
690,19	1163,25
690,38	1179,63
690,56	1239,02
690,75	1134,57
690,93	1198,06
691,12	1101,81
691,30	1241,07
691,49	1118,19
691,67	1181,68
691,86	1167,34
692,04	1216,49
692,23	1148,91
692,41	1202,16
692,60	1222,64
692,78	1132,53
692,97	1265,64
693,15	1220,59
693,34	1148,91
693,52	1290,22
693,71	1150,96
693,89	1230,83
694,08	1167,34
694,26	1193,97
694,44	1222,64
694,63	1163,25
694,81	1105,90
695,00	1277,93
695,18	1191,92
695,37	1222,64
695,55	1181,68
695,74	1191,92
695,92	1198,06
696,10	1232,88
696,29	1189,87
696,47	1171,44
696,66	1112,05
696,84	1253,36
697,03	1218,54
697,21	1239,02
697,40	1206,25
697,58	1224,69
697,76	1177,58
697,95	1177,58
698,13	1161,20
698,32	1091,57
698,50	1191,92
698,68	1220,59
698,87	1181,68
699,05	1167,34
699,24	1200,11
699,42	1173,49
699,61	1214,45
699,79	1241,07
699,97	1134,57
700,16	1222,64
700,34	1198,06
700,53	1273,84
700,71	1218,54
700,89	1187,82
701,08	1284,08
701,26	1175,53
701,45	1300,46
701,63	1224,69
701,81	1153,01
702,00	1173,49
702,18	1269,74
702,37	1255,40
702,55	1216,49
702,73	1181,68
702,92	1241,07
703,10	1212,40
703,28	1148,91
703,47	1191,92
703,65	1214,45
703,84	1247,21
704,02	1239,02
704,20	1165,29
704,39	1196,01
704,57	1155,05
704,75	1159,15
704,94	1230,83
705,12	1185,77
705,30	1208,30
705,49	1204,21
705,67	1273,84
705,86	1212,40
706,04	1165,29
706,22	1239,02
706,41	1230,83
706,59	1206,25
706,77	1150,96
706,96	1167,34
707,14	1216,49
707,32	1175,53
707,51	1265,64
707,69	1181,68
707,87	1212,40
708,06	1177,58
708,24	1173,49
708,42	1189,87
708,61	1138,67
708,79	1230,83
708,97	1167,34
709,16	1189,87
709,34	1214,45
709,52	1200,11
709,71	1196,01
709,89	1220,59
710,07	1167,34
710,26	1167,34
710,44	1269,74
710,62	1185,77
710,80	1150,96
710,99	1183,73
711,17	1183,73
711,35	1243,12
711,54	1146,86
711,72	1247,21
711,90	1243,12
712,09	1206,25
712,27	1175,53
712,45	1224,69
712,63	1134,57
712,82	1208,30
713,00	1251,31
713,18	1155,05
713,37	1226,73
713,55	1185,77
713,73	1175,53
713,91	1204,21
714,10	1230,83
714,28	1269,74
714,46	1181,68
714,65	1179,63
714,83	1218,54
715,01	1179,63
715,19	1191,92
715,38	1193,97
715,56	1150,96
715,74	1171,44
715,92	1259,50
716,11	1261,55
716,29	1142,77
716,47	1191,92
716,65	1167,34
716,84	1173,49
717,02	1198,06
717,20	1130,48
717,38	1329,13
717,57	1138,67
717,75	1273,84
717,93	1210,35
718,11	1157,10
718,30	1183,73
718,48	1216,49
718,66	1179,63
718,84	1200,11
719,03	1263,60
719,21	1189,87
719,39	1191,92
719,57	1146,86
719,75	1191,92
719,94	1282,03
720,12	1255,40
720,30	1210,35
720,48	1159,15
720,67	1234,93
720,85	1169,39
721,03	1202,16
721,21	1157,10
721,39	1218,54
721,58	1218,54
721,76	1216,49
721,94	1218,54
722,12	1218,54
722,30	1161,20
722,49	1263,60
722,67	1155,05
722,85	1290,22
723,03	1159,15
723,21	1198,06
723,40	1218,54
723,58	1165,29
723,76	1210,35
723,94	1189,87
724,12	1132,53
724,30	1155,05
724,49	1247,21
724,67	1187,82
724,85	1183,73
725,03	1241,07
725,21	1191,92
725,40	1243,12
725,58	1157,10
725,76	1222,64
725,94	1255,40
726,12	1202,16
726,30	1249,26
726,49	1222,64
726,67	1191,92
726,85	1224,69
727,03	1200,11
727,21	1239,02
727,39	1236,97
727,57	1249,26
727,76	1255,40
727,94	1185,77
728,12	1253,36
728,30	1265,64
728,48	1245,16
728,66	1200,11
728,84	1193,97
729,03	1181,68
729,21	1163,25
729,39	1239,02
729,57	1193,97
729,75	1224,69
729,93	1189,87
730,11	1245,16
730,30	1224,69
730,48	1167,34
730,66	1187,82
730,84	1224,69
731,02	1124,33
731,20	1136,62
731,38	1155,05
731,56	1210,35
731,74	1179,63
731,93	1263,60
732,11	1136,62
732,29	1247,21
732,47	1243,12
732,65	1210,35
732,83	1153,01
733,01	1267,69
733,19	1206,25
733,37	1241,07
733,56	1226,73
733,74	1206,25
733,92	1222,64
734,10	1181,68
734,28	1216,49
734,46	1171,44
734,64	1112,05
734,82	1208,30
735,00	1218,54
735,18	1200,11
735,36	1202,16
735,54	1179,63
735,73	1122,29
735,91	1236,97
736,09	1220,59
736,27	1181,68
736,45	1226,73
736,63	1257,45
736,81	1153,01
736,99	1232,88
737,17	1216,49
737,35	1204,21
737,53	1202,16
737,71	1153,01
737,89	1228,78
738,07	1200,11
738,25	1185,77
738,43	1220,59
738,61	1210,35
738,80	1173,49
738,98	1239,02
739,16	1216,49
739,34	1101,81
739,52	1259,50
739,70	1202,16
739,88	1224,69
740,06	1193,97
740,24	1226,73
740,42	1171,44
740,60	1239,02
740,78	1198,06
740,96	1236,97
741,14	1169,39
741,32	1214,45
741,50	1173,49
741,68	1255,40
741,86	1222,64
742,04	1191,92
742,22	1134,57
742,40	1150,96
742,58	1212,40
742,76	1204,21
742,94	1159,15
743,12	1261,55
743,30	1144,81
743,48	1259,50
743,66	1183,73
743,84	1224,69
744,02	1196,01
744,20	1187,82
744,38	1138,67
744,56	1191,92
744,74	1255,40
744,92	1142,77
745,10	1232,88
745,28	1232,88
745,46	1169,39
745,64	1239,02
745,82	1236,97
746,00	1198,06
746,18	1187,82
746,36	1167,34
746,54	1175,53
746,72	1150,96
746,90	1200,11
747,08	1196,01
747,26	1228,78
747,44	1220,59
747,62	1220,59
747,80	1171,44
747,98	1189,87
748,15	1175,53
748,33	1167,34
748,51	1175,53
748,69	1171,44
748,87	1185,77
749,05	1200,11
749,23	1212,40
749,41	1148,91
749,59	1183,73
749,77	1183,73
749,95	1163,25
750,13	1232,88
750,31	1122,29
750,49	1155,05
750,67	1114,10
750,85	1206,25
751,03	1163,25
751,20	1224,69
751,38	1155,05
751,56	1142,77
751,74	1191,92
751,92	1214,45
752,10	1265,64
752,28	1241,07
752,46	1171,44
752,64	1189,87
752,82	1200,11
753,00	1187,82
753,18	1191,92
753,35	1222,64
753,53	1175,53
753,71	1159,15
753,89	1198,06
754,07	1165,29
754,25	1069,04
754,43	1296,36
754,61	1167,34
754,79	1202,16
754,97	1202,16
755,14	1196,01
755,32	1148,91
755,50	1157,10
755,68	1181,68
755,86	1183,73
756,04	1126,38
756,22	1196,01
756,40	1243,12
756,57	1159,15
756,75	1249,26
756,93	1155,05
757,11	1245,16
757,29	1187,82
757,47	1122,29
757,65	1148,91
757,82	1226,73
758,00	1243,12
758,18	1173,49
758,36	1171,44
758,54	1243,12
758,72	1228,78
758,90	1163,25
759,07	1222,64
759,25	1228,78
759,43	1210,35
759,61	1198,06
759,79	1214,45
759,97	1251,31
760,15	1187,82
760,32	1218,54
760,50	1163,25
760,68	1167,34
760,86	1118,19
761,04	1175,53
761,22	1196,01
761,39	1234,93
761,57	1183,73
761,75	1196,01
761,93	1196,01
762,11	1189,87
762,28	1226,73
762,46	1208,30
762,64	1232,88
762,82	1220,59
763,00	1200,11
763,18	1159,15
763,35	1159,15
763,53	1236,97
763,71	1193,97
763,89	1132,53
764,07	1196,01
764,24	1157,10
764,42	1224,69
764,60	1239,02
764,78	1183,73
764,96	1220,59
765,13	1198,06
765,31	1241,07
765,49	1196,01
765,67	1220,59
765,84	1212,40
766,02	1165,29
766,20	1230,83
766,38	1222,64
766,56	1181,68
766,73	1196,01
766,91	1169,39
767,09	1181,68
767,27	1148,91
767,44	1159,15
767,62	1157,10
767,80	1208,30
767,98	1191,92
768,15	1173,49
768,33	1183,73
768,51	1261,55
768,69	1200,11
768,87	1167,34
769,04	1224,69
769,22	1228,78
769,40	1134,57
769,58	1216,49
769,75	1163,25
769,93	1136,62
770,11	1161,20
770,28	1103,86
770,46	1198,06
770,64	1200,11
770,82	1126,38
770,99	1234,93
771,17	1150,96
771,35	1206,25
771,53	1220,59
771,70	1134,57
771,88	1257,45
772,06	1253,36
772,23	1185,77
772,41	1200,11
772,59	1212,40
772,77	1243,12
772,94	1212,40
773,12	1177,58
773,30	1208,30
773,47	1239,02
773,65	1208,30
773,83	1212,40
774,01	1198,06
774,18	1224,69
774,36	1134,57
774,54	1173,49
774,71	1247,21
774,89	1167,34
775,07	1183,73
775,24	1185,77
775,42	1198,06
775,60	1185,77
775,78	1165,29
775,95	1179,63
776,13	1196,01
776,31	1196,01
776,48	1200,11
776,66	1206,25
776,84	1167,34
777,01	1165,29
777,19	1232,88
777,37	1230,83
777,54	1142,77
777,72	1173,49
777,90	1208,30
778,07	1130,48
778,25	1155,05
778,43	1239,02
778,60	1212,40
778,78	1210,35
778,96	1191,92
779,13	1243,12
779,31	1214,45
779,49	1222,64
779,66	1153,01
779,84	1200,11
780,01	1161,20
780,19	1228,78
780,37	1214,45
780,54	1210,35
780,72	1116,14
780,90	1167,34
781,07	1196,01
781,25	1251,31
781,43	1222,64
781,60	1142,77
781,78	1161,20
781,95	1140,72
782,13	1171,44
782,31	1116,14
782,48	1146,86
782,66	1177,58
782,83	1208,30
783,01	1193,97
783,19	1175,53
783,36	1249,26
783,54	1255,40
783,72	1230,83
783,89	1191,92
784,07	1265,64
784,24	1165,29
784,42	1216,49
784,60	1200,11
784,77	1208,30
784,95	1159,15
785,12	1146,86
785,30	1136,62
785,47	1193,97
785,65	1191,92
785,83	1187,82
786,00	1226,73
786,18	1191,92
786,35	1226,73
786,53	1212,40
786,71	1146,86
786,88	1212,40
787,06	1228,78
787,23	1208,30
787,41	1218,54
787,58	1200,11
787,76	1247,21
787,94	1220,59
788,11	1175,53
788,29	1165,29
788,46	1206,25
788,64	1208,30
788,81	1179,63
788,99	1179,63
789,16	1236,97
789,34	1187,82
789,52	1193,97
789,69	1191,92
789,87	1196,01
790,04	1157,10
790,22	1177,58
790,39	1230,83
790,57	1204,21
790,74	1200,11
790,92	1241,07
791,09	1210,35
791,27	1228,78
791,44	1179,63
791,62	1169,39
791,79	1206,25
791,97	1204,21
792,15	1255,40
792,32	1167,34
792,50	1144,81
792,67	1216,49
792,85	1224,69
793,02	1171,44
793,20	1193,97
793,37	1189,87
793,55	1200,11
793,72	1239,02
793,90	1150,96
794,07	1191,92
794,25	1173,49
794,42	1171,44
794,60	1253,36
794,77	1226,73
794,95	1216,49
795,12	1171,44
795,30	1226,73
795,47	1230,83
795,65	1167,34
795,82	1159,15
796,00	1247,21
796,17	1210,35
796,34	1212,40
796,52	1177,58
796,69	1253,36
796,87	1185,77
797,04	1165,29
797,22	1204,21
797,39	1177,58
797,57	1175,53
797,74	1177,58
797,92	1220,59
798,09	1214,45
798,27	1214,45
798,44	1157,10
798,62	1185,77
798,79	1165,29
798,96	1179,63
799,14	1140,72
799,31	1165,29
799,49	1241,07
799,66	1126,38
799,84	1175,53
800,01	1232,88
800,19	1181,68
800,36	1208,30
800,53	1216,49
800,71	1153,01
800,88	1234,93
801,06	1224,69
801,23	1132,53
801,41	1159,15
801,58	1200,11
801,75	1230,83
801,93	1175,53
802,10	1196,01
802,28	1222,64
802,45	1230,83
802,63	1183,73
802,80	1286,12
802,97	1224,69
803,15	1212,40
803,32	1175,53
803,50	1212,40
803,67	1212,40
803,84	1198,06
804,02	1181,68
804,19	1206,25
804,37	1134,57
804,54	1161,20
804,71	1140,72
804,89	1243,12
805,06	1257,45
805,24	1179,63
805,41	1259,50
805,58	1191,92
805,76	1179,63
805,93	1183,73
806,10	1288,17
806,28	1107,95
806,45	1236,97
806,63	1202,16
806,80	1206,25
806,97	1228,78
807,15	1165,29
807,32	1138,67
807,49	1214,45
807,67	1116,14
807,84	1273,84
808,01	1163,25
808,19	1230,83
808,36	1216,49
808,54	1216,49
808,71	1208,30
808,88	1218,54
809,06	1214,45
809,23	1251,31
809,40	1179,63
809,58	1204,21
809,75	1155,05
809,92	1232,88
810,10	1239,02
810,27	1218,54
810,44	1167,34
810,62	1245,16
810,79	1157,10
810,96	1185,77
811,14	1228,78
811,31	1107,95
811,48	1222,64
811,66	1120,24
811,83	1224,69
812,00	1206,25
812,18	1132,53
812,35	1212,40
812,52	1216,49
812,69	1218,54
812,87	1249,26
813,04	1222,64
813,21	1257,45
813,39	1183,73
813,56	1236,97
813,73	1118,19
813,91	1173,49
814,08	1230,83
814,25	1155,05
814,42	1220,59
814,60	1163,25
814,77	1208,30
814,94	1196,01
815,12	1155,05
815,29	1218,54
815,46	1218,54
815,63	1259,50
815,81	1191,92
815,98	1275,88
816,15	1191,92
816,33	1140,72
816,50	1134,57
816,67	1169,39
816,84	1181,68
817,02	1153,01
817,19	1202,16
817,36	1130,48
817,53	1183,73
817,71	1144,81
817,88	1214,45
818,05	1155,05
818,22	1181,68
818,40	1220,59
818,57	1136,62
818,74	1228,78
818,91	1220,59
819,09	1245,16
819,26	1181,68
819,43	1204,21
819,60	1189,87
819,78	1220,59
819,95	1255,40
820,12	1167,34
820,29	1208,30
820,47	1208,30
820,64	1144,81
820,81	1122,29
820,98	1085,42
821,15	1210,35
821,33	1206,25
821,50	1245,16
821,67	1232,88
821,84	1224,69
822,02	1241,07
822,19	1177,58
822,36	1263,60
822,53	1171,44
822,70	1183,73
822,88	1169,39
823,05	1202,16
823,22	1155,05
823,39	1155,05
823,56	1187,82
823,74	1216,49
823,91	1198,06
824,08	1183,73
824,25	1210,35
824,42	1296,36
824,60	1204,21
824,77	1218,54
824,94	1230,83
825,11	1255,40
825,28	1126,38
825,45	1212,40
825,63	1232,88
825,80	1189,87
825,97	1220,59
826,14	1220,59
826,31	1245,16
826,48	1189,87
826,66	1232,88
826,83	1243,12
827,00	1200,11
827,17	1179,63
827,34	1271,79
827,51	1138,67
827,69	1212,40
827,86	1179,63
828,03	1216,49
828,20	1138,67
828,37	1212,40
828,54	1157,10
828,71	1161,20
828,89	1159,15
829,06	1257,45
829,23	1216,49
829,40	1198,06
829,57	1159,15
829,74	1251,31
829,91	1191,92
830,09	1175,53
830,26	1218,54
830,43	1265,64
830,60	1228,78
830,77	1187,82
830,94	1208,30
831,11	1269,74
831,28	1216,49
831,46	1185,77
831,63	1187,82
831,80	1220,59
831,97	1228,78
832,14	1183,73
832,31	1157,10
832,48	1142,77
832,65	1210,35
832,82	1169,39
832,99	1208,30
833,17	1110,00
833,34	1236,97
833,51	1198,06
833,68	1126,38
833,85	1177,58
834,02	1230,83
834,19	1241,07
834,36	1261,55
834,53	1150,96
834,70	1183,73
834,87	1169,39
835,04	1175,53
835,22	1124,33
835,39	1198,06
835,56	1226,73
835,73	1177,58
835,90	1224,69
836,07	1218,54
836,24	1116,14
836,41	1175,53
836,58	1204,21
836,75	1193,97
836,92	1216,49
837,09	1107,95
837,26	1157,10
837,43	1210,35
837,60	1185,77
837,77	1202,16
837,94	1216,49
838,12	1232,88
838,29	1155,05
838,46	1171,44
838,63	1255,40
838,80	1279,98
838,97	1255,40
839,14	1183,73
839,31	1167,34
839,48	1208,30
839,65	1267,69
839,82	1239,02
839,99	1169,39
840,16	1189,87
840,33	1175,53
840,50	1191,92
840,67	1245,16
840,84	1077,23
841,01	1148,91
841,18	1193,97
841,35	1136,62
841,52	1189,87
841,69	1245,16
841,86	1200,11
842,03	1208,30
842,20	1206,25
842,37	1146,86
842,54	1232,88
842,71	1243,12
842,88	1210,35
843,05	1181,68
843,22	1173,49
843,39	1196,01
843,56	1200,11
843,73	1243,12
843,90	1161,20
844,07	1191,92
844,24	1222,64
844,41	1236,97
844,58	1253,36
844,75	1193,97
844,92	1230,83
845,09	1165,29
845,26	1130,48
845,43	1204,21
845,60	1245,16
845,77	1163,25
845,94	1249,26
846,10	1155,05
846,27	1191,92
846,44	1136,62
846,61	1075,18
846,78	1232,88
846,95	1345,52
847,12	1183,73
847,29	1198,06
847,46	1165,29
847,63	1155,05
847,80	1153,01
847,97	1224,69
848,14	1196,01
848,31	1175,53
848,48	1163,25
848,65	1228,78
848,82	1169,39
848,98	1245,16
849,15	1155,05
849,32	1130,48
849,49	1257,45
849,66	1142,77
849,83	1247,21
850,00	1120,24
850,17	1134,57
850,34	1150,96
850,51	1226,73
850,68	1110,00
850,85	1265,64
851,01	1191,92
851,18	1236,97
851,35	1165,29
851,52	1228,78
851,69	1212,40
851,86	1189,87
852,03	1155,05
852,20	1196,01
852,37	1183,73
852,53	1142,77
852,70	1189,87
852,87	1226,73
853,04	1185,77
853,21	1218,54
853,38	1177,58
853,55	1130,48
853,72	1196,01
853,89	1210,35
854,05	1153,01
854,22	1212,40
854,39	1284,08
854,56	1138,67
854,73	1153,01
854,90	1171,44
855,07	1200,11
855,23	1212,40
855,40	1200,11
855,57	1187,82
855,74	1183,73
855,91	1210,35
856,08	1150,96
856,25	1157,10
856,41	1208,30
856,58	1265,64
856,75	1114,10
856,92	1191,92
857,09	1249,26
857,26	1208,30
857,42	1140,72
857,59	1204,21
857,76	1206,25
857,93	1206,25
858,10	1187,82
858,27	1148,91
858,43	1118,19
858,60	1157,10
858,77	1181,68
858,94	1226,73
859,11	1257,45
859,27	1099,76
859,44	1200,11
859,61	1181,68
859,78	1241,07
859,95	1175,53
860,12	1230,83
860,28	1171,44
860,45	1228,78
860,62	1167,34
860,79	1177,58
860,95	1202,16
861,12	1212,40
861,29	1204,21
861,46	1155,05
861,63	1155,05
861,79	1273,84
861,96	1128,43
862,13	1337,32
862,30	1214,45
862,47	1140,72
862,63	1163,25
862,80	1234,93
862,97	1273,84
863,14	1200,11
863,30	1206,25
863,47	1277,93
863,64	1243,12
863,81	1269,74
863,97	1171,44
864,14	1204,21
864,31	1167,34
864,48	1177,58
864,65	1224,69
864,81	1196,01
864,98	1181,68
865,15	1224,69
865,32	1189,87
865,48	1150,96
865,65	1216,49
865,82	1114,10
865,98	1183,73
866,15	1228,78
866,32	1175,53
866,49	1241,07
866,65	1224,69
866,82	1198,06
866,99	1165,29
867,16	1228,78
867,32	1239,02
867,49	1224,69
867,66	1132,53
867,83	1230,83
867,99	1245,16
868,16	1210,35
868,33	1146,86
868,49	1191,92
868,66	1239,02
868,83	1234,93
868,99	1212,40
869,16	1200,11
869,33	1185,77
869,50	1204,21
869,66	1181,68
869,83	1206,25
870,00	1181,68
870,16	1169,39
870,33	1185,77
870,50	1146,86
870,66	1257,45
870,83	1177,58
871,00	1216,49
871,17	1171,44
871,33	1249,26
871,50	1124,33
871,67	1200,11
871,83	1179,63
872,00	1157,10
872,17	1155,05
872,33	1208,30
872,50	1183,73
872,67	1196,01
872,83	1173,49
873,00	1212,40
873,17	1134,57
873,33	1224,69
873,50	1198,06
873,67	1214,45
873,83	1175,53
874,00	1130,48
874,16	1202,16
874,33	1075,18
874,50	1249,26
874,66	1208,30
874,83	1171,44
875,00	1171,44
875,16	1202,16
875,33	1206,25
875,50	1263,60
875,66	1193,97
875,83	1228,78
875,99	1212,40
876,16	1128,43
876,33	1183,73
876,49	1144,81
876,66	1259,50
876,83	1241,07
876,99	1214,45
877,16	1163,25
877,32	1116,14
877,49	1167,34
877,66	1257,45
877,82	1183,73
877,99	1259,50
878,15	1218,54
878,32	1157,10
878,49	1220,59
878,65	1185,77
878,82	1206,25
878,98	1159,15
879,15	1208,30
879,32	1200,11
879,48	1200,11
879,65	1193,97
879,81	1232,88
879,98	1189,87
880,15	1214,45
880,31	1228,78
880,48	1157,10
880,64	1206,25
880,81	1212,40
880,97	1198,06
881,14	1130,48
881,31	1224,69
881,47	1206,25
881,64	1150,96
881,80	1239,02
881,97	1200,11
882,13	1212,40
882,30	1226,73
882,47	1208,30
882,63	1116,14
882,80	1171,44
882,96	1196,01
883,13	1189,87
883,29	1216,49
883,46	1159,15
883,62	1107,95
883,79	1171,44
883,95	1208,30
884,12	1132,53
884,29	1249,26
884,45	1257,45
884,62	1175,53
884,78	1204,21
884,95	1185,77
885,11	1247,21
885,28	1126,38
885,44	1196,01
885,61	1175,53
885,77	1214,45
885,94	1163,25
886,10	1226,73
886,27	1212,40
886,43	1142,77
886,60	1179,63
886,76	1150,96
886,93	1159,15
887,09	1171,44
887,26	1085,42
887,42	1273,84
887,59	1222,64
887,75	1239,02
887,92	1150,96
888,08	1253,36
888,25	1191,92
888,41	1198,06
888,58	1146,86
888,74	1198,06
888,91	1222,64
