177,47	1134,57
177,69	1134,57
177,91	1134,57
178,13	1118,19
178,36	1191,92
178,58	1234,93
178,80	1220,59
179,02	1187,82
179,24	1198,06
179,46	1196,01
179,68	1130,48
179,90	1167,34
180,13	1185,77
180,35	1132,53
180,57	1161,20
180,79	1243,12
181,01	1157,10
181,23	1228,78
181,45	1159,15
181,67	1228,78
181,90	1171,44
182,12	1187,82
182,34	1134,57
182,56	1247,21
182,78	1183,73
183,00	1124,33
183,22	1249,26
183,44	1159,15
183,66	1251,31
183,89	1173,49
184,11	1179,63
184,33	1202,16
184,55	1206,25
184,77	1196,01
184,99	1167,34
185,21	1232,88
185,43	1222,64
185,65	1284,08
185,87	1200,11
186,10	1189,87
186,32	1236,97
186,54	1146,86
186,76	1167,34
186,98	1155,05
187,20	1136,62
187,42	1181,68
187,64	1236,97
187,86	1142,77
188,08	1204,21
188,30	1167,34
188,52	1222,64
188,75	1157,10
188,97	1259,50
189,19	1191,92
189,41	1155,05
189,63	1161,20
189,85	1144,81
190,07	1175,53
190,29	1191,92
190,51	1155,05
190,73	1216,49
190,95	1222,64
191,17	1196,01
191,39	1216,49
191,61	1265,64
191,84	1116,14
192,06	1222,64
192,28	1196,01
192,50	1216,49
192,72	1187,82
192,94	1232,88
193,16	1241,07
193,38	1261,55
193,60	1232,88
193,82	1206,25
194,04	1173,49
194,26	1222,64
194,48	1196,01
194,70	1163,25
194,92	1294,32
195,14	1263,60
195,36	1202,16
195,58	1265,64
195,80	1241,07
196,02	1245,16
196,24	1185,77
196,46	1193,97
196,69	1183,73
196,91	1216,49
197,13	1200,11
197,35	1155,05
197,57	1220,59
197,79	1220,59
198,01	1222,64
198,23	1243,12
198,45	1163,25
198,67	1173,49
198,89	1161,20
199,11	1208,30
199,33	1171,44
199,55	1208,30
199,77	1228,78
199,99	1157,10
200,21	1253,36
200,43	1175,53
200,65	1161,20
200,87	1247,21
201,09	1187,82
201,31	1140,72
201,53	1171,44
201,75	1224,69
201,97	1175,53
202,19	1200,11
202,41	1228,78
202,63	1175,53
202,85	1212,40
203,07	1179,63
203,29	1210,35
203,51	1191,92
203,73	1181,68
203,95	1181,68
204,17	1189,87
204,39	1241,07
204,61	1267,69
204,83	1157,10
205,05	1230,83
205,27	1189,87
205,49	1212,40
205,71	1114,10
205,93	1159,15
206,15	1173,49
206,37	1210,35
206,59	1089,52
206,81	1226,73
207,03	1210,35
207,25	1089,52
207,47	1241,07
207,69	1224,69
207,91	1206,25
208,13	1181,68
208,34	1196,01
208,56	1222,64
208,78	1177,58
209,00	1153,01
209,22	1200,11
209,44	1232,88
209,66	1226,73
209,88	1204,21
210,10	1196,01
210,32	1173,49
210,54	1171,44
210,76	1155,05
210,98	1157,10
211,20	1253,36
211,42	1232,88
211,64	1163,25
211,86	1224,69
212,08	1204,21
212,30	1198,06
212,52	1116,14
212,74	1251,31
212,96	1204,21
213,17	1204,21
213,39	1216,49
213,61	1236,97
213,83	1142,77
214,05	1146,86
214,27	1148,91
214,49	1210,35
214,71	1271,79
214,93	1245,16
215,15	1130,48
215,37	1187,82
215,59	1146,86
215,81	1181,68
216,03	1132,53
216,24	1167,34
216,46	1228,78
216,68	1153,01
216,90	1161,20
217,12	1247,21
217,34	1167,34
217,56	1183,73
217,78	1187,82
218,00	1249,26
218,22	1204,21
218,44	1243,12
218,66	1167,34
218,87	1144,81
219,09	1212,40
219,31	1200,11
219,53	1124,33
219,75	1179,63
219,97	1175,53
220,19	1198,06
220,41	1157,10
220,63	1150,96
220,85	1247,21
221,06	1167,34
221,28	1191,92
221,50	1214,45
221,72	1216,49
221,94	1210,35
222,16	1173,49
222,38	1206,25
222,60	1220,59
222,82	1169,39
223,03	1153,01
223,25	1251,31
223,47	1110,00
223,69	1273,84
223,91	1189,87
224,13	1218,54
224,35	1202,16
224,57	1161,20
224,78	1169,39
225,00	1220,59
225,22	1171,44
225,44	1222,64
225,66	1249,26
225,88	1185,77
226,10	1191,92
226,32	1101,81
226,53	1191,92
226,75	1247,21
226,97	1208,30
227,19	1183,73
227,41	1177,58
227,63	1118,19
227,85	1193,97
228,06	1167,34
228,28	1165,29
228,50	1226,73
228,72	1181,68
228,94	1159,15
229,16	1228,78
229,37	1191,92
229,59	1202,16
229,81	1279,98
230,03	1222,64
230,25	1222,64
230,47	1167,34
230,69	1234,93
230,90	1167,34
231,12	1193,97
231,34	1153,01
231,56	1196,01
231,78	1173,49
232,00	1148,91
232,21	1249,26
232,43	1198,06
232,65	1165,29
232,87	1222,64
233,09	1128,43
233,30	1224,69
233,52	1185,77
233,74	1222,64
233,96	1251,31
234,18	1163,25
234,40	1255,40
234,61	1236,97
234,83	1253,36
235,05	1224,69
235,27	1189,87
235,49	1150,96
235,70	1198,06
235,92	1288,17
236,14	1167,34
236,36	1173,49
236,58	1232,88
236,79	1216,49
237,01	1187,82
237,23	1226,73
237,45	1249,26
237,67	1118,19
237,88	1179,63
238,10	1208,30
238,32	1167,34
238,54	1212,40
238,76	1124,33
238,97	1187,82
239,19	1146,86
239,41	1198,06
239,63	1193,97
239,85	1177,58
240,06	1193,97
240,28	1265,64
240,50	1181,68
240,72	1214,45
240,93	1169,39
241,15	1161,20
241,37	1173,49
241,59	1142,77
241,81	1204,21
242,02	1173,49
242,24	1163,25
242,46	1220,59
242,68	1245,16
242,89	1220,59
243,11	1200,11
243,33	1140,72
243,55	1153,01
243,76	1212,40
243,98	1093,62
244,20	1200,11
244,42	1196,01
244,64	1175,53
244,85	1212,40
245,07	1275,88
245,29	1224,69
245,51	1236,97
245,72	1169,39
245,94	1173,49
246,16	1167,34
246,38	1216,49
246,59	1153,01
246,81	1185,77
247,03	1216,49
247,24	1189,87
247,46	1183,73
247,68	1230,83
247,90	1157,10
248,11	1263,60
248,33	1249,26
248,55	1155,05
248,77	1132,53
248,98	1161,20
249,20	1185,77
249,42	1153,01
249,64	1206,25
249,85	1239,02
250,07	1253,36
250,29	1179,63
250,50	1218,54
250,72	1206,25
250,94	1120,24
251,16	1189,87
251,37	1224,69
251,59	1169,39
251,81	1208,30
252,02	1269,74
252,24	1206,25
252,46	1222,64
252,68	1179,63
252,89	1165,29
253,11	1255,40
253,33	1175,53
253,54	1183,73
253,76	1224,69
253,98	1230,83
254,20	1165,29
254,41	1124,33
254,63	1146,86
254,85	1175,53
255,06	1216,49
255,28	1191,92
255,50	1239,02
255,71	1179,63
255,93	1208,30
256,15	1159,15
256,36	1214,45
256,58	1208,30
256,80	1198,06
257,02	1216,49
257,23	1196,01
257,45	1267,69
257,67	1220,59
257,88	1230,83
258,10	1134,57
258,32	1148,91
258,53	1230,83
258,75	1181,68
258,97	1214,45
259,18	1193,97
259,40	1253,36
259,62	1239,02
259,83	1175,53
260,05	1271,79
260,27	1210,35
260,48	1187,82
260,70	1189,87
260,92	1208,30
261,13	1265,64
261,35	1206,25
261,57	1245,16
261,78	1216,49
262,00	1202,16
262,22	1216,49
262,43	1200,11
262,65	1220,59
262,86	1243,12
263,08	1200,11
263,30	1175,53
263,51	1259,50
263,73	1218,54
263,95	1157,10
264,16	1169,39
264,38	1171,44
264,60	1282,03
264,81	1202,16
265,03	1202,16
265,25	1189,87
265,46	1165,29
265,68	1241,07
265,89	1150,96
266,11	1169,39
266,33	1206,25
266,54	1148,91
266,76	1226,73
266,98	1273,84
267,19	1210,35
267,41	1179,63
267,62	1224,69
267,84	1239,02
268,06	1183,73
268,27	1173,49
268,49	1208,30
268,70	1230,83
268,92	1261,55
269,14	1185,77
269,35	1179,63
269,57	1183,73
269,79	1200,11
270,00	1167,34
270,22	1155,05
270,43	1189,87
270,65	1193,97
270,87	1146,86
271,08	1224,69
271,30	1261,55
271,51	1177,58
271,73	1218,54
271,95	1204,21
272,16	1282,03
272,38	1255,40
272,59	1179,63
272,81	1232,88
273,02	1171,44
273,24	1212,40
273,46	1212,40
273,67	1214,45
273,89	1175,53
274,10	1191,92
274,32	1165,29
274,54	1148,91
274,75	1218,54
274,97	1167,34
275,18	1148,91
275,40	1198,06
275,61	1167,34
275,83	1224,69
276,05	1105,90
276,26	1214,45
276,48	1257,45
276,69	1191,92
276,91	1169,39
277,12	1202,16
277,34	1128,43
277,55	1175,53
277,77	1165,29
277,99	1204,21
278,20	1234,93
278,42	1232,88
278,63	1198,06
278,85	1236,97
279,06	1245,16
279,28	1110,00
279,49	1302,51
279,71	1171,44
279,93	1236,97
280,14	1224,69
280,36	1249,26
280,57	1187,82
280,79	1234,93
281,00	1236,97
281,22	1142,77
281,43	1202,16
281,65	1206,25
281,86	1173,49
282,08	1153,01
282,29	1183,73
282,51	1202,16
282,73	1187,82
282,94	1161,20
283,16	1144,81
283,37	1140,72
283,59	1245,16
283,80	1208,30
284,02	1161,20
284,23	1196,01
284,45	1200,11
284,66	1126,38
284,88	1161,20
285,09	1142,77
285,31	1189,87
285,52	1161,20
285,74	1230,83
285,95	1169,39
286,17	1241,07
286,38	1200,11
286,60	1165,29
286,81	1243,12
287,03	1175,53
287,24	1138,67
287,46	1282,03
287,67	1191,92
287,89	1257,45
288,10	1218,54
288,32	1198,06
288,53	1212,40
288,75	1212,40
288,96	1210,35
289,18	1157,10
289,39	1140,72
289,61	1204,21
289,82	1239,02
290,04	1167,34
290,25	1206,25
290,47	1241,07
290,68	1171,44
290,90	1236,97
291,11	1220,59
291,33	1189,87
291,54	1196,01
291,76	1249,26
291,97	1183,73
292,18	1116,14
292,40	1247,21
292,61	1179,63
292,83	1210,35
293,04	1167,34
293,26	1206,25
293,47	1171,44
293,69	1144,81
293,90	1191,92
294,12	1189,87
294,33	1181,68
294,55	1173,49
294,76	1247,21
294,97	1241,07
295,19	1193,97
295,40	1138,67
295,62	1243,12
295,83	1212,40
296,05	1177,58
296,26	1228,78
296,48	1226,73
296,69	1202,16
296,90	1167,34
297,12	1222,64
297,33	1249,26
297,55	1144,81
297,76	1216,49
297,98	1236,97
298,19	1167,34
298,41	1198,06
298,62	1206,25
298,83	1161,20
299,05	1220,59
299,26	1187,82
299,48	1181,68
299,69	1138,67
299,90	1196,01
300,12	1167,34
300,33	1259,50
300,55	1216,49
300,76	1204,21
300,98	1204,21
301,19	1165,29
301,40	1130,48
301,62	1257,45
301,83	1189,87
302,05	1241,07
302,26	1216,49
302,47	1165,29
302,69	1236,97
302,90	1175,53
303,12	1222,64
303,33	1216,49
303,54	1163,25
303,76	1216,49
303,97	1230,83
304,19	1157,10
304,40	1179,63
304,61	1259,50
304,83	1230,83
305,04	1193,97
305,26	1173,49
305,47	1247,21
305,68	1179,63
305,90	1157,10
306,11	1226,73
306,33	1187,82
306,54	1202,16
306,75	1163,25
306,97	1212,40
307,18	1232,88
307,39	1175,53
307,61	1230,83
307,82	1214,45
308,04	1216,49
308,25	1167,34
308,46	1163,25
308,68	1191,92
308,89	1241,07
309,10	1189,87
309,32	1165,29
309,53	1116,14
309,74	1275,88
309,96	1177,58
310,17	1165,29
310,39	1116,14
310,60	1179,63
310,81	1224,69
311,03	1222,64
311,24	1140,72
311,45	1228,78
311,67	1206,25
311,88	1236,97
312,09	1202,16
312,31	1159,15
312,52	1155,05
312,73	1148,91
312,95	1218,54
313,16	1124,33
313,37	1216,49
313,59	1165,29
313,80	1191,92
314,01	1220,59
314,23	1103,86
314,44	1167,34
314,65	1173,49
314,87	1191,92
315,08	1196,01
315,29	1234,93
315,51	1157,10
315,72	1247,21
315,93	1167,34
316,15	1257,45
316,36	1163,25
316,57	1208,30
316,79	1169,39
317,00	1226,73
317,21	1226,73
317,43	1226,73
317,64	1224,69
317,85	1171,44
318,07	1210,35
318,28	1200,11
318,49	1193,97
318,70	1239,02
318,92	1275,88
319,13	1228,78
319,34	1185,77
319,56	1214,45
319,77	1245,16
319,98	1245,16
320,20	1198,06
320,41	1253,36
320,62	1175,53
320,83	1193,97
321,05	1155,05
321,26	1167,34
321,47	1196,01
321,69	1155,05
321,90	1118,19
322,11	1222,64
322,32	1159,15
322,54	1271,79
322,75	1302,51
322,96	1267,69
323,18	1202,16
323,39	1220,59
323,60	1257,45
323,81	1189,87
324,03	1230,83
324,24	1224,69
324,45	1232,88
324,66	1175,53
324,88	1251,31
325,09	1218,54
325,30	1126,38
325,52	1234,93
325,73	1183,73
325,94	1181,68
326,15	1167,34
326,37	1150,96
326,58	1134,57
326,79	1230,83
327,00	1218,54
327,22	1204,21
327,43	1138,67
327,64	1193,97
327,85	1183,73
328,07	1155,05
328,28	1224,69
328,49	1241,07
328,70	1169,39
328,92	1265,64
329,13	1183,73
329,34	1183,73
329,55	1234,93
329,76	1265,64
329,98	1140,72
330,19	1208,30
330,40	1298,41
330,61	1251,31
330,83	1273,84
331,04	1193,97
331,25	1275,88
331,46	1193,97
331,68	1181,68
331,89	1259,50
332,10	1173,49
332,31	1185,77
332,52	1202,16
332,74	1243,12
332,95	1155,05
333,16	1175,53
333,37	1187,82
333,58	1124,33
333,80	1144,81
334,01	1130,48
334,22	1134,57
334,43	1187,82
334,64	1175,53
334,86	1173,49
335,07	1239,02
335,28	1157,10
335,49	1224,69
335,70	1230,83
335,92	1224,69
336,13	1136,62
336,34	1224,69
336,55	1208,30
336,76	1122,29
336,98	1159,15
337,19	1208,30
337,40	1212,40
337,61	1175,53
337,82	1175,53
338,04	1239,02
338,25	1193,97
338,46	1214,45
338,67	1150,96
338,88	1122,29
339,09	1253,36
339,31	1218,54
339,52	1206,25
339,73	1128,43
339,94	1230,83
340,15	1187,82
340,36	1198,06
340,58	1196,01
340,79	1124,33
341,00	1146,86
341,21	1173,49
341,42	1187,82
341,63	1271,79
341,85	1204,21
342,06	1187,82
342,27	1134,57
342,48	1224,69
342,69	1163,25
342,90	1126,38
343,12	1228,78
343,33	1263,60
343,54	1189,87
343,75	1177,58
343,96	1157,10
344,17	1140,72
344,38	1243,12
344,60	1230,83
344,81	1206,25
345,02	1181,68
345,23	1173,49
345,44	1191,92
345,65	1271,79
345,86	1230,83
346,07	1204,21
346,29	1245,16
346,50	1255,40
346,71	1216,49
346,92	1181,68
347,13	1202,16
347,34	1226,73
347,55	1226,73
347,76	1126,38
347,98	1273,84
348,19	1179,63
348,40	1230,83
348,61	1189,87
348,82	1196,01
349,03	1232,88
349,24	1204,21
349,45	1208,30
349,66	1202,16
349,88	1181,68
350,09	1232,88
350,30	1202,16
350,51	1230,83
350,72	1216,49
350,93	1200,11
351,14	1118,19
351,35	1187,82
351,56	1249,26
351,77	1224,69
351,99	1150,96
352,20	1155,05
352,41	1218,54
352,62	1163,25
352,83	1265,64
353,04	1228,78
353,25	1200,11
353,46	1169,39
353,67	1259,50
353,88	1173,49
354,09	1261,55
354,30	1206,25
354,52	1204,21
354,73	1150,96
354,94	1206,25
355,15	1228,78
355,36	1181,68
355,57	1220,59
355,78	1218,54
355,99	1202,16
356,20	1175,53
356,41	1210,35
356,62	1200,11
356,83	1210,35
357,04	1232,88
357,25	1218,54
357,46	1239,02
357,68	1179,63
357,89	1263,60
358,10	1179,63
358,31	1230,83
358,52	1175,53
358,73	1157,10
358,94	1173,49
359,15	1232,88
359,36	1177,58
359,57	1245,16
359,78	1253,36
359,99	1239,02
360,20	1226,73
360,41	1150,96
360,62	1200,11
360,83	1191,92
361,04	1226,73
361,25	1245,16
361,46	1220,59
361,67	1208,30
361,88	1146,86
362,09	1212,40
362,30	1214,45
362,51	1150,96
362,72	1181,68
362,93	1153,01
363,14	1179,63
363,35	1167,34
363,56	1124,33
363,78	1269,74
363,99	1161,20
364,20	1185,77
364,41	1277,93
364,62	1214,45
364,83	1208,30
365,04	1138,67
365,25	1230,83
365,46	1163,25
365,67	1273,84
365,88	1243,12
366,09	1228,78
366,30	1210,35
366,51	1216,49
366,72	1196,01
366,93	1245,16
367,14	1212,40
367,35	1173,49
367,56	1234,93
367,77	1198,06
367,98	1173,49
368,18	1216,49
368,39	1191,92
368,60	1110,00
368,81	1155,05
369,02	1212,40
369,23	1134,57
369,44	1191,92
369,65	1167,34
369,86	1165,29
370,07	1206,25
370,28	1200,11
370,49	1302,51
370,70	1232,88
370,91	1191,92
371,12	1181,68
371,33	1206,25
371,54	1191,92
371,75	1249,26
371,96	1247,21
372,17	1132,53
372,38	1230,83
372,59	1208,30
372,80	1183,73
373,01	1114,10
373,22	1202,16
373,43	1206,25
373,64	1239,02
373,85	1150,96
374,06	1177,58
374,26	1214,45
374,47	1265,64
374,68	1243,12
374,89	1257,45
375,10	1175,53
375,31	1187,82
375,52	1200,11
375,73	1216,49
375,94	1118,19
376,15	1189,87
376,36	1196,01
376,57	1183,73
376,78	1169,39
376,99	1218,54
377,20	1212,40
377,40	1232,88
377,61	1216,49
377,82	1259,50
378,03	1249,26
378,24	1181,68
378,45	1196,01
378,66	1214,45
378,87	1132,53
379,08	1159,15
379,29	1210,35
379,50	1187,82
379,71	1251,31
379,91	1163,25
380,12	1183,73
380,33	1196,01
380,54	1236,97
380,75	1204,21
380,96	1226,73
381,17	1226,73
381,38	1214,45
381,59	1187,82
381,80	1138,67
382,00	1226,73
382,21	1118,19
382,42	1161,20
382,63	1183,73
382,84	1171,44
383,05	1208,30
383,26	1177,58
383,47	1210,35
383,68	1177,58
383,88	1236,97
384,09	1130,48
384,30	1218,54
384,51	1130,48
384,72	1142,77
384,93	1230,83
385,14	1216,49
385,35	1261,55
385,55	1150,96
385,76	1146,86
385,97	1212,40
386,18	1171,44
386,39	1187,82
386,60	1206,25
386,81	1206,25
387,02	1091,57
387,22	1181,68
387,43	1130,48
387,64	1241,07
387,85	1191,92
388,06	1167,34
388,27	1171,44
388,48	1202,16
388,68	1271,79
388,89	1150,96
389,10	1222,64
389,31	1212,40
389,52	1177,58
389,73	1255,40
389,93	1208,30
390,14	1226,73
390,35	1132,53
390,56	1169,39
390,77	1157,10
390,98	1171,44
391,18	1208,30
391,39	1157,10
391,60	1255,40
391,81	1130,48
392,02	1189,87
392,23	1224,69
392,43	1282,03
392,64	1159,15
392,85	1206,25
393,06	1212,40
393,27	1175,53
393,47	1224,69
393,68	1187,82
393,89	1091,57
394,10	1212,40
394,31	1191,92
394,52	1259,50
394,72	1271,79
394,93	1204,21
395,14	1185,77
395,35	1232,88
395,56	1216,49
395,76	1224,69
395,97	1085,42
396,18	1165,29
396,39	1216,49
396,60	1222,64
396,80	1206,25
397,01	1155,05
397,22	1198,06
397,43	1257,45
397,64	1175,53
397,84	1222,64
398,05	1216,49
398,26	1239,02
398,47	1196,01
398,67	1212,40
398,88	1171,44
399,09	1198,06
399,30	1204,21
399,51	1198,06
399,71	1191,92
399,92	1230,83
400,13	1185,77
400,34	1183,73
400,54	1128,43
400,75	1191,92
400,96	1189,87
401,17	1142,77
401,37	1216,49
401,58	1206,25
401,79	1191,92
402,00	1161,20
402,21	1202,16
402,41	1153,01
402,62	1218,54
402,83	1224,69
403,04	1167,34
403,24	1218,54
403,45	1224,69
403,66	1189,87
403,87	1208,30
404,07	1142,77
404,28	1155,05
404,49	1224,69
404,70	1245,16
404,90	1146,86
405,11	1183,73
405,32	1189,87
405,52	1196,01
405,73	1232,88
405,94	1241,07
406,15	1273,84
406,35	1165,29
406,56	1224,69
406,77	1202,16
406,98	1200,11
407,18	1198,06
407,39	1212,40
407,60	1204,21
407,80	1206,25
408,01	1228,78
408,22	1216,49
408,43	1236,97
408,63	1210,35
408,84	1150,96
409,05	1224,69
409,25	1175,53
409,46	1241,07
409,67	1216,49
409,88	1185,77
410,08	1118,19
410,29	1234,93
410,50	1234,93
410,70	1216,49
410,91	1259,50
411,12	1263,60
411,32	1236,97
411,53	1167,34
411,74	1220,59
411,95	1173,49
412,15	1193,97
412,36	1214,45
412,57	1236,97
412,77	1255,40
412,98	1165,29
413,19	1284,08
413,39	1216,49
413,60	1216,49
413,81	1234,93
414,01	1179,63
414,22	1116,14
414,43	1183,73
414,63	1114,10
414,84	1204,21
415,05	1214,45
415,25	1150,96
415,46	1214,45
415,67	1273,84
415,87	1167,34
416,08	1214,45
416,29	1228,78
416,49	1245,16
416,70	1187,82
416,91	1200,11
417,11	1245,16
417,32	1228,78
417,53	1122,29
417,73	1282,03
417,94	1122,29
418,15	1165,29
418,35	1130,48
418,56	1196,01
418,77	1224,69
418,97	1222,64
419,18	1173,49
419,38	1189,87
419,59	1208,30
419,80	1173,49
420,00	1212,40
420,21	1157,10
420,42	1191,92
420,62	1193,97
420,83	1183,73
421,04	1232,88
421,24	1236,97
421,45	1181,68
421,65	1267,69
421,86	1200,11
422,07	1130,48
422,27	1286,12
422,48	1148,91
422,69	1214,45
422,89	1142,77
423,10	1212,40
423,30	1239,02
423,51	1277,93
423,72	1224,69
423,92	1249,26
424,13	1222,64
424,33	1185,77
424,54	1208,30
424,75	1183,73
424,95	1165,29
425,16	1200,11
425,36	1236,97
425,57	1181,68
425,78	1148,91
425,98	1146,86
426,19	1220,59
426,39	1226,73
426,60	1204,21
426,81	1236,97
427,01	1128,43
427,22	1171,44
427,42	1189,87
427,63	1236,97
427,83	1155,05
428,04	1198,06
428,25	1167,34
428,45	1210,35
428,66	1200,11
428,86	1200,11
429,07	1155,05
429,28	1265,64
429,48	1216,49
429,69	1220,59
429,89	1261,55
430,10	1163,25
430,30	1185,77
430,51	1216,49
430,71	1171,44
430,92	1220,59
431,13	1206,25
431,33	1187,82
431,54	1216,49
431,74	1249,26
431,95	1144,81
432,15	1216,49
432,36	1198,06
432,56	1191,92
432,77	1161,20
432,98	1183,73
433,18	1191,92
433,39	1185,77
433,59	1189,87
433,80	1226,73
434,00	1191,92
434,21	1220,59
434,41	1140,72
434,62	1142,77
434,82	1185,77
435,03	1198,06
435,23	1202,16
435,44	1183,73
435,64	1191,92
435,85	1245,16
436,06	1165,29
436,26	1247,21
436,47	1255,40
436,67	1142,77
436,88	1138,67
437,08	1196,01
437,29	1241,07
437,49	1259,50
437,70	1253,36
437,90	1169,39
438,11	1245,16
438,31	1150,96
438,52	1159,15
438,72	1208,30
438,93	1120,24
439,13	1183,73
439,34	1239,02
439,54	1249,26
439,75	1216,49
439,95	1169,39
440,16	1175,53
440,36	1112,05
440,57	1220,59
440,77	1171,44
440,98	1159,15
441,18	1255,40
441,39	1200,11
441,59	1173,49
441,80	1230,83
442,00	1255,40
442,21	1241,07
442,41	1206,25
442,62	1245,16
442,82	1239,02
443,02	1173,49
443,23	1191,92
443,43	1243,12
443,64	1138,67
443,84	1198,06
444,05	1234,93
444,25	1257,45
444,46	1167,34
444,66	1196,01
444,87	1198,06
445,07	1216,49
445,28	1189,87
445,48	1224,69
445,69	1216,49
445,89	1204,21
446,09	1146,86
446,30	1253,36
446,50	1126,38
446,71	1148,91
446,91	1236,97
447,12	1124,33
447,32	1220,59
447,53	1179,63
447,73	1249,26
447,93	1212,40
448,14	1155,05
448,34	1150,96
448,55	1245,16
448,75	1230,83
448,96	1179,63
449,16	1181,68
449,36	1202,16
449,57	1271,79
449,77	1230,83
449,98	1185,77
450,18	1204,21
450,39	1239,02
450,59	1196,01
450,79	1185,77
451,00	1241,07
451,20	1198,06
451,41	1193,97
451,61	1116,14
451,81	1191,92
452,02	1202,16
452,22	1167,34
452,43	1153,01
452,63	1204,21
452,84	1187,82
453,04	1177,58
453,24	1206,25
453,45	1226,73
453,65	1126,38
453,86	1087,47
454,06	1202,16
454,26	1179,63
454,47	1210,35
454,67	1191,92
454,87	1187,82
455,08	1198,06
455,28	1234,93
455,49	1212,40
455,69	1206,25
455,89	1216,49
456,10	1214,45
456,30	1224,69
456,51	1167,34
456,71	1249,26
456,91	1185,77
457,12	1226,73
457,32	1159,15
457,52	1277,93
457,73	1208,30
457,93	1163,25
458,14	1153,01
458,34	1214,45
458,54	1222,64
458,75	1183,73
458,95	1218,54
459,15	1163,25
459,36	1181,68
459,56	1251,31
459,76	1155,05
459,97	1220,59
460,17	1185,77
460,37	1216,49
460,58	1189,87
460,78	1173,49
460,99	1167,34
461,19	1257,45
461,39	1136,62
461,60	1230,83
461,80	1171,44
462,00	1224,69
462,21	1155,05
462,41	1234,93
462,61	1224,69
462,82	1241,07
463,02	1153,01
463,22	1146,86
463,43	1163,25
463,63	1243,12
463,83	1112,05
464,04	1241,07
464,24	1161,20
464,44	1183,73
464,64	1198,06
464,85	1210,35
465,05	1163,25
465,25	1175,53
465,46	1212,40
465,66	1142,77
465,86	1216,49
466,07	1232,88
466,27	1148,91
466,47	1163,25
466,68	1120,24
466,88	1243,12
467,08	1200,11
467,29	1140,72
467,49	1259,50
467,69	1224,69
467,89	1239,02
468,10	1204,21
468,30	1187,82
468,50	1175,53
468,71	1214,45
468,91	1161,20
469,11	1187,82
469,31	1204,21
469,52	1198,06
469,72	1193,97
469,92	1187,82
470,13	1208,30
470,33	1165,29
470,53	1167,34
470,73	1202,16
470,94	1157,10
471,14	1208,30
471,34	1175,53
471,54	1263,60
471,75	1249,26
471,95	1275,88
472,15	1241,07
472,36	1204,21
472,56	1146,86
472,76	1241,07
472,96	1179,63
473,17	1245,16
473,37	1155,05
473,57	1236,97
473,77	1241,07
473,98	1212,40
474,18	1171,44
474,38	1265,64
474,58	1163,25
474,79	1202,16
474,99	1255,40
475,19	1216,49
475,39	1148,91
475,60	1173,49
475,80	1234,93
476,00	1181,68
476,20	1136,62
476,41	1230,83
476,61	1212,40
476,81	1161,20
477,01	1183,73
477,21	1163,25
477,42	1185,77
477,62	1163,25
477,82	1239,02
478,02	1165,29
478,23	1198,06
478,43	1187,82
478,63	1142,77
478,83	1134,57
479,03	1142,77
479,24	1224,69
479,44	1216,49
479,64	1234,93
479,84	1144,81
480,04	1228,78
480,25	1218,54
480,45	1114,10
480,65	1150,96
480,85	1173,49
481,06	1187,82
481,26	1228,78
481,46	1150,96
481,66	1198,06
481,86	1206,25
482,06	1198,06
482,27	1288,17
482,47	1159,15
482,67	1191,92
482,87	1206,25
483,07	1202,16
483,28	1179,63
483,48	1177,58
483,68	1214,45
483,88	1230,83
484,08	1140,72
484,29	1189,87
484,49	1181,68
484,69	1208,30
484,89	1222,64
485,09	1210,35
485,29	1214,45
485,50	1159,15
485,70	1196,01
485,90	1212,40
486,10	1161,20
486,30	1220,59
486,50	1187,82
486,71	1193,97
486,91	1181,68
487,11	1255,40
487,31	1185,77
487,51	1265,64
487,71	1200,11
487,91	1275,88
488,12	1204,21
488,32	1200,11
488,52	1142,77
488,72	1167,34
488,92	1224,69
489,12	1208,30
489,32	1216,49
489,53	1228,78
489,73	1177,58
489,93	1200,11
490,13	1150,96
490,33	1126,38
490,53	1198,06
490,73	1200,11
490,94	1177,58
491,14	1204,21
491,34	1265,64
491,54	1150,96
491,74	1171,44
491,94	1298,41
492,14	1181,68
492,34	1120,24
492,54	1185,77
492,75	1212,40
492,95	1177,58
493,15	1206,25
493,35	1183,73
493,55	1163,25
493,75	1187,82
493,95	1146,86
494,15	1222,64
494,35	1243,12
494,56	1222,64
494,76	1187,82
494,96	1210,35
495,16	1191,92
495,36	1165,29
495,56	1150,96
495,76	1200,11
495,96	1247,21
496,16	1236,97
496,36	1159,15
496,56	1169,39
496,77	1146,86
496,97	1165,29
497,17	1187,82
497,37	1157,10
497,57	1222,64
497,77	1230,83
497,97	1236,97
498,17	1261,55
498,37	1167,34
498,57	1196,01
498,77	1290,22
498,97	1148,91
499,17	1251,31
499,38	1196,01
499,58	1306,60
499,78	1232,88
499,98	1157,10
500,18	1171,44
500,38	1200,11
500,58	1222,64
500,78	1249,26
500,98	1222,64
501,18	1220,59
501,38	1175,53
501,58	1206,25
501,78	1263,60
501,98	1241,07
502,18	1165,29
502,38	1206,25
502,58	1241,07
502,78	1042,42
502,98	1179,63
503,18	1191,92
503,38	1191,92
503,59	1208,30
503,79	1208,30
503,99	1189,87
504,19	1273,84
504,39	1247,21
504,59	1226,73
504,79	1185,77
504,99	1257,45
505,19	1134,57
505,39	1167,34
505,59	1243,12
505,79	1249,26
505,99	1163,25
506,19	1224,69
506,39	1191,92
506,59	1198,06
506,79	1200,11
506,99	1210,35
507,19	1202,16
507,39	1193,97
507,59	1167,34
507,79	1146,86
507,99	1220,59
508,19	1214,45
508,39	1173,49
508,59	1130,48
508,79	1177,58
508,99	1243,12
509,19	1142,77
509,39	1153,01
509,59	1210,35
509,79	1150,96
509,99	1165,29
510,19	1284,08
510,39	1116,14
510,59	1249,26
510,79	1228,78
510,99	1232,88
511,19	1177,58
511,39	1263,60
511,59	1189,87
511,79	1204,21
511,99	1204,21
512,19	1179,63
512,38	1191,92
512,58	1290,22
512,78	1210,35
512,98	1212,40
513,18	1191,92
513,38	1167,34
513,58	1241,07
513,78	1202,16
513,98	1228,78
514,18	1179,63
514,38	1259,50
514,58	1155,05
514,78	1196,01
514,98	1241,07
515,18	1191,92
515,38	1218,54
515,58	1267,69
515,78	1232,88
515,98	1284,08
516,18	1167,34
516,38	1239,02
516,57	1202,16
516,77	1216,49
516,97	1220,59
517,17	1189,87
517,37	1118,19
517,57	1134,57
517,77	1130,48
517,97	1134,57
518,17	1187,82
518,37	1175,53
518,57	1146,86
518,77	1171,44
518,97	1196,01
519,16	1202,16
519,36	1198,06
519,56	1232,88
519,76	1140,72
519,96	1177,58
520,16	1173,49
520,36	1255,40
520,56	1187,82
520,76	1159,15
520,96	1132,53
521,16	1265,64
521,35	1163,25
521,55	1304,56
521,75	1132,53
521,95	1230,83
522,15	1185,77
522,35	1144,81
522,55	1191,92
522,75	1249,26
522,95	1185,77
523,14	1181,68
523,34	1157,10
523,54	1204,21
523,74	1165,29
523,94	1216,49
524,14	1226,73
524,34	1255,40
524,54	1155,05
524,73	1173,49
524,93	1200,11
525,13	1232,88
525,33	1198,06
525,53	1161,20
525,73	1193,97
525,93	1161,20
526,13	1187,82
526,32	1234,93
526,52	1290,22
526,72	1232,88
526,92	1126,38
527,12	1232,88
527,32	1153,01
527,52	1200,11
527,71	1200,11
527,91	1220,59
528,11	1126,38
528,31	1196,01
528,51	1144,81
528,71	1249,26
528,90	1253,36
529,10	1204,21
529,30	1171,44
529,50	1206,25
529,70	1185,77
529,90	1206,25
530,09	1189,87
530,29	1087,47
530,49	1189,87
530,69	1204,21
530,89	1181,68
531,09	1249,26
531,28	1214,45
531,48	1220,59
531,68	1193,97
531,88	1200,11
532,08	1218,54
532,28	1236,97
532,47	1171,44
532,67	1181,68
532,87	1273,84
533,07	1206,25
533,27	1220,59
533,46	1247,21
533,66	1171,44
533,86	1226,73
534,06	1169,39
534,26	1173,49
534,45	1185,77
534,65	1198,06
534,85	1173,49
535,05	1183,73
535,25	1224,69
535,44	1222,64
535,64	1105,90
535,84	1204,21
536,04	1171,44
536,24	1222,64
536,43	1161,20
536,63	1124,33
536,83	1150,96
537,03	1204,21
537,22	1282,03
537,42	1136,62
537,62	1132,53
537,82	1228,78
538,02	1191,92
538,21	1236,97
538,41	1179,63
538,61	1183,73
538,81	1206,25
539,00	1175,53
539,20	1214,45
539,40	1183,73
539,60	1142,77
539,79	1292,27
539,99	1193,97
540,19	1198,06
540,39	1179,63
540,58	1177,58
540,78	1181,68
540,98	1196,01
541,18	1171,44
541,37	1265,64
541,57	1234,93
541,77	1134,57
541,97	1232,88
542,16	1247,21
542,36	1236,97
542,56	1206,25
542,76	1150,96
542,95	1181,68
543,15	1228,78
543,35	1255,40
543,54	1155,05
543,74	1185,77
543,94	1187,82
544,14	1230,83
544,33	1230,83
544,53	1157,10
544,73	1249,26
544,93	1193,97
545,12	1146,86
545,32	1095,66
545,52	1220,59
545,71	1247,21
545,91	1167,34
546,11	1198,06
546,30	1167,34
546,50	1196,01
546,70	1216,49
546,90	1222,64
547,09	1222,64
547,29	1232,88
547,49	1208,30
547,68	1230,83
547,88	1173,49
548,08	1200,11
548,27	1224,69
548,47	1167,34
548,67	1216,49
548,87	1269,74
549,06	1169,39
549,26	1193,97
549,46	1249,26
549,65	1185,77
549,85	1134,57
550,05	1259,50
550,24	1204,21
550,44	1136,62
550,64	1200,11
550,83	1204,21
551,03	1169,39
551,23	1173,49
551,42	1183,73
551,62	1224,69
551,82	1228,78
552,01	1236,97
552,21	1148,91
552,41	1271,79
552,60	1157,10
552,80	1230,83
553,00	1181,68
553,19	1183,73
553,39	1196,01
553,59	1181,68
553,78	1263,60
553,98	1239,02
554,17	1193,97
554,37	1153,01
554,57	1163,25
554,76	1130,48
554,96	1159,15
555,16	1159,15
555,35	1185,77
555,55	1255,40
555,75	1263,60
555,94	1202,16
556,14	1191,92
556,33	1189,87
556,53	1165,29
556,73	1271,79
556,92	1214,45
557,12	1212,40
557,32	1196,01
557,51	1159,15
557,71	1169,39
557,90	1191,92
558,10	1163,25
558,30	1202,16
558,49	1204,21
558,69	1236,97
558,88	1208,30
559,08	1236,97
559,28	1206,25
559,47	1155,05
559,67	1191,92
559,86	1189,87
560,06	1232,88
560,26	1282,03
560,45	1177,58
560,65	1124,33
560,84	1206,25
561,04	1277,93
561,24	1212,40
561,43	1269,74
561,63	1239,02
561,82	1228,78
562,02	1130,48
562,22	1179,63
562,41	1214,45
562,61	1185,77
562,80	1214,45
563,00	1202,16
563,19	1187,82
563,39	1153,01
563,59	1245,16
563,78	1159,15
563,98	1239,02
564,17	1208,30
564,37	1210,35
564,56	1208,30
564,76	1212,40
564,96	1118,19
565,15	1257,45
565,35	1189,87
565,54	1193,97
565,74	1206,25
565,93	1165,29
566,13	1249,26
566,32	1187,82
566,52	1167,34
566,71	1189,87
566,91	1144,81
567,11	1228,78
567,30	1263,60
567,50	1146,86
567,69	1173,49
567,89	1173,49
568,08	1118,19
568,28	1232,88
568,47	1232,88
568,67	1167,34
568,86	1189,87
569,06	1204,21
569,25	1148,91
569,45	1167,34
569,64	1181,68
569,84	1193,97
570,04	1132,53
570,23	1183,73
570,43	1179,63
570,62	1169,39
570,82	1253,36
571,01	1263,60
571,21	1251,31
571,40	1210,35
571,60	1218,54
571,79	1150,96
571,99	1220,59
572,18	1214,45
572,38	1157,10
572,57	1232,88
572,77	1204,21
572,96	1179,63
573,16	1153,01
573,35	1200,11
573,55	1210,35
573,74	1193,97
573,94	1247,21
574,13	1202,16
574,33	1191,92
574,52	1196,01
574,71	1218,54
574,91	1212,40
575,10	1183,73
575,30	1146,86
575,49	1157,10
575,69	1222,64
575,88	1212,40
576,08	1144,81
576,27	1142,77
576,47	1165,29
576,66	1148,91
576,86	1185,77
577,05	1142,77
577,25	1239,02
577,44	1253,36
577,64	1206,25
577,83	1200,11
578,02	1179,63
578,22	1243,12
578,41	1261,55
578,61	1241,07
578,80	1185,77
579,00	1175,53
579,19	1224,69
579,39	1253,36
579,58	1095,66
579,77	1210,35
579,97	1222,64
580,16	1179,63
580,36	1243,12
580,55	1241,07
580,75	1214,45
580,94	1214,45
581,13	1179,63
581,33	1210,35
581,52	1204,21
581,72	1216,49
581,91	1187,82
582,11	1224,69
582,30	1218,54
582,49	1165,29
582,69	1236,97
582,88	1208,30
583,08	1150,96
583,27	1157,10
583,47	1277,93
583,66	1222,64
583,85	1169,39
584,05	1214,45
584,24	1179,63
584,44	1236,97
584,63	1175,53
584,82	1224,69
585,02	1200,11
585,21	1214,45
585,41	1193,97
585,60	1171,44
585,79	1140,72
585,99	1185,77
586,18	1214,45
586,37	1208,30
586,57	1093,62
586,76	1144,81
586,96	1095,66
587,15	1230,83
587,34	1220,59
587,54	1230,83
587,73	1202,16
587,93	1208,30
588,12	1155,05
588,31	1200,11
588,51	1155,05
588,70	1177,58
588,89	1177,58
589,09	1206,25
589,28	1165,29
589,47	1187,82
589,67	1181,68
589,86	1167,34
590,06	1134,57
590,25	1310,70
590,44	1169,39
590,64	1093,62
590,83	1245,16
591,02	1181,68
591,22	1173,49
591,41	1138,67
591,60	1155,05
591,80	1239,02
591,99	1236,97
592,18	1142,77
592,38	1198,06
592,57	1216,49
592,76	1279,98
592,96	1173,49
593,15	1187,82
593,34	1208,30
593,54	1198,06
593,73	1198,06
593,92	1204,21
594,12	1230,83
594,31	1232,88
594,50	1208,30
594,70	1148,91
594,89	1230,83
595,08	1216,49
595,28	1243,12
595,47	1177,58
595,66	1181,68
595,86	1239,02
596,05	1163,25
596,24	1116,14
596,43	1234,93
596,63	1200,11
596,82	1163,25
597,01	1177,58
597,21	1202,16
597,40	1200,11
597,59	1212,40
597,79	1216,49
597,98	1198,06
598,17	1222,64
598,36	1208,30
598,56	1253,36
598,75	1167,34
598,94	1228,78
599,14	1167,34
599,33	1183,73
599,52	1220,59
599,71	1091,57
599,91	1187,82
600,10	1169,39
600,29	1226,73
600,48	1177,58
600,68	1173,49
600,87	1204,21
601,06	1236,97
601,26	1212,40
601,45	1214,45
601,64	1167,34
601,83	1175,53
602,03	1226,73
602,22	1187,82
602,41	1150,96
602,60	1193,97
602,80	1243,12
602,99	1157,10
603,18	1173,49
603,37	1218,54
603,57	1155,05
603,76	1200,11
603,95	1163,25
604,14	1210,35
604,34	1228,78
604,53	1183,73
604,72	1210,35
604,91	1222,64
605,10	1255,40
605,30	1161,20
605,49	1169,39
605,68	1204,21
605,87	1183,73
606,07	1138,67
606,26	1202,16
606,45	1187,82
606,64	1159,15
606,84	1220,59
607,03	1187,82
607,22	1196,01
607,41	1185,77
607,60	1146,86
607,80	1212,40
607,99	1118,19
608,18	1181,68
608,37	1253,36
608,56	1255,40
608,76	1200,11
608,95	1218,54
609,14	1232,88
609,33	1189,87
609,52	1206,25
609,72	1155,05
609,91	1169,39
610,10	1251,31
610,29	1198,06
610,48	1200,11
610,68	1208,30
610,87	1191,92
611,06	1173,49
611,25	1150,96
611,44	1196,01
611,63	1206,25
611,83	1165,29
612,02	1222,64
612,21	1282,03
612,40	1183,73
612,59	1222,64
612,79	1165,29
612,98	1167,34
613,17	1200,11
613,36	1204,21
613,55	1222,64
613,74	1267,69
613,93	1210,35
614,13	1273,84
614,32	1187,82
614,51	1196,01
614,70	1191,92
614,89	1210,35
615,08	1183,73
615,28	1249,26
615,47	1206,25
615,66	1118,19
615,85	1202,16
616,04	1200,11
616,23	1196,01
616,42	1255,40
616,62	1159,15
616,81	1222,64
617,00	1222,64
617,19	1234,93
617,38	1161,20
617,57	1165,29
617,76	1150,96
617,95	1183,73
618,15	1144,81
618,34	1124,33
618,53	1167,34
618,72	1222,64
618,91	1187,82
619,10	1247,21
619,29	1191,92
619,48	1212,40
619,68	1171,44
619,87	1142,77
620,06	1206,25
620,25	1138,67
620,44	1234,93
620,63	1171,44
620,82	1214,45
621,01	1296,36
621,20	1148,91
621,39	1226,73
621,59	1173,49
621,78	1265,64
621,97	1161,20
622,16	1171,44
622,35	1212,40
622,54	1214,45
622,73	1230,83
622,92	1204,21
623,11	1208,30
623,30	1273,84
623,49	1202,16
623,68	1175,53
623,88	1206,25
624,07	1232,88
624,26	1234,93
624,45	1140,72
624,64	1165,29
624,83	1298,41
625,02	1234,93
625,21	1140,72
625,40	1181,68
625,59	1181,68
625,78	1253,36
625,97	1187,82
626,16	1153,01
626,35	1232,88
626,54	1251,31
626,74	1198,06
626,93	1189,87
627,12	1136,62
627,31	1187,82
627,50	1208,30
627,69	1286,12
627,88	1241,07
628,07	1247,21
628,26	1261,55
628,45	1224,69
628,64	1255,40
628,83	1169,39
629,02	1216,49
629,21	1251,31
629,40	1243,12
629,59	1208,30
629,78	1212,40
629,97	1232,88
630,16	1239,02
630,35	1179,63
630,54	1255,40
630,73	1284,08
630,92	1232,88
631,11	1230,83
631,30	1230,83
631,49	1308,65
631,68	1404,91
631,87	2447,32
632,06	8169,35
632,25	17225,47
632,44	21063,36
632,63	27543,13
632,82	14620,45
633,01	8390,53
633,20	3977,16
633,39	2095,07
633,58	1716,20
633,77	1765,35
633,96	1599,46
634,15	1447,91
634,34	1347,56
634,53	1331,18
634,72	1331,18
634,91	1335,28
635,10	1327,08
635,29	1331,18
635,48	1236,97
635,67	1239,02
635,86	1249,26
636,05	1206,25
636,24	1236,97
636,43	1179,63
636,62	1101,81
636,81	1236,97
637,00	1212,40
637,19	1138,67
637,38	1146,86
637,57	1163,25
637,76	1142,77
637,95	1236,97
638,14	1308,65
638,33	1132,53
638,52	1196,01
638,71	1157,10
638,89	1216,49
639,08	1216,49
639,27	1267,69
639,46	1220,59
639,65	1230,83
639,84	1193,97
640,03	1232,88
640,22	1128,43
640,41	1167,34
640,60	1163,25
640,79	1239,02
640,98	1161,20
641,17	1212,40
641,36	1279,98
641,55	1230,83
641,74	1150,96
641,92	1185,77
642,11	1284,08
642,30	1200,11
642,49	1159,15
642,68	1193,97
642,87	1224,69
643,06	1196,01
643,25	1212,40
643,44	1150,96
643,63	1134,57
643,82	1177,58
644,00	1181,68
644,19	1183,73
644,38	1171,44
644,57	1165,29
644,76	1167,34
644,95	1159,15
645,14	1130,48
645,33	1148,91
645,52	1216,49
645,71	1155,05
645,89	1193,97
646,08	1224,69
646,27	1189,87
646,46	1241,07
646,65	1191,92
646,84	1290,22
647,03	1181,68
647,22	1255,40
647,40	1130,48
647,59	1181,68
647,78	1150,96
647,97	1193,97
648,16	1224,69
648,35	1171,44
648,54	1175,53
648,73	1224,69
648,91	1144,81
649,10	1181,68
649,29	1208,30
649,48	1173,49
649,67	1146,86
649,86	1171,44
650,05	1128,43
650,23	1241,07
650,42	1171,44
650,61	1234,93
650,80	1155,05
650,99	1218,54
651,18	1185,77
651,36	1220,59
651,55	1173,49
651,74	1163,25
651,93	1155,05
652,12	1208,30
652,31	1196,01
652,49	1185,77
652,68	1187,82
652,87	1157,10
653,06	1191,92
653,25	1249,26
653,44	1218,54
653,62	1202,16
653,81	1136,62
654,00	1161,20
654,19	1179,63
654,38	1175,53
654,56	1234,93
654,75	1161,20
654,94	1144,81
655,13	1210,35
655,32	1261,55
655,51	1191,92
655,69	1189,87
655,88	1155,05
656,07	1226,73
656,26	1220,59
656,45	1159,15
656,63	1239,02
656,82	1183,73
657,01	1181,68
657,20	1196,01
657,38	1277,93
657,57	1259,50
657,76	1208,30
657,95	1157,10
658,14	1234,93
658,32	1163,25
658,51	1167,34
658,70	1173,49
658,89	1163,25
659,08	1173,49
659,26	1245,16
659,45	1128,43
659,64	1153,01
659,83	1220,59
660,01	1222,64
660,20	1159,15
660,39	1181,68
660,58	1249,26
660,76	1179,63
660,95	1155,05
661,14	1224,69
661,33	1163,25
661,51	1167,34
661,70	1171,44
661,89	1196,01
662,08	1220,59
662,26	1181,68
662,45	1193,97
662,64	1247,21
662,83	1232,88
663,01	1196,01
663,20	1181,68
663,39	1179,63
663,58	1159,15
663,76	1155,05
663,95	1232,88
664,14	1212,40
664,32	1177,58
664,51	1150,96
664,70	1245,16
664,89	1198,06
665,07	1245,16
665,26	1181,68
665,45	1165,29
665,64	1216,49
665,82	1165,29
666,01	1159,15
666,20	1226,73
666,38	1187,82
666,57	1206,25
666,76	1187,82
666,95	1261,55
667,13	1196,01
667,32	1212,40
667,51	1193,97
667,69	1134,57
667,88	1181,68
668,07	1132,53
668,25	1153,01
668,44	1185,77
668,63	1224,69
668,81	1153,01
669,00	1177,58
669,19	1216,49
669,38	1236,97
669,56	1241,07
669,75	1175,53
669,94	1204,21
670,12	1181,68
670,31	1159,15
670,50	1257,45
670,68	1163,25
670,87	1198,06
671,06	1216,49
671,24	1183,73
671,43	1210,35
671,62	1200,11
671,80	1159,15
671,99	1165,29
672,18	1288,17
672,36	1204,21
672,55	1148,91
672,74	1236,97
672,92	1220,59
673,11	1224,69
673,29	1239,02
673,48	1234,93
673,67	1177,58
673,85	1169,39
674,04	1179,63
674,23	1226,73
674,41	1181,68
674,60	1171,44
674,79	1163,25
674,97	1277,93
675,16	1220,59
675,34	1183,73
675,53	1175,53
675,72	1206,25
675,90	1196,01
676,09	1251,31
676,28	1153,01
676,46	1204,21
676,65	1222,64
676,83	1171,44
677,02	1126,38
677,21	1257,45
677,39	1191,92
677,58	1216,49
677,77	1171,44
677,95	1224,69
678,14	1230,83
678,32	1196,01
678,51	1159,15
678,70	1198,06
678,88	1179,63
679,07	1204,21
679,25	1159,15
679,44	1206,25
679,63	1261,55
679,81	1198,06
680,00	1126,38
680,18	1200,11
680,37	1136,62
680,55	1171,44
680,74	1142,77
680,93	1263,60
681,11	1216,49
681,30	1132,53
681,48	1288,17
681,67	1255,40
681,85	1218,54
682,04	1185,77
682,23	1220,59
682,41	1171,44
682,60	1110,00
682,78	1181,68
682,97	1236,97
683,15	1245,16
683,34	1206,25
683,53	1167,34
683,71	1218,54
683,90	1150,96
684,08	1216,49
684,27	1189,87
684,45	1230,83
684,64	1236,97
684,82	1200,11
685,01	1185,77
685,19	1187,82
685,38	1239,02
685,57	1150,96
685,75	1224,69
685,94	1179,63
686,12	1138,67
686,31	1216,49
686,49	1226,73
686,68	1140,72
686,86	1226,73
687,05	1130,48
687,23	1257,45
687,42	1183,73
687,60	1204,21
687,79	1243,12
687,97	1181,68
688,16	1130,48
688,34	1257,45
688,53	1224,69
688,71	1214,45
688,90	1122,29
689,08	1247,21
689,27	1138,67
689,45	1148,91
689,64	1153,01
689,82	1171,44
690,01	1153,01
690,19	1275,88
690,38	1159,15
690,56	1187,82
690,75	1214,45
690,93	1126,38
691,12	1167,34
691,30	1228,78
691,49	1144,81
691,67	1226,73
691,86	1169,39
692,04	1157,10
692,23	1132,53
692,41	1212,40
692,60	1214,45
692,78	1214,45
692,97	1200,11
693,15	1224,69
693,34	1247,21
693,52	1171,44
693,71	1179,63
693,89	1216,49
694,08	1198,06
694,26	1239,02
694,44	1159,15
694,63	1167,34
694,81	1122,29
695,00	1214,45
695,18	1206,25
695,37	1255,40
695,55	1214,45
695,74	1224,69
695,92	1169,39
696,10	1216,49
696,29	1189,87
696,47	1232,88
696,66	1198,06
696,84	1185,77
697,03	1183,73
697,21	1208,30
697,40	1200,11
697,58	1142,77
697,76	1169,39
697,95	1206,25
698,13	1224,69
698,32	1173,49
698,50	1243,12
698,68	1191,92
698,87	1228,78
699,05	1173,49
699,24	1200,11
699,42	1230,83
699,61	1177,58
699,79	1179,63
699,97	1189,87
700,16	1220,59
700,34	1136,62
700,53	1204,21
700,71	1148,91
700,89	1165,29
701,08	1198,06
701,26	1153,01
701,45	1232,88
701,63	1183,73
701,81	1163,25
702,00	1179,63
702,18	1212,40
702,37	1175,53
702,55	1187,82
702,73	1181,68
702,92	1134,57
703,10	1202,16
703,28	1193,97
703,47	1200,11
703,65	1155,05
703,84	1220,59
704,02	1167,34
704,20	1198,06
704,39	1206,25
704,57	1210,35
704,75	1189,87
704,94	1198,06
705,12	1206,25
705,30	1218,54
705,49	1157,10
705,67	1243,12
705,86	1183,73
706,04	1247,21
706,22	1124,33
706,41	1216,49
706,59	1198,06
706,77	1202,16
706,96	1222,64
707,14	1226,73
707,32	1189,87
707,51	1271,79
707,69	1204,21
707,87	1234,93
708,06	1179,63
708,24	1218,54
708,42	1275,88
708,61	1165,29
708,79	1206,25
708,97	1226,73
709,16	1140,72
709,34	1202,16
709,52	1103,86
709,71	1175,53
709,89	1224,69
710,07	1222,64
710,26	1185,77
710,44	1183,73
710,62	1175,53
710,80	1232,88
710,99	1216,49
711,17	1255,40
711,35	1202,16
711,54	1232,88
711,72	1093,62
711,90	1245,16
712,09	1239,02
712,27	1206,25
712,45	1161,20
712,63	1239,02
712,82	1241,07
713,00	1220,59
713,18	1150,96
713,37	1208,30
713,55	1212,40
713,73	1173,49
713,91	1177,58
714,10	1157,10
714,28	1212,40
714,46	1196,01
714,65	1269,74
714,83	1191,92
715,01	1216,49
715,19	1241,07
715,38	1157,10
715,56	1257,45
715,74	1206,25
715,92	1169,39
716,11	1241,07
716,29	1220,59
716,47	1159,15
716,65	1187,82
716,84	1173,49
717,02	1167,34
717,20	1216,49
717,38	1177,58
717,57	1185,77
717,75	1155,05
717,93	1218,54
718,11	1271,79
718,30	1271,79
718,48	1206,25
718,66	1161,20
718,84	1275,88
719,03	1136,62
719,21	1193,97
719,39	1224,69
719,57	1118,19
719,75	1155,05
719,94	1226,73
720,12	1163,25
720,30	1193,97
720,48	1204,21
720,67	1220,59
720,85	1243,12
721,03	1165,29
721,21	1159,15
721,39	1183,73
721,58	1118,19
721,76	1142,77
721,94	1204,21
722,12	1212,40
722,30	1189,87
722,49	1296,36
722,67	1230,83
722,85	1175,53
723,03	1185,77
723,21	1261,55
723,40	1155,05
723,58	1216,49
723,76	1142,77
723,94	1226,73
724,12	1122,29
724,30	1253,36
724,49	1243,12
724,67	1277,93
724,85	1150,96
725,03	1167,34
725,21	1142,77
725,40	1200,11
725,58	1212,40
725,76	1185,77
725,94	1202,16
726,12	1157,10
726,30	1198,06
726,49	1193,97
726,67	1183,73
726,85	1208,30
727,03	1245,16
727,21	1198,06
727,39	1144,81
727,57	1200,11
727,76	1224,69
727,94	1167,34
728,12	1161,20
728,30	1138,67
728,48	1153,01
728,66	1271,79
728,84	1320,94
729,03	1159,15
729,21	1257,45
729,39	1206,25
729,57	1191,92
729,75	1220,59
729,93	1226,73
730,11	1271,79
730,30	1155,05
730,48	1124,33
730,66	1144,81
730,84	1241,07
731,02	1222,64
731,20	1214,45
731,38	1148,91
731,56	1167,34
731,74	1159,15
731,93	1212,40
732,11	1239,02
732,29	1271,79
732,47	1163,25
732,65	1150,96
732,83	1144,81
733,01	1175,53
733,19	1173,49
733,37	1236,97
733,56	1167,34
733,74	1185,77
733,92	1216,49
734,10	1247,21
734,28	1204,21
734,46	1210,35
734,64	1204,21
734,82	1218,54
735,00	1230,83
735,18	1212,40
735,36	1198,06
735,54	1187,82
735,73	1138,67
735,91	1222,64
736,09	1185,77
736,27	1271,79
736,45	1142,77
736,63	1253,36
736,81	1159,15
736,99	1218,54
737,17	1210,35
737,35	1193,97
737,53	1230,83
737,71	1155,05
737,89	1196,01
738,07	1230,83
738,25	1187,82
738,43	1200,11
738,61	1249,26
738,80	1187,82
738,98	1212,40
739,16	1191,92
739,34	1265,64
739,52	1212,40
739,70	1191,92
739,88	1216,49
740,06	1173,49
740,24	1200,11
740,42	1146,86
740,60	1202,16
740,78	1226,73
740,96	1193,97
741,14	1169,39
741,32	1181,68
741,50	1202,16
741,68	1255,40
741,86	1126,38
742,04	1157,10
742,22	1159,15
742,40	1198,06
742,58	1208,30
742,76	1206,25
742,94	1222,64
743,12	1251,31
743,30	1216,49
743,48	1222,64
743,66	1150,96
743,84	1167,34
744,02	1146,86
744,20	1198,06
744,38	1187,82
744,56	1214,45
744,74	1212,40
744,92	1208,30
745,10	1218,54
745,28	1249,26
745,46	1218,54
745,64	1228,78
745,82	1177,58
746,00	1101,81
746,18	1216,49
746,36	1173,49
746,54	1167,34
746,72	1257,45
746,90	1183,73
747,08	1228,78
747,26	1181,68
747,44	1163,25
747,62	1247,21
747,80	1146,86
747,98	1212,40
748,15	1208,30
748,33	1189,87
748,51	1150,96
748,69	1216,49
748,87	1202,16
749,05	1163,25
749,23	1146,86
749,41	1214,45
749,59	1230,83
749,77	1271,79
749,95	1214,45
750,13	1220,59
750,31	1150,96
750,49	1232,88
750,67	1167,34
750,85	1230,83
751,03	1181,68
751,20	1208,30
751,38	1163,25
751,56	1173,49
751,74	1202,16
751,92	1243,12
752,10	1169,39
752,28	1173,49
752,46	1179,63
752,64	1169,39
752,82	1236,97
753,00	1185,77
753,18	1241,07
753,35	1191,92
753,53	1175,53
753,71	1208,30
753,89	1193,97
754,07	1196,01
754,25	1193,97
754,43	1146,86
754,61	1198,06
754,79	1191,92
754,97	1150,96
755,14	1243,12
755,32	1255,40
755,50	1218,54
755,68	1185,77
755,86	1214,45
756,04	1165,29
756,22	1277,93
756,40	1181,68
756,57	1126,38
756,75	1204,21
756,93	1245,16
757,11	1200,11
757,29	1165,29
757,47	1183,73
757,65	1173,49
757,82	1196,01
758,00	1155,05
758,18	1208,30
758,36	1187,82
758,54	1208,30
758,72	1204,21
758,90	1216,49
759,07	1241,07
759,25	1191,92
759,43	1175,53
759,61	1263,60
759,79	1302,51
759,97	1198,06
760,15	1171,44
760,32	1118,19
760,50	1267,69
760,68	1228,78
760,86	1165,29
761,04	1263,60
761,22	1226,73
761,39	1183,73
761,57	1277,93
761,75	1183,73
761,93	1177,58
762,11	1185,77
762,28	1150,96
762,46	1220,59
762,64	1165,29
762,82	1263,60
763,00	1206,25
763,18	1214,45
763,35	1208,30
763,53	1265,64
763,71	1226,73
763,89	1175,53
764,07	1189,87
764,24	1212,40
764,42	1232,88
764,60	1228,78
764,78	1224,69
764,96	1204,21
765,13	1163,25
765,31	1189,87
765,49	1271,79
765,67	1167,34
765,84	1196,01
766,02	1255,40
766,20	1185,77
766,38	1175,53
766,56	1128,43
766,73	1241,07
766,91	1189,87
767,09	1247,21
767,27	1236,97
767,44	1228,78
767,62	1200,11
767,80	1263,60
767,98	1196,01
768,15	1222,64
768,33	1155,05
768,51	1155,05
768,69	1112,05
768,87	1216,49
769,04	1144,81
769,22	1183,73
769,40	1310,70
769,58	1253,36
769,75	1196,01
769,93	1218,54
770,11	1212,40
770,28	1234,93
770,46	1220,59
770,64	1183,73
770,82	1177,58
770,99	1202,16
771,17	1249,26
771,35	1214,45
771,53	1234,93
771,70	1224,69
771,88	1167,34
772,06	1157,10
772,23	1204,21
772,41	1273,84
772,59	1187,82
772,77	1204,21
772,94	1230,83
773,12	1206,25
773,30	1144,81
773,47	1220,59
773,65	1200,11
773,83	1222,64
774,01	1230,83
774,18	1216,49
774,36	1157,10
774,54	1239,02
774,71	1196,01
774,89	1208,30
775,07	1181,68
775,24	1183,73
775,42	1189,87
775,60	1130,48
775,78	1191,92
775,95	1191,92
776,13	1130,48
776,31	1198,06
776,48	1290,22
776,66	1251,31
776,84	1208,30
777,01	1198,06
777,19	1196,01
777,37	1140,72
777,54	1189,87
777,72	1163,25
777,90	1222,64
778,07	1181,68
778,25	1218,54
778,43	1173,49
778,60	1187,82
778,78	1208,30
778,96	1153,01
779,13	1161,20
779,31	1218,54
779,49	1255,40
779,66	1198,06
779,84	1214,45
780,01	1167,34
780,19	1165,29
780,37	1206,25
780,54	1185,77
780,72	1148,91
780,90	1130,48
781,07	1204,21
781,25	1101,81
781,43	1286,12
781,60	1230,83
781,78	1196,01
781,95	1177,58
782,13	1161,20
782,31	1175,53
782,48	1177,58
782,66	1220,59
782,83	1236,97
783,01	1208,30
783,19	1144,81
783,36	1165,29
783,54	1243,12
783,72	1175,53
783,89	1234,93
784,07	1212,40
784,24	1157,10
784,42	1175,53
784,60	1165,29
784,77	1157,10
784,95	1193,97
785,12	1208,30
785,30	1140,72
785,47	1220,59
785,65	1157,10
785,83	1169,39
786,00	1187,82
786,18	1181,68
786,35	1224,69
786,53	1200,11
786,71	1114,10
786,88	1204,21
787,06	1271,79
787,23	1165,29
787,41	1247,21
787,58	1226,73
787,76	1181,68
787,94	1214,45
788,11	1206,25
788,29	1183,73
788,46	1187,82
788,64	1163,25
788,81	1189,87
788,99	1175,53
789,16	1175,53
789,34	1140,72
789,52	1134,57
789,69	1193,97
789,87	1206,25
790,04	1230,83
790,22	1204,21
790,39	1185,77
790,57	1183,73
790,74	1189,87
790,92	1210,35
791,09	1148,91
791,27	1206,25
791,44	1261,55
791,62	1222,64
791,79	1150,96
791,97	1105,90
792,15	1200,11
792,32	1220,59
792,50	1208,30
792,67	1177,58
792,85	1193,97
793,02	1179,63
793,20	1173,49
793,37	1241,07
793,55	1241,07
793,72	1157,10
793,90	1234,93
794,07	1140,72
794,25	1218,54
794,42	1200,11
794,60	1261,55
794,77	1212,40
794,95	1198,06
795,12	1208,30
795,30	1251,31
795,47	1202,16
795,65	1312,75
795,82	1224,69
796,00	1191,92
796,17	1177,58
796,34	1140,72
796,52	1212,40
796,69	1153,01
796,87	1179,63
797,04	1153,01
797,22	1189,87
797,39	1173,49
797,57	1271,79
797,74	1189,87
797,92	1247,21
798,09	1183,73
798,27	1196,01
798,44	1220,59
798,62	1179,63
798,79	1224,69
798,96	1185,77
799,14	1187,82
799,31	1224,69
799,49	1208,30
799,66	1167,34
799,84	1253,36
800,01	1245,16
800,19	1210,35
800,36	1230,83
800,53	1220,59
800,71	1114,10
800,88	1249,26
801,06	1175,53
801,23	1148,91
801,41	1150,96
801,58	1187,82
801,75	1189,87
801,93	1142,77
802,10	1187,82
802,28	1179,63
802,45	1224,69
802,63	1261,55
802,80	1228,78
802,97	1128,43
803,15	1202,16
803,32	1220,59
803,50	1185,77
803,67	1142,77
803,84	1269,74
804,02	1159,15
804,19	1294,32
804,37	1179,63
804,54	1206,25
804,71	1181,68
804,89	1261,55
805,06	1175,53
805,24	1142,77
805,41	1212,40
805,58	1222,64
805,76	1261,55
805,93	1216,49
806,10	1206,25
806,28	1134,57
806,45	1234,93
806,63	1163,25
806,80	1191,92
806,97	1208,30
807,15	1196,01
807,32	1153,01
807,49	1206,25
807,67	1206,25
807,84	1239,02
808,01	1271,79
808,19	1183,73
808,36	1175,53
808,54	1249,26
808,71	1210,35
808,88	1140,72
809,06	1216,49
809,23	1169,39
809,40	1263,60
809,58	1249,26
809,75	1245,16
809,92	1241,07
810,10	1249,26
810,27	1189,87
810,44	1249,26
810,62	1204,21
810,79	1214,45
810,96	1257,45
811,14	1114,10
811,31	1132,53
811,48	1196,01
811,66	1206,25
811,83	1249,26
812,00	1165,29
812,18	1185,77
812,35	1144,81
812,52	1148,91
812,69	1161,20
812,87	1196,01
813,04	1189,87
813,21	1150,96
813,39	1183,73
813,56	1183,73
813,73	1183,73
813,91	1218,54
814,08	1193,97
814,25	1232,88
814,42	1144,81
814,60	1204,21
814,77	1191,92
814,94	1200,11
815,12	1228,78
815,29	1191,92
815,46	1196,01
815,63	1187,82
815,81	1275,88
815,98	1216,49
816,15	1179,63
816,33	1177,58
816,50	1163,25
816,67	1196,01
816,84	1247,21
817,02	1220,59
817,19	1224,69
817,36	1175,53
817,53	1175,53
817,71	1159,15
817,88	1130,48
818,05	1179,63
818,22	1228,78
818,40	1198,06
818,57	1222,64
818,74	1206,25
818,91	1144,81
819,09	1167,34
819,26	1206,25
819,43	1128,43
819,60	1173,49
819,78	1236,97
819,95	1243,12
820,12	1179,63
820,29	1200,11
820,47	1202,16
820,64	1167,34
820,81	1224,69
820,98	1136,62
821,15	1169,39
821,33	1177,58
821,50	1218,54
821,67	1181,68
821,84	1142,77
822,02	1265,64
822,19	1200,11
822,36	1228,78
822,53	1193,97
822,70	1171,44
822,88	1236,97
823,05	1200,11
823,22	1144,81
823,39	1216,49
823,56	1202,16
823,74	1148,91
823,91	1241,07
824,08	1187,82
824,25	1163,25
824,42	1202,16
824,60	1249,26
824,77	1193,97
824,94	1224,69
825,11	1163,25
825,28	1222,64
825,45	1249,26
825,63	1212,40
825,80	1232,88
825,97	1200,11
826,14	1204,21
826,31	1116,14
826,48	1105,90
826,66	1173,49
826,83	1200,11
827,00	1208,30
827,17	1128,43
827,34	1179,63
827,51	1224,69
827,69	1193,97
827,86	1165,29
828,03	1279,98
828,20	1177,58
828,37	1191,92
828,54	1282,03
828,71	1183,73
828,89	1222,64
829,06	1247,21
829,23	1212,40
829,40	1198,06
829,57	1230,83
829,74	1224,69
829,91	1165,29
830,09	1136,62
830,26	1243,12
830,43	1136,62
830,60	1218,54
830,77	1234,93
830,94	1196,01
831,11	1198,06
831,28	1200,11
831,46	1208,30
831,63	1263,60
831,80	1279,98
831,97	1198,06
832,14	1187,82
832,31	1110,00
832,48	1167,34
832,65	1206,25
832,82	1198,06
832,99	1204,21
833,17	1200,11
833,34	1202,16
833,51	1222,64
833,68	1222,64
833,85	1228,78
834,02	1114,10
834,19	1169,39
834,36	1210,35
834,53	1212,40
834,70	1189,87
834,87	1177,58
835,04	1187,82
835,22	1153,01
835,39	1163,25
835,56	1177,58
835,73	1165,29
835,90	1171,44
836,07	1171,44
836,24	1189,87
836,41	1191,92
836,58	1228,78
836,75	1214,45
836,92	1173,49
837,09	1179,63
837,26	1167,34
837,43	1218,54
837,60	1206,25
837,77	1187,82
837,94	1204,21
838,12	1177,58
838,29	1144,81
838,46	1150,96
838,63	1150,96
838,80	1236,97
838,97	1271,79
839,14	1271,79
839,31	1204,21
839,48	1171,44
839,65	1124,33
839,82	1191,92
839,99	1196,01
840,16	1214,45
840,33	1157,10
840,50	1144,81
840,67	1259,50
840,84	1181,68
841,01	1196,01
841,18	1210,35
841,35	1177,58
841,52	1210,35
841,69	1155,05
841,86	1120,24
842,03	1212,40
842,20	1167,34
842,37	1126,38
842,54	1173,49
842,71	1187,82
842,88	1128,43
843,05	1173,49
843,22	1169,39
843,39	1306,60
843,56	1216,49
843,73	1253,36
843,90	1216,49
844,07	1130,48
844,24	1138,67
844,41	1142,77
844,58	1202,16
844,75	1155,05
844,92	1185,77
845,09	1165,29
845,26	1183,73
845,43	1224,69
845,60	1140,72
845,77	1198,06
845,94	1226,73
846,10	1175,53
846,27	1179,63
846,44	1171,44
846,61	1175,53
846,78	1187,82
846,95	1247,21
847,12	1177,58
847,29	1146,86
847,46	1175,53
847,63	1210,35
847,80	1173,49
847,97	1216,49
848,14	1239,02
848,31	1253,36
848,48	1234,93
848,65	1173,49
848,82	1243,12
848,98	1216,49
849,15	1243,12
849,32	1214,45
849,49	1179,63
849,66	1120,24
849,83	1175,53
850,00	1224,69
850,17	1208,30
850,34	1173,49
850,51	1216,49
850,68	1167,34
850,85	1175,53
851,01	1204,21
851,18	1228,78
851,35	1196,01
851,52	1251,31
851,69	1261,55
851,86	1189,87
852,03	1212,40
852,20	1167,34
852,37	1196,01
852,53	1167,34
852,70	1200,11
852,87	1206,25
853,04	1189,87
853,21	1171,44
853,38	1257,45
853,55	1210,35
853,72	1259,50
853,89	1193,97
854,05	1165,29
854,22	1230,83
854,39	1167,34
854,56	1206,25
854,73	1257,45
854,90	1181,68
855,07	1212,40
855,23	1253,36
855,40	1128,43
855,57	1220,59
855,74	1226,73
855,91	1208,30
856,08	1196,01
856,25	1179,63
856,41	1267,69
856,58	1267,69
856,75	1198,06
856,92	1163,25
857,09	1191,92
857,26	1185,77
857,42	1173,49
857,59	1163,25
857,76	1228,78
857,93	1148,91
858,10	1208,30
858,27	1208,30
858,43	1173,49
858,60	1189,87
858,77	1239,02
858,94	1212,40
859,11	1169,39
859,27	1265,64
859,44	1140,72
859,61	1204,21
859,78	1257,45
859,95	1165,29
860,12	1255,40
860,28	1144,81
860,45	1179,63
860,62	1171,44
860,79	1204,21
860,95	1204,21
861,12	1187,82
861,29	1179,63
861,46	1150,96
861,63	1204,21
861,79	1277,93
861,96	1241,07
862,13	1202,16
862,30	1210,35
862,47	1210,35
862,63	1150,96
862,80	1249,26
862,97	1165,29
863,14	1155,05
863,30	1134,57
863,47	1173,49
863,64	1236,97
863,81	1257,45
863,97	1185,77
864,14	1232,88
864,31	1196,01
864,48	1165,29
864,65	1187,82
864,81	1222,64
864,98	1101,81
865,15	1144,81
865,32	1179,63
865,48	1185,77
865,65	1187,82
865,82	1216,49
865,98	1134,57
866,15	1167,34
866,32	1224,69
866,49	1251,31
866,65	1189,87
866,82	1212,40
866,99	1175,53
867,16	1226,73
867,32	1304,56
867,49	1214,45
867,66	1171,44
867,83	1200,11
867,99	1196,01
868,16	1228,78
868,33	1136,62
868,49	1204,21
868,66	1200,11
868,83	1189,87
868,99	1171,44
869,16	1212,40
869,33	1179,63
869,50	1185,77
869,66	1177,58
869,83	1191,92
870,00	1157,10
870,16	1214,45
870,33	1191,92
870,50	1202,16
870,66	1200,11
870,83	1171,44
871,00	1126,38
871,17	1173,49
871,33	1187,82
871,50	1224,69
871,67	1232,88
871,83	1214,45
872,00	1208,30
872,17	1228,78
872,33	1155,05
872,50	1142,77
872,67	1173,49
872,83	1159,15
873,00	1230,83
873,17	1257,45
873,33	1146,86
873,50	1128,43
873,67	1165,29
873,83	1157,10
874,00	1206,25
874,16	1177,58
874,33	1196,01
874,50	1222,64
874,66	1189,87
874,83	1181,68
875,00	1171,44
875,16	1236,97
875,33	1210,35
875,50	1263,60
875,66	1284,08
875,83	1177,58
875,99	1173,49
876,16	1220,59
876,33	1091,57
876,49	1202,16
876,66	1153,01
876,83	1286,12
876,99	1204,21
877,16	1163,25
877,32	1241,07
877,49	1124,33
877,66	1218,54
877,82	1198,06
877,99	1202,16
878,15	1200,11
878,32	1220,59
878,49	1228,78
878,65	1146,86
878,82	1208,30
878,98	1177,58
879,15	1230,83
879,32	1177,58
879,48	1150,96
879,65	1204,21
879,81	1155,05
879,98	1187,82
880,15	1187,82
880,31	1259,50
880,48	1226,73
880,64	1177,58
880,81	1273,84
880,97	1175,53
881,14	1206,25
881,31	1191,92
881,47	1161,20
881,64	1105,90
881,80	1232,88
881,97	1273,84
882,13	1232,88
882,30	1218,54
882,47	1224,69
882,63	1232,88
882,80	1208,30
882,96	1191,92
883,13	1193,97
883,29	1212,40
883,46	1122,29
883,62	1245,16
883,79	1191,92
883,95	1130,48
884,12	1173,49
884,29	1253,36
884,45	1114,10
884,62	1222,64
884,78	1191,92
884,95	1222,64
885,11	1214,45
885,28	1208,30
885,44	1146,86
885,61	1200,11
885,77	1236,97
885,94	1204,21
886,10	1200,11
886,27	1175,53
886,43	1220,59
886,60	1241,07
886,76	1163,25
886,93	1245,16
887,09	1236,97
887,26	1148,91
887,42	1296,36
887,59	1228,78
887,75	1210,35
887,92	1230,83
888,08	1253,36
888,25	1204,21
888,41	1187,82
888,58	1202,16
888,74	1198,06
888,91	1148,91
