177,47	1157,10
177,69	1157,10
177,91	1157,10
178,13	1214,45
178,36	1134,57
178,58	1155,05
178,80	1212,40
179,02	1232,88
179,24	1183,73
179,46	1261,55
179,68	1253,36
179,90	1185,77
180,13	1161,20
180,35	1193,97
180,57	1157,10
180,79	1165,29
181,01	1245,16
181,23	1265,64
181,45	1204,21
181,67	1202,16
181,90	1226,73
182,12	1175,53
182,34	1189,87
182,56	1132,53
182,78	1200,11
183,00	1284,08
183,22	1189,87
183,44	1175,53
183,66	1175,53
183,89	1200,11
184,11	1251,31
184,33	1191,92
184,55	1224,69
184,77	1163,25
184,99	1200,11
185,21	1228,78
185,43	1122,29
185,65	1214,45
185,87	1183,73
186,10	1155,05
186,32	1150,96
186,54	1179,63
186,76	1173,49
186,98	1236,97
187,20	1325,04
187,42	1136,62
187,64	1228,78
187,86	1196,01
188,08	1126,38
188,30	1224,69
188,52	1167,34
188,75	1232,88
188,97	1189,87
189,19	1177,58
189,41	1120,24
189,63	1173,49
189,85	1157,10
190,07	1159,15
190,29	1165,29
190,51	1181,68
190,73	1220,59
190,95	1204,21
191,17	1116,14
191,39	1216,49
191,61	1161,20
191,84	1126,38
192,06	1112,05
192,28	1173,49
192,50	1177,58
192,72	1181,68
192,94	1232,88
193,16	1193,97
193,38	1216,49
193,60	1232,88
193,82	1179,63
194,04	1150,96
194,26	1155,05
194,48	1214,45
194,70	1161,20
194,92	1050,61
195,14	1245,16
195,36	1105,90
195,58	1236,97
195,80	1236,97
196,02	1249,26
196,24	1187,82
196,46	1167,34
196,69	1218,54
196,91	1144,81
197,13	1206,25
197,35	1224,69
197,57	1226,73
197,79	1175,53
198,01	1261,55
198,23	1163,25
198,45	1224,69
198,67	1263,60
198,89	1153,01
199,11	1228,78
199,33	1234,93
199,55	1273,84
199,77	1130,48
199,99	1224,69
200,21	1150,96
200,43	1103,86
200,65	1144,81
200,87	1140,72
201,09	1212,40
201,31	1206,25
201,53	1210,35
201,75	1208,30
201,97	1189,87
202,19	1165,29
202,41	1198,06
202,63	1212,40
202,85	1255,40
203,07	1214,45
203,29	1130,48
203,51	1179,63
203,73	1193,97
203,95	1118,19
204,17	1153,01
204,39	1224,69
204,61	1208,30
204,83	1239,02
205,05	1177,58
205,27	1198,06
205,49	1226,73
205,71	1138,67
205,93	1257,45
206,15	1189,87
206,37	1232,88
206,59	1150,96
206,81	1198,06
207,03	1232,88
207,25	1212,40
207,47	1202,16
207,69	1183,73
207,91	1257,45
208,13	1212,40
208,34	1226,73
208,56	1144,81
208,78	1175,53
209,00	1214,45
209,22	1198,06
209,44	1214,45
209,66	1138,67
209,88	1150,96
210,10	1132,53
210,32	1204,21
210,54	1241,07
210,76	1187,82
210,98	1165,29
211,20	1148,91
211,42	1159,15
211,64	1181,68
211,86	1191,92
212,08	1155,05
212,30	1114,10
212,52	1136,62
212,74	1185,77
212,96	1167,34
213,17	1230,83
213,39	1257,45
213,61	1189,87
213,83	1159,15
214,05	1146,86
214,27	1183,73
214,49	1228,78
214,71	1134,57
214,93	1226,73
215,15	1206,25
215,37	1181,68
215,59	1163,25
215,81	1206,25
216,03	1181,68
216,24	1198,06
216,46	1161,20
216,68	1273,84
216,90	1179,63
217,12	1185,77
217,34	1161,20
217,56	1214,45
217,78	1202,16
218,00	1142,77
218,22	1140,72
218,44	1202,16
218,66	1150,96
218,87	1165,29
219,09	1198,06
219,31	1212,40
219,53	1208,30
219,75	1196,01
219,97	1183,73
220,19	1181,68
220,41	1222,64
220,63	1142,77
220,85	1177,58
221,06	1202,16
221,28	1214,45
221,50	1173,49
221,72	1148,91
221,94	1159,15
222,16	1222,64
222,38	1134,57
222,60	1150,96
222,82	1212,40
223,03	1107,95
223,25	1243,12
223,47	1249,26
223,69	1191,92
223,91	1138,67
224,13	1183,73
224,35	1214,45
224,57	1148,91
224,78	1167,34
225,00	1187,82
225,22	1208,30
225,44	1208,30
225,66	1148,91
225,88	1279,98
226,10	1243,12
226,32	1206,25
226,53	1196,01
226,75	1183,73
226,97	1107,95
227,19	1243,12
227,41	1255,40
227,63	1236,97
227,85	1267,69
228,06	1200,11
228,28	1183,73
228,50	1220,59
228,72	1165,29
228,94	1191,92
229,16	1183,73
229,37	1204,21
229,59	1118,19
229,81	1257,45
230,03	1191,92
230,25	1265,64
230,47	1169,39
230,69	1218,54
230,90	1228,78
231,12	1226,73
231,34	1253,36
231,56	1216,49
231,78	1120,24
232,00	1140,72
232,21	1118,19
232,43	1286,12
232,65	1155,05
232,87	1134,57
233,09	1236,97
233,30	1089,52
233,52	1200,11
233,74	1202,16
233,96	1175,53
234,18	1243,12
234,40	1185,77
234,61	1157,10
234,83	1150,96
235,05	1155,05
235,27	1222,64
235,49	1204,21
235,70	1220,59
235,92	1196,01
236,14	1236,97
236,36	1204,21
236,58	1114,10
236,79	1255,40
237,01	1159,15
237,23	1226,73
237,45	1200,11
237,67	1187,82
237,88	1279,98
238,10	1241,07
238,32	1159,15
238,54	1179,63
238,76	1177,58
238,97	1142,77
239,19	1095,66
239,41	1216,49
239,63	1189,87
239,85	1216,49
240,06	1210,35
240,28	1212,40
240,50	1167,34
240,72	1165,29
240,93	1202,16
241,15	1243,12
241,37	1153,01
241,59	1241,07
241,81	1222,64
242,02	1165,29
242,24	1179,63
242,46	1208,30
242,68	1196,01
242,89	1265,64
243,11	1200,11
243,33	1208,30
243,55	1210,35
243,76	1247,21
243,98	1187,82
244,20	1193,97
244,42	1148,91
244,64	1161,20
244,85	1251,31
245,07	1200,11
245,29	1193,97
245,51	1214,45
245,72	1216,49
245,94	1226,73
246,16	1216,49
246,38	1142,77
246,59	1171,44
246,81	1261,55
247,03	1196,01
247,24	1189,87
247,46	1191,92
247,68	1200,11
247,90	1189,87
248,11	1204,21
248,33	1249,26
248,55	1216,49
248,77	1118,19
248,98	1241,07
249,20	1191,92
249,42	1210,35
249,64	1122,29
249,85	1275,88
250,07	1116,14
250,29	1214,45
250,50	1204,21
250,72	1206,25
250,94	1226,73
251,16	1179,63
251,37	1263,60
251,59	1167,34
251,81	1161,20
252,02	1230,83
252,24	1214,45
252,46	1218,54
252,68	1208,30
252,89	1232,88
253,11	1177,58
253,33	1273,84
253,54	1185,77
253,76	1253,36
253,98	1165,29
254,20	1243,12
254,41	1212,40
254,63	1200,11
254,85	1216,49
255,06	1175,53
255,28	1249,26
255,50	1183,73
255,71	1198,06
255,93	1241,07
256,15	1208,30
256,36	1173,49
256,58	1210,35
256,80	1265,64
257,02	1228,78
257,23	1220,59
257,45	1114,10
257,67	1196,01
257,88	1249,26
258,10	1212,40
258,32	1257,45
258,53	1224,69
258,75	1118,19
258,97	1241,07
259,18	1193,97
259,40	1198,06
259,62	1138,67
259,83	1239,02
260,05	1161,20
260,27	1198,06
260,48	1150,96
260,70	1159,15
260,92	1202,16
261,13	1175,53
261,35	1175,53
261,57	1165,29
261,78	1185,77
262,00	1222,64
262,22	1185,77
262,43	1200,11
262,65	1169,39
262,86	1224,69
263,08	1234,93
263,30	1245,16
263,51	1193,97
263,73	1191,92
263,95	1130,48
264,16	1153,01
264,38	1150,96
264,60	1193,97
264,81	1134,57
265,03	1292,27
265,25	1155,05
265,46	1161,20
265,68	1222,64
265,89	1144,81
266,11	1122,29
266,33	1204,21
266,54	1263,60
266,76	1224,69
266,98	1187,82
267,19	1214,45
267,41	1212,40
267,62	1277,93
267,84	1148,91
268,06	1183,73
268,27	1196,01
268,49	1226,73
268,70	1181,68
268,92	1196,01
269,14	1179,63
269,35	1239,02
269,57	1171,44
269,79	1236,97
270,00	1193,97
270,22	1187,82
270,43	1187,82
270,65	1159,15
270,87	1196,01
271,08	1208,30
271,30	1157,10
271,51	1265,64
271,73	1206,25
271,95	1241,07
272,16	1214,45
272,38	1165,29
272,59	1132,53
272,81	1107,95
273,02	1230,83
273,24	1150,96
273,46	1196,01
273,67	1212,40
273,89	1214,45
274,10	1230,83
274,32	1232,88
274,54	1239,02
274,75	1187,82
274,97	1183,73
275,18	1198,06
275,40	1241,07
275,61	1200,11
275,83	1265,64
276,05	1161,20
276,26	1126,38
276,48	1169,39
276,69	1196,01
276,91	1189,87
277,12	1193,97
277,34	1212,40
277,55	1193,97
277,77	1212,40
277,99	1198,06
278,20	1193,97
278,42	1173,49
278,63	1175,53
278,85	1134,57
279,06	1210,35
279,28	1155,05
279,49	1196,01
279,71	1218,54
279,93	1169,39
280,14	1191,92
280,36	1153,01
280,57	1204,21
280,79	1204,21
281,00	1216,49
281,22	1191,92
281,43	1226,73
281,65	1177,58
281,86	1269,74
282,08	1245,16
282,29	1165,29
282,51	1157,10
282,73	1148,91
282,94	1161,20
283,16	1155,05
283,37	1228,78
283,59	1263,60
283,80	1247,21
284,02	1159,15
284,23	1236,97
284,45	1200,11
284,66	1255,40
284,88	1165,29
285,09	1228,78
285,31	1224,69
285,52	1191,92
285,74	1142,77
285,95	1265,64
286,17	1146,86
286,38	1200,11
286,60	1181,68
286,81	1247,21
287,03	1241,07
287,24	1206,25
287,46	1173,49
287,67	1187,82
287,89	1226,73
288,10	1204,21
288,32	1196,01
288,53	1247,21
288,75	1249,26
288,96	1204,21
289,18	1161,20
289,39	1181,68
289,61	1183,73
289,82	1193,97
290,04	1193,97
290,25	1163,25
290,47	1187,82
290,68	1150,96
290,90	1177,58
291,11	1169,39
291,33	1130,48
291,54	1183,73
291,76	1234,93
291,97	1193,97
292,18	1212,40
292,40	1175,53
292,61	1267,69
292,83	1163,25
293,04	1200,11
293,26	1290,22
293,47	1171,44
293,69	1167,34
293,90	1261,55
294,12	1136,62
294,33	1200,11
294,55	1167,34
294,76	1163,25
294,97	1183,73
295,19	1253,36
295,40	1177,58
295,62	1224,69
295,83	1214,45
296,05	1193,97
296,26	1153,01
296,48	1212,40
296,69	1189,87
296,90	1157,10
297,12	1191,92
297,33	1157,10
297,55	1200,11
297,76	1243,12
297,98	1140,72
298,19	1208,30
298,41	1191,92
298,62	1179,63
298,83	1273,84
299,05	1173,49
299,26	1220,59
299,48	1273,84
299,69	1202,16
299,90	1193,97
300,12	1187,82
300,33	1159,15
300,55	1187,82
300,76	1290,22
300,98	1169,39
301,19	1206,25
301,40	1191,92
301,62	1200,11
301,83	1228,78
302,05	1222,64
302,26	1093,62
302,47	1198,06
302,69	1161,20
302,90	1185,77
303,12	1173,49
303,33	1222,64
303,54	1134,57
303,76	1148,91
303,97	1228,78
304,19	1191,92
304,40	1204,21
304,61	1216,49
304,83	1214,45
305,04	1255,40
305,26	1153,01
305,47	1228,78
305,68	1181,68
305,90	1185,77
306,11	1196,01
306,33	1198,06
306,54	1146,86
306,75	1191,92
306,97	1165,29
307,18	1157,10
307,39	1132,53
307,61	1161,20
307,82	1189,87
308,04	1148,91
308,25	1208,30
308,46	1183,73
308,68	1206,25
308,89	1175,53
309,10	1224,69
309,32	1230,83
309,53	1110,00
309,74	1185,77
309,96	1163,25
310,17	1232,88
310,39	1257,45
310,60	1196,01
310,81	1097,71
311,03	1165,29
311,24	1228,78
311,45	1169,39
311,67	1296,36
311,88	1212,40
312,09	1140,72
312,31	1140,72
312,52	1241,07
312,73	1210,35
312,95	1220,59
313,16	1234,93
313,37	1187,82
313,59	1189,87
313,80	1167,34
314,01	1181,68
314,23	1122,29
314,44	1136,62
314,65	1173,49
314,87	1103,86
315,08	1228,78
315,29	1226,73
315,51	1189,87
315,72	1228,78
315,93	1218,54
316,15	1191,92
316,36	1191,92
316,57	1191,92
316,79	1187,82
317,00	1200,11
317,21	1189,87
317,43	1175,53
317,64	1163,25
317,85	1230,83
318,07	1181,68
318,28	1318,89
318,49	1181,68
318,70	1148,91
318,92	1144,81
319,13	1142,77
319,34	1148,91
319,56	1097,71
319,77	1155,05
319,98	1187,82
320,20	1159,15
320,41	1202,16
320,62	1167,34
320,83	1206,25
321,05	1177,58
321,26	1243,12
321,47	1187,82
321,69	1218,54
321,90	1140,72
322,11	1216,49
322,32	1134,57
322,54	1216,49
322,75	1175,53
322,96	1232,88
323,18	1136,62
323,39	1239,02
323,60	1212,40
323,81	1212,40
324,03	1218,54
324,24	1253,36
324,45	1107,95
324,66	1249,26
324,88	1165,29
325,09	1277,93
325,30	1185,77
325,52	1161,20
325,73	1222,64
325,94	1161,20
326,15	1241,07
326,37	1204,21
326,58	1218,54
326,79	1146,86
327,00	1161,20
327,22	1216,49
327,43	1175,53
327,64	1253,36
327,85	1150,96
328,07	1173,49
328,28	1251,31
328,49	1214,45
328,70	1175,53
328,92	1171,44
329,13	1177,58
329,34	1144,81
329,55	1126,38
329,76	1249,26
329,98	1245,16
330,19	1271,79
330,40	1161,20
330,61	1224,69
330,83	1191,92
331,04	1175,53
331,25	1214,45
331,46	1163,25
331,68	1110,00
331,89	1181,68
332,10	1241,07
332,31	1165,29
332,52	1204,21
332,74	1230,83
332,95	1191,92
333,16	1198,06
333,37	1175,53
333,58	1165,29
333,80	1198,06
334,01	1105,90
334,22	1265,64
334,43	1167,34
334,64	1218,54
334,86	1177,58
335,07	1216,49
335,28	1177,58
335,49	1167,34
335,70	1218,54
335,92	1218,54
336,13	1198,06
336,34	1286,12
336,55	1150,96
336,76	1220,59
336,98	1181,68
337,19	1218,54
337,40	1273,84
337,61	1157,10
337,82	1255,40
338,04	1271,79
338,25	1202,16
338,46	1171,44
338,67	1183,73
338,88	1253,36
339,09	1196,01
339,31	1210,35
339,52	1196,01
339,73	1150,96
339,94	1228,78
340,15	1202,16
340,36	1181,68
340,58	1136,62
340,79	1150,96
341,00	1251,31
341,21	1206,25
341,42	1183,73
341,63	1150,96
341,85	1179,63
342,06	1226,73
342,27	1206,25
342,48	1273,84
342,69	1232,88
342,90	1150,96
343,12	1169,39
343,33	1175,53
343,54	1169,39
343,75	1130,48
343,96	1185,77
344,17	1185,77
344,38	1179,63
344,60	1155,05
344,81	1251,31
345,02	1181,68
345,23	1247,21
345,44	1249,26
345,65	1220,59
345,86	1226,73
346,07	1206,25
346,29	1222,64
346,50	1189,87
346,71	1187,82
346,92	1185,77
347,13	1183,73
347,34	1179,63
347,55	1191,92
347,76	1126,38
347,98	1204,21
348,19	1146,86
348,40	1159,15
348,61	1196,01
348,82	1204,21
349,03	1124,33
349,24	1232,88
349,45	1224,69
349,66	1185,77
349,88	1212,40
350,09	1150,96
350,30	1253,36
350,51	1224,69
350,72	1167,34
350,93	1193,97
351,14	1155,05
351,35	1214,45
351,56	1220,59
351,77	1138,67
351,99	1191,92
352,20	1202,16
352,41	1189,87
352,62	1232,88
352,83	1118,19
353,04	1206,25
353,25	1230,83
353,46	1279,98
353,67	1146,86
353,88	1249,26
354,09	1150,96
354,30	1234,93
354,52	1193,97
354,73	1220,59
354,94	1079,28
355,15	1144,81
355,36	1236,97
355,57	1269,74
355,78	1218,54
355,99	1247,21
356,20	1189,87
356,41	1224,69
356,62	1169,39
356,83	1193,97
357,04	1155,05
357,25	1249,26
357,46	1243,12
357,68	1222,64
357,89	1236,97
358,10	1187,82
358,31	1200,11
358,52	1140,72
358,73	1204,21
358,94	1200,11
359,15	1222,64
359,36	1191,92
359,57	1179,63
359,78	1183,73
359,99	1163,25
360,20	1142,77
360,41	1294,32
360,62	1224,69
360,83	1177,58
361,04	1189,87
361,25	1089,52
361,46	1259,50
361,67	1153,01
361,88	1159,15
362,09	1157,10
362,30	1228,78
362,51	1183,73
362,72	1236,97
362,93	1208,30
363,14	1239,02
363,35	1212,40
363,56	1155,05
363,78	1216,49
363,99	1294,32
364,20	1214,45
364,41	1175,53
364,62	1259,50
364,83	1234,93
365,04	1200,11
365,25	1230,83
365,46	1163,25
365,67	1171,44
365,88	1286,12
366,09	1200,11
366,30	1198,06
366,51	1134,57
366,72	1181,68
366,93	1239,02
367,14	1202,16
367,35	1144,81
367,56	1126,38
367,77	1163,25
367,98	1191,92
368,18	1173,49
368,39	1167,34
368,60	1222,64
368,81	1210,35
369,02	1216,49
369,23	1214,45
369,44	1099,76
369,65	1191,92
369,86	1255,40
370,07	1224,69
370,28	1224,69
370,49	1241,07
370,70	1189,87
370,91	1163,25
371,12	1191,92
371,33	1247,21
371,54	1118,19
371,75	1210,35
371,96	1208,30
372,17	1183,73
372,38	1167,34
372,59	1171,44
372,80	1175,53
373,01	1218,54
373,22	1122,29
373,43	1153,01
373,64	1056,75
373,85	1148,91
374,06	1200,11
374,26	1169,39
374,47	1220,59
374,68	1191,92
374,89	1189,87
375,10	1144,81
375,31	1187,82
375,52	1241,07
375,73	1177,58
375,94	1116,14
376,15	1134,57
376,36	1177,58
376,57	1279,98
376,78	1175,53
376,99	1224,69
377,20	1253,36
377,40	1212,40
377,61	1198,06
377,82	1198,06
378,03	1146,86
378,24	1204,21
378,45	1222,64
378,66	1181,68
378,87	1245,16
379,08	1279,98
379,29	1175,53
379,50	1251,31
379,71	1122,29
379,91	1228,78
380,12	1214,45
380,33	1155,05
380,54	1179,63
380,75	1181,68
380,96	1163,25
381,17	1136,62
381,38	1206,25
381,59	1200,11
381,80	1175,53
382,00	1288,17
382,21	1245,16
382,42	1216,49
382,63	1183,73
382,84	1175,53
383,05	1198,06
383,26	1216,49
383,47	1265,64
383,68	1204,21
383,88	1200,11
384,09	1275,88
384,30	1220,59
384,51	1214,45
384,72	1191,92
384,93	1224,69
385,14	1179,63
385,35	1265,64
385,55	1120,24
385,76	1306,60
385,97	1183,73
386,18	1189,87
386,39	1177,58
386,60	1239,02
386,81	1167,34
387,02	1150,96
387,22	1150,96
387,43	1167,34
387,64	1144,81
387,85	1212,40
388,06	1204,21
388,27	1120,24
388,48	1181,68
388,68	1226,73
388,89	1134,57
389,10	1130,48
389,31	1247,21
389,52	1167,34
389,73	1155,05
389,93	1167,34
390,14	1212,40
390,35	1200,11
390,56	1193,97
390,77	1196,01
390,98	1181,68
391,18	1216,49
391,39	1153,01
391,60	1173,49
391,81	1222,64
392,02	1257,45
392,23	1210,35
392,43	1165,29
392,64	1148,91
392,85	1234,93
393,06	1265,64
393,27	1210,35
393,47	1144,81
393,68	1208,30
393,89	1222,64
394,10	1196,01
394,31	1159,15
394,52	1206,25
394,72	1163,25
394,93	1114,10
395,14	1105,90
395,35	1212,40
395,56	1204,21
395,76	1175,53
395,97	1200,11
396,18	1263,60
396,39	1116,14
396,60	1273,84
396,80	1236,97
397,01	1187,82
397,22	1212,40
397,43	1214,45
397,64	1191,92
397,84	1157,10
398,05	1159,15
398,26	1171,44
398,47	1198,06
398,67	1208,30
398,88	1214,45
399,09	1193,97
399,30	1214,45
399,51	1148,91
399,71	1189,87
399,92	1216,49
400,13	1218,54
400,34	1196,01
400,54	1214,45
400,75	1179,63
400,96	1173,49
401,17	1165,29
401,37	1224,69
401,58	1110,00
401,79	1171,44
402,00	1179,63
402,21	1153,01
402,41	1214,45
402,62	1159,15
402,83	1163,25
403,04	1159,15
403,24	1277,93
403,45	1107,95
403,66	1167,34
403,87	1257,45
404,07	1216,49
404,28	1206,25
404,49	1239,02
404,70	1210,35
404,90	1134,57
405,11	1118,19
405,32	1241,07
405,52	1185,77
405,73	1163,25
405,94	1196,01
406,15	1150,96
406,35	1247,21
406,56	1206,25
406,77	1126,38
406,98	1198,06
407,18	1198,06
407,39	1171,44
407,60	1142,77
407,80	1196,01
408,01	1144,81
408,22	1161,20
408,43	1224,69
408,63	1200,11
408,84	1153,01
409,05	1118,19
409,25	1232,88
409,46	1198,06
409,67	1167,34
409,88	1282,03
410,08	1122,29
410,29	1226,73
410,50	1189,87
410,70	1249,26
410,91	1171,44
411,12	1200,11
411,32	1257,45
411,53	1175,53
411,74	1294,32
411,95	1212,40
412,15	1232,88
412,36	1161,20
412,57	1216,49
412,77	1228,78
412,98	1157,10
413,19	1239,02
413,39	1196,01
413,60	1243,12
413,81	1130,48
414,01	1220,59
414,22	1193,97
414,43	1214,45
414,63	1150,96
414,84	1181,68
415,05	1218,54
415,25	1179,63
415,46	1155,05
415,67	1236,97
415,87	1200,11
416,08	1243,12
416,29	1243,12
416,49	1234,93
416,70	1239,02
416,91	1200,11
417,11	1273,84
417,32	1155,05
417,53	1146,86
417,73	1275,88
417,94	1212,40
418,15	1200,11
418,35	1200,11
418,56	1214,45
418,77	1191,92
418,97	1232,88
419,18	1196,01
419,38	1167,34
419,59	1216,49
419,80	1206,25
420,00	1216,49
420,21	1216,49
420,42	1236,97
420,62	1189,87
420,83	1159,15
421,04	1159,15
421,24	1128,43
421,45	1138,67
421,65	1286,12
421,86	1196,01
422,07	1107,95
422,27	1175,53
422,48	1105,90
422,69	1214,45
422,89	1189,87
423,10	1163,25
423,30	1118,19
423,51	1279,98
423,72	1204,21
423,92	1196,01
424,13	1183,73
424,33	1230,83
424,54	1191,92
424,75	1218,54
424,95	1159,15
425,16	1177,58
425,36	1157,10
425,57	1181,68
425,78	1191,92
425,98	1296,36
426,19	1255,40
426,39	1193,97
426,60	1177,58
426,81	1232,88
427,01	1257,45
427,22	1210,35
427,42	1146,86
427,63	1208,30
427,83	1173,49
428,04	1239,02
428,25	1118,19
428,45	1212,40
428,66	1134,57
428,86	1232,88
429,07	1208,30
429,28	1187,82
429,48	1175,53
429,69	1136,62
429,89	1159,15
430,10	1214,45
430,30	1171,44
430,51	1142,77
430,71	1216,49
430,92	1226,73
431,13	1148,91
431,33	1173,49
431,54	1153,01
431,74	1241,07
431,95	1214,45
432,15	1220,59
432,36	1179,63
432,56	1232,88
432,77	1153,01
432,98	1224,69
433,18	1165,29
433,39	1171,44
433,59	1218,54
433,80	1208,30
434,00	1218,54
434,21	1200,11
434,41	1185,77
434,62	1247,21
434,82	1146,86
435,03	1146,86
435,23	1157,10
435,44	1245,16
435,64	1218,54
435,85	1212,40
436,06	1224,69
436,26	1200,11
436,47	1318,89
436,67	1144,81
436,88	1212,40
437,08	1142,77
437,29	1148,91
437,49	1134,57
437,70	1155,05
437,90	1189,87
438,11	1212,40
438,31	1216,49
438,52	1191,92
438,72	1200,11
438,93	1175,53
439,13	1259,50
439,34	1200,11
439,54	1218,54
439,75	1187,82
439,95	1216,49
440,16	1169,39
440,36	1181,68
440,57	1224,69
440,77	1183,73
440,98	1196,01
441,18	1236,97
441,39	1159,15
441,59	1140,72
441,80	1208,30
442,00	1220,59
442,21	1122,29
442,41	1183,73
442,62	1204,21
442,82	1163,25
443,02	1196,01
443,23	1259,50
443,43	1183,73
443,64	1173,49
443,84	1210,35
444,05	1224,69
444,25	1259,50
444,46	1144,81
444,66	1167,34
444,87	1249,26
445,07	1220,59
445,28	1138,67
445,48	1189,87
445,69	1134,57
445,89	1185,77
446,09	1212,40
446,30	1220,59
446,50	1120,24
446,71	1175,53
446,91	1142,77
447,12	1140,72
447,32	1214,45
447,53	1224,69
447,73	1212,40
447,93	1163,25
448,14	1159,15
448,34	1146,86
448,55	1241,07
448,75	1169,39
448,96	1208,30
449,16	1216,49
449,36	1169,39
449,57	1208,30
449,77	1181,68
449,98	1224,69
450,18	1142,77
450,39	1101,81
450,59	1183,73
450,79	1167,34
451,00	1181,68
451,20	1185,77
451,41	1159,15
451,61	1234,93
451,81	1169,39
452,02	1224,69
452,22	1218,54
452,43	1191,92
452,63	1263,60
452,84	1132,53
453,04	1226,73
453,24	1126,38
453,45	1206,25
453,65	1155,05
453,86	1128,43
454,06	1181,68
454,26	1214,45
454,47	1122,29
454,67	1202,16
454,87	1120,24
455,08	1128,43
455,28	1232,88
455,49	1220,59
455,69	1218,54
455,89	1249,26
456,10	1226,73
456,30	1265,64
456,51	1187,82
456,71	1243,12
456,91	1153,01
457,12	1189,87
457,32	1275,88
457,52	1185,77
457,73	1181,68
457,93	1189,87
458,14	1185,77
458,34	1218,54
458,54	1185,77
458,75	1239,02
458,95	1200,11
459,15	1161,20
459,36	1185,77
459,56	1181,68
459,76	1220,59
459,97	1165,29
460,17	1159,15
460,37	1232,88
460,58	1130,48
460,78	1165,29
460,99	1169,39
461,19	1175,53
461,39	1202,16
461,60	1124,33
461,80	1249,26
462,00	1196,01
462,21	1204,21
462,41	1155,05
462,61	1142,77
462,82	1183,73
463,02	1208,30
463,22	1249,26
463,43	1228,78
463,63	1228,78
463,83	1206,25
464,04	1146,86
464,24	1157,10
464,44	1239,02
464,64	1171,44
464,85	1210,35
465,05	1167,34
465,25	1208,30
465,46	1232,88
465,66	1249,26
465,86	1144,81
466,07	1208,30
466,27	1200,11
466,47	1134,57
466,68	1169,39
466,88	1228,78
467,08	1214,45
467,29	1173,49
467,49	1167,34
467,69	1173,49
467,89	1212,40
468,10	1198,06
468,30	1148,91
468,50	1181,68
468,71	1169,39
468,91	1200,11
469,11	1241,07
469,31	1241,07
469,52	1196,01
469,72	1191,92
469,92	1132,53
470,13	1212,40
470,33	1157,10
470,53	1241,07
470,73	1187,82
470,94	1241,07
471,14	1124,33
471,34	1187,82
471,54	1138,67
471,75	1187,82
471,95	1216,49
472,15	1257,45
472,36	1218,54
472,56	1202,16
472,76	1169,39
472,96	1146,86
473,17	1228,78
473,37	1155,05
473,57	1155,05
473,77	1216,49
473,98	1210,35
474,18	1189,87
474,38	1169,39
474,58	1159,15
474,79	1155,05
474,99	1167,34
475,19	1249,26
475,39	1140,72
475,60	1138,67
475,80	1193,97
476,00	1269,74
476,20	1171,44
476,41	1196,01
476,61	1142,77
476,81	1257,45
477,01	1175,53
477,21	1236,97
477,42	1179,63
477,62	1134,57
477,82	1216,49
478,02	1132,53
478,23	1251,31
478,43	1126,38
478,63	1148,91
478,83	1247,21
479,03	1189,87
479,24	1239,02
479,44	1191,92
479,64	1189,87
479,84	1181,68
480,04	1269,74
480,25	1204,21
480,45	1130,48
480,65	1165,29
480,85	1218,54
481,06	1210,35
481,26	1212,40
481,46	1216,49
481,66	1157,10
481,86	1183,73
482,06	1179,63
482,27	1218,54
482,47	1157,10
482,67	1234,93
482,87	1159,15
483,07	1214,45
483,28	1200,11
483,48	1224,69
483,68	1169,39
483,88	1206,25
484,08	1122,29
484,29	1220,59
484,49	1191,92
484,69	1271,79
484,89	1187,82
485,09	1316,84
485,29	1167,34
485,50	1230,83
485,70	1187,82
485,90	1214,45
486,10	1167,34
486,30	1226,73
486,50	1232,88
486,71	1179,63
486,91	1181,68
487,11	1179,63
487,31	1179,63
487,51	1247,21
487,71	1124,33
487,91	1204,21
488,12	1191,92
488,32	1191,92
488,52	1228,78
488,72	1200,11
488,92	1226,73
489,12	1187,82
489,32	1185,77
489,53	1191,92
489,73	1155,05
489,93	1146,86
490,13	1232,88
490,33	1132,53
490,53	1177,58
490,73	1202,16
490,94	1193,97
491,14	1230,83
491,34	1177,58
491,54	1181,68
491,74	1193,97
491,94	1181,68
492,14	1171,44
492,34	1224,69
492,54	1163,25
492,75	1173,49
492,95	1185,77
493,15	1155,05
493,35	1173,49
493,55	1181,68
493,75	1187,82
493,95	1236,97
494,15	1171,44
494,35	1126,38
494,56	1196,01
494,76	1234,93
494,96	1261,55
495,16	1150,96
495,36	1224,69
495,56	1159,15
495,76	1146,86
495,96	1228,78
496,16	1208,30
496,36	1189,87
496,56	1189,87
496,77	1187,82
496,97	1132,53
497,17	1150,96
497,37	1193,97
497,57	1226,73
497,77	1193,97
497,97	1230,83
498,17	1222,64
498,37	1138,67
498,57	1202,16
498,77	1167,34
498,97	1146,86
499,17	1224,69
499,38	1175,53
499,58	1163,25
499,78	1193,97
499,98	1236,97
500,18	1177,58
500,38	1163,25
500,58	1220,59
500,78	1202,16
500,98	1181,68
501,18	1187,82
501,38	1218,54
501,58	1124,33
501,78	1269,74
501,98	1196,01
502,18	1196,01
502,38	1159,15
502,58	1124,33
502,78	1128,43
502,98	1179,63
503,18	1159,15
503,38	1126,38
503,59	1208,30
503,79	1183,73
503,99	1292,27
504,19	1253,36
504,39	1124,33
504,59	1179,63
504,79	1191,92
504,99	1200,11
505,19	1220,59
505,39	1249,26
505,59	1232,88
505,79	1146,86
505,99	1191,92
506,19	1206,25
506,39	1202,16
506,59	1169,39
506,79	1150,96
506,99	1161,20
507,19	1232,88
507,39	1259,50
507,59	1214,45
507,79	1134,57
507,99	1177,58
508,19	1200,11
508,39	1220,59
508,59	1286,12
508,79	1173,49
508,99	1257,45
509,19	1224,69
509,39	1189,87
509,59	1249,26
509,79	1185,77
509,99	1189,87
510,19	1187,82
510,39	1306,60
510,59	1200,11
510,79	1241,07
510,99	1198,06
511,19	1177,58
511,39	1179,63
511,59	1155,05
511,79	1189,87
511,99	1198,06
512,19	1257,45
512,38	1198,06
512,58	1222,64
512,78	1122,29
512,98	1200,11
513,18	1177,58
513,38	1232,88
513,58	1175,53
513,78	1212,40
513,98	1126,38
514,18	1155,05
514,38	1220,59
514,58	1261,55
514,78	1159,15
514,98	1167,34
515,18	1232,88
515,38	1187,82
515,58	1163,25
515,78	1228,78
515,98	1202,16
516,18	1153,01
516,38	1163,25
516,57	1216,49
516,77	1191,92
516,97	1200,11
517,17	1189,87
517,37	1148,91
517,57	1279,98
517,77	1241,07
517,97	1259,50
518,17	1230,83
518,37	1202,16
518,57	1118,19
518,77	1261,55
518,97	1228,78
519,16	1175,53
519,36	1134,57
519,56	1155,05
519,76	1181,68
519,96	1214,45
520,16	1243,12
520,36	1212,40
520,56	1183,73
520,76	1171,44
520,96	1288,17
521,16	1157,10
521,35	1232,88
521,55	1222,64
521,75	1171,44
521,95	1265,64
522,15	1126,38
522,35	1169,39
522,55	1163,25
522,75	1241,07
522,95	1230,83
523,14	1212,40
523,34	1220,59
523,54	1181,68
523,74	1122,29
523,94	1196,01
524,14	1189,87
524,34	1191,92
524,54	1083,38
524,73	1208,30
524,93	1204,21
525,13	1216,49
525,33	1150,96
525,53	1236,97
525,73	1146,86
525,93	1208,30
526,13	1208,30
526,32	1163,25
526,52	1169,39
526,72	1243,12
526,92	1212,40
527,12	1155,05
527,32	1191,92
527,52	1181,68
527,71	1208,30
527,91	1148,91
528,11	1150,96
528,31	1187,82
528,51	1226,73
528,71	1177,58
528,90	1179,63
529,10	1128,43
529,30	1169,39
529,50	1191,92
529,70	1257,45
529,90	1196,01
530,09	1161,20
530,29	1167,34
530,49	1093,62
530,69	1255,40
530,89	1241,07
531,09	1153,01
531,28	1130,48
531,48	1161,20
531,68	1204,21
531,88	1200,11
532,08	1167,34
532,28	1191,92
532,47	1267,69
532,67	1187,82
532,87	1198,06
533,07	1253,36
533,27	1181,68
533,46	1169,39
533,66	1210,35
533,86	1245,16
534,06	1159,15
534,26	1187,82
534,45	1105,90
534,65	1208,30
534,85	1224,69
535,05	1181,68
535,25	1177,58
535,44	1105,90
535,64	1216,49
535,84	1191,92
536,04	1118,19
536,24	1165,29
536,43	1185,77
536,63	1202,16
536,83	1169,39
537,03	1187,82
537,22	1095,66
537,42	1165,29
537,62	1224,69
537,82	1206,25
538,02	1189,87
538,21	1181,68
538,41	1187,82
538,61	1144,81
538,81	1239,02
539,00	1241,07
539,20	1118,19
539,40	1220,59
539,60	1128,43
539,79	1189,87
539,99	1144,81
540,19	1273,84
540,39	1218,54
540,58	1183,73
540,78	1200,11
540,98	1191,92
541,18	1239,02
541,37	1175,53
541,57	1083,38
541,77	1206,25
541,97	1159,15
542,16	1187,82
542,36	1183,73
542,56	1167,34
542,76	1212,40
542,95	1212,40
543,15	1163,25
543,35	1247,21
543,54	1196,01
543,74	1144,81
543,94	1206,25
544,14	1183,73
544,33	1165,29
544,53	1277,93
544,73	1187,82
544,93	1183,73
545,12	1146,86
545,32	1175,53
545,52	1187,82
545,71	1269,74
545,91	1253,36
546,11	1187,82
546,30	1224,69
546,50	1144,81
546,70	1267,69
546,90	1200,11
547,09	1171,44
547,29	1087,47
547,49	1269,74
547,68	1206,25
547,88	1202,16
548,08	1222,64
548,27	1230,83
548,47	1181,68
548,67	1157,10
548,87	1230,83
549,06	1249,26
549,26	1177,58
549,46	1175,53
549,65	1216,49
549,85	1204,21
550,05	1179,63
550,24	1173,49
550,44	1214,45
550,64	1200,11
550,83	1107,95
551,03	1204,21
551,23	1118,19
551,42	1173,49
551,62	1185,77
551,82	1202,16
552,01	1198,06
552,21	1253,36
552,41	1220,59
552,60	1204,21
552,80	1261,55
553,00	1236,97
553,19	1220,59
553,39	1175,53
553,59	1212,40
553,78	1200,11
553,98	1187,82
554,17	1187,82
554,37	1200,11
554,57	1245,16
554,76	1118,19
554,96	1191,92
555,16	1245,16
555,35	1198,06
555,55	1179,63
555,75	1222,64
555,94	1230,83
556,14	1212,40
556,33	1228,78
556,53	1228,78
556,73	1265,64
556,92	1167,34
557,12	1193,97
557,32	1198,06
557,51	1220,59
557,71	1157,10
557,90	1175,53
558,10	1202,16
558,30	1259,50
558,49	1282,03
558,69	1161,20
558,88	1179,63
559,08	1210,35
559,28	1167,34
559,47	1193,97
559,67	1163,25
559,86	1189,87
560,06	1159,15
560,26	1271,79
560,45	1220,59
560,65	1142,77
560,84	1228,78
561,04	1181,68
561,24	1187,82
561,43	1167,34
561,63	1228,78
561,82	1230,83
562,02	1204,21
562,22	1300,46
562,41	1185,77
562,61	1230,83
562,80	1236,97
563,00	1214,45
563,19	1165,29
563,39	1228,78
563,59	1105,90
563,78	1187,82
563,98	1189,87
564,17	1181,68
564,37	1118,19
564,56	1191,92
564,76	1226,73
564,96	1185,77
565,15	1220,59
565,35	1183,73
565,54	1216,49
565,74	1163,25
565,93	1161,20
566,13	1161,20
566,32	1155,05
566,52	1228,78
566,71	1193,97
566,91	1107,95
567,11	1187,82
567,30	1245,16
567,50	1243,12
567,69	1230,83
567,89	1187,82
568,08	1241,07
568,28	1126,38
568,47	1183,73
568,67	1218,54
568,86	1132,53
569,06	1124,33
569,25	1212,40
569,45	1165,29
569,64	1165,29
569,84	1140,72
570,04	1230,83
570,23	1208,30
570,43	1134,57
570,62	1171,44
570,82	1175,53
571,01	1224,69
571,21	1191,92
571,40	1173,49
571,60	1196,01
571,79	1193,97
571,99	1153,01
572,18	1200,11
572,38	1236,97
572,57	1169,39
572,77	1279,98
572,96	1167,34
573,16	1259,50
573,35	1204,21
573,55	1167,34
573,74	1130,48
573,94	1282,03
574,13	1114,10
574,33	1298,41
574,52	1200,11
574,71	1232,88
574,91	1183,73
575,10	1210,35
575,30	1214,45
575,49	1193,97
575,69	1167,34
575,88	1208,30
576,08	1179,63
576,27	1167,34
576,47	1167,34
576,66	1263,60
576,86	1161,20
577,05	1163,25
577,25	1161,20
577,44	1163,25
577,64	1226,73
577,83	1185,77
578,02	1193,97
578,22	1175,53
578,41	1204,21
578,61	1183,73
578,80	1130,48
579,00	1138,67
579,19	1191,92
579,39	1208,30
579,58	1159,15
579,77	1218,54
579,97	1220,59
580,16	1198,06
580,36	1157,10
580,55	1214,45
580,75	1216,49
580,94	1214,45
581,13	1247,21
581,33	1150,96
581,52	1216,49
581,72	1210,35
581,91	1191,92
582,11	1251,31
582,30	1153,01
582,49	1167,34
582,69	1236,97
582,88	1222,64
583,08	1155,05
583,27	1216,49
583,47	1167,34
583,66	1181,68
583,85	1161,20
584,05	1169,39
584,24	1216,49
584,44	1249,26
584,63	1224,69
584,82	1216,49
585,02	1159,15
585,21	1142,77
585,41	1155,05
585,60	1187,82
585,79	1222,64
585,99	1177,58
586,18	1224,69
586,37	1236,97
586,57	1202,16
586,76	1214,45
586,96	1171,44
587,15	1261,55
587,34	1148,91
587,54	1126,38
587,73	1179,63
587,93	1232,88
588,12	1200,11
588,31	1103,86
588,51	1189,87
588,70	1146,86
588,89	1269,74
589,09	1196,01
589,28	1212,40
589,47	1216,49
589,67	1175,53
589,86	1284,08
590,06	1198,06
590,25	1146,86
590,44	1247,21
590,64	1224,69
590,83	1153,01
591,02	1255,40
591,22	1177,58
591,41	1189,87
591,60	1120,24
591,80	1204,21
591,99	1150,96
592,18	1210,35
592,38	1177,58
592,57	1153,01
592,76	1173,49
592,96	1179,63
593,15	1165,29
593,34	1200,11
593,54	1208,30
593,73	1171,44
593,92	1183,73
594,12	1191,92
594,31	1239,02
594,50	1150,96
594,70	1179,63
594,89	1236,97
595,08	1157,10
595,28	1230,83
595,47	1249,26
595,66	1165,29
595,86	1224,69
596,05	1198,06
596,24	1267,69
596,43	1193,97
596,63	1183,73
596,82	1189,87
597,01	1212,40
597,21	1230,83
597,40	1265,64
597,59	1114,10
597,79	1196,01
597,98	1191,92
598,17	1191,92
598,36	1191,92
598,56	1226,73
598,75	1202,16
598,94	1261,55
599,14	1206,25
599,33	1228,78
599,52	1181,68
599,71	1144,81
599,91	1210,35
600,10	1216,49
600,29	1173,49
600,48	1261,55
600,68	1239,02
600,87	1196,01
601,06	1173,49
601,26	1128,43
601,45	1138,67
601,64	1210,35
601,83	1263,60
602,03	1124,33
602,22	1187,82
602,41	1210,35
602,60	1173,49
602,80	1146,86
602,99	1189,87
603,18	1175,53
603,37	1159,15
603,57	1157,10
603,76	1118,19
603,95	1230,83
604,14	1216,49
604,34	1189,87
604,53	1140,72
604,72	1161,20
604,91	1228,78
605,10	1159,15
605,30	1167,34
605,49	1171,44
605,68	1236,97
605,87	1204,21
606,07	1222,64
606,26	1122,29
606,45	1191,92
606,64	1093,62
606,84	1218,54
607,03	1208,30
607,22	1200,11
607,41	1191,92
607,60	1239,02
607,80	1218,54
607,99	1181,68
608,18	1107,95
608,37	1193,97
608,56	1214,45
608,76	1228,78
608,95	1171,44
609,14	1206,25
609,33	1210,35
609,52	1177,58
609,72	1175,53
609,91	1157,10
610,10	1257,45
610,29	1171,44
610,48	1202,16
610,68	1210,35
610,87	1183,73
611,06	1218,54
611,25	1191,92
611,44	1230,83
611,63	1054,70
611,83	1206,25
612,02	1226,73
612,21	1148,91
612,40	1202,16
612,59	1171,44
612,79	1196,01
612,98	1206,25
613,17	1234,93
613,36	1163,25
613,55	1204,21
613,74	1263,60
613,93	1226,73
614,13	1167,34
614,32	1191,92
614,51	1247,21
614,70	1163,25
614,89	1173,49
615,08	1187,82
615,28	1253,36
615,47	1136,62
615,66	1175,53
615,85	1220,59
616,04	1185,77
616,23	1187,82
616,42	1099,76
616,62	1183,73
616,81	1122,29
617,00	1224,69
617,19	1292,27
617,38	1204,21
617,57	1294,32
617,76	1202,16
617,95	1218,54
618,15	1159,15
618,34	1239,02
618,53	1142,77
618,72	1245,16
618,91	1167,34
619,10	1249,26
619,29	1191,92
619,48	1271,79
619,68	1150,96
619,87	1259,50
620,06	1247,21
620,25	1214,45
620,44	1212,40
620,63	1218,54
620,82	1202,16
621,01	1169,39
621,20	1148,91
621,39	1173,49
621,59	1191,92
621,78	1196,01
621,97	1173,49
622,16	1196,01
622,35	1208,30
622,54	1126,38
622,73	1122,29
622,92	1216,49
623,11	1210,35
623,30	1114,10
623,49	1163,25
623,68	1173,49
623,88	1222,64
624,07	1224,69
624,26	1218,54
624,45	1120,24
624,64	1142,77
624,83	1167,34
625,02	1228,78
625,21	1165,29
625,40	1181,68
625,59	1243,12
625,78	1228,78
625,97	1116,14
626,16	1241,07
626,35	1216,49
626,54	1234,93
626,74	1224,69
626,93	1196,01
627,12	1263,60
627,31	1218,54
627,50	1273,84
627,69	1224,69
627,88	1204,21
628,07	1169,39
628,26	1288,17
628,45	1163,25
628,64	1206,25
628,83	1251,31
629,02	1220,59
629,21	1177,58
629,40	1241,07
629,59	1236,97
629,78	1193,97
629,97	1247,21
630,16	1183,73
630,35	1298,41
630,54	1236,97
630,73	1140,72
630,92	1189,87
631,11	1175,53
631,30	1214,45
631,49	1308,65
631,68	1396,71
631,87	2611,16
632,06	8079,24
632,25	17506,04
632,44	21655,22
632,63	28108,37
632,82	14774,05
633,01	8546,17
633,20	4042,69
633,39	2199,52
633,58	1689,57
633,77	1816,55
633,96	1599,46
634,15	1449,96
634,34	1413,10
634,53	1380,33
634,72	1361,90
634,91	1296,36
635,10	1357,80
635,29	1257,45
635,48	1236,97
635,67	1224,69
635,86	1243,12
636,05	1161,20
636,24	1157,10
636,43	1196,01
636,62	1290,22
636,81	1130,48
637,00	1204,21
637,19	1284,08
637,38	1193,97
637,57	1146,86
637,76	1185,77
637,95	1150,96
638,14	1163,25
638,33	1187,82
638,52	1234,93
638,71	1181,68
638,89	1175,53
639,08	1228,78
639,27	1189,87
639,46	1218,54
639,65	1175,53
639,84	1212,40
640,03	1198,06
640,22	1214,45
640,41	1214,45
640,60	1134,57
640,79	1146,86
640,98	1161,20
641,17	1198,06
641,36	1251,31
641,55	1191,92
641,74	1234,93
641,92	1224,69
642,11	1257,45
642,30	1173,49
642,49	1196,01
642,68	1187,82
642,87	1200,11
643,06	1200,11
643,25	1183,73
643,44	1193,97
643,63	1187,82
643,82	1234,93
644,00	1175,53
644,19	1196,01
644,38	1232,88
644,57	1232,88
644,76	1241,07
644,95	1163,25
645,14	1144,81
645,33	1198,06
645,52	1191,92
645,71	1157,10
645,89	1282,03
646,08	1124,33
646,27	1177,58
646,46	1202,16
646,65	1185,77
646,84	1253,36
647,03	1163,25
647,22	1232,88
647,40	1144,81
647,59	1204,21
647,78	1214,45
647,97	1257,45
648,16	1183,73
648,35	1189,87
648,54	1210,35
648,73	1216,49
648,91	1167,34
649,10	1157,10
649,29	1196,01
649,48	1200,11
649,67	1177,58
649,86	1212,40
650,05	1179,63
650,23	1173,49
650,42	1196,01
650,61	1208,30
650,80	1234,93
650,99	1196,01
651,18	1216,49
651,36	1282,03
651,55	1206,25
651,74	1210,35
651,93	1163,25
652,12	1226,73
652,31	1212,40
652,49	1208,30
652,68	1304,56
652,87	1130,48
653,06	1196,01
653,25	1200,11
653,44	1214,45
653,62	1265,64
653,81	1132,53
654,00	1241,07
654,19	1216,49
654,38	1239,02
654,56	1153,01
654,75	1159,15
654,94	1255,40
655,13	1157,10
655,32	1142,77
655,51	1224,69
655,69	1232,88
655,88	1265,64
656,07	1181,68
656,26	1204,21
656,45	1173,49
656,63	1155,05
656,82	1232,88
657,01	1198,06
657,20	1128,43
657,38	1232,88
657,57	1110,00
657,76	1140,72
657,95	1177,58
658,14	1214,45
658,32	1153,01
658,51	1214,45
658,70	1212,40
658,89	1142,77
659,08	1183,73
659,26	1216,49
659,45	1085,42
659,64	1220,59
659,83	1267,69
660,01	1251,31
660,20	1232,88
660,39	1196,01
660,58	1222,64
660,76	1306,60
660,95	1183,73
661,14	1216,49
661,33	1161,20
661,51	1183,73
661,70	1220,59
661,89	1179,63
662,08	1251,31
662,26	1159,15
662,45	1200,11
662,64	1239,02
662,83	1193,97
663,01	1224,69
663,20	1224,69
663,39	1159,15
663,58	1167,34
663,76	1167,34
663,95	1228,78
664,14	1183,73
664,32	1173,49
664,51	1245,16
664,70	1169,39
664,89	1206,25
665,07	1175,53
665,26	1232,88
665,45	1114,10
665,64	1183,73
665,82	1159,15
666,01	1173,49
666,20	1107,95
666,38	1236,97
666,57	1183,73
666,76	1208,30
666,95	1196,01
667,13	1157,10
667,32	1196,01
667,51	1155,05
667,69	1185,77
667,88	1214,45
668,07	1214,45
668,25	1167,34
668,44	1200,11
668,63	1249,26
668,81	1232,88
669,00	1142,77
669,19	1175,53
669,38	1187,82
669,56	1171,44
669,75	1161,20
669,94	1212,40
670,12	1163,25
670,31	1255,40
670,50	1304,56
670,68	1204,21
670,87	1148,91
671,06	1204,21
671,24	1228,78
671,43	1185,77
671,62	1273,84
671,80	1212,40
671,99	1187,82
672,18	1214,45
672,36	1134,57
672,55	1210,35
672,74	1228,78
672,92	1230,83
673,11	1202,16
673,29	1198,06
673,48	1271,79
673,67	1165,29
673,85	1232,88
674,04	1175,53
674,23	1193,97
674,41	1204,21
674,60	1153,01
674,79	1198,06
674,97	1261,55
675,16	1187,82
675,34	1214,45
675,53	1261,55
675,72	1273,84
675,90	1206,25
676,09	1157,10
676,28	1177,58
676,46	1241,07
676,65	1136,62
676,83	1204,21
677,02	1130,48
677,21	1198,06
677,39	1189,87
677,58	1212,40
677,77	1185,77
677,95	1234,93
678,14	1140,72
678,32	1161,20
678,51	1206,25
678,70	1196,01
678,88	1163,25
679,07	1173,49
679,25	1222,64
679,44	1212,40
679,63	1136,62
679,81	1253,36
680,00	1110,00
680,18	1200,11
680,37	1222,64
680,55	1136,62
680,74	1159,15
680,93	1239,02
681,11	1163,25
681,30	1247,21
681,48	1181,68
681,67	1222,64
681,85	1183,73
682,04	1204,21
682,23	1204,21
682,41	1167,34
682,60	1232,88
682,78	1216,49
682,97	1253,36
683,15	1220,59
683,34	1222,64
683,53	1140,72
683,71	1212,40
683,90	1234,93
684,08	1251,31
684,27	1171,44
684,45	1157,10
684,64	1134,57
684,82	1204,21
685,01	1171,44
685,19	1105,90
685,38	1185,77
685,57	1198,06
685,75	1232,88
685,94	1126,38
686,12	1165,29
686,31	1144,81
686,49	1118,19
686,68	1220,59
686,86	1196,01
687,05	1148,91
687,23	1257,45
687,42	1124,33
687,60	1185,77
687,79	1169,39
687,97	1179,63
688,16	1212,40
688,34	1175,53
688,53	1167,34
688,71	1112,05
688,90	1198,06
689,08	1200,11
689,27	1175,53
689,45	1206,25
689,64	1200,11
689,82	1230,83
690,01	1193,97
690,19	1206,25
690,38	1243,12
690,56	1220,59
690,75	1216,49
690,93	1230,83
691,12	1175,53
691,30	1099,76
691,49	1077,23
691,67	1200,11
691,86	1193,97
692,04	1173,49
692,23	1253,36
692,41	1200,11
692,60	1214,45
692,78	1214,45
692,97	1171,44
693,15	1179,63
693,34	1251,31
693,52	1228,78
693,71	1161,20
693,89	1245,16
694,08	1167,34
694,26	1251,31
694,44	1175,53
694,63	1130,48
694,81	1171,44
695,00	1230,83
695,18	1220,59
695,37	1204,21
695,55	1232,88
695,74	1185,77
695,92	1232,88
696,10	1200,11
696,29	1187,82
696,47	1122,29
696,66	1191,92
696,84	1196,01
697,03	1214,45
697,21	1230,83
697,40	1232,88
697,58	1177,58
697,76	1247,21
697,95	1267,69
698,13	1179,63
698,32	1183,73
698,50	1220,59
698,68	1210,35
698,87	1214,45
699,05	1245,16
699,24	1173,49
699,42	1189,87
699,61	1196,01
699,79	1150,96
699,97	1204,21
700,16	1200,11
700,34	1230,83
700,53	1183,73
700,71	1167,34
700,89	1236,97
701,08	1179,63
701,26	1269,74
701,45	1210,35
701,63	1191,92
701,81	1220,59
702,00	1148,91
702,18	1181,68
702,37	1187,82
702,55	1148,91
702,73	1173,49
702,92	1206,25
703,10	1204,21
703,28	1173,49
703,47	1118,19
703,65	1191,92
703,84	1175,53
704,02	1191,92
704,20	1236,97
704,39	1187,82
704,57	1257,45
704,75	1216,49
704,94	1167,34
705,12	1175,53
705,30	1210,35
705,49	1210,35
705,67	1173,49
705,86	1159,15
706,04	1230,83
706,22	1206,25
706,41	1206,25
706,59	1198,06
706,77	1216,49
706,96	1150,96
707,14	1179,63
707,32	1075,18
707,51	1222,64
707,69	1218,54
707,87	1220,59
708,06	1179,63
708,24	1218,54
708,42	1179,63
708,61	1196,01
708,79	1171,44
708,97	1183,73
709,16	1183,73
709,34	1173,49
709,52	1140,72
709,71	1202,16
709,89	1200,11
710,07	1224,69
710,26	1222,64
710,44	1185,77
710,62	1232,88
710,80	1167,34
710,99	1202,16
711,17	1153,01
711,35	1155,05
711,54	1132,53
711,72	1189,87
711,90	1191,92
712,09	1220,59
712,27	1155,05
712,45	1234,93
712,63	1150,96
712,82	1157,10
713,00	1247,21
713,18	1159,15
713,37	1241,07
713,55	1187,82
713,73	1165,29
713,91	1224,69
714,10	1206,25
714,28	1208,30
714,46	1249,26
714,65	1167,34
714,83	1193,97
715,01	1181,68
715,19	1200,11
715,38	1124,33
715,56	1241,07
715,74	1249,26
715,92	1261,55
716,11	1271,79
716,29	1144,81
716,47	1173,49
716,65	1130,48
716,84	1191,92
717,02	1236,97
717,20	1161,20
717,38	1253,36
717,57	1228,78
717,75	1191,92
717,93	1206,25
718,11	1220,59
718,30	1198,06
718,48	1193,97
718,66	1157,10
718,84	1153,01
719,03	1130,48
719,21	1216,49
719,39	1206,25
719,57	1191,92
719,75	1150,96
719,94	1189,87
720,12	1249,26
720,30	1183,73
720,48	1200,11
720,67	1189,87
720,85	1138,67
721,03	1241,07
721,21	1155,05
721,39	1196,01
721,58	1198,06
721,76	1144,81
721,94	1236,97
722,12	1181,68
722,30	1204,21
722,49	1183,73
722,67	1189,87
722,85	1128,43
723,03	1234,93
723,21	1122,29
723,40	1210,35
723,58	1196,01
723,76	1159,15
723,94	1153,01
724,12	1181,68
724,30	1218,54
724,49	1210,35
724,67	1222,64
724,85	1187,82
725,03	1163,25
725,21	1191,92
725,40	1208,30
725,58	1259,50
725,76	1232,88
725,94	1245,16
726,12	1189,87
726,30	1212,40
726,49	1204,21
726,67	1179,63
726,85	1163,25
727,03	1200,11
727,21	1150,96
727,39	1138,67
727,57	1241,07
727,76	1173,49
727,94	1222,64
728,12	1157,10
728,30	1214,45
728,48	1171,44
728,66	1173,49
728,84	1239,02
729,03	1165,29
729,21	1202,16
729,39	1179,63
729,57	1146,86
729,75	1208,30
729,93	1202,16
730,11	1122,29
730,30	1177,58
730,48	1171,44
730,66	1175,53
730,84	1196,01
731,02	1200,11
731,20	1228,78
731,38	1183,73
731,56	1177,58
731,74	1200,11
731,93	1144,81
732,11	1155,05
732,29	1173,49
732,47	1200,11
732,65	1185,77
732,83	1230,83
733,01	1228,78
733,19	1196,01
733,37	1177,58
733,56	1167,34
733,74	1218,54
733,92	1261,55
734,10	1206,25
734,28	1232,88
734,46	1138,67
734,64	1200,11
734,82	1146,86
735,00	1155,05
735,18	1175,53
735,36	1167,34
735,54	1198,06
735,73	1173,49
735,91	1169,39
736,09	1179,63
736,27	1210,35
736,45	1257,45
736,63	1212,40
736,81	1253,36
736,99	1167,34
737,17	1187,82
737,35	1169,39
737,53	1210,35
737,71	1253,36
737,89	1136,62
738,07	1239,02
738,25	1130,48
738,43	1130,48
738,61	1216,49
738,80	1177,58
738,98	1146,86
739,16	1146,86
739,34	1206,25
739,52	1173,49
739,70	1236,97
739,88	1216,49
740,06	1224,69
740,24	1153,01
740,42	1118,19
740,60	1150,96
740,78	1161,20
740,96	1208,30
741,14	1200,11
741,32	1257,45
741,50	1198,06
741,68	1224,69
741,86	1153,01
742,04	1173,49
742,22	1155,05
742,40	1146,86
742,58	1236,97
742,76	1155,05
742,94	1224,69
743,12	1183,73
743,30	1183,73
743,48	1224,69
743,66	1169,39
743,84	1161,20
744,02	1261,55
744,20	1179,63
744,38	1189,87
744,56	1132,53
744,74	1142,77
744,92	1165,29
745,10	1234,93
745,28	1234,93
745,46	1159,15
745,64	1159,15
745,82	1290,22
746,00	1193,97
746,18	1116,14
746,36	1153,01
746,54	1126,38
746,72	1153,01
746,90	1198,06
747,08	1181,68
747,26	1161,20
747,44	1200,11
747,62	1153,01
747,80	1206,25
747,98	1097,71
748,15	1200,11
748,33	1191,92
748,51	1214,45
748,69	1200,11
748,87	1189,87
749,05	1226,73
749,23	1177,58
749,41	1157,10
749,59	1155,05
749,77	1241,07
749,95	1087,47
750,13	1140,72
750,31	1210,35
750,49	1216,49
750,67	1241,07
750,85	1232,88
751,03	1228,78
751,20	1257,45
751,38	1202,16
751,56	1271,79
751,74	1249,26
751,92	1155,05
752,10	1249,26
752,28	1157,10
752,46	1146,86
752,64	1249,26
752,82	1138,67
753,00	1200,11
753,18	1150,96
753,35	1175,53
753,53	1167,34
753,71	1189,87
753,89	1159,15
754,07	1107,95
754,25	1189,87
754,43	1144,81
754,61	1210,35
754,79	1181,68
754,97	1110,00
755,14	1243,12
755,32	1171,44
755,50	1171,44
755,68	1177,58
755,86	1183,73
756,04	1232,88
756,22	1239,02
756,40	1144,81
756,57	1181,68
756,75	1200,11
756,93	1183,73
757,11	1200,11
757,29	1198,06
757,47	1157,10
757,65	1126,38
757,82	1198,06
758,00	1204,21
758,18	1222,64
758,36	1208,30
758,54	1105,90
758,72	1239,02
758,90	1191,92
759,07	1173,49
759,25	1130,48
759,43	1222,64
759,61	1222,64
759,79	1165,29
759,97	1179,63
760,15	1249,26
760,32	1097,71
760,50	1169,39
760,68	1140,72
760,86	1122,29
761,04	1249,26
761,22	1146,86
761,39	1212,40
761,57	1212,40
761,75	1222,64
761,93	1200,11
762,11	1216,49
762,28	1208,30
762,46	1150,96
762,64	1210,35
762,82	1136,62
763,00	1198,06
763,18	1171,44
763,35	1196,01
763,53	1275,88
763,71	1216,49
763,89	1185,77
764,07	1177,58
764,24	1159,15
764,42	1204,21
764,60	1177,58
764,78	1198,06
764,96	1204,21
765,13	1167,34
765,31	1198,06
765,49	1181,68
765,67	1075,18
765,84	1222,64
766,02	1169,39
766,20	1206,25
766,38	1161,20
766,56	1179,63
766,73	1175,53
766,91	1161,20
767,09	1222,64
767,27	1232,88
767,44	1193,97
767,62	1224,69
767,80	1161,20
767,98	1185,77
768,15	1255,40
768,33	1171,44
768,51	1157,10
768,69	1187,82
768,87	1159,15
769,04	1273,84
769,22	1148,91
769,40	1136,62
769,58	1187,82
769,75	1232,88
769,93	1216,49
770,11	1183,73
770,28	1220,59
770,46	1187,82
770,64	1220,59
770,82	1232,88
770,99	1142,77
771,17	1175,53
771,35	1142,77
771,53	1148,91
771,70	1138,67
771,88	1161,20
772,06	1228,78
772,23	1179,63
772,41	1138,67
772,59	1173,49
772,77	1181,68
772,94	1279,98
773,12	1183,73
773,30	1183,73
773,47	1163,25
773,65	1185,77
773,83	1196,01
774,01	1181,68
774,18	1241,07
774,36	1138,67
774,54	1259,50
774,71	1265,64
774,89	1177,58
775,07	1177,58
775,24	1224,69
775,42	1142,77
775,60	1257,45
775,78	1232,88
775,95	1232,88
776,13	1247,21
776,31	1210,35
776,48	1200,11
776,66	1200,11
776,84	1173,49
777,01	1234,93
777,19	1122,29
777,37	1265,64
777,54	1169,39
777,72	1159,15
777,90	1228,78
778,07	1126,38
778,25	1167,34
778,43	1146,86
778,60	1216,49
778,78	1173,49
778,96	1177,58
779,13	1212,40
779,31	1191,92
779,49	1155,05
779,66	1224,69
779,84	1214,45
780,01	1175,53
780,19	1232,88
780,37	1169,39
780,54	1196,01
780,72	1136,62
780,90	1253,36
781,07	1177,58
781,25	1167,34
781,43	1200,11
781,60	1185,77
781,78	1169,39
781,95	1175,53
782,13	1181,68
782,31	1142,77
782,48	1157,10
782,66	1165,29
782,83	1144,81
783,01	1173,49
783,19	1216,49
783,36	1261,55
783,54	1177,58
783,72	1185,77
783,89	1165,29
784,07	1234,93
784,24	1126,38
784,42	1224,69
784,60	1200,11
784,77	1198,06
784,95	1153,01
785,12	1110,00
785,30	1157,10
785,47	1132,53
785,65	1187,82
785,83	1206,25
786,00	1206,25
786,18	1247,21
786,35	1200,11
786,53	1193,97
786,71	1187,82
786,88	1210,35
787,06	1185,77
787,23	1163,25
787,41	1175,53
787,58	1171,44
787,76	1226,73
787,94	1224,69
788,11	1198,06
788,29	1155,05
788,46	1241,07
788,64	1146,86
788,81	1159,15
788,99	1167,34
789,16	1204,21
789,34	1130,48
789,52	1148,91
789,69	1191,92
789,87	1179,63
790,04	1163,25
790,22	1198,06
790,39	1175,53
790,57	1132,53
790,74	1216,49
790,92	1216,49
791,09	1208,30
791,27	1214,45
791,44	1226,73
791,62	1185,77
791,79	1251,31
791,97	1187,82
792,15	1232,88
792,32	1155,05
792,50	1206,25
792,67	1173,49
792,85	1200,11
793,02	1138,67
793,20	1232,88
793,37	1226,73
793,55	1214,45
793,72	1216,49
793,90	1173,49
794,07	1198,06
794,25	1216,49
794,42	1136,62
794,60	1189,87
794,77	1261,55
794,95	1226,73
795,12	1183,73
795,30	1224,69
795,47	1210,35
795,65	1196,01
795,82	1136,62
796,00	1249,26
796,17	1198,06
796,34	1212,40
796,52	1191,92
796,69	1153,01
796,87	1173,49
797,04	1171,44
797,22	1204,21
797,39	1193,97
797,57	1167,34
797,74	1232,88
797,92	1214,45
798,09	1183,73
798,27	1185,77
798,44	1157,10
798,62	1183,73
798,79	1214,45
798,96	1210,35
799,14	1150,96
799,31	1177,58
799,49	1261,55
799,66	1216,49
799,84	1132,53
800,01	1191,92
800,19	1200,11
800,36	1230,83
800,53	1183,73
800,71	1224,69
800,88	1191,92
801,06	1222,64
801,23	1191,92
801,41	1183,73
801,58	1196,01
801,75	1236,97
801,93	1171,44
802,10	1196,01
802,28	1155,05
802,45	1163,25
802,63	1155,05
802,80	1222,64
802,97	1241,07
803,15	1146,86
803,32	1216,49
803,50	1222,64
803,67	1183,73
803,84	1191,92
804,02	1226,73
804,19	1167,34
804,37	1200,11
804,54	1210,35
804,71	1206,25
804,89	1300,46
805,06	1179,63
805,24	1167,34
805,41	1185,77
805,58	1144,81
805,76	1105,90
805,93	1161,20
806,10	1204,21
806,28	1175,53
806,45	1196,01
806,63	1218,54
806,80	1185,77
806,97	1187,82
807,15	1232,88
807,32	1193,97
807,49	1148,91
807,67	1142,77
807,84	1236,97
808,01	1191,92
808,19	1255,40
808,36	1130,48
808,54	1179,63
808,71	1189,87
808,88	1161,20
809,06	1167,34
809,23	1157,10
809,40	1214,45
809,58	1218,54
809,75	1198,06
809,92	1226,73
810,10	1208,30
810,27	1189,87
810,44	1169,39
810,62	1230,83
810,79	1243,12
810,96	1224,69
811,14	1171,44
811,31	1243,12
811,48	1153,01
811,66	1157,10
811,83	1150,96
812,00	1224,69
812,18	1169,39
812,35	1210,35
812,52	1165,29
812,69	1140,72
812,87	1206,25
813,04	1228,78
813,21	1167,34
813,39	1150,96
813,56	1191,92
813,73	1173,49
813,91	1200,11
814,08	1167,34
814,25	1177,58
814,42	1216,49
814,60	1177,58
814,77	1200,11
814,94	1247,21
815,12	1173,49
815,29	1196,01
815,46	1157,10
815,63	1181,68
815,81	1247,21
815,98	1224,69
816,15	1148,91
816,33	1228,78
816,50	1193,97
816,67	1167,34
816,84	1157,10
817,02	1269,74
817,19	1196,01
817,36	1167,34
817,53	1214,45
817,71	1181,68
817,88	1206,25
818,05	1181,68
818,22	1226,73
818,40	1200,11
818,57	1232,88
818,74	1163,25
818,91	1220,59
819,09	1163,25
819,26	1181,68
819,43	1165,29
819,60	1204,21
819,78	1236,97
819,95	1189,87
820,12	1142,77
820,29	1198,06
820,47	1239,02
820,64	1179,63
820,81	1142,77
820,98	1206,25
821,15	1224,69
821,33	1142,77
821,50	1165,29
821,67	1218,54
821,84	1185,77
822,02	1167,34
822,19	1198,06
822,36	1169,39
822,53	1155,05
822,70	1243,12
822,88	1181,68
823,05	1288,17
823,22	1228,78
823,39	1214,45
823,56	1239,02
823,74	1181,68
823,91	1157,10
824,08	1120,24
824,25	1126,38
824,42	1193,97
824,60	1161,20
824,77	1212,40
824,94	1150,96
825,11	1198,06
825,28	1171,44
825,45	1165,29
825,63	1140,72
825,80	1175,53
825,97	1175,53
826,14	1153,01
826,31	1206,25
826,48	1241,07
826,66	1253,36
826,83	1181,68
827,00	1196,01
827,17	1171,44
827,34	1202,16
827,51	1208,30
827,69	1220,59
827,86	1243,12
828,03	1167,34
828,20	1208,30
828,37	1167,34
828,54	1191,92
828,71	1163,25
828,89	1142,77
829,06	1175,53
829,23	1245,16
829,40	1179,63
829,57	1296,36
829,74	1142,77
829,91	1144,81
830,09	1183,73
830,26	1187,82
830,43	1163,25
830,60	1187,82
830,77	1159,15
830,94	1230,83
831,11	1200,11
831,28	1191,92
831,46	1218,54
831,63	1230,83
831,80	1212,40
831,97	1236,97
832,14	1146,86
832,31	1216,49
832,48	1179,63
832,65	1189,87
832,82	1198,06
832,99	1173,49
833,17	1228,78
833,34	1157,10
833,51	1204,21
833,68	1214,45
833,85	1198,06
834,02	1208,30
834,19	1202,16
834,36	1144,81
834,53	1267,69
834,70	1126,38
834,87	1230,83
835,04	1193,97
835,22	1189,87
835,39	1161,20
835,56	1202,16
835,73	1175,53
835,90	1210,35
836,07	1183,73
836,24	1136,62
836,41	1196,01
836,58	1249,26
836,75	1159,15
836,92	1169,39
837,09	1148,91
837,26	1175,53
837,43	1150,96
837,60	1210,35
837,77	1173,49
837,94	1181,68
838,12	1183,73
838,29	1265,64
838,46	1183,73
838,63	1187,82
838,80	1173,49
838,97	1165,29
839,14	1150,96
839,31	1200,11
839,48	1196,01
839,65	1189,87
839,82	1155,05
839,99	1265,64
840,16	1241,07
840,33	1183,73
840,50	1222,64
840,67	1157,10
840,84	1210,35
841,01	1204,21
841,18	1189,87
841,35	1214,45
841,52	1163,25
841,69	1232,88
841,86	1259,50
842,03	1173,49
842,20	1165,29
842,37	1236,97
842,54	1148,91
842,71	1157,10
842,88	1208,30
843,05	1193,97
843,22	1150,96
843,39	1187,82
843,56	1200,11
843,73	1126,38
843,90	1216,49
844,07	1196,01
844,24	1169,39
844,41	1212,40
844,58	1206,25
844,75	1146,86
844,92	1212,40
845,09	1200,11
845,26	1263,60
845,43	1198,06
845,60	1175,53
845,77	1236,97
845,94	1226,73
846,10	1204,21
846,27	1177,58
846,44	1157,10
846,61	1226,73
846,78	1169,39
846,95	1200,11
847,12	1071,09
847,29	1138,67
847,46	1177,58
847,63	1191,92
847,80	1191,92
847,97	1228,78
848,14	1267,69
848,31	1173,49
848,48	1159,15
848,65	1189,87
848,82	1253,36
848,98	1175,53
849,15	1222,64
849,32	1218,54
849,49	1175,53
849,66	1171,44
849,83	1179,63
850,00	1255,40
850,17	1150,96
850,34	1181,68
850,51	1212,40
850,68	1236,97
850,85	1161,20
851,01	1218,54
851,18	1189,87
851,35	1214,45
851,52	1251,31
851,69	1210,35
851,86	1165,29
852,03	1269,74
852,20	1222,64
852,37	1128,43
852,53	1187,82
852,70	1185,77
852,87	1189,87
853,04	1222,64
853,21	1224,69
853,38	1187,82
853,55	1142,77
853,72	1183,73
853,89	1187,82
854,05	1155,05
854,22	1183,73
854,39	1191,92
854,56	1206,25
854,73	1220,59
854,90	1142,77
855,07	1243,12
855,23	1161,20
855,40	1183,73
855,57	1177,58
855,74	1173,49
855,91	1265,64
856,08	1216,49
856,25	1236,97
856,41	1130,48
856,58	1236,97
856,75	1140,72
856,92	1157,10
857,09	1204,21
857,26	1128,43
857,42	1200,11
857,59	1239,02
857,76	1150,96
857,93	1161,20
858,10	1210,35
858,27	1193,97
858,43	1222,64
858,60	1183,73
858,77	1204,21
858,94	1255,40
859,11	1116,14
859,27	1146,86
859,44	1175,53
859,61	1193,97
859,78	1183,73
859,95	1232,88
860,12	1175,53
860,28	1177,58
860,45	1189,87
860,62	1247,21
860,79	1212,40
860,95	1265,64
861,12	1157,10
861,29	1220,59
861,46	1157,10
861,63	1171,44
861,79	1179,63
861,96	1212,40
862,13	1177,58
862,30	1167,34
862,47	1206,25
862,63	1189,87
862,80	1165,29
862,97	1114,10
863,14	1101,81
863,30	1206,25
863,47	1200,11
863,64	1196,01
863,81	1228,78
863,97	1153,01
864,14	1216,49
864,31	1150,96
864,48	1189,87
864,65	1171,44
864,81	1187,82
864,98	1267,69
865,15	1153,01
865,32	1179,63
865,48	1179,63
865,65	1249,26
865,82	1200,11
865,98	1161,20
866,15	1177,58
866,32	1155,05
866,49	1183,73
866,65	1157,10
866,82	1216,49
866,99	1189,87
867,16	1114,10
867,32	1220,59
867,49	1239,02
867,66	1146,86
867,83	1255,40
867,99	1265,64
868,16	1243,12
868,33	1210,35
868,49	1181,68
868,66	1193,97
868,83	1161,20
868,99	1142,77
869,16	1204,21
869,33	1128,43
869,50	1218,54
869,66	1177,58
869,83	1208,30
870,00	1200,11
870,16	1206,25
870,33	1224,69
870,50	1232,88
870,66	1177,58
870,83	1155,05
871,00	1212,40
871,17	1189,87
871,33	1161,20
871,50	1165,29
871,67	1189,87
871,83	1183,73
872,00	1302,51
872,17	1175,53
872,33	1210,35
872,50	1214,45
872,67	1171,44
872,83	1148,91
873,00	1163,25
873,17	1155,05
873,33	1191,92
873,50	1175,53
873,67	1216,49
873,83	1189,87
874,00	1212,40
874,16	1165,29
874,33	1214,45
874,50	1148,91
874,66	1167,34
874,83	1189,87
875,00	1208,30
875,16	1165,29
875,33	1228,78
875,50	1212,40
875,66	1206,25
875,83	1290,22
875,99	1173,49
876,16	1212,40
876,33	1142,77
876,49	1230,83
876,66	1155,05
876,83	1189,87
876,99	1171,44
877,16	1212,40
877,32	1191,92
877,49	1183,73
877,66	1228,78
877,82	1206,25
877,99	1304,56
878,15	1142,77
878,32	1253,36
878,49	1253,36
878,65	1279,98
878,82	1224,69
878,98	1185,77
879,15	1161,20
879,32	1169,39
879,48	1206,25
879,65	1218,54
879,81	1198,06
879,98	1200,11
880,15	1179,63
880,31	1218,54
880,48	1144,81
880,64	1163,25
880,81	1187,82
880,97	1165,29
881,14	1196,01
881,31	1177,58
881,47	1177,58
881,64	1196,01
881,80	1118,19
881,97	1165,29
882,13	1230,83
882,30	1261,55
882,47	1142,77
882,63	1249,26
882,80	1200,11
882,96	1138,67
883,13	1214,45
883,29	1202,16
883,46	1230,83
883,62	1173,49
883,79	1179,63
883,95	1208,30
884,12	1216,49
884,29	1171,44
884,45	1175,53
884,62	1241,07
884,78	1177,58
884,95	1163,25
885,11	1159,15
885,28	1224,69
885,44	1234,93
885,61	1130,48
885,77	1140,72
885,94	1179,63
886,10	1206,25
886,27	1148,91
886,43	1167,34
886,60	1253,36
886,76	1155,05
886,93	1189,87
887,09	1132,53
887,26	1210,35
887,42	1288,17
887,59	1177,58
887,75	1120,24
887,92	1222,64
888,08	1132,53
888,25	1271,79
888,41	1198,06
888,58	1169,39
888,74	1165,29
888,91	1222,64
