177,47	1206,25
177,69	1206,25
177,91	1206,25
178,13	1120,24
178,36	1069,04
178,58	1234,93
178,80	1107,95
179,02	1134,57
179,24	1202,16
179,46	1253,36
179,68	1214,45
179,90	1189,87
180,13	1214,45
180,35	1247,21
180,57	1153,01
180,79	1136,62
181,01	1267,69
181,23	1232,88
181,45	1222,64
181,67	1144,81
181,90	1239,02
182,12	1218,54
182,34	1200,11
182,56	1183,73
182,78	1140,72
183,00	1241,07
183,22	1218,54
183,44	1173,49
183,66	1271,79
183,89	1183,73
184,11	1228,78
184,33	1257,45
184,55	1193,97
184,77	1198,06
184,99	1232,88
185,21	1165,29
185,43	1204,21
185,65	1230,83
185,87	1206,25
186,10	1247,21
186,32	1206,25
186,54	1138,67
186,76	1183,73
186,98	1159,15
187,20	1202,16
187,42	1198,06
187,64	1245,16
187,86	1167,34
188,08	1255,40
188,30	1236,97
188,52	1185,77
188,75	1157,10
188,97	1214,45
189,19	1173,49
189,41	1214,45
189,63	1226,73
189,85	1234,93
190,07	1187,82
190,29	1157,10
190,51	1208,30
190,73	1132,53
190,95	1239,02
191,17	1196,01
191,39	1132,53
191,61	1234,93
191,84	1122,29
192,06	1230,83
192,28	1183,73
192,50	1228,78
192,72	1196,01
192,94	1114,10
193,16	1204,21
193,38	1200,11
193,60	1177,58
193,82	1193,97
194,04	1200,11
194,26	1155,05
194,48	1224,69
194,70	1212,40
194,92	1208,30
195,14	1214,45
195,36	1148,91
195,58	1214,45
195,80	1175,53
196,02	1241,07
196,24	1222,64
196,46	1165,29
196,69	1153,01
196,91	1169,39
197,13	1214,45
197,35	1132,53
197,57	1243,12
197,79	1142,77
198,01	1165,29
198,23	1193,97
198,45	1150,96
198,67	1132,53
198,89	1253,36
199,11	1179,63
199,33	1220,59
199,55	1210,35
199,77	1214,45
199,99	1230,83
200,21	1161,20
200,43	1193,97
200,65	1239,02
200,87	1134,57
201,09	1206,25
201,31	1183,73
201,53	1191,92
201,75	1232,88
201,97	1163,25
202,19	1175,53
202,41	1142,77
202,63	1206,25
202,85	1218,54
203,07	1226,73
203,29	1226,73
203,51	1157,10
203,73	1200,11
203,95	1198,06
204,17	1206,25
204,39	1118,19
204,61	1261,55
204,83	1128,43
205,05	1236,97
205,27	1173,49
205,49	1234,93
205,71	1232,88
205,93	1279,98
206,15	1146,86
206,37	1245,16
206,59	1249,26
206,81	1189,87
207,03	1200,11
207,25	1200,11
207,47	1183,73
207,69	1294,32
207,91	1263,60
208,13	1134,57
208,34	1189,87
208,56	1181,68
208,78	1220,59
209,00	1179,63
209,22	1230,83
209,44	1216,49
209,66	1138,67
209,88	1122,29
210,10	1239,02
210,32	1234,93
210,54	1226,73
210,76	1224,69
210,98	1263,60
211,20	1214,45
211,42	1216,49
211,64	1167,34
211,86	1259,50
212,08	1226,73
212,30	1210,35
212,52	1202,16
212,74	1132,53
212,96	1198,06
213,17	1202,16
213,39	1169,39
213,61	1179,63
213,83	1173,49
214,05	1150,96
214,27	1153,01
214,49	1202,16
214,71	1222,64
214,93	1255,40
215,15	1224,69
215,37	1177,58
215,59	1277,93
215,81	1185,77
216,03	1153,01
216,24	1191,92
216,46	1095,66
216,68	1208,30
216,90	1171,44
217,12	1200,11
217,34	1181,68
217,56	1173,49
217,78	1159,15
218,00	1142,77
218,22	1255,40
218,44	1159,15
218,66	1208,30
218,87	1296,36
219,09	1212,40
219,31	1232,88
219,53	1218,54
219,75	1218,54
219,97	1179,63
220,19	1165,29
220,41	1302,51
220,63	1144,81
220,85	1230,83
221,06	1189,87
221,28	1165,29
221,50	1275,88
221,72	1214,45
221,94	1189,87
222,16	1202,16
222,38	1085,42
222,60	1232,88
222,82	1236,97
223,03	1099,76
223,25	1153,01
223,47	1171,44
223,69	1150,96
223,91	1273,84
224,13	1275,88
224,35	1230,83
224,57	1208,30
224,78	1200,11
225,00	1198,06
225,22	1169,39
225,44	1187,82
225,66	1196,01
225,88	1212,40
226,10	1202,16
226,32	1302,51
226,53	1257,45
226,75	1259,50
226,97	1187,82
227,19	1163,25
227,41	1169,39
227,63	1210,35
227,85	1200,11
228,06	1200,11
228,28	1196,01
228,50	1247,21
228,72	1163,25
228,94	1144,81
229,16	1165,29
229,37	1132,53
229,59	1187,82
229,81	1226,73
230,03	1234,93
230,25	1220,59
230,47	1239,02
230,69	1169,39
230,90	1130,48
231,12	1232,88
231,34	1251,31
231,56	1198,06
231,78	1165,29
232,00	1183,73
232,21	1222,64
232,43	1140,72
232,65	1236,97
232,87	1232,88
233,09	1171,44
233,30	1183,73
233,52	1171,44
233,74	1122,29
233,96	1210,35
234,18	1148,91
234,40	1191,92
234,61	1150,96
234,83	1177,58
235,05	1224,69
235,27	1224,69
235,49	1269,74
235,70	1206,25
235,92	1196,01
236,14	1175,53
236,36	1198,06
236,58	1177,58
236,79	1083,38
237,01	1103,86
237,23	1216,49
237,45	1267,69
237,67	1210,35
237,88	1216,49
238,10	1200,11
238,32	1161,20
238,54	1245,16
238,76	1173,49
238,97	1275,88
239,19	1187,82
239,41	1241,07
239,63	1097,71
239,85	1202,16
240,06	1210,35
240,28	1181,68
240,50	1228,78
240,72	1212,40
240,93	1275,88
241,15	1220,59
241,37	1241,07
241,59	1202,16
241,81	1204,21
242,02	1107,95
242,24	1132,53
242,46	1265,64
242,68	1267,69
242,89	1155,05
243,11	1114,10
243,33	1181,68
243,55	1181,68
243,76	1202,16
243,98	1153,01
244,20	1185,77
244,42	1220,59
244,64	1161,20
244,85	1241,07
245,07	1212,40
245,29	1210,35
245,51	1263,60
245,72	1124,33
245,94	1181,68
246,16	1232,88
246,38	1249,26
246,59	1220,59
246,81	1144,81
247,03	1187,82
247,24	1267,69
247,46	1202,16
247,68	1191,92
247,90	1204,21
248,11	1204,21
248,33	1163,25
248,55	1198,06
248,77	1224,69
248,98	1191,92
249,20	1236,97
249,42	1163,25
249,64	1232,88
249,85	1230,83
250,07	1251,31
250,29	1247,21
250,50	1241,07
250,72	1193,97
250,94	1257,45
251,16	1232,88
251,37	1163,25
251,59	1183,73
251,81	1249,26
252,02	1222,64
252,24	1155,05
252,46	1222,64
252,68	1269,74
252,89	1245,16
253,11	1169,39
253,33	1200,11
253,54	1161,20
253,76	1198,06
253,98	1210,35
254,20	1173,49
254,41	1196,01
254,63	1212,40
254,85	1222,64
255,06	1196,01
255,28	1267,69
255,50	1118,19
255,71	1091,57
255,93	1181,68
256,15	1122,29
256,36	1193,97
256,58	1239,02
256,80	1265,64
257,02	1247,21
257,23	1214,45
257,45	1224,69
257,67	1279,98
257,88	1255,40
258,10	1081,33
258,32	1210,35
258,53	1163,25
258,75	1222,64
258,97	1165,29
259,18	1222,64
259,40	1183,73
259,62	1146,86
259,83	1294,32
260,05	1185,77
260,27	1220,59
260,48	1204,21
260,70	1241,07
260,92	1200,11
261,13	1290,22
261,35	1175,53
261,57	1202,16
261,78	1200,11
262,00	1216,49
262,22	1212,40
262,43	1146,86
262,65	1105,90
262,86	1234,93
263,08	1208,30
263,30	1202,16
263,51	1191,92
263,73	1183,73
263,95	1202,16
264,16	1208,30
264,38	1208,30
264,60	1212,40
264,81	1210,35
265,03	1282,03
265,25	1171,44
265,46	1163,25
265,68	1200,11
265,89	1183,73
266,11	1204,21
266,33	1255,40
266,54	1185,77
266,76	1157,10
266,98	1148,91
267,19	1173,49
267,41	1222,64
267,62	1241,07
267,84	1130,48
268,06	1144,81
268,27	1183,73
268,49	1200,11
268,70	1243,12
268,92	1234,93
269,14	1124,33
269,35	1175,53
269,57	1232,88
269,79	1200,11
270,00	1210,35
270,22	1232,88
270,43	1204,21
270,65	1253,36
270,87	1220,59
271,08	1167,34
271,30	1191,92
271,51	1212,40
271,73	1167,34
271,95	1183,73
272,16	1251,31
272,38	1247,21
272,59	1136,62
272,81	1159,15
273,02	1204,21
273,24	1157,10
273,46	1232,88
273,67	1234,93
273,89	1232,88
274,10	1249,26
274,32	1157,10
274,54	1173,49
274,75	1183,73
274,97	1165,29
275,18	1206,25
275,40	1153,01
275,61	1175,53
275,83	1112,05
276,05	1138,67
276,26	1153,01
276,48	1148,91
276,69	1198,06
276,91	1155,05
277,12	1255,40
277,34	1157,10
277,55	1134,57
277,77	1243,12
277,99	1261,55
278,20	1171,44
278,42	1234,93
278,63	1204,21
278,85	1136,62
279,06	1222,64
279,28	1200,11
279,49	1157,10
279,71	1257,45
279,93	1255,40
280,14	1173,49
280,36	1304,56
280,57	1124,33
280,79	1179,63
281,00	1318,89
281,22	1130,48
281,43	1189,87
281,65	1146,86
281,86	1153,01
282,08	1279,98
282,29	1222,64
282,51	1193,97
282,73	1183,73
282,94	1198,06
283,16	1214,45
283,37	1191,92
283,59	1277,93
283,80	1187,82
284,02	1206,25
284,23	1247,21
284,45	1216,49
284,66	1157,10
284,88	1236,97
285,09	1181,68
285,31	1181,68
285,52	1191,92
285,74	1191,92
285,95	1175,53
286,17	1179,63
286,38	1181,68
286,60	1277,93
286,81	1208,30
287,03	1236,97
287,24	1167,34
287,46	1214,45
287,67	1220,59
287,89	1263,60
288,10	1206,25
288,32	1179,63
288,53	1189,87
288,75	1183,73
288,96	1198,06
289,18	1198,06
289,39	1247,21
289,61	1259,50
289,82	1179,63
290,04	1175,53
290,25	1251,31
290,47	1144,81
290,68	1200,11
290,90	1224,69
291,11	1208,30
291,33	1265,64
291,54	1144,81
291,76	1200,11
291,97	1175,53
292,18	1279,98
292,40	1224,69
292,61	1247,21
292,83	1218,54
293,04	1210,35
293,26	1163,25
293,47	1185,77
293,69	1185,77
293,90	1226,73
294,12	1183,73
294,33	1232,88
294,55	1177,58
294,76	1193,97
294,97	1294,32
295,19	1191,92
295,40	1103,86
295,62	1183,73
295,83	1095,66
296,05	1216,49
296,26	1222,64
296,48	1220,59
296,69	1255,40
296,90	1228,78
297,12	1220,59
297,33	1136,62
297,55	1239,02
297,76	1224,69
297,98	1249,26
298,19	1150,96
298,41	1175,53
298,62	1165,29
298,83	1165,29
299,05	1216,49
299,26	1200,11
299,48	1157,10
299,69	1206,25
299,90	1122,29
300,12	1214,45
300,33	1230,83
300,55	1196,01
300,76	1257,45
300,98	1116,14
301,19	1275,88
301,40	1245,16
301,62	1183,73
301,83	1212,40
302,05	1183,73
302,26	1193,97
302,47	1265,64
302,69	1234,93
302,90	1198,06
303,12	1177,58
303,33	1198,06
303,54	1159,15
303,76	1148,91
303,97	1251,31
304,19	1181,68
304,40	1181,68
304,61	1198,06
304,83	1140,72
305,04	1282,03
305,26	1161,20
305,47	1200,11
305,68	1146,86
305,90	1198,06
306,11	1230,83
306,33	1267,69
306,54	1144,81
306,75	1165,29
306,97	1290,22
307,18	1241,07
307,39	1163,25
307,61	1288,17
307,82	1150,96
308,04	1150,96
308,25	1239,02
308,46	1204,21
308,68	1226,73
308,89	1232,88
309,10	1181,68
309,32	1230,83
309,53	1183,73
309,74	1230,83
309,96	1183,73
310,17	1275,88
310,39	1155,05
310,60	1110,00
310,81	1202,16
311,03	1134,57
311,24	1126,38
311,45	1241,07
311,67	1167,34
311,88	1236,97
312,09	1269,74
312,31	1236,97
312,52	1144,81
312,73	1265,64
312,95	1165,29
313,16	1179,63
313,37	1234,93
313,59	1099,76
313,80	1245,16
314,01	1101,81
314,23	1253,36
314,44	1191,92
314,65	1189,87
314,87	1230,83
315,08	1148,91
315,29	1169,39
315,51	1187,82
315,72	1249,26
315,93	1216,49
316,15	1236,97
316,36	1157,10
316,57	1236,97
316,79	1224,69
317,00	1193,97
317,21	1091,57
317,43	1216,49
317,64	1208,30
317,85	1200,11
318,07	1105,90
318,28	1245,16
318,49	1140,72
318,70	1177,58
318,92	1200,11
319,13	1167,34
319,34	1150,96
319,56	1193,97
319,77	1249,26
319,98	1216,49
320,20	1167,34
320,41	1222,64
320,62	1216,49
320,83	1146,86
321,05	1155,05
321,26	1253,36
321,47	1138,67
321,69	1193,97
321,90	1220,59
322,11	1179,63
322,32	1230,83
322,54	1218,54
322,75	1159,15
322,96	1181,68
323,18	1181,68
323,39	1212,40
323,60	1234,93
323,81	1200,11
324,03	1167,34
324,24	1212,40
324,45	1144,81
324,66	1159,15
324,88	1263,60
325,09	1198,06
325,30	1236,97
325,52	1226,73
325,73	1269,74
325,94	1157,10
326,15	1245,16
326,37	1083,38
326,58	1212,40
326,79	1241,07
327,00	1169,39
327,22	1173,49
327,43	1222,64
327,64	1175,53
327,85	1241,07
328,07	1273,84
328,28	1142,77
328,49	1165,29
328,70	1220,59
328,92	1234,93
329,13	1189,87
329,34	1216,49
329,55	1163,25
329,76	1157,10
329,98	1185,77
330,19	1208,30
330,40	1208,30
330,61	1216,49
330,83	1236,97
331,04	1230,83
331,25	1232,88
331,46	1200,11
331,68	1198,06
331,89	1226,73
332,10	1234,93
332,31	1169,39
332,52	1204,21
332,74	1189,87
332,95	1236,97
333,16	1196,01
333,37	1216,49
333,58	1232,88
333,80	1228,78
334,01	1157,10
334,22	1220,59
334,43	1202,16
334,64	1241,07
334,86	1216,49
335,07	1204,21
335,28	1175,53
335,49	1210,35
335,70	1290,22
335,92	1159,15
336,13	1169,39
336,34	1290,22
336,55	1118,19
336,76	1239,02
336,98	1159,15
337,19	1165,29
337,40	1247,21
337,61	1189,87
337,82	1202,16
338,04	1204,21
338,25	1175,53
338,46	1198,06
338,67	1228,78
338,88	1148,91
339,09	1277,93
339,31	1222,64
339,52	1253,36
339,73	1198,06
339,94	1208,30
340,15	1148,91
340,36	1236,97
340,58	1099,76
340,79	1249,26
341,00	1212,40
341,21	1208,30
341,42	1216,49
341,63	1146,86
341,85	1228,78
342,06	1167,34
342,27	1124,33
342,48	1228,78
342,69	1175,53
342,90	1243,12
343,12	1159,15
343,33	1153,01
343,54	1181,68
343,75	1210,35
343,96	1179,63
344,17	1210,35
344,38	1189,87
344,60	1118,19
344,81	1191,92
345,02	1230,83
345,23	1204,21
345,44	1175,53
345,65	1243,12
345,86	1202,16
346,07	1220,59
346,29	1200,11
346,50	1185,77
346,71	1257,45
346,92	1167,34
347,13	1243,12
347,34	1208,30
347,55	1132,53
347,76	1257,45
347,98	1234,93
348,19	1196,01
348,40	1224,69
348,61	1193,97
348,82	1206,25
349,03	1146,86
349,24	1167,34
349,45	1189,87
349,66	1163,25
349,88	1206,25
350,09	1173,49
350,30	1249,26
350,51	1138,67
350,72	1159,15
350,93	1232,88
351,14	1138,67
351,35	1204,21
351,56	1218,54
351,77	1159,15
351,99	1228,78
352,20	1187,82
352,41	1187,82
352,62	1245,16
352,83	1171,44
353,04	1165,29
353,25	1155,05
353,46	1177,58
353,67	1232,88
353,88	1181,68
354,09	1153,01
354,30	1259,50
354,52	1234,93
354,73	1200,11
354,94	1196,01
355,15	1177,58
355,36	1216,49
355,57	1187,82
355,78	1243,12
355,99	1175,53
356,20	1208,30
356,41	1257,45
356,62	1155,05
356,83	1206,25
357,04	1230,83
357,25	1247,21
357,46	1161,20
357,68	1273,84
357,89	1191,92
358,10	1132,53
358,31	1173,49
358,52	1239,02
358,73	1169,39
358,94	1214,45
359,15	1056,75
359,36	1167,34
359,57	1196,01
359,78	1198,06
359,99	1236,97
360,20	1157,10
360,41	1200,11
360,62	1142,77
360,83	1167,34
361,04	1214,45
361,25	1204,21
361,46	1218,54
361,67	1150,96
361,88	1253,36
362,09	1179,63
362,30	1183,73
362,51	1175,53
362,72	1210,35
362,93	1142,77
363,14	1140,72
363,35	1171,44
363,56	1163,25
363,78	1198,06
363,99	1187,82
364,20	1224,69
364,41	1253,36
364,62	1284,08
364,83	1214,45
365,04	1126,38
365,25	1159,15
365,46	1146,86
365,67	1249,26
365,88	1161,20
366,09	1193,97
366,30	1175,53
366,51	1228,78
366,72	1185,77
366,93	1095,66
367,14	1228,78
367,35	1232,88
367,56	1167,34
367,77	1241,07
367,98	1198,06
368,18	1196,01
368,39	1228,78
368,60	1189,87
368,81	1239,02
369,02	1138,67
369,23	1245,16
369,44	1183,73
369,65	1177,58
369,86	1241,07
370,07	1193,97
370,28	1191,92
370,49	1146,86
370,70	1210,35
370,91	1189,87
371,12	1163,25
371,33	1179,63
371,54	1261,55
371,75	1191,92
371,96	1200,11
372,17	1138,67
372,38	1259,50
372,59	1175,53
372,80	1222,64
373,01	1214,45
373,22	1210,35
373,43	1185,77
373,64	1091,57
373,85	1189,87
374,06	1265,64
374,26	1224,69
374,47	1245,16
374,68	1196,01
374,89	1232,88
375,10	1208,30
375,31	1232,88
375,52	1140,72
375,73	1157,10
375,94	1191,92
376,15	1247,21
376,36	1220,59
376,57	1253,36
376,78	1150,96
376,99	1247,21
377,20	1239,02
377,40	1183,73
377,61	1222,64
377,82	1251,31
378,03	1230,83
378,24	1169,39
378,45	1130,48
378,66	1165,29
378,87	1153,01
379,08	1126,38
379,29	1191,92
379,50	1220,59
379,71	1214,45
379,91	1181,68
380,12	1228,78
380,33	1245,16
380,54	1224,69
380,75	1173,49
380,96	1198,06
381,17	1243,12
381,38	1163,25
381,59	1146,86
381,80	1163,25
382,00	1239,02
382,21	1171,44
382,42	1257,45
382,63	1191,92
382,84	1140,72
383,05	1183,73
383,26	1185,77
383,47	1200,11
383,68	1239,02
383,88	1200,11
384,09	1259,50
384,30	1216,49
384,51	1157,10
384,72	1157,10
384,93	1208,30
385,14	1163,25
385,35	1222,64
385,55	1189,87
385,76	1173,49
385,97	1171,44
386,18	1200,11
386,39	1269,74
386,60	1216,49
386,81	1214,45
387,02	1208,30
387,22	1191,92
387,43	1206,25
387,64	1189,87
387,85	1200,11
388,06	1159,15
388,27	1212,40
388,48	1112,05
388,68	1249,26
388,89	1187,82
389,10	1286,12
389,31	1206,25
389,52	1191,92
389,73	1175,53
389,93	1222,64
390,14	1130,48
390,35	1150,96
390,56	1196,01
390,77	1236,97
390,98	1261,55
391,18	1230,83
391,39	1193,97
391,60	1189,87
391,81	1236,97
392,02	1243,12
392,23	1163,25
392,43	1171,44
392,64	1163,25
392,85	1191,92
393,06	1306,60
393,27	1140,72
393,47	1126,38
393,68	1183,73
393,89	1249,26
394,10	1150,96
394,31	1224,69
394,52	1198,06
394,72	1212,40
394,93	1230,83
395,14	1249,26
395,35	1210,35
395,56	1206,25
395,76	1228,78
395,97	1296,36
396,18	1269,74
396,39	1191,92
396,60	1206,25
396,80	1198,06
397,01	1214,45
397,22	1257,45
397,43	1271,79
397,64	1196,01
397,84	1232,88
398,05	1241,07
398,26	1138,67
398,47	1177,58
398,67	1200,11
398,88	1200,11
399,09	1218,54
399,30	1263,60
399,51	1138,67
399,71	1163,25
399,92	1191,92
400,13	1150,96
400,34	1159,15
400,54	1169,39
400,75	1189,87
400,96	1181,68
401,17	1157,10
401,37	1179,63
401,58	1179,63
401,79	1322,99
402,00	1210,35
402,21	1171,44
402,41	1245,16
402,62	1183,73
402,83	1200,11
403,04	1214,45
403,24	1253,36
403,45	1220,59
403,66	1226,73
403,87	1153,01
404,07	1198,06
404,28	1279,98
404,49	1206,25
404,70	1218,54
404,90	1165,29
405,11	1173,49
405,32	1204,21
405,52	1245,16
405,73	1234,93
405,94	1247,21
406,15	1193,97
406,35	1193,97
406,56	1181,68
406,77	1206,25
406,98	1208,30
407,18	1196,01
407,39	1200,11
407,60	1208,30
407,80	1206,25
408,01	1218,54
408,22	1259,50
408,43	1163,25
408,63	1236,97
408,84	1173,49
409,05	1239,02
409,25	1185,77
409,46	1191,92
409,67	1179,63
409,88	1189,87
410,08	1183,73
410,29	1239,02
410,50	1146,86
410,70	1206,25
410,91	1206,25
411,12	1222,64
411,32	1175,53
411,53	1204,21
411,74	1222,64
411,95	1208,30
412,15	1122,29
412,36	1191,92
412,57	1228,78
412,77	1110,00
412,98	1183,73
413,19	1251,31
413,39	1196,01
413,60	1189,87
413,81	1187,82
414,01	1126,38
414,22	1140,72
414,43	1200,11
414,63	1185,77
414,84	1189,87
415,05	1202,16
415,25	1226,73
415,46	1232,88
415,67	1175,53
415,87	1185,77
416,08	1228,78
416,29	1155,05
416,49	1251,31
416,70	1179,63
416,91	1196,01
417,11	1130,48
417,32	1183,73
417,53	1218,54
417,73	1251,31
417,94	1161,20
418,15	1183,73
418,35	1173,49
418,56	1183,73
418,77	1187,82
418,97	1222,64
419,18	1202,16
419,38	1200,11
419,59	1163,25
419,80	1187,82
420,00	1210,35
420,21	1222,64
420,42	1206,25
420,62	1198,06
420,83	1183,73
421,04	1277,93
421,24	1165,29
421,45	1155,05
421,65	1228,78
421,86	1239,02
422,07	1161,20
422,27	1153,01
422,48	1232,88
422,69	1136,62
422,89	1179,63
423,10	1171,44
423,30	1208,30
423,51	1171,44
423,72	1234,93
423,92	1220,59
424,13	1155,05
424,33	1220,59
424,54	1155,05
424,75	1183,73
424,95	1216,49
425,16	1228,78
425,36	1210,35
425,57	1122,29
425,78	1216,49
425,98	1218,54
426,19	1157,10
426,39	1187,82
426,60	1157,10
426,81	1230,83
427,01	1234,93
427,22	1167,34
427,42	1189,87
427,63	1202,16
427,83	1247,21
428,04	1179,63
428,25	1198,06
428,45	1169,39
428,66	1140,72
428,86	1271,79
429,07	1175,53
429,28	1165,29
429,48	1155,05
429,69	1183,73
429,89	1224,69
430,10	1196,01
430,30	1245,16
430,51	1171,44
430,71	1179,63
430,92	1191,92
431,13	1101,81
431,33	1236,97
431,54	1216,49
431,74	1163,25
431,95	1193,97
432,15	1196,01
432,36	1224,69
432,56	1245,16
432,77	1208,30
432,98	1253,36
433,18	1155,05
433,39	1171,44
433,59	1286,12
433,80	1191,92
434,00	1200,11
434,21	1261,55
434,41	1177,58
434,62	1208,30
434,82	1132,53
435,03	1148,91
435,23	1142,77
435,44	1245,16
435,64	1181,68
435,85	1159,15
436,06	1171,44
436,26	1228,78
436,47	1241,07
436,67	1239,02
436,88	1150,96
437,08	1138,67
437,29	1241,07
437,49	1228,78
437,70	1167,34
437,90	1282,03
438,11	1146,86
438,31	1208,30
438,52	1198,06
438,72	1189,87
438,93	1253,36
439,13	1243,12
439,34	1226,73
439,54	1247,21
439,75	1163,25
439,95	1189,87
440,16	1163,25
440,36	1253,36
440,57	1132,53
440,77	1165,29
440,98	1181,68
441,18	1138,67
441,39	1243,12
441,59	1169,39
441,80	1140,72
442,00	1114,10
442,21	1261,55
442,41	1177,58
442,62	1193,97
442,82	1163,25
443,02	1169,39
443,23	1187,82
443,43	1198,06
443,64	1140,72
443,84	1183,73
444,05	1206,25
444,25	1200,11
444,46	1247,21
444,66	1200,11
444,87	1150,96
445,07	1226,73
445,28	1259,50
445,48	1167,34
445,69	1173,49
445,89	1159,15
446,09	1165,29
446,30	1171,44
446,50	1138,67
446,71	1165,29
446,91	1241,07
447,12	1181,68
447,32	1245,16
447,53	1214,45
447,73	1185,77
447,93	1257,45
448,14	1286,12
448,34	1146,86
448,55	1230,83
448,75	1183,73
448,96	1183,73
449,16	1224,69
449,36	1206,25
449,57	1218,54
449,77	1196,01
449,98	1220,59
450,18	1161,20
450,39	1171,44
450,59	1175,53
450,79	1265,64
451,00	1210,35
451,20	1196,01
451,41	1236,97
451,61	1208,30
451,81	1273,84
452,02	1200,11
452,22	1204,21
452,43	1196,01
452,63	1140,72
452,84	1216,49
453,04	1220,59
453,24	1193,97
453,45	1130,48
453,65	1136,62
453,86	1239,02
454,06	1191,92
454,26	1157,10
454,47	1150,96
454,67	1130,48
454,87	1226,73
455,08	1196,01
455,28	1163,25
455,49	1130,48
455,69	1185,77
455,89	1163,25
456,10	1191,92
456,30	1150,96
456,51	1153,01
456,71	1206,25
456,91	1275,88
457,12	1200,11
457,32	1239,02
457,52	1226,73
457,73	1200,11
457,93	1191,92
458,14	1148,91
458,34	1247,21
458,54	1216,49
458,75	1142,77
458,95	1179,63
459,15	1183,73
459,36	1196,01
459,56	1290,22
459,76	1179,63
459,97	1134,57
460,17	1183,73
460,37	1228,78
460,58	1181,68
460,78	1204,21
460,99	1185,77
461,19	1183,73
461,39	1185,77
461,60	1196,01
461,80	1214,45
462,00	1230,83
462,21	1216,49
462,41	1150,96
462,61	1234,93
462,82	1206,25
463,02	1198,06
463,22	1230,83
463,43	1165,29
463,63	1132,53
463,83	1265,64
464,04	1181,68
464,24	1169,39
464,44	1118,19
464,64	1241,07
464,85	1189,87
465,05	1220,59
465,25	1189,87
465,46	1245,16
465,66	1232,88
465,86	1196,01
466,07	1148,91
466,27	1239,02
466,47	1222,64
466,68	1165,29
466,88	1187,82
467,08	1193,97
467,29	1212,40
467,49	1075,18
467,69	1208,30
467,89	1261,55
468,10	1222,64
468,30	1165,29
468,50	1126,38
468,71	1181,68
468,91	1253,36
469,11	1234,93
469,31	1220,59
469,52	1220,59
469,72	1173,49
469,92	1167,34
470,13	1230,83
470,33	1173,49
470,53	1200,11
470,73	1196,01
470,94	1198,06
471,14	1155,05
471,34	1204,21
471,54	1179,63
471,75	1222,64
471,95	1243,12
472,15	1273,84
472,36	1212,40
472,56	1181,68
472,76	1226,73
472,96	1110,00
473,17	1220,59
473,37	1200,11
473,57	1169,39
473,77	1257,45
473,98	1230,83
474,18	1214,45
474,38	1173,49
474,58	1208,30
474,79	1136,62
474,99	1181,68
475,19	1189,87
475,39	1175,53
475,60	1224,69
475,80	1183,73
476,00	1251,31
476,20	1175,53
476,41	1249,26
476,61	1236,97
476,81	1175,53
477,01	1253,36
477,21	1150,96
477,42	1150,96
477,62	1142,77
477,82	1206,25
478,02	1210,35
478,23	1216,49
478,43	1243,12
478,63	1163,25
478,83	1189,87
479,03	1198,06
479,24	1220,59
479,44	1218,54
479,64	1167,34
479,84	1187,82
480,04	1212,40
480,25	1140,72
480,45	1198,06
480,65	1163,25
480,85	1230,83
481,06	1175,53
481,26	1239,02
481,46	1161,20
481,66	1163,25
481,86	1220,59
482,06	1265,64
482,27	1200,11
482,47	1198,06
482,67	1193,97
482,87	1200,11
483,07	1191,92
483,28	1212,40
483,48	1148,91
483,68	1232,88
483,88	1150,96
484,08	1161,20
484,29	1165,29
484,49	1116,14
484,69	1155,05
484,89	1218,54
485,09	1183,73
485,29	1193,97
485,50	1200,11
485,70	1212,40
485,90	1259,50
486,10	1175,53
486,30	1208,30
486,50	1175,53
486,71	1206,25
486,91	1124,33
487,11	1183,73
487,31	1140,72
487,51	1146,86
487,71	1161,20
487,91	1204,21
488,12	1191,92
488,32	1079,28
488,52	1146,86
488,72	1236,97
488,92	1193,97
489,12	1226,73
489,32	1265,64
489,53	1200,11
489,73	1193,97
489,93	1243,12
490,13	1212,40
490,33	1275,88
490,53	1245,16
490,73	1206,25
490,94	1212,40
491,14	1210,35
491,34	1191,92
491,54	1202,16
491,74	1212,40
491,94	1173,49
492,14	1216,49
492,34	1165,29
492,54	1148,91
492,75	1198,06
492,95	1288,17
493,15	1191,92
493,35	1218,54
493,55	1208,30
493,75	1239,02
493,95	1245,16
494,15	1179,63
494,35	1187,82
494,56	1183,73
494,76	1232,88
494,96	1105,90
495,16	1189,87
495,36	1185,77
495,56	1187,82
495,76	1228,78
495,96	1138,67
496,16	1216,49
496,36	1130,48
496,56	1175,53
496,77	1204,21
496,97	1142,77
497,17	1212,40
497,37	1169,39
497,57	1249,26
497,77	1216,49
497,97	1251,31
498,17	1159,15
498,37	1247,21
498,57	1187,82
498,77	1167,34
498,97	1210,35
499,17	1179,63
499,38	1232,88
499,58	1300,46
499,78	1159,15
499,98	1167,34
500,18	1208,30
500,38	1110,00
500,58	1226,73
500,78	1224,69
500,98	1224,69
501,18	1157,10
501,38	1191,92
501,58	1187,82
501,78	1206,25
501,98	1175,53
502,18	1212,40
502,38	1200,11
502,58	1155,05
502,78	1234,93
502,98	1187,82
503,18	1284,08
503,38	1222,64
503,59	1175,53
503,79	1163,25
503,99	1271,79
504,19	1253,36
504,39	1183,73
504,59	1236,97
504,79	1208,30
504,99	1179,63
505,19	1216,49
505,39	1249,26
505,59	1163,25
505,79	1200,11
505,99	1173,49
506,19	1253,36
506,39	1177,58
506,59	1130,48
506,79	1140,72
506,99	1110,00
507,19	1157,10
507,39	1277,93
507,59	1273,84
507,79	1146,86
507,99	1210,35
508,19	1193,97
508,39	1193,97
508,59	1271,79
508,79	1210,35
508,99	1257,45
509,19	1167,34
509,39	1191,92
509,59	1165,29
509,79	1198,06
509,99	1171,44
510,19	1187,82
510,39	1247,21
510,59	1093,62
510,79	1191,92
510,99	1236,97
511,19	1114,10
511,39	1146,86
511,59	1204,21
511,79	1183,73
511,99	1202,16
512,19	1228,78
512,38	1189,87
512,58	1245,16
512,78	1202,16
512,98	1210,35
513,18	1214,45
513,38	1202,16
513,58	1157,10
513,78	1216,49
513,98	1216,49
514,18	1148,91
514,38	1230,83
514,58	1177,58
514,78	1232,88
514,98	1236,97
515,18	1216,49
515,38	1146,86
515,58	1161,20
515,78	1189,87
515,98	1210,35
516,18	1202,16
516,38	1175,53
516,57	1179,63
516,77	1208,30
516,97	1177,58
517,17	1265,64
517,37	1204,21
517,57	1243,12
517,77	1136,62
517,97	1306,60
518,17	1239,02
518,37	1183,73
518,57	1183,73
518,77	1220,59
518,97	1228,78
519,16	1208,30
519,36	1177,58
519,56	1212,40
519,76	1157,10
519,96	1214,45
520,16	1236,97
520,36	1183,73
520,56	1161,20
520,76	1153,01
520,96	1220,59
521,16	1204,21
521,35	1249,26
521,55	1214,45
521,75	1157,10
521,95	1185,77
522,15	1140,72
522,35	1210,35
522,55	1153,01
522,75	1181,68
522,95	1181,68
523,14	1277,93
523,34	1243,12
523,54	1239,02
523,74	1236,97
523,94	1277,93
524,14	1163,25
524,34	1243,12
524,54	1146,86
524,73	1239,02
524,93	1212,40
525,13	1222,64
525,33	1196,01
525,53	1171,44
525,73	1153,01
525,93	1165,29
526,13	1228,78
526,32	1200,11
526,52	1200,11
526,72	1261,55
526,92	1175,53
527,12	1208,30
527,32	1218,54
527,52	1273,84
527,71	1161,20
527,91	1163,25
528,11	1193,97
528,31	1173,49
528,51	1056,75
528,71	1259,50
528,90	1134,57
529,10	1173,49
529,30	1132,53
529,50	1271,79
529,70	1167,34
529,90	1130,48
530,09	1157,10
530,29	1179,63
530,49	1228,78
530,69	1191,92
530,89	1204,21
531,09	1155,05
531,28	1218,54
531,48	1196,01
531,68	1148,91
531,88	1230,83
532,08	1200,11
532,28	1196,01
532,47	1167,34
532,67	1230,83
532,87	1251,31
533,07	1193,97
533,27	1187,82
533,46	1187,82
533,66	1208,30
533,86	1206,25
534,06	1189,87
534,26	1226,73
534,45	1165,29
534,65	1161,20
534,85	1251,31
535,05	1243,12
535,25	1185,77
535,44	1224,69
535,64	1167,34
535,84	1200,11
536,04	1220,59
536,24	1181,68
536,43	1179,63
536,63	1150,96
536,83	1191,92
537,03	1243,12
537,22	1155,05
537,42	1175,53
537,62	1255,40
537,82	1216,49
538,02	1234,93
538,21	1204,21
538,41	1257,45
538,61	1140,72
538,81	1251,31
539,00	1216,49
539,20	1169,39
539,40	1228,78
539,60	1189,87
539,79	1218,54
539,99	1185,77
540,19	1208,30
540,39	1173,49
540,58	1161,20
540,78	1210,35
540,98	1206,25
541,18	1210,35
541,37	1214,45
541,57	1226,73
541,77	1222,64
541,97	1239,02
542,16	1134,57
542,36	1159,15
542,56	1204,21
542,76	1202,16
542,95	1171,44
543,15	1200,11
543,35	1224,69
543,54	1210,35
543,74	1206,25
543,94	1183,73
544,14	1200,11
544,33	1261,55
544,53	1167,34
544,73	1189,87
544,93	1230,83
545,12	1196,01
545,32	1183,73
545,52	1265,64
545,71	1148,91
545,91	1210,35
546,11	1179,63
546,30	1263,60
546,50	1169,39
546,70	1179,63
546,90	1144,81
547,09	1196,01
547,29	1222,64
547,49	1191,92
547,68	1200,11
547,88	1181,68
548,08	1267,69
548,27	1204,21
548,47	1243,12
548,67	1259,50
548,87	1202,16
549,06	1179,63
549,26	1163,25
549,46	1236,97
549,65	1163,25
549,85	1165,29
550,05	1226,73
550,24	1245,16
550,44	1200,11
550,64	1279,98
550,83	1161,20
551,03	1189,87
551,23	1236,97
551,42	1230,83
551,62	1179,63
551,82	1220,59
552,01	1245,16
552,21	1208,30
552,41	1243,12
552,60	1198,06
552,80	1200,11
553,00	1163,25
553,19	1247,21
553,39	1218,54
553,59	1122,29
553,78	1206,25
553,98	1251,31
554,17	1169,39
554,37	1204,21
554,57	1159,15
554,76	1196,01
554,96	1159,15
555,16	1245,16
555,35	1140,72
555,55	1206,25
555,75	1179,63
555,94	1239,02
556,14	1196,01
556,33	1241,07
556,53	1179,63
556,73	1189,87
556,92	1208,30
557,12	1247,21
557,32	1161,20
557,51	1259,50
557,71	1212,40
557,90	1208,30
558,10	1236,97
558,30	1185,77
558,49	1230,83
558,69	1191,92
558,88	1171,44
559,08	1230,83
559,28	1269,74
559,47	1204,21
559,67	1191,92
559,86	1220,59
560,06	1290,22
560,26	1159,15
560,45	1212,40
560,65	1214,45
560,84	1206,25
561,04	1124,33
561,24	1169,39
561,43	1206,25
561,63	1183,73
561,82	1179,63
562,02	1245,16
562,22	1271,79
562,41	1159,15
562,61	1179,63
562,80	1169,39
563,00	1216,49
563,19	1220,59
563,39	1206,25
563,59	1232,88
563,78	1140,72
563,98	1198,06
564,17	1183,73
564,37	1218,54
564,56	1267,69
564,76	1230,83
564,96	1251,31
565,15	1230,83
565,35	1169,39
565,54	1243,12
565,74	1155,05
565,93	1239,02
566,13	1208,30
566,32	1196,01
566,52	1161,20
566,71	1163,25
566,91	1206,25
567,11	1255,40
567,30	1193,97
567,50	1202,16
567,69	1224,69
567,89	1169,39
568,08	1171,44
568,28	1167,34
568,47	1206,25
568,67	1107,95
568,86	1167,34
569,06	1191,92
569,25	1148,91
569,45	1236,97
569,64	1142,77
569,84	1193,97
570,04	1159,15
570,23	1165,29
570,43	1302,51
570,62	1112,05
570,82	1189,87
571,01	1251,31
571,21	1183,73
571,40	1208,30
571,60	1189,87
571,79	1155,05
571,99	1208,30
572,18	1224,69
572,38	1216,49
572,57	1200,11
572,77	1277,93
572,96	1228,78
573,16	1202,16
573,35	1140,72
573,55	1110,00
573,74	1247,21
573,94	1247,21
574,13	1179,63
574,33	1220,59
574,52	1214,45
574,71	1165,29
574,91	1146,86
575,10	1163,25
575,30	1138,67
575,49	1191,92
575,69	1212,40
575,88	1181,68
576,08	1167,34
576,27	1222,64
576,47	1193,97
576,66	1271,79
576,86	1216,49
577,05	1171,44
577,25	1130,48
577,44	1273,84
577,64	1202,16
577,83	1208,30
578,02	1230,83
578,22	1216,49
578,41	1232,88
578,61	1198,06
578,80	1148,91
579,00	1185,77
579,19	1232,88
579,39	1155,05
579,58	1198,06
579,77	1134,57
579,97	1212,40
580,16	1198,06
580,36	1259,50
580,55	1232,88
580,75	1232,88
580,94	1138,67
581,13	1208,30
581,33	1239,02
581,52	1181,68
581,72	1216,49
581,91	1167,34
582,11	1212,40
582,30	1171,44
582,49	1183,73
582,69	1214,45
582,88	1191,92
583,08	1163,25
583,27	1214,45
583,47	1189,87
583,66	1200,11
583,85	1208,30
584,05	1196,01
584,24	1191,92
584,44	1247,21
584,63	1193,97
584,82	1202,16
585,02	1210,35
585,21	1226,73
585,41	1148,91
585,60	1226,73
585,79	1157,10
585,99	1171,44
586,18	1191,92
586,37	1187,82
586,57	1150,96
586,76	1253,36
586,96	1206,25
587,15	1165,29
587,34	1206,25
587,54	1216,49
587,73	1196,01
587,93	1155,05
588,12	1200,11
588,31	1200,11
588,51	1167,34
588,70	1189,87
588,89	1196,01
589,09	1200,11
589,28	1210,35
589,47	1230,83
589,67	1163,25
589,86	1161,20
590,06	1189,87
590,25	1241,07
590,44	1132,53
590,64	1208,30
590,83	1212,40
591,02	1196,01
591,22	1136,62
591,41	1185,77
591,60	1177,58
591,80	1159,15
591,99	1224,69
592,18	1196,01
592,38	1173,49
592,57	1202,16
592,76	1177,58
592,96	1169,39
593,15	1220,59
593,34	1191,92
593,54	1216,49
593,73	1159,15
593,92	1118,19
594,12	1191,92
594,31	1196,01
594,50	1226,73
594,70	1204,21
594,89	1150,96
595,08	1200,11
595,28	1218,54
595,47	1208,30
595,66	1128,43
595,86	1226,73
596,05	1239,02
596,24	1148,91
596,43	1159,15
596,63	1243,12
596,82	1146,86
597,01	1208,30
597,21	1232,88
597,40	1288,17
597,59	1165,29
597,79	1216,49
597,98	1202,16
598,17	1165,29
598,36	1234,93
598,56	1177,58
598,75	1224,69
598,94	1243,12
599,14	1226,73
599,33	1202,16
599,52	1171,44
599,71	1222,64
599,91	1177,58
600,10	1220,59
600,29	1220,59
600,48	1189,87
600,68	1179,63
600,87	1208,30
601,06	1181,68
601,26	1159,15
601,45	1198,06
601,64	1204,21
601,83	1200,11
602,03	1187,82
602,22	1142,77
602,41	1155,05
602,60	1228,78
602,80	1224,69
602,99	1200,11
603,18	1234,93
603,37	1216,49
603,57	1163,25
603,76	1257,45
603,95	1144,81
604,14	1200,11
604,34	1224,69
604,53	1222,64
604,72	1153,01
604,91	1191,92
605,10	1200,11
605,30	1198,06
605,49	1159,15
605,68	1218,54
605,87	1198,06
606,07	1175,53
606,26	1185,77
606,45	1214,45
606,64	1181,68
606,84	1249,26
607,03	1261,55
607,22	1218,54
607,41	1167,34
607,60	1204,21
607,80	1198,06
607,99	1132,53
608,18	1122,29
608,37	1214,45
608,56	1153,01
608,76	1140,72
608,95	1220,59
609,14	1175,53
609,33	1214,45
609,52	1263,60
609,72	1173,49
609,91	1189,87
610,10	1224,69
610,29	1202,16
610,48	1232,88
610,68	1163,25
610,87	1251,31
611,06	1157,10
611,25	1187,82
611,44	1222,64
611,63	1173,49
611,83	1110,00
612,02	1232,88
612,21	1206,25
612,40	1181,68
612,59	1204,21
612,79	1230,83
612,98	1251,31
613,17	1122,29
613,36	1224,69
613,55	1173,49
613,74	1226,73
613,93	1177,58
614,13	1198,06
614,32	1118,19
614,51	1177,58
614,70	1173,49
614,89	1241,07
615,08	1212,40
615,28	1212,40
615,47	1187,82
615,66	1165,29
615,85	1218,54
616,04	1189,87
616,23	1208,30
616,42	1191,92
616,62	1142,77
616,81	1239,02
617,00	1193,97
617,19	1159,15
617,38	1155,05
617,57	1208,30
617,76	1218,54
617,95	1167,34
618,15	1212,40
618,34	1253,36
618,53	1167,34
618,72	1275,88
618,91	1228,78
619,10	1167,34
619,29	1200,11
619,48	1191,92
619,68	1210,35
619,87	1232,88
620,06	1230,83
620,25	1198,06
620,44	1208,30
620,63	1232,88
620,82	1134,57
621,01	1144,81
621,20	1239,02
621,39	1177,58
621,59	1148,91
621,78	1218,54
621,97	1128,43
622,16	1210,35
622,35	1222,64
622,54	1208,30
622,73	1159,15
622,92	1204,21
623,11	1181,68
623,30	1224,69
623,49	1132,53
623,68	1226,73
623,88	1206,25
624,07	1232,88
624,26	1196,01
624,45	1224,69
624,64	1200,11
624,83	1138,67
625,02	1247,21
625,21	1239,02
625,40	1171,44
625,59	1239,02
625,78	1173,49
625,97	1208,30
626,16	1169,39
626,35	1249,26
626,54	1212,40
626,74	1208,30
626,93	1165,29
627,12	1163,25
627,31	1245,16
627,50	1230,83
627,69	1220,59
627,88	1228,78
628,07	1222,64
628,26	1179,63
628,45	1146,86
628,64	1179,63
628,83	1189,87
629,02	1214,45
629,21	1191,92
629,40	1198,06
629,59	1212,40
629,78	1232,88
629,97	1224,69
630,16	1200,11
630,35	1212,40
630,54	1169,39
630,73	1275,88
630,92	1339,37
631,11	1216,49
631,30	1224,69
631,49	1290,22
631,68	1380,33
631,87	2672,60
632,06	8535,93
632,25	18216,68
632,44	23307,93
632,63	30049,85
632,82	15886,09
633,01	8697,72
633,20	4239,30
633,39	2244,57
633,58	1697,77
633,77	1810,40
633,96	1685,48
634,15	1499,11
634,34	1331,18
634,53	1273,84
634,72	1359,85
634,91	1355,76
635,10	1310,70
635,29	1275,88
635,48	1300,46
635,67	1181,68
635,86	1208,30
636,05	1179,63
636,24	1243,12
636,43	1234,93
636,62	1167,34
636,81	1202,16
637,00	1271,79
637,19	1230,83
637,38	1216,49
637,57	1202,16
637,76	1206,25
637,95	1282,03
638,14	1206,25
638,33	1216,49
638,52	1206,25
638,71	1220,59
638,89	1200,11
639,08	1118,19
639,27	1153,01
639,46	1234,93
639,65	1224,69
639,84	1153,01
640,03	1196,01
640,22	1181,68
640,41	1243,12
640,60	1150,96
640,79	1206,25
640,98	1247,21
641,17	1212,40
641,36	1153,01
641,55	1236,97
641,74	1251,31
641,92	1159,15
642,11	1214,45
642,30	1273,84
642,49	1220,59
642,68	1181,68
642,87	1234,93
643,06	1185,77
643,25	1189,87
643,44	1200,11
643,63	1261,55
643,82	1153,01
644,00	1255,40
644,19	1226,73
644,38	1198,06
644,57	1232,88
644,76	1181,68
644,95	1206,25
645,14	1232,88
645,33	1239,02
645,52	1218,54
645,71	1214,45
645,89	1212,40
646,08	1228,78
646,27	1224,69
646,46	1224,69
646,65	1189,87
646,84	1226,73
647,03	1118,19
647,22	1212,40
647,40	1196,01
647,59	1196,01
647,78	1183,73
647,97	1198,06
648,16	1214,45
648,35	1208,30
648,54	1241,07
648,73	1263,60
648,91	1241,07
649,10	1216,49
649,29	1191,92
649,48	1202,16
649,67	1277,93
649,86	1259,50
650,05	1243,12
650,23	1206,25
650,42	1222,64
650,61	1220,59
650,80	1183,73
650,99	1189,87
651,18	1193,97
651,36	1255,40
651,55	1185,77
651,74	1167,34
651,93	1239,02
652,12	1193,97
652,31	1249,26
652,49	1193,97
652,68	1191,92
652,87	1241,07
653,06	1202,16
653,25	1167,34
653,44	1245,16
653,62	1099,76
653,81	1185,77
654,00	1187,82
654,19	1181,68
654,38	1208,30
654,56	1153,01
654,75	1144,81
654,94	1142,77
655,13	1193,97
655,32	1187,82
655,51	1193,97
655,69	1171,44
655,88	1187,82
656,07	1193,97
656,26	1157,10
656,45	1212,40
656,63	1157,10
656,82	1179,63
657,01	1173,49
657,20	1161,20
657,38	1228,78
657,57	1175,53
657,76	1189,87
657,95	1181,68
658,14	1230,83
658,32	1120,24
658,51	1175,53
658,70	1198,06
658,89	1148,91
659,08	1142,77
659,26	1208,30
659,45	1236,97
659,64	1179,63
659,83	1163,25
660,01	1220,59
660,20	1214,45
660,39	1230,83
660,58	1191,92
660,76	1200,11
660,95	1239,02
661,14	1179,63
661,33	1208,30
661,51	1185,77
661,70	1165,29
661,89	1241,07
662,08	1128,43
662,26	1218,54
662,45	1226,73
662,64	1241,07
662,83	1136,62
663,01	1198,06
663,20	1097,71
663,39	1214,45
663,58	1228,78
663,76	1216,49
663,95	1216,49
664,14	1251,31
664,32	1212,40
664,51	1251,31
664,70	1132,53
664,89	1165,29
665,07	1165,29
665,26	1204,21
665,45	1232,88
665,64	1224,69
665,82	1189,87
666,01	1206,25
666,20	1185,77
666,38	1216,49
666,57	1232,88
666,76	1218,54
666,95	1277,93
667,13	1232,88
667,32	1187,82
667,51	1241,07
667,69	1167,34
667,88	1228,78
668,07	1097,71
668,25	1282,03
668,44	1189,87
668,63	1130,48
668,81	1191,92
669,00	1107,95
669,19	1210,35
669,38	1134,57
669,56	1159,15
669,75	1216,49
669,94	1208,30
670,12	1140,72
670,31	1124,33
670,50	1216,49
670,68	1165,29
670,87	1198,06
671,06	1243,12
671,24	1239,02
671,43	1110,00
671,62	1228,78
671,80	1216,49
671,99	1228,78
672,18	1146,86
672,36	1200,11
672,55	1236,97
672,74	1232,88
672,92	1214,45
673,11	1187,82
673,29	1196,01
673,48	1185,77
673,67	1165,29
673,85	1230,83
674,04	1251,31
674,23	1122,29
674,41	1214,45
674,60	1179,63
674,79	1212,40
674,97	1228,78
675,16	1204,21
675,34	1191,92
675,53	1220,59
675,72	1216,49
675,90	1187,82
676,09	1183,73
676,28	1236,97
676,46	1284,08
676,65	1243,12
676,83	1189,87
677,02	1206,25
677,21	1116,14
677,39	1216,49
677,58	1206,25
677,77	1187,82
677,95	1144,81
678,14	1116,14
678,32	1196,01
678,51	1214,45
678,70	1183,73
678,88	1198,06
679,07	1257,45
679,25	1153,01
679,44	1171,44
679,63	1236,97
679,81	1214,45
680,00	1247,21
680,18	1249,26
680,37	1220,59
680,55	1187,82
680,74	1220,59
680,93	1179,63
681,11	1222,64
681,30	1206,25
681,48	1212,40
681,67	1212,40
681,85	1177,58
682,04	1249,26
682,23	1101,81
682,41	1247,21
682,60	1202,16
682,78	1159,15
682,97	1226,73
683,15	1161,20
683,34	1200,11
683,53	1183,73
683,71	1226,73
683,90	1200,11
684,08	1216,49
684,27	1224,69
684,45	1150,96
684,64	1191,92
684,82	1191,92
685,01	1282,03
685,19	1204,21
685,38	1271,79
685,57	1142,77
685,75	1232,88
685,94	1173,49
686,12	1222,64
686,31	1243,12
686,49	1247,21
686,68	1138,67
686,86	1253,36
687,05	1130,48
687,23	1157,10
687,42	1187,82
687,60	1163,25
687,79	1198,06
687,97	1165,29
688,16	1185,77
688,34	1191,92
688,53	1159,15
688,71	1175,53
688,90	1218,54
689,08	1228,78
689,27	1212,40
689,45	1267,69
689,64	1198,06
689,82	1234,93
690,01	1232,88
690,19	1273,84
690,38	1263,60
690,56	1200,11
690,75	1265,64
690,93	1167,34
691,12	1204,21
691,30	1181,68
691,49	1122,29
691,67	1155,05
691,86	1245,16
692,04	1243,12
692,23	1214,45
692,41	1179,63
692,60	1191,92
692,78	1198,06
692,97	1134,57
693,15	1249,26
693,34	1167,34
693,52	1234,93
693,71	1171,44
693,89	1257,45
694,08	1230,83
694,26	1140,72
694,44	1236,97
694,63	1159,15
694,81	1128,43
695,00	1243,12
695,18	1150,96
695,37	1239,02
695,55	1220,59
695,74	1208,30
695,92	1259,50
696,10	1232,88
696,29	1232,88
696,47	1167,34
696,66	1259,50
696,84	1161,20
697,03	1167,34
697,21	1265,64
697,40	1312,75
697,58	1216,49
697,76	1161,20
697,95	1157,10
698,13	1189,87
698,32	1138,67
698,50	1159,15
698,68	1193,97
698,87	1234,93
699,05	1216,49
699,24	1187,82
699,42	1181,68
699,61	1210,35
699,79	1214,45
699,97	1253,36
700,16	1122,29
700,34	1271,79
700,53	1107,95
700,71	1185,77
700,89	1163,25
701,08	1216,49
701,26	1167,34
701,45	1206,25
701,63	1263,60
701,81	1241,07
702,00	1177,58
702,18	1169,39
702,37	1232,88
702,55	1142,77
702,73	1282,03
702,92	1148,91
703,10	1286,12
703,28	1232,88
703,47	1181,68
703,65	1232,88
703,84	1144,81
704,02	1196,01
704,20	1189,87
704,39	1269,74
704,57	1214,45
704,75	1216,49
704,94	1214,45
705,12	1191,92
705,30	1226,73
705,49	1179,63
705,67	1179,63
705,86	1167,34
706,04	1183,73
706,22	1210,35
706,41	1155,05
706,59	1222,64
706,77	1175,53
706,96	1239,02
707,14	1157,10
707,32	1236,97
707,51	1159,15
707,69	1185,77
707,87	1204,21
708,06	1165,29
708,24	1163,25
708,42	1257,45
708,61	1196,01
708,79	1163,25
708,97	1298,41
709,16	1253,36
709,34	1214,45
709,52	1167,34
709,71	1183,73
709,89	1277,93
710,07	1193,97
710,26	1159,15
710,44	1171,44
710,62	1202,16
710,80	1193,97
710,99	1157,10
711,17	1171,44
711,35	1146,86
711,54	1193,97
711,72	1155,05
711,90	1232,88
712,09	1175,53
712,27	1196,01
712,45	1220,59
712,63	1232,88
712,82	1122,29
713,00	1282,03
713,18	1122,29
713,37	1210,35
713,55	1212,40
713,73	1253,36
713,91	1245,16
714,10	1263,60
714,28	1253,36
714,46	1206,25
714,65	1169,39
714,83	1212,40
715,01	1232,88
715,19	1251,31
715,38	1206,25
715,56	1253,36
715,74	1183,73
715,92	1173,49
716,11	1198,06
716,29	1103,86
716,47	1224,69
716,65	1150,96
716,84	1142,77
717,02	1300,46
717,20	1212,40
717,38	1198,06
717,57	1177,58
717,75	1198,06
717,93	1169,39
718,11	1218,54
718,30	1159,15
718,48	1183,73
718,66	1241,07
718,84	1171,44
719,03	1216,49
719,21	1263,60
719,39	1191,92
719,57	1198,06
719,75	1206,25
719,94	1206,25
720,12	1124,33
720,30	1183,73
720,48	1208,30
720,67	1175,53
720,85	1206,25
721,03	1181,68
721,21	1169,39
721,39	1214,45
721,58	1196,01
721,76	1196,01
721,94	1257,45
722,12	1247,21
722,30	1200,11
722,49	1173,49
722,67	1251,31
722,85	1214,45
723,03	1163,25
723,21	1228,78
723,40	1173,49
723,58	1183,73
723,76	1206,25
723,94	1226,73
724,12	1200,11
724,30	1239,02
724,49	1107,95
724,67	1114,10
724,85	1171,44
725,03	1247,21
725,21	1239,02
725,40	1177,58
725,58	1159,15
725,76	1214,45
725,94	1236,97
726,12	1271,79
726,30	1273,84
726,49	1216,49
726,67	1210,35
726,85	1187,82
727,03	1181,68
727,21	1245,16
727,39	1179,63
727,57	1196,01
727,76	1191,92
727,94	1153,01
728,12	1202,16
728,30	1200,11
728,48	1193,97
728,66	1212,40
728,84	1169,39
729,03	1130,48
729,21	1224,69
729,39	1210,35
729,57	1167,34
729,75	1257,45
729,93	1198,06
730,11	1226,73
730,30	1179,63
730,48	1142,77
730,66	1236,97
730,84	1210,35
731,02	1249,26
731,20	1165,29
731,38	1157,10
731,56	1230,83
731,74	1193,97
731,93	1163,25
732,11	1210,35
732,29	1173,49
732,47	1224,69
732,65	1191,92
732,83	1200,11
733,01	1212,40
733,19	1214,45
733,37	1196,01
733,56	1171,44
733,74	1273,84
733,92	1234,93
734,10	1284,08
734,28	1150,96
734,46	1241,07
734,64	1140,72
734,82	1210,35
735,00	1206,25
735,18	1181,68
735,36	1173,49
735,54	1155,05
735,73	1218,54
735,91	1153,01
736,09	1120,24
736,27	1239,02
736,45	1200,11
736,63	1212,40
736,81	1234,93
736,99	1236,97
737,17	1200,11
737,35	1230,83
737,53	1146,86
737,71	1150,96
737,89	1232,88
738,07	1165,29
738,25	1267,69
738,43	1150,96
738,61	1204,21
738,80	1200,11
738,98	1130,48
739,16	1208,30
739,34	1224,69
739,52	1222,64
739,70	1167,34
739,88	1171,44
740,06	1177,58
740,24	1183,73
740,42	1159,15
740,60	1212,40
740,78	1173,49
740,96	1177,58
741,14	1196,01
741,32	1202,16
741,50	1169,39
741,68	1179,63
741,86	1218,54
742,04	1198,06
742,22	1247,21
742,40	1234,93
742,58	1169,39
742,76	1212,40
742,94	1163,25
743,12	1181,68
743,30	1142,77
743,48	1232,88
743,66	1259,50
743,84	1181,68
744,02	1173,49
744,20	1187,82
744,38	1146,86
744,56	1175,53
744,74	1245,16
744,92	1247,21
745,10	1218,54
745,28	1249,26
745,46	1298,41
745,64	1185,77
745,82	1179,63
746,00	1226,73
746,18	1228,78
746,36	1253,36
746,54	1226,73
746,72	1204,21
746,90	1204,21
747,08	1222,64
747,26	1200,11
747,44	1183,73
747,62	1292,27
747,80	1245,16
747,98	1208,30
748,15	1189,87
748,33	1175,53
748,51	1239,02
748,69	1202,16
748,87	1187,82
749,05	1189,87
749,23	1175,53
749,41	1097,71
749,59	1165,29
749,77	1193,97
749,95	1224,69
750,13	1185,77
750,31	1196,01
750,49	1181,68
750,67	1212,40
750,85	1259,50
751,03	1239,02
751,20	1224,69
751,38	1171,44
751,56	1210,35
751,74	1189,87
751,92	1243,12
752,10	1196,01
752,28	1200,11
752,46	1175,53
752,64	1159,15
752,82	1204,21
753,00	1097,71
753,18	1193,97
753,35	1226,73
753,53	1247,21
753,71	1198,06
753,89	1181,68
754,07	1171,44
754,25	1200,11
754,43	1146,86
754,61	1134,57
754,79	1165,29
754,97	1196,01
755,14	1214,45
755,32	1177,58
755,50	1177,58
755,68	1282,03
755,86	1126,38
756,04	1150,96
756,22	1228,78
756,40	1181,68
756,57	1136,62
756,75	1175,53
756,93	1181,68
757,11	1226,73
757,29	1171,44
757,47	1200,11
757,65	1224,69
757,82	1181,68
758,00	1130,48
758,18	1220,59
758,36	1216,49
758,54	1206,25
758,72	1204,21
758,90	1218,54
759,07	1198,06
759,25	1173,49
759,43	1228,78
759,61	1130,48
759,79	1175,53
759,97	1198,06
760,15	1187,82
760,32	1212,40
760,50	1251,31
760,68	1216,49
760,86	1183,73
761,04	1142,77
761,22	1222,64
761,39	1175,53
761,57	1146,86
761,75	1165,29
761,93	1224,69
762,11	1191,92
762,28	1132,53
762,46	1179,63
762,64	1212,40
762,82	1179,63
763,00	1271,79
763,18	1249,26
763,35	1122,29
763,53	1206,25
763,71	1198,06
763,89	1257,45
764,07	1146,86
764,24	1130,48
764,42	1253,36
764,60	1214,45
764,78	1216,49
764,96	1206,25
765,13	1214,45
765,31	1204,21
765,49	1185,77
765,67	1226,73
765,84	1245,16
766,02	1183,73
766,20	1220,59
766,38	1230,83
766,56	1159,15
766,73	1196,01
766,91	1222,64
767,09	1241,07
767,27	1218,54
767,44	1179,63
767,62	1204,21
767,80	1214,45
767,98	1228,78
768,15	1179,63
768,33	1191,92
768,51	1239,02
768,69	1243,12
768,87	1204,21
769,04	1224,69
769,22	1249,26
769,40	1251,31
769,58	1265,64
769,75	1191,92
769,93	1173,49
770,11	1241,07
770,28	1202,16
770,46	1202,16
770,64	1181,68
770,82	1193,97
770,99	1206,25
771,17	1230,83
771,35	1206,25
771,53	1157,10
771,70	1230,83
771,88	1167,34
772,06	1208,30
772,23	1198,06
772,41	1167,34
772,59	1206,25
772,77	1232,88
772,94	1165,29
773,12	1206,25
773,30	1165,29
773,47	1155,05
773,65	1138,67
773,83	1167,34
774,01	1230,83
774,18	1249,26
774,36	1204,21
774,54	1232,88
774,71	1157,10
774,89	1175,53
775,07	1191,92
775,24	1220,59
775,42	1226,73
775,60	1234,93
775,78	1118,19
775,95	1257,45
776,13	1161,20
776,31	1284,08
776,48	1204,21
776,66	1175,53
776,84	1148,91
777,01	1202,16
777,19	1169,39
777,37	1173,49
777,54	1247,21
777,72	1239,02
777,90	1210,35
778,07	1165,29
778,25	1175,53
778,43	1171,44
778,60	1150,96
778,78	1228,78
778,96	1200,11
779,13	1255,40
779,31	1165,29
779,49	1210,35
779,66	1191,92
779,84	1243,12
780,01	1208,30
780,19	1220,59
780,37	1222,64
780,54	1187,82
780,72	1222,64
780,90	1255,40
781,07	1169,39
781,25	1224,69
781,43	1169,39
781,60	1247,21
781,78	1230,83
781,95	1226,73
782,13	1222,64
782,31	1236,97
782,48	1218,54
782,66	1191,92
782,83	1142,77
783,01	1150,96
783,19	1222,64
783,36	1243,12
783,54	1232,88
783,72	1255,40
783,89	1216,49
784,07	1206,25
784,24	1224,69
784,42	1247,21
784,60	1181,68
784,77	1214,45
784,95	1163,25
785,12	1146,86
785,30	1239,02
785,47	1191,92
785,65	1140,72
785,83	1142,77
786,00	1181,68
786,18	1136,62
786,35	1208,30
786,53	1187,82
786,71	1175,53
786,88	1232,88
787,06	1216,49
787,23	1214,45
787,41	1239,02
787,58	1198,06
787,76	1185,77
787,94	1214,45
788,11	1163,25
788,29	1259,50
788,46	1167,34
788,64	1249,26
788,81	1265,64
788,99	1161,20
789,16	1185,77
789,34	1206,25
789,52	1230,83
789,69	1179,63
789,87	1191,92
790,04	1212,40
790,22	1142,77
790,39	1208,30
790,57	1214,45
790,74	1196,01
790,92	1142,77
791,09	1198,06
791,27	1185,77
791,44	1220,59
791,62	1247,21
791,79	1218,54
791,97	1169,39
792,15	1234,93
792,32	1116,14
792,50	1204,21
792,67	1097,71
792,85	1214,45
793,02	1134,57
793,20	1216,49
793,37	1239,02
793,55	1216,49
793,72	1202,16
793,90	1216,49
794,07	1146,86
794,25	1216,49
794,42	1142,77
794,60	1173,49
794,77	1245,16
794,95	1214,45
795,12	1220,59
795,30	1167,34
795,47	1230,83
795,65	1232,88
795,82	1161,20
796,00	1167,34
796,17	1196,01
796,34	1196,01
796,52	1167,34
796,69	1181,68
796,87	1245,16
797,04	1208,30
797,22	1175,53
797,39	1187,82
797,57	1150,96
797,74	1226,73
797,92	1189,87
798,09	1230,83
798,27	1247,21
798,44	1196,01
798,62	1191,92
798,79	1101,81
798,96	1128,43
799,14	1224,69
799,31	1273,84
799,49	1208,30
799,66	1171,44
799,84	1153,01
800,01	1177,58
800,19	1173,49
800,36	1173,49
800,53	1191,92
800,71	1212,40
800,88	1204,21
801,06	1247,21
801,23	1153,01
801,41	1181,68
801,58	1163,25
801,75	1198,06
801,93	1288,17
802,10	1179,63
802,28	1116,14
802,45	1144,81
802,63	1212,40
802,80	1271,79
802,97	1255,40
803,15	1175,53
803,32	1155,05
803,50	1224,69
803,67	1169,39
803,84	1206,25
804,02	1150,96
804,19	1224,69
804,37	1200,11
804,54	1175,53
804,71	1230,83
804,89	1157,10
805,06	1140,72
805,24	1220,59
805,41	1200,11
805,58	1236,97
805,76	1140,72
805,93	1134,57
806,10	1159,15
806,28	1097,71
806,45	1198,06
806,63	1183,73
806,80	1183,73
806,97	1220,59
807,15	1216,49
807,32	1191,92
807,49	1214,45
807,67	1191,92
807,84	1241,07
808,01	1146,86
808,19	1150,96
808,36	1220,59
808,54	1191,92
808,71	1185,77
808,88	1200,11
809,06	1183,73
809,23	1236,97
809,40	1189,87
809,58	1134,57
809,75	1167,34
809,92	1214,45
810,10	1206,25
810,27	1161,20
810,44	1175,53
810,62	1159,15
810,79	1165,29
810,96	1222,64
811,14	1202,16
811,31	1230,83
811,48	1157,10
811,66	1210,35
811,83	1198,06
812,00	1208,30
812,18	1089,52
812,35	1224,69
812,52	1130,48
812,69	1255,40
812,87	1138,67
813,04	1243,12
813,21	1271,79
813,39	1130,48
813,56	1155,05
813,73	1202,16
813,91	1132,53
814,08	1126,38
814,25	1216,49
814,42	1222,64
814,60	1187,82
814,77	1284,08
814,94	1236,97
815,12	1261,55
815,29	1193,97
815,46	1163,25
815,63	1148,91
815,81	1220,59
815,98	1257,45
816,15	1193,97
816,33	1173,49
816,50	1196,01
816,67	1210,35
816,84	1165,29
817,02	1245,16
817,19	1187,82
817,36	1222,64
817,53	1265,64
817,71	1193,97
817,88	1208,30
818,05	1208,30
818,22	1146,86
818,40	1173,49
818,57	1267,69
818,74	1179,63
818,91	1220,59
819,09	1175,53
819,26	1189,87
819,43	1210,35
819,60	1251,31
819,78	1134,57
819,95	1161,20
820,12	1200,11
820,29	1228,78
820,47	1230,83
820,64	1228,78
820,81	1241,07
820,98	1255,40
821,15	1175,53
821,33	1236,97
821,50	1165,29
821,67	1228,78
821,84	1183,73
822,02	1191,92
822,19	1220,59
822,36	1179,63
822,53	1110,00
822,70	1128,43
822,88	1232,88
823,05	1212,40
823,22	1150,96
823,39	1157,10
823,56	1206,25
823,74	1175,53
823,91	1193,97
824,08	1228,78
824,25	1196,01
824,42	1275,88
824,60	1161,20
824,77	1230,83
824,94	1220,59
825,11	1171,44
825,28	1191,92
825,45	1175,53
825,63	1146,86
825,80	1175,53
825,97	1255,40
826,14	1224,69
826,31	1210,35
826,48	1187,82
826,66	1206,25
826,83	1277,93
827,00	1169,39
827,17	1165,29
827,34	1273,84
827,51	1167,34
827,69	1132,53
827,86	1155,05
828,03	1193,97
828,20	1277,93
828,37	1257,45
828,54	1247,21
828,71	1282,03
828,89	1247,21
829,06	1236,97
829,23	1181,68
829,40	1161,20
829,57	1196,01
829,74	1187,82
829,91	1155,05
830,09	1093,62
830,26	1191,92
830,43	1116,14
830,60	1230,83
830,77	1206,25
830,94	1206,25
831,11	1212,40
831,28	1220,59
831,46	1208,30
831,63	1181,68
831,80	1124,33
831,97	1146,86
832,14	1183,73
832,31	1187,82
832,48	1179,63
832,65	1249,26
832,82	1157,10
832,99	1200,11
833,17	1196,01
833,34	1224,69
833,51	1155,05
833,68	1208,30
833,85	1175,53
834,02	1206,25
834,19	1247,21
834,36	1196,01
834,53	1136,62
834,70	1220,59
834,87	1232,88
835,04	1245,16
835,22	1267,69
835,39	1206,25
835,56	1210,35
835,73	1183,73
835,90	1208,30
836,07	1228,78
836,24	1204,21
836,41	1210,35
836,58	1146,86
836,75	1206,25
836,92	1241,07
837,09	1198,06
837,26	1181,68
837,43	1155,05
837,60	1218,54
837,77	1124,33
837,94	1159,15
838,12	1234,93
838,29	1206,25
838,46	1228,78
838,63	1175,53
838,80	1216,49
838,97	1153,01
839,14	1200,11
839,31	1163,25
839,48	1200,11
839,65	1200,11
839,82	1228,78
839,99	1191,92
840,16	1187,82
840,33	1175,53
840,50	1191,92
840,67	1189,87
840,84	1251,31
841,01	1157,10
841,18	1263,60
841,35	1148,91
841,52	1167,34
841,69	1177,58
841,86	1216,49
842,03	1210,35
842,20	1220,59
842,37	1185,77
842,54	1173,49
842,71	1171,44
842,88	1175,53
843,05	1153,01
843,22	1171,44
843,39	1236,97
843,56	1157,10
843,73	1247,21
843,90	1185,77
844,07	1146,86
844,24	1314,80
844,41	1236,97
844,58	1175,53
844,75	1236,97
844,92	1173,49
845,09	1175,53
845,26	1155,05
845,43	1189,87
845,60	1249,26
845,77	1255,40
845,94	1234,93
846,10	1228,78
846,27	1150,96
846,44	1216,49
846,61	1239,02
846,78	1241,07
846,95	1208,30
847,12	1208,30
847,29	1247,21
847,46	1216,49
847,63	1175,53
847,80	1230,83
847,97	1183,73
848,14	1300,46
848,31	1239,02
848,48	1134,57
848,65	1196,01
848,82	1200,11
848,98	1189,87
849,15	1175,53
849,32	1241,07
849,49	1171,44
849,66	1167,34
849,83	1200,11
850,00	1142,77
850,17	1218,54
850,34	1191,92
850,51	1232,88
850,68	1167,34
850,85	1200,11
851,01	1288,17
851,18	1196,01
851,35	1142,77
851,52	1234,93
851,69	1157,10
851,86	1230,83
852,03	1259,50
852,20	1214,45
852,37	1198,06
852,53	1148,91
852,70	1218,54
852,87	1212,40
853,04	1200,11
853,21	1204,21
853,38	1222,64
853,55	1214,45
853,72	1224,69
853,89	1187,82
854,05	1249,26
854,22	1142,77
854,39	1204,21
854,56	1261,55
854,73	1204,21
854,90	1163,25
855,07	1167,34
855,23	1161,20
855,40	1157,10
855,57	1157,10
855,74	1175,53
855,91	1179,63
856,08	1208,30
856,25	1236,97
856,41	1183,73
856,58	1193,97
856,75	1150,96
856,92	1212,40
857,09	1165,29
857,26	1134,57
857,42	1159,15
857,59	1193,97
857,76	1226,73
857,93	1150,96
858,10	1232,88
858,27	1191,92
858,43	1189,87
858,60	1263,60
858,77	1210,35
858,94	1177,58
859,11	1140,72
859,27	1134,57
859,44	1175,53
859,61	1198,06
859,78	1191,92
859,95	1179,63
860,12	1161,20
860,28	1193,97
860,45	1189,87
860,62	1177,58
860,79	1243,12
860,95	1202,16
861,12	1148,91
861,29	1212,40
861,46	1232,88
861,63	1216,49
861,79	1148,91
861,96	1196,01
862,13	1142,77
862,30	1204,21
862,47	1163,25
862,63	1173,49
862,80	1171,44
862,97	1241,07
863,14	1245,16
863,30	1204,21
863,47	1198,06
863,64	1220,59
863,81	1130,48
863,97	1212,40
864,14	1230,83
864,31	1210,35
864,48	1275,88
864,65	1232,88
864,81	1204,21
864,98	1218,54
865,15	1279,98
865,32	1212,40
865,48	1216,49
865,65	1253,36
865,82	1212,40
865,98	1179,63
866,15	1191,92
866,32	1181,68
866,49	1228,78
866,65	1193,97
866,82	1216,49
866,99	1161,20
867,16	1257,45
867,32	1191,92
867,49	1165,29
867,66	1232,88
867,83	1220,59
867,99	1169,39
868,16	1193,97
868,33	1183,73
868,49	1181,68
868,66	1150,96
868,83	1200,11
868,99	1196,01
869,16	1155,05
869,33	1179,63
869,50	1255,40
869,66	1255,40
869,83	1224,69
870,00	1183,73
870,16	1263,60
870,33	1191,92
870,50	1177,58
870,66	1230,83
870,83	1214,45
871,00	1200,11
871,17	1210,35
871,33	1228,78
871,50	1249,26
871,67	1140,72
871,83	1187,82
872,00	1212,40
872,17	1179,63
872,33	1146,86
872,50	1206,25
872,67	1230,83
872,83	1226,73
873,00	1150,96
873,17	1210,35
873,33	1206,25
873,50	1157,10
873,67	1155,05
873,83	1204,21
874,00	1146,86
874,16	1140,72
874,33	1159,15
874,50	1224,69
874,66	1191,92
874,83	1216,49
875,00	1173,49
875,16	1220,59
875,33	1136,62
875,50	1214,45
875,66	1218,54
875,83	1202,16
875,99	1130,48
876,16	1210,35
876,33	1161,20
876,49	1216,49
876,66	1232,88
876,83	1189,87
876,99	1183,73
877,16	1183,73
877,32	1193,97
877,49	1183,73
877,66	1196,01
877,82	1144,81
877,99	1206,25
878,15	1200,11
878,32	1204,21
878,49	1157,10
878,65	1210,35
878,82	1208,30
878,98	1196,01
879,15	1198,06
879,32	1290,22
879,48	1150,96
879,65	1185,77
879,81	1177,58
879,98	1159,15
880,15	1148,91
880,31	1171,44
880,48	1181,68
880,64	1167,34
880,81	1148,91
880,97	1167,34
881,14	1181,68
881,31	1210,35
881,47	1212,40
881,64	1206,25
881,80	1251,31
881,97	1206,25
882,13	1243,12
882,30	1226,73
882,47	1157,10
882,63	1175,53
882,80	1198,06
882,96	1249,26
883,13	1189,87
883,29	1200,11
883,46	1206,25
883,62	1148,91
883,79	1282,03
883,95	1218,54
884,12	1200,11
884,29	1179,63
884,45	1177,58
884,62	1177,58
884,78	1200,11
884,95	1200,11
885,11	1191,92
885,28	1148,91
885,44	1116,14
885,61	1198,06
885,77	1210,35
885,94	1171,44
886,10	1167,34
886,27	1202,16
886,43	1148,91
886,60	1198,06
886,76	1206,25
886,93	1163,25
887,09	1220,59
887,26	1243,12
887,42	1241,07
887,59	1163,25
887,75	1206,25
887,92	1179,63
888,08	1265,64
888,25	1191,92
888,41	1148,91
888,58	1187,82
888,74	1150,96
888,91	1128,43
