177,47	1222,64
177,69	1222,64
177,91	1222,64
178,13	1222,64
178,36	1165,29
178,58	1187,82
178,80	1171,44
179,02	1185,77
179,24	1218,54
179,46	1150,96
179,68	1200,11
179,90	1140,72
180,13	1175,53
180,35	1144,81
180,57	1228,78
180,79	1269,74
181,01	1136,62
181,23	1169,39
181,45	1191,92
181,67	1171,44
181,90	1277,93
182,12	1146,86
182,34	1183,73
182,56	1202,16
182,78	1208,30
183,00	1216,49
183,22	1138,67
183,44	1157,10
183,66	1120,24
183,89	1202,16
184,11	1200,11
184,33	1220,59
184,55	1069,04
184,77	1155,05
184,99	1136,62
185,21	1200,11
185,43	1208,30
185,65	1167,34
185,87	1179,63
186,10	1198,06
186,32	1167,34
186,54	1230,83
186,76	1150,96
186,98	1157,10
187,20	1224,69
187,42	1171,44
187,64	1202,16
187,86	1257,45
188,08	1232,88
188,30	1189,87
188,52	1167,34
188,75	1134,57
188,97	1169,39
189,19	1222,64
189,41	1208,30
189,63	1116,14
189,85	1216,49
190,07	1200,11
190,29	1155,05
190,51	1167,34
190,73	1114,10
190,95	1243,12
191,17	1185,77
191,39	1159,15
191,61	1181,68
191,84	1214,45
192,06	1247,21
192,28	1118,19
192,50	1232,88
192,72	1200,11
192,94	1161,20
193,16	1212,40
193,38	1224,69
193,60	1228,78
193,82	1249,26
194,04	1193,97
194,26	1169,39
194,48	1179,63
194,70	1187,82
194,92	1222,64
195,14	1175,53
195,36	1187,82
195,58	1200,11
195,80	1189,87
196,02	1198,06
196,24	1181,68
196,46	1251,31
196,69	1187,82
196,91	1228,78
197,13	1187,82
197,35	1202,16
197,57	1253,36
197,79	1118,19
198,01	1216,49
198,23	1230,83
198,45	1193,97
198,67	1163,25
198,89	1224,69
199,11	1167,34
199,33	1161,20
199,55	1181,68
199,77	1253,36
199,99	1159,15
200,21	1202,16
200,43	1146,86
200,65	1202,16
200,87	1206,25
201,09	1189,87
201,31	1179,63
201,53	1159,15
201,75	1245,16
201,97	1214,45
202,19	1185,77
202,41	1214,45
202,63	1208,30
202,85	1183,73
203,07	1163,25
203,29	1243,12
203,51	1210,35
203,73	1220,59
203,95	1150,96
204,17	1218,54
204,39	1245,16
204,61	1169,39
204,83	1224,69
205,05	1257,45
205,27	1214,45
205,49	1181,68
205,71	1210,35
205,93	1191,92
206,15	1245,16
206,37	1163,25
206,59	1310,70
206,81	1226,73
207,03	1198,06
207,25	1179,63
207,47	1253,36
207,69	1187,82
207,91	1257,45
208,13	1239,02
208,34	1185,77
208,56	1191,92
208,78	1175,53
209,00	1175,53
209,22	1216,49
209,44	1243,12
209,66	1228,78
209,88	1167,34
210,10	1216,49
210,32	1167,34
210,54	1196,01
210,76	1183,73
210,98	1173,49
211,20	1204,21
211,42	1218,54
211,64	1202,16
211,86	1134,57
212,08	1144,81
212,30	1277,93
212,52	1128,43
212,74	1134,57
212,96	1171,44
213,17	1253,36
213,39	1181,68
213,61	1232,88
213,83	1146,86
214,05	1204,21
214,27	1202,16
214,49	1191,92
214,71	1130,48
214,93	1200,11
215,15	1218,54
215,37	1122,29
215,59	1183,73
215,81	1214,45
216,03	1187,82
216,24	1179,63
216,46	1224,69
216,68	1157,10
216,90	1159,15
217,12	1165,29
217,34	1089,52
217,56	1159,15
217,78	1222,64
218,00	1198,06
218,22	1239,02
218,44	1165,29
218,66	1148,91
218,87	1155,05
219,09	1247,21
219,31	1196,01
219,53	1142,77
219,75	1198,06
219,97	1204,21
220,19	1216,49
220,41	1144,81
220,63	1136,62
220,85	1247,21
221,06	1204,21
221,28	1239,02
221,50	1126,38
221,72	1224,69
221,94	1181,68
222,16	1179,63
222,38	1259,50
222,60	1136,62
222,82	1230,83
223,03	1183,73
223,25	1167,34
223,47	1214,45
223,69	1193,97
223,91	1210,35
224,13	1202,16
224,35	1175,53
224,57	1189,87
224,78	1167,34
225,00	1249,26
225,22	1183,73
225,44	1142,77
225,66	1253,36
225,88	1212,40
226,10	1236,97
226,32	1228,78
226,53	1169,39
226,75	1222,64
226,97	1171,44
227,19	1196,01
227,41	1216,49
227,63	1222,64
227,85	1167,34
228,06	1245,16
228,28	1277,93
228,50	1169,39
228,72	1191,92
228,94	1167,34
229,16	1146,86
229,37	1218,54
229,59	1155,05
229,81	1212,40
230,03	1155,05
230,25	1206,25
230,47	1232,88
230,69	1193,97
230,90	1198,06
231,12	1193,97
231,34	1191,92
231,56	1171,44
231,78	1234,93
232,00	1284,08
232,21	1216,49
232,43	1177,58
232,65	1165,29
232,87	1165,29
233,09	1218,54
233,30	1265,64
233,52	1259,50
233,74	1208,30
233,96	1144,81
234,18	1196,01
234,40	1187,82
234,61	1153,01
234,83	1161,20
235,05	1208,30
235,27	1144,81
235,49	1198,06
235,70	1222,64
235,92	1187,82
236,14	1144,81
236,36	1216,49
236,58	1218,54
236,79	1179,63
237,01	1222,64
237,23	1159,15
237,45	1224,69
237,67	1181,68
237,88	1155,05
238,10	1146,86
238,32	1185,77
238,54	1239,02
238,76	1218,54
238,97	1245,16
239,19	1220,59
239,41	1171,44
239,63	1148,91
239,85	1216,49
240,06	1191,92
240,28	1210,35
240,50	1196,01
240,72	1296,36
240,93	1126,38
241,15	1163,25
241,37	1222,64
241,59	1179,63
241,81	1200,11
242,02	1212,40
242,24	1253,36
242,46	1206,25
242,68	1232,88
242,89	1206,25
243,11	1265,64
243,33	1210,35
243,55	1142,77
243,76	1185,77
243,98	1198,06
244,20	1210,35
244,42	1148,91
244,64	1249,26
244,85	1138,67
245,07	1191,92
245,29	1232,88
245,51	1255,40
245,72	1200,11
245,94	1146,86
246,16	1206,25
246,38	1241,07
246,59	1218,54
246,81	1218,54
247,03	1234,93
247,24	1222,64
247,46	1181,68
247,68	1208,30
247,90	1118,19
248,11	1216,49
248,33	1245,16
248,55	1183,73
248,77	1187,82
248,98	1189,87
249,20	1234,93
249,42	1236,97
249,64	1210,35
249,85	1181,68
250,07	1187,82
250,29	1196,01
250,50	1171,44
250,72	1163,25
250,94	1171,44
251,16	1181,68
251,37	1181,68
251,59	1255,40
251,81	1163,25
252,02	1153,01
252,24	1232,88
252,46	1228,78
252,68	1165,29
252,89	1118,19
253,11	1249,26
253,33	1206,25
253,54	1212,40
253,76	1267,69
253,98	1202,16
254,20	1224,69
254,41	1241,07
254,63	1122,29
254,85	1173,49
255,06	1126,38
255,28	1198,06
255,50	1167,34
255,71	1212,40
255,93	1255,40
256,15	1181,68
256,36	1165,29
256,58	1169,39
256,80	1220,59
257,02	1173,49
257,23	1165,29
257,45	1212,40
257,67	1165,29
257,88	1140,72
258,10	1230,83
258,32	1234,93
258,53	1198,06
258,75	1234,93
258,97	1200,11
259,18	1216,49
259,40	1300,46
259,62	1155,05
259,83	1222,64
260,05	1175,53
260,27	1267,69
260,48	1134,57
260,70	1191,92
260,92	1259,50
261,13	1148,91
261,35	1181,68
261,57	1243,12
261,78	1097,71
262,00	1140,72
262,22	1212,40
262,43	1181,68
262,65	1177,58
262,86	1189,87
263,08	1165,29
263,30	1185,77
263,51	1128,43
263,73	1157,10
263,95	1185,77
264,16	1210,35
264,38	1191,92
264,60	1187,82
264,81	1062,90
265,03	1212,40
265,25	1222,64
265,46	1232,88
265,68	1171,44
265,89	1136,62
266,11	1171,44
266,33	1208,30
266,54	1185,77
266,76	1216,49
266,98	1236,97
267,19	1134,57
267,41	1181,68
267,62	1204,21
267,84	1212,40
268,06	1148,91
268,27	1198,06
268,49	1189,87
268,70	1206,25
268,92	1208,30
269,14	1196,01
269,35	1183,73
269,57	1144,81
269,79	1243,12
270,00	1169,39
270,22	1116,14
270,43	1218,54
270,65	1159,15
270,87	1153,01
271,08	1212,40
271,30	1218,54
271,51	1161,20
271,73	1196,01
271,95	1150,96
272,16	1179,63
272,38	1189,87
272,59	1095,66
272,81	1214,45
273,02	1226,73
273,24	1175,53
273,46	1191,92
273,67	1214,45
273,89	1214,45
274,10	1245,16
274,32	1126,38
274,54	1191,92
274,75	1167,34
274,97	1159,15
275,18	1134,57
275,40	1208,30
275,61	1183,73
275,83	1212,40
276,05	1107,95
276,26	1263,60
276,48	1196,01
276,69	1255,40
276,91	1146,86
277,12	1189,87
277,34	1175,53
277,55	1165,29
277,77	1214,45
277,99	1173,49
278,20	1249,26
278,42	1218,54
278,63	1155,05
278,85	1150,96
279,06	1110,00
279,28	1255,40
279,49	1175,53
279,71	1140,72
279,93	1271,79
280,14	1241,07
280,36	1218,54
280,57	1196,01
280,79	1173,49
281,00	1130,48
281,22	1208,30
281,43	1257,45
281,65	1249,26
281,86	1136,62
282,08	1200,11
282,29	1161,20
282,51	1144,81
282,73	1271,79
282,94	1234,93
283,16	1140,72
283,37	1191,92
283,59	1265,64
283,80	1171,44
284,02	1228,78
284,23	1206,25
284,45	1169,39
284,66	1173,49
284,88	1218,54
285,09	1183,73
285,31	1218,54
285,52	1208,30
285,74	1265,64
285,95	1171,44
286,17	1232,88
286,38	1210,35
286,60	1208,30
286,81	1128,43
287,03	1200,11
287,24	1157,10
287,46	1210,35
287,67	1204,21
287,89	1146,86
288,10	1187,82
288,32	1251,31
288,53	1210,35
288,75	1181,68
288,96	1218,54
289,18	1146,86
289,39	1196,01
289,61	1189,87
289,82	1196,01
290,04	1218,54
290,25	1179,63
290,47	1134,57
290,68	1241,07
290,90	1167,34
291,11	1130,48
291,33	1236,97
291,54	1126,38
291,76	1191,92
291,97	1183,73
292,18	1257,45
292,40	1253,36
292,61	1241,07
292,83	1210,35
293,04	1107,95
293,26	1163,25
293,47	1202,16
293,69	1241,07
293,90	1157,10
294,12	1140,72
294,33	1089,52
294,55	1177,58
294,76	1165,29
294,97	1216,49
295,19	1249,26
295,40	1216,49
295,62	1200,11
295,83	1193,97
296,05	1124,33
296,26	1222,64
296,48	1214,45
296,69	1210,35
296,90	1183,73
297,12	1150,96
297,33	1261,55
297,55	1189,87
297,76	1259,50
297,98	1144,81
298,19	1183,73
298,41	1191,92
298,62	1232,88
298,83	1243,12
299,05	1200,11
299,26	1169,39
299,48	1134,57
299,69	1224,69
299,90	1167,34
300,12	1191,92
300,33	1239,02
300,55	1161,20
300,76	1202,16
300,98	1179,63
301,19	1196,01
301,40	1228,78
301,62	1210,35
301,83	1175,53
302,05	1198,06
302,26	1234,93
302,47	1163,25
302,69	1144,81
302,90	1196,01
303,12	1165,29
303,33	1218,54
303,54	1175,53
303,76	1150,96
303,97	1220,59
304,19	1212,40
304,40	1198,06
304,61	1173,49
304,83	1265,64
305,04	1255,40
305,26	1226,73
305,47	1169,39
305,68	1153,01
305,90	1288,17
306,11	1204,21
306,33	1157,10
306,54	1187,82
306,75	1216,49
306,97	1220,59
307,18	1230,83
307,39	1175,53
307,61	1157,10
307,82	1249,26
308,04	1200,11
308,25	1218,54
308,46	1259,50
308,68	1208,30
308,89	1171,44
309,10	1171,44
309,32	1157,10
309,53	1132,53
309,74	1214,45
309,96	1196,01
310,17	1210,35
310,39	1193,97
310,60	1183,73
310,81	1214,45
311,03	1136,62
311,24	1251,31
311,45	1185,77
311,67	1202,16
311,88	1173,49
312,09	1171,44
312,31	1183,73
312,52	1232,88
312,73	1128,43
312,95	1208,30
313,16	1173,49
313,37	1265,64
313,59	1185,77
313,80	1140,72
314,01	1200,11
314,23	1185,77
314,44	1259,50
314,65	1114,10
314,87	1212,40
315,08	1236,97
315,29	1171,44
315,51	1124,33
315,72	1189,87
315,93	1241,07
316,15	1191,92
316,36	1155,05
316,57	1161,20
316,79	1218,54
317,00	1146,86
317,21	1189,87
317,43	1257,45
317,64	1193,97
317,85	1202,16
318,07	1191,92
318,28	1245,16
318,49	1187,82
318,70	1214,45
318,92	1136,62
319,13	1224,69
319,34	1122,29
319,56	1189,87
319,77	1265,64
319,98	1249,26
320,20	1251,31
320,41	1204,21
320,62	1208,30
320,83	1232,88
321,05	1232,88
321,26	1218,54
321,47	1241,07
321,69	1153,01
321,90	1155,05
322,11	1157,10
322,32	1189,87
322,54	1150,96
322,75	1196,01
322,96	1202,16
323,18	1210,35
323,39	1193,97
323,60	1232,88
323,81	1224,69
324,03	1198,06
324,24	1148,91
324,45	1163,25
324,66	1230,83
324,88	1204,21
325,09	1208,30
325,30	1189,87
325,52	1095,66
325,73	1214,45
325,94	1138,67
326,15	1249,26
326,37	1204,21
326,58	1165,29
326,79	1181,68
327,00	1177,58
327,22	1206,25
327,43	1155,05
327,64	1200,11
327,85	1177,58
328,07	1214,45
328,28	1204,21
328,49	1165,29
328,70	1216,49
328,92	1253,36
329,13	1116,14
329,34	1198,06
329,55	1183,73
329,76	1191,92
329,98	1140,72
330,19	1202,16
330,40	1179,63
330,61	1198,06
330,83	1187,82
331,04	1251,31
331,25	1157,10
331,46	1142,77
331,68	1249,26
331,89	1169,39
332,10	1163,25
332,31	1232,88
332,52	1206,25
332,74	1230,83
332,95	1118,19
333,16	1191,92
333,37	1159,15
333,58	1177,58
333,80	1222,64
334,01	1179,63
334,22	1136,62
334,43	1200,11
334,64	1167,34
334,86	1148,91
335,07	1282,03
335,28	1220,59
335,49	1163,25
335,70	1200,11
335,92	1103,86
336,13	1140,72
336,34	1185,77
336,55	1138,67
336,76	1153,01
336,98	1144,81
337,19	1138,67
337,40	1214,45
337,61	1165,29
337,82	1191,92
338,04	1228,78
338,25	1144,81
338,46	1144,81
338,67	1150,96
338,88	1171,44
339,09	1173,49
339,31	1103,86
339,52	1157,10
339,73	1206,25
339,94	1218,54
340,15	1210,35
340,36	1263,60
340,58	1228,78
340,79	1200,11
341,00	1218,54
341,21	1210,35
341,42	1263,60
341,63	1155,05
341,85	1173,49
342,06	1183,73
342,27	1222,64
342,48	1220,59
342,69	1155,05
342,90	1181,68
343,12	1208,30
343,33	1200,11
343,54	1136,62
343,75	1241,07
343,96	1210,35
344,17	1189,87
344,38	1265,64
344,60	1159,15
344,81	1193,97
345,02	1132,53
345,23	1232,88
345,44	1208,30
345,65	1181,68
345,86	1189,87
346,07	1157,10
346,29	1177,58
346,50	1169,39
346,71	1189,87
346,92	1183,73
347,13	1267,69
347,34	1257,45
347,55	1150,96
347,76	1212,40
347,98	1208,30
348,19	1165,29
348,40	1159,15
348,61	1122,29
348,82	1202,16
349,03	1212,40
349,24	1222,64
349,45	1257,45
349,66	1198,06
349,88	1189,87
350,09	1150,96
350,30	1177,58
350,51	1155,05
350,72	1196,01
350,93	1138,67
351,14	1243,12
351,35	1169,39
351,56	1110,00
351,77	1130,48
351,99	1253,36
352,20	1122,29
352,41	1128,43
352,62	1228,78
352,83	1247,21
353,04	1204,21
353,25	1187,82
353,46	1228,78
353,67	1234,93
353,88	1132,53
354,09	1191,92
354,30	1163,25
354,52	1153,01
354,73	1241,07
354,94	1118,19
355,15	1214,45
355,36	1267,69
355,57	1185,77
355,78	1196,01
355,99	1175,53
356,20	1218,54
356,41	1202,16
356,62	1148,91
356,83	1171,44
357,04	1134,57
357,25	1208,30
357,46	1171,44
357,68	1142,77
357,89	1175,53
358,10	1124,33
358,31	1228,78
358,52	1183,73
358,73	1187,82
358,94	1224,69
359,15	1107,95
359,36	1224,69
359,57	1187,82
359,78	1198,06
359,99	1234,93
360,20	1191,92
360,41	1204,21
360,62	1171,44
360,83	1193,97
361,04	1138,67
361,25	1191,92
361,46	1220,59
361,67	1228,78
361,88	1257,45
362,09	1159,15
362,30	1216,49
362,51	1148,91
362,72	1157,10
362,93	1216,49
363,14	1140,72
363,35	1232,88
363,56	1183,73
363,78	1136,62
363,99	1181,68
364,20	1163,25
364,41	1128,43
364,62	1200,11
364,83	1236,97
365,04	1159,15
365,25	1232,88
365,46	1122,29
365,67	1226,73
365,88	1239,02
366,09	1196,01
366,30	1224,69
366,51	1140,72
366,72	1142,77
366,93	1183,73
367,14	1196,01
367,35	1204,21
367,56	1179,63
367,77	1230,83
367,98	1159,15
368,18	1083,38
368,39	1189,87
368,60	1202,16
368,81	1150,96
369,02	1163,25
369,23	1175,53
369,44	1220,59
369,65	1191,92
369,86	1163,25
370,07	1159,15
370,28	1161,20
370,49	1196,01
370,70	1220,59
370,91	1226,73
371,12	1202,16
371,33	1134,57
371,54	1253,36
371,75	1218,54
371,96	1232,88
372,17	1232,88
372,38	1142,77
372,59	1234,93
372,80	1175,53
373,01	1206,25
373,22	1216,49
373,43	1163,25
373,64	1202,16
373,85	1165,29
374,06	1163,25
374,26	1263,60
374,47	1150,96
374,68	1239,02
374,89	1163,25
375,10	1220,59
375,31	1208,30
375,52	1200,11
375,73	1198,06
375,94	1146,86
376,15	1210,35
376,36	1107,95
376,57	1249,26
376,78	1185,77
376,99	1196,01
377,20	1191,92
377,40	1173,49
377,61	1157,10
377,82	1189,87
378,03	1132,53
378,24	1204,21
378,45	1177,58
378,66	1173,49
378,87	1167,34
379,08	1146,86
379,29	1181,68
379,50	1249,26
379,71	1224,69
379,91	1243,12
380,12	1183,73
380,33	1107,95
380,54	1167,34
380,75	1181,68
380,96	1220,59
381,17	1224,69
381,38	1222,64
381,59	1171,44
381,80	1183,73
382,00	1155,05
382,21	1159,15
382,42	1212,40
382,63	1210,35
382,84	1210,35
383,05	1216,49
383,26	1148,91
383,47	1239,02
383,68	1167,34
383,88	1212,40
384,09	1230,83
384,30	1245,16
384,51	1163,25
384,72	1259,50
384,93	1142,77
385,14	1196,01
385,35	1206,25
385,55	1236,97
385,76	1110,00
385,97	1167,34
386,18	1261,55
386,39	1204,21
386,60	1165,29
386,81	1202,16
387,02	1155,05
387,22	1193,97
387,43	1183,73
387,64	1169,39
387,85	1222,64
388,06	1169,39
388,27	1185,77
388,48	1146,86
388,68	1189,87
388,89	1196,01
389,10	1169,39
389,31	1124,33
389,52	1208,30
389,73	1159,15
389,93	1114,10
390,14	1130,48
390,35	1144,81
390,56	1148,91
390,77	1163,25
390,98	1222,64
391,18	1140,72
391,39	1169,39
391,60	1247,21
391,81	1130,48
392,02	1202,16
392,23	1140,72
392,43	1220,59
392,64	1220,59
392,85	1183,73
393,06	1214,45
393,27	1290,22
393,47	1253,36
393,68	1140,72
393,89	1232,88
394,10	1216,49
394,31	1202,16
394,52	1232,88
394,72	1175,53
394,93	1210,35
395,14	1134,57
395,35	1169,39
395,56	1136,62
395,76	1191,92
395,97	1224,69
396,18	1239,02
396,39	1183,73
396,60	1173,49
396,80	1140,72
397,01	1220,59
397,22	1136,62
397,43	1171,44
397,64	1230,83
397,84	1202,16
398,05	1171,44
398,26	1142,77
398,47	1187,82
398,67	1198,06
398,88	1216,49
399,09	1191,92
399,30	1163,25
399,51	1226,73
399,71	1218,54
399,92	1198,06
400,13	1193,97
400,34	1171,44
400,54	1212,40
400,75	1202,16
400,96	1206,25
401,17	1173,49
401,37	1136,62
401,58	1193,97
401,79	1167,34
402,00	1204,21
402,21	1218,54
402,41	1112,05
402,62	1181,68
402,83	1202,16
403,04	1218,54
403,24	1150,96
403,45	1243,12
403,66	1189,87
403,87	1208,30
404,07	1138,67
404,28	1216,49
404,49	1204,21
404,70	1232,88
404,90	1171,44
405,11	1185,77
405,32	1126,38
405,52	1179,63
405,73	1134,57
405,94	1251,31
406,15	1175,53
406,35	1177,58
406,56	1208,30
406,77	1253,36
406,98	1163,25
407,18	1148,91
407,39	1161,20
407,60	1150,96
407,80	1138,67
408,01	1212,40
408,22	1212,40
408,43	1198,06
408,63	1236,97
408,84	1214,45
409,05	1208,30
409,25	1171,44
409,46	1165,29
409,67	1208,30
409,88	1157,10
410,08	1230,83
410,29	1181,68
410,50	1200,11
410,70	1159,15
410,91	1198,06
411,12	1159,15
411,32	1243,12
411,53	1173,49
411,74	1220,59
411,95	1159,15
412,15	1198,06
412,36	1257,45
412,57	1200,11
412,77	1222,64
412,98	1206,25
413,19	1228,78
413,39	1163,25
413,60	1165,29
413,81	1183,73
414,01	1271,79
414,22	1193,97
414,43	1208,30
414,63	1179,63
414,84	1208,30
415,05	1138,67
415,25	1181,68
415,46	1169,39
415,67	1173,49
415,87	1198,06
416,08	1175,53
416,29	1159,15
416,49	1200,11
416,70	1179,63
416,91	1165,29
417,11	1138,67
417,32	1153,01
417,53	1247,21
417,73	1218,54
417,94	1153,01
418,15	1122,29
418,35	1228,78
418,56	1230,83
418,77	1189,87
418,97	1179,63
419,18	1216,49
419,38	1150,96
419,59	1212,40
419,80	1183,73
420,00	1232,88
420,21	1173,49
420,42	1210,35
420,62	1208,30
420,83	1169,39
421,04	1173,49
421,24	1169,39
421,45	1243,12
421,65	1196,01
421,86	1200,11
422,07	1191,92
422,27	1122,29
422,48	1265,64
422,69	1146,86
422,89	1206,25
423,10	1159,15
423,30	1159,15
423,51	1148,91
423,72	1171,44
423,92	1236,97
424,13	1126,38
424,33	1220,59
424,54	1187,82
424,75	1165,29
424,95	1234,93
425,16	1259,50
425,36	1234,93
425,57	1226,73
425,78	1241,07
425,98	1159,15
426,19	1206,25
426,39	1310,70
426,60	1173,49
426,81	1169,39
427,01	1222,64
427,22	1175,53
427,42	1157,10
427,63	1200,11
427,83	1216,49
428,04	1161,20
428,25	1214,45
428,45	1230,83
428,66	1196,01
428,86	1200,11
429,07	1232,88
429,28	1218,54
429,48	1146,86
429,69	1222,64
429,89	1243,12
430,10	1210,35
430,30	1140,72
430,51	1183,73
430,71	1159,15
430,92	1236,97
431,13	1193,97
431,33	1191,92
431,54	1161,20
431,74	1241,07
431,95	1245,16
432,15	1204,21
432,36	1267,69
432,56	1097,71
432,77	1187,82
432,98	1210,35
433,18	1222,64
433,39	1216,49
433,59	1159,15
433,80	1253,36
434,00	1210,35
434,21	1107,95
434,41	1196,01
434,62	1200,11
434,82	1179,63
435,03	1212,40
435,23	1245,16
435,44	1200,11
435,64	1091,57
435,85	1208,30
436,06	1200,11
436,26	1181,68
436,47	1196,01
436,67	1165,29
436,88	1206,25
437,08	1198,06
437,29	1220,59
437,49	1161,20
437,70	1144,81
437,90	1148,91
438,11	1253,36
438,31	1216,49
438,52	1148,91
438,72	1218,54
438,93	1243,12
439,13	1269,74
439,34	1224,69
439,54	1253,36
439,75	1234,93
439,95	1220,59
440,16	1204,21
440,36	1243,12
440,57	1236,97
440,77	1239,02
440,98	1200,11
441,18	1222,64
441,39	1122,29
441,59	1107,95
441,80	1114,10
442,00	1208,30
442,21	1257,45
442,41	1212,40
442,62	1255,40
442,82	1173,49
443,02	1200,11
443,23	1126,38
443,43	1257,45
443,64	1249,26
443,84	1200,11
444,05	1230,83
444,25	1187,82
444,46	1167,34
444,66	1148,91
444,87	1243,12
445,07	1148,91
445,28	1179,63
445,48	1214,45
445,69	1185,77
445,89	1218,54
446,09	1198,06
446,30	1241,07
446,50	1236,97
446,71	1251,31
446,91	1187,82
447,12	1230,83
447,32	1249,26
447,53	1181,68
447,73	1206,25
447,93	1177,58
448,14	1222,64
448,34	1134,57
448,55	1183,73
448,75	1236,97
448,96	1263,60
449,16	1218,54
449,36	1234,93
449,57	1204,21
449,77	1226,73
449,98	1144,81
450,18	1253,36
450,39	1189,87
450,59	1144,81
450,79	1236,97
451,00	1167,34
451,20	1265,64
451,41	1222,64
451,61	1126,38
451,81	1183,73
452,02	1187,82
452,22	1142,77
452,43	1185,77
452,63	1175,53
452,84	1277,93
453,04	1275,88
453,24	1236,97
453,45	1167,34
453,65	1189,87
453,86	1171,44
454,06	1210,35
454,26	1112,05
454,47	1140,72
454,67	1267,69
454,87	1200,11
455,08	1126,38
455,28	1191,92
455,49	1157,10
455,69	1126,38
455,89	1202,16
456,10	1200,11
456,30	1214,45
456,51	1251,31
456,71	1171,44
456,91	1191,92
457,12	1249,26
457,32	1161,20
457,52	1181,68
457,73	1220,59
457,93	1138,67
458,14	1267,69
458,34	1236,97
458,54	1163,25
458,75	1232,88
458,95	1241,07
459,15	1179,63
459,36	1187,82
459,56	1226,73
459,76	1196,01
459,97	1218,54
460,17	1249,26
460,37	1220,59
460,58	1220,59
460,78	1269,74
460,99	1126,38
461,19	1271,79
461,39	1177,58
461,60	1200,11
461,80	1245,16
462,00	1175,53
462,21	1167,34
462,41	1193,97
462,61	1208,30
462,82	1107,95
463,02	1169,39
463,22	1196,01
463,43	1232,88
463,63	1181,68
463,83	1175,53
464,04	1150,96
464,24	1185,77
464,44	1165,29
464,64	1261,55
464,85	1132,53
465,05	1224,69
465,25	1220,59
465,46	1189,87
465,66	1146,86
465,86	1181,68
466,07	1239,02
466,27	1185,77
466,47	1273,84
466,68	1144,81
466,88	1173,49
467,08	1126,38
467,29	1279,98
467,49	1165,29
467,69	1198,06
467,89	1107,95
468,10	1148,91
468,30	1200,11
468,50	1210,35
468,71	1134,57
468,91	1183,73
469,11	1189,87
469,31	1177,58
469,52	1148,91
469,72	1234,93
469,92	1191,92
470,13	1196,01
470,33	1216,49
470,53	1284,08
470,73	1146,86
470,94	1218,54
471,14	1179,63
471,34	1212,40
471,54	1206,25
471,75	1269,74
471,95	1206,25
472,15	1249,26
472,36	1153,01
472,56	1138,67
472,76	1230,83
472,96	1216,49
473,17	1124,33
473,37	1177,58
473,57	1269,74
473,77	1167,34
473,98	1206,25
474,18	1150,96
474,38	1169,39
474,58	1236,97
474,79	1232,88
474,99	1216,49
475,19	1265,64
475,39	1189,87
475,60	1204,21
475,80	1189,87
476,00	1224,69
476,20	1222,64
476,41	1204,21
476,61	1257,45
476,81	1200,11
477,01	1224,69
477,21	1165,29
477,42	1208,30
477,62	1165,29
477,82	1161,20
478,02	1122,29
478,23	1255,40
478,43	1208,30
478,63	1159,15
478,83	1204,21
479,03	1191,92
479,24	1200,11
479,44	1226,73
479,64	1200,11
479,84	1150,96
480,04	1134,57
480,25	1177,58
480,45	1140,72
480,65	1161,20
480,85	1204,21
481,06	1198,06
481,26	1249,26
481,46	1185,77
481,66	1202,16
481,86	1159,15
482,06	1177,58
482,27	1142,77
482,47	1134,57
482,67	1196,01
482,87	1189,87
483,07	1271,79
483,28	1206,25
483,48	1163,25
483,68	1179,63
483,88	1216,49
484,08	1251,31
484,29	1249,26
484,49	1214,45
484,69	1228,78
484,89	1091,57
485,09	1163,25
485,29	1196,01
485,50	1265,64
485,70	1173,49
485,90	1224,69
486,10	1198,06
486,30	1189,87
486,50	1228,78
486,71	1206,25
486,91	1273,84
487,11	1175,53
487,31	1306,60
487,51	1220,59
487,71	1118,19
487,91	1218,54
488,12	1220,59
488,32	1222,64
488,52	1202,16
488,72	1187,82
488,92	1185,77
489,12	1228,78
489,32	1132,53
489,53	1193,97
489,73	1230,83
489,93	1212,40
490,13	1165,29
490,33	1208,30
490,53	1161,20
490,73	1144,81
490,94	1126,38
491,14	1226,73
491,34	1159,15
491,54	1146,86
491,74	1159,15
491,94	1224,69
492,14	1198,06
492,34	1161,20
492,54	1159,15
492,75	1220,59
492,95	1232,88
493,15	1214,45
493,35	1247,21
493,55	1241,07
493,75	1214,45
493,95	1134,57
494,15	1212,40
494,35	1198,06
494,56	1198,06
494,76	1200,11
494,96	1245,16
495,16	1247,21
495,36	1251,31
495,56	1224,69
495,76	1140,72
495,96	1169,39
496,16	1220,59
496,36	1189,87
496,56	1130,48
496,77	1187,82
496,97	1189,87
497,17	1224,69
497,37	1146,86
497,57	1243,12
497,77	1177,58
497,97	1253,36
498,17	1189,87
498,37	1173,49
498,57	1212,40
498,77	1165,29
498,97	1208,30
499,17	1183,73
499,38	1200,11
499,58	1181,68
499,78	1226,73
499,98	1155,05
500,18	1216,49
500,38	1206,25
500,58	1196,01
500,78	1198,06
500,98	1183,73
501,18	1150,96
501,38	1216,49
501,58	1157,10
501,78	1226,73
501,98	1153,01
502,18	1204,21
502,38	1177,58
502,58	1120,24
502,78	1249,26
502,98	1230,83
503,18	1198,06
503,38	1177,58
503,59	1216,49
503,79	1173,49
503,99	1247,21
504,19	1179,63
504,39	1253,36
504,59	1167,34
504,79	1173,49
504,99	1169,39
505,19	1175,53
505,39	1228,78
505,59	1175,53
505,79	1175,53
505,99	1224,69
506,19	1153,01
506,39	1200,11
506,59	1196,01
506,79	1181,68
506,99	1191,92
507,19	1202,16
507,39	1243,12
507,59	1167,34
507,79	1208,30
507,99	1155,05
508,19	1165,29
508,39	1171,44
508,59	1177,58
508,79	1169,39
508,99	1284,08
509,19	1212,40
509,39	1198,06
509,59	1189,87
509,79	1253,36
509,99	1212,40
510,19	1198,06
510,39	1185,77
510,59	1140,72
510,79	1189,87
510,99	1247,21
511,19	1183,73
511,39	1169,39
511,59	1140,72
511,79	1236,97
511,99	1214,45
512,19	1232,88
512,38	1193,97
512,58	1179,63
512,78	1187,82
512,98	1177,58
513,18	1161,20
513,38	1136,62
513,58	1196,01
513,78	1191,92
513,98	1228,78
514,18	1130,48
514,38	1243,12
514,58	1173,49
514,78	1134,57
514,98	1212,40
515,18	1208,30
515,38	1245,16
515,58	1200,11
515,78	1222,64
515,98	1157,10
516,18	1134,57
516,38	1241,07
516,57	1232,88
516,77	1159,15
516,97	1210,35
517,17	1214,45
517,37	1187,82
517,57	1222,64
517,77	1212,40
517,97	1208,30
518,17	1218,54
518,37	1224,69
518,57	1196,01
518,77	1144,81
518,97	1196,01
519,16	1193,97
519,36	1220,59
519,56	1191,92
519,76	1214,45
519,96	1208,30
520,16	1183,73
520,36	1150,96
520,56	1220,59
520,76	1157,10
520,96	1187,82
521,16	1150,96
521,35	1175,53
521,55	1230,83
521,75	1236,97
521,95	1228,78
522,15	1167,34
522,35	1202,16
522,55	1130,48
522,75	1249,26
522,95	1163,25
523,14	1216,49
523,34	1183,73
523,54	1216,49
523,74	1220,59
523,94	1163,25
524,14	1144,81
524,34	1224,69
524,54	1183,73
524,73	1181,68
524,93	1128,43
525,13	1279,98
525,33	1253,36
525,53	1136,62
525,73	1169,39
525,93	1165,29
526,13	1204,21
526,32	1263,60
526,52	1179,63
526,72	1241,07
526,92	1169,39
527,12	1138,67
527,32	1185,77
527,52	1200,11
527,71	1167,34
527,91	1175,53
528,11	1169,39
528,31	1216,49
528,51	1163,25
528,71	1218,54
528,90	1165,29
529,10	1216,49
529,30	1161,20
529,50	1206,25
529,70	1212,40
529,90	1224,69
530,09	1189,87
530,29	1146,86
530,49	1200,11
530,69	1198,06
530,89	1214,45
531,09	1247,21
531,28	1187,82
531,48	1179,63
531,68	1216,49
531,88	1245,16
532,08	1165,29
532,28	1265,64
532,47	1173,49
532,67	1200,11
532,87	1191,92
533,07	1198,06
533,27	1122,29
533,46	1167,34
533,66	1208,30
533,86	1216,49
534,06	1169,39
534,26	1183,73
534,45	1155,05
534,65	1196,01
534,85	1193,97
535,05	1171,44
535,25	1234,93
535,44	1169,39
535,64	1210,35
535,84	1165,29
536,04	1179,63
536,24	1224,69
536,43	1187,82
536,63	1230,83
536,83	1202,16
537,03	1247,21
537,22	1216,49
537,42	1161,20
537,62	1163,25
537,82	1261,55
538,02	1239,02
538,21	1179,63
538,41	1157,10
538,61	1196,01
538,81	1142,77
539,00	1124,33
539,20	1198,06
539,40	1177,58
539,60	1171,44
539,79	1187,82
539,99	1247,21
540,19	1173,49
540,39	1210,35
540,58	1220,59
540,78	1142,77
540,98	1200,11
541,18	1175,53
541,37	1132,53
541,57	1181,68
541,77	1124,33
541,97	1204,21
542,16	1169,39
542,36	1187,82
542,56	1159,15
542,76	1224,69
542,95	1175,53
543,15	1181,68
543,35	1232,88
543,54	1198,06
543,74	1294,32
543,94	1198,06
544,14	1187,82
544,33	1257,45
544,53	1130,48
544,73	1198,06
544,93	1226,73
545,12	1177,58
545,32	1249,26
545,52	1185,77
545,71	1220,59
545,91	1193,97
546,11	1175,53
546,30	1218,54
546,50	1277,93
546,70	1200,11
546,90	1222,64
547,09	1212,40
547,29	1181,68
547,49	1185,77
547,68	1187,82
547,88	1159,15
548,08	1234,93
548,27	1169,39
548,47	1167,34
548,67	1196,01
548,87	1273,84
549,06	1185,77
549,26	1245,16
549,46	1216,49
549,65	1210,35
549,85	1298,41
550,05	1163,25
550,24	1196,01
550,44	1181,68
550,64	1185,77
550,83	1161,20
551,03	1196,01
551,23	1107,95
551,42	1138,67
551,62	1193,97
551,82	1132,53
552,01	1263,60
552,21	1191,92
552,41	1206,25
552,60	1126,38
552,80	1200,11
553,00	1161,20
553,19	1249,26
553,39	1157,10
553,59	1159,15
553,78	1132,53
553,98	1187,82
554,17	1193,97
554,37	1185,77
554,57	1222,64
554,76	1214,45
554,96	1193,97
555,16	1232,88
555,35	1243,12
555,55	1261,55
555,75	1220,59
555,94	1179,63
556,14	1210,35
556,33	1181,68
556,53	1196,01
556,73	1253,36
556,92	1173,49
557,12	1198,06
557,32	1263,60
557,51	1214,45
557,71	1226,73
557,90	1216,49
558,10	1175,53
558,30	1179,63
558,49	1189,87
558,69	1161,20
558,88	1196,01
559,08	1165,29
559,28	1169,39
559,47	1208,30
559,67	1193,97
559,86	1185,77
560,06	1189,87
560,26	1153,01
560,45	1218,54
560,65	1118,19
560,84	1136,62
561,04	1222,64
561,24	1255,40
561,43	1202,16
561,63	1150,96
561,82	1206,25
562,02	1198,06
562,22	1232,88
562,41	1153,01
562,61	1226,73
562,80	1200,11
563,00	1222,64
563,19	1165,29
563,39	1214,45
563,59	1177,58
563,78	1175,53
563,98	1183,73
564,17	1261,55
564,37	1136,62
564,56	1230,83
564,76	1173,49
564,96	1200,11
565,15	1296,36
565,35	1167,34
565,54	1150,96
565,74	1271,79
565,93	1234,93
566,13	1200,11
566,32	1245,16
566,52	1198,06
566,71	1241,07
566,91	1181,68
567,11	1124,33
567,30	1216,49
567,50	1208,30
567,69	1193,97
567,89	1236,97
568,08	1245,16
568,28	1196,01
568,47	1179,63
568,67	1212,40
568,86	1261,55
569,06	1214,45
569,25	1200,11
569,45	1220,59
569,64	1138,67
569,84	1173,49
570,04	1196,01
570,23	1181,68
570,43	1189,87
570,62	1241,07
570,82	1232,88
571,01	1155,05
571,21	1218,54
571,40	1183,73
571,60	1222,64
571,79	1159,15
571,99	1171,44
572,18	1155,05
572,38	1216,49
572,57	1206,25
572,77	1179,63
572,96	1122,29
573,16	1187,82
573,35	1198,06
573,55	1218,54
573,74	1286,12
573,94	1286,12
574,13	1093,62
574,33	1202,16
574,52	1277,93
574,71	1218,54
574,91	1214,45
575,10	1226,73
575,30	1165,29
575,49	1253,36
575,69	1228,78
575,88	1236,97
576,08	1169,39
576,27	1222,64
576,47	1130,48
576,66	1193,97
576,86	1226,73
577,05	1253,36
577,25	1155,05
577,44	1161,20
577,64	1185,77
577,83	1220,59
578,02	1202,16
578,22	1222,64
578,41	1175,53
578,61	1265,64
578,80	1210,35
579,00	1265,64
579,19	1185,77
579,39	1157,10
579,58	1243,12
579,77	1167,34
579,97	1177,58
580,16	1236,97
580,36	1245,16
580,55	1189,87
580,75	1110,00
580,94	1138,67
581,13	1208,30
581,33	1146,86
581,52	1216,49
581,72	1144,81
581,91	1204,21
582,11	1239,02
582,30	1216,49
582,49	1261,55
582,69	1163,25
582,88	1150,96
583,08	1126,38
583,27	1191,92
583,47	1198,06
583,66	1177,58
583,85	1177,58
584,05	1181,68
584,24	1169,39
584,44	1212,40
584,63	1210,35
584,82	1189,87
585,02	1181,68
585,21	1228,78
585,41	1179,63
585,60	1132,53
585,79	1167,34
585,99	1200,11
586,18	1200,11
586,37	1157,10
586,57	1224,69
586,76	1230,83
586,96	1187,82
587,15	1249,26
587,34	1189,87
587,54	1175,53
587,73	1175,53
587,93	1189,87
588,12	1226,73
588,31	1267,69
588,51	1200,11
588,70	1202,16
588,89	1103,86
589,09	1183,73
589,28	1196,01
589,47	1206,25
589,67	1179,63
589,86	1179,63
590,06	1198,06
590,25	1257,45
590,44	1124,33
590,64	1282,03
590,83	1245,16
591,02	1191,92
591,22	1218,54
591,41	1165,29
591,60	1212,40
591,80	1214,45
591,99	1247,21
592,18	1204,21
592,38	1175,53
592,57	1183,73
592,76	1146,86
592,96	1236,97
593,15	1226,73
593,34	1153,01
593,54	1171,44
593,73	1202,16
593,92	1204,21
594,12	1193,97
594,31	1181,68
594,50	1187,82
594,70	1204,21
594,89	1241,07
595,08	1153,01
595,28	1128,43
595,47	1200,11
595,66	1126,38
595,86	1128,43
596,05	1183,73
596,24	1263,60
596,43	1222,64
596,63	1150,96
596,82	1234,93
597,01	1161,20
597,21	1210,35
597,40	1226,73
597,59	1245,16
597,79	1220,59
597,98	1253,36
598,17	1189,87
598,36	1241,07
598,56	1171,44
598,75	1228,78
598,94	1191,92
599,14	1249,26
599,33	1222,64
599,52	1175,53
599,71	1175,53
599,91	1157,10
600,10	1234,93
600,29	1167,34
600,48	1163,25
600,68	1107,95
600,87	1175,53
601,06	1101,81
601,26	1189,87
601,45	1241,07
601,64	1220,59
601,83	1230,83
602,03	1239,02
602,22	1177,58
602,41	1204,21
602,60	1177,58
602,80	1163,25
602,99	1298,41
603,18	1171,44
603,37	1146,86
603,57	1255,40
603,76	1249,26
603,95	1198,06
604,14	1257,45
604,34	1224,69
604,53	1236,97
604,72	1171,44
604,91	1196,01
605,10	1204,21
605,30	1122,29
605,49	1193,97
605,68	1181,68
605,87	1214,45
606,07	1214,45
606,26	1216,49
606,45	1202,16
606,64	1196,01
606,84	1249,26
607,03	1155,05
607,22	1171,44
607,41	1167,34
607,60	1134,57
607,80	1126,38
607,99	1187,82
608,18	1196,01
608,37	1153,01
608,56	1249,26
608,76	1179,63
608,95	1232,88
609,14	1206,25
609,33	1193,97
609,52	1198,06
609,72	1218,54
609,91	1179,63
610,10	1183,73
610,29	1161,20
610,48	1206,25
610,68	1245,16
610,87	1183,73
611,06	1234,93
611,25	1185,77
611,44	1271,79
611,63	1138,67
611,83	1228,78
612,02	1226,73
612,21	1169,39
612,40	1249,26
612,59	1134,57
612,79	1171,44
612,98	1177,58
613,17	1224,69
613,36	1210,35
613,55	1269,74
613,74	1177,58
613,93	1140,72
614,13	1222,64
614,32	1202,16
614,51	1140,72
614,70	1187,82
614,89	1159,15
615,08	1153,01
615,28	1232,88
615,47	1150,96
615,66	1253,36
615,85	1159,15
616,04	1185,77
616,23	1163,25
616,42	1169,39
616,62	1173,49
616,81	1216,49
617,00	1191,92
617,19	1243,12
617,38	1214,45
617,57	1179,63
617,76	1290,22
617,95	1210,35
618,15	1185,77
618,34	1159,15
618,53	1198,06
618,72	1193,97
618,91	1128,43
619,10	1177,58
619,29	1196,01
619,48	1169,39
619,68	1134,57
619,87	1187,82
620,06	1204,21
620,25	1198,06
620,44	1245,16
620,63	1173,49
620,82	1271,79
621,01	1189,87
621,20	1241,07
621,39	1175,53
621,59	1302,51
621,78	1069,04
621,97	1265,64
622,16	1218,54
622,35	1204,21
622,54	1267,69
622,73	1204,21
622,92	1191,92
623,11	1196,01
623,30	1142,77
623,49	1183,73
623,68	1222,64
623,88	1212,40
624,07	1165,29
624,26	1148,91
624,45	1226,73
624,64	1218,54
624,83	1271,79
625,02	1273,84
625,21	1163,25
625,40	1220,59
625,59	1161,20
625,78	1236,97
625,97	1157,10
626,16	1138,67
626,35	1191,92
626,54	1220,59
626,74	1236,97
626,93	1204,21
627,12	1196,01
627,31	1144,81
627,50	1236,97
627,69	1255,40
627,88	1198,06
628,07	1200,11
628,26	1181,68
628,45	1214,45
628,64	1146,86
628,83	1157,10
629,02	1245,16
629,21	1155,05
629,40	1216,49
629,59	1173,49
629,78	1173,49
629,97	1140,72
630,16	1208,30
630,35	1286,12
630,54	1212,40
630,73	1224,69
630,92	1288,17
631,11	1302,51
631,30	1165,29
631,49	1245,16
631,68	1345,52
631,87	2516,95
632,06	8343,42
632,25	16912,13
632,44	21223,10
632,63	27219,55
632,82	14649,12
633,01	8542,08
633,20	4007,87
633,39	2093,02
633,58	1738,73
633,77	1859,56
633,96	1683,43
634,15	1452,01
634,34	1380,33
634,53	1357,80
634,72	1296,36
634,91	1257,45
635,10	1296,36
635,29	1241,07
635,48	1292,27
635,67	1222,64
635,86	1216,49
636,05	1214,45
636,24	1216,49
636,43	1234,93
636,62	1169,39
636,81	1220,59
637,00	1193,97
637,19	1191,92
637,38	1163,25
637,57	1146,86
637,76	1161,20
637,95	1189,87
638,14	1241,07
638,33	1187,82
638,52	1212,40
638,71	1189,87
638,89	1198,06
639,08	1181,68
639,27	1200,11
639,46	1200,11
639,65	1236,97
639,84	1114,10
640,03	1165,29
640,22	1230,83
640,41	1218,54
640,60	1247,21
640,79	1191,92
640,98	1226,73
641,17	1234,93
641,36	1249,26
641,55	1167,34
641,74	1089,52
641,92	1253,36
642,11	1153,01
642,30	1222,64
642,49	1212,40
642,68	1222,64
642,87	1216,49
643,06	1171,44
643,25	1171,44
643,44	1243,12
643,63	1204,21
643,82	1122,29
644,00	1122,29
644,19	1202,16
644,38	1183,73
644,57	1200,11
644,76	1183,73
644,95	1153,01
645,14	1163,25
645,33	1247,21
645,52	1224,69
645,71	1165,29
645,89	1124,33
646,08	1155,05
646,27	1177,58
646,46	1185,77
646,65	1148,91
646,84	1277,93
647,03	1191,92
647,22	1167,34
647,40	1204,21
647,59	1146,86
647,78	1169,39
647,97	1212,40
648,16	1228,78
648,35	1142,77
648,54	1150,96
648,73	1214,45
648,91	1224,69
649,10	1193,97
649,29	1228,78
649,48	1171,44
649,67	1167,34
649,86	1200,11
650,05	1179,63
650,23	1187,82
650,42	1234,93
650,61	1232,88
650,80	1230,83
650,99	1196,01
651,18	1191,92
651,36	1269,74
651,55	1138,67
651,74	1200,11
651,93	1196,01
652,12	1126,38
652,31	1167,34
652,49	1157,10
652,68	1224,69
652,87	1226,73
653,06	1200,11
653,25	1224,69
653,44	1126,38
653,62	1150,96
653,81	1234,93
654,00	1228,78
654,19	1153,01
654,38	1220,59
654,56	1239,02
654,75	1255,40
654,94	1179,63
655,13	1132,53
655,32	1220,59
655,51	1216,49
655,69	1239,02
655,88	1208,30
656,07	1142,77
656,26	1210,35
656,45	1202,16
656,63	1218,54
656,82	1214,45
657,01	1173,49
657,20	1191,92
657,38	1191,92
657,57	1200,11
657,76	1220,59
657,95	1230,83
658,14	1222,64
658,32	1224,69
658,51	1261,55
658,70	1214,45
658,89	1140,72
659,08	1224,69
659,26	1232,88
659,45	1144,81
659,64	1253,36
659,83	1167,34
660,01	1263,60
660,20	1185,77
660,39	1179,63
660,58	1144,81
660,76	1212,40
660,95	1142,77
661,14	1173,49
661,33	1146,86
661,51	1230,83
661,70	1177,58
661,89	1234,93
662,08	1198,06
662,26	1236,97
662,45	1171,44
662,64	1296,36
662,83	1267,69
663,01	1140,72
663,20	1200,11
663,39	1208,30
663,58	1173,49
663,76	1249,26
663,95	1155,05
664,14	1216,49
664,32	1103,86
664,51	1138,67
664,70	1249,26
664,89	1200,11
665,07	1214,45
665,26	1228,78
665,45	1179,63
665,64	1333,23
665,82	1124,33
666,01	1253,36
666,20	1171,44
666,38	1273,84
666,57	1191,92
666,76	1193,97
666,95	1222,64
667,13	1222,64
667,32	1177,58
667,51	1171,44
667,69	1200,11
667,88	1228,78
668,07	1171,44
668,25	1183,73
668,44	1198,06
668,63	1167,34
668,81	1206,25
669,00	1228,78
669,19	1220,59
669,38	1189,87
669,56	1138,67
669,75	1110,00
669,94	1253,36
670,12	1239,02
670,31	1165,29
670,50	1212,40
670,68	1208,30
670,87	1196,01
671,06	1222,64
671,24	1193,97
671,43	1187,82
671,62	1230,83
671,80	1107,95
671,99	1208,30
672,18	1191,92
672,36	1228,78
672,55	1165,29
672,74	1222,64
672,92	1249,26
673,11	1212,40
673,29	1126,38
673,48	1138,67
673,67	1200,11
673,85	1228,78
674,04	1191,92
674,23	1220,59
674,41	1224,69
674,60	1161,20
674,79	1241,07
674,97	1241,07
675,16	1181,68
675,34	1169,39
675,53	1175,53
675,72	1183,73
675,90	1204,21
676,09	1110,00
676,28	1243,12
676,46	1214,45
676,65	1265,64
676,83	1187,82
677,02	1234,93
677,21	1228,78
677,39	1224,69
677,58	1187,82
677,77	1181,68
677,95	1228,78
678,14	1165,29
678,32	1157,10
678,51	1220,59
678,70	1214,45
678,88	1144,81
679,07	1196,01
679,25	1206,25
679,44	1202,16
679,63	1085,42
679,81	1128,43
680,00	1196,01
680,18	1232,88
680,37	1267,69
680,55	1200,11
680,74	1181,68
680,93	1177,58
681,11	1267,69
681,30	1126,38
681,48	1243,12
681,67	1165,29
681,85	1124,33
682,04	1216,49
682,23	1218,54
682,41	1255,40
682,60	1189,87
682,78	1101,81
682,97	1175,53
683,15	1177,58
683,34	1183,73
683,53	1167,34
683,71	1165,29
683,90	1185,77
684,08	1179,63
684,27	1222,64
684,45	1202,16
684,64	1136,62
684,82	1122,29
685,01	1116,14
685,19	1091,57
685,38	1247,21
685,57	1198,06
685,75	1216,49
685,94	1191,92
686,12	1163,25
686,31	1214,45
686,49	1212,40
686,68	1146,86
686,86	1214,45
687,05	1200,11
687,23	1198,06
687,42	1169,39
687,60	1175,53
687,79	1200,11
687,97	1222,64
688,16	1204,21
688,34	1175,53
688,53	1257,45
688,71	1144,81
688,90	1118,19
689,08	1116,14
689,27	1198,06
689,45	1181,68
689,64	1191,92
689,82	1183,73
690,01	1179,63
690,19	1083,38
690,38	1183,73
690,56	1214,45
690,75	1142,77
690,93	1210,35
691,12	1208,30
691,30	1181,68
691,49	1159,15
691,67	1212,40
691,86	1150,96
692,04	1216,49
692,23	1200,11
692,41	1187,82
692,60	1179,63
692,78	1204,21
692,97	1245,16
693,15	1222,64
693,34	1142,77
693,52	1167,34
693,71	1193,97
693,89	1179,63
694,08	1210,35
694,26	1210,35
694,44	1220,59
694,63	1265,64
694,81	1103,86
695,00	1228,78
695,18	1296,36
695,37	1144,81
695,55	1218,54
695,74	1189,87
695,92	1251,31
696,10	1224,69
696,29	1157,10
696,47	1132,53
696,66	1224,69
696,84	1202,16
697,03	1245,16
697,21	1255,40
697,40	1255,40
697,58	1171,44
697,76	1210,35
697,95	1196,01
698,13	1216,49
698,32	1157,10
698,50	1284,08
698,68	1232,88
698,87	1171,44
699,05	1257,45
699,24	1216,49
699,42	1198,06
699,61	1236,97
699,79	1228,78
699,97	1212,40
700,16	1220,59
700,34	1241,07
700,53	1204,21
700,71	1255,40
700,89	1257,45
701,08	1167,34
701,26	1177,58
701,45	1257,45
701,63	1171,44
701,81	1236,97
702,00	1214,45
702,18	1167,34
702,37	1136,62
702,55	1185,77
702,73	1142,77
702,92	1196,01
703,10	1255,40
703,28	1292,27
703,47	1210,35
703,65	1249,26
703,84	1193,97
704,02	1179,63
704,20	1230,83
704,39	1218,54
704,57	1134,57
704,75	1173,49
704,94	1142,77
705,12	1146,86
705,30	1236,97
705,49	1175,53
705,67	1175,53
705,86	1249,26
706,04	1159,15
706,22	1239,02
706,41	1216,49
706,59	1218,54
706,77	1191,92
706,96	1218,54
707,14	1224,69
707,32	1189,87
707,51	1218,54
707,69	1181,68
707,87	1228,78
708,06	1183,73
708,24	1183,73
708,42	1206,25
708,61	1232,88
708,79	1193,97
708,97	1146,86
709,16	1198,06
709,34	1177,58
709,52	1189,87
709,71	1093,62
709,89	1239,02
710,07	1167,34
710,26	1204,21
710,44	1183,73
710,62	1157,10
710,80	1191,92
710,99	1198,06
711,17	1179,63
711,35	1185,77
711,54	1134,57
711,72	1208,30
711,90	1128,43
712,09	1144,81
712,27	1222,64
712,45	1206,25
712,63	1189,87
712,82	1165,29
713,00	1214,45
713,18	1200,11
713,37	1202,16
713,55	1161,20
713,73	1193,97
713,91	1290,22
714,10	1208,30
714,28	1150,96
714,46	1224,69
714,65	1216,49
714,83	1273,84
715,01	1187,82
715,19	1259,50
715,38	1212,40
715,56	1202,16
715,74	1218,54
715,92	1171,44
716,11	1179,63
716,29	1157,10
716,47	1216,49
716,65	1191,92
716,84	1142,77
717,02	1212,40
717,20	1189,87
717,38	1249,26
717,57	1187,82
717,75	1198,06
717,93	1157,10
718,11	1161,20
718,30	1193,97
718,48	1091,57
718,66	1218,54
718,84	1243,12
719,03	1105,90
719,21	1187,82
719,39	1263,60
719,57	1216,49
719,75	1179,63
719,94	1167,34
720,12	1155,05
720,30	1095,66
720,48	1212,40
720,67	1163,25
720,85	1177,58
721,03	1202,16
721,21	1189,87
721,39	1200,11
721,58	1177,58
721,76	1191,92
721,94	1196,01
722,12	1169,39
722,30	1191,92
722,49	1150,96
722,67	1230,83
722,85	1187,82
723,03	1187,82
723,21	1191,92
723,40	1163,25
723,58	1120,24
723,76	1159,15
723,94	1165,29
724,12	1157,10
724,30	1232,88
724,49	1144,81
724,67	1146,86
724,85	1153,01
725,03	1206,25
725,21	1222,64
725,40	1198,06
725,58	1157,10
725,76	1163,25
725,94	1189,87
726,12	1132,53
726,30	1208,30
726,49	1212,40
726,67	1179,63
726,85	1191,92
727,03	1234,93
727,21	1200,11
727,39	1159,15
727,57	1222,64
727,76	1208,30
727,94	1161,20
728,12	1212,40
728,30	1130,48
728,48	1267,69
728,66	1189,87
728,84	1177,58
729,03	1175,53
729,21	1226,73
729,39	1208,30
729,57	1177,58
729,75	1208,30
729,93	1214,45
730,11	1171,44
730,30	1167,34
730,48	1220,59
730,66	1146,86
730,84	1210,35
731,02	1191,92
731,20	1208,30
731,38	1220,59
731,56	1224,69
731,74	1183,73
731,93	1200,11
732,11	1214,45
732,29	1193,97
732,47	1112,05
732,65	1167,34
732,83	1187,82
733,01	1208,30
733,19	1134,57
733,37	1136,62
733,56	1169,39
733,74	1187,82
733,92	1148,91
734,10	1144,81
734,28	1265,64
734,46	1271,79
734,64	1214,45
734,82	1236,97
735,00	1226,73
735,18	1214,45
735,36	1253,36
735,54	1175,53
735,73	1216,49
735,91	1214,45
736,09	1208,30
736,27	1169,39
736,45	1165,29
736,63	1175,53
736,81	1187,82
736,99	1257,45
737,17	1206,25
737,35	1163,25
737,53	1089,52
737,71	1179,63
737,89	1132,53
738,07	1181,68
738,25	1191,92
738,43	1191,92
738,61	1169,39
738,80	1271,79
738,98	1210,35
739,16	1234,93
739,34	1185,77
739,52	1179,63
739,70	1189,87
739,88	1222,64
740,06	1241,07
740,24	1189,87
740,42	1204,21
740,60	1169,39
740,78	1191,92
740,96	1216,49
741,14	1187,82
741,32	1153,01
741,50	1202,16
741,68	1208,30
741,86	1169,39
742,04	1239,02
742,22	1167,34
742,40	1204,21
742,58	1189,87
742,76	1214,45
742,94	1173,49
743,12	1230,83
743,30	1179,63
743,48	1249,26
743,66	1206,25
743,84	1148,91
744,02	1161,20
744,20	1249,26
744,38	1175,53
744,56	1200,11
744,74	1165,29
744,92	1163,25
745,10	1196,01
745,28	1202,16
745,46	1132,53
745,64	1239,02
745,82	1208,30
746,00	1212,40
746,18	1142,77
746,36	1134,57
746,54	1218,54
746,72	1202,16
746,90	1124,33
747,08	1214,45
747,26	1146,86
747,44	1224,69
747,62	1245,16
747,80	1171,44
747,98	1122,29
748,15	1232,88
748,33	1214,45
748,51	1282,03
748,69	1249,26
748,87	1146,86
749,05	1179,63
749,23	1234,93
749,41	1103,86
749,59	1189,87
749,77	1177,58
749,95	1204,21
750,13	1183,73
750,31	1128,43
750,49	1216,49
750,67	1136,62
750,85	1245,16
751,03	1191,92
751,20	1224,69
751,38	1206,25
751,56	1269,74
751,74	1169,39
751,92	1193,97
752,10	1222,64
752,28	1171,44
752,46	1189,87
752,64	1234,93
752,82	1175,53
753,00	1159,15
753,18	1245,16
753,35	1167,34
753,53	1206,25
753,71	1112,05
753,89	1204,21
754,07	1204,21
754,25	1171,44
754,43	1230,83
754,61	1224,69
754,79	1157,10
754,97	1212,40
755,14	1128,43
755,32	1216,49
755,50	1220,59
755,68	1230,83
755,86	1163,25
756,04	1175,53
756,22	1150,96
756,40	1253,36
756,57	1251,31
756,75	1179,63
756,93	1210,35
757,11	1171,44
757,29	1187,82
757,47	1196,01
757,65	1200,11
757,82	1228,78
758,00	1183,73
758,18	1208,30
758,36	1171,44
758,54	1159,15
758,72	1148,91
758,90	1193,97
759,07	1241,07
759,25	1175,53
759,43	1173,49
759,61	1148,91
759,79	1159,15
759,97	1212,40
760,15	1171,44
760,32	1204,21
760,50	1247,21
760,68	1228,78
760,86	1220,59
761,04	1142,77
761,22	1187,82
761,39	1169,39
761,57	1200,11
761,75	1189,87
761,93	1153,01
762,11	1183,73
762,28	1185,77
762,46	1173,49
762,64	1175,53
762,82	1214,45
763,00	1187,82
763,18	1169,39
763,35	1150,96
763,53	1167,34
763,71	1234,93
763,89	1132,53
764,07	1193,97
764,24	1232,88
764,42	1167,34
764,60	1089,52
764,78	1200,11
764,96	1167,34
765,13	1167,34
765,31	1177,58
765,49	1153,01
765,67	1173,49
765,84	1191,92
766,02	1208,30
766,20	1120,24
766,38	1204,21
766,56	1165,29
766,73	1150,96
766,91	1232,88
767,09	1222,64
767,27	1261,55
767,44	1234,93
767,62	1193,97
767,80	1187,82
767,98	1210,35
768,15	1282,03
768,33	1222,64
768,51	1273,84
768,69	1187,82
768,87	1193,97
769,04	1208,30
769,22	1148,91
769,40	1171,44
769,58	1269,74
769,75	1181,68
769,93	1169,39
770,11	1218,54
770,28	1241,07
770,46	1218,54
770,64	1136,62
770,82	1155,05
770,99	1247,21
771,17	1142,77
771,35	1230,83
771,53	1216,49
771,70	1173,49
771,88	1222,64
772,06	1124,33
772,23	1220,59
772,41	1218,54
772,59	1212,40
772,77	1183,73
772,94	1224,69
773,12	1181,68
773,30	1146,86
773,47	1183,73
773,65	1120,24
773,83	1144,81
774,01	1210,35
774,18	1177,58
774,36	1144,81
774,54	1218,54
774,71	1126,38
774,89	1165,29
775,07	1224,69
775,24	1216,49
775,42	1193,97
775,60	1167,34
775,78	1191,92
775,95	1277,93
776,13	1169,39
776,31	1208,30
776,48	1196,01
776,66	1130,48
776,84	1187,82
777,01	1144,81
777,19	1212,40
777,37	1206,25
777,54	1185,77
777,72	1189,87
777,90	1189,87
778,07	1177,58
778,25	1142,77
778,43	1247,21
778,60	1120,24
778,78	1191,92
778,96	1183,73
779,13	1173,49
779,31	1218,54
779,49	1284,08
779,66	1200,11
779,84	1122,29
780,01	1171,44
780,19	1169,39
780,37	1130,48
780,54	1167,34
780,72	1187,82
780,90	1200,11
781,07	1161,20
781,25	1095,66
781,43	1191,92
781,60	1245,16
781,78	1138,67
781,95	1253,36
782,13	1226,73
782,31	1177,58
782,48	1179,63
782,66	1150,96
782,83	1292,27
783,01	1175,53
783,19	1226,73
783,36	1181,68
783,54	1200,11
783,72	1208,30
783,89	1189,87
784,07	1247,21
784,24	1200,11
784,42	1214,45
784,60	1200,11
784,77	1144,81
784,95	1163,25
785,12	1228,78
785,30	1177,58
785,47	1196,01
785,65	1163,25
785,83	1220,59
786,00	1224,69
786,18	1191,92
786,35	1155,05
786,53	1189,87
786,71	1243,12
786,88	1222,64
787,06	1126,38
787,23	1204,21
787,41	1228,78
787,58	1216,49
787,76	1144,81
787,94	1171,44
788,11	1220,59
788,29	1148,91
788,46	1163,25
788,64	1150,96
788,81	1165,29
788,99	1208,30
789,16	1236,97
789,34	1234,93
789,52	1212,40
789,69	1169,39
789,87	1257,45
790,04	1163,25
790,22	1163,25
790,39	1206,25
790,57	1189,87
790,74	1228,78
790,92	1226,73
791,09	1239,02
791,27	1196,01
791,44	1185,77
791,62	1249,26
791,79	1189,87
791,97	1236,97
792,15	1193,97
792,32	1128,43
792,50	1193,97
792,67	1126,38
792,85	1177,58
793,02	1185,77
793,20	1212,40
793,37	1153,01
793,55	1167,34
793,72	1214,45
793,90	1157,10
794,07	1165,29
794,25	1200,11
794,42	1134,57
794,60	1157,10
794,77	1163,25
794,95	1232,88
795,12	1200,11
795,30	1249,26
795,47	1232,88
795,65	1153,01
795,82	1173,49
796,00	1191,92
796,17	1247,21
796,34	1132,53
796,52	1200,11
796,69	1224,69
796,87	1214,45
797,04	1191,92
797,22	1134,57
797,39	1179,63
797,57	1222,64
797,74	1193,97
797,92	1159,15
798,09	1286,12
798,27	1189,87
798,44	1134,57
798,62	1155,05
798,79	1204,21
798,96	1228,78
799,14	1171,44
799,31	1196,01
799,49	1130,48
799,66	1132,53
799,84	1155,05
800,01	1175,53
800,19	1181,68
800,36	1187,82
800,53	1230,83
800,71	1155,05
800,88	1212,40
801,06	1171,44
801,23	1191,92
801,41	1187,82
801,58	1247,21
801,75	1214,45
801,93	1241,07
802,10	1226,73
802,28	1216,49
802,45	1120,24
802,63	1200,11
802,80	1153,01
802,97	1183,73
803,15	1245,16
803,32	1198,06
803,50	1234,93
803,67	1200,11
803,84	1249,26
804,02	1296,36
804,19	1196,01
804,37	1140,72
804,54	1175,53
804,71	1189,87
804,89	1261,55
805,06	1159,15
805,24	1140,72
805,41	1193,97
805,58	1198,06
805,76	1124,33
805,93	1140,72
806,10	1208,30
806,28	1155,05
806,45	1216,49
806,63	1200,11
806,80	1169,39
806,97	1253,36
807,15	1187,82
807,32	1167,34
807,49	1181,68
807,67	1150,96
807,84	1241,07
808,01	1181,68
808,19	1202,16
808,36	1212,40
808,54	1179,63
808,71	1169,39
808,88	1161,20
809,06	1177,58
809,23	1183,73
809,40	1253,36
809,58	1202,16
809,75	1204,21
809,92	1224,69
810,10	1206,25
810,27	1169,39
810,44	1241,07
810,62	1134,57
810,79	1239,02
810,96	1204,21
811,14	1181,68
811,31	1204,21
811,48	1206,25
811,66	1150,96
811,83	1193,97
812,00	1232,88
812,18	1167,34
812,35	1122,29
812,52	1236,97
812,69	1157,10
812,87	1167,34
813,04	1169,39
813,21	1155,05
813,39	1191,92
813,56	1179,63
813,73	1228,78
813,91	1230,83
814,08	1222,64
814,25	1171,44
814,42	1216,49
814,60	1222,64
814,77	1161,20
814,94	1208,30
815,12	1142,77
815,29	1134,57
815,46	1245,16
815,63	1157,10
815,81	1210,35
815,98	1228,78
816,15	1220,59
816,33	1191,92
816,50	1206,25
816,67	1204,21
816,84	1218,54
817,02	1177,58
817,19	1159,15
817,36	1241,07
817,53	1175,53
817,71	1220,59
817,88	1204,21
818,05	1155,05
818,22	1228,78
818,40	1130,48
818,57	1204,21
818,74	1218,54
818,91	1216,49
819,09	1198,06
819,26	1189,87
819,43	1230,83
819,60	1126,38
819,78	1177,58
819,95	1183,73
820,12	1230,83
820,29	1157,10
820,47	1165,29
820,64	1232,88
820,81	1165,29
820,98	1138,67
821,15	1191,92
821,33	1200,11
821,50	1282,03
821,67	1183,73
821,84	1232,88
822,02	1183,73
822,19	1196,01
822,36	1120,24
822,53	1214,45
822,70	1177,58
822,88	1236,97
823,05	1196,01
823,22	1191,92
823,39	1185,77
823,56	1128,43
823,74	1214,45
823,91	1161,20
824,08	1179,63
824,25	1161,20
824,42	1177,58
824,60	1165,29
824,77	1208,30
824,94	1120,24
825,11	1208,30
825,28	1220,59
825,45	1220,59
825,63	1171,44
825,80	1273,84
825,97	1200,11
826,14	1206,25
826,31	1241,07
826,48	1202,16
826,66	1193,97
826,83	1171,44
827,00	1206,25
827,17	1210,35
827,34	1247,21
827,51	1261,55
827,69	1171,44
827,86	1200,11
828,03	1163,25
828,20	1206,25
828,37	1155,05
828,54	1191,92
828,71	1130,48
828,89	1265,64
829,06	1259,50
829,23	1267,69
829,40	1232,88
829,57	1179,63
829,74	1239,02
829,91	1222,64
830,09	1216,49
830,26	1161,20
830,43	1257,45
830,60	1271,79
830,77	1177,58
830,94	1185,77
831,11	1247,21
831,28	1193,97
831,46	1146,86
831,63	1232,88
831,80	1202,16
831,97	1241,07
832,14	1189,87
832,31	1128,43
832,48	1202,16
832,65	1222,64
832,82	1202,16
832,99	1181,68
833,17	1163,25
833,34	1167,34
833,51	1173,49
833,68	1155,05
833,85	1155,05
834,02	1099,76
834,19	1167,34
834,36	1247,21
834,53	1208,30
834,70	1189,87
834,87	1216,49
835,04	1193,97
835,22	1216,49
835,39	1181,68
835,56	1236,97
835,73	1171,44
835,90	1167,34
836,07	1136,62
836,24	1126,38
836,41	1196,01
836,58	1212,40
836,75	1191,92
836,92	1236,97
837,09	1214,45
837,26	1095,66
837,43	1269,74
837,60	1179,63
837,77	1204,21
837,94	1236,97
838,12	1120,24
838,29	1163,25
838,46	1208,30
838,63	1241,07
838,80	1187,82
838,97	1185,77
839,14	1279,98
839,31	1189,87
839,48	1181,68
839,65	1189,87
839,82	1206,25
839,99	1171,44
840,16	1181,68
840,33	1187,82
840,50	1228,78
840,67	1206,25
840,84	1196,01
841,01	1202,16
841,18	1210,35
841,35	1216,49
841,52	1177,58
841,69	1191,92
841,86	1193,97
842,03	1155,05
842,20	1222,64
842,37	1148,91
842,54	1241,07
842,71	1298,41
842,88	1167,34
843,05	1259,50
843,22	1200,11
843,39	1257,45
843,56	1189,87
843,73	1220,59
843,90	1288,17
844,07	1198,06
844,24	1214,45
844,41	1216,49
844,58	1198,06
844,75	1118,19
844,92	1157,10
845,09	1179,63
845,26	1214,45
845,43	1181,68
845,60	1200,11
845,77	1273,84
845,94	1150,96
846,10	1171,44
846,27	1155,05
846,44	1173,49
846,61	1183,73
846,78	1193,97
846,95	1214,45
847,12	1171,44
847,29	1198,06
847,46	1155,05
847,63	1175,53
847,80	1157,10
847,97	1118,19
848,14	1224,69
848,31	1206,25
848,48	1167,34
848,65	1247,21
848,82	1142,77
848,98	1161,20
849,15	1136,62
849,32	1146,86
849,49	1236,97
849,66	1185,77
849,83	1171,44
850,00	1087,47
850,17	1204,21
850,34	1236,97
850,51	1161,20
850,68	1196,01
850,85	1208,30
851,01	1136,62
851,18	1148,91
851,35	1183,73
851,52	1234,93
851,69	1193,97
851,86	1216,49
852,03	1331,18
852,20	1173,49
852,37	1200,11
852,53	1204,21
852,70	1181,68
852,87	1185,77
853,04	1142,77
853,21	1142,77
853,38	1212,40
853,55	1214,45
853,72	1175,53
853,89	1206,25
854,05	1243,12
854,22	1126,38
854,39	1241,07
854,56	1191,92
854,73	1122,29
854,90	1220,59
855,07	1179,63
855,23	1232,88
855,40	1150,96
855,57	1116,14
855,74	1198,06
855,91	1196,01
856,08	1228,78
856,25	1171,44
856,41	1150,96
856,58	1196,01
856,75	1159,15
856,92	1218,54
857,09	1081,33
857,26	1212,40
857,42	1210,35
857,59	1216,49
857,76	1241,07
857,93	1216,49
858,10	1144,81
858,27	1226,73
858,43	1157,10
858,60	1066,99
858,77	1204,21
858,94	1210,35
859,11	1130,48
859,27	1159,15
859,44	1241,07
859,61	1169,39
859,78	1118,19
859,95	1101,81
860,12	1148,91
860,28	1165,29
860,45	1210,35
860,62	1187,82
860,79	1189,87
860,95	1177,58
861,12	1218,54
861,29	1177,58
861,46	1202,16
861,63	1243,12
861,79	1191,92
861,96	1159,15
862,13	1234,93
862,30	1187,82
862,47	1167,34
862,63	1226,73
862,80	1146,86
862,97	1198,06
863,14	1171,44
863,30	1263,60
863,47	1183,73
863,64	1187,82
863,81	1191,92
863,97	1228,78
864,14	1224,69
864,31	1177,58
864,48	1196,01
864,65	1249,26
864,81	1243,12
864,98	1126,38
865,15	1204,21
865,32	1165,29
865,48	1249,26
865,65	1300,46
865,82	1206,25
865,98	1220,59
866,15	1247,21
866,32	1218,54
866,49	1157,10
866,65	1173,49
866,82	1255,40
866,99	1204,21
867,16	1171,44
867,32	1185,77
867,49	1269,74
867,66	1271,79
867,83	1228,78
867,99	1163,25
868,16	1220,59
868,33	1208,30
868,49	1159,15
868,66	1130,48
868,83	1210,35
868,99	1208,30
869,16	1222,64
869,33	1183,73
869,50	1259,50
869,66	1212,40
869,83	1228,78
870,00	1148,91
870,16	1226,73
870,33	1150,96
870,50	1150,96
870,66	1157,10
870,83	1134,57
871,00	1294,32
871,17	1202,16
871,33	1171,44
871,50	1157,10
871,67	1200,11
871,83	1230,83
872,00	1181,68
872,17	1222,64
872,33	1245,16
872,50	1187,82
872,67	1208,30
872,83	1206,25
873,00	1198,06
873,17	1167,34
873,33	1183,73
873,50	1183,73
873,67	1251,31
873,83	1224,69
874,00	1204,21
874,16	1126,38
874,33	1179,63
874,50	1210,35
874,66	1191,92
874,83	1183,73
875,00	1224,69
875,16	1224,69
875,33	1263,60
875,50	1241,07
875,66	1187,82
875,83	1241,07
875,99	1200,11
876,16	1191,92
876,33	1234,93
876,49	1150,96
876,66	1232,88
876,83	1208,30
876,99	1212,40
877,16	1159,15
877,32	1183,73
877,49	1245,16
877,66	1218,54
877,82	1153,01
877,99	1167,34
878,15	1191,92
878,32	1198,06
878,49	1140,72
878,65	1171,44
878,82	1146,86
878,98	1208,30
879,15	1282,03
879,32	1124,33
879,48	1107,95
879,65	1226,73
879,81	1153,01
879,98	1120,24
880,15	1200,11
880,31	1198,06
880,48	1196,01
880,64	1216,49
880,81	1142,77
880,97	1214,45
881,14	1150,96
881,31	1265,64
881,47	1257,45
881,64	1193,97
881,80	1210,35
881,97	1232,88
882,13	1193,97
882,30	1189,87
882,47	1183,73
882,63	1245,16
882,80	1212,40
882,96	1187,82
883,13	1273,84
883,29	1128,43
883,46	1075,18
883,62	1212,40
883,79	1228,78
883,95	1218,54
884,12	1193,97
884,29	1136,62
884,45	1159,15
884,62	1183,73
884,78	1167,34
884,95	1138,67
885,11	1241,07
885,28	1202,16
885,44	1204,21
885,61	1214,45
885,77	1159,15
885,94	1146,86
886,10	1193,97
886,27	1177,58
886,43	1146,86
886,60	1220,59
886,76	1146,86
886,93	1157,10
887,09	1255,40
887,26	1167,34
887,42	1245,16
887,59	1226,73
887,75	1130,48
887,92	1249,26
888,08	1183,73
888,25	1191,92
888,41	1241,07
888,58	1224,69
888,74	1273,84
888,91	1208,30
