177,47	1183,73
177,69	1183,73
177,91	1183,73
178,13	1218,54
178,36	1214,45
178,58	1191,92
178,80	1134,57
179,02	1189,87
179,24	1241,07
179,46	1171,44
179,68	1261,55
179,90	1204,21
180,13	1216,49
180,35	1175,53
180,57	1134,57
180,79	1234,93
181,01	1150,96
181,23	1196,01
181,45	1228,78
181,67	1202,16
181,90	1200,11
182,12	1249,26
182,34	1191,92
182,56	1200,11
182,78	1204,21
183,00	1179,63
183,22	1249,26
183,44	1228,78
183,66	1259,50
183,89	1114,10
184,11	1216,49
184,33	1169,39
184,55	1257,45
184,77	1216,49
184,99	1169,39
185,21	1163,25
185,43	1212,40
185,65	1236,97
185,87	1173,49
186,10	1212,40
186,32	1230,83
186,54	1259,50
186,76	1150,96
186,98	1146,86
187,20	1155,05
187,42	1179,63
187,64	1245,16
187,86	1234,93
188,08	1179,63
188,30	1157,10
188,52	1173,49
188,75	1159,15
188,97	1167,34
189,19	1200,11
189,41	1212,40
189,63	1093,62
189,85	1165,29
190,07	1124,33
190,29	1136,62
190,51	1232,88
190,73	1228,78
190,95	1144,81
191,17	1193,97
191,39	1200,11
191,61	1253,36
191,84	1290,22
192,06	1198,06
192,28	1177,58
192,50	1206,25
192,72	1193,97
192,94	1226,73
193,16	1230,83
193,38	1173,49
193,60	1144,81
193,82	1150,96
194,04	1226,73
194,26	1212,40
194,48	1181,68
194,70	1216,49
194,92	1232,88
195,14	1265,64
195,36	1128,43
195,58	1216,49
195,80	1224,69
196,02	1165,29
196,24	1206,25
196,46	1259,50
196,69	1224,69
196,91	1189,87
197,13	1155,05
197,35	1161,20
197,57	1245,16
197,79	1144,81
198,01	1206,25
198,23	1189,87
198,45	1228,78
198,67	1216,49
198,89	1200,11
199,11	1271,79
199,33	1234,93
199,55	1191,92
199,77	1167,34
199,99	1183,73
200,21	1196,01
200,43	1155,05
200,65	1148,91
200,87	1232,88
201,09	1208,30
201,31	1298,41
201,53	1179,63
201,75	1191,92
201,97	1181,68
202,19	1241,07
202,41	1228,78
202,63	1173,49
202,85	1245,16
203,07	1200,11
203,29	1198,06
203,51	1130,48
203,73	1161,20
203,95	1198,06
204,17	1251,31
204,39	1253,36
204,61	1183,73
204,83	1153,01
205,05	1226,73
205,27	1148,91
205,49	1177,58
205,71	1234,93
205,93	1198,06
206,15	1144,81
206,37	1230,83
206,59	1198,06
206,81	1284,08
207,03	1183,73
207,25	1150,96
207,47	1193,97
207,69	1218,54
207,91	1214,45
208,13	1241,07
208,34	1148,91
208,56	1183,73
208,78	1173,49
209,00	1179,63
209,22	1206,25
209,44	1179,63
209,66	1183,73
209,88	1228,78
210,10	1173,49
210,32	1155,05
210,54	1169,39
210,76	1282,03
210,98	1193,97
211,20	1124,33
211,42	1204,21
211,64	1253,36
211,86	1150,96
212,08	1175,53
212,30	1200,11
212,52	1153,01
212,74	1241,07
212,96	1163,25
213,17	1191,92
213,39	1173,49
213,61	1161,20
213,83	1216,49
214,05	1183,73
214,27	1236,97
214,49	1150,96
214,71	1153,01
214,93	1200,11
215,15	1232,88
215,37	1146,86
215,59	1171,44
215,81	1187,82
216,03	1183,73
216,24	1290,22
216,46	1155,05
216,68	1206,25
216,90	1167,34
217,12	1138,67
217,34	1155,05
217,56	1191,92
217,78	1179,63
218,00	1241,07
218,22	1187,82
218,44	1220,59
218,66	1189,87
218,87	1167,34
219,09	1128,43
219,31	1200,11
219,53	1155,05
219,75	1249,26
219,97	1173,49
220,19	1157,10
220,41	1187,82
220,63	1134,57
220,85	1214,45
221,06	1241,07
221,28	1214,45
221,50	1224,69
221,72	1157,10
221,94	1236,97
222,16	1261,55
222,38	1146,86
222,60	1214,45
222,82	1173,49
223,03	1232,88
223,25	1157,10
223,47	1204,21
223,69	1214,45
223,91	1191,92
224,13	1230,83
224,35	1245,16
224,57	1267,69
224,78	1179,63
225,00	1198,06
225,22	1165,29
225,44	1226,73
225,66	1267,69
225,88	1214,45
226,10	1241,07
226,32	1224,69
226,53	1191,92
226,75	1189,87
226,97	1183,73
227,19	1181,68
227,41	1210,35
227,63	1101,81
227,85	1175,53
228,06	1241,07
228,28	1236,97
228,50	1255,40
228,72	1208,30
228,94	1202,16
229,16	1269,74
229,37	1220,59
229,59	1255,40
229,81	1173,49
230,03	1165,29
230,25	1181,68
230,47	1181,68
230,69	1185,77
230,90	1167,34
231,12	1230,83
231,34	1232,88
231,56	1179,63
231,78	1183,73
232,00	1198,06
232,21	1224,69
232,43	1208,30
232,65	1224,69
232,87	1208,30
233,09	1204,21
233,30	1159,15
233,52	1101,81
233,74	1169,39
233,96	1241,07
234,18	1191,92
234,40	1202,16
234,61	1183,73
234,83	1159,15
235,05	1216,49
235,27	1191,92
235,49	1224,69
235,70	1163,25
235,92	1314,80
236,14	1169,39
236,36	1236,97
236,58	1220,59
236,79	1183,73
237,01	1173,49
237,23	1243,12
237,45	1165,29
237,67	1191,92
237,88	1200,11
238,10	1187,82
238,32	1189,87
238,54	1224,69
238,76	1196,01
238,97	1198,06
239,19	1161,20
239,41	1189,87
239,63	1161,20
239,85	1257,45
240,06	1191,92
240,28	1290,22
240,50	1130,48
240,72	1216,49
240,93	1245,16
241,15	1181,68
241,37	1183,73
241,59	1212,40
241,81	1210,35
242,02	1230,83
242,24	1206,25
242,46	1200,11
242,68	1155,05
242,89	1218,54
243,11	1157,10
243,33	1269,74
243,55	1226,73
243,76	1193,97
243,98	1177,58
244,20	1275,88
244,42	1191,92
244,64	1193,97
244,85	1196,01
245,07	1191,92
245,29	1181,68
245,51	1216,49
245,72	1255,40
245,94	1099,76
246,16	1169,39
246,38	1159,15
246,59	1159,15
246,81	1118,19
247,03	1153,01
247,24	1187,82
247,46	1167,34
247,68	1146,86
247,90	1163,25
248,11	1234,93
248,33	1140,72
248,55	1224,69
248,77	1241,07
248,98	1222,64
249,20	1175,53
249,42	1202,16
249,64	1247,21
249,85	1230,83
250,07	1196,01
250,29	1226,73
250,50	1146,86
250,72	1243,12
250,94	1126,38
251,16	1210,35
251,37	1247,21
251,59	1150,96
251,81	1236,97
252,02	1259,50
252,24	1200,11
252,46	1138,67
252,68	1220,59
252,89	1210,35
253,11	1183,73
253,33	1245,16
253,54	1204,21
253,76	1220,59
253,98	1226,73
254,20	1222,64
254,41	1193,97
254,63	1175,53
254,85	1243,12
255,06	1222,64
255,28	1257,45
255,50	1171,44
255,71	1218,54
255,93	1159,15
256,15	1249,26
256,36	1187,82
256,58	1286,12
256,80	1173,49
257,02	1279,98
257,23	1275,88
257,45	1214,45
257,67	1265,64
257,88	1204,21
258,10	1271,79
258,32	1114,10
258,53	1245,16
258,75	1169,39
258,97	1210,35
259,18	1243,12
259,40	1204,21
259,62	1251,31
259,83	1171,44
260,05	1159,15
260,27	1167,34
260,48	1220,59
260,70	1134,57
260,92	1122,29
261,13	1161,20
261,35	1216,49
261,57	1177,58
261,78	1183,73
262,00	1202,16
262,22	1200,11
262,43	1210,35
262,65	1200,11
262,86	1142,77
263,08	1175,53
263,30	1216,49
263,51	1175,53
263,73	1310,70
263,95	1236,97
264,16	1140,72
264,38	1183,73
264,60	1181,68
264,81	1191,92
265,03	1247,21
265,25	1208,30
265,46	1234,93
265,68	1249,26
265,89	1181,68
266,11	1193,97
266,33	1218,54
266,54	1200,11
266,76	1251,31
266,98	1140,72
267,19	1216,49
267,41	1249,26
267,62	1224,69
267,84	1110,00
268,06	1255,40
268,27	1134,57
268,49	1150,96
268,70	1220,59
268,92	1179,63
269,14	1157,10
269,35	1263,60
269,57	1269,74
269,79	1208,30
270,00	1150,96
270,22	1155,05
270,43	1257,45
270,65	1165,29
270,87	1208,30
271,08	1226,73
271,30	1226,73
271,51	1204,21
271,73	1216,49
271,95	1206,25
272,16	1222,64
272,38	1236,97
272,59	1165,29
272,81	1144,81
273,02	1169,39
273,24	1200,11
273,46	1187,82
273,67	1224,69
273,89	1169,39
274,10	1175,53
274,32	1138,67
274,54	1232,88
274,75	1251,31
274,97	1243,12
275,18	1226,73
275,40	1161,20
275,61	1255,40
275,83	1216,49
276,05	1155,05
276,26	1210,35
276,48	1175,53
276,69	1249,26
276,91	1239,02
277,12	1261,55
277,34	1181,68
277,55	1216,49
277,77	1177,58
277,99	1204,21
278,20	1220,59
278,42	1239,02
278,63	1118,19
278,85	1191,92
279,06	1210,35
279,28	1210,35
279,49	1216,49
279,71	1132,53
279,93	1239,02
280,14	1204,21
280,36	1257,45
280,57	1189,87
280,79	1153,01
281,00	1216,49
281,22	1155,05
281,43	1224,69
281,65	1224,69
281,86	1259,50
282,08	1243,12
282,29	1282,03
282,51	1241,07
282,73	1226,73
282,94	1144,81
283,16	1224,69
283,37	1153,01
283,59	1175,53
283,80	1251,31
284,02	1236,97
284,23	1167,34
284,45	1214,45
284,66	1222,64
284,88	1275,88
285,09	1165,29
285,31	1241,07
285,52	1189,87
285,74	1179,63
285,95	1187,82
286,17	1140,72
286,38	1189,87
286,60	1245,16
286,81	1241,07
287,03	1155,05
287,24	1204,21
287,46	1228,78
287,67	1253,36
287,89	1273,84
288,10	1153,01
288,32	1228,78
288,53	1171,44
288,75	1200,11
288,96	1202,16
289,18	1230,83
289,39	1175,53
289,61	1224,69
289,82	1202,16
290,04	1267,69
290,25	1165,29
290,47	1163,25
290,68	1263,60
290,90	1241,07
291,11	1251,31
291,33	1247,21
291,54	1175,53
291,76	1173,49
291,97	1206,25
292,18	1232,88
292,40	1277,93
292,61	1265,64
292,83	1167,34
293,04	1140,72
293,26	1159,15
293,47	1179,63
293,69	1247,21
293,90	1142,77
294,12	1144,81
294,33	1196,01
294,55	1191,92
294,76	1187,82
294,97	1222,64
295,19	1142,77
295,40	1189,87
295,62	1224,69
295,83	1153,01
296,05	1179,63
296,26	1202,16
296,48	1200,11
296,69	1210,35
296,90	1167,34
297,12	1257,45
297,33	1150,96
297,55	1173,49
297,76	1222,64
297,98	1130,48
298,19	1249,26
298,41	1148,91
298,62	1247,21
298,83	1157,10
299,05	1232,88
299,26	1224,69
299,48	1249,26
299,69	1179,63
299,90	1116,14
300,12	1181,68
300,33	1173,49
300,55	1249,26
300,76	1224,69
300,98	1130,48
301,19	1171,44
301,40	1144,81
301,62	1232,88
301,83	1239,02
302,05	1239,02
302,26	1216,49
302,47	1298,41
302,69	1105,90
302,90	1228,78
303,12	1224,69
303,33	1161,20
303,54	1179,63
303,76	1181,68
303,97	1212,40
304,19	1189,87
304,40	1202,16
304,61	1161,20
304,83	1204,21
305,04	1204,21
305,26	1232,88
305,47	1261,55
305,68	1214,45
305,90	1222,64
306,11	1232,88
306,33	1228,78
306,54	1140,72
306,75	1167,34
306,97	1214,45
307,18	1212,40
307,39	1265,64
307,61	1218,54
307,82	1175,53
308,04	1163,25
308,25	1146,86
308,46	1269,74
308,68	1163,25
308,89	1175,53
309,10	1214,45
309,32	1204,21
309,53	1114,10
309,74	1146,86
309,96	1175,53
310,17	1214,45
310,39	1183,73
310,60	1163,25
310,81	1232,88
311,03	1183,73
311,24	1236,97
311,45	1157,10
311,67	1167,34
311,88	1189,87
312,09	1134,57
312,31	1179,63
312,52	1148,91
312,73	1228,78
312,95	1161,20
313,16	1243,12
313,37	1224,69
313,59	1214,45
313,80	1214,45
314,01	1138,67
314,23	1136,62
314,44	1161,20
314,65	1179,63
314,87	1206,25
315,08	1228,78
315,29	1212,40
315,51	1245,16
315,72	1226,73
315,93	1218,54
316,15	1273,84
316,36	1204,21
316,57	1142,77
316,79	1193,97
317,00	1159,15
317,21	1165,29
317,43	1249,26
317,64	1208,30
317,85	1163,25
318,07	1198,06
318,28	1234,93
318,49	1208,30
318,70	1296,36
318,92	1191,92
319,13	1239,02
319,34	1243,12
319,56	1216,49
319,77	1249,26
319,98	1206,25
320,20	1163,25
320,41	1259,50
320,62	1265,64
320,83	1232,88
321,05	1234,93
321,26	1185,77
321,47	1183,73
321,69	1226,73
321,90	1202,16
322,11	1187,82
322,32	1175,53
322,54	1226,73
322,75	1175,53
322,96	1226,73
323,18	1153,01
323,39	1130,48
323,60	1204,21
323,81	1249,26
324,03	1226,73
324,24	1275,88
324,45	1239,02
324,66	1163,25
324,88	1200,11
325,09	1234,93
325,30	1171,44
325,52	1208,30
325,73	1257,45
325,94	1228,78
326,15	1234,93
326,37	1179,63
326,58	1220,59
326,79	1196,01
327,00	1191,92
327,22	1216,49
327,43	1228,78
327,64	1236,97
327,85	1259,50
328,07	1171,44
328,28	1193,97
328,49	1198,06
328,70	1148,91
328,92	1218,54
329,13	1261,55
329,34	1089,52
329,55	1185,77
329,76	1155,05
329,98	1044,46
330,19	1257,45
330,40	1218,54
330,61	1157,10
330,83	1204,21
331,04	1189,87
331,25	1232,88
331,46	1161,20
331,68	1210,35
331,89	1247,21
332,10	1179,63
332,31	1183,73
332,52	1249,26
332,74	1226,73
332,95	1218,54
333,16	1200,11
333,37	1122,29
333,58	1263,60
333,80	1222,64
334,01	1189,87
334,22	1142,77
334,43	1183,73
334,64	1216,49
334,86	1140,72
335,07	1216,49
335,28	1251,31
335,49	1210,35
335,70	1210,35
335,92	1208,30
336,13	1171,44
336,34	1167,34
336,55	1146,86
336,76	1189,87
336,98	1239,02
337,19	1128,43
337,40	1167,34
337,61	1146,86
337,82	1193,97
338,04	1185,77
338,25	1267,69
338,46	1171,44
338,67	1185,77
338,88	1157,10
339,09	1142,77
339,31	1167,34
339,52	1222,64
339,73	1177,58
339,94	1208,30
340,15	1236,97
340,36	1155,05
340,58	1202,16
340,79	1243,12
341,00	1212,40
341,21	1206,25
341,42	1193,97
341,63	1183,73
341,85	1183,73
342,06	1175,53
342,27	1159,15
342,48	1261,55
342,69	1183,73
342,90	1189,87
343,12	1251,31
343,33	1183,73
343,54	1191,92
343,75	1200,11
343,96	1210,35
344,17	1241,07
344,38	1155,05
344,60	1204,21
344,81	1236,97
345,02	1124,33
345,23	1204,21
345,44	1236,97
345,65	1220,59
345,86	1179,63
346,07	1218,54
346,29	1142,77
346,50	1171,44
346,71	1130,48
346,92	1185,77
347,13	1206,25
347,34	1236,97
347,55	1198,06
347,76	1198,06
347,98	1269,74
348,19	1282,03
348,40	1222,64
348,61	1220,59
348,82	1171,44
349,03	1208,30
349,24	1173,49
349,45	1259,50
349,66	1263,60
349,88	1122,29
350,09	1198,06
350,30	1173,49
350,51	1185,77
350,72	1228,78
350,93	1181,68
351,14	1214,45
351,35	1212,40
351,56	1155,05
351,77	1187,82
351,99	1175,53
352,20	1265,64
352,41	1155,05
352,62	1185,77
352,83	1161,20
353,04	1212,40
353,25	1185,77
353,46	1232,88
353,67	1126,38
353,88	1232,88
354,09	1185,77
354,30	1116,14
354,52	1159,15
354,73	1159,15
354,94	1239,02
355,15	1189,87
355,36	1148,91
355,57	1169,39
355,78	1236,97
355,99	1212,40
356,20	1165,29
356,41	1191,92
356,62	1200,11
356,83	1208,30
357,04	1148,91
357,25	1167,34
357,46	1249,26
357,68	1216,49
357,89	1210,35
358,10	1220,59
358,31	1214,45
358,52	1165,29
358,73	1204,21
358,94	1222,64
359,15	1232,88
359,36	1269,74
359,57	1163,25
359,78	1255,40
359,99	1173,49
360,20	1255,40
360,41	1290,22
360,62	1183,73
360,83	1185,77
361,04	1208,30
361,25	1189,87
361,46	1232,88
361,67	1187,82
361,88	1245,16
362,09	1212,40
362,30	1179,63
362,51	1185,77
362,72	1124,33
362,93	1191,92
363,14	1204,21
363,35	1224,69
363,56	1212,40
363,78	1212,40
363,99	1263,60
364,20	1148,91
364,41	1275,88
364,62	1208,30
364,83	1189,87
365,04	1249,26
365,25	1173,49
365,46	1175,53
365,67	1198,06
365,88	1120,24
366,09	1167,34
366,30	1228,78
366,51	1232,88
366,72	1191,92
366,93	1200,11
367,14	1198,06
367,35	1236,97
367,56	1277,93
367,77	1171,44
367,98	1179,63
368,18	1232,88
368,39	1232,88
368,60	1220,59
368,81	1265,64
369,02	1255,40
369,23	1220,59
369,44	1183,73
369,65	1191,92
369,86	1236,97
370,07	1210,35
370,28	1165,29
370,49	1214,45
370,70	1204,21
370,91	1261,55
371,12	1187,82
371,33	1236,97
371,54	1206,25
371,75	1173,49
371,96	1073,14
372,17	1224,69
372,38	1144,81
372,59	1261,55
372,80	1241,07
373,01	1206,25
373,22	1179,63
373,43	1212,40
373,64	1220,59
373,85	1202,16
374,06	1142,77
374,26	1251,31
374,47	1167,34
374,68	1224,69
374,89	1265,64
375,10	1171,44
375,31	1163,25
375,52	1198,06
375,73	1183,73
375,94	1187,82
376,15	1198,06
376,36	1179,63
376,57	1142,77
376,78	1165,29
376,99	1232,88
377,20	1239,02
377,40	1132,53
377,61	1163,25
377,82	1208,30
378,03	1198,06
378,24	1148,91
378,45	1189,87
378,66	1175,53
378,87	1239,02
379,08	1265,64
379,29	1243,12
379,50	1241,07
379,71	1191,92
379,91	1187,82
380,12	1220,59
380,33	1224,69
380,54	1198,06
380,75	1204,21
380,96	1257,45
381,17	1183,73
381,38	1191,92
381,59	1236,97
381,80	1206,25
382,00	1181,68
382,21	1224,69
382,42	1200,11
382,63	1196,01
382,84	1216,49
383,05	1224,69
383,26	1212,40
383,47	1220,59
383,68	1212,40
383,88	1253,36
384,09	1228,78
384,30	1183,73
384,51	1198,06
384,72	1179,63
384,93	1290,22
385,14	1234,93
385,35	1122,29
385,55	1161,20
385,76	1253,36
385,97	1181,68
386,18	1220,59
386,39	1142,77
386,60	1228,78
386,81	1146,86
387,02	1175,53
387,22	1179,63
387,43	1148,91
387,64	1191,92
387,85	1288,17
388,06	1226,73
388,27	1224,69
388,48	1228,78
388,68	1222,64
388,89	1234,93
389,10	1179,63
389,31	1144,81
389,52	1224,69
389,73	1234,93
389,93	1253,36
390,14	1216,49
390,35	1206,25
390,56	1187,82
390,77	1228,78
390,98	1208,30
391,18	1284,08
391,39	1259,50
391,60	1239,02
391,81	1218,54
392,02	1198,06
392,23	1239,02
392,43	1226,73
392,64	1220,59
392,85	1173,49
393,06	1183,73
393,27	1138,67
393,47	1187,82
393,68	1159,15
393,89	1202,16
394,10	1181,68
394,31	1208,30
394,52	1187,82
394,72	1183,73
394,93	1257,45
395,14	1183,73
395,35	1189,87
395,56	1257,45
395,76	1224,69
395,97	1177,58
396,18	1226,73
396,39	1185,77
396,60	1212,40
396,80	1245,16
397,01	1253,36
397,22	1232,88
397,43	1146,86
397,64	1218,54
397,84	1193,97
398,05	1191,92
398,26	1206,25
398,47	1216,49
398,67	1253,36
398,88	1173,49
399,09	1208,30
399,30	1196,01
399,51	1208,30
399,71	1218,54
399,92	1196,01
400,13	1179,63
400,34	1138,67
400,54	1148,91
400,75	1220,59
400,96	1224,69
401,17	1206,25
401,37	1249,26
401,58	1241,07
401,79	1226,73
402,00	1263,60
402,21	1165,29
402,41	1175,53
402,62	1175,53
402,83	1163,25
403,04	1187,82
403,24	1247,21
403,45	1132,53
403,66	1202,16
403,87	1187,82
404,07	1187,82
404,28	1245,16
404,49	1224,69
404,70	1222,64
404,90	1226,73
405,11	1163,25
405,32	1173,49
405,52	1251,31
405,73	1212,40
405,94	1191,92
406,15	1191,92
406,35	1138,67
406,56	1198,06
406,77	1228,78
406,98	1206,25
407,18	1218,54
407,39	1212,40
407,60	1148,91
407,80	1232,88
408,01	1144,81
408,22	1212,40
408,43	1167,34
408,63	1247,21
408,84	1153,01
409,05	1191,92
409,25	1222,64
409,46	1198,06
409,67	1214,45
409,88	1277,93
410,08	1169,39
410,29	1130,48
410,50	1198,06
410,70	1118,19
410,91	1134,57
411,12	1216,49
411,32	1134,57
411,53	1177,58
411,74	1148,91
411,95	1224,69
412,15	1202,16
412,36	1191,92
412,57	1179,63
412,77	1177,58
412,98	1161,20
413,19	1134,57
413,39	1132,53
413,60	1204,21
413,81	1132,53
414,01	1204,21
414,22	1257,45
414,43	1161,20
414,63	1183,73
414,84	1218,54
415,05	1284,08
415,25	1155,05
415,46	1234,93
415,67	1257,45
415,87	1208,30
416,08	1236,97
416,29	1265,64
416,49	1196,01
416,70	1189,87
416,91	1230,83
417,11	1150,96
417,32	1179,63
417,53	1236,97
417,73	1239,02
417,94	1185,77
418,15	1148,91
418,35	1114,10
418,56	1150,96
418,77	1179,63
418,97	1263,60
419,18	1138,67
419,38	1214,45
419,59	1232,88
419,80	1230,83
420,00	1239,02
420,21	1222,64
420,42	1208,30
420,62	1193,97
420,83	1232,88
421,04	1171,44
421,24	1134,57
421,45	1214,45
421,65	1196,01
421,86	1204,21
422,07	1210,35
422,27	1165,29
422,48	1159,15
422,69	1294,32
422,89	1216,49
423,10	1208,30
423,30	1220,59
423,51	1224,69
423,72	1155,05
423,92	1218,54
424,13	1165,29
424,33	1239,02
424,54	1263,60
424,75	1193,97
424,95	1163,25
425,16	1181,68
425,36	1275,88
425,57	1234,93
425,78	1216,49
425,98	1189,87
426,19	1241,07
426,39	1189,87
426,60	1226,73
426,81	1277,93
427,01	1175,53
427,22	1216,49
427,42	1212,40
427,63	1144,81
427,83	1200,11
428,04	1236,97
428,25	1163,25
428,45	1255,40
428,66	1173,49
428,86	1187,82
429,07	1198,06
429,28	1204,21
429,48	1185,77
429,69	1173,49
429,89	1212,40
430,10	1200,11
430,30	1220,59
430,51	1218,54
430,71	1200,11
430,92	1200,11
431,13	1273,84
431,33	1212,40
431,54	1220,59
431,74	1222,64
431,95	1243,12
432,15	1206,25
432,36	1175,53
432,56	1222,64
432,77	1157,10
432,98	1239,02
433,18	1247,21
433,39	1136,62
433,59	1196,01
433,80	1224,69
434,00	1171,44
434,21	1210,35
434,41	1171,44
434,62	1214,45
434,82	1185,77
435,03	1136,62
435,23	1210,35
435,44	1163,25
435,64	1253,36
435,85	1191,92
436,06	1189,87
436,26	1177,58
436,47	1134,57
436,67	1210,35
436,88	1249,26
437,08	1171,44
437,29	1222,64
437,49	1273,84
437,70	1142,77
437,90	1200,11
438,11	1177,58
438,31	1226,73
438,52	1161,20
438,72	1206,25
438,93	1214,45
439,13	1214,45
439,34	1196,01
439,54	1161,20
439,75	1179,63
439,95	1220,59
440,16	1175,53
440,36	1189,87
440,57	1204,21
440,77	1191,92
440,98	1271,79
441,18	1284,08
441,39	1159,15
441,59	1169,39
441,80	1249,26
442,00	1179,63
442,21	1239,02
442,41	1208,30
442,62	1222,64
442,82	1171,44
443,02	1228,78
443,23	1251,31
443,43	1173,49
443,64	1157,10
443,84	1185,77
444,05	1212,40
444,25	1294,32
444,46	1196,01
444,66	1210,35
444,87	1163,25
445,07	1153,01
445,28	1204,21
445,48	1218,54
445,69	1177,58
445,89	1132,53
446,09	1226,73
446,30	1198,06
446,50	1155,05
446,71	1157,10
446,91	1134,57
447,12	1228,78
447,32	1243,12
447,53	1200,11
447,73	1204,21
447,93	1200,11
448,14	1185,77
448,34	1191,92
448,55	1187,82
448,75	1224,69
448,96	1169,39
449,16	1269,74
449,36	1208,30
449,57	1249,26
449,77	1208,30
449,98	1220,59
450,18	1155,05
450,39	1146,86
450,59	1279,98
450,79	1130,48
451,00	1161,20
451,20	1198,06
451,41	1198,06
451,61	1210,35
451,81	1193,97
452,02	1220,59
452,22	1187,82
452,43	1214,45
452,63	1284,08
452,84	1196,01
453,04	1261,55
453,24	1179,63
453,45	1124,33
453,65	1241,07
453,86	1185,77
454,06	1239,02
454,26	1163,25
454,47	1179,63
454,67	1220,59
454,87	1198,06
455,08	1189,87
455,28	1234,93
455,49	1255,40
455,69	1257,45
455,89	1234,93
456,10	1200,11
456,30	1173,49
456,51	1222,64
456,71	1124,33
456,91	1175,53
457,12	1277,93
457,32	1232,88
457,52	1177,58
457,73	1232,88
457,93	1200,11
458,14	1216,49
458,34	1193,97
458,54	1163,25
458,75	1243,12
458,95	1228,78
459,15	1241,07
459,36	1204,21
459,56	1177,58
459,76	1179,63
459,97	1189,87
460,17	1134,57
460,37	1245,16
460,58	1241,07
460,78	1185,77
460,99	1112,05
461,19	1228,78
461,39	1216,49
461,60	1253,36
461,80	1171,44
462,00	1232,88
462,21	1169,39
462,41	1239,02
462,61	1169,39
462,82	1157,10
463,02	1167,34
463,22	1112,05
463,43	1204,21
463,63	1157,10
463,83	1196,01
464,04	1202,16
464,24	1142,77
464,44	1189,87
464,64	1247,21
464,85	1208,30
465,05	1126,38
465,25	1249,26
465,46	1144,81
465,66	1208,30
465,86	1216,49
466,07	1261,55
466,27	1187,82
466,47	1216,49
466,68	1159,15
466,88	1212,40
467,08	1167,34
467,29	1165,29
467,49	1148,91
467,69	1232,88
467,89	1157,10
468,10	1232,88
468,30	1202,16
468,50	1159,15
468,71	1224,69
468,91	1167,34
469,11	1228,78
469,31	1191,92
469,52	1206,25
469,72	1187,82
469,92	1179,63
470,13	1175,53
470,33	1243,12
470,53	1230,83
470,73	1218,54
470,94	1134,57
471,14	1216,49
471,34	1181,68
471,54	1144,81
471,75	1198,06
471,95	1228,78
472,15	1183,73
472,36	1177,58
472,56	1134,57
472,76	1220,59
472,96	1267,69
473,17	1214,45
473,37	1155,05
473,57	1202,16
473,77	1120,24
473,98	1206,25
474,18	1179,63
474,38	1183,73
474,58	1144,81
474,79	1222,64
474,99	1243,12
475,19	1171,44
475,39	1259,50
475,60	1218,54
475,80	1214,45
476,00	1206,25
476,20	1208,30
476,41	1224,69
476,61	1200,11
476,81	1183,73
477,01	1185,77
477,21	1177,58
477,42	1200,11
477,62	1218,54
477,82	1185,77
478,02	1232,88
478,23	1210,35
478,43	1222,64
478,63	1224,69
478,83	1267,69
479,03	1173,49
479,24	1165,29
479,44	1183,73
479,64	1150,96
479,84	1191,92
480,04	1275,88
480,25	1208,30
480,45	1153,01
480,65	1220,59
480,85	1243,12
481,06	1210,35
481,26	1232,88
481,46	1249,26
481,66	1210,35
481,86	1236,97
482,06	1161,20
482,27	1206,25
482,47	1247,21
482,67	1277,93
482,87	1146,86
483,07	1187,82
483,28	1257,45
483,48	1253,36
483,68	1165,29
483,88	1140,72
484,08	1187,82
484,29	1208,30
484,49	1196,01
484,69	1202,16
484,89	1204,21
485,09	1200,11
485,29	1198,06
485,50	1282,03
485,70	1306,60
485,90	1241,07
486,10	1126,38
486,30	1208,30
486,50	1214,45
486,71	1222,64
486,91	1191,92
487,11	1208,30
487,31	1171,44
487,51	1118,19
487,71	1136,62
487,91	1200,11
488,12	1191,92
488,32	1196,01
488,52	1150,96
488,72	1214,45
488,92	1183,73
489,12	1271,79
489,32	1196,01
489,53	1232,88
489,73	1255,40
489,93	1212,40
490,13	1175,53
490,33	1239,02
490,53	1236,97
490,73	1134,57
490,94	1204,21
491,14	1228,78
491,34	1171,44
491,54	1234,93
491,74	1198,06
491,94	1136,62
492,14	1212,40
492,34	1265,64
492,54	1292,27
492,75	1230,83
492,95	1191,92
493,15	1159,15
493,35	1206,25
493,55	1208,30
493,75	1247,21
493,95	1218,54
494,15	1187,82
494,35	1167,34
494,56	1228,78
494,76	1173,49
494,96	1224,69
495,16	1214,45
495,36	1204,21
495,56	1216,49
495,76	1224,69
495,96	1226,73
496,16	1212,40
496,36	1181,68
496,56	1210,35
496,77	1118,19
496,97	1140,72
497,17	1210,35
497,37	1249,26
497,57	1224,69
497,77	1187,82
497,97	1208,30
498,17	1230,83
498,37	1230,83
498,57	1187,82
498,77	1171,44
498,97	1249,26
499,17	1243,12
499,38	1220,59
499,58	1165,29
499,78	1175,53
499,98	1216,49
500,18	1185,77
500,38	1206,25
500,58	1298,41
500,78	1196,01
500,98	1148,91
501,18	1169,39
501,38	1224,69
501,58	1171,44
501,78	1187,82
501,98	1138,67
502,18	1216,49
502,38	1212,40
502,58	1171,44
502,78	1177,58
502,98	1099,76
503,18	1159,15
503,38	1200,11
503,59	1241,07
503,79	1179,63
503,99	1142,77
504,19	1130,48
504,39	1171,44
504,59	1228,78
504,79	1216,49
504,99	1159,15
505,19	1148,91
505,39	1296,36
505,59	1101,81
505,79	1173,49
505,99	1249,26
506,19	1189,87
506,39	1167,34
506,59	1198,06
506,79	1208,30
506,99	1275,88
507,19	1257,45
507,39	1159,15
507,59	1155,05
507,79	1177,58
507,99	1101,81
508,19	1228,78
508,39	1191,92
508,59	1163,25
508,79	1236,97
508,99	1210,35
509,19	1298,41
509,39	1226,73
509,59	1191,92
509,79	1153,01
509,99	1171,44
510,19	1128,43
510,39	1226,73
510,59	1234,93
510,79	1150,96
510,99	1144,81
511,19	1200,11
511,39	1191,92
511,59	1226,73
511,79	1239,02
511,99	1189,87
512,19	1247,21
512,38	1212,40
512,58	1212,40
512,78	1189,87
512,98	1255,40
513,18	1189,87
513,38	1159,15
513,58	1245,16
513,78	1191,92
513,98	1212,40
514,18	1216,49
514,38	1138,67
514,58	1245,16
514,78	1230,83
514,98	1136,62
515,18	1175,53
515,38	1228,78
515,58	1079,28
515,78	1150,96
515,98	1206,25
516,18	1200,11
516,38	1132,53
516,57	1189,87
516,77	1249,26
516,97	1177,58
517,17	1230,83
517,37	1148,91
517,57	1259,50
517,77	1171,44
517,97	1181,68
518,17	1126,38
518,37	1222,64
518,57	1196,01
518,77	1159,15
518,97	1107,95
519,16	1150,96
519,36	1165,29
519,56	1187,82
519,76	1214,45
519,96	1187,82
520,16	1073,14
520,36	1273,84
520,56	1191,92
520,76	1267,69
520,96	1214,45
521,16	1179,63
521,35	1198,06
521,55	1171,44
521,75	1175,53
521,95	1234,93
522,15	1279,98
522,35	1187,82
522,55	1198,06
522,75	1189,87
522,95	1251,31
523,14	1118,19
523,34	1239,02
523,54	1175,53
523,74	1193,97
523,94	1204,21
524,14	1241,07
524,34	1232,88
524,54	1138,67
524,73	1157,10
524,93	1220,59
525,13	1241,07
525,33	1210,35
525,53	1261,55
525,73	1183,73
525,93	1169,39
526,13	1189,87
526,32	1171,44
526,52	1165,29
526,72	1189,87
526,92	1243,12
527,12	1220,59
527,32	1187,82
527,52	1107,95
527,71	1204,21
527,91	1189,87
528,11	1212,40
528,31	1191,92
528,51	1183,73
528,71	1083,38
528,90	1220,59
529,10	1208,30
529,30	1263,60
529,50	1103,86
529,70	1206,25
529,90	1189,87
530,09	1165,29
530,29	1224,69
530,49	1110,00
530,69	1181,68
530,89	1161,20
531,09	1282,03
531,28	1187,82
531,48	1181,68
531,68	1255,40
531,88	1224,69
532,08	1216,49
532,28	1228,78
532,47	1189,87
532,67	1261,55
532,87	1239,02
533,07	1212,40
533,27	1267,69
533,46	1208,30
533,66	1212,40
533,86	1200,11
534,06	1261,55
534,26	1249,26
534,45	1191,92
534,65	1206,25
534,85	1208,30
535,05	1279,98
535,25	1224,69
535,44	1198,06
535,64	1224,69
535,84	1214,45
536,04	1198,06
536,24	1169,39
536,43	1212,40
536,63	1187,82
536,83	1185,77
537,03	1175,53
537,22	1222,64
537,42	1196,01
537,62	1212,40
537,82	1187,82
538,02	1210,35
538,21	1187,82
538,41	1189,87
538,61	1236,97
538,81	1171,44
539,00	1247,21
539,20	1212,40
539,40	1218,54
539,60	1136,62
539,79	1165,29
539,99	1167,34
540,19	1155,05
540,39	1179,63
540,58	1230,83
540,78	1224,69
540,98	1214,45
541,18	1189,87
541,37	1189,87
541,57	1191,92
541,77	1226,73
541,97	1251,31
542,16	1232,88
542,36	1169,39
542,56	1257,45
542,76	1134,57
542,95	1171,44
543,15	1177,58
543,35	1255,40
543,54	1232,88
543,74	1110,00
543,94	1155,05
544,14	1216,49
544,33	1153,01
544,53	1241,07
544,73	1236,97
544,93	1183,73
545,12	1255,40
545,32	1204,21
545,52	1218,54
545,71	1124,33
545,91	1224,69
546,11	1200,11
546,30	1187,82
546,50	1232,88
546,70	1122,29
546,90	1224,69
547,09	1177,58
547,29	1157,10
547,49	1224,69
547,68	1189,87
547,88	1189,87
548,08	1165,29
548,27	1243,12
548,47	1099,76
548,67	1136,62
548,87	1153,01
549,06	1249,26
549,26	1210,35
549,46	1218,54
549,65	1220,59
549,85	1163,25
550,05	1120,24
550,24	1251,31
550,44	1218,54
550,64	1269,74
550,83	1222,64
551,03	1204,21
551,23	1322,99
551,42	1189,87
551,62	1228,78
551,82	1210,35
552,01	1196,01
552,21	1228,78
552,41	1202,16
552,60	1255,40
552,80	1263,60
553,00	1140,72
553,19	1212,40
553,39	1167,34
553,59	1202,16
553,78	1218,54
553,98	1220,59
554,17	1161,20
554,37	1157,10
554,57	1224,69
554,76	1269,74
554,96	1210,35
555,16	1220,59
555,35	1218,54
555,55	1204,21
555,75	1259,50
555,94	1261,55
556,14	1185,77
556,33	1210,35
556,53	1132,53
556,73	1214,45
556,92	1114,10
557,12	1234,93
557,32	1155,05
557,51	1277,93
557,71	1269,74
557,90	1245,16
558,10	1226,73
558,30	1134,57
558,49	1247,21
558,69	1191,92
558,88	1122,29
559,08	1175,53
559,28	1157,10
559,47	1212,40
559,67	1185,77
559,86	1175,53
560,06	1136,62
560,26	1212,40
560,45	1210,35
560,65	1126,38
560,84	1216,49
561,04	1198,06
561,24	1241,07
561,43	1243,12
561,63	1159,15
561,82	1134,57
562,02	1198,06
562,22	1212,40
562,41	1167,34
562,61	1249,26
562,80	1134,57
563,00	1204,21
563,19	1161,20
563,39	1230,83
563,59	1187,82
563,78	1206,25
563,98	1155,05
564,17	1118,19
564,37	1177,58
564,56	1179,63
564,76	1179,63
564,96	1222,64
565,15	1241,07
565,35	1189,87
565,54	1165,29
565,74	1228,78
565,93	1249,26
566,13	1161,20
566,32	1206,25
566,52	1214,45
566,71	1249,26
566,91	1193,97
567,11	1157,10
567,30	1206,25
567,50	1249,26
567,69	1212,40
567,89	1216,49
568,08	1185,77
568,28	1247,21
568,47	1206,25
568,67	1210,35
568,86	1204,21
569,06	1167,34
569,25	1128,43
569,45	1220,59
569,64	1216,49
569,84	1183,73
570,04	1196,01
570,23	1177,58
570,43	1173,49
570,62	1259,50
570,82	1208,30
571,01	1216,49
571,21	1171,44
571,40	1193,97
571,60	1249,26
571,79	1171,44
571,99	1165,29
572,18	1179,63
572,38	1302,51
572,57	1206,25
572,77	1271,79
572,96	1159,15
573,16	1232,88
573,35	1212,40
573,55	1206,25
573,74	1243,12
573,94	1210,35
574,13	1173,49
574,33	1187,82
574,52	1290,22
574,71	1204,21
574,91	1171,44
575,10	1214,45
575,30	1116,14
575,49	1191,92
575,69	1279,98
575,88	1148,91
576,08	1167,34
576,27	1255,40
576,47	1210,35
576,66	1191,92
576,86	1161,20
577,05	1159,15
577,25	1163,25
577,44	1116,14
577,64	1239,02
577,83	1253,36
578,02	1114,10
578,22	1167,34
578,41	1230,83
578,61	1243,12
578,80	1193,97
579,00	1222,64
579,19	1243,12
579,39	1189,87
579,58	1157,10
579,77	1206,25
579,97	1234,93
580,16	1189,87
580,36	1204,21
580,55	1210,35
580,75	1148,91
580,94	1165,29
581,13	1204,21
581,33	1222,64
581,52	1161,20
581,72	1187,82
581,91	1183,73
582,11	1230,83
582,30	1159,15
582,49	1239,02
582,69	1185,77
582,88	1148,91
583,08	1181,68
583,27	1210,35
583,47	1202,16
583,66	1193,97
583,85	1202,16
584,05	1163,25
584,24	1234,93
584,44	1261,55
584,63	1208,30
584,82	1167,34
585,02	1241,07
585,21	1189,87
585,41	1185,77
585,60	1273,84
585,79	1177,58
585,99	1187,82
586,18	1261,55
586,37	1220,59
586,57	1185,77
586,76	1198,06
586,96	1230,83
587,15	1241,07
587,34	1232,88
587,54	1222,64
587,73	1208,30
587,93	1222,64
588,12	1183,73
588,31	1230,83
588,51	1226,73
588,70	1169,39
588,89	1249,26
589,09	1228,78
589,28	1224,69
589,47	1196,01
589,67	1155,05
589,86	1220,59
590,06	1167,34
590,25	1279,98
590,44	1126,38
590,64	1196,01
590,83	1286,12
591,02	1204,21
591,22	1191,92
591,41	1249,26
591,60	1099,76
591,80	1216,49
591,99	1212,40
592,18	1161,20
592,38	1230,83
592,57	1212,40
592,76	1159,15
592,96	1198,06
593,15	1228,78
593,34	1228,78
593,54	1206,25
593,73	1202,16
593,92	1253,36
594,12	1198,06
594,31	1277,93
594,50	1175,53
594,70	1224,69
594,89	1236,97
595,08	1150,96
595,28	1255,40
595,47	1222,64
595,66	1175,53
595,86	1169,39
596,05	1193,97
596,24	1189,87
596,43	1161,20
596,63	1189,87
596,82	1222,64
597,01	1214,45
597,21	1187,82
597,40	1181,68
597,59	1255,40
597,79	1159,15
597,98	1271,79
598,17	1220,59
598,36	1204,21
598,56	1191,92
598,75	1165,29
598,94	1218,54
599,14	1181,68
599,33	1193,97
599,52	1204,21
599,71	1118,19
599,91	1214,45
600,10	1200,11
600,29	1169,39
600,48	1261,55
600,68	1239,02
600,87	1200,11
601,06	1173,49
601,26	1189,87
601,45	1212,40
601,64	1136,62
601,83	1232,88
602,03	1153,01
602,22	1202,16
602,41	1155,05
602,60	1253,36
602,80	1200,11
602,99	1165,29
603,18	1198,06
603,37	1218,54
603,57	1191,92
603,76	1218,54
603,95	1179,63
604,14	1107,95
604,34	1236,97
604,53	1200,11
604,72	1253,36
604,91	1296,36
605,10	1206,25
605,30	1263,60
605,49	1200,11
605,68	1216,49
605,87	1218,54
606,07	1118,19
606,26	1181,68
606,45	1222,64
606,64	1206,25
606,84	1249,26
607,03	1155,05
607,22	1167,34
607,41	1214,45
607,60	1200,11
607,80	1226,73
607,99	1202,16
608,18	1144,81
608,37	1159,15
608,56	1200,11
608,76	1189,87
608,95	1202,16
609,14	1241,07
609,33	1189,87
609,52	1165,29
609,72	1191,92
609,91	1163,25
610,10	1165,29
610,29	1263,60
610,48	1183,73
610,68	1239,02
610,87	1245,16
611,06	1210,35
611,25	1161,20
611,44	1226,73
611,63	1198,06
611,83	1159,15
612,02	1153,01
612,21	1155,05
612,40	1103,86
612,59	1144,81
612,79	1189,87
612,98	1222,64
613,17	1226,73
613,36	1245,16
613,55	1232,88
613,74	1249,26
613,93	1230,83
614,13	1214,45
614,32	1206,25
614,51	1214,45
614,70	1259,50
614,89	1118,19
615,08	1128,43
615,28	1263,60
615,47	1150,96
615,66	1196,01
615,85	1140,72
616,04	1241,07
616,23	1247,21
616,42	1212,40
616,62	1228,78
616,81	1220,59
617,00	1169,39
617,19	1220,59
617,38	1189,87
617,57	1220,59
617,76	1257,45
617,95	1200,11
618,15	1224,69
618,34	1216,49
618,53	1214,45
618,72	1249,26
618,91	1191,92
619,10	1302,51
619,29	1146,86
619,48	1157,10
619,68	1153,01
619,87	1132,53
620,06	1157,10
620,25	1187,82
620,44	1245,16
620,63	1230,83
620,82	1222,64
621,01	1165,29
621,20	1216,49
621,39	1228,78
621,59	1183,73
621,78	1189,87
621,97	1196,01
622,16	1212,40
622,35	1241,07
622,54	1191,92
622,73	1241,07
622,92	1183,73
623,11	1202,16
623,30	1183,73
623,49	1183,73
623,68	1132,53
623,88	1271,79
624,07	1232,88
624,26	1232,88
624,45	1218,54
624,64	1218,54
624,83	1214,45
625,02	1179,63
625,21	1193,97
625,40	1224,69
625,59	1288,17
625,78	1232,88
625,97	1236,97
626,16	1124,33
626,35	1183,73
626,54	1159,15
626,74	1247,21
626,93	1226,73
627,12	1226,73
627,31	1226,73
627,50	1247,21
627,69	1255,40
627,88	1257,45
628,07	1196,01
628,26	1239,02
628,45	1179,63
628,64	1234,93
628,83	1292,27
629,02	1236,97
629,21	1193,97
629,40	1191,92
629,59	1163,25
629,78	1265,64
629,97	1183,73
630,16	1226,73
630,35	1208,30
630,54	1228,78
630,73	1228,78
630,92	1249,26
631,11	1230,83
631,30	1224,69
631,49	1335,28
631,68	1333,23
631,87	2607,06
632,06	8578,94
632,25	18999,01
632,44	24075,92
632,63	30457,39
632,82	16078,60
633,01	8888,18
633,20	4224,96
633,39	2220,00
633,58	1716,20
633,77	1826,79
633,96	1662,95
634,15	1452,01
634,34	1372,14
634,53	1327,08
634,72	1361,90
634,91	1357,80
635,10	1345,52
635,29	1208,30
635,48	1275,88
635,67	1210,35
635,86	1175,53
636,05	1191,92
636,24	1202,16
636,43	1245,16
636,62	1234,93
636,81	1226,73
637,00	1165,29
637,19	1228,78
637,38	1310,70
637,57	1290,22
637,76	1232,88
637,95	1202,16
638,14	1241,07
638,33	1185,77
638,52	1204,21
638,71	1116,14
638,89	1198,06
639,08	1185,77
639,27	1185,77
639,46	1206,25
639,65	1216,49
639,84	1208,30
640,03	1185,77
640,22	1234,93
640,41	1189,87
640,60	1183,73
640,79	1228,78
640,98	1271,79
641,17	1214,45
641,36	1124,33
641,55	1206,25
641,74	1181,68
641,92	1165,29
642,11	1232,88
642,30	1212,40
642,49	1175,53
642,68	1118,19
642,87	1236,97
643,06	1259,50
643,25	1232,88
643,44	1236,97
643,63	1247,21
643,82	1286,12
644,00	1263,60
644,19	1204,21
644,38	1142,77
644,57	1140,72
644,76	1204,21
644,95	1247,21
645,14	1210,35
645,33	1181,68
645,52	1269,74
645,71	1189,87
645,89	1267,69
646,08	1155,05
646,27	1214,45
646,46	1220,59
646,65	1257,45
646,84	1243,12
647,03	1226,73
647,22	1159,15
647,40	1163,25
647,59	1290,22
647,78	1241,07
647,97	1157,10
648,16	1204,21
648,35	1222,64
648,54	1130,48
648,73	1218,54
648,91	1204,21
649,10	1163,25
649,29	1105,90
649,48	1163,25
649,67	1222,64
649,86	1214,45
650,05	1171,44
650,23	1216,49
650,42	1132,53
650,61	1208,30
650,80	1239,02
650,99	1226,73
651,18	1134,57
651,36	1107,95
651,55	1277,93
651,74	1200,11
651,93	1228,78
652,12	1282,03
652,31	1228,78
652,49	1249,26
652,68	1202,16
652,87	1247,21
653,06	1144,81
653,25	1253,36
653,44	1177,58
653,62	1265,64
653,81	1222,64
654,00	1171,44
654,19	1202,16
654,38	1265,64
654,56	1200,11
654,75	1191,92
654,94	1198,06
655,13	1232,88
655,32	1138,67
655,51	1228,78
655,69	1136,62
655,88	1230,83
656,07	1163,25
656,26	1175,53
656,45	1167,34
656,63	1144,81
656,82	1245,16
657,01	1150,96
657,20	1128,43
657,38	1286,12
657,57	1163,25
657,76	1165,29
657,95	1185,77
658,14	1249,26
658,32	1138,67
658,51	1220,59
658,70	1206,25
658,89	1191,92
659,08	1216,49
659,26	1196,01
659,45	1212,40
659,64	1224,69
659,83	1208,30
660,01	1181,68
660,20	1163,25
660,39	1222,64
660,58	1228,78
660,76	1241,07
660,95	1189,87
661,14	1247,21
661,33	1159,15
661,51	1296,36
661,70	1163,25
661,89	1279,98
662,08	1191,92
662,26	1212,40
662,45	1216,49
662,64	1130,48
662,83	1173,49
663,01	1265,64
663,20	1216,49
663,39	1208,30
663,58	1183,73
663,76	1263,60
663,95	1206,25
664,14	1271,79
664,32	1169,39
664,51	1230,83
664,70	1212,40
664,89	1167,34
665,07	1167,34
665,26	1179,63
665,45	1224,69
665,64	1210,35
665,82	1218,54
666,01	1187,82
666,20	1167,34
666,38	1226,73
666,57	1118,19
666,76	1202,16
666,95	1171,44
667,13	1185,77
667,32	1218,54
667,51	1208,30
667,69	1300,46
667,88	1282,03
668,07	1241,07
668,25	1232,88
668,44	1126,38
668,63	1226,73
668,81	1128,43
669,00	1138,67
669,19	1187,82
669,38	1239,02
669,56	1179,63
669,75	1286,12
669,94	1261,55
670,12	1251,31
670,31	1179,63
670,50	1239,02
670,68	1216,49
670,87	1222,64
671,06	1224,69
671,24	1167,34
671,43	1218,54
671,62	1220,59
671,80	1179,63
671,99	1236,97
672,18	1110,00
672,36	1220,59
672,55	1193,97
672,74	1224,69
672,92	1153,01
673,11	1159,15
673,29	1247,21
673,48	1165,29
673,67	1286,12
673,85	1185,77
674,04	1181,68
674,23	1171,44
674,41	1189,87
674,60	1173,49
674,79	1218,54
674,97	1253,36
675,16	1089,52
675,34	1206,25
675,53	1275,88
675,72	1212,40
675,90	1228,78
676,09	1124,33
676,28	1296,36
676,46	1220,59
676,65	1107,95
676,83	1200,11
677,02	1167,34
677,21	1222,64
677,39	1206,25
677,58	1185,77
677,77	1208,30
677,95	1126,38
678,14	1187,82
678,32	1124,33
678,51	1220,59
678,70	1110,00
678,88	1210,35
679,07	1155,05
679,25	1208,30
679,44	1230,83
679,63	1193,97
679,81	1132,53
680,00	1089,52
680,18	1155,05
680,37	1206,25
680,55	1181,68
680,74	1222,64
680,93	1206,25
681,11	1193,97
681,30	1196,01
681,48	1122,29
681,67	1161,20
681,85	1224,69
682,04	1210,35
682,23	1226,73
682,41	1183,73
682,60	1239,02
682,78	1273,84
682,97	1181,68
683,15	1257,45
683,34	1204,21
683,53	1185,77
683,71	1183,73
683,90	1159,15
684,08	1161,20
684,27	1175,53
684,45	1204,21
684,64	1265,64
684,82	1183,73
685,01	1179,63
685,19	1181,68
685,38	1179,63
685,57	1159,15
685,75	1236,97
685,94	1169,39
686,12	1214,45
686,31	1241,07
686,49	1224,69
686,68	1185,77
686,86	1222,64
687,05	1171,44
687,23	1183,73
687,42	1249,26
687,60	1294,32
687,79	1210,35
687,97	1200,11
688,16	1224,69
688,34	1173,49
688,53	1216,49
688,71	1148,91
688,90	1179,63
689,08	1191,92
689,27	1198,06
689,45	1148,91
689,64	1159,15
689,82	1181,68
690,01	1171,44
690,19	1241,07
690,38	1173,49
690,56	1157,10
690,75	1214,45
690,93	1150,96
691,12	1224,69
691,30	1267,69
691,49	1200,11
691,67	1116,14
691,86	1232,88
692,04	1153,01
692,23	1193,97
692,41	1224,69
692,60	1220,59
692,78	1241,07
692,97	1218,54
693,15	1224,69
693,34	1183,73
693,52	1222,64
693,71	1126,38
693,89	1212,40
694,08	1179,63
694,26	1214,45
694,44	1193,97
694,63	1239,02
694,81	1142,77
695,00	1187,82
695,18	1224,69
695,37	1167,34
695,55	1171,44
695,74	1204,21
695,92	1257,45
696,10	1232,88
696,29	1169,39
696,47	1157,10
696,66	1216,49
696,84	1220,59
697,03	1142,77
697,21	1122,29
697,40	1247,21
697,58	1118,19
697,76	1155,05
697,95	1110,00
698,13	1099,76
698,32	1140,72
698,50	1218,54
698,68	1150,96
698,87	1210,35
699,05	1228,78
699,24	1206,25
699,42	1234,93
699,61	1236,97
699,79	1179,63
699,97	1163,25
700,16	1245,16
700,34	1216,49
700,53	1200,11
700,71	1146,86
700,89	1196,01
701,08	1122,29
701,26	1212,40
701,45	1236,97
701,63	1275,88
701,81	1161,20
702,00	1208,30
702,18	1208,30
702,37	1185,77
702,55	1226,73
702,73	1243,12
702,92	1200,11
703,10	1161,20
703,28	1216,49
703,47	1163,25
703,65	1183,73
703,84	1249,26
704,02	1230,83
704,20	1275,88
704,39	1245,16
704,57	1181,68
704,75	1177,58
704,94	1200,11
705,12	1193,97
705,30	1196,01
705,49	1165,29
705,67	1284,08
705,86	1232,88
706,04	1200,11
706,22	1196,01
706,41	1191,92
706,59	1222,64
706,77	1183,73
706,96	1243,12
707,14	1122,29
707,32	1239,02
707,51	1210,35
707,69	1265,64
707,87	1191,92
708,06	1198,06
708,24	1277,93
708,42	1241,07
708,61	1230,83
708,79	1243,12
708,97	1224,69
709,16	1204,21
709,34	1200,11
709,52	1167,34
709,71	1179,63
709,89	1216,49
710,07	1210,35
710,26	1191,92
710,44	1220,59
710,62	1239,02
710,80	1216,49
710,99	1200,11
711,17	1236,97
711,35	1214,45
711,54	1193,97
711,72	1226,73
711,90	1232,88
712,09	1132,53
712,27	1212,40
712,45	1245,16
712,63	1216,49
712,82	1202,16
713,00	1247,21
713,18	1216,49
713,37	1232,88
713,55	1167,34
713,73	1118,19
713,91	1126,38
714,10	1202,16
714,28	1169,39
714,46	1265,64
714,65	1216,49
714,83	1200,11
715,01	1210,35
715,19	1095,66
715,38	1193,97
715,56	1212,40
715,74	1187,82
715,92	1218,54
716,11	1177,58
716,29	1169,39
716,47	1308,65
716,65	1187,82
716,84	1214,45
717,02	1243,12
717,20	1142,77
717,38	1224,69
717,57	1183,73
717,75	1245,16
717,93	1236,97
718,11	1150,96
718,30	1183,73
718,48	1247,21
718,66	1224,69
718,84	1239,02
719,03	1193,97
719,21	1269,74
719,39	1169,39
719,57	1198,06
719,75	1208,30
719,94	1175,53
720,12	1175,53
720,30	1191,92
720,48	1196,01
720,67	1218,54
720,85	1249,26
721,03	1232,88
721,21	1169,39
721,39	1208,30
721,58	1218,54
721,76	1204,21
721,94	1169,39
722,12	1202,16
722,30	1185,77
722,49	1216,49
722,67	1202,16
722,85	1241,07
723,03	1214,45
723,21	1167,34
723,40	1177,58
723,58	1169,39
723,76	1202,16
723,94	1210,35
724,12	1191,92
724,30	1163,25
724,49	1224,69
724,67	1150,96
724,85	1239,02
725,03	1167,34
725,21	1175,53
725,40	1198,06
725,58	1228,78
725,76	1193,97
725,94	1193,97
726,12	1273,84
726,30	1159,15
726,49	1212,40
726,67	1214,45
726,85	1210,35
727,03	1155,05
727,21	1267,69
727,39	1167,34
727,57	1171,44
727,76	1173,49
727,94	1236,97
728,12	1167,34
728,30	1191,92
728,48	1116,14
728,66	1193,97
728,84	1193,97
729,03	1228,78
729,21	1232,88
729,39	1265,64
729,57	1175,53
729,75	1198,06
729,93	1214,45
730,11	1226,73
730,30	1171,44
730,48	1163,25
730,66	1191,92
730,84	1327,08
731,02	1241,07
731,20	1122,29
731,38	1175,53
731,56	1239,02
731,74	1175,53
731,93	1263,60
732,11	1236,97
732,29	1196,01
732,47	1212,40
732,65	1163,25
732,83	1236,97
733,01	1206,25
733,19	1138,67
733,37	1255,40
733,56	1200,11
733,74	1165,29
733,92	1198,06
734,10	1191,92
734,28	1173,49
734,46	1155,05
734,64	1296,36
734,82	1155,05
735,00	1216,49
735,18	1189,87
735,36	1208,30
735,54	1198,06
735,73	1282,03
735,91	1249,26
736,09	1216,49
736,27	1193,97
736,45	1161,20
736,63	1159,15
736,81	1202,16
736,99	1249,26
737,17	1206,25
737,35	1169,39
737,53	1150,96
737,71	1216,49
737,89	1196,01
738,07	1234,93
738,25	1257,45
738,43	1161,20
738,61	1228,78
738,80	1187,82
738,98	1232,88
739,16	1173,49
739,34	1193,97
739,52	1150,96
739,70	1155,05
739,88	1134,57
740,06	1185,77
740,24	1267,69
740,42	1189,87
740,60	1161,20
740,78	1193,97
740,96	1265,64
741,14	1148,91
741,32	1193,97
741,50	1130,48
741,68	1224,69
741,86	1134,57
742,04	1206,25
742,22	1253,36
742,40	1167,34
742,58	1286,12
742,76	1220,59
742,94	1228,78
743,12	1226,73
743,30	1224,69
743,48	1247,21
743,66	1218,54
743,84	1251,31
744,02	1202,16
744,20	1204,21
744,38	1222,64
744,56	1263,60
744,74	1300,46
744,92	1230,83
745,10	1222,64
745,28	1210,35
745,46	1212,40
745,64	1226,73
745,82	1167,34
746,00	1181,68
746,18	1191,92
746,36	1206,25
746,54	1208,30
746,72	1253,36
746,90	1214,45
747,08	1153,01
747,26	1222,64
747,44	1212,40
747,62	1232,88
747,80	1153,01
747,98	1179,63
748,15	1212,40
748,33	1189,87
748,51	1224,69
748,69	1214,45
748,87	1191,92
749,05	1271,79
749,23	1218,54
749,41	1220,59
749,59	1234,93
749,77	1183,73
749,95	1239,02
750,13	1212,40
750,31	1177,58
750,49	1183,73
750,67	1165,29
750,85	1146,86
751,03	1241,07
751,20	1179,63
751,38	1171,44
751,56	1128,43
751,74	1202,16
751,92	1155,05
752,10	1230,83
752,28	1187,82
752,46	1189,87
752,64	1206,25
752,82	1191,92
753,00	1204,21
753,18	1257,45
753,35	1212,40
753,53	1214,45
753,71	1216,49
753,89	1146,86
754,07	1208,30
754,25	1181,68
754,43	1150,96
754,61	1167,34
754,79	1218,54
754,97	1286,12
755,14	1206,25
755,32	1236,97
755,50	1146,86
755,68	1239,02
755,86	1220,59
756,04	1230,83
756,22	1132,53
756,40	1241,07
756,57	1167,34
756,75	1200,11
756,93	1218,54
757,11	1173,49
757,29	1159,15
757,47	1183,73
757,65	1214,45
757,82	1236,97
758,00	1220,59
758,18	1191,92
758,36	1218,54
758,54	1116,14
758,72	1175,53
758,90	1232,88
759,07	1255,40
759,25	1224,69
759,43	1185,77
759,61	1153,01
759,79	1236,97
759,97	1224,69
760,15	1101,81
760,32	1236,97
760,50	1267,69
760,68	1253,36
760,86	1222,64
761,04	1189,87
761,22	1193,97
761,39	1228,78
761,57	1220,59
761,75	1169,39
761,93	1204,21
762,11	1183,73
762,28	1189,87
762,46	1226,73
762,64	1232,88
762,82	1214,45
763,00	1124,33
763,18	1163,25
763,35	1187,82
763,53	1110,00
763,71	1146,86
763,89	1216,49
764,07	1220,59
764,24	1239,02
764,42	1228,78
764,60	1198,06
764,78	1214,45
764,96	1245,16
765,13	1212,40
765,31	1202,16
765,49	1216,49
765,67	1159,15
765,84	1163,25
766,02	1251,31
766,20	1282,03
766,38	1245,16
766,56	1245,16
766,73	1263,60
766,91	1146,86
767,09	1214,45
767,27	1150,96
767,44	1273,84
767,62	1245,16
767,80	1134,57
767,98	1101,81
768,15	1220,59
768,33	1245,16
768,51	1212,40
768,69	1191,92
768,87	1187,82
769,04	1150,96
769,22	1181,68
769,40	1226,73
769,58	1171,44
769,75	1263,60
769,93	1167,34
770,11	1202,16
770,28	1189,87
770,46	1132,53
770,64	1261,55
770,82	1191,92
770,99	1206,25
771,17	1212,40
771,35	1214,45
771,53	1273,84
771,70	1218,54
771,88	1191,92
772,06	1132,53
772,23	1187,82
772,41	1212,40
772,59	1153,01
772,77	1206,25
772,94	1251,31
773,12	1187,82
773,30	1218,54
773,47	1275,88
773,65	1173,49
773,83	1157,10
774,01	1245,16
774,18	1206,25
774,36	1150,96
774,54	1191,92
774,71	1163,25
774,89	1226,73
775,07	1243,12
775,24	1265,64
775,42	1173,49
775,60	1159,15
775,78	1140,72
775,95	1134,57
776,13	1204,21
776,31	1210,35
776,48	1212,40
776,66	1196,01
776,84	1183,73
777,01	1189,87
777,19	1101,81
777,37	1163,25
777,54	1249,26
777,72	1212,40
777,90	1169,39
778,07	1212,40
778,25	1261,55
778,43	1200,11
778,60	1241,07
778,78	1212,40
778,96	1216,49
779,13	1185,77
779,31	1204,21
779,49	1206,25
779,66	1218,54
779,84	1161,20
780,01	1236,97
780,19	1181,68
780,37	1140,72
780,54	1261,55
780,72	1236,97
780,90	1279,98
781,07	1206,25
781,25	1177,58
781,43	1187,82
781,60	1183,73
781,78	1171,44
781,95	1214,45
782,13	1179,63
782,31	1183,73
782,48	1150,96
782,66	1173,49
782,83	1239,02
783,01	1247,21
783,19	1159,15
783,36	1175,53
783,54	1189,87
783,72	1169,39
783,89	1181,68
784,07	1126,38
784,24	1187,82
784,42	1191,92
784,60	1179,63
784,77	1204,21
784,95	1181,68
785,12	1202,16
785,30	1202,16
785,47	1226,73
785,65	1165,29
785,83	1236,97
786,00	1171,44
786,18	1226,73
786,35	1220,59
786,53	1175,53
786,71	1263,60
786,88	1232,88
787,06	1226,73
787,23	1165,29
787,41	1169,39
787,58	1216,49
787,76	1202,16
787,94	1226,73
788,11	1226,73
788,29	1288,17
788,46	1183,73
788,64	1241,07
788,81	1220,59
788,99	1183,73
789,16	1163,25
789,34	1173,49
789,52	1155,05
789,69	1228,78
789,87	1269,74
790,04	1175,53
790,22	1245,16
790,39	1128,43
790,57	1175,53
790,74	1265,64
790,92	1222,64
791,09	1173,49
791,27	1247,21
791,44	1226,73
791,62	1177,58
791,79	1224,69
791,97	1212,40
792,15	1210,35
792,32	1196,01
792,50	1132,53
792,67	1236,97
792,85	1189,87
793,02	1239,02
793,20	1185,77
793,37	1167,34
793,55	1118,19
793,72	1230,83
793,90	1187,82
794,07	1257,45
794,25	1157,10
794,42	1202,16
794,60	1222,64
794,77	1224,69
794,95	1175,53
795,12	1216,49
795,30	1120,24
795,47	1155,05
795,65	1183,73
795,82	1193,97
796,00	1230,83
796,17	1140,72
796,34	1230,83
796,52	1212,40
796,69	1144,81
796,87	1191,92
797,04	1173,49
797,22	1208,30
797,39	1171,44
797,57	1239,02
797,74	1173,49
797,92	1226,73
798,09	1230,83
798,27	1220,59
798,44	1232,88
798,62	1193,97
798,79	1222,64
798,96	1167,34
799,14	1273,84
799,31	1236,97
799,49	1173,49
799,66	1224,69
799,84	1247,21
800,01	1202,16
800,19	1226,73
800,36	1130,48
800,53	1191,92
800,71	1204,21
800,88	1175,53
801,06	1236,97
801,23	1157,10
801,41	1202,16
801,58	1228,78
801,75	1193,97
801,93	1226,73
802,10	1265,64
802,28	1148,91
802,45	1212,40
802,63	1171,44
802,80	1269,74
802,97	1130,48
803,15	1161,20
803,32	1191,92
803,50	1161,20
803,67	1189,87
803,84	1249,26
804,02	1210,35
804,19	1210,35
804,37	1200,11
804,54	1132,53
804,71	1179,63
804,89	1255,40
805,06	1157,10
805,24	1249,26
805,41	1224,69
805,58	1189,87
805,76	1271,79
805,93	1169,39
806,10	1282,03
806,28	1239,02
806,45	1153,01
806,63	1204,21
806,80	1208,30
806,97	1230,83
807,15	1253,36
807,32	1210,35
807,49	1189,87
807,67	1214,45
807,84	1208,30
808,01	1202,16
808,19	1222,64
808,36	1185,77
808,54	1222,64
808,71	1232,88
808,88	1189,87
809,06	1202,16
809,23	1187,82
809,40	1169,39
809,58	1202,16
809,75	1282,03
809,92	1196,01
810,10	1191,92
810,27	1120,24
810,44	1191,92
810,62	1196,01
810,79	1214,45
810,96	1200,11
811,14	1245,16
811,31	1230,83
811,48	1243,12
811,66	1202,16
811,83	1187,82
812,00	1153,01
812,18	1206,25
812,35	1105,90
812,52	1239,02
812,69	1177,58
812,87	1202,16
813,04	1243,12
813,21	1159,15
813,39	1216,49
813,56	1175,53
813,73	1191,92
813,91	1206,25
814,08	1222,64
814,25	1169,39
814,42	1228,78
814,60	1216,49
814,77	1134,57
814,94	1228,78
815,12	1191,92
815,29	1208,30
815,46	1173,49
815,63	1153,01
815,81	1214,45
815,98	1210,35
816,15	1155,05
816,33	1220,59
816,50	1155,05
816,67	1208,30
816,84	1112,05
817,02	1185,77
817,19	1255,40
817,36	1196,01
817,53	1220,59
817,71	1212,40
817,88	1218,54
818,05	1142,77
818,22	1165,29
818,40	1255,40
818,57	1212,40
818,74	1155,05
818,91	1153,01
819,09	1202,16
819,26	1183,73
819,43	1232,88
819,60	1224,69
819,78	1261,55
819,95	1191,92
820,12	1183,73
820,29	1236,97
820,47	1275,88
820,64	1222,64
820,81	1140,72
820,98	1171,44
821,15	1200,11
821,33	1159,15
821,50	1241,07
821,67	1196,01
821,84	1204,21
822,02	1208,30
822,19	1110,00
822,36	1103,86
822,53	1181,68
822,70	1167,34
822,88	1161,20
823,05	1196,01
823,22	1193,97
823,39	1157,10
823,56	1110,00
823,74	1214,45
823,91	1175,53
824,08	1271,79
824,25	1122,29
824,42	1236,97
824,60	1198,06
824,77	1222,64
824,94	1189,87
825,11	1179,63
825,28	1228,78
825,45	1157,10
825,63	1130,48
825,80	1187,82
825,97	1222,64
826,14	1236,97
826,31	1224,69
826,48	1243,12
826,66	1286,12
826,83	1191,92
827,00	1236,97
827,17	1200,11
827,34	1200,11
827,51	1212,40
827,69	1187,82
827,86	1150,96
828,03	1251,31
828,20	1202,16
828,37	1253,36
828,54	1193,97
828,71	1189,87
828,89	1153,01
829,06	1212,40
829,23	1189,87
829,40	1191,92
829,57	1189,87
829,74	1191,92
829,91	1189,87
830,09	1181,68
830,26	1181,68
830,43	1163,25
830,60	1245,16
830,77	1185,77
830,94	1157,10
831,11	1210,35
831,28	1196,01
831,46	1232,88
831,63	1196,01
831,80	1175,53
831,97	1214,45
832,14	1112,05
832,31	1216,49
832,48	1179,63
832,65	1206,25
832,82	1232,88
832,99	1200,11
833,17	1189,87
833,34	1249,26
833,51	1214,45
833,68	1124,33
833,85	1245,16
834,02	1249,26
834,19	1124,33
834,36	1146,86
834,53	1142,77
834,70	1198,06
834,87	1245,16
835,04	1189,87
835,22	1189,87
835,39	1175,53
835,56	1198,06
835,73	1159,15
835,90	1171,44
836,07	1257,45
836,24	1183,73
836,41	1200,11
836,58	1148,91
836,75	1222,64
836,92	1226,73
837,09	1218,54
837,26	1159,15
837,43	1202,16
837,60	1177,58
837,77	1208,30
837,94	1179,63
838,12	1216,49
838,29	1142,77
838,46	1183,73
838,63	1179,63
838,80	1202,16
838,97	1267,69
839,14	1189,87
839,31	1241,07
839,48	1183,73
839,65	1181,68
839,82	1251,31
839,99	1198,06
840,16	1232,88
840,33	1228,78
840,50	1230,83
840,67	1193,97
840,84	1110,00
841,01	1234,93
841,18	1183,73
841,35	1142,77
841,52	1191,92
841,69	1112,05
841,86	1179,63
842,03	1118,19
842,20	1142,77
842,37	1177,58
842,54	1198,06
842,71	1212,40
842,88	1155,05
843,05	1138,67
843,22	1251,31
843,39	1220,59
843,56	1245,16
843,73	1245,16
843,90	1216,49
844,07	1228,78
844,24	1189,87
844,41	1169,39
844,58	1222,64
844,75	1187,82
844,92	1167,34
845,09	1226,73
845,26	1230,83
845,43	1265,64
845,60	1269,74
845,77	1228,78
845,94	1189,87
846,10	1132,53
846,27	1214,45
846,44	1212,40
846,61	1163,25
846,78	1191,92
846,95	1249,26
847,12	1191,92
847,29	1204,21
847,46	1177,58
847,63	1189,87
847,80	1155,05
847,97	1255,40
848,14	1165,29
848,31	1169,39
848,48	1193,97
848,65	1249,26
848,82	1185,77
848,98	1200,11
849,15	1187,82
849,32	1210,35
849,49	1191,92
849,66	1150,96
849,83	1267,69
850,00	1232,88
850,17	1249,26
850,34	1179,63
850,51	1155,05
850,68	1175,53
850,85	1159,15
851,01	1173,49
851,18	1175,53
851,35	1222,64
851,52	1224,69
851,69	1191,92
851,86	1128,43
852,03	1224,69
852,20	1198,06
852,37	1159,15
852,53	1187,82
852,70	1196,01
852,87	1218,54
853,04	1183,73
853,21	1294,32
853,38	1228,78
853,55	1253,36
853,72	1136,62
853,89	1177,58
854,05	1183,73
854,22	1142,77
854,39	1222,64
854,56	1175,53
854,73	1241,07
854,90	1165,29
855,07	1284,08
855,23	1210,35
855,40	1257,45
855,57	1220,59
855,74	1155,05
855,91	1249,26
856,08	1267,69
856,25	1136,62
856,41	1157,10
856,58	1085,42
856,75	1112,05
856,92	1177,58
857,09	1265,64
857,26	1122,29
857,42	1163,25
857,59	1253,36
857,76	1200,11
857,93	1232,88
858,10	1228,78
858,27	1105,90
858,43	1243,12
858,60	1212,40
858,77	1191,92
858,94	1222,64
859,11	1146,86
859,27	1177,58
859,44	1214,45
859,61	1230,83
859,78	1208,30
859,95	1232,88
860,12	1263,60
860,28	1220,59
860,45	1226,73
860,62	1259,50
860,79	1171,44
860,95	1142,77
861,12	1187,82
861,29	1179,63
861,46	1216,49
861,63	1163,25
861,79	1150,96
861,96	1159,15
862,13	1265,64
862,30	1134,57
862,47	1200,11
862,63	1103,86
862,80	1236,97
862,97	1218,54
863,14	1171,44
863,30	1200,11
863,47	1193,97
863,64	1241,07
863,81	1204,21
863,97	1214,45
864,14	1255,40
864,31	1196,01
864,48	1210,35
864,65	1173,49
864,81	1200,11
864,98	1236,97
865,15	1232,88
865,32	1173,49
865,48	1200,11
865,65	1222,64
865,82	1232,88
865,98	1175,53
866,15	1206,25
866,32	1128,43
866,49	1224,69
866,65	1159,15
866,82	1134,57
866,99	1261,55
867,16	1175,53
867,32	1202,16
867,49	1161,20
867,66	1171,44
867,83	1224,69
867,99	1185,77
868,16	1177,58
868,33	1171,44
868,49	1167,34
868,66	1208,30
868,83	1214,45
868,99	1191,92
869,16	1185,77
869,33	1261,55
869,50	1175,53
869,66	1306,60
869,83	1241,07
870,00	1204,21
870,16	1200,11
870,33	1200,11
870,50	1212,40
870,66	1232,88
870,83	1277,93
871,00	1130,48
871,17	1236,97
871,33	1269,74
871,50	1253,36
871,67	1130,48
871,83	1228,78
872,00	1253,36
872,17	1212,40
872,33	1300,46
872,50	1226,73
872,67	1177,58
872,83	1150,96
873,00	1236,97
873,17	1187,82
873,33	1261,55
873,50	1251,31
873,67	1193,97
873,83	1208,30
874,00	1196,01
874,16	1277,93
874,33	1148,91
874,50	1214,45
874,66	1198,06
874,83	1232,88
875,00	1193,97
875,16	1150,96
875,33	1239,02
875,50	1150,96
875,66	1150,96
875,83	1232,88
875,99	1198,06
876,16	1241,07
876,33	1210,35
876,49	1169,39
876,66	1216,49
876,83	1185,77
876,99	1157,10
877,16	1269,74
877,32	1255,40
877,49	1251,31
877,66	1118,19
877,82	1269,74
877,99	1159,15
878,15	1204,21
878,32	1245,16
878,49	1206,25
878,65	1179,63
878,82	1181,68
878,98	1181,68
879,15	1193,97
879,32	1228,78
879,48	1243,12
879,65	1200,11
879,81	1247,21
879,98	1193,97
880,15	1191,92
880,31	1140,72
880,48	1249,26
880,64	1226,73
880,81	1183,73
880,97	1220,59
881,14	1173,49
881,31	1200,11
881,47	1105,90
881,64	1191,92
881,80	1228,78
881,97	1165,29
882,13	1206,25
882,30	1253,36
882,47	1159,15
882,63	1230,83
882,80	1169,39
882,96	1112,05
883,13	1275,88
883,29	1226,73
883,46	1214,45
883,62	1222,64
883,79	1193,97
883,95	1155,05
884,12	1140,72
884,29	1216,49
884,45	1206,25
884,62	1253,36
884,78	1212,40
884,95	1183,73
885,11	1101,81
885,28	1142,77
885,44	1226,73
885,61	1200,11
885,77	1265,64
885,94	1241,07
886,10	1204,21
886,27	1165,29
886,43	1144,81
886,60	1138,67
886,76	1208,30
886,93	1224,69
887,09	1265,64
887,26	1222,64
887,42	1191,92
887,59	1179,63
887,75	1234,93
887,92	1200,11
888,08	1230,83
888,25	1189,87
888,41	1189,87
888,58	1202,16
888,74	1169,39
888,91	1185,77
