177,47	1114,10
177,69	1114,10
177,91	1114,10
178,13	1142,77
178,36	1191,92
178,58	1165,29
178,80	1169,39
179,02	1218,54
179,24	1226,73
179,46	1263,60
179,68	1222,64
179,90	1187,82
180,13	1161,20
180,35	1165,29
180,57	1157,10
180,79	1234,93
181,01	1257,45
181,23	1210,35
181,45	1232,88
181,67	1230,83
181,90	1191,92
182,12	1155,05
182,34	1181,68
182,56	1228,78
182,78	1271,79
183,00	1167,34
183,22	1208,30
183,44	1161,20
183,66	1204,21
183,89	1183,73
184,11	1243,12
184,33	1214,45
184,55	1171,44
184,77	1198,06
184,99	1167,34
185,21	1210,35
185,43	1212,40
185,65	1138,67
185,87	1193,97
186,10	1204,21
186,32	1191,92
186,54	1257,45
186,76	1134,57
186,98	1142,77
187,20	1181,68
187,42	1171,44
187,64	1263,60
187,86	1126,38
188,08	1257,45
188,30	1226,73
188,52	1142,77
188,75	1234,93
188,97	1175,53
189,19	1159,15
189,41	1126,38
189,63	1165,29
189,85	1251,31
190,07	1206,25
190,29	1155,05
190,51	1175,53
190,73	1189,87
190,95	1157,10
191,17	1167,34
191,39	1218,54
191,61	1159,15
191,84	1173,49
192,06	1200,11
192,28	1134,57
192,50	1167,34
192,72	1155,05
192,94	1198,06
193,16	1191,92
193,38	1224,69
193,60	1245,16
193,82	1204,21
194,04	1181,68
194,26	1204,21
194,48	1189,87
194,70	1159,15
194,92	1196,01
195,14	1175,53
195,36	1140,72
195,58	1224,69
195,80	1189,87
196,02	1196,01
196,24	1206,25
196,46	1128,43
196,69	1173,49
196,91	1261,55
197,13	1216,49
197,35	1191,92
197,57	1222,64
197,79	1183,73
198,01	1138,67
198,23	1187,82
198,45	1157,10
198,67	1150,96
198,89	1165,29
199,11	1159,15
199,33	1167,34
199,55	1198,06
199,77	1228,78
199,99	1224,69
200,21	1220,59
200,43	1157,10
200,65	1157,10
200,87	1187,82
201,09	1208,30
201,31	1183,73
201,53	1155,05
201,75	1191,92
201,97	1159,15
202,19	1200,11
202,41	1247,21
202,63	1128,43
202,85	1189,87
203,07	1161,20
203,29	1196,01
203,51	1208,30
203,73	1183,73
203,95	1179,63
204,17	1155,05
204,39	1206,25
204,61	1144,81
204,83	1144,81
205,05	1193,97
205,27	1200,11
205,49	1232,88
205,71	1261,55
205,93	1103,86
206,15	1216,49
206,37	1284,08
206,59	1218,54
206,81	1150,96
207,03	1234,93
207,25	1177,58
207,47	1216,49
207,69	1210,35
207,91	1185,77
208,13	1228,78
208,34	1175,53
208,56	1159,15
208,78	1212,40
209,00	1243,12
209,22	1243,12
209,44	1134,57
209,66	1187,82
209,88	1198,06
210,10	1089,52
210,32	1169,39
210,54	1136,62
210,76	1202,16
210,98	1134,57
211,20	1259,50
211,42	1157,10
211,64	1189,87
211,86	1210,35
212,08	1144,81
212,30	1253,36
212,52	1187,82
212,74	1177,58
212,96	1202,16
213,17	1124,33
213,39	1247,21
213,61	1167,34
213,83	1273,84
214,05	1214,45
214,27	1179,63
214,49	1259,50
214,71	1185,77
214,93	1189,87
215,15	1126,38
215,37	1200,11
215,59	1232,88
215,81	1200,11
216,03	1196,01
216,24	1212,40
216,46	1187,82
216,68	1234,93
216,90	1222,64
217,12	1202,16
217,34	1204,21
217,56	1183,73
217,78	1202,16
218,00	1146,86
218,22	1204,21
218,44	1204,21
218,66	1245,16
218,87	1155,05
219,09	1191,92
219,31	1175,53
219,53	1206,25
219,75	1224,69
219,97	1179,63
220,19	1206,25
220,41	1193,97
220,63	1150,96
220,85	1202,16
221,06	1140,72
221,28	1185,77
221,50	1138,67
221,72	1157,10
221,94	1175,53
222,16	1169,39
222,38	1179,63
222,60	1230,83
222,82	1206,25
223,03	1187,82
223,25	1230,83
223,47	1241,07
223,69	1222,64
223,91	1189,87
224,13	1239,02
224,35	1212,40
224,57	1210,35
224,78	1198,06
225,00	1118,19
225,22	1187,82
225,44	1210,35
225,66	1120,24
225,88	1150,96
226,10	1214,45
226,32	1204,21
226,53	1257,45
226,75	1228,78
226,97	1175,53
227,19	1212,40
227,41	1208,30
227,63	1165,29
227,85	1165,29
228,06	1247,21
228,28	1144,81
228,50	1212,40
228,72	1243,12
228,94	1183,73
229,16	1173,49
229,37	1204,21
229,59	1202,16
229,81	1177,58
230,03	1261,55
230,25	1196,01
230,47	1175,53
230,69	1216,49
230,90	1200,11
231,12	1183,73
231,34	1171,44
231,56	1247,21
231,78	1222,64
232,00	1249,26
232,21	1193,97
232,43	1183,73
232,65	1177,58
232,87	1116,14
233,09	1173,49
233,30	1179,63
233,52	1247,21
233,74	1159,15
233,96	1249,26
234,18	1208,30
234,40	1247,21
234,61	1173,49
234,83	1265,64
235,05	1204,21
235,27	1191,92
235,49	1202,16
235,70	1228,78
235,92	1177,58
236,14	1181,68
236,36	1230,83
236,58	1167,34
236,79	1173,49
237,01	1155,05
237,23	1200,11
237,45	1167,34
237,67	1198,06
237,88	1202,16
238,10	1200,11
238,32	1153,01
238,54	1185,77
238,76	1206,25
238,97	1193,97
239,19	1212,40
239,41	1177,58
239,63	1165,29
239,85	1253,36
240,06	1155,05
240,28	1230,83
240,50	1155,05
240,72	1193,97
240,93	1200,11
241,15	1159,15
241,37	1226,73
241,59	1159,15
241,81	1204,21
242,02	1181,68
242,24	1204,21
242,46	1193,97
242,68	1191,92
242,89	1193,97
243,11	1177,58
243,33	1126,38
243,55	1177,58
243,76	1200,11
243,98	1196,01
244,20	1222,64
244,42	1159,15
244,64	1206,25
244,85	1153,01
245,07	1167,34
245,29	1208,30
245,51	1144,81
245,72	1216,49
245,94	1142,77
246,16	1114,10
246,38	1245,16
246,59	1204,21
246,81	1185,77
247,03	1130,48
247,24	1204,21
247,46	1226,73
247,68	1296,36
247,90	1120,24
248,11	1214,45
248,33	1241,07
248,55	1206,25
248,77	1163,25
248,98	1140,72
249,20	1255,40
249,42	1263,60
249,64	1191,92
249,85	1189,87
250,07	1234,93
250,29	1191,92
250,50	1148,91
250,72	1226,73
250,94	1099,76
251,16	1208,30
251,37	1251,31
251,59	1212,40
251,81	1165,29
252,02	1224,69
252,24	1175,53
252,46	1208,30
252,68	1210,35
252,89	1236,97
253,11	1177,58
253,33	1259,50
253,54	1179,63
253,76	1175,53
253,98	1206,25
254,20	1196,01
254,41	1183,73
254,63	1214,45
254,85	1167,34
255,06	1132,53
255,28	1202,16
255,50	1150,96
255,71	1198,06
255,93	1275,88
256,15	1218,54
256,36	1236,97
256,58	1171,44
256,80	1183,73
257,02	1175,53
257,23	1247,21
257,45	1146,86
257,67	1198,06
257,88	1155,05
258,10	1148,91
258,32	1214,45
258,53	1216,49
258,75	1282,03
258,97	1255,40
259,18	1118,19
259,40	1142,77
259,62	1161,20
259,83	1165,29
260,05	1249,26
260,27	1214,45
260,48	1206,25
260,70	1173,49
260,92	1173,49
261,13	1177,58
261,35	1187,82
261,57	1196,01
261,78	1232,88
262,00	1218,54
262,22	1159,15
262,43	1212,40
262,65	1257,45
262,86	1204,21
263,08	1228,78
263,30	1230,83
263,51	1175,53
263,73	1120,24
263,95	1232,88
264,16	1232,88
264,38	1146,86
264,60	1202,16
264,81	1234,93
265,03	1191,92
265,25	1228,78
265,46	1269,74
265,68	1134,57
265,89	1132,53
266,11	1224,69
266,33	1214,45
266,54	1146,86
266,76	1208,30
266,98	1224,69
267,19	1200,11
267,41	1148,91
267,62	1177,58
267,84	1239,02
268,06	1222,64
268,27	1251,31
268,49	1097,71
268,70	1257,45
268,92	1269,74
269,14	1206,25
269,35	1204,21
269,57	1255,40
269,79	1206,25
270,00	1236,97
270,22	1161,20
270,43	1241,07
270,65	1153,01
270,87	1202,16
271,08	1134,57
271,30	1310,70
271,51	1187,82
271,73	1226,73
271,95	1220,59
272,16	1271,79
272,38	1187,82
272,59	1200,11
272,81	1214,45
273,02	1132,53
273,24	1167,34
273,46	1193,97
273,67	1175,53
273,89	1157,10
274,10	1157,10
274,32	1144,81
274,54	1120,24
274,75	1243,12
274,97	1257,45
275,18	1210,35
275,40	1204,21
275,61	1179,63
275,83	1179,63
276,05	1171,44
276,26	1110,00
276,48	1181,68
276,69	1153,01
276,91	1155,05
277,12	1249,26
277,34	1189,87
277,55	1239,02
277,77	1171,44
277,99	1200,11
278,20	1222,64
278,42	1200,11
278,63	1220,59
278,85	1167,34
279,06	1196,01
279,28	1263,60
279,49	1183,73
279,71	1200,11
279,93	1218,54
280,14	1189,87
280,36	1144,81
280,57	1191,92
280,79	1206,25
281,00	1212,40
281,22	1279,98
281,43	1204,21
281,65	1185,77
281,86	1282,03
282,08	1210,35
282,29	1173,49
282,51	1191,92
282,73	1232,88
282,94	1138,67
283,16	1247,21
283,37	1236,97
283,59	1228,78
283,80	1234,93
284,02	1216,49
284,23	1140,72
284,45	1239,02
284,66	1175,53
284,88	1196,01
285,09	1198,06
285,31	1210,35
285,52	1198,06
285,74	1214,45
285,95	1204,21
286,17	1189,87
286,38	1187,82
286,60	1206,25
286,81	1255,40
287,03	1183,73
287,24	1132,53
287,46	1161,20
287,67	1218,54
287,89	1148,91
288,10	1224,69
288,32	1189,87
288,53	1200,11
288,75	1265,64
288,96	1144,81
289,18	1196,01
289,39	1177,58
289,61	1200,11
289,82	1189,87
290,04	1126,38
290,25	1228,78
290,47	1212,40
290,68	1157,10
290,90	1173,49
291,11	1173,49
291,33	1224,69
291,54	1183,73
291,76	1183,73
291,97	1241,07
292,18	1177,58
292,40	1173,49
292,61	1193,97
292,83	1241,07
293,04	1130,48
293,26	1202,16
293,47	1204,21
293,69	1163,25
293,90	1245,16
294,12	1277,93
294,33	1218,54
294,55	1193,97
294,76	1208,30
294,97	1206,25
295,19	1212,40
295,40	1206,25
295,62	1173,49
295,83	1241,07
296,05	1210,35
296,26	1159,15
296,48	1247,21
296,69	1234,93
296,90	1210,35
297,12	1228,78
297,33	1187,82
297,55	1253,36
297,76	1310,70
297,98	1114,10
298,19	1159,15
298,41	1148,91
298,62	1204,21
298,83	1181,68
299,05	1216,49
299,26	1140,72
299,48	1167,34
299,69	1222,64
299,90	1171,44
300,12	1163,25
300,33	1146,86
300,55	1193,97
300,76	1226,73
300,98	1224,69
301,19	1198,06
301,40	1234,93
301,62	1189,87
301,83	1187,82
302,05	1271,79
302,26	1167,34
302,47	1157,10
302,69	1198,06
302,90	1134,57
303,12	1130,48
303,33	1171,44
303,54	1148,91
303,76	1200,11
303,97	1212,40
304,19	1140,72
304,40	1122,29
304,61	1181,68
304,83	1187,82
305,04	1263,60
305,26	1177,58
305,47	1245,16
305,68	1196,01
305,90	1173,49
306,11	1171,44
306,33	1181,68
306,54	1177,58
306,75	1232,88
306,97	1169,39
307,18	1241,07
307,39	1191,92
307,61	1110,00
307,82	1161,20
308,04	1216,49
308,25	1169,39
308,46	1216,49
308,68	1212,40
308,89	1202,16
309,10	1191,92
309,32	1247,21
309,53	1224,69
309,74	1226,73
309,96	1153,01
310,17	1198,06
310,39	1124,33
310,60	1222,64
310,81	1202,16
311,03	1208,30
311,24	1169,39
311,45	1181,68
311,67	1175,53
311,88	1232,88
312,09	1150,96
312,31	1263,60
312,52	1116,14
312,73	1175,53
312,95	1230,83
313,16	1198,06
313,37	1187,82
313,59	1204,21
313,80	1257,45
314,01	1140,72
314,23	1177,58
314,44	1165,29
314,65	1183,73
314,87	1198,06
315,08	1116,14
315,29	1214,45
315,51	1208,30
315,72	1155,05
315,93	1218,54
316,15	1122,29
316,36	1179,63
316,57	1161,20
316,79	1206,25
317,00	1175,53
317,21	1230,83
317,43	1157,10
317,64	1107,95
317,85	1196,01
318,07	1196,01
318,28	1191,92
318,49	1226,73
318,70	1153,01
318,92	1255,40
319,13	1187,82
319,34	1241,07
319,56	1185,77
319,77	1167,34
319,98	1196,01
320,20	1269,74
320,41	1167,34
320,62	1232,88
320,83	1189,87
321,05	1200,11
321,26	1167,34
321,47	1212,40
321,69	1189,87
321,90	1153,01
322,11	1200,11
322,32	1210,35
322,54	1222,64
322,75	1177,58
322,96	1249,26
323,18	1208,30
323,39	1232,88
323,60	1148,91
323,81	1183,73
324,03	1210,35
324,24	1187,82
324,45	1249,26
324,66	1167,34
324,88	1130,48
325,09	1196,01
325,30	1169,39
325,52	1196,01
325,73	1159,15
325,94	1220,59
326,15	1204,21
326,37	1234,93
326,58	1159,15
326,79	1191,92
327,00	1206,25
327,22	1167,34
327,43	1175,53
327,64	1167,34
327,85	1220,59
328,07	1196,01
328,28	1179,63
328,49	1222,64
328,70	1232,88
328,92	1222,64
329,13	1198,06
329,34	1144,81
329,55	1146,86
329,76	1226,73
329,98	1159,15
330,19	1208,30
330,40	1101,81
330,61	1177,58
330,83	1144,81
331,04	1175,53
331,25	1144,81
331,46	1208,30
331,68	1193,97
331,89	1226,73
332,10	1167,34
332,31	1183,73
332,52	1157,10
332,74	1271,79
332,95	1208,30
333,16	1191,92
333,37	1218,54
333,58	1193,97
333,80	1220,59
334,01	1183,73
334,22	1255,40
334,43	1230,83
334,64	1216,49
334,86	1282,03
335,07	1204,21
335,28	1198,06
335,49	1157,10
335,70	1206,25
335,92	1210,35
336,13	1157,10
336,34	1232,88
336,55	1183,73
336,76	1112,05
336,98	1134,57
337,19	1175,53
337,40	1193,97
337,61	1214,45
337,82	1206,25
338,04	1226,73
338,25	1159,15
338,46	1165,29
338,67	1142,77
338,88	1165,29
339,09	1259,50
339,31	1222,64
339,52	1173,49
339,73	1214,45
339,94	1224,69
340,15	1218,54
340,36	1214,45
340,58	1159,15
340,79	1214,45
341,00	1150,96
341,21	1202,16
341,42	1153,01
341,63	1253,36
341,85	1191,92
342,06	1218,54
342,27	1150,96
342,48	1130,48
342,69	1167,34
342,90	1200,11
343,12	1187,82
343,33	1216,49
343,54	1177,58
343,75	1157,10
343,96	1153,01
344,17	1177,58
344,38	1230,83
344,60	1198,06
344,81	1140,72
345,02	1198,06
345,23	1140,72
345,44	1204,21
345,65	1191,92
345,86	1232,88
346,07	1206,25
346,29	1261,55
346,50	1142,77
346,71	1155,05
346,92	1185,77
347,13	1173,49
347,34	1159,15
347,55	1224,69
347,76	1200,11
347,98	1140,72
348,19	1181,68
348,40	1204,21
348,61	1171,44
348,82	1134,57
349,03	1198,06
349,24	1165,29
349,45	1189,87
349,66	1132,53
349,88	1214,45
350,09	1236,97
350,30	1232,88
350,51	1218,54
350,72	1148,91
350,93	1128,43
351,14	1228,78
351,35	1181,68
351,56	1095,66
351,77	1271,79
351,99	1189,87
352,20	1155,05
352,41	1230,83
352,62	1214,45
352,83	1202,16
353,04	1198,06
353,25	1179,63
353,46	1161,20
353,67	1134,57
353,88	1134,57
354,09	1245,16
354,30	1159,15
354,52	1241,07
354,73	1159,15
354,94	1189,87
355,15	1167,34
355,36	1204,21
355,57	1140,72
355,78	1144,81
355,99	1173,49
356,20	1204,21
356,41	1202,16
356,62	1210,35
356,83	1245,16
357,04	1210,35
357,25	1138,67
357,46	1234,93
357,68	1193,97
357,89	1236,97
358,10	1183,73
358,31	1212,40
358,52	1198,06
358,73	1198,06
358,94	1243,12
359,15	1210,35
359,36	1171,44
359,57	1247,21
359,78	1193,97
359,99	1169,39
360,20	1153,01
360,41	1183,73
360,62	1153,01
360,83	1214,45
361,04	1187,82
361,25	1222,64
361,46	1163,25
361,67	1175,53
361,88	1187,82
362,09	1200,11
362,30	1187,82
362,51	1142,77
362,72	1218,54
362,93	1181,68
363,14	1265,64
363,35	1191,92
363,56	1171,44
363,78	1103,86
363,99	1269,74
364,20	1216,49
364,41	1210,35
364,62	1073,14
364,83	1208,30
365,04	1216,49
365,25	1210,35
365,46	1132,53
365,67	1230,83
365,88	1198,06
366,09	1196,01
366,30	1202,16
366,51	1163,25
366,72	1181,68
366,93	1122,29
367,14	1204,21
367,35	1181,68
367,56	1185,77
367,77	1193,97
367,98	1228,78
368,18	1071,09
368,39	1165,29
368,60	1245,16
368,81	1241,07
369,02	1220,59
369,23	1247,21
369,44	1206,25
369,65	1247,21
369,86	1216,49
370,07	1200,11
370,28	1206,25
370,49	1175,53
370,70	1202,16
370,91	1191,92
371,12	1153,01
371,33	1206,25
371,54	1155,05
371,75	1243,12
371,96	1163,25
372,17	1159,15
372,38	1222,64
372,59	1177,58
372,80	1277,93
373,01	1232,88
373,22	1247,21
373,43	1191,92
373,64	1249,26
373,85	1173,49
374,06	1304,56
374,26	1193,97
374,47	1191,92
374,68	1177,58
374,89	1161,20
375,10	1155,05
375,31	1249,26
375,52	1239,02
375,73	1210,35
375,94	1230,83
376,15	1208,30
376,36	1202,16
376,57	1146,86
376,78	1163,25
376,99	1163,25
377,20	1155,05
377,40	1175,53
377,61	1142,77
377,82	1155,05
378,03	1191,92
378,24	1232,88
378,45	1214,45
378,66	1214,45
378,87	1150,96
379,08	1200,11
379,29	1263,60
379,50	1232,88
379,71	1132,53
379,91	1224,69
380,12	1202,16
380,33	1163,25
380,54	1224,69
380,75	1159,15
380,96	1206,25
381,17	1167,34
381,38	1216,49
381,59	1155,05
381,80	1206,25
382,00	1218,54
382,21	1175,53
382,42	1189,87
382,63	1130,48
382,84	1130,48
383,05	1206,25
383,26	1198,06
383,47	1273,84
383,68	1146,86
383,88	1230,83
384,09	1239,02
384,30	1175,53
384,51	1196,01
384,72	1191,92
384,93	1239,02
385,14	1214,45
385,35	1187,82
385,55	1148,91
385,76	1300,46
385,97	1163,25
386,18	1245,16
386,39	1200,11
386,60	1212,40
386,81	1165,29
387,02	1161,20
387,22	1218,54
387,43	1179,63
387,64	1097,71
387,85	1239,02
388,06	1198,06
388,27	1224,69
388,48	1224,69
388,68	1138,67
388,89	1251,31
389,10	1171,44
389,31	1206,25
389,52	1204,21
389,73	1140,72
389,93	1185,77
390,14	1163,25
390,35	1159,15
390,56	1157,10
390,77	1183,73
390,98	1232,88
391,18	1187,82
391,39	1181,68
391,60	1196,01
391,81	1177,58
392,02	1337,32
392,23	1212,40
392,43	1206,25
392,64	1210,35
392,85	1253,36
393,06	1224,69
393,27	1144,81
393,47	1228,78
393,68	1257,45
393,89	1243,12
394,10	1218,54
394,31	1171,44
394,52	1173,49
394,72	1175,53
394,93	1136,62
395,14	1196,01
395,35	1167,34
395,56	1187,82
395,76	1200,11
395,97	1177,58
396,18	1083,38
396,39	1198,06
396,60	1247,21
396,80	1208,30
397,01	1185,77
397,22	1224,69
397,43	1144,81
397,64	1249,26
397,84	1251,31
398,05	1185,77
398,26	1150,96
398,47	1206,25
398,67	1265,64
398,88	1167,34
399,09	1212,40
399,30	1189,87
399,51	1245,16
399,71	1144,81
399,92	1167,34
400,13	1177,58
400,34	1200,11
400,54	1214,45
400,75	1208,30
400,96	1083,38
401,17	1267,69
401,37	1263,60
401,58	1132,53
401,79	1140,72
402,00	1187,82
402,21	1097,71
402,41	1161,20
402,62	1191,92
402,83	1200,11
403,04	1169,39
403,24	1134,57
403,45	1198,06
403,66	1183,73
403,87	1191,92
404,07	1265,64
404,28	1191,92
404,49	1183,73
404,70	1122,29
404,90	1198,06
405,11	1198,06
405,32	1157,10
405,52	1173,49
405,73	1210,35
405,94	1208,30
406,15	1232,88
406,35	1132,53
406,56	1183,73
406,77	1216,49
406,98	1263,60
407,18	1200,11
407,39	1224,69
407,60	1173,49
407,80	1253,36
408,01	1163,25
408,22	1142,77
408,43	1212,40
408,63	1200,11
408,84	1290,22
409,05	1198,06
409,25	1220,59
409,46	1181,68
409,67	1175,53
409,88	1255,40
410,08	1118,19
410,29	1167,34
410,50	1245,16
410,70	1159,15
410,91	1200,11
411,12	1179,63
411,32	1153,01
411,53	1163,25
411,74	1257,45
411,95	1202,16
412,15	1183,73
412,36	1202,16
412,57	1228,78
412,77	1220,59
412,98	1167,34
413,19	1150,96
413,39	1263,60
413,60	1236,97
413,81	1169,39
414,01	1241,07
414,22	1187,82
414,43	1196,01
414,63	1165,29
414,84	1216,49
415,05	1218,54
415,25	1224,69
415,46	1216,49
415,67	1163,25
415,87	1224,69
416,08	1200,11
416,29	1251,31
416,49	1204,21
416,70	1224,69
416,91	1236,97
417,11	1196,01
417,32	1218,54
417,53	1206,25
417,73	1206,25
417,94	1212,40
418,15	1183,73
418,35	1163,25
418,56	1232,88
418,77	1232,88
418,97	1161,20
419,18	1206,25
419,38	1169,39
419,59	1179,63
419,80	1220,59
420,00	1212,40
420,21	1202,16
420,42	1220,59
420,62	1185,77
420,83	1173,49
421,04	1179,63
421,24	1245,16
421,45	1177,58
421,65	1159,15
421,86	1259,50
422,07	1245,16
422,27	1189,87
422,48	1226,73
422,69	1228,78
422,89	1198,06
423,10	1189,87
423,30	1236,97
423,51	1218,54
423,72	1134,57
423,92	1181,68
424,13	1202,16
424,33	1224,69
424,54	1200,11
424,75	1134,57
424,95	1183,73
425,16	1193,97
425,36	1181,68
425,57	1304,56
425,78	1144,81
425,98	1241,07
426,19	1198,06
426,39	1177,58
426,60	1214,45
426,81	1159,15
427,01	1255,40
427,22	1286,12
427,42	1236,97
427,63	1173,49
427,83	1196,01
428,04	1208,30
428,25	1234,93
428,45	1236,97
428,66	1228,78
428,86	1253,36
429,07	1247,21
429,28	1249,26
429,48	1200,11
429,69	1185,77
429,89	1181,68
430,10	1157,10
430,30	1222,64
430,51	1206,25
430,71	1200,11
430,92	1165,29
431,13	1218,54
431,33	1157,10
431,54	1169,39
431,74	1189,87
431,95	1200,11
432,15	1157,10
432,36	1216,49
432,56	1208,30
432,77	1220,59
432,98	1193,97
433,18	1134,57
433,39	1171,44
433,59	1140,72
433,80	1208,30
434,00	1247,21
434,21	1200,11
434,41	1212,40
434,62	1206,25
434,82	1155,05
435,03	1257,45
435,23	1234,93
435,44	1245,16
435,64	1206,25
435,85	1196,01
436,06	1202,16
436,26	1218,54
436,47	1175,53
436,67	1181,68
436,88	1148,91
437,08	1232,88
437,29	1155,05
437,49	1159,15
437,70	1175,53
437,90	1196,01
438,11	1226,73
438,31	1189,87
438,52	1253,36
438,72	1232,88
438,93	1163,25
439,13	1163,25
439,34	1202,16
439,54	1181,68
439,75	1187,82
439,95	1196,01
440,16	1144,81
440,36	1171,44
440,57	1128,43
440,77	1224,69
440,98	1173,49
441,18	1177,58
441,39	1163,25
441,59	1163,25
441,80	1204,21
442,00	1169,39
442,21	1208,30
442,41	1167,34
442,62	1183,73
442,82	1173,49
443,02	1163,25
443,23	1216,49
443,43	1185,77
443,64	1208,30
443,84	1288,17
444,05	1196,01
444,25	1189,87
444,46	1230,83
444,66	1200,11
444,87	1183,73
445,07	1161,20
445,28	1171,44
445,48	1193,97
445,69	1187,82
445,89	1138,67
446,09	1200,11
446,30	1224,69
446,50	1191,92
446,71	1140,72
446,91	1175,53
447,12	1140,72
447,32	1181,68
447,53	1302,51
447,73	1183,73
447,93	1155,05
448,14	1161,20
448,34	1265,64
448,55	1167,34
448,75	1204,21
448,96	1236,97
449,16	1146,86
449,36	1175,53
449,57	1169,39
449,77	1214,45
449,98	1132,53
450,18	1267,69
450,39	1271,79
450,59	1167,34
450,79	1179,63
451,00	1183,73
451,20	1265,64
451,41	1179,63
451,61	1202,16
451,81	1224,69
452,02	1267,69
452,22	1124,33
452,43	1267,69
452,63	1249,26
452,84	1222,64
453,04	1167,34
453,24	1146,86
453,45	1153,01
453,65	1159,15
453,86	1218,54
454,06	1169,39
454,26	1265,64
454,47	1206,25
454,67	1198,06
454,87	1159,15
455,08	1146,86
455,28	1220,59
455,49	1245,16
455,69	1179,63
455,89	1290,22
456,10	1150,96
456,30	1146,86
456,51	1292,27
456,71	1142,77
456,91	1245,16
457,12	1157,10
457,32	1140,72
457,52	1224,69
457,73	1187,82
457,93	1232,88
458,14	1148,91
458,34	1222,64
458,54	1206,25
458,75	1228,78
458,95	1282,03
459,15	1247,21
459,36	1208,30
459,56	1175,53
459,76	1175,53
459,97	1120,24
460,17	1208,30
460,37	1124,33
460,58	1169,39
460,78	1239,02
460,99	1196,01
461,19	1249,26
461,39	1173,49
461,60	1243,12
461,80	1191,92
462,00	1239,02
462,21	1155,05
462,41	1282,03
462,61	1132,53
462,82	1253,36
463,02	1132,53
463,22	1189,87
463,43	1167,34
463,63	1085,42
463,83	1150,96
464,04	1171,44
464,24	1144,81
464,44	1189,87
464,64	1193,97
464,85	1189,87
465,05	1208,30
465,25	1200,11
465,46	1157,10
465,66	1148,91
465,86	1173,49
466,07	1155,05
466,27	1173,49
466,47	1175,53
466,68	1116,14
466,88	1208,30
467,08	1202,16
467,29	1189,87
467,49	1214,45
467,69	1181,68
467,89	1208,30
468,10	1206,25
468,30	1175,53
468,50	1202,16
468,71	1173,49
468,91	1232,88
469,11	1191,92
469,31	1148,91
469,52	1146,86
469,72	1159,15
469,92	1159,15
470,13	1224,69
470,33	1134,57
470,53	1224,69
470,73	1191,92
470,94	1163,25
471,14	1206,25
471,34	1175,53
471,54	1171,44
471,75	1255,40
471,95	1226,73
472,15	1185,77
472,36	1183,73
472,56	1187,82
472,76	1093,62
472,96	1169,39
473,17	1230,83
473,37	1216,49
473,57	1202,16
473,77	1220,59
473,98	1165,29
474,18	1214,45
474,38	1310,70
474,58	1232,88
474,79	1193,97
474,99	1159,15
475,19	1196,01
475,39	1224,69
475,60	1136,62
475,80	1167,34
476,00	1204,21
476,20	1175,53
476,41	1181,68
476,61	1273,84
476,81	1236,97
477,01	1214,45
477,21	1271,79
477,42	1249,26
477,62	1298,41
477,82	1277,93
478,02	1222,64
478,23	1196,01
478,43	1173,49
478,63	1198,06
478,83	1179,63
479,03	1200,11
479,24	1185,77
479,44	1191,92
479,64	1208,30
479,84	1140,72
480,04	1185,77
480,25	1193,97
480,45	1234,93
480,65	1214,45
480,85	1169,39
481,06	1220,59
481,26	1140,72
481,46	1134,57
481,66	1167,34
481,86	1112,05
482,06	1236,97
482,27	1146,86
482,47	1214,45
482,67	1183,73
482,87	1212,40
483,07	1153,01
483,28	1212,40
483,48	1144,81
483,68	1148,91
483,88	1204,21
484,08	1163,25
484,29	1220,59
484,49	1165,29
484,69	1169,39
484,89	1157,10
485,09	1239,02
485,29	1243,12
485,50	1179,63
485,70	1118,19
485,90	1171,44
486,10	1169,39
486,30	1212,40
486,50	1171,44
486,71	1169,39
486,91	1228,78
487,11	1103,86
487,31	1171,44
487,51	1183,73
487,71	1269,74
487,91	1148,91
488,12	1214,45
488,32	1191,92
488,52	1161,20
488,72	1234,93
488,92	1202,16
489,12	1189,87
489,32	1222,64
489,53	1196,01
489,73	1167,34
489,93	1232,88
490,13	1189,87
490,33	1193,97
490,53	1142,77
490,73	1155,05
490,94	1191,92
491,14	1189,87
491,34	1187,82
491,54	1202,16
491,74	1177,58
491,94	1138,67
492,14	1210,35
492,34	1234,93
492,54	1173,49
492,75	1193,97
492,95	1163,25
493,15	1230,83
493,35	1165,29
493,55	1224,69
493,75	1095,66
493,95	1181,68
494,15	1247,21
494,35	1146,86
494,56	1204,21
494,76	1169,39
494,96	1214,45
495,16	1241,07
495,36	1171,44
495,56	1226,73
495,76	1228,78
495,96	1269,74
496,16	1177,58
496,36	1181,68
496,56	1239,02
496,77	1236,97
496,97	1200,11
497,17	1255,40
497,37	1193,97
497,57	1181,68
497,77	1179,63
497,97	1257,45
498,17	1234,93
498,37	1206,25
498,57	1206,25
498,77	1214,45
498,97	1179,63
499,17	1189,87
499,38	1220,59
499,58	1179,63
499,78	1216,49
499,98	1206,25
500,18	1173,49
500,38	1157,10
500,58	1196,01
500,78	1202,16
500,98	1200,11
501,18	1196,01
501,38	1206,25
501,58	1241,07
501,78	1136,62
501,98	1187,82
502,18	1128,43
502,38	1183,73
502,58	1185,77
502,78	1271,79
502,98	1232,88
503,18	1202,16
503,38	1243,12
503,59	1167,34
503,79	1165,29
503,99	1255,40
504,19	1198,06
504,39	1236,97
504,59	1212,40
504,79	1208,30
504,99	1187,82
505,19	1196,01
505,39	1157,10
505,59	1210,35
505,79	1220,59
505,99	1183,73
506,19	1161,20
506,39	1179,63
506,59	1175,53
506,79	1159,15
506,99	1167,34
507,19	1196,01
507,39	1165,29
507,59	1140,72
507,79	1216,49
507,99	1183,73
508,19	1208,30
508,39	1177,58
508,59	1148,91
508,79	1146,86
508,99	1183,73
509,19	1124,33
509,39	1183,73
509,59	1175,53
509,79	1236,97
509,99	1202,16
510,19	1193,97
510,39	1239,02
510,59	1163,25
510,79	1120,24
510,99	1171,44
511,19	1099,76
511,39	1257,45
511,59	1230,83
511,79	1269,74
511,99	1222,64
512,19	1218,54
512,38	1232,88
512,58	1273,84
512,78	1163,25
512,98	1122,29
513,18	1183,73
513,38	1214,45
513,58	1210,35
513,78	1183,73
513,98	1144,81
514,18	1148,91
514,38	1216,49
514,58	1177,58
514,78	1230,83
514,98	1146,86
515,18	1224,69
515,38	1173,49
515,58	1224,69
515,78	1200,11
515,98	1200,11
516,18	1224,69
516,38	1245,16
516,57	1189,87
516,77	1204,21
516,97	1202,16
517,17	1181,68
517,37	1236,97
517,57	1185,77
517,77	1130,48
517,97	1255,40
518,17	1208,30
518,37	1247,21
518,57	1206,25
518,77	1126,38
518,97	1212,40
519,16	1232,88
519,36	1138,67
519,56	1116,14
519,76	1110,00
519,96	1218,54
520,16	1220,59
520,36	1226,73
520,56	1206,25
520,76	1216,49
520,96	1175,53
521,16	1263,60
521,35	1251,31
521,55	1259,50
521,75	1148,91
521,95	1181,68
522,15	1191,92
522,35	1185,77
522,55	1185,77
522,75	1232,88
522,95	1204,21
523,14	1140,72
523,34	1222,64
523,54	1224,69
523,74	1232,88
523,94	1200,11
524,14	1212,40
524,34	1187,82
524,54	1200,11
524,73	1181,68
524,93	1230,83
525,13	1198,06
525,33	1196,01
525,53	1271,79
525,73	1251,31
525,93	1196,01
526,13	1179,63
526,32	1265,64
526,52	1204,21
526,72	1163,25
526,92	1245,16
527,12	1157,10
527,32	1150,96
527,52	1228,78
527,71	1212,40
527,91	1208,30
528,11	1191,92
528,31	1159,15
528,51	1241,07
528,71	1177,58
528,90	1144,81
529,10	1232,88
529,30	1159,15
529,50	1255,40
529,70	1212,40
529,90	1220,59
530,09	1128,43
530,29	1169,39
530,49	1171,44
530,69	1169,39
530,89	1251,31
531,09	1216,49
531,28	1236,97
531,48	1138,67
531,68	1175,53
531,88	1263,60
532,08	1187,82
532,28	1263,60
532,47	1210,35
532,67	1126,38
532,87	1087,47
533,07	1175,53
533,27	1157,10
533,46	1171,44
533,66	1175,53
533,86	1177,58
534,06	1163,25
534,26	1234,93
534,45	1130,48
534,65	1210,35
534,85	1189,87
535,05	1132,53
535,25	1155,05
535,44	1122,29
535,64	1193,97
535,84	1214,45
536,04	1245,16
536,24	1198,06
536,43	1239,02
536,63	1263,60
536,83	1243,12
537,03	1175,53
537,22	1171,44
537,42	1150,96
537,62	1163,25
537,82	1214,45
538,02	1226,73
538,21	1253,36
538,41	1177,58
538,61	1228,78
538,81	1171,44
539,00	1224,69
539,20	1191,92
539,40	1290,22
539,60	1206,25
539,79	1228,78
539,99	1169,39
540,19	1187,82
540,39	1155,05
540,58	1230,83
540,78	1183,73
540,98	1181,68
541,18	1165,29
541,37	1216,49
541,57	1148,91
541,77	1220,59
541,97	1165,29
542,16	1232,88
542,36	1224,69
542,56	1224,69
542,76	1286,12
542,95	1261,55
543,15	1175,53
543,35	1220,59
543,54	1173,49
543,74	1099,76
543,94	1185,77
544,14	1157,10
544,33	1175,53
544,53	1181,68
544,73	1214,45
544,93	1224,69
545,12	1103,86
545,32	1183,73
545,52	1241,07
545,71	1224,69
545,91	1212,40
546,11	1173,49
546,30	1110,00
546,50	1277,93
546,70	1185,77
546,90	1200,11
547,09	1146,86
547,29	1181,68
547,49	1144,81
547,68	1185,77
547,88	1212,40
548,08	1183,73
548,27	1085,42
548,47	1159,15
548,67	1165,29
548,87	1245,16
549,06	1126,38
549,26	1265,64
549,46	1204,21
549,65	1208,30
549,85	1196,01
550,05	1196,01
550,24	1187,82
550,44	1216,49
550,64	1155,05
550,83	1269,74
551,03	1232,88
551,23	1251,31
551,42	1161,20
551,62	1161,20
551,82	1253,36
552,01	1245,16
552,21	1212,40
552,41	1171,44
552,60	1179,63
552,80	1175,53
553,00	1226,73
553,19	1150,96
553,39	1144,81
553,59	1198,06
553,78	1239,02
553,98	1198,06
554,17	1236,97
554,37	1185,77
554,57	1200,11
554,76	1210,35
554,96	1275,88
555,16	1177,58
555,35	1222,64
555,55	1128,43
555,75	1171,44
555,94	1247,21
556,14	1230,83
556,33	1200,11
556,53	1142,77
556,73	1187,82
556,92	1146,86
557,12	1181,68
557,32	1118,19
557,51	1177,58
557,71	1175,53
557,90	1187,82
558,10	1153,01
558,30	1253,36
558,49	1212,40
558,69	1218,54
558,88	1196,01
559,08	1253,36
559,28	1245,16
559,47	1200,11
559,67	1171,44
559,86	1286,12
560,06	1185,77
560,26	1107,95
560,45	1206,25
560,65	1224,69
560,84	1241,07
561,04	1179,63
561,24	1210,35
561,43	1210,35
561,63	1187,82
561,82	1314,80
562,02	1241,07
562,22	1218,54
562,41	1193,97
562,61	1208,30
562,80	1249,26
563,00	1269,74
563,19	1208,30
563,39	1214,45
563,59	1212,40
563,78	1191,92
563,98	1118,19
564,17	1196,01
564,37	1173,49
564,56	1183,73
564,76	1241,07
564,96	1200,11
565,15	1220,59
565,35	1261,55
565,54	1138,67
565,74	1183,73
565,93	1175,53
566,13	1202,16
566,32	1193,97
566,52	1189,87
566,71	1144,81
566,91	1226,73
567,11	1243,12
567,30	1196,01
567,50	1159,15
567,69	1161,20
567,89	1140,72
568,08	1150,96
568,28	1212,40
568,47	1216,49
568,67	1220,59
568,86	1177,58
569,06	1200,11
569,25	1198,06
569,45	1126,38
569,64	1167,34
569,84	1232,88
570,04	1210,35
570,23	1163,25
570,43	1220,59
570,62	1155,05
570,82	1173,49
571,01	1204,21
571,21	1239,02
571,40	1163,25
571,60	1306,60
571,79	1167,34
571,99	1216,49
572,18	1193,97
572,38	1259,50
572,57	1198,06
572,77	1204,21
572,96	1236,97
573,16	1198,06
573,35	1140,72
573,55	1167,34
573,74	1171,44
573,94	1161,20
574,13	1228,78
574,33	1208,30
574,52	1259,50
574,71	1171,44
574,91	1165,29
575,10	1124,33
575,30	1243,12
575,49	1179,63
575,69	1255,40
575,88	1206,25
576,08	1191,92
576,27	1277,93
576,47	1189,87
576,66	1169,39
576,86	1249,26
577,05	1212,40
577,25	1196,01
577,44	1216,49
577,64	1216,49
577,83	1148,91
578,02	1228,78
578,22	1161,20
578,41	1134,57
578,61	1206,25
578,80	1181,68
579,00	1187,82
579,19	1226,73
579,39	1210,35
579,58	1247,21
579,77	1167,34
579,97	1142,77
580,16	1140,72
580,36	1138,67
580,55	1122,29
580,75	1228,78
580,94	1163,25
581,13	1200,11
581,33	1234,93
581,52	1167,34
581,72	1179,63
581,91	1200,11
582,11	1124,33
582,30	1220,59
582,49	1142,77
582,69	1191,92
582,88	1189,87
583,08	1130,48
583,27	1132,53
583,47	1146,86
583,66	1191,92
583,85	1216,49
584,05	1187,82
584,24	1263,60
584,44	1165,29
584,63	1202,16
584,82	1198,06
585,02	1249,26
585,21	1224,69
585,41	1282,03
585,60	1196,01
585,79	1239,02
585,99	1206,25
586,18	1183,73
586,37	1142,77
586,57	1161,20
586,76	1105,90
586,96	1261,55
587,15	1210,35
587,34	1222,64
587,54	1224,69
587,73	1173,49
587,93	1236,97
588,12	1206,25
588,31	1212,40
588,51	1224,69
588,70	1249,26
588,89	1118,19
589,09	1191,92
589,28	1243,12
589,47	1171,44
589,67	1183,73
589,86	1263,60
590,06	1161,20
590,25	1140,72
590,44	1187,82
590,64	1183,73
590,83	1173,49
591,02	1265,64
591,22	1257,45
591,41	1220,59
591,60	1210,35
591,80	1261,55
591,99	1179,63
592,18	1185,77
592,38	1202,16
592,57	1167,34
592,76	1155,05
592,96	1157,10
593,15	1239,02
593,34	1128,43
593,54	1230,83
593,73	1134,57
593,92	1224,69
594,12	1165,29
594,31	1155,05
594,50	1316,84
594,70	1142,77
594,89	1169,39
595,08	1251,31
595,28	1185,77
595,47	1212,40
595,66	1183,73
595,86	1183,73
596,05	1253,36
596,24	1204,21
596,43	1263,60
596,63	1193,97
596,82	1232,88
597,01	1163,25
597,21	1181,68
597,40	1146,86
597,59	1200,11
597,79	1179,63
597,98	1189,87
598,17	1193,97
598,36	1173,49
598,56	1247,21
598,75	1167,34
598,94	1210,35
599,14	1126,38
599,33	1150,96
599,52	1216,49
599,71	1142,77
599,91	1122,29
600,10	1187,82
600,29	1208,30
600,48	1183,73
600,68	1198,06
600,87	1183,73
601,06	1208,30
601,26	1183,73
601,45	1261,55
601,64	1208,30
601,83	1247,21
602,03	1179,63
602,22	1175,53
602,41	1189,87
602,60	1210,35
602,80	1167,34
602,99	1249,26
603,18	1226,73
603,37	1167,34
603,57	1236,97
603,76	1243,12
603,95	1169,39
604,14	1200,11
604,34	1134,57
604,53	1165,29
604,72	1284,08
604,91	1208,30
605,10	1212,40
605,30	1198,06
605,49	1220,59
605,68	1234,93
605,87	1183,73
606,07	1241,07
606,26	1218,54
606,45	1222,64
606,64	1239,02
606,84	1200,11
607,03	1146,86
607,22	1228,78
607,41	1091,57
607,60	1173,49
607,80	1142,77
607,99	1261,55
608,18	1214,45
608,37	1198,06
608,56	1122,29
608,76	1224,69
608,95	1288,17
609,14	1165,29
609,33	1126,38
609,52	1173,49
609,72	1189,87
609,91	1167,34
610,10	1200,11
610,29	1196,01
610,48	1187,82
610,68	1179,63
610,87	1118,19
611,06	1212,40
611,25	1204,21
611,44	1228,78
611,63	1107,95
611,83	1210,35
612,02	1284,08
612,21	1167,34
612,40	1177,58
612,59	1241,07
612,79	1187,82
612,98	1181,68
613,17	1146,86
613,36	1103,86
613,55	1251,31
613,74	1198,06
613,93	1101,81
614,13	1216,49
614,32	1193,97
614,51	1216,49
614,70	1167,34
614,89	1222,64
615,08	1216,49
615,28	1261,55
615,47	1187,82
615,66	1202,16
615,85	1173,49
616,04	1175,53
616,23	1177,58
616,42	1200,11
616,62	1167,34
616,81	1159,15
617,00	1187,82
617,19	1179,63
617,38	1196,01
617,57	1138,67
617,76	1181,68
617,95	1218,54
618,15	1243,12
618,34	1222,64
618,53	1208,30
618,72	1220,59
618,91	1159,15
619,10	1099,76
619,29	1228,78
619,48	1136,62
619,68	1183,73
619,87	1228,78
620,06	1261,55
620,25	1255,40
620,44	1212,40
620,63	1198,06
620,82	1245,16
621,01	1212,40
621,20	1095,66
621,39	1208,30
621,59	1171,44
621,78	1193,97
621,97	1175,53
622,16	1247,21
622,35	1120,24
622,54	1222,64
622,73	1187,82
622,92	1196,01
623,11	1210,35
623,30	1187,82
623,49	1220,59
623,68	1196,01
623,88	1224,69
624,07	1165,29
624,26	1193,97
624,45	1175,53
624,64	1185,77
624,83	1216,49
625,02	1101,81
625,21	1245,16
625,40	1208,30
625,59	1181,68
625,78	1142,77
625,97	1228,78
626,16	1226,73
626,35	1165,29
626,54	1255,40
626,74	1232,88
626,93	1150,96
627,12	1134,57
627,31	1200,11
627,50	1245,16
627,69	1220,59
627,88	1302,51
628,07	1107,95
628,26	1200,11
628,45	1167,34
628,64	1210,35
628,83	1230,83
629,02	1247,21
629,21	1224,69
629,40	1132,53
629,59	1200,11
629,78	1191,92
629,97	1228,78
630,16	1232,88
630,35	1210,35
630,54	1232,88
630,73	1236,97
630,92	1212,40
631,11	1196,01
631,30	1292,27
631,49	1288,17
631,68	1380,33
631,87	2490,33
632,06	8126,34
632,25	17325,82
632,44	21327,55
632,63	27119,20
632,82	14493,47
633,01	8415,10
633,20	3977,16
633,39	2144,22
633,58	1724,39
633,77	1785,83
633,96	1593,32
634,15	1464,30
634,34	1318,89
634,53	1294,32
634,72	1322,99
634,91	1282,03
635,10	1327,08
635,29	1232,88
635,48	1263,60
635,67	1220,59
635,86	1146,86
636,05	1257,45
636,24	1218,54
636,43	1175,53
636,62	1191,92
636,81	1200,11
637,00	1161,20
637,19	1183,73
637,38	1212,40
637,57	1167,34
637,76	1249,26
637,95	1196,01
638,14	1239,02
638,33	1279,98
638,52	1200,11
638,71	1193,97
638,89	1157,10
639,08	1185,77
639,27	1204,21
639,46	1175,53
639,65	1169,39
639,84	1179,63
640,03	1224,69
640,22	1169,39
640,41	1175,53
640,60	1165,29
640,79	1163,25
640,98	1173,49
641,17	1155,05
641,36	1220,59
641,55	1247,21
641,74	1161,20
641,92	1159,15
642,11	1206,25
642,30	1218,54
642,49	1144,81
642,68	1208,30
642,87	1200,11
643,06	1150,96
643,25	1218,54
643,44	1251,31
643,63	1171,44
643,82	1191,92
644,00	1232,88
644,19	1245,16
644,38	1224,69
644,57	1222,64
644,76	1146,86
644,95	1216,49
645,14	1234,93
645,33	1265,64
645,52	1200,11
645,71	1224,69
645,89	1187,82
646,08	1159,15
646,27	1230,83
646,46	1267,69
646,65	1216,49
646,84	1175,53
647,03	1183,73
647,22	1239,02
647,40	1247,21
647,59	1220,59
647,78	1124,33
647,97	1200,11
648,16	1196,01
648,35	1165,29
648,54	1171,44
648,73	1202,16
648,91	1193,97
649,10	1228,78
649,29	1208,30
649,48	1169,39
649,67	1218,54
649,86	1204,21
650,05	1101,81
650,23	1189,87
650,42	1185,77
650,61	1220,59
650,80	1212,40
650,99	1191,92
651,18	1171,44
651,36	1126,38
651,55	1144,81
651,74	1159,15
651,93	1234,93
652,12	1241,07
652,31	1132,53
652,49	1261,55
652,68	1239,02
652,87	1167,34
653,06	1155,05
653,25	1200,11
653,44	1218,54
653,62	1187,82
653,81	1159,15
654,00	1167,34
654,19	1208,30
654,38	1200,11
654,56	1224,69
654,75	1228,78
654,94	1177,58
655,13	1167,34
655,32	1177,58
655,51	1093,62
655,69	1148,91
655,88	1224,69
656,07	1175,53
656,26	1183,73
656,45	1179,63
656,63	1167,34
656,82	1185,77
657,01	1198,06
657,20	1214,45
657,38	1220,59
657,57	1220,59
657,76	1198,06
657,95	1212,40
658,14	1214,45
658,32	1191,92
658,51	1138,67
658,70	1318,89
658,89	1212,40
659,08	1216,49
659,26	1159,15
659,45	1163,25
659,64	1196,01
659,83	1134,57
660,01	1198,06
660,20	1193,97
660,39	1167,34
660,58	1155,05
660,76	1200,11
660,95	1187,82
661,14	1224,69
661,33	1181,68
661,51	1208,30
661,70	1157,10
661,89	1183,73
662,08	1161,20
662,26	1183,73
662,45	1222,64
662,64	1226,73
662,83	1171,44
663,01	1239,02
663,20	1204,21
663,39	1236,97
663,58	1241,07
663,76	1185,77
663,95	1228,78
664,14	1196,01
664,32	1134,57
664,51	1198,06
664,70	1124,33
664,89	1183,73
665,07	1116,14
665,26	1134,57
665,45	1159,15
665,64	1181,68
665,82	1265,64
666,01	1222,64
666,20	1161,20
666,38	1173,49
666,57	1210,35
666,76	1193,97
666,95	1159,15
667,13	1191,92
667,32	1208,30
667,51	1128,43
667,69	1173,49
667,88	1183,73
668,07	1216,49
668,25	1193,97
668,44	1224,69
668,63	1128,43
668,81	1212,40
669,00	1177,58
669,19	1226,73
669,38	1222,64
669,56	1210,35
669,75	1212,40
669,94	1095,66
670,12	1091,57
670,31	1146,86
670,50	1173,49
670,68	1236,97
670,87	1241,07
671,06	1187,82
671,24	1222,64
671,43	1179,63
671,62	1226,73
671,80	1175,53
671,99	1206,25
672,18	1159,15
672,36	1142,77
672,55	1163,25
672,74	1212,40
672,92	1202,16
673,11	1257,45
673,29	1173,49
673,48	1230,83
673,67	1138,67
673,85	1232,88
674,04	1159,15
674,23	1261,55
674,41	1259,50
674,60	1200,11
674,79	1222,64
674,97	1185,77
675,16	1189,87
675,34	1173,49
675,53	1249,26
675,72	1263,60
675,90	1150,96
676,09	1236,97
676,28	1218,54
676,46	1128,43
676,65	1200,11
676,83	1320,94
677,02	1224,69
677,21	1228,78
677,39	1171,44
677,58	1241,07
677,77	1308,65
677,95	1179,63
678,14	1257,45
678,32	1159,15
678,51	1167,34
678,70	1183,73
678,88	1214,45
679,07	1200,11
679,25	1171,44
679,44	1267,69
679,63	1204,21
679,81	1185,77
680,00	1175,53
680,18	1128,43
680,37	1181,68
680,55	1124,33
680,74	1130,48
680,93	1208,30
681,11	1208,30
681,30	1200,11
681,48	1167,34
681,67	1261,55
681,85	1177,58
682,04	1165,29
682,23	1208,30
682,41	1185,77
682,60	1220,59
682,78	1118,19
682,97	1148,91
683,15	1173,49
683,34	1183,73
683,53	1110,00
683,71	1222,64
683,90	1167,34
684,08	1159,15
684,27	1255,40
684,45	1187,82
684,64	1247,21
684,82	1214,45
685,01	1216,49
685,19	1179,63
685,38	1243,12
685,57	1187,82
685,75	1200,11
685,94	1249,26
686,12	1165,29
686,31	1202,16
686,49	1208,30
686,68	1200,11
686,86	1255,40
687,05	1191,92
687,23	1247,21
687,42	1148,91
687,60	1224,69
687,79	1179,63
687,97	1243,12
688,16	1187,82
688,34	1200,11
688,53	1234,93
688,71	1187,82
688,90	1208,30
689,08	1161,20
689,27	1148,91
689,45	1167,34
689,64	1247,21
689,82	1138,67
690,01	1191,92
690,19	1120,24
690,38	1175,53
690,56	1173,49
690,75	1187,82
690,93	1187,82
691,12	1241,07
691,30	1204,21
691,49	1171,44
691,67	1136,62
691,86	1222,64
692,04	1230,83
692,23	1196,01
692,41	1251,31
692,60	1228,78
692,78	1138,67
692,97	1177,58
693,15	1212,40
693,34	1200,11
693,52	1220,59
693,71	1165,29
693,89	1150,96
694,08	1161,20
694,26	1296,36
694,44	1153,01
694,63	1163,25
694,81	1204,21
695,00	1198,06
695,18	1234,93
695,37	1214,45
695,55	1187,82
695,74	1189,87
695,92	1150,96
696,10	1136,62
696,29	1122,29
696,47	1177,58
696,66	1167,34
696,84	1181,68
697,03	1230,83
697,21	1177,58
697,40	1275,88
697,58	1140,72
697,76	1259,50
697,95	1187,82
698,13	1218,54
698,32	1136,62
698,50	1210,35
698,68	1187,82
698,87	1146,86
699,05	1198,06
699,24	1105,90
699,42	1216,49
699,61	1181,68
699,79	1220,59
699,97	1134,57
700,16	1179,63
700,34	1157,10
700,53	1177,58
700,71	1142,77
700,89	1263,60
701,08	1200,11
701,26	1204,21
701,45	1218,54
701,63	1193,97
701,81	1226,73
702,00	1206,25
702,18	1196,01
702,37	1196,01
702,55	1167,34
702,73	1167,34
702,92	1224,69
703,10	1232,88
703,28	1169,39
703,47	1171,44
703,65	1189,87
703,84	1230,83
704,02	1214,45
704,20	1153,01
704,39	1181,68
704,57	1263,60
704,75	1247,21
704,94	1191,92
705,12	1253,36
705,30	1263,60
705,49	1165,29
705,67	1116,14
705,86	1185,77
706,04	1159,15
706,22	1134,57
706,41	1142,77
706,59	1226,73
706,77	1214,45
706,96	1208,30
707,14	1175,53
707,32	1224,69
707,51	1175,53
707,69	1234,93
707,87	1210,35
708,06	1167,34
708,24	1212,40
708,42	1148,91
708,61	1243,12
708,79	1167,34
708,97	1243,12
709,16	1181,68
709,34	1191,92
709,52	1130,48
709,71	1181,68
709,89	1159,15
710,07	1132,53
710,26	1234,93
710,44	1173,49
710,62	1236,97
710,80	1103,86
710,99	1138,67
711,17	1183,73
711,35	1142,77
711,54	1148,91
711,72	1206,25
711,90	1183,73
712,09	1202,16
712,27	1226,73
712,45	1165,29
712,63	1255,40
712,82	1146,86
713,00	1167,34
713,18	1110,00
713,37	1245,16
713,55	1196,01
713,73	1245,16
713,91	1161,20
714,10	1116,14
714,28	1196,01
714,46	1208,30
714,65	1138,67
714,83	1150,96
715,01	1175,53
715,19	1167,34
715,38	1259,50
715,56	1210,35
715,74	1216,49
715,92	1230,83
716,11	1187,82
716,29	1146,86
716,47	1148,91
716,65	1218,54
716,84	1208,30
717,02	1153,01
717,20	1206,25
717,38	1198,06
717,57	1251,31
717,75	1224,69
717,93	1241,07
718,11	1146,86
718,30	1214,45
718,48	1191,92
718,66	1124,33
718,84	1167,34
719,03	1224,69
719,21	1191,92
719,39	1140,72
719,57	1142,77
719,75	1191,92
719,94	1183,73
720,12	1249,26
720,30	1196,01
720,48	1193,97
720,67	1171,44
720,85	1165,29
721,03	1193,97
721,21	1136,62
721,39	1220,59
721,58	1220,59
721,76	1206,25
721,94	1230,83
722,12	1198,06
722,30	1165,29
722,49	1245,16
722,67	1218,54
722,85	1167,34
723,03	1165,29
723,21	1183,73
723,40	1146,86
723,58	1155,05
723,76	1173,49
723,94	1189,87
724,12	1200,11
724,30	1224,69
724,49	1134,57
724,67	1179,63
724,85	1249,26
725,03	1243,12
725,21	1179,63
725,40	1245,16
725,58	1116,14
725,76	1150,96
725,94	1187,82
726,12	1220,59
726,30	1146,86
726,49	1132,53
726,67	1167,34
726,85	1142,77
727,03	1183,73
727,21	1157,10
727,39	1208,30
727,57	1101,81
727,76	1171,44
727,94	1181,68
728,12	1155,05
728,30	1234,93
728,48	1171,44
728,66	1175,53
728,84	1265,64
729,03	1099,76
729,21	1230,83
729,39	1247,21
729,57	1146,86
729,75	1196,01
729,93	1212,40
730,11	1245,16
730,30	1204,21
730,48	1193,97
730,66	1224,69
730,84	1228,78
731,02	1214,45
731,20	1191,92
731,38	1187,82
731,56	1171,44
731,74	1138,67
731,93	1177,58
732,11	1167,34
732,29	1226,73
732,47	1167,34
732,65	1191,92
732,83	1153,01
733,01	1216,49
733,19	1239,02
733,37	1232,88
733,56	1212,40
733,74	1249,26
733,92	1193,97
734,10	1118,19
734,28	1200,11
734,46	1150,96
734,64	1200,11
734,82	1085,42
735,00	1198,06
735,18	1146,86
735,36	1284,08
735,54	1216,49
735,73	1157,10
735,91	1259,50
736,09	1187,82
736,27	1150,96
736,45	1185,77
736,63	1220,59
736,81	1236,97
736,99	1169,39
737,17	1171,44
737,35	1189,87
737,53	1181,68
737,71	1241,07
737,89	1138,67
738,07	1265,64
738,25	1220,59
738,43	1146,86
738,61	1239,02
738,80	1200,11
738,98	1163,25
739,16	1175,53
739,34	1175,53
739,52	1259,50
739,70	1181,68
739,88	1208,30
740,06	1161,20
740,24	1259,50
740,42	1198,06
740,60	1163,25
740,78	1148,91
740,96	1257,45
741,14	1218,54
741,32	1230,83
741,50	1165,29
741,68	1193,97
741,86	1161,20
742,04	1179,63
742,22	1189,87
742,40	1179,63
742,58	1175,53
742,76	1099,76
742,94	1187,82
743,12	1159,15
743,30	1202,16
743,48	1107,95
743,66	1193,97
743,84	1171,44
744,02	1204,21
744,20	1204,21
744,38	1234,93
744,56	1191,92
744,74	1179,63
744,92	1232,88
745,10	1200,11
745,28	1181,68
745,46	1224,69
745,64	1239,02
745,82	1163,25
746,00	1212,40
746,18	1144,81
746,36	1282,03
746,54	1189,87
746,72	1114,10
746,90	1245,16
747,08	1241,07
747,26	1153,01
747,44	1159,15
747,62	1282,03
747,80	1183,73
747,98	1206,25
748,15	1210,35
748,33	1232,88
748,51	1193,97
748,69	1218,54
748,87	1200,11
749,05	1198,06
749,23	1153,01
749,41	1263,60
749,59	1150,96
749,77	1155,05
749,95	1218,54
750,13	1179,63
750,31	1161,20
750,49	1167,34
750,67	1157,10
750,85	1267,69
751,03	1241,07
751,20	1214,45
751,38	1191,92
751,56	1171,44
751,74	1198,06
751,92	1239,02
752,10	1265,64
752,28	1220,59
752,46	1183,73
752,64	1214,45
752,82	1241,07
753,00	1173,49
753,18	1236,97
753,35	1085,42
753,53	1155,05
753,71	1183,73
753,89	1189,87
754,07	1212,40
754,25	1175,53
754,43	1159,15
754,61	1167,34
754,79	1255,40
754,97	1157,10
755,14	1171,44
755,32	1198,06
755,50	1196,01
755,68	1159,15
755,86	1251,31
756,04	1126,38
756,22	1249,26
756,40	1243,12
756,57	1257,45
756,75	1189,87
756,93	1224,69
757,11	1124,33
757,29	1196,01
757,47	1189,87
757,65	1146,86
757,82	1247,21
758,00	1191,92
758,18	1191,92
758,36	1187,82
758,54	1232,88
758,72	1198,06
758,90	1206,25
759,07	1189,87
759,25	1263,60
759,43	1191,92
759,61	1167,34
759,79	1257,45
759,97	1167,34
760,15	1136,62
760,32	1261,55
760,50	1220,59
760,68	1181,68
760,86	1216,49
761,04	1163,25
761,22	1206,25
761,39	1177,58
761,57	1220,59
761,75	1196,01
761,93	1161,20
762,11	1232,88
762,28	1183,73
762,46	1265,64
762,64	1138,67
762,82	1146,86
763,00	1146,86
763,18	1146,86
763,35	1191,92
763,53	1265,64
763,71	1257,45
763,89	1187,82
764,07	1224,69
764,24	1124,33
764,42	1222,64
764,60	1159,15
764,78	1226,73
764,96	1208,30
765,13	1216,49
765,31	1226,73
765,49	1159,15
765,67	1189,87
765,84	1140,72
766,02	1218,54
766,20	1116,14
766,38	1212,40
766,56	1112,05
766,73	1175,53
766,91	1134,57
767,09	1191,92
767,27	1175,53
767,44	1171,44
767,62	1202,16
767,80	1234,93
767,98	1193,97
768,15	1138,67
768,33	1179,63
768,51	1191,92
768,69	1181,68
768,87	1138,67
769,04	1185,77
769,22	1218,54
769,40	1171,44
769,58	1230,83
769,75	1226,73
769,93	1165,29
770,11	1159,15
770,28	1165,29
770,46	1163,25
770,64	1216,49
770,82	1230,83
770,99	1216,49
771,17	1261,55
771,35	1257,45
771,53	1206,25
771,70	1232,88
771,88	1253,36
772,06	1210,35
772,23	1251,31
772,41	1247,21
772,59	1222,64
772,77	1204,21
772,94	1200,11
773,12	1249,26
773,30	1245,16
773,47	1210,35
773,65	1155,05
773,83	1155,05
774,01	1107,95
774,18	1052,66
774,36	1140,72
774,54	1181,68
774,71	1136,62
774,89	1183,73
775,07	1206,25
775,24	1202,16
775,42	1136,62
775,60	1185,77
775,78	1148,91
775,95	1183,73
776,13	1198,06
776,31	1218,54
776,48	1204,21
776,66	1216,49
776,84	1181,68
777,01	1204,21
777,19	1171,44
777,37	1206,25
777,54	1155,05
777,72	1210,35
777,90	1189,87
778,07	1210,35
778,25	1175,53
778,43	1130,48
778,60	1146,86
778,78	1257,45
778,96	1259,50
779,13	1187,82
779,31	1138,67
779,49	1236,97
779,66	1208,30
779,84	1232,88
780,01	1157,10
780,19	1171,44
780,37	1236,97
780,54	1191,92
780,72	1234,93
780,90	1224,69
781,07	1155,05
781,25	1279,98
781,43	1226,73
781,60	1167,34
781,78	1216,49
781,95	1167,34
782,13	1191,92
782,31	1171,44
782,48	1200,11
782,66	1224,69
782,83	1165,29
783,01	1226,73
783,19	1185,77
783,36	1187,82
783,54	1193,97
783,72	1290,22
783,89	1208,30
784,07	1249,26
784,24	1163,25
784,42	1247,21
784,60	1191,92
784,77	1146,86
784,95	1189,87
785,12	1155,05
785,30	1200,11
785,47	1134,57
785,65	1153,01
785,83	1261,55
786,00	1153,01
786,18	1208,30
786,35	1251,31
786,53	1200,11
786,71	1191,92
786,88	1189,87
787,06	1126,38
787,23	1249,26
787,41	1138,67
787,58	1239,02
787,76	1159,15
787,94	1239,02
788,11	1169,39
788,29	1210,35
788,46	1236,97
788,64	1196,01
788,81	1175,53
788,99	1214,45
789,16	1228,78
789,34	1103,86
789,52	1073,14
789,69	1202,16
789,87	1216,49
790,04	1185,77
790,22	1144,81
790,39	1220,59
790,57	1132,53
790,74	1265,64
790,92	1243,12
791,09	1185,77
791,27	1173,49
791,44	1200,11
791,62	1222,64
791,79	1179,63
791,97	1273,84
792,15	1165,29
792,32	1185,77
792,50	1144,81
792,67	1193,97
792,85	1247,21
793,02	1296,36
793,20	1134,57
793,37	1228,78
793,55	1216,49
793,72	1142,77
793,90	1241,07
794,07	1187,82
794,25	1216,49
794,42	1224,69
794,60	1263,60
794,77	1282,03
794,95	1230,83
795,12	1230,83
795,30	1134,57
795,47	1159,15
795,65	1140,72
795,82	1167,34
796,00	1132,53
796,17	1228,78
796,34	1142,77
796,52	1206,25
796,69	1179,63
796,87	1196,01
797,04	1179,63
797,22	1167,34
797,39	1159,15
797,57	1191,92
797,74	1179,63
797,92	1183,73
798,09	1200,11
798,27	1232,88
798,44	1212,40
798,62	1191,92
798,79	1232,88
798,96	1118,19
799,14	1218,54
799,31	1142,77
799,49	1208,30
799,66	1159,15
799,84	1218,54
800,01	1138,67
800,19	1214,45
800,36	1167,34
800,53	1267,69
800,71	1157,10
800,88	1232,88
801,06	1230,83
801,23	1208,30
801,41	1165,29
801,58	1224,69
801,75	1146,86
801,93	1214,45
802,10	1130,48
802,28	1200,11
802,45	1138,67
802,63	1232,88
802,80	1259,50
802,97	1259,50
803,15	1222,64
803,32	1183,73
803,50	1187,82
803,67	1169,39
803,84	1206,25
804,02	1214,45
804,19	1159,15
804,37	1165,29
804,54	1230,83
804,71	1077,23
804,89	1189,87
805,06	1200,11
805,24	1189,87
805,41	1210,35
805,58	1208,30
805,76	1222,64
805,93	1161,20
806,10	1179,63
806,28	1167,34
806,45	1261,55
806,63	1206,25
806,80	1161,20
806,97	1222,64
807,15	1218,54
807,32	1232,88
807,49	1204,21
807,67	1193,97
807,84	1249,26
808,01	1142,77
808,19	1279,98
808,36	1214,45
808,54	1200,11
808,71	1189,87
808,88	1193,97
809,06	1161,20
809,23	1171,44
809,40	1169,39
809,58	1200,11
809,75	1167,34
809,92	1175,53
810,10	1202,16
810,27	1189,87
810,44	1208,30
810,62	1187,82
810,79	1222,64
810,96	1075,18
811,14	1171,44
811,31	1200,11
811,48	1191,92
811,66	1200,11
811,83	1214,45
812,00	1175,53
812,18	1279,98
812,35	1212,40
812,52	1236,97
812,69	1183,73
812,87	1187,82
813,04	1216,49
813,21	1171,44
813,39	1157,10
813,56	1251,31
813,73	1216,49
813,91	1193,97
814,08	1191,92
814,25	1204,21
814,42	1200,11
814,60	1148,91
814,77	1259,50
814,94	1210,35
815,12	1255,40
815,29	1169,39
815,46	1122,29
815,63	1208,30
815,81	1210,35
815,98	1155,05
816,15	1214,45
816,33	1212,40
816,50	1161,20
816,67	1175,53
816,84	1185,77
817,02	1210,35
817,19	1212,40
817,36	1191,92
817,53	1198,06
817,71	1173,49
817,88	1204,21
818,05	1220,59
818,22	1208,30
818,40	1163,25
818,57	1105,90
818,74	1212,40
818,91	1191,92
819,09	1202,16
819,26	1212,40
819,43	1175,53
819,60	1200,11
819,78	1206,25
819,95	1232,88
820,12	1144,81
820,29	1110,00
820,47	1259,50
820,64	1148,91
820,81	1177,58
820,98	1157,10
821,15	1224,69
821,33	1155,05
821,50	1097,71
821,67	1159,15
821,84	1204,21
822,02	1183,73
822,19	1204,21
822,36	1177,58
822,53	1189,87
822,70	1208,30
822,88	1179,63
823,05	1167,34
823,22	1159,15
823,39	1204,21
823,56	1161,20
823,74	1138,67
823,91	1124,33
824,08	1220,59
824,25	1183,73
824,42	1181,68
824,60	1273,84
824,77	1175,53
824,94	1224,69
825,11	1220,59
825,28	1269,74
825,45	1230,83
825,63	1228,78
825,80	1222,64
825,97	1208,30
826,14	1220,59
826,31	1200,11
826,48	1210,35
826,66	1167,34
826,83	1226,73
827,00	1177,58
827,17	1236,97
827,34	1146,86
827,51	1157,10
827,69	1179,63
827,86	1232,88
828,03	1140,72
828,20	1224,69
828,37	1177,58
828,54	1284,08
828,71	1163,25
828,89	1181,68
829,06	1148,91
829,23	1144,81
829,40	1298,41
829,57	1222,64
829,74	1196,01
829,91	1175,53
830,09	1230,83
830,26	1204,21
830,43	1279,98
830,60	1253,36
830,77	1206,25
830,94	1269,74
831,11	1212,40
831,28	1279,98
831,46	1183,73
831,63	1112,05
831,80	1120,24
831,97	1216,49
832,14	1232,88
832,31	1288,17
832,48	1175,53
832,65	1191,92
832,82	1136,62
832,99	1226,73
833,17	1134,57
833,34	1206,25
833,51	1216,49
833,68	1239,02
833,85	1224,69
834,02	1208,30
834,19	1159,15
834,36	1222,64
834,53	1159,15
834,70	1146,86
834,87	1159,15
835,04	1247,21
835,22	1204,21
835,39	1153,01
835,56	1218,54
835,73	1204,21
835,90	1173,49
836,07	1187,82
836,24	1212,40
836,41	1165,29
836,58	1157,10
836,75	1193,97
836,92	1196,01
837,09	1179,63
837,26	1179,63
837,43	1216,49
837,60	1187,82
837,77	1232,88
837,94	1183,73
838,12	1193,97
838,29	1247,21
838,46	1107,95
838,63	1210,35
838,80	1249,26
838,97	1189,87
839,14	1275,88
839,31	1286,12
839,48	1179,63
839,65	1140,72
839,82	1218,54
839,99	1212,40
840,16	1189,87
840,33	1204,21
840,50	1150,96
840,67	1214,45
840,84	1177,58
841,01	1206,25
841,18	1245,16
841,35	1218,54
841,52	1198,06
841,69	1171,44
841,86	1230,83
842,03	1146,86
842,20	1175,53
842,37	1232,88
842,54	1206,25
842,71	1161,20
842,88	1204,21
843,05	1220,59
843,22	1206,25
843,39	1253,36
843,56	1173,49
843,73	1247,21
843,90	1234,93
844,07	1206,25
844,24	1196,01
844,41	1193,97
844,58	1218,54
844,75	1241,07
844,92	1214,45
845,09	1208,30
845,26	1220,59
845,43	1196,01
845,60	1179,63
845,77	1206,25
845,94	1167,34
846,10	1234,93
846,27	1251,31
846,44	1212,40
846,61	1212,40
846,78	1249,26
846,95	1187,82
847,12	1148,91
847,29	1169,39
847,46	1222,64
847,63	1257,45
847,80	1138,67
847,97	1150,96
848,14	1261,55
848,31	1175,53
848,48	1234,93
848,65	1157,10
848,82	1175,53
848,98	1236,97
849,15	1228,78
849,32	1187,82
849,49	1202,16
849,66	1259,50
849,83	1222,64
850,00	1187,82
850,17	1163,25
850,34	1214,45
850,51	1136,62
850,68	1222,64
850,85	1230,83
851,01	1208,30
851,18	1177,58
851,35	1175,53
851,52	1198,06
851,69	1212,40
851,86	1206,25
852,03	1214,45
852,20	1175,53
852,37	1298,41
852,53	1165,29
852,70	1159,15
852,87	1159,15
853,04	1263,60
853,21	1124,33
853,38	1191,92
853,55	1163,25
853,72	1292,27
853,89	1191,92
854,05	1200,11
854,22	1200,11
854,39	1167,34
854,56	1210,35
854,73	1191,92
854,90	1183,73
855,07	1216,49
855,23	1208,30
855,40	1163,25
855,57	1179,63
855,74	1247,21
855,91	1175,53
856,08	1191,92
856,25	1212,40
856,41	1198,06
856,58	1140,72
856,75	1198,06
856,92	1163,25
857,09	1167,34
857,26	1206,25
857,42	1126,38
857,59	1234,93
857,76	1175,53
857,93	1216,49
858,10	1241,07
858,27	1187,82
858,43	1157,10
858,60	1171,44
858,77	1214,45
858,94	1191,92
859,11	1107,95
859,27	1220,59
859,44	1294,32
859,61	1193,97
859,78	1148,91
859,95	1155,05
860,12	1187,82
860,28	1183,73
860,45	1150,96
860,62	1198,06
860,79	1206,25
860,95	1142,77
861,12	1216,49
861,29	1148,91
861,46	1198,06
861,63	1093,62
861,79	1161,20
861,96	1161,20
862,13	1236,97
862,30	1198,06
862,47	1191,92
862,63	1222,64
862,80	1234,93
862,97	1150,96
863,14	1226,73
863,30	1255,40
863,47	1198,06
863,64	1107,95
863,81	1191,92
863,97	1228,78
864,14	1193,97
864,31	1236,97
864,48	1165,29
864,65	1140,72
864,81	1183,73
864,98	1222,64
865,15	1234,93
865,32	1165,29
865,48	1183,73
865,65	1173,49
865,82	1165,29
865,98	1204,21
866,15	1288,17
866,32	1179,63
866,49	1220,59
866,65	1228,78
866,82	1185,77
866,99	1179,63
867,16	1179,63
867,32	1189,87
867,49	1157,10
867,66	1232,88
867,83	1228,78
867,99	1271,79
868,16	1228,78
868,33	1200,11
868,49	1167,34
868,66	1251,31
868,83	1204,21
868,99	1220,59
869,16	1286,12
869,33	1134,57
869,50	1118,19
869,66	1183,73
869,83	1167,34
870,00	1175,53
870,16	1239,02
870,33	1165,29
870,50	1236,97
870,66	1167,34
870,83	1228,78
871,00	1204,21
871,17	1275,88
871,33	1179,63
871,50	1208,30
871,67	1247,21
871,83	1183,73
872,00	1226,73
872,17	1181,68
872,33	1132,53
872,50	1253,36
872,67	1165,29
872,83	1228,78
873,00	1191,92
873,17	1187,82
873,33	1179,63
873,50	1216,49
873,67	1153,01
873,83	1202,16
874,00	1159,15
874,16	1212,40
874,33	1142,77
874,50	1204,21
874,66	1245,16
874,83	1175,53
875,00	1179,63
875,16	1116,14
875,33	1277,93
875,50	1204,21
875,66	1112,05
875,83	1112,05
875,99	1140,72
876,16	1187,82
876,33	1214,45
876,49	1234,93
876,66	1212,40
876,83	1218,54
876,99	1189,87
877,16	1241,07
877,32	1171,44
877,49	1204,21
877,66	1212,40
877,82	1099,76
877,99	1222,64
878,15	1220,59
878,32	1191,92
878,49	1163,25
878,65	1142,77
878,82	1230,83
878,98	1159,15
879,15	1202,16
879,32	1198,06
879,48	1193,97
879,65	1132,53
879,81	1220,59
879,98	1200,11
880,15	1191,92
880,31	1261,55
880,48	1241,07
880,64	1179,63
880,81	1234,93
880,97	1251,31
881,14	1165,29
881,31	1265,64
881,47	1142,77
881,64	1181,68
881,80	1163,25
881,97	1208,30
882,13	1230,83
882,30	1165,29
882,47	1193,97
882,63	1187,82
882,80	1206,25
882,96	1218,54
883,13	1206,25
883,29	1179,63
883,46	1157,10
883,62	1202,16
883,79	1243,12
883,95	1208,30
884,12	1189,87
884,29	1208,30
884,45	1175,53
884,62	1196,01
884,78	1150,96
884,95	1122,29
885,11	1200,11
885,28	1200,11
885,44	1200,11
885,61	1234,93
885,77	1222,64
885,94	1232,88
886,10	1085,42
886,27	1185,77
886,43	1220,59
886,60	1247,21
886,76	1181,68
886,93	1159,15
887,09	1173,49
887,26	1236,97
887,42	1163,25
887,59	1224,69
887,75	1200,11
887,92	1181,68
888,08	1198,06
888,25	1232,88
888,41	1173,49
888,58	1173,49
888,74	1181,68
888,91	1165,29
