177,47	1150,96
177,69	1150,96
177,91	1150,96
178,13	1210,35
178,36	1191,92
178,58	1153,01
178,80	1132,53
179,02	1204,21
179,24	1173,49
179,46	1165,29
179,68	1222,64
179,90	1130,48
180,13	1146,86
180,35	1142,77
180,57	1179,63
180,79	1200,11
181,01	1177,58
181,23	1150,96
181,45	1226,73
181,67	1234,93
181,90	1241,07
182,12	1112,05
182,34	1167,34
182,56	1167,34
182,78	1208,30
183,00	1183,73
183,22	1216,49
183,44	1232,88
183,66	1271,79
183,89	1228,78
184,11	1155,05
184,33	1187,82
184,55	1189,87
184,77	1167,34
184,99	1210,35
185,21	1159,15
185,43	1214,45
185,65	1185,77
185,87	1198,06
186,10	1212,40
186,32	1224,69
186,54	1173,49
186,76	1204,21
186,98	1212,40
187,20	1245,16
187,42	1165,29
187,64	1183,73
187,86	1253,36
188,08	1181,68
188,30	1191,92
188,52	1206,25
188,75	1216,49
188,97	1183,73
189,19	1146,86
189,41	1236,97
189,63	1179,63
189,85	1136,62
190,07	1185,77
190,29	1208,30
190,51	1202,16
190,73	1171,44
190,95	1153,01
191,17	1216,49
191,39	1228,78
191,61	1232,88
191,84	1200,11
192,06	1179,63
192,28	1146,86
192,50	1183,73
192,72	1191,92
192,94	1136,62
193,16	1185,77
193,38	1236,97
193,60	1208,30
193,82	1179,63
194,04	1112,05
194,26	1198,06
194,48	1134,57
194,70	1202,16
194,92	1157,10
195,14	1167,34
195,36	1222,64
195,58	1175,53
195,80	1191,92
196,02	1220,59
196,24	1232,88
196,46	1173,49
196,69	1208,30
196,91	1146,86
197,13	1220,59
197,35	1220,59
197,57	1257,45
197,79	1189,87
198,01	1265,64
198,23	1214,45
198,45	1169,39
198,67	1179,63
198,89	1232,88
199,11	1191,92
199,33	1155,05
199,55	1175,53
199,77	1120,24
199,99	1220,59
200,21	1177,58
200,43	1226,73
200,65	1179,63
200,87	1161,20
201,09	1257,45
201,31	1202,16
201,53	1288,17
201,75	1239,02
201,97	1263,60
202,19	1232,88
202,41	1153,01
202,63	1204,21
202,85	1196,01
203,07	1222,64
203,29	1212,40
203,51	1173,49
203,73	1224,69
203,95	1216,49
204,17	1171,44
204,39	1247,21
204,61	1167,34
204,83	1259,50
205,05	1224,69
205,27	1257,45
205,49	1101,81
205,71	1249,26
205,93	1187,82
206,15	1282,03
206,37	1247,21
206,59	1142,77
206,81	1218,54
207,03	1173,49
207,25	1163,25
207,47	1239,02
207,69	1214,45
207,91	1218,54
208,13	1148,91
208,34	1216,49
208,56	1150,96
208,78	1187,82
209,00	1175,53
209,22	1189,87
209,44	1222,64
209,66	1253,36
209,88	1228,78
210,10	1210,35
210,32	1179,63
210,54	1204,21
210,76	1187,82
210,98	1210,35
211,20	1212,40
211,42	1167,34
211,64	1218,54
211,86	1171,44
212,08	1148,91
212,30	1185,77
212,52	1253,36
212,74	1234,93
212,96	1247,21
213,17	1185,77
213,39	1214,45
213,61	1202,16
213,83	1234,93
214,05	1302,51
214,27	1148,91
214,49	1183,73
214,71	1282,03
214,93	1230,83
215,15	1255,40
215,37	1210,35
215,59	1208,30
215,81	1173,49
216,03	1165,29
216,24	1200,11
216,46	1185,77
216,68	1193,97
216,90	1163,25
217,12	1148,91
217,34	1206,25
217,56	1261,55
217,78	1132,53
218,00	1239,02
218,22	1132,53
218,44	1189,87
218,66	1101,81
218,87	1167,34
219,09	1167,34
219,31	1284,08
219,53	1234,93
219,75	1259,50
219,97	1193,97
220,19	1167,34
220,41	1161,20
220,63	1183,73
220,85	1185,77
221,06	1216,49
221,28	1167,34
221,50	1153,01
221,72	1243,12
221,94	1224,69
222,16	1157,10
222,38	1175,53
222,60	1214,45
222,82	1171,44
223,03	1206,25
223,25	1193,97
223,47	1269,74
223,69	1175,53
223,91	1208,30
224,13	1236,97
224,35	1222,64
224,57	1177,58
224,78	1144,81
225,00	1183,73
225,22	1208,30
225,44	1239,02
225,66	1212,40
225,88	1167,34
226,10	1230,83
226,32	1114,10
226,53	1175,53
226,75	1179,63
226,97	1142,77
227,19	1159,15
227,41	1245,16
227,63	1232,88
227,85	1157,10
228,06	1267,69
228,28	1134,57
228,50	1148,91
228,72	1130,48
228,94	1220,59
229,16	1159,15
229,37	1236,97
229,59	1200,11
229,81	1247,21
230,03	1222,64
230,25	1220,59
230,47	1169,39
230,69	1181,68
230,90	1191,92
231,12	1202,16
231,34	1234,93
231,56	1220,59
231,78	1224,69
232,00	1165,29
232,21	1169,39
232,43	1216,49
232,65	1146,86
232,87	1157,10
233,09	1220,59
233,30	1202,16
233,52	1210,35
233,74	1193,97
233,96	1169,39
234,18	1232,88
234,40	1198,06
234,61	1196,01
234,83	1216,49
235,05	1234,93
235,27	1210,35
235,49	1200,11
235,70	1185,77
235,92	1224,69
236,14	1144,81
236,36	1226,73
236,58	1171,44
236,79	1251,31
237,01	1247,21
237,23	1175,53
237,45	1241,07
237,67	1208,30
237,88	1222,64
238,10	1177,58
238,32	1216,49
238,54	1183,73
238,76	1198,06
238,97	1165,29
239,19	1279,98
239,41	1273,84
239,63	1208,30
239,85	1191,92
240,06	1138,67
240,28	1218,54
240,50	1253,36
240,72	1241,07
240,93	1175,53
241,15	1155,05
241,37	1243,12
241,59	1273,84
241,81	1196,01
242,02	1124,33
242,24	1204,21
242,46	1189,87
242,68	1187,82
242,89	1169,39
243,11	1181,68
243,33	1226,73
243,55	1214,45
243,76	1259,50
243,98	1204,21
244,20	1220,59
244,42	1202,16
244,64	1204,21
244,85	1140,72
245,07	1230,83
245,29	1234,93
245,51	1208,30
245,72	1202,16
245,94	1165,29
246,16	1208,30
246,38	1204,21
246,59	1153,01
246,81	1222,64
247,03	1198,06
247,24	1161,20
247,46	1253,36
247,68	1175,53
247,90	1206,25
248,11	1167,34
248,33	1140,72
248,55	1198,06
248,77	1222,64
248,98	1181,68
249,20	1259,50
249,42	1208,30
249,64	1193,97
249,85	1204,21
250,07	1232,88
250,29	1214,45
250,50	1144,81
250,72	1183,73
250,94	1204,21
251,16	1208,30
251,37	1234,93
251,59	1167,34
251,81	1136,62
252,02	1204,21
252,24	1116,14
252,46	1230,83
252,68	1167,34
252,89	1198,06
253,11	1200,11
253,33	1200,11
253,54	1101,81
253,76	1214,45
253,98	1232,88
254,20	1173,49
254,41	1130,48
254,63	1146,86
254,85	1204,21
255,06	1255,40
255,28	1234,93
255,50	1193,97
255,71	1224,69
255,93	1232,88
256,15	1183,73
256,36	1169,39
256,58	1191,92
256,80	1245,16
257,02	1265,64
257,23	1146,86
257,45	1191,92
257,67	1228,78
257,88	1173,49
258,10	1216,49
258,32	1179,63
258,53	1218,54
258,75	1185,77
258,97	1136,62
259,18	1200,11
259,40	1177,58
259,62	1224,69
259,83	1193,97
260,05	1202,16
260,27	1259,50
260,48	1148,91
260,70	1163,25
260,92	1153,01
261,13	1236,97
261,35	1241,07
261,57	1214,45
261,78	1159,15
262,00	1212,40
262,22	1161,20
262,43	1146,86
262,65	1191,92
262,86	1206,25
263,08	1275,88
263,30	1167,34
263,51	1120,24
263,73	1177,58
263,95	1232,88
264,16	1167,34
264,38	1175,53
264,60	1198,06
264,81	1216,49
265,03	1130,48
265,25	1126,38
265,46	1241,07
265,68	1200,11
265,89	1177,58
266,11	1226,73
266,33	1212,40
266,54	1286,12
266,76	1126,38
266,98	1165,29
267,19	1189,87
267,41	1210,35
267,62	1165,29
267,84	1150,96
268,06	1181,68
268,27	1208,30
268,49	1173,49
268,70	1220,59
268,92	1236,97
269,14	1177,58
269,35	1181,68
269,57	1134,57
269,79	1187,82
270,00	1187,82
270,22	1206,25
270,43	1200,11
270,65	1200,11
270,87	1222,64
271,08	1130,48
271,30	1220,59
271,51	1234,93
271,73	1157,10
271,95	1150,96
272,16	1138,67
272,38	1241,07
272,59	1177,58
272,81	1185,77
273,02	1191,92
273,24	1191,92
273,46	1159,15
273,67	1140,72
273,89	1228,78
274,10	1187,82
274,32	1144,81
274,54	1161,20
274,75	1226,73
274,97	1163,25
275,18	1216,49
275,40	1236,97
275,61	1165,29
275,83	1224,69
276,05	1214,45
276,26	1200,11
276,48	1136,62
276,69	1175,53
276,91	1200,11
277,12	1257,45
277,34	1214,45
277,55	1183,73
277,77	1185,77
277,99	1204,21
278,20	1200,11
278,42	1214,45
278,63	1193,97
278,85	1196,01
279,06	1183,73
279,28	1189,87
279,49	1216,49
279,71	1185,77
279,93	1208,30
280,14	1163,25
280,36	1204,21
280,57	1216,49
280,79	1144,81
281,00	1228,78
281,22	1216,49
281,43	1153,01
281,65	1232,88
281,86	1163,25
282,08	1196,01
282,29	1142,77
282,51	1253,36
282,73	1222,64
282,94	1144,81
283,16	1212,40
283,37	1257,45
283,59	1183,73
283,80	1204,21
284,02	1159,15
284,23	1200,11
284,45	1222,64
284,66	1173,49
284,88	1185,77
285,09	1159,15
285,31	1259,50
285,52	1206,25
285,74	1216,49
285,95	1226,73
286,17	1206,25
286,38	1208,30
286,60	1181,68
286,81	1196,01
287,03	1239,02
287,24	1165,29
287,46	1210,35
287,67	1159,15
287,89	1112,05
288,10	1189,87
288,32	1234,93
288,53	1183,73
288,75	1134,57
288,96	1196,01
289,18	1206,25
289,39	1226,73
289,61	1234,93
289,82	1177,58
290,04	1175,53
290,25	1204,21
290,47	1128,43
290,68	1193,97
290,90	1212,40
291,11	1153,01
291,33	1208,30
291,54	1171,44
291,76	1220,59
291,97	1261,55
292,18	1189,87
292,40	1126,38
292,61	1232,88
292,83	1232,88
293,04	1263,60
293,26	1183,73
293,47	1253,36
293,69	1210,35
293,90	1204,21
294,12	1093,62
294,33	1208,30
294,55	1179,63
294,76	1200,11
294,97	1161,20
295,19	1236,97
295,40	1210,35
295,62	1183,73
295,83	1183,73
296,05	1239,02
296,26	1243,12
296,48	1124,33
296,69	1200,11
296,90	1241,07
297,12	1206,25
297,33	1165,29
297,55	1157,10
297,76	1253,36
297,98	1142,77
298,19	1183,73
298,41	1136,62
298,62	1171,44
298,83	1193,97
299,05	1196,01
299,26	1183,73
299,48	1202,16
299,69	1206,25
299,90	1212,40
300,12	1167,34
300,33	1222,64
300,55	1159,15
300,76	1247,21
300,98	1202,16
301,19	1255,40
301,40	1193,97
301,62	1183,73
301,83	1214,45
302,05	1155,05
302,26	1220,59
302,47	1224,69
302,69	1179,63
302,90	1122,29
303,12	1167,34
303,33	1173,49
303,54	1181,68
303,76	1175,53
303,97	1173,49
304,19	1232,88
304,40	1232,88
304,61	1126,38
304,83	1208,30
305,04	1159,15
305,26	1257,45
305,47	1216,49
305,68	1112,05
305,90	1251,31
306,11	1200,11
306,33	1198,06
306,54	1183,73
306,75	1116,14
306,97	1212,40
307,18	1185,77
307,39	1169,39
307,61	1193,97
307,82	1155,05
308,04	1189,87
308,25	1216,49
308,46	1255,40
308,68	1202,16
308,89	1196,01
309,10	1185,77
309,32	1099,76
309,53	1185,77
309,74	1140,72
309,96	1177,58
310,17	1161,20
310,39	1204,21
310,60	1216,49
310,81	1173,49
311,03	1153,01
311,24	1165,29
311,45	1234,93
311,67	1159,15
311,88	1071,09
312,09	1153,01
312,31	1200,11
312,52	1208,30
312,73	1206,25
312,95	1204,21
313,16	1187,82
313,37	1236,97
313,59	1230,83
313,80	1161,20
314,01	1165,29
314,23	1122,29
314,44	1200,11
314,65	1153,01
314,87	1183,73
315,08	1212,40
315,29	1185,77
315,51	1126,38
315,72	1163,25
315,93	1075,18
316,15	1204,21
316,36	1179,63
316,57	1214,45
316,79	1239,02
317,00	1206,25
317,21	1155,05
317,43	1202,16
317,64	1232,88
317,85	1193,97
318,07	1206,25
318,28	1243,12
318,49	1245,16
318,70	1216,49
318,92	1163,25
319,13	1161,20
319,34	1105,90
319,56	1183,73
319,77	1206,25
319,98	1202,16
320,20	1253,36
320,41	1228,78
320,62	1169,39
320,83	1138,67
321,05	1163,25
321,26	1198,06
321,47	1204,21
321,69	1153,01
321,90	1222,64
322,11	1159,15
322,32	1126,38
322,54	1191,92
322,75	1247,21
322,96	1175,53
323,18	1052,66
323,39	1185,77
323,60	1243,12
323,81	1175,53
324,03	1128,43
324,24	1232,88
324,45	1269,74
324,66	1157,10
324,88	1163,25
325,09	1216,49
325,30	1189,87
325,52	1175,53
325,73	1239,02
325,94	1198,06
326,15	1187,82
326,37	1167,34
326,58	1126,38
326,79	1173,49
327,00	1220,59
327,22	1224,69
327,43	1126,38
327,64	1183,73
327,85	1200,11
328,07	1232,88
328,28	1120,24
328,49	1148,91
328,70	1169,39
328,92	1218,54
329,13	1099,76
329,34	1208,30
329,55	1222,64
329,76	1220,59
329,98	1181,68
330,19	1183,73
330,40	1134,57
330,61	1298,41
330,83	1230,83
331,04	1157,10
331,25	1257,45
331,46	1173,49
331,68	1212,40
331,89	1140,72
332,10	1236,97
332,31	1179,63
332,52	1196,01
332,74	1220,59
332,95	1216,49
333,16	1193,97
333,37	1146,86
333,58	1146,86
333,80	1187,82
334,01	1214,45
334,22	1171,44
334,43	1163,25
334,64	1204,21
334,86	1271,79
335,07	1146,86
335,28	1253,36
335,49	1169,39
335,70	1179,63
335,92	1185,77
336,13	1089,52
336,34	1155,05
336,55	1163,25
336,76	1146,86
336,98	1177,58
337,19	1144,81
337,40	1214,45
337,61	1163,25
337,82	1251,31
338,04	1253,36
338,25	1122,29
338,46	1196,01
338,67	1236,97
338,88	1159,15
339,09	1165,29
339,31	1191,92
339,52	1243,12
339,73	1132,53
339,94	1173,49
340,15	1196,01
340,36	1153,01
340,58	1206,25
340,79	1206,25
341,00	1187,82
341,21	1267,69
341,42	1167,34
341,63	1101,81
341,85	1232,88
342,06	1173,49
342,27	1243,12
342,48	1122,29
342,69	1191,92
342,90	1200,11
343,12	1132,53
343,33	1234,93
343,54	1222,64
343,75	1179,63
343,96	1230,83
344,17	1146,86
344,38	1181,68
344,60	1218,54
344,81	1159,15
345,02	1200,11
345,23	1189,87
345,44	1193,97
345,65	1208,30
345,86	1200,11
346,07	1200,11
346,29	1167,34
346,50	1243,12
346,71	1206,25
346,92	1198,06
347,13	1185,77
347,34	1239,02
347,55	1171,44
347,76	1181,68
347,98	1206,25
348,19	1107,95
348,40	1290,22
348,61	1249,26
348,82	1144,81
349,03	1159,15
349,24	1232,88
349,45	1218,54
349,66	1146,86
349,88	1224,69
350,09	1239,02
350,30	1148,91
350,51	1249,26
350,72	1126,38
350,93	1210,35
351,14	1144,81
351,35	1206,25
351,56	1191,92
351,77	1142,77
351,99	1161,20
352,20	1191,92
352,41	1138,67
352,62	1198,06
352,83	1259,50
353,04	1249,26
353,25	1146,86
353,46	1189,87
353,67	1128,43
353,88	1255,40
354,09	1179,63
354,30	1181,68
354,52	1122,29
354,73	1122,29
354,94	1148,91
355,15	1206,25
355,36	1144,81
355,57	1232,88
355,78	1163,25
355,99	1216,49
356,20	1187,82
356,41	1206,25
356,62	1175,53
356,83	1222,64
357,04	1148,91
357,25	1228,78
357,46	1159,15
357,68	1208,30
357,89	1224,69
358,10	1224,69
358,31	1210,35
358,52	1193,97
358,73	1198,06
358,94	1153,01
359,15	1157,10
359,36	1261,55
359,57	1165,29
359,78	1169,39
359,99	1193,97
360,20	1224,69
360,41	1177,58
360,62	1230,83
360,83	1265,64
361,04	1243,12
361,25	1214,45
361,46	1202,16
361,67	1226,73
361,88	1200,11
362,09	1208,30
362,30	1150,96
362,51	1269,74
362,72	1171,44
362,93	1155,05
363,14	1259,50
363,35	1196,01
363,56	1191,92
363,78	1239,02
363,99	1265,64
364,20	1269,74
364,41	1097,71
364,62	1171,44
364,83	1208,30
365,04	1161,20
365,25	1214,45
365,46	1110,00
365,67	1183,73
365,88	1142,77
366,09	1189,87
366,30	1216,49
366,51	1196,01
366,72	1161,20
366,93	1173,49
367,14	1146,86
367,35	1218,54
367,56	1132,53
367,77	1175,53
367,98	1212,40
368,18	1173,49
368,39	1189,87
368,60	1200,11
368,81	1239,02
369,02	1173,49
369,23	1220,59
369,44	1183,73
369,65	1232,88
369,86	1185,77
370,07	1210,35
370,28	1230,83
370,49	1230,83
370,70	1153,01
370,91	1247,21
371,12	1189,87
371,33	1226,73
371,54	1181,68
371,75	1193,97
371,96	1218,54
372,17	1200,11
372,38	1198,06
372,59	1224,69
372,80	1198,06
373,01	1214,45
373,22	1224,69
373,43	1212,40
373,64	1251,31
373,85	1200,11
374,06	1228,78
374,26	1155,05
374,47	1261,55
374,68	1214,45
374,89	1196,01
375,10	1198,06
375,31	1181,68
375,52	1153,01
375,73	1212,40
375,94	1181,68
376,15	1214,45
376,36	1239,02
376,57	1214,45
376,78	1306,60
376,99	1150,96
377,20	1253,36
377,40	1183,73
377,61	1241,07
377,82	1206,25
378,03	1161,20
378,24	1247,21
378,45	1165,29
378,66	1218,54
378,87	1142,77
379,08	1189,87
379,29	1163,25
379,50	1241,07
379,71	1136,62
379,91	1232,88
380,12	1120,24
380,33	1216,49
380,54	1226,73
380,75	1202,16
380,96	1173,49
381,17	1200,11
381,38	1179,63
381,59	1183,73
381,80	1144,81
382,00	1224,69
382,21	1144,81
382,42	1159,15
382,63	1179,63
382,84	1198,06
383,05	1196,01
383,26	1112,05
383,47	1263,60
383,68	1191,92
383,88	1216,49
384,09	1216,49
384,30	1232,88
384,51	1181,68
384,72	1191,92
384,93	1247,21
385,14	1220,59
385,35	1218,54
385,55	1200,11
385,76	1212,40
385,97	1200,11
386,18	1189,87
386,39	1183,73
386,60	1185,77
386,81	1202,16
387,02	1169,39
387,22	1185,77
387,43	1193,97
387,64	1167,34
387,85	1226,73
388,06	1165,29
388,27	1232,88
388,48	1183,73
388,68	1224,69
388,89	1134,57
389,10	1282,03
389,31	1212,40
389,52	1114,10
389,73	1177,58
389,93	1107,95
390,14	1193,97
390,35	1171,44
390,56	1198,06
390,77	1167,34
390,98	1142,77
391,18	1284,08
391,39	1196,01
391,60	1218,54
391,81	1200,11
392,02	1230,83
392,23	1204,21
392,43	1196,01
392,64	1191,92
392,85	1189,87
393,06	1148,91
393,27	1146,86
393,47	1159,15
393,68	1206,25
393,89	1124,33
394,10	1153,01
394,31	1228,78
394,52	1206,25
394,72	1230,83
394,93	1245,16
395,14	1210,35
395,35	1189,87
395,56	1198,06
395,76	1206,25
395,97	1251,31
396,18	1239,02
396,39	1183,73
396,60	1220,59
396,80	1167,34
397,01	1228,78
397,22	1222,64
397,43	1157,10
397,64	1224,69
397,84	1181,68
398,05	1204,21
398,26	1150,96
398,47	1230,83
398,67	1226,73
398,88	1138,67
399,09	1212,40
399,30	1198,06
399,51	1208,30
399,71	1157,10
399,92	1218,54
400,13	1230,83
400,34	1181,68
400,54	1210,35
400,75	1204,21
400,96	1196,01
401,17	1232,88
401,37	1200,11
401,58	1218,54
401,79	1155,05
402,00	1165,29
402,21	1216,49
402,41	1263,60
402,62	1167,34
402,83	1251,31
403,04	1183,73
403,24	1196,01
403,45	1236,97
403,66	1204,21
403,87	1206,25
404,07	1169,39
404,28	1148,91
404,49	1214,45
404,70	1212,40
404,90	1196,01
405,11	1165,29
405,32	1142,77
405,52	1146,86
405,73	1261,55
405,94	1136,62
406,15	1157,10
406,35	1222,64
406,56	1202,16
406,77	1251,31
406,98	1196,01
407,18	1212,40
407,39	1193,97
407,60	1165,29
407,80	1150,96
408,01	1181,68
408,22	1181,68
408,43	1196,01
408,63	1241,07
408,84	1193,97
409,05	1112,05
409,25	1259,50
409,46	1243,12
409,67	1191,92
409,88	1193,97
410,08	1173,49
410,29	1263,60
410,50	1206,25
410,70	1183,73
410,91	1245,16
411,12	1134,57
411,32	1214,45
411,53	1208,30
411,74	1177,58
411,95	1230,83
412,15	1183,73
412,36	1146,86
412,57	1202,16
412,77	1165,29
412,98	1212,40
413,19	1191,92
413,39	1204,21
413,60	1222,64
413,81	1142,77
414,01	1259,50
414,22	1202,16
414,43	1259,50
414,63	1167,34
414,84	1177,58
415,05	1224,69
415,25	1189,87
415,46	1175,53
415,67	1128,43
415,87	1193,97
416,08	1202,16
416,29	1169,39
416,49	1177,58
416,70	1191,92
416,91	1236,97
417,11	1228,78
417,32	1249,26
417,53	1202,16
417,73	1234,93
417,94	1251,31
418,15	1161,20
418,35	1163,25
418,56	1138,67
418,77	1245,16
418,97	1232,88
419,18	1181,68
419,38	1159,15
419,59	1124,33
419,80	1175,53
420,00	1212,40
420,21	1204,21
420,42	1198,06
420,62	1226,73
420,83	1200,11
421,04	1142,77
421,24	1146,86
421,45	1261,55
421,65	1171,44
421,86	1206,25
422,07	1191,92
422,27	1277,93
422,48	1230,83
422,69	1159,15
422,89	1191,92
423,10	1269,74
423,30	1187,82
423,51	1167,34
423,72	1163,25
423,92	1167,34
424,13	1204,21
424,33	1277,93
424,54	1198,06
424,75	1167,34
424,95	1189,87
425,16	1136,62
425,36	1193,97
425,57	1222,64
425,78	1134,57
425,98	1136,62
426,19	1122,29
426,39	1234,93
426,60	1249,26
426,81	1138,67
427,01	1105,90
427,22	1222,64
427,42	1247,21
427,63	1181,68
427,83	1175,53
428,04	1183,73
428,25	1204,21
428,45	1167,34
428,66	1171,44
428,86	1239,02
429,07	1200,11
429,28	1165,29
429,48	1159,15
429,69	1173,49
429,89	1179,63
430,10	1189,87
430,30	1179,63
430,51	1183,73
430,71	1165,29
430,92	1312,75
431,13	1155,05
431,33	1222,64
431,54	1148,91
431,74	1175,53
431,95	1220,59
432,15	1165,29
432,36	1183,73
432,56	1224,69
432,77	1236,97
432,98	1208,30
433,18	1136,62
433,39	1165,29
433,59	1204,21
433,80	1183,73
434,00	1150,96
434,21	1212,40
434,41	1144,81
434,62	1228,78
434,82	1185,77
435,03	1187,82
435,23	1251,31
435,44	1220,59
435,64	1116,14
435,85	1157,10
436,06	1196,01
436,26	1224,69
436,47	1153,01
436,67	1173,49
436,88	1193,97
437,08	1198,06
437,29	1124,33
437,49	1236,97
437,70	1210,35
437,90	1267,69
438,11	1216,49
438,31	1296,36
438,52	1093,62
438,72	1183,73
438,93	1183,73
439,13	1169,39
439,34	1146,86
439,54	1132,53
439,75	1210,35
439,95	1232,88
440,16	1144,81
440,36	1081,33
440,57	1200,11
440,77	1212,40
440,98	1122,29
441,18	1118,19
441,39	1236,97
441,59	1228,78
441,80	1206,25
442,00	1243,12
442,21	1204,21
442,41	1202,16
442,62	1218,54
442,82	1126,38
443,02	1224,69
443,23	1179,63
443,43	1159,15
443,64	1142,77
443,84	1140,72
444,05	1193,97
444,25	1175,53
444,46	1193,97
444,66	1214,45
444,87	1228,78
445,07	1185,77
445,28	1255,40
445,48	1163,25
445,69	1171,44
445,89	1196,01
446,09	1198,06
446,30	1200,11
446,50	1155,05
446,71	1226,73
446,91	1189,87
447,12	1214,45
447,32	1216,49
447,53	1099,76
447,73	1202,16
447,93	1165,29
448,14	1290,22
448,34	1200,11
448,55	1142,77
448,75	1218,54
448,96	1200,11
449,16	1099,76
449,36	1148,91
449,57	1150,96
449,77	1189,87
449,98	1120,24
450,18	1204,21
450,39	1204,21
450,59	1204,21
450,79	1245,16
451,00	1153,01
451,20	1153,01
451,41	1239,02
451,61	1183,73
451,81	1206,25
452,02	1206,25
452,22	1169,39
452,43	1216,49
452,63	1157,10
452,84	1163,25
453,04	1212,40
453,24	1222,64
453,45	1239,02
453,65	1138,67
453,86	1183,73
454,06	1116,14
454,26	1175,53
454,47	1218,54
454,67	1198,06
454,87	1171,44
455,08	1183,73
455,28	1181,68
455,49	1200,11
455,69	1095,66
455,89	1112,05
456,10	1161,20
456,30	1134,57
456,51	1193,97
456,71	1167,34
456,91	1167,34
457,12	1220,59
457,32	1210,35
457,52	1245,16
457,73	1114,10
457,93	1206,25
458,14	1245,16
458,34	1157,10
458,54	1155,05
458,75	1140,72
458,95	1220,59
459,15	1208,30
459,36	1198,06
459,56	1187,82
459,76	1191,92
459,97	1187,82
460,17	1181,68
460,37	1232,88
460,58	1212,40
460,78	1089,52
460,99	1165,29
461,19	1196,01
461,39	1236,97
461,60	1204,21
461,80	1167,34
462,00	1136,62
462,21	1175,53
462,41	1259,50
462,61	1177,58
462,82	1150,96
463,02	1155,05
463,22	1110,00
463,43	1169,39
463,63	1198,06
463,83	1183,73
464,04	1173,49
464,24	1226,73
464,44	1146,86
464,64	1196,01
464,85	1204,21
465,05	1212,40
465,25	1279,98
465,46	1189,87
465,66	1191,92
465,86	1249,26
466,07	1114,10
466,27	1198,06
466,47	1179,63
466,68	1132,53
466,88	1181,68
467,08	1177,58
467,29	1165,29
467,49	1241,07
467,69	1265,64
467,89	1204,21
468,10	1208,30
468,30	1191,92
468,50	1179,63
468,71	1216,49
468,91	1196,01
469,11	1171,44
469,31	1245,16
469,52	1234,93
469,72	1271,79
469,92	1239,02
470,13	1210,35
470,33	1146,86
470,53	1179,63
470,73	1232,88
470,94	1216,49
471,14	1122,29
471,34	1210,35
471,54	1181,68
471,75	1177,58
471,95	1163,25
472,15	1220,59
472,36	1175,53
472,56	1175,53
472,76	1161,20
472,96	1196,01
473,17	1185,77
473,37	1218,54
473,57	1232,88
473,77	1157,10
473,98	1191,92
474,18	1171,44
474,38	1312,75
474,58	1206,25
474,79	1200,11
474,99	1198,06
475,19	1159,15
475,39	1187,82
475,60	1146,86
475,80	1181,68
476,00	1206,25
476,20	1228,78
476,41	1181,68
476,61	1132,53
476,81	1173,49
477,01	1163,25
477,21	1204,21
477,42	1208,30
477,62	1150,96
477,82	1241,07
478,02	1179,63
478,23	1132,53
478,43	1200,11
478,63	1150,96
478,83	1150,96
479,03	1198,06
479,24	1204,21
479,44	1193,97
479,64	1128,43
479,84	1234,93
480,04	1136,62
480,25	1239,02
480,45	1167,34
480,65	1134,57
480,85	1202,16
481,06	1214,45
481,26	1216,49
481,46	1198,06
481,66	1206,25
481,86	1257,45
482,06	1226,73
482,27	1185,77
482,47	1183,73
482,67	1239,02
482,87	1251,31
483,07	1232,88
483,28	1255,40
483,48	1132,53
483,68	1208,30
483,88	1189,87
484,08	1224,69
484,29	1144,81
484,49	1193,97
484,69	1204,21
484,89	1138,67
485,09	1187,82
485,29	1193,97
485,50	1232,88
485,70	1226,73
485,90	1191,92
486,10	1155,05
486,30	1130,48
486,50	1097,71
486,71	1191,92
486,91	1177,58
487,11	1200,11
487,31	1134,57
487,51	1183,73
487,71	1220,59
487,91	1181,68
488,12	1146,86
488,32	1175,53
488,52	1175,53
488,72	1177,58
488,92	1169,39
489,12	1175,53
489,32	1159,15
489,53	1171,44
489,73	1218,54
489,93	1267,69
490,13	1189,87
490,33	1179,63
490,53	1128,43
490,73	1187,82
490,94	1222,64
491,14	1181,68
491,34	1142,77
491,54	1200,11
491,74	1191,92
491,94	1118,19
492,14	1196,01
492,34	1148,91
492,54	1218,54
492,75	1179,63
492,95	1210,35
493,15	1175,53
493,35	1230,83
493,55	1181,68
493,75	1155,05
493,95	1167,34
494,15	1245,16
494,35	1222,64
494,56	1155,05
494,76	1183,73
494,96	1257,45
495,16	1288,17
495,36	1144,81
495,56	1171,44
495,76	1271,79
495,96	1224,69
496,16	1212,40
496,36	1138,67
496,56	1187,82
496,77	1191,92
496,97	1120,24
497,17	1196,01
497,37	1208,30
497,57	1273,84
497,77	1189,87
497,97	1150,96
498,17	1155,05
498,37	1181,68
498,57	1220,59
498,77	1232,88
498,97	1144,81
499,17	1171,44
499,38	1130,48
499,58	1224,69
499,78	1241,07
499,98	1292,27
500,18	1181,68
500,38	1185,77
500,58	1187,82
500,78	1155,05
500,98	1171,44
501,18	1210,35
501,38	1218,54
501,58	1220,59
501,78	1142,77
501,98	1265,64
502,18	1193,97
502,38	1167,34
502,58	1189,87
502,78	1241,07
502,98	1105,90
503,18	1214,45
503,38	1177,58
503,59	1232,88
503,79	1245,16
503,99	1208,30
504,19	1220,59
504,39	1163,25
504,59	1218,54
504,79	1179,63
504,99	1200,11
505,19	1216,49
505,39	1191,92
505,59	1187,82
505,79	1204,21
505,99	1173,49
506,19	1200,11
506,39	1169,39
506,59	1222,64
506,79	1198,06
506,99	1189,87
507,19	1171,44
507,39	1224,69
507,59	1200,11
507,79	1208,30
507,99	1187,82
508,19	1146,86
508,39	1206,25
508,59	1130,48
508,79	1165,29
508,99	1187,82
509,19	1167,34
509,39	1177,58
509,59	1159,15
509,79	1157,10
509,99	1200,11
510,19	1167,34
510,39	1232,88
510,59	1230,83
510,79	1200,11
510,99	1124,33
511,19	1193,97
511,39	1257,45
511,59	1171,44
511,79	1200,11
511,99	1220,59
512,19	1120,24
512,38	1269,74
512,58	1236,97
512,78	1206,25
512,98	1193,97
513,18	1212,40
513,38	1177,58
513,58	1269,74
513,78	1234,93
513,98	1212,40
514,18	1220,59
514,38	1163,25
514,58	1183,73
514,78	1165,29
514,98	1114,10
515,18	1200,11
515,38	1142,77
515,58	1150,96
515,78	1173,49
515,98	1232,88
516,18	1200,11
516,38	1107,95
516,57	1163,25
516,77	1214,45
516,97	1093,62
517,17	1230,83
517,37	1120,24
517,57	1200,11
517,77	1110,00
517,97	1191,92
518,17	1263,60
518,37	1183,73
518,57	1128,43
518,77	1175,53
518,97	1212,40
519,16	1206,25
519,36	1159,15
519,56	1173,49
519,76	1181,68
519,96	1138,67
520,16	1181,68
520,36	1142,77
520,56	1146,86
520,76	1206,25
520,96	1222,64
521,16	1259,50
521,35	1157,10
521,55	1173,49
521,75	1107,95
521,95	1214,45
522,15	1183,73
522,35	1163,25
522,55	1155,05
522,75	1269,74
522,95	1210,35
523,14	1220,59
523,34	1105,90
523,54	1245,16
523,74	1157,10
523,94	1167,34
524,14	1234,93
524,34	1153,01
524,54	1189,87
524,73	1232,88
524,93	1114,10
525,13	1196,01
525,33	1177,58
525,53	1181,68
525,73	1226,73
525,93	1214,45
526,13	1198,06
526,32	1206,25
526,52	1230,83
526,72	1208,30
526,92	1179,63
527,12	1232,88
527,32	1177,58
527,52	1171,44
527,71	1177,58
527,91	1234,93
528,11	1150,96
528,31	1200,11
528,51	1304,56
528,71	1212,40
528,90	1236,97
529,10	1216,49
529,30	1185,77
529,50	1142,77
529,70	1155,05
529,90	1224,69
530,09	1196,01
530,29	1191,92
530,49	1243,12
530,69	1183,73
530,89	1210,35
531,09	1273,84
531,28	1179,63
531,48	1204,21
531,68	1181,68
531,88	1196,01
532,08	1232,88
532,28	1181,68
532,47	1159,15
532,67	1157,10
532,87	1144,81
533,07	1218,54
533,27	1236,97
533,46	1175,53
533,66	1146,86
533,86	1128,43
534,06	1189,87
534,26	1200,11
534,45	1165,29
534,65	1210,35
534,85	1181,68
535,05	1212,40
535,25	1163,25
535,44	1206,25
535,64	1261,55
535,84	1230,83
536,04	1191,92
536,24	1220,59
536,43	1208,30
536,63	1193,97
536,83	1210,35
537,03	1196,01
537,22	1183,73
537,42	1157,10
537,62	1198,06
537,82	1181,68
538,02	1208,30
538,21	1116,14
538,41	1140,72
538,61	1181,68
538,81	1183,73
539,00	1185,77
539,20	1222,64
539,40	1206,25
539,60	1177,58
539,79	1271,79
539,99	1142,77
540,19	1220,59
540,39	1212,40
540,58	1191,92
540,78	1185,77
540,98	1277,93
541,18	1157,10
541,37	1183,73
541,57	1216,49
541,77	1220,59
541,97	1140,72
542,16	1185,77
542,36	1243,12
542,56	1163,25
542,76	1222,64
542,95	1157,10
543,15	1134,57
543,35	1142,77
543,54	1224,69
543,74	1273,84
543,94	1253,36
544,14	1200,11
544,33	1140,72
544,53	1173,49
544,73	1187,82
544,93	1189,87
545,12	1144,81
545,32	1177,58
545,52	1200,11
545,71	1155,05
545,91	1179,63
546,11	1132,53
546,30	1173,49
546,50	1191,92
546,70	1282,03
546,90	1210,35
547,09	1165,29
547,29	1181,68
547,49	1185,77
547,68	1161,20
547,88	1103,86
548,08	1175,53
548,27	1230,83
548,47	1208,30
548,67	1220,59
548,87	1222,64
549,06	1232,88
549,26	1150,96
549,46	1157,10
549,65	1173,49
549,85	1216,49
550,05	1200,11
550,24	1169,39
550,44	1245,16
550,64	1187,82
550,83	1249,26
551,03	1110,00
551,23	1214,45
551,42	1202,16
551,62	1279,98
551,82	1179,63
552,01	1277,93
552,21	1157,10
552,41	1175,53
552,60	1216,49
552,80	1228,78
553,00	1185,77
553,19	1150,96
553,39	1140,72
553,59	1165,29
553,78	1226,73
553,98	1234,93
554,17	1214,45
554,37	1218,54
554,57	1183,73
554,76	1179,63
554,96	1134,57
555,16	1153,01
555,35	1153,01
555,55	1230,83
555,75	1157,10
555,94	1204,21
556,14	1173,49
556,33	1206,25
556,53	1191,92
556,73	1308,65
556,92	1228,78
557,12	1157,10
557,32	1095,66
557,51	1210,35
557,71	1120,24
557,90	1128,43
558,10	1222,64
558,30	1134,57
558,49	1214,45
558,69	1198,06
558,88	1144,81
559,08	1204,21
559,28	1239,02
559,47	1138,67
559,67	1159,15
559,86	1222,64
560,06	1208,30
560,26	1191,92
560,45	1236,97
560,65	1259,50
560,84	1183,73
561,04	1159,15
561,24	1200,11
561,43	1247,21
561,63	1179,63
561,82	1157,10
562,02	1189,87
562,22	1153,01
562,41	1171,44
562,61	1167,34
562,80	1196,01
563,00	1214,45
563,19	1187,82
563,39	1239,02
563,59	1208,30
563,78	1155,05
563,98	1228,78
564,17	1222,64
564,37	1093,62
564,56	1171,44
564,76	1191,92
564,96	1222,64
565,15	1226,73
565,35	1196,01
565,54	1187,82
565,74	1171,44
565,93	1241,07
566,13	1208,30
566,32	1204,21
566,52	1116,14
566,71	1112,05
566,91	1169,39
567,11	1236,97
567,30	1214,45
567,50	1206,25
567,69	1196,01
567,89	1175,53
568,08	1187,82
568,28	1214,45
568,47	1187,82
568,67	1230,83
568,86	1232,88
569,06	1222,64
569,25	1196,01
569,45	1185,77
569,64	1216,49
569,84	1153,01
570,04	1177,58
570,23	1269,74
570,43	1189,87
570,62	1173,49
570,82	1208,30
571,01	1159,15
571,21	1208,30
571,40	1187,82
571,60	1171,44
571,79	1155,05
571,99	1226,73
572,18	1193,97
572,38	1167,34
572,57	1228,78
572,77	1191,92
572,96	1144,81
573,16	1157,10
573,35	1130,48
573,55	1085,42
573,74	1196,01
573,94	1208,30
574,13	1212,40
574,33	1183,73
574,52	1206,25
574,71	1130,48
574,91	1187,82
575,10	1177,58
575,30	1196,01
575,49	1245,16
575,69	1124,33
575,88	1224,69
576,08	1202,16
576,27	1220,59
576,47	1218,54
576,66	1146,86
576,86	1167,34
577,05	1189,87
577,25	1230,83
577,44	1206,25
577,64	1279,98
577,83	1261,55
578,02	1167,34
578,22	1247,21
578,41	1236,97
578,61	1181,68
578,80	1257,45
579,00	1183,73
579,19	1220,59
579,39	1138,67
579,58	1236,97
579,77	1198,06
579,97	1193,97
580,16	1175,53
580,36	1288,17
580,55	1155,05
580,75	1150,96
580,94	1134,57
581,13	1230,83
581,33	1212,40
581,52	1200,11
581,72	1224,69
581,91	1193,97
582,11	1134,57
582,30	1130,48
582,49	1140,72
582,69	1200,11
582,88	1236,97
583,08	1173,49
583,27	1210,35
583,47	1282,03
583,66	1167,34
583,85	1183,73
584,05	1189,87
584,24	1169,39
584,44	1206,25
584,63	1294,32
584,82	1173,49
585,02	1171,44
585,21	1179,63
585,41	1265,64
585,60	1210,35
585,79	1288,17
585,99	1239,02
586,18	1310,70
586,37	1232,88
586,57	1130,48
586,76	1216,49
586,96	1150,96
587,15	1185,77
587,34	1191,92
587,54	1200,11
587,73	1218,54
587,93	1210,35
588,12	1177,58
588,31	1153,01
588,51	1165,29
588,70	1175,53
588,89	1200,11
589,09	1175,53
589,28	1191,92
589,47	1142,77
589,67	1218,54
589,86	1173,49
590,06	1183,73
590,25	1204,21
590,44	1150,96
590,64	1196,01
590,83	1206,25
591,02	1220,59
591,22	1247,21
591,41	1220,59
591,60	1214,45
591,80	1142,77
591,99	1189,87
592,18	1196,01
592,38	1267,69
592,57	1247,21
592,76	1179,63
592,96	1222,64
593,15	1200,11
593,34	1247,21
593,54	1247,21
593,73	1204,21
593,92	1259,50
594,12	1257,45
594,31	1105,90
594,50	1245,16
594,70	1175,53
594,89	1198,06
595,08	1146,86
595,28	1220,59
595,47	1187,82
595,66	1204,21
595,86	1210,35
596,05	1134,57
596,24	1200,11
596,43	1181,68
596,63	1153,01
596,82	1165,29
597,01	1148,91
597,21	1204,21
597,40	1159,15
597,59	1185,77
597,79	1130,48
597,98	1161,20
598,17	1157,10
598,36	1187,82
598,56	1169,39
598,75	1165,29
598,94	1153,01
599,14	1214,45
599,33	1282,03
599,52	1191,92
599,71	1220,59
599,91	1224,69
600,10	1232,88
600,29	1200,11
600,48	1148,91
600,68	1142,77
600,87	1105,90
601,06	1236,97
601,26	1206,25
601,45	1173,49
601,64	1171,44
601,83	1169,39
602,03	1191,92
602,22	1157,10
602,41	1159,15
602,60	1169,39
602,80	1269,74
602,99	1142,77
603,18	1228,78
603,37	1177,58
603,57	1202,16
603,76	1167,34
603,95	1187,82
604,14	1216,49
604,34	1165,29
604,53	1269,74
604,72	1243,12
604,91	1216,49
605,10	1239,02
605,30	1126,38
605,49	1155,05
605,68	1208,30
605,87	1189,87
606,07	1236,97
606,26	1204,21
606,45	1185,77
606,64	1110,00
606,84	1255,40
607,03	1200,11
607,22	1208,30
607,41	1150,96
607,60	1206,25
607,80	1218,54
607,99	1165,29
608,18	1140,72
608,37	1212,40
608,56	1249,26
608,76	1187,82
608,95	1148,91
609,14	1251,31
609,33	1214,45
609,52	1138,67
609,72	1142,77
609,91	1220,59
610,10	1185,77
610,29	1157,10
610,48	1251,31
610,68	1204,21
610,87	1243,12
611,06	1296,36
611,25	1210,35
611,44	1208,30
611,63	1138,67
611,83	1239,02
612,02	1222,64
612,21	1118,19
612,40	1222,64
612,59	1146,86
612,79	1198,06
612,98	1257,45
613,17	1200,11
613,36	1245,16
613,55	1177,58
613,74	1163,25
613,93	1122,29
614,13	1220,59
614,32	1228,78
614,51	1138,67
614,70	1249,26
614,89	1222,64
615,08	1196,01
615,28	1222,64
615,47	1124,33
615,66	1228,78
615,85	1155,05
616,04	1232,88
616,23	1253,36
616,42	1103,86
616,62	1153,01
616,81	1222,64
617,00	1191,92
617,19	1181,68
617,38	1206,25
617,57	1161,20
617,76	1173,49
617,95	1177,58
618,15	1187,82
618,34	1257,45
618,53	1159,15
618,72	1232,88
618,91	1165,29
619,10	1216,49
619,29	1175,53
619,48	1132,53
619,68	1159,15
619,87	1181,68
620,06	1146,86
620,25	1208,30
620,44	1140,72
620,63	1167,34
620,82	1155,05
621,01	1261,55
621,20	1191,92
621,39	1196,01
621,59	1224,69
621,78	1230,83
621,97	1212,40
622,16	1202,16
622,35	1224,69
622,54	1167,34
622,73	1196,01
622,92	1196,01
623,11	1148,91
623,30	1222,64
623,49	1185,77
623,68	1177,58
623,88	1187,82
624,07	1232,88
624,26	1191,92
624,45	1134,57
624,64	1232,88
624,83	1232,88
625,02	1146,86
625,21	1167,34
625,40	1210,35
625,59	1126,38
625,78	1234,93
625,97	1253,36
626,16	1241,07
626,35	1191,92
626,54	1132,53
626,74	1171,44
626,93	1210,35
627,12	1230,83
627,31	1224,69
627,50	1187,82
627,69	1245,16
627,88	1277,93
628,07	1191,92
628,26	1206,25
628,45	1193,97
628,64	1228,78
628,83	1206,25
629,02	1198,06
629,21	1216,49
629,40	1175,53
629,59	1243,12
629,78	1200,11
629,97	1208,30
630,16	1200,11
630,35	1230,83
630,54	1198,06
630,73	1239,02
630,92	1279,98
631,11	1185,77
631,30	1230,83
631,49	1257,45
631,68	1372,14
631,87	2428,89
632,06	8187,78
632,25	16899,84
632,44	21122,75
632,63	27043,43
632,82	14454,56
633,01	8511,36
633,20	3911,62
633,39	2133,98
633,58	1730,53
633,77	1849,32
633,96	1742,82
634,15	1447,91
634,34	1417,19
634,53	1404,91
634,72	1413,10
634,91	1249,26
635,10	1341,42
635,29	1261,55
635,48	1269,74
635,67	1277,93
635,86	1208,30
636,05	1163,25
636,24	1224,69
636,43	1163,25
636,62	1189,87
636,81	1253,36
637,00	1253,36
637,19	1196,01
637,38	1296,36
637,57	1193,97
637,76	1136,62
637,95	1196,01
638,14	1173,49
638,33	1228,78
638,52	1175,53
638,71	1191,92
638,89	1216,49
639,08	1206,25
639,27	1191,92
639,46	1224,69
639,65	1241,07
639,84	1179,63
640,03	1165,29
640,22	1179,63
640,41	1208,30
640,60	1210,35
640,79	1222,64
640,98	1142,77
641,17	1212,40
641,36	1198,06
641,55	1171,44
641,74	1198,06
641,92	1189,87
642,11	1216,49
642,30	1189,87
642,49	1148,91
642,68	1146,86
642,87	1191,92
643,06	1206,25
643,25	1167,34
643,44	1132,53
643,63	1202,16
643,82	1239,02
644,00	1218,54
644,19	1226,73
644,38	1153,01
644,57	1196,01
644,76	1222,64
644,95	1216,49
645,14	1208,30
645,33	1183,73
645,52	1167,34
645,71	1245,16
645,89	1169,39
646,08	1206,25
646,27	1093,62
646,46	1200,11
646,65	1220,59
646,84	1208,30
647,03	1165,29
647,22	1175,53
647,40	1159,15
647,59	1222,64
647,78	1110,00
647,97	1171,44
648,16	1204,21
648,35	1191,92
648,54	1167,34
648,73	1185,77
648,91	1167,34
649,10	1226,73
649,29	1183,73
649,48	1155,05
649,67	1130,48
649,86	1175,53
650,05	1142,77
650,23	1206,25
650,42	1177,58
650,61	1204,21
650,80	1202,16
650,99	1183,73
651,18	1208,30
651,36	1183,73
651,55	1187,82
651,74	1206,25
651,93	1161,20
652,12	1241,07
652,31	1298,41
652,49	1228,78
652,68	1175,53
652,87	1282,03
653,06	1232,88
653,25	1208,30
653,44	1163,25
653,62	1138,67
653,81	1228,78
654,00	1140,72
654,19	1206,25
654,38	1241,07
654,56	1146,86
654,75	1214,45
654,94	1220,59
655,13	1173,49
655,32	1222,64
655,51	1234,93
655,69	1243,12
655,88	1253,36
656,07	1136,62
656,26	1193,97
656,45	1181,68
656,63	1171,44
656,82	1116,14
657,01	1183,73
657,20	1257,45
657,38	1249,26
657,57	1253,36
657,76	1245,16
657,95	1239,02
658,14	1153,01
658,32	1232,88
658,51	1161,20
658,70	1202,16
658,89	1167,34
659,08	1165,29
659,26	1171,44
659,45	1206,25
659,64	1177,58
659,83	1128,43
660,01	1157,10
660,20	1165,29
660,39	1204,21
660,58	1200,11
660,76	1196,01
660,95	1206,25
661,14	1269,74
661,33	1224,69
661,51	1187,82
661,70	1214,45
661,89	1243,12
662,08	1169,39
662,26	1193,97
662,45	1138,67
662,64	1169,39
662,83	1146,86
663,01	1216,49
663,20	1202,16
663,39	1171,44
663,58	1163,25
663,76	1257,45
663,95	1282,03
664,14	1243,12
664,32	1163,25
664,51	1169,39
664,70	1171,44
664,89	1214,45
665,07	1173,49
665,26	1185,77
665,45	1173,49
665,64	1249,26
665,82	1208,30
666,01	1175,53
666,20	1228,78
666,38	1167,34
666,57	1220,59
666,76	1183,73
666,95	1222,64
667,13	1187,82
667,32	1216,49
667,51	1208,30
667,69	1228,78
667,88	1179,63
668,07	1179,63
668,25	1144,81
668,44	1171,44
668,63	1165,29
668,81	1183,73
669,00	1191,92
669,19	1218,54
669,38	1249,26
669,56	1157,10
669,75	1216,49
669,94	1138,67
670,12	1196,01
670,31	1196,01
670,50	1177,58
670,68	1163,25
670,87	1204,21
671,06	1146,86
671,24	1169,39
671,43	1175,53
671,62	1161,20
671,80	1200,11
671,99	1222,64
672,18	1212,40
672,36	1212,40
672,55	1169,39
672,74	1173,49
672,92	1196,01
673,11	1212,40
673,29	1187,82
673,48	1200,11
673,67	1200,11
673,85	1208,30
674,04	1167,34
674,23	1187,82
674,41	1208,30
674,60	1191,92
674,79	1187,82
674,97	1153,01
675,16	1232,88
675,34	1288,17
675,53	1165,29
675,72	1226,73
675,90	1267,69
676,09	1110,00
676,28	1208,30
676,46	1206,25
676,65	1181,68
676,83	1196,01
677,02	1173,49
677,21	1191,92
677,39	1228,78
677,58	1232,88
677,77	1134,57
677,95	1222,64
678,14	1214,45
678,32	1216,49
678,51	1177,58
678,70	1224,69
678,88	1224,69
679,07	1167,34
679,25	1140,72
679,44	1181,68
679,63	1189,87
679,81	1253,36
680,00	1191,92
680,18	1198,06
680,37	1271,79
680,55	1220,59
680,74	1118,19
680,93	1110,00
681,11	1214,45
681,30	1222,64
681,48	1214,45
681,67	1150,96
681,85	1243,12
682,04	1224,69
682,23	1189,87
682,41	1228,78
682,60	1196,01
682,78	1249,26
682,97	1198,06
683,15	1169,39
683,34	1196,01
683,53	1234,93
683,71	1179,63
683,90	1255,40
684,08	1210,35
684,27	1167,34
684,45	1169,39
684,64	1155,05
684,82	1179,63
685,01	1187,82
685,19	1234,93
685,38	1157,10
685,57	1155,05
685,75	1245,16
685,94	1173,49
686,12	1261,55
686,31	1220,59
686,49	1140,72
686,68	1220,59
686,86	1204,21
687,05	1191,92
687,23	1177,58
687,42	1183,73
687,60	1167,34
687,79	1179,63
687,97	1183,73
688,16	1212,40
688,34	1212,40
688,53	1167,34
688,71	1251,31
688,90	1138,67
689,08	1132,53
689,27	1134,57
689,45	1091,57
689,64	1169,39
689,82	1144,81
690,01	1130,48
690,19	1177,58
690,38	1165,29
690,56	1196,01
690,75	1118,19
690,93	1198,06
691,12	1134,57
691,30	1216,49
691,49	1134,57
691,67	1169,39
691,86	1191,92
692,04	1175,53
692,23	1271,79
692,41	1183,73
692,60	1204,21
692,78	1214,45
692,97	1169,39
693,15	1216,49
693,34	1161,20
693,52	1134,57
693,71	1196,01
693,89	1187,82
694,08	1146,86
694,26	1191,92
694,44	1177,58
694,63	1243,12
694,81	1204,21
695,00	1175,53
695,18	1214,45
695,37	1212,40
695,55	1212,40
695,74	1220,59
695,92	1159,15
696,10	1140,72
696,29	1169,39
696,47	1142,77
696,66	1134,57
696,84	1189,87
697,03	1150,96
697,21	1241,07
697,40	1308,65
697,58	1206,25
697,76	1148,91
697,95	1165,29
698,13	1138,67
698,32	1202,16
698,50	1161,20
698,68	1136,62
698,87	1243,12
699,05	1163,25
699,24	1236,97
699,42	1216,49
699,61	1224,69
699,79	1228,78
699,97	1155,05
700,16	1273,84
700,34	1239,02
700,53	1234,93
700,71	1167,34
700,89	1159,15
701,08	1185,77
701,26	1177,58
701,45	1220,59
701,63	1157,10
701,81	1167,34
702,00	1153,01
702,18	1200,11
702,37	1183,73
702,55	1165,29
702,73	1267,69
702,92	1220,59
703,10	1202,16
703,28	1163,25
703,47	1206,25
703,65	1150,96
703,84	1146,86
704,02	1193,97
704,20	1175,53
704,39	1232,88
704,57	1234,93
704,75	1232,88
704,94	1239,02
705,12	1218,54
705,30	1169,39
705,49	1204,21
705,67	1232,88
705,86	1193,97
706,04	1150,96
706,22	1187,82
706,41	1224,69
706,59	1183,73
706,77	1189,87
706,96	1208,30
707,14	1224,69
707,32	1157,10
707,51	1189,87
707,69	1208,30
707,87	1208,30
708,06	1079,28
708,24	1181,68
708,42	1255,40
708,61	1183,73
708,79	1140,72
708,97	1206,25
709,16	1161,20
709,34	1243,12
709,52	1220,59
709,71	1232,88
709,89	1193,97
710,07	1150,96
710,26	1185,77
710,44	1165,29
710,62	1175,53
710,80	1185,77
710,99	1179,63
711,17	1189,87
711,35	1230,83
711,54	1218,54
711,72	1157,10
711,90	1222,64
712,09	1150,96
712,27	1165,29
712,45	1191,92
712,63	1232,88
712,82	1157,10
713,00	1153,01
713,18	1134,57
713,37	1187,82
713,55	1185,77
713,73	1179,63
713,91	1126,38
714,10	1163,25
714,28	1208,30
714,46	1150,96
714,65	1228,78
714,83	1214,45
715,01	1122,29
715,19	1208,30
715,38	1216,49
715,56	1249,26
715,74	1200,11
715,92	1181,68
716,11	1144,81
716,29	1230,83
716,47	1212,40
716,65	1144,81
716,84	1212,40
717,02	1134,57
717,20	1236,97
717,38	1179,63
717,57	1249,26
717,75	1187,82
717,93	1228,78
718,11	1173,49
718,30	1216,49
718,48	1103,86
718,66	1212,40
718,84	1173,49
719,03	1200,11
719,21	1273,84
719,39	1157,10
719,57	1212,40
719,75	1146,86
719,94	1228,78
720,12	1200,11
720,30	1120,24
720,48	1282,03
720,67	1232,88
720,85	1220,59
721,03	1214,45
721,21	1089,52
721,39	1206,25
721,58	1204,21
721,76	1091,57
721,94	1243,12
722,12	1261,55
722,30	1171,44
722,49	1171,44
722,67	1136,62
722,85	1136,62
723,03	1183,73
723,21	1167,34
723,40	1148,91
723,58	1169,39
723,76	1146,86
723,94	1191,92
724,12	1187,82
724,30	1148,91
724,49	1120,24
724,67	1173,49
724,85	1220,59
725,03	1193,97
725,21	1228,78
725,40	1222,64
725,58	1212,40
725,76	1142,77
725,94	1198,06
726,12	1196,01
726,30	1261,55
726,49	1247,21
726,67	1169,39
726,85	1196,01
727,03	1140,72
727,21	1153,01
727,39	1142,77
727,57	1267,69
727,76	1191,92
727,94	1155,05
728,12	1114,10
728,30	1171,44
728,48	1177,58
728,66	1206,25
728,84	1279,98
729,03	1212,40
729,21	1245,16
729,39	1150,96
729,57	1220,59
729,75	1159,15
729,93	1191,92
730,11	1183,73
730,30	1204,21
730,48	1183,73
730,66	1187,82
730,84	1236,97
731,02	1169,39
731,20	1187,82
731,38	1155,05
731,56	1259,50
731,74	1247,21
731,93	1155,05
732,11	1224,69
732,29	1175,53
732,47	1206,25
732,65	1249,26
732,83	1196,01
733,01	1150,96
733,19	1196,01
733,37	1153,01
733,56	1234,93
733,74	1150,96
733,92	1185,77
734,10	1175,53
734,28	1224,69
734,46	1171,44
734,64	1220,59
734,82	1204,21
735,00	1173,49
735,18	1198,06
735,36	1251,31
735,54	1279,98
735,73	1232,88
735,91	1177,58
736,09	1247,21
736,27	1148,91
736,45	1218,54
736,63	1118,19
736,81	1181,68
736,99	1175,53
737,17	1165,29
737,35	1161,20
737,53	1169,39
737,71	1255,40
737,89	1148,91
738,07	1220,59
738,25	1177,58
738,43	1206,25
738,61	1214,45
738,80	1122,29
738,98	1261,55
739,16	1196,01
739,34	1191,92
739,52	1216,49
739,70	1114,10
739,88	1200,11
740,06	1159,15
740,24	1200,11
740,42	1198,06
740,60	1167,34
740,78	1171,44
740,96	1218,54
741,14	1167,34
741,32	1247,21
741,50	1226,73
741,68	1226,73
741,86	1120,24
742,04	1257,45
742,22	1187,82
742,40	1202,16
742,58	1179,63
742,76	1179,63
742,94	1187,82
743,12	1177,58
743,30	1210,35
743,48	1191,92
743,66	1212,40
743,84	1144,81
744,02	1136,62
744,20	1122,29
744,38	1200,11
744,56	1191,92
744,74	1234,93
744,92	1298,41
745,10	1183,73
745,28	1138,67
745,46	1224,69
745,64	1193,97
745,82	1218,54
746,00	1110,00
746,18	1163,25
746,36	1196,01
746,54	1179,63
746,72	1198,06
746,90	1157,10
747,08	1251,31
747,26	1193,97
747,44	1132,53
747,62	1222,64
747,80	1200,11
747,98	1155,05
748,15	1232,88
748,33	1167,34
748,51	1230,83
748,69	1159,15
748,87	1193,97
749,05	1171,44
749,23	1181,68
749,41	1245,16
749,59	1179,63
749,77	1144,81
749,95	1167,34
750,13	1148,91
750,31	1265,64
750,49	1224,69
750,67	1222,64
750,85	1126,38
751,03	1212,40
751,20	1200,11
751,38	1189,87
751,56	1202,16
751,74	1134,57
751,92	1232,88
752,10	1183,73
752,28	1130,48
752,46	1181,68
752,64	1179,63
752,82	1196,01
753,00	1243,12
753,18	1228,78
753,35	1200,11
753,53	1183,73
753,71	1243,12
753,89	1142,77
754,07	1226,73
754,25	1218,54
754,43	1218,54
754,61	1206,25
754,79	1167,34
754,97	1167,34
755,14	1169,39
755,32	1202,16
755,50	1206,25
755,68	1222,64
755,86	1218,54
756,04	1183,73
756,22	1155,05
756,40	1175,53
756,57	1179,63
756,75	1124,33
756,93	1208,30
757,11	1169,39
757,29	1163,25
757,47	1159,15
757,65	1267,69
757,82	1220,59
758,00	1259,50
758,18	1189,87
758,36	1185,77
758,54	1132,53
758,72	1142,77
758,90	1191,92
759,07	1173,49
759,25	1193,97
759,43	1120,24
759,61	1198,06
759,79	1208,30
759,97	1161,20
760,15	1148,91
760,32	1208,30
760,50	1234,93
760,68	1155,05
760,86	1153,01
761,04	1171,44
761,22	1236,97
761,39	1167,34
761,57	1196,01
761,75	1146,86
761,93	1206,25
762,11	1251,31
762,28	1212,40
762,46	1204,21
762,64	1173,49
762,82	1202,16
763,00	1171,44
763,18	1249,26
763,35	1249,26
763,53	1181,68
763,71	1179,63
763,89	1173,49
764,07	1247,21
764,24	1204,21
764,42	1167,34
764,60	1234,93
764,78	1124,33
764,96	1208,30
765,13	1261,55
765,31	1177,58
765,49	1187,82
765,67	1232,88
765,84	1140,72
766,02	1175,53
766,20	1181,68
766,38	1181,68
766,56	1234,93
766,73	1216,49
766,91	1216,49
767,09	1122,29
767,27	1185,77
767,44	1198,06
767,62	1181,68
767,80	1212,40
767,98	1255,40
768,15	1161,20
768,33	1171,44
768,51	1185,77
768,69	1200,11
768,87	1105,90
769,04	1155,05
769,22	1253,36
769,40	1230,83
769,58	1175,53
769,75	1204,21
769,93	1216,49
770,11	1226,73
770,28	1239,02
770,46	1224,69
770,64	1185,77
770,82	1134,57
770,99	1245,16
771,17	1204,21
771,35	1161,20
771,53	1273,84
771,70	1222,64
771,88	1132,53
772,06	1161,20
772,23	1183,73
772,41	1228,78
772,59	1226,73
772,77	1247,21
772,94	1159,15
773,12	1271,79
773,30	1226,73
773,47	1169,39
773,65	1206,25
773,83	1171,44
774,01	1173,49
774,18	1206,25
774,36	1236,97
774,54	1232,88
774,71	1181,68
774,89	1167,34
775,07	1179,63
775,24	1187,82
775,42	1126,38
775,60	1204,21
775,78	1155,05
775,95	1171,44
776,13	1200,11
776,31	1155,05
776,48	1236,97
776,66	1296,36
776,84	1216,49
777,01	1269,74
777,19	1236,97
777,37	1241,07
777,54	1175,53
777,72	1136,62
777,90	1171,44
778,07	1157,10
778,25	1161,20
778,43	1216,49
778,60	1220,59
778,78	1214,45
778,96	1185,77
779,13	1155,05
779,31	1171,44
779,49	1224,69
779,66	1191,92
779,84	1210,35
780,01	1150,96
780,19	1169,39
780,37	1210,35
780,54	1210,35
780,72	1198,06
780,90	1228,78
781,07	1144,81
781,25	1226,73
781,43	1146,86
781,60	1132,53
781,78	1163,25
781,95	1183,73
782,13	1177,58
782,31	1169,39
782,48	1181,68
782,66	1214,45
782,83	1173,49
783,01	1171,44
783,19	1173,49
783,36	1263,60
783,54	1150,96
783,72	1173,49
783,89	1198,06
784,07	1163,25
784,24	1210,35
784,42	1159,15
784,60	1191,92
784,77	1196,01
784,95	1218,54
785,12	1208,30
785,30	1185,77
785,47	1191,92
785,65	1239,02
785,83	1228,78
786,00	1181,68
786,18	1171,44
786,35	1210,35
786,53	1245,16
786,71	1167,34
786,88	1218,54
787,06	1200,11
787,23	1181,68
787,41	1198,06
787,58	1257,45
787,76	1204,21
787,94	1134,57
788,11	1177,58
788,29	1163,25
788,46	1187,82
788,64	1163,25
788,81	1169,39
788,99	1155,05
789,16	1208,30
789,34	1185,77
789,52	1271,79
789,69	1236,97
789,87	1218,54
790,04	1228,78
790,22	1138,67
790,39	1153,01
790,57	1093,62
790,74	1191,92
790,92	1216,49
791,09	1224,69
791,27	1183,73
791,44	1142,77
791,62	1105,90
791,79	1193,97
791,97	1128,43
792,15	1167,34
792,32	1159,15
792,50	1161,20
792,67	1218,54
792,85	1212,40
793,02	1191,92
793,20	1181,68
793,37	1214,45
793,55	1193,97
793,72	1173,49
793,90	1218,54
794,07	1200,11
794,25	1230,83
794,42	1175,53
794,60	1271,79
794,77	1202,16
794,95	1257,45
795,12	1179,63
795,30	1220,59
795,47	1124,33
795,65	1247,21
795,82	1193,97
796,00	1169,39
796,17	1200,11
796,34	1181,68
796,52	1120,24
796,69	1155,05
796,87	1216,49
797,04	1122,29
797,22	1218,54
797,39	1249,26
797,57	1177,58
797,74	1120,24
797,92	1171,44
798,09	1226,73
798,27	1177,58
798,44	1255,40
798,62	1198,06
798,79	1183,73
798,96	1107,95
799,14	1159,15
799,31	1208,30
799,49	1171,44
799,66	1249,26
799,84	1191,92
800,01	1243,12
800,19	1148,91
800,36	1142,77
800,53	1132,53
800,71	1155,05
800,88	1193,97
801,06	1175,53
801,23	1116,14
801,41	1175,53
801,58	1167,34
801,75	1208,30
801,93	1177,58
802,10	1185,77
802,28	1204,21
802,45	1210,35
802,63	1200,11
802,80	1196,01
802,97	1198,06
803,15	1282,03
803,32	1163,25
803,50	1122,29
803,67	1173,49
803,84	1183,73
804,02	1167,34
804,19	1232,88
804,37	1232,88
804,54	1118,19
804,71	1245,16
804,89	1165,29
805,06	1216,49
805,24	1183,73
805,41	1230,83
805,58	1185,77
805,76	1167,34
805,93	1153,01
806,10	1228,78
806,28	1122,29
806,45	1175,53
806,63	1140,72
806,80	1159,15
806,97	1150,96
807,15	1144,81
807,32	1220,59
807,49	1191,92
807,67	1185,77
807,84	1171,44
808,01	1171,44
808,19	1220,59
808,36	1150,96
808,54	1120,24
808,71	1175,53
808,88	1177,58
809,06	1204,21
809,23	1175,53
809,40	1255,40
809,58	1253,36
809,75	1101,81
809,92	1230,83
810,10	1263,60
810,27	1196,01
810,44	1124,33
810,62	1112,05
810,79	1183,73
810,96	1216,49
811,14	1292,27
811,31	1265,64
811,48	1196,01
811,66	1118,19
811,83	1138,67
812,00	1216,49
812,18	1243,12
812,35	1171,44
812,52	1173,49
812,69	1138,67
812,87	1167,34
813,04	1165,29
813,21	1204,21
813,39	1163,25
813,56	1263,60
813,73	1236,97
813,91	1183,73
814,08	1224,69
814,25	1142,77
814,42	1183,73
814,60	1198,06
814,77	1130,48
814,94	1105,90
815,12	1191,92
815,29	1173,49
815,46	1181,68
815,63	1222,64
815,81	1161,20
815,98	1122,29
816,15	1216,49
816,33	1204,21
816,50	1228,78
816,67	1128,43
816,84	1198,06
817,02	1206,25
817,19	1167,34
817,36	1212,40
817,53	1134,57
817,71	1179,63
817,88	1198,06
818,05	1206,25
818,22	1134,57
818,40	1204,21
818,57	1204,21
818,74	1251,31
818,91	1208,30
819,09	1212,40
819,26	1257,45
819,43	1175,53
819,60	1153,01
819,78	1216,49
819,95	1220,59
820,12	1146,86
820,29	1179,63
820,47	1103,86
820,64	1216,49
820,81	1130,48
820,98	1126,38
821,15	1216,49
821,33	1265,64
821,50	1204,21
821,67	1222,64
821,84	1193,97
822,02	1183,73
822,19	1241,07
822,36	1148,91
822,53	1181,68
822,70	1187,82
822,88	1126,38
823,05	1187,82
823,22	1155,05
823,39	1218,54
823,56	1202,16
823,74	1191,92
823,91	1081,33
824,08	1120,24
824,25	1175,53
824,42	1191,92
824,60	1140,72
824,77	1206,25
824,94	1138,67
825,11	1179,63
825,28	1163,25
825,45	1193,97
825,63	1216,49
825,80	1204,21
825,97	1126,38
826,14	1179,63
826,31	1216,49
826,48	1175,53
826,66	1200,11
826,83	1208,30
827,00	1150,96
827,17	1163,25
827,34	1204,21
827,51	1243,12
827,69	1181,68
827,86	1198,06
828,03	1183,73
828,20	1181,68
828,37	1177,58
828,54	1204,21
828,71	1157,10
828,89	1257,45
829,06	1159,15
829,23	1247,21
829,40	1107,95
829,57	1183,73
829,74	1171,44
829,91	1169,39
830,09	1171,44
830,26	1150,96
830,43	1204,21
830,60	1187,82
830,77	1198,06
830,94	1241,07
831,11	1216,49
831,28	1236,97
831,46	1148,91
831,63	1245,16
831,80	1202,16
831,97	1265,64
832,14	1153,01
832,31	1167,34
832,48	1191,92
832,65	1208,30
832,82	1126,38
832,99	1202,16
833,17	1185,77
833,34	1210,35
833,51	1157,10
833,68	1228,78
833,85	1208,30
834,02	1261,55
834,19	1159,15
834,36	1191,92
834,53	1173,49
834,70	1206,25
834,87	1136,62
835,04	1148,91
835,22	1224,69
835,39	1179,63
835,56	1191,92
835,73	1247,21
835,90	1171,44
836,07	1251,31
836,24	1259,50
836,41	1155,05
836,58	1167,34
836,75	1189,87
836,92	1134,57
837,09	1116,14
837,26	1204,21
837,43	1167,34
837,60	1196,01
837,77	1171,44
837,94	1198,06
838,12	1200,11
838,29	1161,20
838,46	1163,25
838,63	1206,25
838,80	1177,58
838,97	1204,21
839,14	1232,88
839,31	1173,49
839,48	1216,49
839,65	1146,86
839,82	1095,66
839,99	1169,39
840,16	1165,29
840,33	1228,78
840,50	1208,30
840,67	1181,68
840,84	1157,10
841,01	1171,44
841,18	1134,57
841,35	1173,49
841,52	1153,01
841,69	1265,64
841,86	1292,27
842,03	1189,87
842,20	1185,77
842,37	1265,64
842,54	1185,77
842,71	1202,16
842,88	1169,39
843,05	1187,82
843,22	1216,49
843,39	1173,49
843,56	1222,64
843,73	1220,59
843,90	1222,64
844,07	1167,34
844,24	1257,45
844,41	1214,45
844,58	1204,21
844,75	1196,01
844,92	1214,45
845,09	1159,15
845,26	1198,06
845,43	1157,10
845,60	1179,63
845,77	1161,20
845,94	1212,40
846,10	1175,53
846,27	1159,15
846,44	1245,16
846,61	1206,25
846,78	1175,53
846,95	1220,59
847,12	1171,44
847,29	1173,49
847,46	1173,49
847,63	1300,46
847,80	1202,16
847,97	1191,92
848,14	1155,05
848,31	1183,73
848,48	1167,34
848,65	1165,29
848,82	1210,35
848,98	1243,12
849,15	1198,06
849,32	1169,39
849,49	1148,91
849,66	1232,88
849,83	1175,53
850,00	1116,14
850,17	1191,92
850,34	1173,49
850,51	1183,73
850,68	1169,39
850,85	1177,58
851,01	1165,29
851,18	1148,91
851,35	1230,83
851,52	1216,49
851,69	1239,02
851,86	1165,29
852,03	1189,87
852,20	1167,34
852,37	1138,67
852,53	1222,64
852,70	1193,97
852,87	1200,11
853,04	1247,21
853,21	1142,77
853,38	1189,87
853,55	1153,01
853,72	1222,64
853,89	1193,97
854,05	1249,26
854,22	1275,88
854,39	1175,53
854,56	1191,92
854,73	1200,11
854,90	1163,25
855,07	1191,92
855,23	1107,95
855,40	1179,63
855,57	1210,35
855,74	1167,34
855,91	1269,74
856,08	1228,78
856,25	1175,53
856,41	1216,49
856,58	1124,33
856,75	1189,87
856,92	1136,62
857,09	1226,73
857,26	1202,16
857,42	1167,34
857,59	1163,25
857,76	1157,10
857,93	1122,29
858,10	1222,64
858,27	1232,88
858,43	1196,01
858,60	1208,30
858,77	1222,64
858,94	1126,38
859,11	1218,54
859,27	1214,45
859,44	1183,73
859,61	1150,96
859,78	1263,60
859,95	1163,25
860,12	1241,07
860,28	1181,68
860,45	1200,11
860,62	1216,49
860,79	1167,34
860,95	1191,92
861,12	1239,02
861,29	1216,49
861,46	1175,53
861,63	1224,69
861,79	1171,44
861,96	1153,01
862,13	1175,53
862,30	1185,77
862,47	1185,77
862,63	1196,01
862,80	1148,91
862,97	1116,14
863,14	1138,67
863,30	1148,91
863,47	1302,51
863,64	1230,83
863,81	1218,54
863,97	1212,40
864,14	1144,81
864,31	1220,59
864,48	1173,49
864,65	1218,54
864,81	1144,81
864,98	1218,54
865,15	1183,73
865,32	1132,53
865,48	1263,60
865,65	1206,25
865,82	1208,30
865,98	1181,68
866,15	1228,78
866,32	1230,83
866,49	1236,97
866,65	1200,11
866,82	1114,10
866,99	1150,96
867,16	1222,64
867,32	1161,20
867,49	1210,35
867,66	1142,77
867,83	1198,06
867,99	1142,77
868,16	1191,92
868,33	1218,54
868,49	1249,26
868,66	1222,64
868,83	1226,73
868,99	1138,67
869,16	1157,10
869,33	1210,35
869,50	1165,29
869,66	1208,30
869,83	1204,21
870,00	1226,73
870,16	1216,49
870,33	1177,58
870,50	1198,06
870,66	1236,97
870,83	1126,38
871,00	1177,58
871,17	1169,39
871,33	1191,92
871,50	1282,03
871,67	1150,96
871,83	1234,93
872,00	1212,40
872,17	1220,59
872,33	1214,45
872,50	1198,06
872,67	1144,81
872,83	1208,30
873,00	1157,10
873,17	1204,21
873,33	1202,16
873,50	1224,69
873,67	1134,57
873,83	1220,59
874,00	1140,72
874,16	1173,49
874,33	1130,48
874,50	1167,34
874,66	1191,92
874,83	1161,20
875,00	1208,30
875,16	1261,55
875,33	1193,97
875,50	1116,14
875,66	1204,21
875,83	1204,21
875,99	1155,05
876,16	1245,16
876,33	1220,59
876,49	1204,21
876,66	1136,62
876,83	1200,11
876,99	1202,16
877,16	1130,48
877,32	1183,73
877,49	1191,92
877,66	1179,63
877,82	1193,97
877,99	1130,48
878,15	1196,01
878,32	1177,58
878,49	1157,10
878,65	1187,82
878,82	1243,12
878,98	1142,77
879,15	1200,11
879,32	1183,73
879,48	1189,87
879,65	1179,63
879,81	1171,44
879,98	1193,97
880,15	1126,38
880,31	1142,77
880,48	1222,64
880,64	1124,33
880,81	1196,01
880,97	1210,35
881,14	1216,49
881,31	1165,29
881,47	1200,11
881,64	1179,63
881,80	1181,68
881,97	1148,91
882,13	1179,63
882,30	1198,06
882,47	1138,67
882,63	1239,02
882,80	1208,30
882,96	1200,11
883,13	1210,35
883,29	1202,16
883,46	1208,30
883,62	1144,81
883,79	1136,62
883,95	1185,77
884,12	1165,29
884,29	1247,21
884,45	1189,87
884,62	1265,64
884,78	1175,53
884,95	1155,05
885,11	1163,25
885,28	1218,54
885,44	1138,67
885,61	1159,15
885,77	1134,57
885,94	1175,53
886,10	1130,48
886,27	1234,93
886,43	1255,40
886,60	1206,25
886,76	1148,91
886,93	1216,49
887,09	1198,06
887,26	1206,25
887,42	1265,64
887,59	1185,77
887,75	1206,25
887,92	1196,01
888,08	1165,29
888,25	1153,01
888,41	1200,11
888,58	1208,30
888,74	1142,77
888,91	1234,93
