177,47	1132,53
177,69	1132,53
177,91	1132,53
178,13	1234,93
178,36	1224,69
178,58	1216,49
178,80	1189,87
179,02	1128,43
179,24	1181,68
179,46	1101,81
179,68	1282,03
179,90	1222,64
180,13	1220,59
180,35	1230,83
180,57	1220,59
180,79	1183,73
181,01	1134,57
181,23	1208,30
181,45	1187,82
181,67	1181,68
181,90	1155,05
182,12	1120,24
182,34	1200,11
182,56	1234,93
182,78	1232,88
183,00	1212,40
183,22	1214,45
183,44	1224,69
183,66	1214,45
183,89	1239,02
184,11	1204,21
184,33	1181,68
184,55	1202,16
184,77	1191,92
184,99	1179,63
185,21	1222,64
185,43	1236,97
185,65	1222,64
185,87	1138,67
186,10	1251,31
186,32	1200,11
186,54	1144,81
186,76	1226,73
186,98	1185,77
187,20	1204,21
187,42	1187,82
187,64	1269,74
187,86	1181,68
188,08	1251,31
188,30	1126,38
188,52	1232,88
188,75	1140,72
188,97	1155,05
189,19	1255,40
189,41	1273,84
189,63	1175,53
189,85	1193,97
190,07	1167,34
190,29	1153,01
190,51	1181,68
190,73	1239,02
190,95	1222,64
191,17	1230,83
191,39	1144,81
191,61	1204,21
191,84	1144,81
192,06	1169,39
192,28	1243,12
192,50	1198,06
192,72	1232,88
192,94	1183,73
193,16	1161,20
193,38	1212,40
193,60	1169,39
193,82	1150,96
194,04	1204,21
194,26	1191,92
194,48	1204,21
194,70	1226,73
194,92	1157,10
195,14	1241,07
195,36	1177,58
195,58	1236,97
195,80	1183,73
196,02	1175,53
196,24	1183,73
196,46	1183,73
196,69	1175,53
196,91	1183,73
197,13	1245,16
197,35	1165,29
197,57	1193,97
197,79	1177,58
198,01	1134,57
198,23	1155,05
198,45	1157,10
198,67	1208,30
198,89	1220,59
199,11	1142,77
199,33	1196,01
199,55	1204,21
199,77	1273,84
199,99	1175,53
200,21	1198,06
200,43	1171,44
200,65	1179,63
200,87	1224,69
201,09	1134,57
201,31	1161,20
201,53	1189,87
201,75	1265,64
201,97	1218,54
202,19	1204,21
202,41	1234,93
202,63	1206,25
202,85	1302,51
203,07	1230,83
203,29	1232,88
203,51	1167,34
203,73	1189,87
203,95	1245,16
204,17	1189,87
204,39	1128,43
204,61	1226,73
204,83	1189,87
205,05	1187,82
205,27	1198,06
205,49	1208,30
205,71	1181,68
205,93	1183,73
206,15	1228,78
206,37	1171,44
206,59	1181,68
206,81	1196,01
207,03	1200,11
207,25	1171,44
207,47	1144,81
207,69	1177,58
207,91	1251,31
208,13	1247,21
208,34	1177,58
208,56	1228,78
208,78	1126,38
209,00	1189,87
209,22	1214,45
209,44	1239,02
209,66	1216,49
209,88	1236,97
210,10	1187,82
210,32	1198,06
210,54	1169,39
210,76	1228,78
210,98	1208,30
211,20	1239,02
211,42	1107,95
211,64	1132,53
211,86	1230,83
212,08	1210,35
212,30	1216,49
212,52	1191,92
212,74	1183,73
212,96	1222,64
213,17	1169,39
213,39	1236,97
213,61	1142,77
213,83	1220,59
214,05	1157,10
214,27	1214,45
214,49	1155,05
214,71	1114,10
214,93	1314,80
215,15	1191,92
215,37	1277,93
215,59	1155,05
215,81	1257,45
216,03	1138,67
216,24	1157,10
216,46	1173,49
216,68	1228,78
216,90	1212,40
217,12	1212,40
217,34	1138,67
217,56	1282,03
217,78	1236,97
218,00	1292,27
218,22	1216,49
218,44	1191,92
218,66	1214,45
218,87	1228,78
219,09	1200,11
219,31	1150,96
219,53	1093,62
219,75	1288,17
219,97	1185,77
220,19	1222,64
220,41	1198,06
220,63	1249,26
220,85	1212,40
221,06	1150,96
221,28	1249,26
221,50	1218,54
221,72	1191,92
221,94	1146,86
222,16	1216,49
222,38	1161,20
222,60	1216,49
222,82	1193,97
223,03	1224,69
223,25	1206,25
223,47	1187,82
223,69	1255,40
223,91	1173,49
224,13	1097,71
224,35	1288,17
224,57	1230,83
224,78	1140,72
225,00	1222,64
225,22	1218,54
225,44	1179,63
225,66	1148,91
225,88	1165,29
226,10	1218,54
226,32	1175,53
226,53	1175,53
226,75	1263,60
226,97	1204,21
227,19	1277,93
227,41	1130,48
227,63	1224,69
227,85	1210,35
228,06	1239,02
228,28	1232,88
228,50	1259,50
228,72	1220,59
228,94	1279,98
229,16	1189,87
229,37	1210,35
229,59	1234,93
229,81	1224,69
230,03	1218,54
230,25	1206,25
230,47	1110,00
230,69	1191,92
230,90	1218,54
231,12	1191,92
231,34	1146,86
231,56	1265,64
231,78	1251,31
232,00	1171,44
232,21	1103,86
232,43	1206,25
232,65	1200,11
232,87	1157,10
233,09	1198,06
233,30	1165,29
233,52	1175,53
233,74	1185,77
233,96	1218,54
234,18	1224,69
234,40	1292,27
234,61	1198,06
234,83	1253,36
235,05	1214,45
235,27	1140,72
235,49	1257,45
235,70	1243,12
235,92	1177,58
236,14	1202,16
236,36	1204,21
236,58	1187,82
236,79	1214,45
237,01	1224,69
237,23	1296,36
237,45	1251,31
237,67	1175,53
237,88	1191,92
238,10	1275,88
238,32	1216,49
238,54	1210,35
238,76	1167,34
238,97	1155,05
239,19	1132,53
239,41	1173,49
239,63	1187,82
239,85	1243,12
240,06	1200,11
240,28	1136,62
240,50	1224,69
240,72	1165,29
240,93	1183,73
241,15	1263,60
241,37	1150,96
241,59	1183,73
241,81	1200,11
242,02	1220,59
242,24	1216,49
242,46	1257,45
242,68	1214,45
242,89	1218,54
243,11	1273,84
243,33	1247,21
243,55	1181,68
243,76	1226,73
243,98	1220,59
244,20	1249,26
244,42	1255,40
244,64	1202,16
244,85	1259,50
245,07	1214,45
245,29	1148,91
245,51	1296,36
245,72	1169,39
245,94	1177,58
246,16	1155,05
246,38	1198,06
246,59	1234,93
246,81	1267,69
247,03	1169,39
247,24	1189,87
247,46	1187,82
247,68	1171,44
247,90	1228,78
248,11	1230,83
248,33	1167,34
248,55	1179,63
248,77	1193,97
248,98	1142,77
249,20	1216,49
249,42	1239,02
249,64	1228,78
249,85	1249,26
250,07	1189,87
250,29	1144,81
250,50	1191,92
250,72	1222,64
250,94	1155,05
251,16	1216,49
251,37	1224,69
251,59	1226,73
251,81	1200,11
252,02	1189,87
252,24	1208,30
252,46	1232,88
252,68	1173,49
252,89	1214,45
253,11	1159,15
253,33	1222,64
253,54	1271,79
253,76	1175,53
253,98	1175,53
254,20	1226,73
254,41	1243,12
254,63	1220,59
254,85	1226,73
255,06	1189,87
255,28	1083,38
255,50	1185,77
255,71	1198,06
255,93	1175,53
256,15	1175,53
256,36	1101,81
256,58	1241,07
256,80	1146,86
257,02	1228,78
257,23	1173,49
257,45	1241,07
257,67	1189,87
257,88	1191,92
258,10	1241,07
258,32	1202,16
258,53	1220,59
258,75	1193,97
258,97	1196,01
259,18	1179,63
259,40	1181,68
259,62	1245,16
259,83	1198,06
260,05	1206,25
260,27	1224,69
260,48	1200,11
260,70	1132,53
260,92	1232,88
261,13	1202,16
261,35	1218,54
261,57	1159,15
261,78	1204,21
262,00	1232,88
262,22	1200,11
262,43	1148,91
262,65	1183,73
262,86	1124,33
263,08	1277,93
263,30	1204,21
263,51	1187,82
263,73	1200,11
263,95	1122,29
264,16	1189,87
264,38	1193,97
264,60	1210,35
264,81	1177,58
265,03	1277,93
265,25	1232,88
265,46	1228,78
265,68	1234,93
265,89	1210,35
266,11	1112,05
266,33	1236,97
266,54	1241,07
266,76	1228,78
266,98	1224,69
267,19	1200,11
267,41	1120,24
267,62	1189,87
267,84	1206,25
268,06	1210,35
268,27	1214,45
268,49	1177,58
268,70	1120,24
268,92	1167,34
269,14	1142,77
269,35	1169,39
269,57	1210,35
269,79	1251,31
270,00	1140,72
270,22	1220,59
270,43	1224,69
270,65	1228,78
270,87	1169,39
271,08	1296,36
271,30	1159,15
271,51	1216,49
271,73	1167,34
271,95	1200,11
272,16	1177,58
272,38	1183,73
272,59	1126,38
272,81	1200,11
273,02	1208,30
273,24	1187,82
273,46	1200,11
273,67	1200,11
273,89	1177,58
274,10	1124,33
274,32	1171,44
274,54	1153,01
274,75	1165,29
274,97	1236,97
275,18	1226,73
275,40	1183,73
275,61	1187,82
275,83	1159,15
276,05	1206,25
276,26	1230,83
276,48	1333,23
276,69	1241,07
276,91	1155,05
277,12	1163,25
277,34	1222,64
277,55	1185,77
277,77	1206,25
277,99	1226,73
278,20	1212,40
278,42	1226,73
278,63	1210,35
278,85	1214,45
279,06	1224,69
279,28	1202,16
279,49	1267,69
279,71	1218,54
279,93	1198,06
280,14	1255,40
280,36	1200,11
280,57	1198,06
280,79	1257,45
281,00	1261,55
281,22	1163,25
281,43	1222,64
281,65	1167,34
281,86	1173,49
282,08	1222,64
282,29	1236,97
282,51	1193,97
282,73	1230,83
282,94	1251,31
283,16	1228,78
283,37	1296,36
283,59	1183,73
283,80	1206,25
284,02	1245,16
284,23	1212,40
284,45	1167,34
284,66	1214,45
284,88	1226,73
285,09	1179,63
285,31	1212,40
285,52	1167,34
285,74	1241,07
285,95	1204,21
286,17	1169,39
286,38	1163,25
286,60	1171,44
286,81	1234,93
287,03	1191,92
287,24	1208,30
287,46	1181,68
287,67	1136,62
287,89	1226,73
288,10	1175,53
288,32	1243,12
288,53	1198,06
288,75	1234,93
288,96	1187,82
289,18	1171,44
289,39	1239,02
289,61	1214,45
289,82	1173,49
290,04	1167,34
290,25	1220,59
290,47	1175,53
290,68	1226,73
290,90	1206,25
291,11	1253,36
291,33	1200,11
291,54	1165,29
291,76	1107,95
291,97	1181,68
292,18	1155,05
292,40	1146,86
292,61	1167,34
292,83	1179,63
293,04	1110,00
293,26	1236,97
293,47	1255,40
293,69	1257,45
293,90	1187,82
294,12	1230,83
294,33	1183,73
294,55	1208,30
294,76	1216,49
294,97	1265,64
295,19	1269,74
295,40	1202,16
295,62	1277,93
295,83	1220,59
296,05	1228,78
296,26	1206,25
296,48	1173,49
296,69	1183,73
296,90	1230,83
297,12	1196,01
297,33	1140,72
297,55	1140,72
297,76	1155,05
297,98	1241,07
298,19	1228,78
298,41	1157,10
298,62	1208,30
298,83	1265,64
299,05	1150,96
299,26	1245,16
299,48	1187,82
299,69	1198,06
299,90	1110,00
300,12	1265,64
300,33	1210,35
300,55	1173,49
300,76	1210,35
300,98	1226,73
301,19	1216,49
301,40	1208,30
301,62	1187,82
301,83	1208,30
302,05	1243,12
302,26	1253,36
302,47	1206,25
302,69	1144,81
302,90	1243,12
303,12	1175,53
303,33	1181,68
303,54	1218,54
303,76	1228,78
303,97	1222,64
304,19	1212,40
304,40	1243,12
304,61	1148,91
304,83	1144,81
305,04	1116,14
305,26	1241,07
305,47	1273,84
305,68	1191,92
305,90	1212,40
306,11	1208,30
306,33	1241,07
306,54	1208,30
306,75	1230,83
306,97	1218,54
307,18	1210,35
307,39	1157,10
307,61	1232,88
307,82	1161,20
308,04	1206,25
308,25	1089,52
308,46	1257,45
308,68	1275,88
308,89	1132,53
309,10	1189,87
309,32	1163,25
309,53	1200,11
309,74	1159,15
309,96	1200,11
310,17	1224,69
310,39	1187,82
310,60	1255,40
310,81	1163,25
311,03	1155,05
311,24	1150,96
311,45	1144,81
311,67	1206,25
311,88	1222,64
312,09	1216,49
312,31	1189,87
312,52	1202,16
312,73	1224,69
312,95	1202,16
313,16	1230,83
313,37	1159,15
313,59	1216,49
313,80	1196,01
314,01	1196,01
314,23	1185,77
314,44	1173,49
314,65	1245,16
314,87	1196,01
315,08	1175,53
315,29	1200,11
315,51	1232,88
315,72	1218,54
315,93	1169,39
316,15	1222,64
316,36	1216,49
316,57	1200,11
316,79	1150,96
317,00	1216,49
317,21	1202,16
317,43	1212,40
317,64	1200,11
317,85	1206,25
318,07	1220,59
318,28	1212,40
318,49	1107,95
318,70	1208,30
318,92	1263,60
319,13	1208,30
319,34	1175,53
319,56	1222,64
319,77	1263,60
319,98	1191,92
320,20	1128,43
320,41	1208,30
320,62	1208,30
320,83	1191,92
321,05	1206,25
321,26	1216,49
321,47	1157,10
321,69	1273,84
321,90	1132,53
322,11	1193,97
322,32	1286,12
322,54	1196,01
322,75	1171,44
322,96	1179,63
323,18	1173,49
323,39	1189,87
323,60	1189,87
323,81	1214,45
324,03	1181,68
324,24	1187,82
324,45	1177,58
324,66	1150,96
324,88	1241,07
325,09	1198,06
325,30	1165,29
325,52	1198,06
325,73	1183,73
325,94	1261,55
326,15	1196,01
326,37	1200,11
326,58	1251,31
326,79	1243,12
327,00	1191,92
327,22	1271,79
327,43	1230,83
327,64	1183,73
327,85	1118,19
328,07	1177,58
328,28	1179,63
328,49	1140,72
328,70	1173,49
328,92	1224,69
329,13	1155,05
329,34	1247,21
329,55	1155,05
329,76	1204,21
329,98	1124,33
330,19	1222,64
330,40	1171,44
330,61	1239,02
330,83	1220,59
331,04	1241,07
331,25	1251,31
331,46	1189,87
331,68	1212,40
331,89	1232,88
332,10	1239,02
332,31	1142,77
332,52	1175,53
332,74	1159,15
332,95	1210,35
333,16	1271,79
333,37	1159,15
333,58	1273,84
333,80	1179,63
334,01	1183,73
334,22	1193,97
334,43	1181,68
334,64	1226,73
334,86	1187,82
335,07	1175,53
335,28	1142,77
335,49	1234,93
335,70	1243,12
335,92	1173,49
336,13	1177,58
336,34	1196,01
336,55	1232,88
336,76	1308,65
336,98	1193,97
337,19	1183,73
337,40	1218,54
337,61	1218,54
337,82	1214,45
338,04	1193,97
338,25	1175,53
338,46	1146,86
338,67	1181,68
338,88	1241,07
339,09	1236,97
339,31	1097,71
339,52	1236,97
339,73	1144,81
339,94	1208,30
340,15	1263,60
340,36	1204,21
340,58	1198,06
340,79	1206,25
341,00	1286,12
341,21	1198,06
341,42	1185,77
341,63	1239,02
341,85	1206,25
342,06	1204,21
342,27	1169,39
342,48	1210,35
342,69	1193,97
342,90	1167,34
343,12	1148,91
343,33	1218,54
343,54	1177,58
343,75	1175,53
343,96	1189,87
344,17	1245,16
344,38	1163,25
344,60	1161,20
344,81	1224,69
345,02	1216,49
345,23	1185,77
345,44	1232,88
345,65	1232,88
345,86	1140,72
346,07	1150,96
346,29	1224,69
346,50	1214,45
346,71	1200,11
346,92	1175,53
347,13	1138,67
347,34	1220,59
347,55	1193,97
347,76	1261,55
347,98	1245,16
348,19	1265,64
348,40	1224,69
348,61	1222,64
348,82	1189,87
349,03	1187,82
349,24	1124,33
349,45	1257,45
349,66	1142,77
349,88	1138,67
350,09	1189,87
350,30	1204,21
350,51	1198,06
350,72	1185,77
350,93	1216,49
351,14	1183,73
351,35	1247,21
351,56	1167,34
351,77	1202,16
351,99	1210,35
352,20	1249,26
352,41	1191,92
352,62	1204,21
352,83	1155,05
353,04	1202,16
353,25	1183,73
353,46	1179,63
353,67	1179,63
353,88	1173,49
354,09	1200,11
354,30	1232,88
354,52	1210,35
354,73	1310,70
354,94	1245,16
355,15	1153,01
355,36	1247,21
355,57	1198,06
355,78	1247,21
355,99	1159,15
356,20	1148,91
356,41	1128,43
356,62	1204,21
356,83	1208,30
357,04	1245,16
357,25	1171,44
357,46	1173,49
357,68	1148,91
357,89	1198,06
358,10	1206,25
358,31	1204,21
358,52	1206,25
358,73	1150,96
358,94	1198,06
359,15	1234,93
359,36	1228,78
359,57	1210,35
359,78	1181,68
359,99	1222,64
360,20	1255,40
360,41	1177,58
360,62	1153,01
360,83	1204,21
361,04	1183,73
361,25	1185,77
361,46	1220,59
361,67	1177,58
361,88	1132,53
362,09	1193,97
362,30	1232,88
362,51	1230,83
362,72	1243,12
362,93	1165,29
363,14	1191,92
363,35	1234,93
363,56	1150,96
363,78	1198,06
363,99	1142,77
364,20	1241,07
364,41	1212,40
364,62	1253,36
364,83	1243,12
365,04	1228,78
365,25	1251,31
365,46	1161,20
365,67	1218,54
365,88	1228,78
366,09	1243,12
366,30	1183,73
366,51	1216,49
366,72	1251,31
366,93	1179,63
367,14	1171,44
367,35	1198,06
367,56	1153,01
367,77	1247,21
367,98	1179,63
368,18	1204,21
368,39	1181,68
368,60	1216,49
368,81	1118,19
369,02	1239,02
369,23	1222,64
369,44	1177,58
369,65	1200,11
369,86	1271,79
370,07	1179,63
370,28	1245,16
370,49	1134,57
370,70	1263,60
370,91	1196,01
371,12	1216,49
371,33	1181,68
371,54	1175,53
371,75	1183,73
371,96	1189,87
372,17	1175,53
372,38	1173,49
372,59	1189,87
372,80	1198,06
373,01	1153,01
373,22	1210,35
373,43	1202,16
373,64	1161,20
373,85	1214,45
374,06	1222,64
374,26	1200,11
374,47	1198,06
374,68	1181,68
374,89	1224,69
375,10	1191,92
375,31	1193,97
375,52	1230,83
375,73	1153,01
375,94	1191,92
376,15	1226,73
376,36	1189,87
376,57	1200,11
376,78	1224,69
376,99	1257,45
377,20	1228,78
377,40	1232,88
377,61	1222,64
377,82	1222,64
378,03	1271,79
378,24	1214,45
378,45	1204,21
378,66	1224,69
378,87	1159,15
379,08	1206,25
379,29	1169,39
379,50	1298,41
379,71	1196,01
379,91	1210,35
380,12	1179,63
380,33	1279,98
380,54	1204,21
380,75	1183,73
380,96	1183,73
381,17	1226,73
381,38	1159,15
381,59	1099,76
381,80	1228,78
382,00	1273,84
382,21	1175,53
382,42	1253,36
382,63	1202,16
382,84	1148,91
383,05	1228,78
383,26	1257,45
383,47	1222,64
383,68	1157,10
383,88	1193,97
384,09	1220,59
384,30	1187,82
384,51	1257,45
384,72	1157,10
384,93	1167,34
385,14	1259,50
385,35	1216,49
385,55	1236,97
385,76	1290,22
385,97	1189,87
386,18	1171,44
386,39	1142,77
386,60	1196,01
386,81	1124,33
387,02	1241,07
387,22	1224,69
387,43	1255,40
387,64	1218,54
387,85	1183,73
388,06	1167,34
388,27	1200,11
388,48	1200,11
388,68	1232,88
388,89	1161,20
389,10	1202,16
389,31	1251,31
389,52	1204,21
389,73	1177,58
389,93	1153,01
390,14	1159,15
390,35	1204,21
390,56	1245,16
390,77	1171,44
390,98	1171,44
391,18	1202,16
391,39	1212,40
391,60	1249,26
391,81	1173,49
392,02	1177,58
392,23	1189,87
392,43	1218,54
392,64	1222,64
392,85	1130,48
393,06	1226,73
393,27	1200,11
393,47	1173,49
393,68	1200,11
393,89	1155,05
394,10	1198,06
394,31	1239,02
394,52	1263,60
394,72	1245,16
394,93	1253,36
395,14	1198,06
395,35	1239,02
395,56	1275,88
395,76	1263,60
395,97	1245,16
396,18	1288,17
396,39	1136,62
396,60	1236,97
396,80	1228,78
397,01	1155,05
397,22	1189,87
397,43	1230,83
397,64	1198,06
397,84	1185,77
398,05	1181,68
398,26	1193,97
398,47	1196,01
398,67	1257,45
398,88	1228,78
399,09	1163,25
399,30	1196,01
399,51	1220,59
399,71	1163,25
399,92	1171,44
400,13	1191,92
400,34	1196,01
400,54	1191,92
400,75	1120,24
400,96	1191,92
401,17	1155,05
401,37	1251,31
401,58	1200,11
401,79	1210,35
402,00	1249,26
402,21	1159,15
402,41	1226,73
402,62	1236,97
402,83	1200,11
403,04	1269,74
403,24	1183,73
403,45	1298,41
403,66	1216,49
403,87	1173,49
404,07	1144,81
404,28	1222,64
404,49	1232,88
404,70	1134,57
404,90	1142,77
405,11	1284,08
405,32	1202,16
405,52	1161,20
405,73	1243,12
405,94	1165,29
406,15	1243,12
406,35	1191,92
406,56	1239,02
406,77	1183,73
406,98	1226,73
407,18	1200,11
407,39	1144,81
407,60	1198,06
407,80	1196,01
408,01	1218,54
408,22	1224,69
408,43	1179,63
408,63	1167,34
408,84	1218,54
409,05	1126,38
409,25	1206,25
409,46	1165,29
409,67	1191,92
409,88	1189,87
410,08	1118,19
410,29	1200,11
410,50	1196,01
410,70	1208,30
410,91	1275,88
411,12	1185,77
411,32	1196,01
411,53	1230,83
411,74	1196,01
411,95	1202,16
412,15	1171,44
412,36	1198,06
412,57	1132,53
412,77	1175,53
412,98	1202,16
413,19	1245,16
413,39	1107,95
413,60	1263,60
413,81	1224,69
414,01	1185,77
414,22	1210,35
414,43	1220,59
414,63	1212,40
414,84	1269,74
415,05	1265,64
415,25	1216,49
415,46	1239,02
415,67	1282,03
415,87	1177,58
416,08	1212,40
416,29	1226,73
416,49	1263,60
416,70	1171,44
416,91	1128,43
417,11	1191,92
417,32	1259,50
417,53	1142,77
417,73	1251,31
417,94	1150,96
418,15	1191,92
418,35	1148,91
418,56	1189,87
418,77	1200,11
418,97	1212,40
419,18	1218,54
419,38	1163,25
419,59	1218,54
419,80	1245,16
420,00	1181,68
420,21	1191,92
420,42	1130,48
420,62	1220,59
420,83	1202,16
421,04	1175,53
421,24	1167,34
421,45	1138,67
421,65	1220,59
421,86	1294,32
422,07	1161,20
422,27	1200,11
422,48	1286,12
422,69	1206,25
422,89	1173,49
423,10	1179,63
423,30	1165,29
423,51	1239,02
423,72	1196,01
423,92	1318,89
424,13	1169,39
424,33	1216,49
424,54	1146,86
424,75	1167,34
424,95	1241,07
425,16	1146,86
425,36	1191,92
425,57	1218,54
425,78	1179,63
425,98	1232,88
426,19	1171,44
426,39	1228,78
426,60	1150,96
426,81	1173,49
427,01	1165,29
427,22	1208,30
427,42	1224,69
427,63	1230,83
427,83	1136,62
428,04	1193,97
428,25	1206,25
428,45	1169,39
428,66	1183,73
428,86	1167,34
429,07	1187,82
429,28	1216,49
429,48	1216,49
429,69	1193,97
429,89	1181,68
430,10	1155,05
430,30	1220,59
430,51	1196,01
430,71	1101,81
430,92	1196,01
431,13	1249,26
431,33	1239,02
431,54	1169,39
431,74	1191,92
431,95	1261,55
432,15	1167,34
432,36	1222,64
432,56	1218,54
432,77	1200,11
432,98	1212,40
433,18	1208,30
433,39	1165,29
433,59	1163,25
433,80	1198,06
434,00	1255,40
434,21	1124,33
434,41	1148,91
434,62	1253,36
434,82	1126,38
435,03	1249,26
435,23	1153,01
435,44	1216,49
435,64	1206,25
435,85	1212,40
436,06	1185,77
436,26	1181,68
436,47	1208,30
436,67	1159,15
436,88	1236,97
437,08	1286,12
437,29	1175,53
437,49	1224,69
437,70	1202,16
437,90	1204,21
438,11	1245,16
438,31	1138,67
438,52	1163,25
438,72	1247,21
438,93	1210,35
439,13	1234,93
439,34	1128,43
439,54	1247,21
439,75	1144,81
439,95	1175,53
440,16	1189,87
440,36	1183,73
440,57	1187,82
440,77	1148,91
440,98	1193,97
441,18	1191,92
441,39	1251,31
441,59	1146,86
441,80	1204,21
442,00	1193,97
442,21	1159,15
442,41	1175,53
442,62	1249,26
442,82	1204,21
443,02	1232,88
443,23	1185,77
443,43	1253,36
443,64	1273,84
443,84	1148,91
444,05	1179,63
444,25	1185,77
444,46	1247,21
444,66	1234,93
444,87	1163,25
445,07	1212,40
445,28	1132,53
445,48	1173,49
445,69	1308,65
445,89	1181,68
446,09	1222,64
446,30	1216,49
446,50	1173,49
446,71	1216,49
446,91	1189,87
447,12	1169,39
447,32	1169,39
447,53	1206,25
447,73	1243,12
447,93	1234,93
448,14	1183,73
448,34	1222,64
448,55	1200,11
448,75	1187,82
448,96	1187,82
449,16	1198,06
449,36	1214,45
449,57	1185,77
449,77	1200,11
449,98	1105,90
450,18	1247,21
450,39	1116,14
450,59	1161,20
450,79	1273,84
451,00	1208,30
451,20	1193,97
451,41	1204,21
451,61	1234,93
451,81	1159,15
452,02	1198,06
452,22	1273,84
452,43	1204,21
452,63	1253,36
452,84	1169,39
453,04	1179,63
453,24	1183,73
453,45	1187,82
453,65	1247,21
453,86	1251,31
454,06	1177,58
454,26	1159,15
454,47	1251,31
454,67	1232,88
454,87	1177,58
455,08	1161,20
455,28	1210,35
455,49	1159,15
455,69	1155,05
455,89	1196,01
456,10	1224,69
456,30	1241,07
456,51	1204,21
456,71	1179,63
456,91	1222,64
457,12	1253,36
457,32	1267,69
457,52	1200,11
457,73	1163,25
457,93	1175,53
458,14	1218,54
458,34	1222,64
458,54	1216,49
458,75	1155,05
458,95	1134,57
459,15	1177,58
459,36	1241,07
459,56	1296,36
459,76	1230,83
459,97	1183,73
460,17	1243,12
460,37	1181,68
460,58	1157,10
460,78	1126,38
460,99	1212,40
461,19	1202,16
461,39	1271,79
461,60	1161,20
461,80	1196,01
462,00	1150,96
462,21	1173,49
462,41	1232,88
462,61	1232,88
462,82	1175,53
463,02	1159,15
463,22	1204,21
463,43	1191,92
463,63	1208,30
463,83	1165,29
464,04	1261,55
464,24	1130,48
464,44	1241,07
464,64	1212,40
464,85	1206,25
465,05	1216,49
465,25	1200,11
465,46	1204,21
465,66	1189,87
465,86	1224,69
466,07	1159,15
466,27	1239,02
466,47	1136,62
466,68	1210,35
466,88	1183,73
467,08	1216,49
467,29	1148,91
467,49	1153,01
467,69	1210,35
467,89	1255,40
468,10	1187,82
468,30	1169,39
468,50	1140,72
468,71	1236,97
468,91	1173,49
469,11	1165,29
469,31	1161,20
469,52	1134,57
469,72	1247,21
469,92	1132,53
470,13	1247,21
470,33	1189,87
470,53	1177,58
470,73	1222,64
470,94	1140,72
471,14	1130,48
471,34	1167,34
471,54	1142,77
471,75	1224,69
471,95	1236,97
472,15	1173,49
472,36	1140,72
472,56	1212,40
472,76	1177,58
472,96	1226,73
473,17	1189,87
473,37	1130,48
473,57	1148,91
473,77	1259,50
473,98	1212,40
474,18	1189,87
474,38	1271,79
474,58	1222,64
474,79	1228,78
474,99	1191,92
475,19	1161,20
475,39	1212,40
475,60	1191,92
475,80	1189,87
476,00	1177,58
476,20	1122,29
476,41	1159,15
476,61	1198,06
476,81	1198,06
477,01	1148,91
477,21	1220,59
477,42	1208,30
477,62	1208,30
477,82	1136,62
478,02	1171,44
478,23	1232,88
478,43	1222,64
478,63	1259,50
478,83	1216,49
479,03	1196,01
479,24	1200,11
479,44	1183,73
479,64	1173,49
479,84	1165,29
480,04	1236,97
480,25	1165,29
480,45	1179,63
480,65	1206,25
480,85	1189,87
481,06	1239,02
481,26	1218,54
481,46	1191,92
481,66	1185,77
481,86	1212,40
482,06	1183,73
482,27	1228,78
482,47	1247,21
482,67	1196,01
482,87	1198,06
483,07	1230,83
483,28	1171,44
483,48	1275,88
483,68	1249,26
483,88	1296,36
484,08	1228,78
484,29	1148,91
484,49	1191,92
484,69	1243,12
484,89	1220,59
485,09	1257,45
485,29	1241,07
485,50	1191,92
485,70	1222,64
485,90	1198,06
486,10	1159,15
486,30	1230,83
486,50	1216,49
486,71	1142,77
486,91	1251,31
487,11	1230,83
487,31	1214,45
487,51	1200,11
487,71	1249,26
487,91	1120,24
488,12	1150,96
488,32	1183,73
488,52	1153,01
488,72	1216,49
488,92	1183,73
489,12	1179,63
489,32	1173,49
489,53	1140,72
489,73	1187,82
489,93	1230,83
490,13	1243,12
490,33	1200,11
490,53	1179,63
490,73	1257,45
490,94	1200,11
491,14	1257,45
491,34	1189,87
491,54	1124,33
491,74	1179,63
491,94	1189,87
492,14	1224,69
492,34	1169,39
492,54	1189,87
492,75	1187,82
492,95	1261,55
493,15	1191,92
493,35	1216,49
493,55	1161,20
493,75	1196,01
493,95	1208,30
494,15	1175,53
494,35	1148,91
494,56	1255,40
494,76	1232,88
494,96	1208,30
495,16	1124,33
495,36	1198,06
495,56	1130,48
495,76	1122,29
495,96	1226,73
496,16	1214,45
496,36	1236,97
496,56	1159,15
496,77	1226,73
496,97	1206,25
497,17	1179,63
497,37	1181,68
497,57	1167,34
497,77	1198,06
497,97	1181,68
498,17	1189,87
498,37	1198,06
498,57	1167,34
498,77	1114,10
498,97	1169,39
499,17	1212,40
499,38	1212,40
499,58	1243,12
499,78	1257,45
499,98	1216,49
500,18	1200,11
500,38	1142,77
500,58	1216,49
500,78	1230,83
500,98	1236,97
501,18	1251,31
501,38	1181,68
501,58	1126,38
501,78	1187,82
501,98	1234,93
502,18	1249,26
502,38	1200,11
502,58	1216,49
502,78	1175,53
502,98	1243,12
503,18	1193,97
503,38	1165,29
503,59	1200,11
503,79	1181,68
503,99	1249,26
504,19	1153,01
504,39	1200,11
504,59	1185,77
504,79	1167,34
504,99	1251,31
505,19	1167,34
505,39	1153,01
505,59	1183,73
505,79	1236,97
505,99	1175,53
506,19	1222,64
506,39	1196,01
506,59	1224,69
506,79	1222,64
506,99	1179,63
507,19	1105,90
507,39	1218,54
507,59	1212,40
507,79	1204,21
507,99	1191,92
508,19	1187,82
508,39	1189,87
508,59	1241,07
508,79	1140,72
508,99	1279,98
509,19	1187,82
509,39	1236,97
509,59	1159,15
509,79	1161,20
509,99	1204,21
510,19	1208,30
510,39	1204,21
510,59	1247,21
510,79	1224,69
510,99	1208,30
511,19	1191,92
511,39	1126,38
511,59	1208,30
511,79	1212,40
511,99	1206,25
512,19	1218,54
512,38	1155,05
512,58	1224,69
512,78	1214,45
512,98	1191,92
513,18	1245,16
513,38	1171,44
513,58	1234,93
513,78	1236,97
513,98	1236,97
514,18	1169,39
514,38	1138,67
514,58	1261,55
514,78	1202,16
514,98	1210,35
515,18	1185,77
515,38	1169,39
515,58	1216,49
515,78	1165,29
515,98	1169,39
516,18	1206,25
516,38	1245,16
516,57	1130,48
516,77	1241,07
516,97	1175,53
517,17	1153,01
517,37	1243,12
517,57	1191,92
517,77	1159,15
517,97	1236,97
518,17	1142,77
518,37	1179,63
518,57	1189,87
518,77	1198,06
518,97	1284,08
519,16	1185,77
519,36	1173,49
519,56	1173,49
519,76	1239,02
519,96	1216,49
520,16	1239,02
520,36	1144,81
520,56	1210,35
520,76	1212,40
520,96	1226,73
521,16	1193,97
521,35	1230,83
521,55	1230,83
521,75	1222,64
521,95	1161,20
522,15	1269,74
522,35	1114,10
522,55	1206,25
522,75	1208,30
522,95	1146,86
523,14	1153,01
523,34	1189,87
523,54	1187,82
523,74	1187,82
523,94	1189,87
524,14	1175,53
524,34	1204,21
524,54	1236,97
524,73	1142,77
524,93	1196,01
525,13	1232,88
525,33	1189,87
525,53	1220,59
525,73	1097,71
525,93	1181,68
526,13	1122,29
526,32	1175,53
526,52	1236,97
526,72	1181,68
526,92	1257,45
527,12	1202,16
527,32	1175,53
527,52	1230,83
527,71	1267,69
527,91	1191,92
528,11	1196,01
528,31	1171,44
528,51	1185,77
528,71	1181,68
528,90	1224,69
529,10	1239,02
529,30	1200,11
529,50	1212,40
529,70	1167,34
529,90	1263,60
530,09	1208,30
530,29	1173,49
530,49	1173,49
530,69	1185,77
530,89	1116,14
531,09	1202,16
531,28	1204,21
531,48	1179,63
531,68	1191,92
531,88	1214,45
532,08	1181,68
532,28	1187,82
532,47	1177,58
532,67	1222,64
532,87	1138,67
533,07	1181,68
533,27	1189,87
533,46	1208,30
533,66	1206,25
533,86	1245,16
534,06	1181,68
534,26	1202,16
534,45	1175,53
534,65	1191,92
534,85	1218,54
535,05	1214,45
535,25	1191,92
535,44	1196,01
535,64	1177,58
535,84	1193,97
536,04	1181,68
536,24	1206,25
536,43	1241,07
536,63	1214,45
536,83	1200,11
537,03	1189,87
537,22	1193,97
537,42	1169,39
537,62	1124,33
537,82	1204,21
538,02	1167,34
538,21	1239,02
538,41	1200,11
538,61	1189,87
538,81	1206,25
539,00	1224,69
539,20	1120,24
539,40	1150,96
539,60	1150,96
539,79	1220,59
539,99	1189,87
540,19	1220,59
540,39	1226,73
540,58	1200,11
540,78	1210,35
540,98	1249,26
541,18	1193,97
541,37	1208,30
541,57	1220,59
541,77	1200,11
541,97	1282,03
542,16	1204,21
542,36	1228,78
542,56	1222,64
542,76	1218,54
542,95	1226,73
543,15	1191,92
543,35	1218,54
543,54	1212,40
543,74	1196,01
543,94	1216,49
544,14	1191,92
544,33	1234,93
544,53	1222,64
544,73	1249,26
544,93	1257,45
545,12	1146,86
545,32	1181,68
545,52	1179,63
545,71	1183,73
545,91	1232,88
546,11	1218,54
546,30	1245,16
546,50	1173,49
546,70	1208,30
546,90	1124,33
547,09	1243,12
547,29	1198,06
547,49	1165,29
547,68	1175,53
547,88	1241,07
548,08	1202,16
548,27	1202,16
548,47	1232,88
548,67	1183,73
548,87	1230,83
549,06	1224,69
549,26	1163,25
549,46	1157,10
549,65	1187,82
549,85	1206,25
550,05	1208,30
550,24	1157,10
550,44	1228,78
550,64	1132,53
550,83	1247,21
551,03	1261,55
551,23	1193,97
551,42	1155,05
551,62	1288,17
551,82	1228,78
552,01	1173,49
552,21	1183,73
552,41	1216,49
552,60	1206,25
552,80	1193,97
553,00	1191,92
553,19	1212,40
553,39	1202,16
553,59	1208,30
553,78	1185,77
553,98	1263,60
554,17	1230,83
554,37	1142,77
554,57	1247,21
554,76	1204,21
554,96	1169,39
555,16	1144,81
555,35	1222,64
555,55	1165,29
555,75	1216,49
555,94	1177,58
556,14	1204,21
556,33	1251,31
556,53	1181,68
556,73	1208,30
556,92	1187,82
557,12	1210,35
557,32	1171,44
557,51	1161,20
557,71	1193,97
557,90	1241,07
558,10	1165,29
558,30	1269,74
558,49	1247,21
558,69	1183,73
558,88	1198,06
559,08	1173,49
559,28	1210,35
559,47	1271,79
559,67	1196,01
559,86	1165,29
560,06	1216,49
560,26	1241,07
560,45	1173,49
560,65	1214,45
560,84	1214,45
561,04	1187,82
561,24	1191,92
561,43	1204,21
561,63	1230,83
561,82	1196,01
562,02	1208,30
562,22	1255,40
562,41	1183,73
562,61	1249,26
562,80	1159,15
563,00	1236,97
563,19	1155,05
563,39	1216,49
563,59	1155,05
563,78	1183,73
563,98	1167,34
564,17	1216,49
564,37	1099,76
564,56	1251,31
564,76	1175,53
564,96	1228,78
565,15	1171,44
565,35	1179,63
565,54	1193,97
565,74	1200,11
565,93	1163,25
566,13	1157,10
566,32	1155,05
566,52	1202,16
566,71	1265,64
566,91	1181,68
567,11	1220,59
567,30	1245,16
567,50	1132,53
567,69	1224,69
567,89	1208,30
568,08	1212,40
568,28	1196,01
568,47	1175,53
568,67	1144,81
568,86	1179,63
569,06	1202,16
569,25	1216,49
569,45	1171,44
569,64	1163,25
569,84	1200,11
570,04	1214,45
570,23	1226,73
570,43	1200,11
570,62	1224,69
570,82	1196,01
571,01	1216,49
571,21	1191,92
571,40	1257,45
571,60	1191,92
571,79	1142,77
571,99	1198,06
572,18	1204,21
572,38	1169,39
572,57	1183,73
572,77	1189,87
572,96	1253,36
573,16	1206,25
573,35	1165,29
573,55	1167,34
573,74	1212,40
573,94	1193,97
574,13	1212,40
574,33	1216,49
574,52	1191,92
574,71	1153,01
574,91	1179,63
575,10	1245,16
575,30	1220,59
575,49	1144,81
575,69	1191,92
575,88	1148,91
576,08	1185,77
576,27	1210,35
576,47	1224,69
576,66	1204,21
576,86	1247,21
577,05	1212,40
577,25	1216,49
577,44	1187,82
577,64	1126,38
577,83	1198,06
578,02	1183,73
578,22	1279,98
578,41	1189,87
578,61	1153,01
578,80	1179,63
579,00	1193,97
579,19	1157,10
579,39	1284,08
579,58	1171,44
579,77	1177,58
579,97	1204,21
580,16	1239,02
580,36	1189,87
580,55	1200,11
580,75	1204,21
580,94	1208,30
581,13	1222,64
581,33	1183,73
581,52	1167,34
581,72	1202,16
581,91	1218,54
582,11	1212,40
582,30	1208,30
582,49	1212,40
582,69	1189,87
582,88	1116,14
583,08	1183,73
583,27	1214,45
583,47	1183,73
583,66	1191,92
583,85	1163,25
584,05	1177,58
584,24	1191,92
584,44	1224,69
584,63	1200,11
584,82	1210,35
585,02	1200,11
585,21	1241,07
585,41	1157,10
585,60	1224,69
585,79	1159,15
585,99	1253,36
586,18	1183,73
586,37	1247,21
586,57	1226,73
586,76	1230,83
586,96	1247,21
587,15	1282,03
587,34	1212,40
587,54	1226,73
587,73	1228,78
587,93	1226,73
588,12	1185,77
588,31	1130,48
588,51	1187,82
588,70	1310,70
588,89	1181,68
589,09	1273,84
589,28	1243,12
589,47	1269,74
589,67	1251,31
589,86	1275,88
590,06	1204,21
590,25	1216,49
590,44	1155,05
590,64	1191,92
590,83	1183,73
591,02	1161,20
591,22	1159,15
591,41	1245,16
591,60	1187,82
591,80	1265,64
591,99	1189,87
592,18	1198,06
592,38	1200,11
592,57	1228,78
592,76	1179,63
592,96	1239,02
593,15	1269,74
593,34	1208,30
593,54	1118,19
593,73	1202,16
593,92	1173,49
594,12	1175,53
594,31	1148,91
594,50	1208,30
594,70	1179,63
594,89	1128,43
595,08	1241,07
595,28	1191,92
595,47	1253,36
595,66	1218,54
595,86	1228,78
596,05	1200,11
596,24	1212,40
596,43	1126,38
596,63	1196,01
596,82	1294,32
597,01	1220,59
597,21	1232,88
597,40	1241,07
597,59	1261,55
597,79	1169,39
597,98	1230,83
598,17	1220,59
598,36	1218,54
598,56	1277,93
598,75	1198,06
598,94	1232,88
599,14	1173,49
599,33	1130,48
599,52	1191,92
599,71	1265,64
599,91	1161,20
600,10	1146,86
600,29	1251,31
600,48	1220,59
600,68	1239,02
600,87	1267,69
601,06	1263,60
601,26	1191,92
601,45	1185,77
601,64	1191,92
601,83	1253,36
602,03	1144,81
602,22	1208,30
602,41	1241,07
602,60	1153,01
602,80	1228,78
602,99	1173,49
603,18	1232,88
603,37	1171,44
603,57	1173,49
603,76	1169,39
603,95	1275,88
604,14	1214,45
604,34	1134,57
604,53	1187,82
604,72	1234,93
604,91	1253,36
605,10	1103,86
605,30	1175,53
605,49	1148,91
605,68	1228,78
605,87	1222,64
606,07	1159,15
606,26	1191,92
606,45	1150,96
606,64	1212,40
606,84	1218,54
607,03	1134,57
607,22	1193,97
607,41	1200,11
607,60	1179,63
607,80	1142,77
607,99	1175,53
608,18	1181,68
608,37	1144,81
608,56	1226,73
608,76	1169,39
608,95	1228,78
609,14	1191,92
609,33	1196,01
609,52	1279,98
609,72	1179,63
609,91	1163,25
610,10	1167,34
610,29	1230,83
610,48	1224,69
610,68	1220,59
610,87	1232,88
611,06	1179,63
611,25	1269,74
611,44	1191,92
611,63	1218,54
611,83	1191,92
612,02	1187,82
612,21	1196,01
612,40	1177,58
612,59	1230,83
612,79	1277,93
612,98	1204,21
613,17	1243,12
613,36	1245,16
613,55	1155,05
613,74	1214,45
613,93	1116,14
614,13	1181,68
614,32	1214,45
614,51	1191,92
614,70	1230,83
614,89	1222,64
615,08	1103,86
615,28	1241,07
615,47	1183,73
615,66	1181,68
615,85	1181,68
616,04	1245,16
616,23	1167,34
616,42	1267,69
616,62	1148,91
616,81	1234,93
617,00	1191,92
617,19	1224,69
617,38	1204,21
617,57	1169,39
617,76	1222,64
617,95	1228,78
618,15	1130,48
618,34	1138,67
618,53	1200,11
618,72	1259,50
618,91	1212,40
619,10	1259,50
619,29	1251,31
619,48	1216,49
619,68	1142,77
619,87	1212,40
620,06	1118,19
620,25	1161,20
620,44	1171,44
620,63	1216,49
620,82	1193,97
621,01	1261,55
621,20	1185,77
621,39	1165,29
621,59	1277,93
621,78	1196,01
621,97	1193,97
622,16	1191,92
622,35	1187,82
622,54	1132,53
622,73	1198,06
622,92	1206,25
623,11	1161,20
623,30	1128,43
623,49	1169,39
623,68	1200,11
623,88	1146,86
624,07	1159,15
624,26	1191,92
624,45	1214,45
624,64	1271,79
624,83	1173,49
625,02	1144,81
625,21	1241,07
625,40	1282,03
625,59	1214,45
625,78	1239,02
625,97	1204,21
626,16	1236,97
626,35	1183,73
626,54	1251,31
626,74	1208,30
626,93	1212,40
627,12	1214,45
627,31	1220,59
627,50	1288,17
627,69	1290,22
627,88	1230,83
628,07	1187,82
628,26	1253,36
628,45	1185,77
628,64	1204,21
628,83	1230,83
629,02	1183,73
629,21	1181,68
629,40	1177,58
629,59	1236,97
629,78	1210,35
629,97	1189,87
630,16	1122,29
630,35	1220,59
630,54	1222,64
630,73	1255,40
630,92	1181,68
631,11	1220,59
631,30	1249,26
631,49	1333,23
631,68	1325,04
631,87	2584,54
632,06	8697,72
632,25	18996,96
632,44	23695,00
632,63	30264,88
632,82	15652,63
633,01	8882,04
633,20	4347,84
633,39	2166,75
633,58	1761,25
633,77	1839,08
633,96	1699,81
634,15	1433,58
634,34	1370,09
634,53	1366,00
634,72	1347,56
634,91	1333,23
635,10	1343,47
635,29	1267,69
635,48	1269,74
635,67	1267,69
635,86	1279,98
636,05	1263,60
636,24	1222,64
636,43	1232,88
636,62	1212,40
636,81	1114,10
637,00	1198,06
637,19	1245,16
637,38	1210,35
637,57	1138,67
637,76	1249,26
637,95	1224,69
638,14	1200,11
638,33	1220,59
638,52	1171,44
638,71	1191,92
638,89	1200,11
639,08	1167,34
639,27	1239,02
639,46	1204,21
639,65	1204,21
639,84	1181,68
640,03	1216,49
640,22	1247,21
640,41	1230,83
640,60	1298,41
640,79	1155,05
640,98	1173,49
641,17	1212,40
641,36	1294,32
641,55	1245,16
641,74	1183,73
641,92	1216,49
642,11	1239,02
642,30	1153,01
642,49	1292,27
642,68	1196,01
642,87	1208,30
643,06	1204,21
643,25	1214,45
643,44	1169,39
643,63	1224,69
643,82	1193,97
644,00	1222,64
644,19	1230,83
644,38	1198,06
644,57	1173,49
644,76	1253,36
644,95	1171,44
645,14	1181,68
645,33	1181,68
645,52	1239,02
645,71	1236,97
645,89	1144,81
646,08	1138,67
646,27	1204,21
646,46	1241,07
646,65	1214,45
646,84	1208,30
647,03	1224,69
647,22	1245,16
647,40	1132,53
647,59	1216,49
647,78	1150,96
647,97	1171,44
648,16	1185,77
648,35	1183,73
648,54	1153,01
648,73	1181,68
648,91	1183,73
649,10	1183,73
649,29	1130,48
649,48	1198,06
649,67	1161,20
649,86	1210,35
650,05	1210,35
650,23	1222,64
650,42	1296,36
650,61	1210,35
650,80	1163,25
650,99	1208,30
651,18	1239,02
651,36	1216,49
651,55	1239,02
651,74	1189,87
651,93	1140,72
652,12	1216,49
652,31	1163,25
652,49	1163,25
652,68	1261,55
652,87	1142,77
653,06	1216,49
653,25	1247,21
653,44	1148,91
653,62	1228,78
653,81	1239,02
654,00	1259,50
654,19	1241,07
654,38	1159,15
654,56	1179,63
654,75	1167,34
654,94	1142,77
655,13	1099,76
655,32	1167,34
655,51	1187,82
655,69	1206,25
655,88	1185,77
656,07	1224,69
656,26	1208,30
656,45	1212,40
656,63	1206,25
656,82	1200,11
657,01	1263,60
657,20	1216,49
657,38	1269,74
657,57	1216,49
657,76	1243,12
657,95	1232,88
658,14	1255,40
658,32	1253,36
658,51	1183,73
658,70	1234,93
658,89	1206,25
659,08	1189,87
659,26	1273,84
659,45	1286,12
659,64	1208,30
659,83	1173,49
660,01	1271,79
660,20	1181,68
660,39	1263,60
660,58	1179,63
660,76	1216,49
660,95	1279,98
661,14	1212,40
661,33	1220,59
661,51	1150,96
661,70	1202,16
661,89	1245,16
662,08	1157,10
662,26	1177,58
662,45	1232,88
662,64	1120,24
662,83	1249,26
663,01	1191,92
663,20	1204,21
663,39	1222,64
663,58	1161,20
663,76	1206,25
663,95	1196,01
664,14	1216,49
664,32	1204,21
664,51	1212,40
664,70	1249,26
664,89	1181,68
665,07	1275,88
665,26	1204,21
665,45	1216,49
665,64	1206,25
665,82	1212,40
666,01	1234,93
666,20	1193,97
666,38	1185,77
666,57	1255,40
666,76	1218,54
666,95	1239,02
667,13	1183,73
667,32	1212,40
667,51	1271,79
667,69	1234,93
667,88	1286,12
668,07	1243,12
668,25	1173,49
668,44	1146,86
668,63	1327,08
668,81	1198,06
669,00	1181,68
669,19	1220,59
669,38	1249,26
669,56	1122,29
669,75	1155,05
669,94	1212,40
670,12	1239,02
670,31	1208,30
670,50	1234,93
670,68	1175,53
670,87	1175,53
671,06	1198,06
671,24	1183,73
671,43	1214,45
671,62	1232,88
671,80	1159,15
671,99	1247,21
672,18	1206,25
672,36	1226,73
672,55	1142,77
672,74	1196,01
672,92	1167,34
673,11	1214,45
673,29	1222,64
673,48	1177,58
673,67	1183,73
673,85	1191,92
674,04	1228,78
674,23	1181,68
674,41	1216,49
674,60	1241,07
674,79	1232,88
674,97	1216,49
675,16	1232,88
675,34	1230,83
675,53	1175,53
675,72	1189,87
675,90	1275,88
676,09	1153,01
676,28	1142,77
676,46	1279,98
676,65	1230,83
676,83	1183,73
677,02	1148,91
677,21	1179,63
677,39	1230,83
677,58	1198,06
677,77	1167,34
677,95	1304,56
678,14	1228,78
678,32	1200,11
678,51	1185,77
678,70	1249,26
678,88	1179,63
679,07	1304,56
679,25	1173,49
679,44	1236,97
679,63	1169,39
679,81	1193,97
680,00	1122,29
680,18	1222,64
680,37	1124,33
680,55	1222,64
680,74	1193,97
680,93	1239,02
681,11	1191,92
681,30	1169,39
681,48	1245,16
681,67	1140,72
681,85	1228,78
682,04	1206,25
682,23	1202,16
682,41	1243,12
682,60	1167,34
682,78	1232,88
682,97	1185,77
683,15	1206,25
683,34	1120,24
683,53	1249,26
683,71	1210,35
683,90	1212,40
684,08	1208,30
684,27	1261,55
684,45	1228,78
684,64	1200,11
684,82	1187,82
685,01	1226,73
685,19	1241,07
685,38	1173,49
685,57	1232,88
685,75	1218,54
685,94	1236,97
686,12	1245,16
686,31	1200,11
686,49	1261,55
686,68	1163,25
686,86	1191,92
687,05	1175,53
687,23	1222,64
687,42	1198,06
687,60	1161,20
687,79	1222,64
687,97	1216,49
688,16	1253,36
688,34	1216,49
688,53	1200,11
688,71	1191,92
688,90	1216,49
689,08	1245,16
689,27	1173,49
689,45	1163,25
689,64	1097,71
689,82	1185,77
690,01	1251,31
690,19	1183,73
690,38	1155,05
690,56	1271,79
690,75	1269,74
690,93	1167,34
691,12	1234,93
691,30	1308,65
691,49	1144,81
691,67	1140,72
691,86	1220,59
692,04	1183,73
692,23	1185,77
692,41	1241,07
692,60	1200,11
692,78	1208,30
692,97	1161,20
693,15	1226,73
693,34	1202,16
693,52	1196,01
693,71	1218,54
693,89	1183,73
694,08	1191,92
694,26	1193,97
694,44	1204,21
694,63	1265,64
694,81	1136,62
695,00	1187,82
695,18	1222,64
695,37	1181,68
695,55	1255,40
695,74	1191,92
695,92	1155,05
696,10	1185,77
696,29	1171,44
696,47	1208,30
696,66	1191,92
696,84	1193,97
697,03	1263,60
697,21	1134,57
697,40	1296,36
697,58	1222,64
697,76	1183,73
697,95	1142,77
698,13	1202,16
698,32	1142,77
698,50	1179,63
698,68	1200,11
698,87	1247,21
699,05	1224,69
699,24	1177,58
699,42	1200,11
699,61	1177,58
699,79	1222,64
699,97	1183,73
700,16	1114,10
700,34	1189,87
700,53	1159,15
700,71	1265,64
700,89	1251,31
701,08	1142,77
701,26	1200,11
701,45	1183,73
701,63	1167,34
701,81	1187,82
702,00	1245,16
702,18	1183,73
702,37	1163,25
702,55	1146,86
702,73	1153,01
702,92	1163,25
703,10	1161,20
703,28	1222,64
703,47	1138,67
703,65	1198,06
703,84	1191,92
704,02	1155,05
704,20	1214,45
704,39	1202,16
704,57	1261,55
704,75	1202,16
704,94	1179,63
705,12	1249,26
705,30	1157,10
705,49	1243,12
705,67	1183,73
705,86	1222,64
706,04	1214,45
706,22	1153,01
706,41	1097,71
706,59	1153,01
706,77	1251,31
706,96	1218,54
707,14	1169,39
707,32	1177,58
707,51	1163,25
707,69	1269,74
707,87	1218,54
708,06	1206,25
708,24	1198,06
708,42	1183,73
708,61	1271,79
708,79	1216,49
708,97	1173,49
709,16	1157,10
709,34	1185,77
709,52	1159,15
709,71	1234,93
709,89	1159,15
710,07	1224,69
710,26	1249,26
710,44	1216,49
710,62	1216,49
710,80	1222,64
710,99	1181,68
711,17	1134,57
711,35	1150,96
711,54	1200,11
711,72	1175,53
711,90	1318,89
712,09	1236,97
712,27	1241,07
712,45	1251,31
712,63	1212,40
712,82	1167,34
713,00	1187,82
713,18	1212,40
713,37	1175,53
713,55	1134,57
713,73	1189,87
713,91	1118,19
714,10	1187,82
714,28	1140,72
714,46	1167,34
714,65	1150,96
714,83	1202,16
715,01	1193,97
715,19	1159,15
715,38	1175,53
715,56	1228,78
715,74	1216,49
715,92	1228,78
716,11	1232,88
716,29	1173,49
716,47	1161,20
716,65	1265,64
716,84	1245,16
717,02	1204,21
717,20	1196,01
717,38	1214,45
717,57	1165,29
717,75	1191,92
717,93	1220,59
718,11	1206,25
718,30	1200,11
718,48	1146,86
718,66	1159,15
718,84	1261,55
719,03	1196,01
719,21	1198,06
719,39	1165,29
719,57	1214,45
719,75	1222,64
719,94	1202,16
720,12	1218,54
720,30	1230,83
720,48	1146,86
720,67	1224,69
720,85	1202,16
721,03	1171,44
721,21	1165,29
721,39	1099,76
721,58	1208,30
721,76	1183,73
721,94	1157,10
722,12	1204,21
722,30	1206,25
722,49	1236,97
722,67	1150,96
722,85	1249,26
723,03	1198,06
723,21	1181,68
723,40	1206,25
723,58	1224,69
723,76	1185,77
723,94	1181,68
724,12	1128,43
724,30	1232,88
724,49	1241,07
724,67	1126,38
724,85	1200,11
725,03	1226,73
725,21	1226,73
725,40	1200,11
725,58	1224,69
725,76	1226,73
725,94	1228,78
726,12	1163,25
726,30	1255,40
726,49	1202,16
726,67	1175,53
726,85	1153,01
727,03	1232,88
727,21	1198,06
727,39	1167,34
727,57	1226,73
727,76	1220,59
727,94	1196,01
728,12	1159,15
728,30	1153,01
728,48	1185,77
728,66	1212,40
728,84	1185,77
729,03	1126,38
729,21	1150,96
729,39	1253,36
729,57	1153,01
729,75	1191,92
729,93	1191,92
730,11	1183,73
730,30	1220,59
730,48	1253,36
730,66	1208,30
730,84	1191,92
731,02	1173,49
731,20	1175,53
731,38	1148,91
731,56	1142,77
731,74	1134,57
731,93	1146,86
732,11	1175,53
732,29	1155,05
732,47	1206,25
732,65	1146,86
732,83	1212,40
733,01	1173,49
733,19	1271,79
733,37	1208,30
733,56	1265,64
733,74	1157,10
733,92	1282,03
734,10	1245,16
734,28	1153,01
734,46	1206,25
734,64	1200,11
734,82	1183,73
735,00	1239,02
735,18	1146,86
735,36	1212,40
735,54	1214,45
735,73	1187,82
735,91	1189,87
736,09	1226,73
736,27	1208,30
736,45	1196,01
736,63	1169,39
736,81	1179,63
736,99	1222,64
737,17	1196,01
737,35	1206,25
737,53	1196,01
737,71	1206,25
737,89	1204,21
738,07	1155,05
738,25	1198,06
738,43	1216,49
738,61	1175,53
738,80	1218,54
738,98	1208,30
739,16	1271,79
739,34	1210,35
739,52	1114,10
739,70	1187,82
739,88	1202,16
740,06	1226,73
740,24	1222,64
740,42	1191,92
740,60	1159,15
740,78	1171,44
740,96	1171,44
741,14	1185,77
741,32	1279,98
741,50	1169,39
741,68	1208,30
741,86	1191,92
742,04	1200,11
742,22	1146,86
742,40	1251,31
742,58	1208,30
742,76	1177,58
742,94	1196,01
743,12	1193,97
743,30	1210,35
743,48	1220,59
743,66	1060,85
743,84	1167,34
744,02	1191,92
744,20	1198,06
744,38	1171,44
744,56	1232,88
744,74	1187,82
744,92	1247,21
745,10	1161,20
745,28	1191,92
745,46	1236,97
745,64	1167,34
745,82	1271,79
746,00	1232,88
746,18	1239,02
746,36	1202,16
746,54	1220,59
746,72	1181,68
746,90	1312,75
747,08	1198,06
747,26	1210,35
747,44	1212,40
747,62	1204,21
747,80	1263,60
747,98	1173,49
748,15	1134,57
748,33	1214,45
748,51	1118,19
748,69	1282,03
748,87	1163,25
749,05	1179,63
749,23	1245,16
749,41	1161,20
749,59	1226,73
749,77	1200,11
749,95	1216,49
750,13	1265,64
750,31	1214,45
750,49	1173,49
750,67	1279,98
750,85	1198,06
751,03	1161,20
751,20	1179,63
751,38	1175,53
751,56	1193,97
751,74	1222,64
751,92	1245,16
752,10	1208,30
752,28	1198,06
752,46	1222,64
752,64	1206,25
752,82	1222,64
753,00	1095,66
753,18	1175,53
753,35	1183,73
753,53	1222,64
753,71	1146,86
753,89	1206,25
754,07	1200,11
754,25	1183,73
754,43	1212,40
754,61	1189,87
754,79	1187,82
754,97	1236,97
755,14	1181,68
755,32	1189,87
755,50	1261,55
755,68	1239,02
755,86	1198,06
756,04	1150,96
756,22	1124,33
756,40	1212,40
756,57	1220,59
756,75	1224,69
756,93	1218,54
757,11	1173,49
757,29	1218,54
757,47	1181,68
757,65	1177,58
757,82	1206,25
758,00	1206,25
758,18	1218,54
758,36	1165,29
758,54	1220,59
758,72	1228,78
758,90	1163,25
759,07	1251,31
759,25	1116,14
759,43	1234,93
759,61	1206,25
759,79	1196,01
759,97	1171,44
760,15	1107,95
760,32	1153,01
760,50	1187,82
760,68	1228,78
760,86	1126,38
761,04	1191,92
761,22	1173,49
761,39	1226,73
761,57	1234,93
761,75	1200,11
761,93	1261,55
762,11	1146,86
762,28	1173,49
762,46	1255,40
762,64	1191,92
762,82	1185,77
763,00	1204,21
763,18	1163,25
763,35	1189,87
763,53	1200,11
763,71	1173,49
763,89	1122,29
764,07	1150,96
764,24	1167,34
764,42	1193,97
764,60	1241,07
764,78	1212,40
764,96	1146,86
765,13	1179,63
765,31	1204,21
765,49	1228,78
765,67	1226,73
765,84	1183,73
766,02	1245,16
766,20	1173,49
766,38	1148,91
766,56	1263,60
766,73	1212,40
766,91	1138,67
767,09	1251,31
767,27	1224,69
767,44	1310,70
767,62	1261,55
767,80	1181,68
767,98	1155,05
768,15	1173,49
768,33	1173,49
768,51	1230,83
768,69	1216,49
768,87	1218,54
769,04	1267,69
769,22	1161,20
769,40	1228,78
769,58	1234,93
769,75	1161,20
769,93	1171,44
770,11	1122,29
770,28	1222,64
770,46	1200,11
770,64	1193,97
770,82	1171,44
770,99	1187,82
771,17	1198,06
771,35	1275,88
771,53	1204,21
771,70	1155,05
771,88	1128,43
772,06	1312,75
772,23	1228,78
772,41	1249,26
772,59	1204,21
772,77	1239,02
772,94	1200,11
773,12	1239,02
773,30	1247,21
773,47	1136,62
773,65	1103,86
773,83	1226,73
774,01	1261,55
774,18	1245,16
774,36	1153,01
774,54	1267,69
774,71	1183,73
774,89	1144,81
775,07	1222,64
775,24	1185,77
775,42	1146,86
775,60	1181,68
775,78	1183,73
775,95	1249,26
776,13	1179,63
776,31	1177,58
776,48	1153,01
776,66	1220,59
776,84	1146,86
777,01	1177,58
777,19	1189,87
777,37	1249,26
777,54	1134,57
777,72	1255,40
777,90	1171,44
778,07	1132,53
778,25	1234,93
778,43	1210,35
778,60	1226,73
778,78	1214,45
778,96	1218,54
779,13	1169,39
779,31	1226,73
779,49	1216,49
779,66	1236,97
779,84	1263,60
780,01	1171,44
780,19	1220,59
780,37	1204,21
780,54	1196,01
780,72	1249,26
780,90	1290,22
781,07	1128,43
781,25	1179,63
781,43	1169,39
781,60	1185,77
781,78	1220,59
781,95	1181,68
782,13	1155,05
782,31	1200,11
782,48	1177,58
782,66	1159,15
782,83	1218,54
783,01	1210,35
783,19	1196,01
783,36	1275,88
783,54	1220,59
783,72	1220,59
783,89	1155,05
784,07	1191,92
784,24	1251,31
784,42	1214,45
784,60	1202,16
784,77	1181,68
784,95	1148,91
785,12	1202,16
785,30	1159,15
785,47	1263,60
785,65	1263,60
785,83	1146,86
786,00	1255,40
786,18	1196,01
786,35	1284,08
786,53	1265,64
786,71	1171,44
786,88	1175,53
787,06	1148,91
787,23	1181,68
787,41	1159,15
787,58	1204,21
787,76	1230,83
787,94	1202,16
788,11	1214,45
788,29	1204,21
788,46	1128,43
788,64	1204,21
788,81	1153,01
788,99	1249,26
789,16	1150,96
789,34	1224,69
789,52	1181,68
789,69	1163,25
789,87	1181,68
790,04	1198,06
790,22	1208,30
790,39	1226,73
790,57	1177,58
790,74	1126,38
790,92	1189,87
791,09	1224,69
791,27	1202,16
791,44	1204,21
791,62	1191,92
791,79	1171,44
791,97	1292,27
792,15	1155,05
792,32	1185,77
792,50	1220,59
792,67	1232,88
792,85	1183,73
793,02	1212,40
793,20	1181,68
793,37	1185,77
793,55	1161,20
793,72	1265,64
793,90	1173,49
794,07	1169,39
794,25	1142,77
794,42	1204,21
794,60	1159,15
794,77	1193,97
794,95	1177,58
795,12	1171,44
795,30	1150,96
795,47	1257,45
795,65	1200,11
795,82	1196,01
796,00	1189,87
796,17	1163,25
796,34	1241,07
796,52	1222,64
796,69	1288,17
796,87	1191,92
797,04	1140,72
797,22	1202,16
797,39	1181,68
797,57	1265,64
797,74	1193,97
797,92	1232,88
798,09	1157,10
798,27	1173,49
798,44	1247,21
798,62	1155,05
798,79	1251,31
798,96	1161,20
799,14	1247,21
799,31	1134,57
799,49	1187,82
799,66	1189,87
799,84	1265,64
800,01	1202,16
800,19	1255,40
800,36	1167,34
800,53	1288,17
800,71	1138,67
800,88	1148,91
801,06	1171,44
801,23	1189,87
801,41	1222,64
801,58	1269,74
801,75	1142,77
801,93	1150,96
802,10	1224,69
802,28	1126,38
802,45	1177,58
802,63	1183,73
802,80	1257,45
802,97	1226,73
803,15	1206,25
803,32	1173,49
803,50	1239,02
803,67	1200,11
803,84	1157,10
804,02	1146,86
804,19	1249,26
804,37	1251,31
804,54	1150,96
804,71	1202,16
804,89	1251,31
805,06	1161,20
805,24	1204,21
805,41	1218,54
805,58	1169,39
805,76	1167,34
805,93	1236,97
806,10	1232,88
806,28	1230,83
806,45	1200,11
806,63	1148,91
806,80	1216,49
806,97	1222,64
807,15	1165,29
807,32	1204,21
807,49	1247,21
807,67	1298,41
807,84	1222,64
808,01	1261,55
808,19	1224,69
808,36	1136,62
808,54	1220,59
808,71	1282,03
808,88	1261,55
809,06	1249,26
809,23	1187,82
809,40	1155,05
809,58	1187,82
809,75	1247,21
809,92	1191,92
810,10	1146,86
810,27	1187,82
810,44	1193,97
810,62	1230,83
810,79	1232,88
810,96	1245,16
811,14	1230,83
811,31	1228,78
811,48	1241,07
811,66	1239,02
811,83	1200,11
812,00	1239,02
812,18	1191,92
812,35	1155,05
812,52	1179,63
812,69	1265,64
812,87	1232,88
813,04	1157,10
813,21	1185,77
813,39	1214,45
813,56	1257,45
813,73	1193,97
813,91	1202,16
814,08	1120,24
814,25	1263,60
814,42	1171,44
814,60	1142,77
814,77	1243,12
814,94	1236,97
815,12	1196,01
815,29	1214,45
815,46	1144,81
815,63	1298,41
815,81	1167,34
815,98	1185,77
816,15	1210,35
816,33	1155,05
816,50	1181,68
816,67	1216,49
816,84	1157,10
817,02	1214,45
817,19	1259,50
817,36	1189,87
817,53	1239,02
817,71	1259,50
817,88	1171,44
818,05	1208,30
818,22	1161,20
818,40	1279,98
818,57	1167,34
818,74	1177,58
818,91	1134,57
819,09	1204,21
819,26	1183,73
819,43	1196,01
819,60	1259,50
819,78	1191,92
819,95	1216,49
820,12	1239,02
820,29	1259,50
820,47	1142,77
820,64	1116,14
820,81	1175,53
820,98	1165,29
821,15	1181,68
821,33	1189,87
821,50	1196,01
821,67	1161,20
821,84	1155,05
822,02	1163,25
822,19	1234,93
822,36	1124,33
822,53	1157,10
822,70	1200,11
822,88	1275,88
823,05	1226,73
823,22	1232,88
823,39	1247,21
823,56	1247,21
823,74	1212,40
823,91	1232,88
824,08	1228,78
824,25	1208,30
824,42	1208,30
824,60	1175,53
824,77	1259,50
824,94	1255,40
825,11	1198,06
825,28	1189,87
825,45	1222,64
825,63	1181,68
825,80	1159,15
825,97	1214,45
826,14	1216,49
826,31	1196,01
826,48	1183,73
826,66	1224,69
826,83	1208,30
827,00	1185,77
827,17	1132,53
827,34	1216,49
827,51	1177,58
827,69	1216,49
827,86	1300,46
828,03	1153,01
828,20	1222,64
828,37	1218,54
828,54	1208,30
828,71	1208,30
828,89	1196,01
829,06	1118,19
829,23	1239,02
829,40	1189,87
829,57	1224,69
829,74	1198,06
829,91	1103,86
830,09	1177,58
830,26	1247,21
830,43	1267,69
830,60	1173,49
830,77	1196,01
830,94	1167,34
831,11	1196,01
831,28	1165,29
831,46	1257,45
831,63	1251,31
831,80	1181,68
831,97	1212,40
832,14	1224,69
832,31	1193,97
832,48	1232,88
832,65	1224,69
832,82	1177,58
832,99	1239,02
833,17	1136,62
833,34	1214,45
833,51	1159,15
833,68	1200,11
833,85	1198,06
834,02	1206,25
834,19	1183,73
834,36	1210,35
834,53	1202,16
834,70	1247,21
834,87	1189,87
835,04	1249,26
835,22	1155,05
835,39	1249,26
835,56	1208,30
835,73	1163,25
835,90	1206,25
836,07	1220,59
836,24	1187,82
836,41	1198,06
836,58	1196,01
836,75	1196,01
836,92	1214,45
837,09	1243,12
837,26	1163,25
837,43	1216,49
837,60	1204,21
837,77	1169,39
837,94	1171,44
838,12	1208,30
838,29	1165,29
838,46	1167,34
838,63	1241,07
838,80	1298,41
838,97	1212,40
839,14	1265,64
839,31	1099,76
839,48	1196,01
839,65	1247,21
839,82	1212,40
839,99	1245,16
840,16	1267,69
840,33	1138,67
840,50	1173,49
840,67	1216,49
840,84	1345,52
841,01	1249,26
841,18	1241,07
841,35	1218,54
841,52	1153,01
841,69	1181,68
841,86	1239,02
842,03	1200,11
842,20	1181,68
842,37	1191,92
842,54	1122,29
842,71	1202,16
842,88	1234,93
843,05	1241,07
843,22	1251,31
843,39	1210,35
843,56	1175,53
843,73	1153,01
843,90	1165,29
844,07	1239,02
844,24	1236,97
844,41	1255,40
844,58	1175,53
844,75	1236,97
844,92	1212,40
845,09	1220,59
845,26	1142,77
845,43	1122,29
845,60	1212,40
845,77	1206,25
845,94	1134,57
846,10	1163,25
846,27	1232,88
846,44	1200,11
846,61	1206,25
846,78	1165,29
846,95	1204,21
847,12	1228,78
847,29	1138,67
847,46	1138,67
847,63	1191,92
847,80	1210,35
847,97	1191,92
848,14	1193,97
848,31	1193,97
848,48	1171,44
848,65	1146,86
848,82	1179,63
848,98	1206,25
849,15	1148,91
849,32	1210,35
849,49	1245,16
849,66	1175,53
849,83	1177,58
850,00	1284,08
850,17	1144,81
850,34	1273,84
850,51	1230,83
850,68	1265,64
850,85	1208,30
851,01	1183,73
851,18	1165,29
851,35	1118,19
851,52	1150,96
851,69	1153,01
851,86	1202,16
852,03	1234,93
852,20	1200,11
852,37	1251,31
852,53	1110,00
852,70	1236,97
852,87	1239,02
853,04	1202,16
853,21	1183,73
853,38	1224,69
853,55	1161,20
853,72	1148,91
853,89	1185,77
854,05	1234,93
854,22	1239,02
854,39	1187,82
854,56	1159,15
854,73	1208,30
854,90	1236,97
855,07	1226,73
855,23	1218,54
855,40	1241,07
855,57	1210,35
855,74	1253,36
855,91	1204,21
856,08	1167,34
856,25	1251,31
856,41	1150,96
856,58	1212,40
856,75	1232,88
856,92	1161,20
857,09	1167,34
857,26	1136,62
857,42	1206,25
857,59	1236,97
857,76	1142,77
857,93	1169,39
858,10	1249,26
858,27	1200,11
858,43	1234,93
858,60	1210,35
858,77	1196,01
858,94	1181,68
859,11	1183,73
859,27	1204,21
859,44	1212,40
859,61	1185,77
859,78	1314,80
859,95	1144,81
860,12	1183,73
860,28	1218,54
860,45	1269,74
860,62	1150,96
860,79	1220,59
860,95	1224,69
861,12	1159,15
861,29	1247,21
861,46	1232,88
861,63	1239,02
861,79	1224,69
861,96	1282,03
862,13	1220,59
862,30	1155,05
862,47	1241,07
862,63	1163,25
862,80	1189,87
862,97	1247,21
863,14	1232,88
863,30	1185,77
863,47	1234,93
863,64	1216,49
863,81	1144,81
863,97	1177,58
864,14	1232,88
864,31	1200,11
864,48	1175,53
864,65	1222,64
864,81	1259,50
864,98	1277,93
865,15	1179,63
865,32	1193,97
865,48	1200,11
865,65	1232,88
865,82	1247,21
865,98	1236,97
866,15	1243,12
866,32	1261,55
866,49	1167,34
866,65	1232,88
866,82	1202,16
866,99	1189,87
867,16	1161,20
867,32	1185,77
867,49	1241,07
867,66	1212,40
867,83	1210,35
867,99	1191,92
868,16	1228,78
868,33	1153,01
868,49	1173,49
868,66	1173,49
868,83	1247,21
868,99	1210,35
869,16	1279,98
869,33	1144,81
869,50	1173,49
869,66	1232,88
869,83	1267,69
870,00	1118,19
870,16	1165,29
870,33	1189,87
870,50	1187,82
870,66	1234,93
870,83	1257,45
871,00	1202,16
871,17	1216,49
871,33	1110,00
871,50	1196,01
871,67	1118,19
871,83	1200,11
872,00	1189,87
872,17	1130,48
872,33	1191,92
872,50	1200,11
872,67	1206,25
872,83	1183,73
873,00	1196,01
873,17	1198,06
873,33	1273,84
873,50	1296,36
873,67	1179,63
873,83	1249,26
874,00	1189,87
874,16	1200,11
874,33	1177,58
874,50	1226,73
874,66	1220,59
874,83	1241,07
875,00	1185,77
875,16	1187,82
875,33	1189,87
875,50	1163,25
875,66	1224,69
875,83	1165,29
875,99	1187,82
876,16	1282,03
876,33	1200,11
876,49	1232,88
876,66	1167,34
876,83	1210,35
876,99	1255,40
877,16	1140,72
877,32	1175,53
877,49	1196,01
877,66	1226,73
877,82	1269,74
877,99	1132,53
878,15	1208,30
878,32	1142,77
878,49	1206,25
878,65	1155,05
878,82	1202,16
878,98	1222,64
879,15	1196,01
879,32	1210,35
879,48	1239,02
879,65	1206,25
879,81	1169,39
879,98	1144,81
880,15	1212,40
880,31	1165,29
880,48	1226,73
880,64	1261,55
880,81	1200,11
880,97	1218,54
881,14	1198,06
881,31	1275,88
881,47	1230,83
881,64	1232,88
881,80	1279,98
881,97	1163,25
882,13	1257,45
882,30	1132,53
882,47	1189,87
882,63	1161,20
882,80	1198,06
882,96	1200,11
883,13	1284,08
883,29	1210,35
883,46	1224,69
883,62	1157,10
883,79	1146,86
883,95	1183,73
884,12	1200,11
884,29	1232,88
884,45	1122,29
884,62	1230,83
884,78	1181,68
884,95	1185,77
885,11	1298,41
885,28	1206,25
885,44	1232,88
885,61	1173,49
885,77	1282,03
885,94	1191,92
886,10	1230,83
886,27	1185,77
886,43	1191,92
886,60	1247,21
886,76	1132,53
886,93	1179,63
887,09	1228,78
887,26	1177,58
887,42	1208,30
887,59	1173,49
887,75	1198,06
887,92	1165,29
888,08	1239,02
888,25	1216,49
888,41	1200,11
888,58	1056,75
888,74	1159,15
888,91	1171,44
