177,47	1304,56
177,69	1304,56
177,91	1304,56
178,13	1165,29
178,36	1247,21
178,58	1189,87
178,80	1214,45
179,02	1245,16
179,24	1208,30
179,46	1200,11
179,68	1173,49
179,90	1210,35
180,13	1271,79
180,35	1142,77
180,57	1142,77
180,79	1179,63
181,01	1226,73
181,23	1220,59
181,45	1200,11
181,67	1181,68
181,90	1212,40
182,12	1189,87
182,34	1187,82
182,56	1165,29
182,78	1234,93
183,00	1234,93
183,22	1130,48
183,44	1101,81
183,66	1193,97
183,89	1134,57
184,11	1140,72
184,33	1191,92
184,55	1169,39
184,77	1259,50
184,99	1200,11
185,21	1175,53
185,43	1191,92
185,65	1179,63
185,87	1226,73
186,10	1110,00
186,32	1257,45
186,54	1198,06
186,76	1159,15
186,98	1153,01
187,20	1191,92
187,42	1212,40
187,64	1183,73
187,86	1175,53
188,08	1206,25
188,30	1255,40
188,52	1120,24
188,75	1161,20
188,97	1218,54
189,19	1226,73
189,41	1208,30
189,63	1187,82
189,85	1138,67
190,07	1142,77
190,29	1134,57
190,51	1138,67
190,73	1146,86
190,95	1134,57
191,17	1224,69
191,39	1196,01
191,61	1210,35
191,84	1236,97
192,06	1167,34
192,28	1142,77
192,50	1208,30
192,72	1226,73
192,94	1136,62
193,16	1177,58
193,38	1206,25
193,60	1171,44
193,82	1208,30
194,04	1220,59
194,26	1146,86
194,48	1148,91
194,70	1191,92
194,92	1202,16
195,14	1243,12
195,36	1093,62
195,58	1198,06
195,80	1153,01
196,02	1204,21
196,24	1204,21
196,46	1173,49
196,69	1224,69
196,91	1216,49
197,13	1255,40
197,35	1191,92
197,57	1269,74
197,79	1216,49
198,01	1198,06
198,23	1193,97
198,45	1093,62
198,67	1232,88
198,89	1144,81
199,11	1161,20
199,33	1204,21
199,55	1110,00
199,77	1153,01
199,99	1200,11
200,21	1177,58
200,43	1196,01
200,65	1200,11
200,87	1228,78
201,09	1220,59
201,31	1247,21
201,53	1140,72
201,75	1273,84
201,97	1140,72
202,19	1216,49
202,41	1230,83
202,63	1253,36
202,85	1136,62
203,07	1204,21
203,29	1181,68
203,51	1245,16
203,73	1204,21
203,95	1273,84
204,17	1200,11
204,39	1157,10
204,61	1187,82
204,83	1230,83
205,05	1208,30
205,27	1187,82
205,49	1148,91
205,71	1210,35
205,93	1159,15
206,15	1208,30
206,37	1241,07
206,59	1163,25
206,81	1185,77
207,03	1236,97
207,25	1243,12
207,47	1198,06
207,69	1214,45
207,91	1271,79
208,13	1212,40
208,34	1142,77
208,56	1179,63
208,78	1181,68
209,00	1181,68
209,22	1214,45
209,44	1132,53
209,66	1118,19
209,88	1140,72
210,10	1224,69
210,32	1146,86
210,54	1183,73
210,76	1204,21
210,98	1177,58
211,20	1193,97
211,42	1114,10
211,64	1161,20
211,86	1144,81
212,08	1204,21
212,30	1249,26
212,52	1212,40
212,74	1212,40
212,96	1241,07
213,17	1212,40
213,39	1167,34
213,61	1185,77
213,83	1218,54
214,05	1222,64
214,27	1279,98
214,49	1165,29
214,71	1243,12
214,93	1165,29
215,15	1175,53
215,37	1191,92
215,59	1200,11
215,81	1163,25
216,03	1177,58
216,24	1271,79
216,46	1216,49
216,68	1259,50
216,90	1163,25
217,12	1189,87
217,34	1202,16
217,56	1140,72
217,78	1204,21
218,00	1173,49
218,22	1294,32
218,44	1183,73
218,66	1239,02
218,87	1257,45
219,09	1161,20
219,31	1191,92
219,53	1173,49
219,75	1138,67
219,97	1165,29
220,19	1206,25
220,41	1167,34
220,63	1167,34
220,85	1198,06
221,06	1171,44
221,28	1208,30
221,50	1226,73
221,72	1216,49
221,94	1183,73
222,16	1173,49
222,38	1196,01
222,60	1179,63
222,82	1144,81
223,03	1150,96
223,25	1292,27
223,47	1236,97
223,69	1249,26
223,91	1253,36
224,13	1150,96
224,35	1255,40
224,57	1212,40
224,78	1255,40
225,00	1230,83
225,22	1251,31
225,44	1216,49
225,66	1236,97
225,88	1228,78
226,10	1234,93
226,32	1216,49
226,53	1251,31
226,75	1183,73
226,97	1183,73
227,19	1175,53
227,41	1181,68
227,63	1159,15
227,85	1171,44
228,06	1208,30
228,28	1230,83
228,50	1169,39
228,72	1169,39
228,94	1212,40
229,16	1159,15
229,37	1173,49
229,59	1230,83
229,81	1173,49
230,03	1177,58
230,25	1218,54
230,47	1185,77
230,69	1181,68
230,90	1275,88
231,12	1220,59
231,34	1210,35
231,56	1232,88
231,78	1185,77
232,00	1222,64
232,21	1241,07
232,43	1224,69
232,65	1171,44
232,87	1210,35
233,09	1196,01
233,30	1191,92
233,52	1132,53
233,74	1232,88
233,96	1204,21
234,18	1212,40
234,40	1159,15
234,61	1163,25
234,83	1222,64
235,05	1202,16
235,27	1193,97
235,49	1224,69
235,70	1187,82
235,92	1230,83
236,14	1193,97
236,36	1255,40
236,58	1234,93
236,79	1150,96
237,01	1198,06
237,23	1267,69
237,45	1161,20
237,67	1187,82
237,88	1216,49
238,10	1245,16
238,32	1179,63
238,54	1251,31
238,76	1157,10
238,97	1193,97
239,19	1210,35
239,41	1181,68
239,63	1198,06
239,85	1138,67
240,06	1214,45
240,28	1169,39
240,50	1228,78
240,72	1202,16
240,93	1247,21
241,15	1103,86
241,37	1093,62
241,59	1181,68
241,81	1210,35
242,02	1191,92
242,24	1210,35
242,46	1206,25
242,68	1138,67
242,89	1169,39
243,11	1155,05
243,33	1200,11
243,55	1216,49
243,76	1187,82
243,98	1216,49
244,20	1165,29
244,42	1196,01
244,64	1187,82
244,85	1228,78
245,07	1222,64
245,29	1226,73
245,51	1243,12
245,72	1210,35
245,94	1198,06
246,16	1249,26
246,38	1167,34
246,59	1177,58
246,81	1232,88
247,03	1218,54
247,24	1216,49
247,46	1304,56
247,68	1189,87
247,90	1193,97
248,11	1124,33
248,33	1202,16
248,55	1130,48
248,77	1206,25
248,98	1167,34
249,20	1214,45
249,42	1163,25
249,64	1222,64
249,85	1247,21
250,07	1208,30
250,29	1165,29
250,50	1208,30
250,72	1159,15
250,94	1159,15
251,16	1175,53
251,37	1200,11
251,59	1200,11
251,81	1191,92
252,02	1232,88
252,24	1179,63
252,46	1169,39
252,68	1206,25
252,89	1167,34
253,11	1249,26
253,33	1236,97
253,54	1110,00
253,76	1214,45
253,98	1177,58
254,20	1181,68
254,41	1185,77
254,63	1159,15
254,85	1196,01
255,06	1200,11
255,28	1253,36
255,50	1177,58
255,71	1206,25
255,93	1206,25
256,15	1243,12
256,36	1208,30
256,58	1101,81
256,80	1202,16
257,02	1181,68
257,23	1124,33
257,45	1155,05
257,67	1191,92
257,88	1214,45
258,10	1204,21
258,32	1232,88
258,53	1167,34
258,75	1261,55
258,97	1181,68
259,18	1239,02
259,40	1279,98
259,62	1261,55
259,83	1202,16
260,05	1163,25
260,27	1200,11
260,48	1292,27
260,70	1271,79
260,92	1173,49
261,13	1200,11
261,35	1208,30
261,57	1222,64
261,78	1177,58
262,00	1230,83
262,22	1183,73
262,43	1234,93
262,65	1146,86
262,86	1200,11
263,08	1241,07
263,30	1150,96
263,51	1187,82
263,73	1251,31
263,95	1146,86
264,16	1173,49
264,38	1292,27
264,60	1181,68
264,81	1245,16
265,03	1220,59
265,25	1183,73
265,46	1175,53
265,68	1208,30
265,89	1179,63
266,11	1181,68
266,33	1208,30
266,54	1261,55
266,76	1136,62
266,98	1202,16
267,19	1214,45
267,41	1148,91
267,62	1187,82
267,84	1234,93
268,06	1193,97
268,27	1175,53
268,49	1247,21
268,70	1232,88
268,92	1230,83
269,14	1146,86
269,35	1198,06
269,57	1167,34
269,79	1148,91
270,00	1183,73
270,22	1159,15
270,43	1144,81
270,65	1103,86
270,87	1220,59
271,08	1232,88
271,30	1224,69
271,51	1255,40
271,73	1155,05
271,95	1189,87
272,16	1304,56
272,38	1196,01
272,59	1177,58
272,81	1249,26
273,02	1245,16
273,24	1177,58
273,46	1202,16
273,67	1189,87
273,89	1224,69
274,10	1220,59
274,32	1169,39
274,54	1232,88
274,75	1198,06
274,97	1153,01
275,18	1236,97
275,40	1200,11
275,61	1200,11
275,83	1175,53
276,05	1163,25
276,26	1159,15
276,48	1261,55
276,69	1183,73
276,91	1200,11
277,12	1173,49
277,34	1255,40
277,55	1140,72
277,77	1208,30
277,99	1175,53
278,20	1185,77
278,42	1159,15
278,63	1122,29
278,85	1169,39
279,06	1163,25
279,28	1216,49
279,49	1183,73
279,71	1130,48
279,93	1171,44
280,14	1177,58
280,36	1191,92
280,57	1243,12
280,79	1163,25
281,00	1161,20
281,22	1236,97
281,43	1150,96
281,65	1183,73
281,86	1175,53
282,08	1230,83
282,29	1189,87
282,51	1167,34
282,73	1228,78
282,94	1216,49
283,16	1230,83
283,37	1183,73
283,59	1202,16
283,80	1216,49
284,02	1173,49
284,23	1206,25
284,45	1267,69
284,66	1167,34
284,88	1185,77
285,09	1196,01
285,31	1241,07
285,52	1136,62
285,74	1230,83
285,95	1218,54
286,17	1122,29
286,38	1110,00
286,60	1214,45
286,81	1228,78
287,03	1226,73
287,24	1173,49
287,46	1179,63
287,67	1208,30
287,89	1183,73
288,10	1212,40
288,32	1255,40
288,53	1167,34
288,75	1175,53
288,96	1183,73
289,18	1107,95
289,39	1165,29
289,61	1187,82
289,82	1255,40
290,04	1161,20
290,25	1236,97
290,47	1263,60
290,68	1161,20
290,90	1193,97
291,11	1095,66
291,33	1101,81
291,54	1224,69
291,76	1146,86
291,97	1200,11
292,18	1189,87
292,40	1189,87
292,61	1196,01
292,83	1179,63
293,04	1224,69
293,26	1204,21
293,47	1232,88
293,69	1165,29
293,90	1249,26
294,12	1196,01
294,33	1216,49
294,55	1181,68
294,76	1220,59
294,97	1171,44
295,19	1189,87
295,40	1163,25
295,62	1196,01
295,83	1267,69
296,05	1175,53
296,26	1179,63
296,48	1187,82
296,69	1208,30
296,90	1253,36
297,12	1202,16
297,33	1177,58
297,55	1232,88
297,76	1200,11
297,98	1181,68
298,19	1282,03
298,41	1157,10
298,62	1228,78
298,83	1177,58
299,05	1179,63
299,26	1159,15
299,48	1136,62
299,69	1220,59
299,90	1173,49
300,12	1234,93
300,33	1146,86
300,55	1130,48
300,76	1175,53
300,98	1191,92
301,19	1173,49
301,40	1249,26
301,62	1269,74
301,83	1202,16
302,05	1167,34
302,26	1226,73
302,47	1222,64
302,69	1191,92
302,90	1253,36
303,12	1204,21
303,33	1165,29
303,54	1148,91
303,76	1212,40
303,97	1196,01
304,19	1077,23
304,40	1226,73
304,61	1243,12
304,83	1193,97
305,04	1202,16
305,26	1189,87
305,47	1228,78
305,68	1232,88
305,90	1232,88
306,11	1196,01
306,33	1234,93
306,54	1220,59
306,75	1214,45
306,97	1142,77
307,18	1185,77
307,39	1093,62
307,61	1187,82
307,82	1212,40
308,04	1196,01
308,25	1198,06
308,46	1220,59
308,68	1214,45
308,89	1181,68
309,10	1210,35
309,32	1183,73
309,53	1171,44
309,74	1175,53
309,96	1263,60
310,17	1204,21
310,39	1187,82
310,60	1212,40
310,81	1204,21
311,03	1183,73
311,24	1181,68
311,45	1206,25
311,67	1204,21
311,88	1239,02
312,09	1224,69
312,31	1204,21
312,52	1126,38
312,73	1230,83
312,95	1187,82
313,16	1187,82
313,37	1128,43
313,59	1202,16
313,80	1175,53
314,01	1208,30
314,23	1187,82
314,44	1245,16
314,65	1210,35
314,87	1253,36
315,08	1177,58
315,29	1155,05
315,51	1214,45
315,72	1191,92
315,93	1136,62
316,15	1216,49
316,36	1224,69
316,57	1169,39
316,79	1196,01
317,00	1150,96
317,21	1181,68
317,43	1208,30
317,64	1214,45
317,85	1136,62
318,07	1140,72
318,28	1255,40
318,49	1228,78
318,70	1179,63
318,92	1189,87
319,13	1173,49
319,34	1185,77
319,56	1179,63
319,77	1169,39
319,98	1206,25
320,20	1204,21
320,41	1200,11
320,62	1134,57
320,83	1212,40
321,05	1187,82
321,26	1198,06
321,47	1267,69
321,69	1236,97
321,90	1329,13
322,11	1179,63
322,32	1218,54
322,54	1239,02
322,75	1159,15
322,96	1138,67
323,18	1163,25
323,39	1183,73
323,60	1173,49
323,81	1265,64
324,03	1187,82
324,24	1189,87
324,45	1183,73
324,66	1206,25
324,88	1239,02
325,09	1200,11
325,30	1202,16
325,52	1241,07
325,73	1128,43
325,94	1245,16
326,15	1165,29
326,37	1228,78
326,58	1165,29
326,79	1196,01
327,00	1161,20
327,22	1169,39
327,43	1275,88
327,64	1150,96
327,85	1273,84
328,07	1263,60
328,28	1255,40
328,49	1171,44
328,70	1163,25
328,92	1130,48
329,13	1198,06
329,34	1169,39
329,55	1230,83
329,76	1128,43
329,98	1163,25
330,19	1189,87
330,40	1247,21
330,61	1163,25
330,83	1210,35
331,04	1173,49
331,25	1142,77
331,46	1220,59
331,68	1165,29
331,89	1153,01
332,10	1173,49
332,31	1189,87
332,52	1232,88
332,74	1189,87
332,95	1224,69
333,16	1224,69
333,37	1177,58
333,58	1206,25
333,80	1128,43
334,01	1155,05
334,22	1187,82
334,43	1204,21
334,64	1144,81
334,86	1157,10
335,07	1161,20
335,28	1224,69
335,49	1220,59
335,70	1157,10
335,92	1245,16
336,13	1202,16
336,34	1196,01
336,55	1212,40
336,76	1220,59
336,98	1247,21
337,19	1163,25
337,40	1236,97
337,61	1226,73
337,82	1191,92
338,04	1181,68
338,25	1304,56
338,46	1210,35
338,67	1185,77
338,88	1273,84
339,09	1185,77
339,31	1144,81
339,52	1187,82
339,73	1241,07
339,94	1245,16
340,15	1277,93
340,36	1202,16
340,58	1245,16
340,79	1171,44
341,00	1216,49
341,21	1150,96
341,42	1185,77
341,63	1241,07
341,85	1167,34
342,06	1224,69
342,27	1193,97
342,48	1206,25
342,69	1159,15
342,90	1187,82
343,12	1155,05
343,33	1142,77
343,54	1161,20
343,75	1179,63
343,96	1153,01
344,17	1077,23
344,38	1220,59
344,60	1210,35
344,81	1187,82
345,02	1163,25
345,23	1173,49
345,44	1193,97
345,65	1218,54
345,86	1208,30
346,07	1198,06
346,29	1212,40
346,50	1196,01
346,71	1161,20
346,92	1275,88
347,13	1208,30
347,34	1118,19
347,55	1222,64
347,76	1193,97
347,98	1216,49
348,19	1241,07
348,40	1251,31
348,61	1136,62
348,82	1208,30
349,03	1259,50
349,24	1228,78
349,45	1159,15
349,66	1175,53
349,88	1288,17
350,09	1228,78
350,30	1138,67
350,51	1218,54
350,72	1263,60
350,93	1134,57
351,14	1236,97
351,35	1196,01
351,56	1173,49
351,77	1222,64
351,99	1216,49
352,20	1279,98
352,41	1191,92
352,62	1179,63
352,83	1183,73
353,04	1210,35
353,25	1196,01
353,46	1212,40
353,67	1208,30
353,88	1214,45
354,09	1245,16
354,30	1218,54
354,52	1171,44
354,73	1216,49
354,94	1183,73
355,15	1165,29
355,36	1173,49
355,57	1236,97
355,78	1136,62
355,99	1214,45
356,20	1214,45
356,41	1167,34
356,62	1144,81
356,83	1140,72
357,04	1208,30
357,25	1175,53
357,46	1179,63
357,68	1273,84
357,89	1263,60
358,10	1230,83
358,31	1185,77
358,52	1140,72
358,73	1085,42
358,94	1165,29
359,15	1200,11
359,36	1167,34
359,57	1261,55
359,78	1175,53
359,99	1253,36
360,20	1245,16
360,41	1198,06
360,62	1208,30
360,83	1177,58
361,04	1191,92
361,25	1169,39
361,46	1234,93
361,67	1118,19
361,88	1191,92
362,09	1253,36
362,30	1212,40
362,51	1189,87
362,72	1191,92
362,93	1134,57
363,14	1193,97
363,35	1236,97
363,56	1171,44
363,78	1159,15
363,99	1218,54
364,20	1187,82
364,41	1114,10
364,62	1175,53
364,83	1200,11
365,04	1134,57
365,25	1183,73
365,46	1214,45
365,67	1130,48
365,88	1185,77
366,09	1212,40
366,30	1177,58
366,51	1224,69
366,72	1185,77
366,93	1234,93
367,14	1243,12
367,35	1185,77
367,56	1230,83
367,77	1183,73
367,98	1173,49
368,18	1208,30
368,39	1191,92
368,60	1255,40
368,81	1228,78
369,02	1167,34
369,23	1140,72
369,44	1191,92
369,65	1204,21
369,86	1261,55
370,07	1232,88
370,28	1224,69
370,49	1193,97
370,70	1214,45
370,91	1157,10
371,12	1206,25
371,33	1212,40
371,54	1204,21
371,75	1224,69
371,96	1155,05
372,17	1169,39
372,38	1206,25
372,59	1196,01
372,80	1210,35
373,01	1212,40
373,22	1208,30
373,43	1241,07
373,64	1157,10
373,85	1204,21
374,06	1126,38
374,26	1165,29
374,47	1230,83
374,68	1157,10
374,89	1214,45
375,10	1144,81
375,31	1241,07
375,52	1204,21
375,73	1298,41
375,94	1198,06
376,15	1218,54
376,36	1167,34
376,57	1220,59
376,78	1179,63
376,99	1122,29
377,20	1230,83
377,40	1122,29
377,61	1236,97
377,82	1165,29
378,03	1171,44
378,24	1214,45
378,45	1169,39
378,66	1177,58
378,87	1216,49
379,08	1187,82
379,29	1175,53
379,50	1226,73
379,71	1267,69
379,91	1208,30
380,12	1267,69
380,33	1216,49
380,54	1249,26
380,75	1208,30
380,96	1189,87
381,17	1204,21
381,38	1153,01
381,59	1148,91
381,80	1196,01
382,00	1216,49
382,21	1165,29
382,42	1142,77
382,63	1226,73
382,84	1208,30
383,05	1103,86
383,26	1175,53
383,47	1198,06
383,68	1122,29
383,88	1171,44
384,09	1198,06
384,30	1253,36
384,51	1198,06
384,72	1153,01
384,93	1136,62
385,14	1165,29
385,35	1177,58
385,55	1173,49
385,76	1210,35
385,97	1214,45
386,18	1277,93
386,39	1241,07
386,60	1175,53
386,81	1175,53
387,02	1126,38
387,22	1298,41
387,43	1175,53
387,64	1202,16
387,85	1198,06
388,06	1183,73
388,27	1179,63
388,48	1173,49
388,68	1249,26
388,89	1140,72
389,10	1177,58
389,31	1226,73
389,52	1204,21
389,73	1204,21
389,93	1148,91
390,14	1234,93
390,35	1200,11
390,56	1189,87
390,77	1216,49
390,98	1253,36
391,18	1236,97
391,39	1140,72
391,60	1159,15
391,81	1249,26
392,02	1220,59
392,23	1214,45
392,43	1259,50
392,64	1239,02
392,85	1200,11
393,06	1161,20
393,27	1243,12
393,47	1226,73
393,68	1140,72
393,89	1167,34
394,10	1165,29
394,31	1105,90
394,52	1220,59
394,72	1228,78
394,93	1236,97
395,14	1202,16
395,35	1288,17
395,56	1175,53
395,76	1239,02
395,97	1228,78
396,18	1210,35
396,39	1255,40
396,60	1245,16
396,80	1183,73
397,01	1210,35
397,22	1200,11
397,43	1234,93
397,64	1253,36
397,84	1196,01
398,05	1138,67
398,26	1173,49
398,47	1124,33
398,67	1144,81
398,88	1216,49
399,09	1191,92
399,30	1200,11
399,51	1167,34
399,71	1134,57
399,92	1216,49
400,13	1193,97
400,34	1191,92
400,54	1224,69
400,75	1179,63
400,96	1148,91
401,17	1210,35
401,37	1251,31
401,58	1206,25
401,79	1224,69
402,00	1179,63
402,21	1185,77
402,41	1224,69
402,62	1271,79
402,83	1183,73
403,04	1232,88
403,24	1187,82
403,45	1105,90
403,66	1212,40
403,87	1191,92
404,07	1142,77
404,28	1153,01
404,49	1204,21
404,70	1243,12
404,90	1269,74
405,11	1159,15
405,32	1173,49
405,52	1267,69
405,73	1183,73
405,94	1208,30
406,15	1165,29
406,35	1148,91
406,56	1093,62
406,77	1181,68
406,98	1171,44
407,18	1138,67
407,39	1126,38
407,60	1222,64
407,80	1179,63
408,01	1236,97
408,22	1132,53
408,43	1148,91
408,63	1236,97
408,84	1157,10
409,05	1189,87
409,25	1220,59
409,46	1210,35
409,67	1193,97
409,88	1150,96
410,08	1167,34
410,29	1249,26
410,50	1253,36
410,70	1198,06
410,91	1204,21
411,12	1239,02
411,32	1163,25
411,53	1146,86
411,74	1183,73
411,95	1226,73
412,15	1155,05
412,36	1193,97
412,57	1234,93
412,77	1206,25
412,98	1226,73
413,19	1202,16
413,39	1208,30
413,60	1146,86
413,81	1157,10
414,01	1120,24
414,22	1138,67
414,43	1204,21
414,63	1210,35
414,84	1183,73
415,05	1224,69
415,25	1230,83
415,46	1224,69
415,67	1198,06
415,87	1189,87
416,08	1171,44
416,29	1173,49
416,49	1175,53
416,70	1204,21
416,91	1232,88
417,11	1169,39
417,32	1187,82
417,53	1206,25
417,73	1218,54
417,94	1167,34
418,15	1253,36
418,35	1165,29
418,56	1169,39
418,77	1183,73
418,97	1161,20
419,18	1279,98
419,38	1271,79
419,59	1181,68
419,80	1200,11
420,00	1230,83
420,21	1124,33
420,42	1191,92
420,62	1181,68
420,83	1163,25
421,04	1214,45
421,24	1183,73
421,45	1189,87
421,65	1165,29
421,86	1220,59
422,07	1122,29
422,27	1148,91
422,48	1232,88
422,69	1175,53
422,89	1196,01
423,10	1183,73
423,30	1265,64
423,51	1214,45
423,72	1130,48
423,92	1181,68
424,13	1167,34
424,33	1179,63
424,54	1224,69
424,75	1181,68
424,95	1216,49
425,16	1236,97
425,36	1161,20
425,57	1191,92
425,78	1247,21
425,98	1202,16
426,19	1212,40
426,39	1179,63
426,60	1253,36
426,81	1198,06
427,01	1212,40
427,22	1189,87
427,42	1185,77
427,63	1212,40
427,83	1159,15
428,04	1202,16
428,25	1236,97
428,45	1263,60
428,66	1200,11
428,86	1198,06
429,07	1236,97
429,28	1214,45
429,48	1202,16
429,69	1224,69
429,89	1228,78
430,10	1118,19
430,30	1159,15
430,51	1150,96
430,71	1265,64
430,92	1206,25
431,13	1204,21
431,33	1239,02
431,54	1136,62
431,74	1171,44
431,95	1163,25
432,15	1232,88
432,36	1204,21
432,56	1142,77
432,77	1163,25
432,98	1198,06
433,18	1157,10
433,39	1124,33
433,59	1179,63
433,80	1198,06
434,00	1159,15
434,21	1159,15
434,41	1241,07
434,62	1210,35
434,82	1228,78
435,03	1271,79
435,23	1214,45
435,44	1146,86
435,64	1167,34
435,85	1263,60
436,06	1124,33
436,26	1228,78
436,47	1183,73
436,67	1181,68
436,88	1218,54
437,08	1214,45
437,29	1253,36
437,49	1200,11
437,70	1198,06
437,90	1277,93
438,11	1155,05
438,31	1183,73
438,52	1220,59
438,72	1257,45
438,93	1122,29
439,13	1175,53
439,34	1159,15
439,54	1206,25
439,75	1177,58
439,95	1275,88
440,16	1189,87
440,36	1126,38
440,57	1165,29
440,77	1159,15
440,98	1185,77
441,18	1179,63
441,39	1173,49
441,59	1206,25
441,80	1075,18
442,00	1200,11
442,21	1110,00
442,41	1128,43
442,62	1224,69
442,82	1173,49
443,02	1132,53
443,23	1144,81
443,43	1208,30
443,64	1169,39
443,84	1183,73
444,05	1161,20
444,25	1245,16
444,46	1150,96
444,66	1210,35
444,87	1193,97
445,07	1177,58
445,28	1224,69
445,48	1183,73
445,69	1120,24
445,89	1243,12
446,09	1247,21
446,30	1140,72
446,50	1220,59
446,71	1167,34
446,91	1214,45
447,12	1322,99
447,32	1200,11
447,53	1177,58
447,73	1165,29
447,93	1253,36
448,14	1200,11
448,34	1161,20
448,55	1101,81
448,75	1261,55
448,96	1202,16
449,16	1234,93
449,36	1282,03
449,57	1155,05
449,77	1204,21
449,98	1220,59
450,18	1228,78
450,39	1142,77
450,59	1220,59
450,79	1165,29
451,00	1157,10
451,20	1243,12
451,41	1196,01
451,61	1173,49
451,81	1130,48
452,02	1179,63
452,22	1294,32
452,43	1208,30
452,63	1183,73
452,84	1234,93
453,04	1142,77
453,24	1210,35
453,45	1247,21
453,65	1208,30
453,86	1148,91
454,06	1171,44
454,26	1175,53
454,47	1099,76
454,67	1228,78
454,87	1251,31
455,08	1234,93
455,28	1130,48
455,49	1146,86
455,69	1140,72
455,89	1163,25
456,10	1161,20
456,30	1204,21
456,51	1204,21
456,71	1120,24
456,91	1167,34
457,12	1193,97
457,32	1140,72
457,52	1128,43
457,73	1187,82
457,93	1239,02
458,14	1157,10
458,34	1146,86
458,54	1236,97
458,75	1239,02
458,95	1165,29
459,15	1187,82
459,36	1171,44
459,56	1118,19
459,76	1142,77
459,97	1136,62
460,17	1282,03
460,37	1204,21
460,58	1155,05
460,78	1241,07
460,99	1204,21
461,19	1142,77
461,39	1191,92
461,60	1206,25
461,80	1222,64
462,00	1189,87
462,21	1187,82
462,41	1216,49
462,61	1187,82
462,82	1175,53
463,02	1150,96
463,22	1232,88
463,43	1189,87
463,63	1214,45
463,83	1218,54
464,04	1198,06
464,24	1175,53
464,44	1173,49
464,64	1196,01
464,85	1183,73
465,05	1212,40
465,25	1105,90
465,46	1224,69
465,66	1187,82
465,86	1216,49
466,07	1214,45
466,27	1171,44
466,47	1245,16
466,68	1128,43
466,88	1230,83
467,08	1320,94
467,29	1247,21
467,49	1230,83
467,69	1124,33
467,89	1200,11
468,10	1216,49
468,30	1206,25
468,50	1175,53
468,71	1171,44
468,91	1198,06
469,11	1222,64
469,31	1216,49
469,52	1138,67
469,72	1216,49
469,92	1165,29
470,13	1171,44
470,33	1181,68
470,53	1206,25
470,73	1173,49
470,94	1183,73
471,14	1142,77
471,34	1169,39
471,54	1222,64
471,75	1202,16
471,95	1253,36
472,15	1279,98
472,36	1130,48
472,56	1185,77
472,76	1161,20
472,96	1183,73
473,17	1257,45
473,37	1148,91
473,57	1116,14
473,77	1185,77
473,98	1138,67
474,18	1173,49
474,38	1253,36
474,58	1298,41
474,79	1202,16
474,99	1114,10
475,19	1122,29
475,39	1101,81
475,60	1224,69
475,80	1116,14
476,00	1169,39
476,20	1241,07
476,41	1202,16
476,61	1193,97
476,81	1198,06
477,01	1234,93
477,21	1204,21
477,42	1146,86
477,62	1157,10
477,82	1200,11
478,02	1204,21
478,23	1200,11
478,43	1169,39
478,63	1200,11
478,83	1193,97
479,03	1263,60
479,24	1179,63
479,44	1130,48
479,64	1249,26
479,84	1148,91
480,04	1239,02
480,25	1107,95
480,45	1169,39
480,65	1150,96
480,85	1136,62
481,06	1200,11
481,26	1191,92
481,46	1226,73
481,66	1181,68
481,86	1159,15
482,06	1191,92
482,27	1228,78
482,47	1173,49
482,67	1245,16
482,87	1189,87
483,07	1183,73
483,28	1218,54
483,48	1222,64
483,68	1249,26
483,88	1140,72
484,08	1202,16
484,29	1239,02
484,49	1171,44
484,69	1204,21
484,89	1179,63
485,09	1177,58
485,29	1177,58
485,50	1193,97
485,70	1179,63
485,90	1204,21
486,10	1261,55
486,30	1140,72
486,50	1206,25
486,71	1193,97
486,91	1150,96
487,11	1290,22
487,31	1179,63
487,51	1214,45
487,71	1134,57
487,91	1189,87
488,12	1144,81
488,32	1171,44
488,52	1142,77
488,72	1140,72
488,92	1181,68
489,12	1183,73
489,32	1185,77
489,53	1243,12
489,73	1257,45
489,93	1212,40
490,13	1171,44
490,33	1163,25
490,53	1202,16
490,73	1189,87
490,94	1214,45
491,14	1259,50
491,34	1196,01
491,54	1128,43
491,74	1249,26
491,94	1153,01
492,14	1175,53
492,34	1253,36
492,54	1159,15
492,75	1189,87
492,95	1243,12
493,15	1236,97
493,35	1169,39
493,55	1261,55
493,75	1193,97
493,95	1253,36
494,15	1191,92
494,35	1241,07
494,56	1177,58
494,76	1183,73
494,96	1206,25
495,16	1204,21
495,36	1202,16
495,56	1148,91
495,76	1204,21
495,96	1183,73
496,16	1200,11
496,36	1191,92
496,56	1101,81
496,77	1249,26
496,97	1130,48
497,17	1236,97
497,37	1234,93
497,57	1259,50
497,77	1226,73
497,97	1140,72
498,17	1208,30
498,37	1232,88
498,57	1226,73
498,77	1226,73
498,97	1193,97
499,17	1226,73
499,38	1169,39
499,58	1224,69
499,78	1171,44
499,98	1196,01
500,18	1153,01
500,38	1185,77
500,58	1200,11
500,78	1216,49
500,98	1191,92
501,18	1204,21
501,38	1214,45
501,58	1130,48
501,78	1204,21
501,98	1189,87
502,18	1189,87
502,38	1198,06
502,58	1232,88
502,78	1171,44
502,98	1226,73
503,18	1232,88
503,38	1269,74
503,59	1173,49
503,79	1204,21
503,99	1181,68
504,19	1165,29
504,39	1189,87
504,59	1218,54
504,79	1181,68
504,99	1177,58
505,19	1218,54
505,39	1146,86
505,59	1245,16
505,79	1150,96
505,99	1146,86
506,19	1228,78
506,39	1202,16
506,59	1198,06
506,79	1243,12
506,99	1245,16
507,19	1167,34
507,39	1191,92
507,59	1228,78
507,79	1239,02
507,99	1265,64
508,19	1204,21
508,39	1175,53
508,59	1196,01
508,79	1183,73
508,99	1155,05
509,19	1177,58
509,39	1224,69
509,59	1198,06
509,79	1175,53
509,99	1153,01
510,19	1187,82
510,39	1218,54
510,59	1165,29
510,79	1210,35
510,99	1191,92
511,19	1187,82
511,39	1210,35
511,59	1202,16
511,79	1239,02
511,99	1189,87
512,19	1148,91
512,38	1146,86
512,58	1153,01
512,78	1167,34
512,98	1216,49
513,18	1204,21
513,38	1228,78
513,58	1236,97
513,78	1204,21
513,98	1181,68
514,18	1218,54
514,38	1193,97
514,58	1286,12
514,78	1132,53
514,98	1116,14
515,18	1187,82
515,38	1157,10
515,58	1167,34
515,78	1191,92
515,98	1212,40
516,18	1142,77
516,38	1243,12
516,57	1222,64
516,77	1175,53
516,97	1202,16
517,17	1181,68
517,37	1153,01
517,57	1191,92
517,77	1181,68
517,97	1206,25
518,17	1177,58
518,37	1140,72
518,57	1175,53
518,77	1239,02
518,97	1208,30
519,16	1155,05
519,36	1198,06
519,56	1243,12
519,76	1142,77
519,96	1165,29
520,16	1150,96
520,36	1224,69
520,56	1179,63
520,76	1239,02
520,96	1189,87
521,16	1155,05
521,35	1138,67
521,55	1212,40
521,75	1142,77
521,95	1163,25
522,15	1191,92
522,35	1202,16
522,55	1157,10
522,75	1196,01
522,95	1202,16
523,14	1150,96
523,34	1138,67
523,54	1239,02
523,74	1183,73
523,94	1210,35
524,14	1128,43
524,34	1181,68
524,54	1112,05
524,73	1232,88
524,93	1159,15
525,13	1200,11
525,33	1234,93
525,53	1181,68
525,73	1243,12
525,93	1173,49
526,13	1126,38
526,32	1189,87
526,52	1153,01
526,72	1165,29
526,92	1214,45
527,12	1282,03
527,32	1208,30
527,52	1214,45
527,71	1239,02
527,91	1175,53
528,11	1220,59
528,31	1191,92
528,51	1214,45
528,71	1169,39
528,90	1181,68
529,10	1122,29
529,30	1204,21
529,50	1226,73
529,70	1200,11
529,90	1204,21
530,09	1153,01
530,29	1177,58
530,49	1216,49
530,69	1210,35
530,89	1157,10
531,09	1247,21
531,28	1222,64
531,48	1218,54
531,68	1206,25
531,88	1216,49
532,08	1224,69
532,28	1099,76
532,47	1189,87
532,67	1224,69
532,87	1196,01
533,07	1189,87
533,27	1122,29
533,46	1249,26
533,66	1263,60
533,86	1243,12
534,06	1159,15
534,26	1189,87
534,45	1247,21
534,65	1208,30
534,85	1167,34
535,05	1187,82
535,25	1273,84
535,44	1210,35
535,64	1206,25
535,84	1165,29
536,04	1187,82
536,24	1208,30
536,43	1126,38
536,63	1208,30
536,83	1138,67
537,03	1224,69
537,22	1279,98
537,42	1261,55
537,62	1159,15
537,82	1175,53
538,02	1255,40
538,21	1208,30
538,41	1269,74
538,61	1216,49
538,81	1187,82
539,00	1148,91
539,20	1239,02
539,40	1177,58
539,60	1161,20
539,79	1222,64
539,99	1140,72
540,19	1202,16
540,39	1175,53
540,58	1204,21
540,78	1230,83
540,98	1185,77
541,18	1198,06
541,37	1191,92
541,57	1210,35
541,77	1191,92
541,97	1247,21
542,16	1218,54
542,36	1200,11
542,56	1202,16
542,76	1189,87
542,95	1228,78
543,15	1224,69
543,35	1210,35
543,54	1185,77
543,74	1269,74
543,94	1191,92
544,14	1179,63
544,33	1241,07
544,53	1140,72
544,73	1101,81
544,93	1228,78
545,12	1216,49
545,32	1142,77
545,52	1183,73
545,71	1226,73
545,91	1175,53
546,11	1187,82
546,30	1251,31
546,50	1175,53
546,70	1236,97
546,90	1159,15
547,09	1236,97
547,29	1189,87
547,49	1218,54
547,68	1196,01
547,88	1179,63
548,08	1232,88
548,27	1247,21
548,47	1206,25
548,67	1191,92
548,87	1265,64
549,06	1179,63
549,26	1263,60
549,46	1253,36
549,65	1171,44
549,85	1214,45
550,05	1177,58
550,24	1191,92
550,44	1183,73
550,64	1191,92
550,83	1208,30
551,03	1159,15
551,23	1269,74
551,42	1239,02
551,62	1187,82
551,82	1144,81
552,01	1173,49
552,21	1171,44
552,41	1153,01
552,60	1165,29
552,80	1204,21
553,00	1265,64
553,19	1220,59
553,39	1155,05
553,59	1179,63
553,78	1204,21
553,98	1181,68
554,17	1220,59
554,37	1183,73
554,57	1187,82
554,76	1204,21
554,96	1247,21
555,16	1228,78
555,35	1253,36
555,55	1214,45
555,75	1183,73
555,94	1216,49
556,14	1157,10
556,33	1187,82
556,53	1204,21
556,73	1179,63
556,92	1236,97
557,12	1255,40
557,32	1146,86
557,51	1179,63
557,71	1247,21
557,90	1216,49
558,10	1171,44
558,30	1155,05
558,49	1232,88
558,69	1191,92
558,88	1181,68
559,08	1208,30
559,28	1191,92
559,47	1204,21
559,67	1157,10
559,86	1142,77
560,06	1138,67
560,26	1236,97
560,45	1136,62
560,65	1222,64
560,84	1310,70
561,04	1175,53
561,24	1183,73
561,43	1204,21
561,63	1241,07
561,82	1232,88
562,02	1234,93
562,22	1212,40
562,41	1159,15
562,61	1208,30
562,80	1241,07
563,00	1273,84
563,19	1183,73
563,39	1124,33
563,59	1259,50
563,78	1153,01
563,98	1134,57
564,17	1216,49
564,37	1187,82
564,56	1159,15
564,76	1243,12
564,96	1171,44
565,15	1196,01
565,35	1193,97
565,54	1216,49
565,74	1265,64
565,93	1263,60
566,13	1120,24
566,32	1204,21
566,52	1122,29
566,71	1175,53
566,91	1179,63
567,11	1255,40
567,30	1167,34
567,50	1179,63
567,69	1247,21
567,89	1214,45
568,08	1187,82
568,28	1173,49
568,47	1126,38
568,67	1247,21
568,86	1247,21
569,06	1085,42
569,25	1279,98
569,45	1189,87
569,64	1200,11
569,84	1204,21
570,04	1204,21
570,23	1183,73
570,43	1157,10
570,62	1163,25
570,82	1230,83
571,01	1204,21
571,21	1165,29
571,40	1159,15
571,60	1200,11
571,79	1169,39
571,99	1140,72
572,18	1153,01
572,38	1163,25
572,57	1150,96
572,77	1148,91
572,96	1253,36
573,16	1282,03
573,35	1243,12
573,55	1255,40
573,74	1255,40
573,94	1230,83
574,13	1220,59
574,33	1216,49
574,52	1230,83
574,71	1230,83
574,91	1214,45
575,10	1263,60
575,30	1226,73
575,49	1206,25
575,69	1228,78
575,88	1288,17
576,08	1165,29
576,27	1202,16
576,47	1224,69
576,66	1220,59
576,86	1212,40
577,05	1175,53
577,25	1132,53
577,44	1181,68
577,64	1191,92
577,83	1206,25
578,02	1234,93
578,22	1290,22
578,41	1175,53
578,61	1216,49
578,80	1204,21
579,00	1165,29
579,19	1228,78
579,39	1187,82
579,58	1220,59
579,77	1140,72
579,97	1232,88
580,16	1269,74
580,36	1173,49
580,55	1157,10
580,75	1265,64
580,94	1150,96
581,13	1200,11
581,33	1204,21
581,52	1202,16
581,72	1167,34
581,91	1222,64
582,11	1163,25
582,30	1200,11
582,49	1249,26
582,69	1171,44
582,88	1150,96
583,08	1138,67
583,27	1243,12
583,47	1171,44
583,66	1212,40
583,85	1157,10
584,05	1239,02
584,24	1161,20
584,44	1241,07
584,63	1193,97
584,82	1173,49
585,02	1224,69
585,21	1202,16
585,41	1173,49
585,60	1222,64
585,79	1181,68
585,99	1220,59
586,18	1179,63
586,37	1198,06
586,57	1236,97
586,76	1206,25
586,96	1122,29
587,15	1144,81
587,34	1204,21
587,54	1161,20
587,73	1212,40
587,93	1173,49
588,12	1191,92
588,31	1120,24
588,51	1165,29
588,70	1286,12
588,89	1202,16
589,09	1222,64
589,28	1185,77
589,47	1179,63
589,67	1150,96
589,86	1210,35
590,06	1138,67
590,25	1169,39
590,44	1155,05
590,64	1298,41
590,83	1173,49
591,02	1187,82
591,22	1243,12
591,41	1173,49
591,60	1220,59
591,80	1198,06
591,99	1204,21
592,18	1165,29
592,38	1191,92
592,57	1202,16
592,76	1128,43
592,96	1220,59
593,15	1218,54
593,34	1202,16
593,54	1153,01
593,73	1193,97
593,92	1167,34
594,12	1175,53
594,31	1183,73
594,50	1173,49
594,70	1185,77
594,89	1183,73
595,08	1249,26
595,28	1234,93
595,47	1171,44
595,66	1173,49
595,86	1130,48
596,05	1204,21
596,24	1191,92
596,43	1230,83
596,63	1216,49
596,82	1224,69
597,01	1234,93
597,21	1234,93
597,40	1189,87
597,59	1296,36
597,79	1159,15
597,98	1212,40
598,17	1202,16
598,36	1236,97
598,56	1198,06
598,75	1245,16
598,94	1212,40
599,14	1183,73
599,33	1189,87
599,52	1193,97
599,71	1196,01
599,91	1191,92
600,10	1167,34
600,29	1173,49
600,48	1198,06
600,68	1222,64
600,87	1222,64
601,06	1224,69
601,26	1148,91
601,45	1214,45
601,64	1130,48
601,83	1259,50
602,03	1155,05
602,22	1181,68
602,41	1165,29
602,60	1236,97
602,80	1173,49
602,99	1224,69
603,18	1230,83
603,37	1212,40
603,57	1220,59
603,76	1230,83
603,95	1130,48
604,14	1150,96
604,34	1239,02
604,53	1212,40
604,72	1216,49
604,91	1073,14
605,10	1251,31
605,30	1251,31
605,49	1206,25
605,68	1241,07
605,87	1222,64
606,07	1185,77
606,26	1200,11
606,45	1271,79
606,64	1177,58
606,84	1191,92
607,03	1157,10
607,22	1138,67
607,41	1218,54
607,60	1236,97
607,80	1107,95
607,99	1310,70
608,18	1198,06
608,37	1277,93
608,56	1251,31
608,76	1218,54
608,95	1232,88
609,14	1210,35
609,33	1216,49
609,52	1128,43
609,72	1110,00
609,91	1206,25
610,10	1208,30
610,29	1224,69
610,48	1187,82
610,68	1193,97
610,87	1245,16
611,06	1226,73
611,25	1157,10
611,44	1183,73
611,63	1202,16
611,83	1206,25
612,02	1224,69
612,21	1157,10
612,40	1265,64
612,59	1122,29
612,79	1126,38
612,98	1212,40
613,17	1232,88
613,36	1185,77
613,55	1220,59
613,74	1206,25
613,93	1148,91
614,13	1150,96
614,32	1148,91
614,51	1142,77
614,70	1144,81
614,89	1171,44
615,08	1224,69
615,28	1284,08
615,47	1210,35
615,66	1208,30
615,85	1204,21
616,04	1214,45
616,23	1159,15
616,42	1196,01
616,62	1183,73
616,81	1155,05
617,00	1173,49
617,19	1198,06
617,38	1163,25
617,57	1212,40
617,76	1183,73
617,95	1181,68
618,15	1138,67
618,34	1208,30
618,53	1230,83
618,72	1196,01
618,91	1198,06
619,10	1175,53
619,29	1202,16
619,48	1193,97
619,68	1189,87
619,87	1175,53
620,06	1189,87
620,25	1216,49
620,44	1216,49
620,63	1112,05
620,82	1179,63
621,01	1218,54
621,20	1202,16
621,39	1220,59
621,59	1167,34
621,78	1206,25
621,97	1165,29
622,16	1189,87
622,35	1226,73
622,54	1126,38
622,73	1241,07
622,92	1159,15
623,11	1159,15
623,30	1206,25
623,49	1218,54
623,68	1181,68
623,88	1177,58
624,07	1144,81
624,26	1189,87
624,45	1161,20
624,64	1306,60
624,83	1138,67
625,02	1167,34
625,21	1210,35
625,40	1185,77
625,59	1179,63
625,78	1153,01
625,97	1239,02
626,16	1171,44
626,35	1142,77
626,54	1157,10
626,74	1232,88
626,93	1099,76
627,12	1183,73
627,31	1220,59
627,50	1210,35
627,69	1163,25
627,88	1222,64
628,07	1138,67
628,26	1206,25
628,45	1165,29
628,64	1085,42
628,83	1216,49
629,02	1173,49
629,21	1277,93
629,40	1239,02
629,59	1148,91
629,78	1173,49
629,97	1196,01
630,16	1222,64
630,35	1206,25
630,54	1128,43
630,73	1208,30
630,92	1226,73
631,11	1183,73
631,30	1224,69
631,49	1243,12
631,68	1404,91
631,87	2480,09
632,06	7749,51
632,25	16201,48
632,44	19619,54
632,63	25613,95
632,82	13926,19
633,01	8003,46
633,20	3940,29
633,39	2099,17
633,58	1685,48
633,77	1773,54
633,96	1640,42
634,15	1462,25
634,34	1370,09
634,53	1435,63
634,72	1341,42
634,91	1273,84
635,10	1198,06
635,29	1304,56
635,48	1234,93
635,67	1275,88
635,86	1253,36
636,05	1208,30
636,24	1273,84
636,43	1173,49
636,62	1230,83
636,81	1193,97
637,00	1236,97
637,19	1167,34
637,38	1206,25
637,57	1148,91
637,76	1177,58
637,95	1204,21
638,14	1193,97
638,33	1191,92
638,52	1228,78
638,71	1228,78
638,89	1165,29
639,08	1200,11
639,27	1214,45
639,46	1196,01
639,65	1163,25
639,84	1185,77
640,03	1214,45
640,22	1165,29
640,41	1175,53
640,60	1212,40
640,79	1179,63
640,98	1191,92
641,17	1234,93
641,36	1222,64
641,55	1247,21
641,74	1193,97
641,92	1249,26
642,11	1193,97
642,30	1167,34
642,49	1241,07
642,68	1142,77
642,87	1150,96
643,06	1157,10
643,25	1167,34
643,44	1216,49
643,63	1171,44
643,82	1159,15
644,00	1175,53
644,19	1206,25
644,38	1165,29
644,57	1167,34
644,76	1165,29
644,95	1279,98
645,14	1183,73
645,33	1247,21
645,52	1271,79
645,71	1165,29
645,89	1232,88
646,08	1228,78
646,27	1122,29
646,46	1236,97
646,65	1200,11
646,84	1206,25
647,03	1165,29
647,22	1255,40
647,40	1253,36
647,59	1210,35
647,78	1165,29
647,97	1230,83
648,16	1185,77
648,35	1144,81
648,54	1222,64
648,73	1146,86
648,91	1179,63
649,10	1189,87
649,29	1236,97
649,48	1132,53
649,67	1155,05
649,86	1173,49
650,05	1193,97
650,23	1216,49
650,42	1173,49
650,61	1261,55
650,80	1150,96
650,99	1257,45
651,18	1265,64
651,36	1204,21
651,55	1138,67
651,74	1191,92
651,93	1191,92
652,12	1187,82
652,31	1148,91
652,49	1142,77
652,68	1228,78
652,87	1232,88
653,06	1161,20
653,25	1253,36
653,44	1198,06
653,62	1257,45
653,81	1200,11
654,00	1187,82
654,19	1193,97
654,38	1165,29
654,56	1159,15
654,75	1150,96
654,94	1232,88
655,13	1153,01
655,32	1200,11
655,51	1239,02
655,69	1132,53
655,88	1165,29
656,07	1177,58
656,26	1239,02
656,45	1171,44
656,63	1163,25
656,82	1157,10
657,01	1243,12
657,20	1185,77
657,38	1183,73
657,57	1173,49
657,76	1165,29
657,95	1171,44
658,14	1132,53
658,32	1241,07
658,51	1193,97
658,70	1140,72
658,89	1224,69
659,08	1202,16
659,26	1159,15
659,45	1232,88
659,64	1226,73
659,83	1202,16
660,01	1189,87
660,20	1230,83
660,39	1222,64
660,58	1216,49
660,76	1142,77
660,95	1122,29
661,14	1302,51
661,33	1247,21
661,51	1159,15
661,70	1245,16
661,89	1200,11
662,08	1120,24
662,26	1173,49
662,45	1234,93
662,64	1157,10
662,83	1200,11
663,01	1257,45
663,20	1193,97
663,39	1161,20
663,58	1193,97
663,76	1165,29
663,95	1204,21
664,14	1228,78
664,32	1191,92
664,51	1157,10
664,70	1153,01
664,89	1175,53
665,07	1228,78
665,26	1204,21
665,45	1230,83
665,64	1232,88
665,82	1189,87
666,01	1155,05
666,20	1187,82
666,38	1167,34
666,57	1191,92
666,76	1189,87
666,95	1124,33
667,13	1185,77
667,32	1183,73
667,51	1196,01
667,69	1124,33
667,88	1142,77
668,07	1185,77
668,25	1200,11
668,44	1173,49
668,63	1214,45
668,81	1204,21
669,00	1196,01
669,19	1220,59
669,38	1200,11
669,56	1183,73
669,75	1198,06
669,94	1146,86
670,12	1167,34
670,31	1228,78
670,50	1259,50
670,68	1193,97
670,87	1187,82
671,06	1222,64
671,24	1193,97
671,43	1146,86
671,62	1214,45
671,80	1200,11
671,99	1155,05
672,18	1159,15
672,36	1218,54
672,55	1103,86
672,74	1239,02
672,92	1224,69
673,11	1165,29
673,29	1196,01
673,48	1185,77
673,67	1249,26
673,85	1153,01
674,04	1196,01
674,23	1243,12
674,41	1226,73
674,60	1214,45
674,79	1167,34
674,97	1222,64
675,16	1171,44
675,34	1181,68
675,53	1232,88
675,72	1175,53
675,90	1185,77
676,09	1155,05
676,28	1196,01
676,46	1177,58
676,65	1249,26
676,83	1181,68
677,02	1220,59
677,21	1259,50
677,39	1208,30
677,58	1165,29
677,77	1165,29
677,95	1181,68
678,14	1200,11
678,32	1226,73
678,51	1124,33
678,70	1187,82
678,88	1196,01
679,07	1169,39
679,25	1146,86
679,44	1196,01
679,63	1148,91
679,81	1232,88
680,00	1234,93
680,18	1126,38
680,37	1146,86
680,55	1191,92
680,74	1122,29
680,93	1179,63
681,11	1216,49
681,30	1155,05
681,48	1189,87
681,67	1193,97
681,85	1189,87
682,04	1185,77
682,23	1224,69
682,41	1165,29
682,60	1222,64
682,78	1169,39
682,97	1185,77
683,15	1171,44
683,34	1218,54
683,53	1196,01
683,71	1187,82
683,90	1150,96
684,08	1216,49
684,27	1200,11
684,45	1214,45
684,64	1204,21
684,82	1134,57
685,01	1271,79
685,19	1286,12
685,38	1243,12
685,57	1175,53
685,75	1216,49
685,94	1214,45
686,12	1288,17
686,31	1200,11
686,49	1134,57
686,68	1140,72
686,86	1247,21
687,05	1193,97
687,23	1222,64
687,42	1124,33
687,60	1257,45
687,79	1228,78
687,97	1220,59
688,16	1241,07
688,34	1232,88
688,53	1187,82
688,71	1191,92
688,90	1165,29
689,08	1179,63
689,27	1265,64
689,45	1228,78
689,64	1171,44
689,82	1179,63
690,01	1099,76
690,19	1200,11
690,38	1150,96
690,56	1181,68
690,75	1200,11
690,93	1189,87
691,12	1183,73
691,30	1249,26
691,49	1222,64
691,67	1230,83
691,86	1210,35
692,04	1234,93
692,23	1220,59
692,41	1181,68
692,60	1161,20
692,78	1169,39
692,97	1173,49
693,15	1277,93
693,34	1251,31
693,52	1150,96
693,71	1200,11
693,89	1142,77
694,08	1165,29
694,26	1150,96
694,44	1132,53
694,63	1185,77
694,81	1226,73
695,00	1265,64
695,18	1155,05
695,37	1210,35
695,55	1177,58
695,74	1216,49
695,92	1216,49
696,10	1306,60
696,29	1173,49
696,47	1191,92
696,66	1220,59
696,84	1200,11
697,03	1185,77
697,21	1210,35
697,40	1191,92
697,58	1161,20
697,76	1261,55
697,95	1165,29
698,13	1161,20
698,32	1247,21
698,50	1269,74
698,68	1189,87
698,87	1193,97
699,05	1234,93
699,24	1220,59
699,42	1206,25
699,61	1212,40
699,79	1146,86
699,97	1179,63
700,16	1245,16
700,34	1185,77
700,53	1275,88
700,71	1171,44
700,89	1230,83
701,08	1144,81
701,26	1277,93
701,45	1124,33
701,63	1255,40
701,81	1118,19
702,00	1230,83
702,18	1175,53
702,37	1161,20
702,55	1130,48
702,73	1200,11
702,92	1230,83
703,10	1214,45
703,28	1257,45
703,47	1155,05
703,65	1196,01
703,84	1214,45
704,02	1120,24
704,20	1157,10
704,39	1200,11
704,57	1214,45
704,75	1177,58
704,94	1159,15
705,12	1136,62
705,30	1159,15
705,49	1126,38
705,67	1181,68
705,86	1236,97
706,04	1185,77
706,22	1232,88
706,41	1177,58
706,59	1185,77
706,77	1222,64
706,96	1169,39
707,14	1196,01
707,32	1095,66
707,51	1179,63
707,69	1196,01
707,87	1247,21
708,06	1187,82
708,24	1196,01
708,42	1212,40
708,61	1208,30
708,79	1187,82
708,97	1224,69
709,16	1120,24
709,34	1173,49
709,52	1171,44
709,71	1173,49
709,89	1239,02
710,07	1243,12
710,26	1142,77
710,44	1214,45
710,62	1212,40
710,80	1142,77
710,99	1224,69
711,17	1249,26
711,35	1169,39
711,54	1155,05
711,72	1169,39
711,90	1212,40
712,09	1226,73
712,27	1204,21
712,45	1177,58
712,63	1210,35
712,82	1171,44
713,00	1245,16
713,18	1191,92
713,37	1210,35
713,55	1165,29
713,73	1169,39
713,91	1167,34
714,10	1224,69
714,28	1159,15
714,46	1257,45
714,65	1153,01
714,83	1101,81
715,01	1206,25
715,19	1150,96
715,38	1177,58
715,56	1228,78
715,74	1132,53
715,92	1230,83
716,11	1265,64
716,29	1177,58
716,47	1224,69
716,65	1224,69
716,84	1161,20
717,02	1173,49
717,20	1224,69
717,38	1216,49
717,57	1140,72
717,75	1206,25
717,93	1155,05
718,11	1239,02
718,30	1196,01
718,48	1243,12
718,66	1208,30
718,84	1216,49
719,03	1128,43
719,21	1187,82
719,39	1241,07
719,57	1146,86
719,75	1171,44
719,94	1218,54
720,12	1259,50
720,30	1210,35
720,48	1241,07
720,67	1169,39
720,85	1183,73
721,03	1196,01
721,21	1249,26
721,39	1193,97
721,58	1200,11
721,76	1148,91
721,94	1103,86
722,12	1181,68
722,30	1146,86
722,49	1193,97
722,67	1200,11
722,85	1230,83
723,03	1099,76
723,21	1191,92
723,40	1187,82
723,58	1191,92
723,76	1138,67
723,94	1163,25
724,12	1173,49
724,30	1257,45
724,49	1183,73
724,67	1171,44
724,85	1185,77
725,03	1167,34
725,21	1187,82
725,40	1122,29
725,58	1148,91
725,76	1142,77
725,94	1157,10
726,12	1177,58
726,30	1179,63
726,49	1173,49
726,67	1189,87
726,85	1173,49
727,03	1183,73
727,21	1208,30
727,39	1218,54
727,57	1171,44
727,76	1183,73
727,94	1177,58
728,12	1134,57
728,30	1169,39
728,48	1179,63
728,66	1110,00
728,84	1165,29
729,03	1196,01
729,21	1218,54
729,39	1212,40
729,57	1163,25
729,75	1198,06
729,93	1196,01
730,11	1179,63
730,30	1173,49
730,48	1249,26
730,66	1177,58
730,84	1198,06
731,02	1234,93
731,20	1200,11
731,38	1157,10
731,56	1196,01
731,74	1165,29
731,93	1181,68
732,11	1228,78
732,29	1234,93
732,47	1185,77
732,65	1232,88
732,83	1161,20
733,01	1171,44
733,19	1212,40
733,37	1167,34
733,56	1204,21
733,74	1150,96
733,92	1220,59
734,10	1179,63
734,28	1249,26
734,46	1202,16
734,64	1239,02
734,82	1193,97
735,00	1191,92
735,18	1200,11
735,36	1200,11
735,54	1159,15
735,73	1212,40
735,91	1167,34
736,09	1228,78
736,27	1198,06
736,45	1288,17
736,63	1196,01
736,81	1150,96
736,99	1163,25
737,17	1095,66
737,35	1275,88
737,53	1257,45
737,71	1140,72
737,89	1196,01
738,07	1173,49
738,25	1185,77
738,43	1198,06
738,61	1208,30
738,80	1142,77
738,98	1208,30
739,16	1198,06
739,34	1163,25
739,52	1224,69
739,70	1163,25
739,88	1224,69
740,06	1155,05
740,24	1234,93
740,42	1153,01
740,60	1150,96
740,78	1198,06
740,96	1236,97
741,14	1171,44
741,32	1206,25
741,50	1177,58
741,68	1181,68
741,86	1157,10
742,04	1191,92
742,22	1124,33
742,40	1228,78
742,58	1226,73
742,76	1181,68
742,94	1161,20
743,12	1202,16
743,30	1234,93
743,48	1185,77
743,66	1236,97
743,84	1159,15
744,02	1120,24
744,20	1204,21
744,38	1216,49
744,56	1212,40
744,74	1175,53
744,92	1247,21
745,10	1112,05
745,28	1179,63
745,46	1130,48
745,64	1222,64
745,82	1210,35
746,00	1234,93
746,18	1198,06
746,36	1220,59
746,54	1204,21
746,72	1265,64
746,90	1218,54
747,08	1208,30
747,26	1159,15
747,44	1181,68
747,62	1155,05
747,80	1165,29
747,98	1185,77
748,15	1222,64
748,33	1191,92
748,51	1224,69
748,69	1179,63
748,87	1214,45
749,05	1142,77
749,23	1234,93
749,41	1185,77
749,59	1232,88
749,77	1153,01
749,95	1138,67
750,13	1136,62
750,31	1257,45
750,49	1224,69
750,67	1177,58
750,85	1153,01
751,03	1140,72
751,20	1265,64
751,38	1226,73
751,56	1112,05
751,74	1206,25
751,92	1210,35
752,10	1175,53
752,28	1161,20
752,46	1198,06
752,64	1177,58
752,82	1204,21
753,00	1198,06
753,18	1200,11
753,35	1224,69
753,53	1181,68
753,71	1136,62
753,89	1214,45
754,07	1193,97
754,25	1228,78
754,43	1191,92
754,61	1304,56
754,79	1187,82
754,97	1228,78
755,14	1185,77
755,32	1193,97
755,50	1202,16
755,68	1189,87
755,86	1179,63
756,04	1146,86
756,22	1173,49
756,40	1175,53
756,57	1253,36
756,75	1202,16
756,93	1191,92
757,11	1230,83
757,29	1179,63
757,47	1200,11
757,65	1146,86
757,82	1107,95
758,00	1136,62
758,18	1161,20
758,36	1187,82
758,54	1122,29
758,72	1150,96
758,90	1107,95
759,07	1167,34
759,25	1220,59
759,43	1208,30
759,61	1191,92
759,79	1171,44
759,97	1212,40
760,15	1171,44
760,32	1298,41
760,50	1204,21
760,68	1161,20
760,86	1282,03
761,04	1241,07
761,22	1150,96
761,39	1259,50
761,57	1220,59
761,75	1204,21
761,93	1249,26
762,11	1191,92
762,28	1210,35
762,46	1177,58
762,64	1167,34
762,82	1169,39
763,00	1159,15
763,18	1198,06
763,35	1210,35
763,53	1165,29
763,71	1173,49
763,89	1200,11
764,07	1173,49
764,24	1206,25
764,42	1236,97
764,60	1220,59
764,78	1179,63
764,96	1142,77
765,13	1181,68
765,31	1245,16
765,49	1173,49
765,67	1157,10
765,84	1191,92
766,02	1161,20
766,20	1204,21
766,38	1259,50
766,56	1284,08
766,73	1220,59
766,91	1232,88
767,09	1163,25
767,27	1179,63
767,44	1232,88
767,62	1140,72
767,80	1232,88
767,98	1200,11
768,15	1183,73
768,33	1236,97
768,51	1183,73
768,69	1175,53
768,87	1181,68
769,04	1146,86
769,22	1226,73
769,40	1157,10
769,58	1150,96
769,75	1177,58
769,93	1132,53
770,11	1255,40
770,28	1216,49
770,46	1200,11
770,64	1216,49
770,82	1204,21
770,99	1173,49
771,17	1216,49
771,35	1286,12
771,53	1204,21
771,70	1173,49
771,88	1241,07
772,06	1234,93
772,23	1157,10
772,41	1239,02
772,59	1239,02
772,77	1202,16
772,94	1189,87
773,12	1163,25
773,30	1179,63
773,47	1204,21
773,65	1181,68
773,83	1169,39
774,01	1183,73
774,18	1206,25
774,36	1210,35
774,54	1142,77
774,71	1146,86
774,89	1239,02
775,07	1165,29
775,24	1179,63
775,42	1208,30
775,60	1208,30
775,78	1163,25
775,95	1218,54
776,13	1132,53
776,31	1189,87
776,48	1146,86
776,66	1146,86
776,84	1214,45
777,01	1167,34
777,19	1187,82
777,37	1210,35
777,54	1181,68
777,72	1175,53
777,90	1159,15
778,07	1187,82
778,25	1140,72
778,43	1165,29
778,60	1107,95
778,78	1181,68
778,96	1200,11
779,13	1171,44
779,31	1142,77
779,49	1245,16
779,66	1114,10
779,84	1230,83
780,01	1171,44
780,19	1202,16
780,37	1198,06
780,54	1171,44
780,72	1155,05
780,90	1169,39
781,07	1214,45
781,25	1216,49
781,43	1200,11
781,60	1230,83
781,78	1222,64
781,95	1216,49
782,13	1222,64
782,31	1212,40
782,48	1140,72
782,66	1167,34
782,83	1204,21
783,01	1196,01
783,19	1191,92
783,36	1202,16
783,54	1187,82
783,72	1255,40
783,89	1138,67
784,07	1177,58
784,24	1206,25
784,42	1257,45
784,60	1216,49
784,77	1208,30
784,95	1253,36
785,12	1200,11
785,30	1167,34
785,47	1296,36
785,65	1183,73
785,83	1193,97
786,00	1181,68
786,18	1204,21
786,35	1161,20
786,53	1140,72
786,71	1232,88
786,88	1150,96
787,06	1263,60
787,23	1224,69
787,41	1200,11
787,58	1122,29
787,76	1169,39
787,94	1247,21
788,11	1159,15
788,29	1204,21
788,46	1234,93
788,64	1249,26
788,81	1257,45
788,99	1241,07
789,16	1206,25
789,34	1181,68
789,52	1163,25
789,69	1198,06
789,87	1116,14
790,04	1183,73
790,22	1175,53
790,39	1200,11
790,57	1191,92
790,74	1271,79
790,92	1165,29
791,09	1173,49
791,27	1196,01
791,44	1208,30
791,62	1212,40
791,79	1212,40
791,97	1206,25
792,15	1200,11
792,32	1177,58
792,50	1216,49
792,67	1206,25
792,85	1230,83
793,02	1247,21
793,20	1110,00
793,37	1191,92
793,55	1226,73
793,72	1196,01
793,90	1175,53
794,07	1177,58
794,25	1247,21
794,42	1230,83
794,60	1122,29
794,77	1230,83
794,95	1261,55
795,12	1167,34
795,30	1193,97
795,47	1148,91
795,65	1206,25
795,82	1153,01
796,00	1189,87
796,17	1155,05
796,34	1169,39
796,52	1220,59
796,69	1171,44
796,87	1204,21
797,04	1155,05
797,22	1165,29
797,39	1163,25
797,57	1132,53
797,74	1191,92
797,92	1208,30
798,09	1261,55
798,27	1171,44
798,44	1107,95
798,62	1204,21
798,79	1214,45
798,96	1132,53
799,14	1159,15
799,31	1202,16
799,49	1253,36
799,66	1183,73
799,84	1146,86
800,01	1189,87
800,19	1185,77
800,36	1155,05
800,53	1202,16
800,71	1140,72
800,88	1198,06
801,06	1222,64
801,23	1159,15
801,41	1212,40
801,58	1249,26
801,75	1183,73
801,93	1226,73
802,10	1132,53
802,28	1189,87
802,45	1236,97
802,63	1175,53
802,80	1232,88
802,97	1204,21
803,15	1216,49
803,32	1173,49
803,50	1189,87
803,67	1138,67
803,84	1177,58
804,02	1216,49
804,19	1232,88
804,37	1191,92
804,54	1226,73
804,71	1206,25
804,89	1146,86
805,06	1271,79
805,24	1116,14
805,41	1189,87
805,58	1157,10
805,76	1277,93
805,93	1196,01
806,10	1226,73
806,28	1165,29
806,45	1243,12
806,63	1177,58
806,80	1196,01
806,97	1208,30
807,15	1142,77
807,32	1224,69
807,49	1177,58
807,67	1247,21
807,84	1118,19
808,01	1200,11
808,19	1206,25
808,36	1173,49
808,54	1216,49
808,71	1232,88
808,88	1193,97
809,06	1230,83
809,23	1292,27
809,40	1255,40
809,58	1204,21
809,75	1157,10
809,92	1136,62
810,10	1165,29
810,27	1089,52
810,44	1126,38
810,62	1239,02
810,79	1179,63
810,96	1224,69
811,14	1146,86
811,31	1263,60
811,48	1157,10
811,66	1230,83
811,83	1148,91
812,00	1079,28
812,18	1241,07
812,35	1167,34
812,52	1157,10
812,69	1247,21
812,87	1159,15
813,04	1187,82
813,21	1153,01
813,39	1232,88
813,56	1177,58
813,73	1173,49
813,91	1228,78
814,08	1202,16
814,25	1171,44
814,42	1155,05
814,60	1230,83
814,77	1159,15
814,94	1140,72
815,12	1206,25
815,29	1103,86
815,46	1222,64
815,63	1140,72
815,81	1173,49
815,98	1118,19
816,15	1187,82
816,33	1124,33
816,50	1181,68
816,67	1202,16
816,84	1193,97
817,02	1157,10
817,19	1112,05
817,36	1177,58
817,53	1230,83
817,71	1146,86
817,88	1208,30
818,05	1173,49
818,22	1204,21
818,40	1216,49
818,57	1224,69
818,74	1208,30
818,91	1243,12
819,09	1206,25
819,26	1214,45
819,43	1144,81
819,60	1134,57
819,78	1148,91
819,95	1196,01
820,12	1185,77
820,29	1226,73
820,47	1144,81
820,64	1157,10
820,81	1257,45
820,98	1214,45
821,15	1189,87
821,33	1169,39
821,50	1169,39
821,67	1181,68
821,84	1175,53
822,02	1255,40
822,19	1277,93
822,36	1130,48
822,53	1255,40
822,70	1157,10
822,88	1161,20
823,05	1159,15
823,22	1179,63
823,39	1181,68
823,56	1208,30
823,74	1269,74
823,91	1116,14
824,08	1263,60
824,25	1204,21
824,42	1187,82
824,60	1126,38
824,77	1298,41
824,94	1150,96
825,11	1249,26
825,28	1130,48
825,45	1167,34
825,63	1144,81
825,80	1185,77
825,97	1275,88
826,14	1167,34
826,31	1177,58
826,48	1185,77
826,66	1128,43
826,83	1191,92
827,00	1167,34
827,17	1146,86
827,34	1193,97
827,51	1191,92
827,69	1214,45
827,86	1247,21
828,03	1085,42
828,20	1206,25
828,37	1269,74
828,54	1187,82
828,71	1140,72
828,89	1148,91
829,06	1228,78
829,23	1204,21
829,40	1150,96
829,57	1196,01
829,74	1148,91
829,91	1185,77
830,09	1196,01
830,26	1234,93
830,43	1191,92
830,60	1155,05
830,77	1202,16
830,94	1218,54
831,11	1150,96
831,28	1216,49
831,46	1142,77
831,63	1239,02
831,80	1187,82
831,97	1124,33
832,14	1210,35
832,31	1198,06
832,48	1118,19
832,65	1167,34
832,82	1198,06
832,99	1216,49
833,17	1191,92
833,34	1265,64
833,51	1253,36
833,68	1206,25
833,85	1150,96
834,02	1214,45
834,19	1196,01
834,36	1224,69
834,53	1224,69
834,70	1128,43
834,87	1183,73
835,04	1189,87
835,22	1189,87
835,39	1241,07
835,56	1181,68
835,73	1198,06
835,90	1206,25
836,07	1140,72
836,24	1193,97
836,41	1171,44
836,58	1210,35
836,75	1132,53
836,92	1236,97
837,09	1198,06
837,26	1159,15
837,43	1189,87
837,60	1167,34
837,77	1120,24
837,94	1243,12
838,12	1265,64
838,29	1189,87
838,46	1206,25
838,63	1161,20
838,80	1146,86
838,97	1236,97
839,14	1247,21
839,31	1153,01
839,48	1161,20
839,65	1212,40
839,82	1263,60
839,99	1107,95
840,16	1226,73
840,33	1198,06
840,50	1183,73
840,67	1204,21
840,84	1167,34
841,01	1222,64
841,18	1198,06
841,35	1138,67
841,52	1222,64
841,69	1130,48
841,86	1224,69
842,03	1155,05
842,20	1224,69
842,37	1198,06
842,54	1183,73
842,71	1181,68
842,88	1259,50
843,05	1163,25
843,22	1234,93
843,39	1239,02
843,56	1196,01
843,73	1169,39
843,90	1214,45
844,07	1181,68
844,24	1171,44
844,41	1155,05
844,58	1171,44
844,75	1146,86
844,92	1193,97
845,09	1198,06
845,26	1146,86
845,43	1185,77
845,60	1257,45
845,77	1173,49
845,94	1130,48
846,10	1179,63
846,27	1226,73
846,44	1157,10
846,61	1171,44
846,78	1183,73
846,95	1200,11
847,12	1134,57
847,29	1224,69
847,46	1097,71
847,63	1140,72
847,80	1150,96
847,97	1191,92
848,14	1200,11
848,31	1175,53
848,48	1189,87
848,65	1146,86
848,82	1187,82
848,98	1196,01
849,15	1175,53
849,32	1177,58
849,49	1163,25
849,66	1191,92
849,83	1220,59
850,00	1175,53
850,17	1210,35
850,34	1144,81
850,51	1226,73
850,68	1175,53
850,85	1173,49
851,01	1140,72
851,18	1189,87
851,35	1130,48
851,52	1175,53
851,69	1208,30
851,86	1183,73
852,03	1114,10
852,20	1132,53
852,37	1150,96
852,53	1230,83
852,70	1198,06
852,87	1179,63
853,04	1175,53
853,21	1189,87
853,38	1159,15
853,55	1185,77
853,72	1191,92
853,89	1247,21
854,05	1259,50
854,22	1150,96
854,39	1198,06
854,56	1175,53
854,73	1204,21
854,90	1216,49
855,07	1177,58
855,23	1304,56
855,40	1200,11
855,57	1140,72
855,74	1212,40
855,91	1222,64
856,08	1200,11
856,25	1230,83
856,41	1222,64
856,58	1193,97
856,75	1288,17
856,92	1181,68
857,09	1179,63
857,26	1196,01
857,42	1167,34
857,59	1173,49
857,76	1198,06
857,93	1206,25
858,10	1101,81
858,27	1140,72
858,43	1110,00
858,60	1142,77
858,77	1183,73
858,94	1198,06
859,11	1144,81
859,27	1122,29
859,44	1155,05
859,61	1257,45
859,78	1167,34
859,95	1200,11
860,12	1134,57
860,28	1255,40
860,45	1202,16
860,62	1171,44
860,79	1161,20
860,95	1216,49
861,12	1142,77
861,29	1224,69
861,46	1224,69
861,63	1198,06
861,79	1214,45
861,96	1138,67
862,13	1191,92
862,30	1179,63
862,47	1189,87
862,63	1150,96
862,80	1177,58
862,97	1161,20
863,14	1167,34
863,30	1171,44
863,47	1222,64
863,64	1175,53
863,81	1116,14
863,97	1216,49
864,14	1179,63
864,31	1185,77
864,48	1292,27
864,65	1200,11
864,81	1200,11
864,98	1193,97
865,15	1134,57
865,32	1196,01
865,48	1230,83
865,65	1175,53
865,82	1212,40
865,98	1257,45
866,15	1290,22
866,32	1236,97
866,49	1208,30
866,65	1175,53
866,82	1191,92
866,99	1163,25
867,16	1232,88
867,32	1206,25
867,49	1232,88
867,66	1302,51
867,83	1284,08
867,99	1177,58
868,16	1167,34
868,33	1122,29
868,49	1173,49
868,66	1148,91
868,83	1175,53
868,99	1183,73
869,16	1175,53
869,33	1150,96
869,50	1232,88
869,66	1265,64
869,83	1196,01
870,00	1138,67
870,16	1220,59
870,33	1161,20
870,50	1202,16
870,66	1191,92
870,83	1212,40
871,00	1161,20
871,17	1249,26
871,33	1189,87
871,50	1204,21
871,67	1206,25
871,83	1167,34
872,00	1239,02
872,17	1191,92
872,33	1173,49
872,50	1210,35
872,67	1126,38
872,83	1191,92
873,00	1163,25
873,17	1161,20
873,33	1230,83
873,50	1204,21
873,67	1107,95
873,83	1200,11
874,00	1163,25
874,16	1249,26
874,33	1091,57
874,50	1202,16
874,66	1183,73
874,83	1210,35
875,00	1146,86
875,16	1140,72
875,33	1159,15
875,50	1134,57
875,66	1144,81
875,83	1265,64
875,99	1116,14
876,16	1167,34
876,33	1212,40
876,49	1216,49
876,66	1241,07
876,83	1159,15
876,99	1183,73
877,16	1202,16
877,32	1130,48
877,49	1216,49
877,66	1191,92
877,82	1157,10
877,99	1247,21
878,15	1214,45
878,32	1161,20
878,49	1159,15
878,65	1146,86
878,82	1212,40
878,98	1200,11
879,15	1196,01
879,32	1200,11
879,48	1224,69
879,65	1175,53
879,81	1155,05
879,98	1167,34
880,15	1157,10
880,31	1210,35
880,48	1175,53
880,64	1155,05
880,81	1232,88
880,97	1159,15
881,14	1202,16
881,31	1132,53
881,47	1204,21
881,64	1142,77
881,80	1198,06
881,97	1161,20
882,13	1214,45
882,30	1171,44
882,47	1146,86
882,63	1249,26
882,80	1171,44
882,96	1269,74
883,13	1232,88
883,29	1245,16
883,46	1202,16
883,62	1204,21
883,79	1179,63
883,95	1179,63
884,12	1236,97
884,29	1218,54
884,45	1191,92
884,62	1146,86
884,78	1226,73
884,95	1234,93
885,11	1144,81
885,28	1210,35
885,44	1114,10
885,61	1161,20
885,77	1218,54
885,94	1157,10
886,10	1200,11
886,27	1167,34
886,43	1179,63
886,60	1210,35
886,76	1136,62
886,93	1153,01
887,09	1179,63
887,26	1157,10
887,42	1132,53
887,59	1144,81
887,75	1155,05
887,92	1136,62
888,08	1249,26
888,25	1228,78
888,41	1218,54
888,58	1200,11
888,74	1159,15
888,91	1234,93
