177,47	1126,38
177,69	1126,38
177,91	1126,38
178,13	1157,10
178,36	1167,34
178,58	1200,11
178,80	1175,53
179,02	1181,68
179,24	1204,21
179,46	1210,35
179,68	1218,54
179,90	1189,87
180,13	1198,06
180,35	1134,57
180,57	1220,59
180,79	1204,21
181,01	1165,29
181,23	1187,82
181,45	1185,77
181,67	1206,25
181,90	1169,39
182,12	1239,02
182,34	1132,53
182,56	1163,25
182,78	1202,16
183,00	1183,73
183,22	1187,82
183,44	1112,05
183,66	1191,92
183,89	1169,39
184,11	1179,63
184,33	1157,10
184,55	1208,30
184,77	1196,01
184,99	1267,69
185,21	1196,01
185,43	1210,35
185,65	1222,64
185,87	1249,26
186,10	1179,63
186,32	1173,49
186,54	1191,92
186,76	1191,92
186,98	1220,59
187,20	1191,92
187,42	1234,93
187,64	1163,25
187,86	1210,35
188,08	1150,96
188,30	1191,92
188,52	1169,39
188,75	1230,83
188,97	1171,44
189,19	1191,92
189,41	1187,82
189,63	1239,02
189,85	1202,16
190,07	1212,40
190,29	1232,88
190,51	1232,88
190,73	1177,58
190,95	1196,01
191,17	1157,10
191,39	1116,14
191,61	1236,97
191,84	1163,25
192,06	1101,81
192,28	1187,82
192,50	1128,43
192,72	1169,39
192,94	1183,73
193,16	1208,30
193,38	1183,73
193,60	1150,96
193,82	1148,91
194,04	1257,45
194,26	1239,02
194,48	1251,31
194,70	1196,01
194,92	1306,60
195,14	1265,64
195,36	1187,82
195,58	1204,21
195,80	1163,25
196,02	1161,20
196,24	1075,18
196,46	1204,21
196,69	1165,29
196,91	1255,40
197,13	1171,44
197,35	1210,35
197,57	1191,92
197,79	1175,53
198,01	1249,26
198,23	1257,45
198,45	1179,63
198,67	1214,45
198,89	1175,53
199,11	1257,45
199,33	1165,29
199,55	1155,05
199,77	1247,21
199,99	1273,84
200,21	1179,63
200,43	1157,10
200,65	1171,44
200,87	1187,82
201,09	1253,36
201,31	1191,92
201,53	1245,16
201,75	1171,44
201,97	1251,31
202,19	1189,87
202,41	1159,15
202,63	1187,82
202,85	1210,35
203,07	1228,78
203,29	1189,87
203,51	1218,54
203,73	1167,34
203,95	1179,63
204,17	1277,93
204,39	1183,73
204,61	1202,16
204,83	1200,11
205,05	1202,16
205,27	1234,93
205,49	1142,77
205,71	1220,59
205,93	1228,78
206,15	1148,91
206,37	1130,48
206,59	1189,87
206,81	1161,20
207,03	1224,69
207,25	1214,45
207,47	1249,26
207,69	1183,73
207,91	1210,35
208,13	1241,07
208,34	1189,87
208,56	1191,92
208,78	1161,20
209,00	1122,29
209,22	1226,73
209,44	1132,53
209,66	1200,11
209,88	1136,62
210,10	1187,82
210,32	1224,69
210,54	1247,21
210,76	1243,12
210,98	1181,68
211,20	1253,36
211,42	1163,25
211,64	1183,73
211,86	1183,73
212,08	1146,86
212,30	1185,77
212,52	1183,73
212,74	1208,30
212,96	1196,01
213,17	1220,59
213,39	1150,96
213,61	1290,22
213,83	1234,93
214,05	1224,69
214,27	1261,55
214,49	1183,73
214,71	1185,77
214,93	1241,07
215,15	1132,53
215,37	1234,93
215,59	1183,73
215,81	1216,49
216,03	1185,77
216,24	1161,20
216,46	1118,19
216,68	1222,64
216,90	1200,11
217,12	1175,53
217,34	1202,16
217,56	1224,69
217,78	1214,45
218,00	1165,29
218,22	1239,02
218,44	1220,59
218,66	1134,57
218,87	1202,16
219,09	1212,40
219,31	1183,73
219,53	1155,05
219,75	1239,02
219,97	1234,93
220,19	1189,87
220,41	1183,73
220,63	1241,07
220,85	1148,91
221,06	1153,01
221,28	1220,59
221,50	1243,12
221,72	1189,87
221,94	1196,01
222,16	1181,68
222,38	1187,82
222,60	1179,63
222,82	1183,73
223,03	1185,77
223,25	1175,53
223,47	1173,49
223,69	1241,07
223,91	1208,30
224,13	1275,88
224,35	1218,54
224,57	1241,07
224,78	1220,59
225,00	1157,10
225,22	1138,67
225,44	1216,49
225,66	1181,68
225,88	1183,73
226,10	1267,69
226,32	1230,83
226,53	1189,87
226,75	1241,07
226,97	1134,57
227,19	1220,59
227,41	1228,78
227,63	1210,35
227,85	1208,30
228,06	1173,49
228,28	1212,40
228,50	1159,15
228,72	1230,83
228,94	1224,69
229,16	1193,97
229,37	1243,12
229,59	1144,81
229,81	1110,00
230,03	1196,01
230,25	1191,92
230,47	1200,11
230,69	1351,66
230,90	1191,92
231,12	1245,16
231,34	1183,73
231,56	1150,96
231,78	1200,11
232,00	1255,40
232,21	1222,64
232,43	1183,73
232,65	1183,73
232,87	1216,49
233,09	1226,73
233,30	1193,97
233,52	1216,49
233,74	1265,64
233,96	1220,59
234,18	1173,49
234,40	1140,72
234,61	1261,55
234,83	1136,62
235,05	1157,10
235,27	1114,10
235,49	1200,11
235,70	1187,82
235,92	1193,97
236,14	1175,53
236,36	1226,73
236,58	1189,87
236,79	1200,11
237,01	1153,01
237,23	1251,31
237,45	1263,60
237,67	1218,54
237,88	1284,08
238,10	1177,58
238,32	1241,07
238,54	1165,29
238,76	1253,36
238,97	1146,86
239,19	1255,40
239,41	1179,63
239,63	1290,22
239,85	1167,34
240,06	1167,34
240,28	1206,25
240,50	1218,54
240,72	1157,10
240,93	1163,25
241,15	1212,40
241,37	1175,53
241,59	1173,49
241,81	1175,53
242,02	1216,49
242,24	1220,59
242,46	1212,40
242,68	1155,05
242,89	1179,63
243,11	1200,11
243,33	1290,22
243,55	1222,64
243,76	1208,30
243,98	1157,10
244,20	1226,73
244,42	1169,39
244,64	1314,80
244,85	1163,25
245,07	1214,45
245,29	1107,95
245,51	1218,54
245,72	1130,48
245,94	1216,49
246,16	1218,54
246,38	1148,91
246,59	1202,16
246,81	1304,56
247,03	1163,25
247,24	1148,91
247,46	1157,10
247,68	1171,44
247,90	1130,48
248,11	1216,49
248,33	1226,73
248,55	1150,96
248,77	1189,87
248,98	1198,06
249,20	1236,97
249,42	1173,49
249,64	1236,97
249,85	1253,36
250,07	1191,92
250,29	1239,02
250,50	1202,16
250,72	1128,43
250,94	1206,25
251,16	1171,44
251,37	1169,39
251,59	1232,88
251,81	1204,21
252,02	1204,21
252,24	1214,45
252,46	1230,83
252,68	1179,63
252,89	1193,97
253,11	1189,87
253,33	1196,01
253,54	1271,79
253,76	1140,72
253,98	1212,40
254,20	1183,73
254,41	1198,06
254,63	1292,27
254,85	1263,60
255,06	1204,21
255,28	1126,38
255,50	1193,97
255,71	1206,25
255,93	1191,92
256,15	1185,77
256,36	1247,21
256,58	1200,11
256,80	1245,16
257,02	1277,93
257,23	1204,21
257,45	1216,49
257,67	1247,21
257,88	1114,10
258,10	1222,64
258,32	1171,44
258,53	1232,88
258,75	1185,77
258,97	1206,25
259,18	1202,16
259,40	1181,68
259,62	1259,50
259,83	1134,57
260,05	1222,64
260,27	1206,25
260,48	1220,59
260,70	1189,87
260,92	1206,25
261,13	1165,29
261,35	1208,30
261,57	1196,01
261,78	1163,25
262,00	1128,43
262,22	1150,96
262,43	1261,55
262,65	1171,44
262,86	1171,44
263,08	1247,21
263,30	1185,77
263,51	1204,21
263,73	1191,92
263,95	1140,72
264,16	1161,20
264,38	1193,97
264,60	1232,88
264,81	1212,40
265,03	1232,88
265,25	1140,72
265,46	1232,88
265,68	1208,30
265,89	1226,73
266,11	1155,05
266,33	1196,01
266,54	1206,25
266,76	1189,87
266,98	1167,34
267,19	1148,91
267,41	1179,63
267,62	1202,16
267,84	1202,16
268,06	1198,06
268,27	1210,35
268,49	1263,60
268,70	1134,57
268,92	1204,21
269,14	1214,45
269,35	1245,16
269,57	1185,77
269,79	1230,83
270,00	1193,97
270,22	1261,55
270,43	1245,16
270,65	1247,21
270,87	1204,21
271,08	1216,49
271,30	1198,06
271,51	1218,54
271,73	1157,10
271,95	1212,40
272,16	1189,87
272,38	1142,77
272,59	1167,34
272,81	1212,40
273,02	1239,02
273,24	1198,06
273,46	1081,33
273,67	1222,64
273,89	1245,16
274,10	1208,30
274,32	1165,29
274,54	1175,53
274,75	1249,26
274,97	1181,68
275,18	1134,57
275,40	1144,81
275,61	1181,68
275,83	1200,11
276,05	1202,16
276,26	1236,97
276,48	1187,82
276,69	1214,45
276,91	1179,63
277,12	1214,45
277,34	1214,45
277,55	1169,39
277,77	1146,86
277,99	1255,40
278,20	1226,73
278,42	1181,68
278,63	1226,73
278,85	1236,97
279,06	1093,62
279,28	1175,53
279,49	1134,57
279,71	1173,49
279,93	1187,82
280,14	1247,21
280,36	1255,40
280,57	1216,49
280,79	1208,30
281,00	1220,59
281,22	1128,43
281,43	1232,88
281,65	1179,63
281,86	1157,10
282,08	1253,36
282,29	1187,82
282,51	1140,72
282,73	1198,06
282,94	1206,25
283,16	1105,90
283,37	1214,45
283,59	1171,44
283,80	1224,69
284,02	1224,69
284,23	1212,40
284,45	1214,45
284,66	1150,96
284,88	1210,35
285,09	1220,59
285,31	1132,53
285,52	1187,82
285,74	1224,69
285,95	1265,64
286,17	1159,15
286,38	1196,01
286,60	1206,25
286,81	1222,64
287,03	1232,88
287,24	1243,12
287,46	1255,40
287,67	1185,77
287,89	1224,69
288,10	1214,45
288,32	1228,78
288,53	1134,57
288,75	1208,30
288,96	1277,93
289,18	1241,07
289,39	1202,16
289,61	1214,45
289,82	1220,59
290,04	1191,92
290,25	1228,78
290,47	1161,20
290,68	1193,97
290,90	1173,49
291,11	1200,11
291,33	1236,97
291,54	1122,29
291,76	1177,58
291,97	1206,25
292,18	1183,73
292,40	1146,86
292,61	1167,34
292,83	1146,86
293,04	1210,35
293,26	1198,06
293,47	1171,44
293,69	1193,97
293,90	1218,54
294,12	1239,02
294,33	1179,63
294,55	1230,83
294,76	1288,17
294,97	1187,82
295,19	1265,64
295,40	1187,82
295,62	1185,77
295,83	1189,87
296,05	1269,74
296,26	1167,34
296,48	1228,78
296,69	1212,40
296,90	1200,11
297,12	1134,57
297,33	1224,69
297,55	1163,25
297,76	1198,06
297,98	1261,55
298,19	1126,38
298,41	1208,30
298,62	1167,34
298,83	1292,27
299,05	1200,11
299,26	1175,53
299,48	1198,06
299,69	1216,49
299,90	1191,92
300,12	1232,88
300,33	1189,87
300,55	1159,15
300,76	1208,30
300,98	1196,01
301,19	1187,82
301,40	1198,06
301,62	1181,68
301,83	1187,82
302,05	1222,64
302,26	1210,35
302,47	1255,40
302,69	1159,15
302,90	1224,69
303,12	1200,11
303,33	1165,29
303,54	1200,11
303,76	1161,20
303,97	1273,84
304,19	1234,93
304,40	1265,64
304,61	1277,93
304,83	1212,40
305,04	1189,87
305,26	1216,49
305,47	1212,40
305,68	1169,39
305,90	1239,02
306,11	1153,01
306,33	1171,44
306,54	1142,77
306,75	1212,40
306,97	1208,30
307,18	1177,58
307,39	1204,21
307,61	1179,63
307,82	1138,67
308,04	1183,73
308,25	1124,33
308,46	1267,69
308,68	1228,78
308,89	1224,69
309,10	1222,64
309,32	1214,45
309,53	1226,73
309,74	1134,57
309,96	1171,44
310,17	1183,73
310,39	1243,12
310,60	1216,49
310,81	1196,01
311,03	1275,88
311,24	1220,59
311,45	1255,40
311,67	1210,35
311,88	1165,29
312,09	1177,58
312,31	1187,82
312,52	1228,78
312,73	1146,86
312,95	1212,40
313,16	1214,45
313,37	1247,21
313,59	1179,63
313,80	1257,45
314,01	1222,64
314,23	1226,73
314,44	1208,30
314,65	1210,35
314,87	1247,21
315,08	1267,69
315,29	1222,64
315,51	1200,11
315,72	1157,10
315,93	1232,88
316,15	1187,82
316,36	1191,92
316,57	1181,68
316,79	1245,16
317,00	1128,43
317,21	1165,29
317,43	1236,97
317,64	1198,06
317,85	1210,35
318,07	1191,92
318,28	1179,63
318,49	1187,82
318,70	1208,30
318,92	1163,25
319,13	1140,72
319,34	1187,82
319,56	1161,20
319,77	1142,77
319,98	1161,20
320,20	1234,93
320,41	1179,63
320,62	1191,92
320,83	1148,91
321,05	1282,03
321,26	1183,73
321,47	1218,54
321,69	1210,35
321,90	1222,64
322,11	1169,39
322,32	1226,73
322,54	1257,45
322,75	1167,34
322,96	1148,91
323,18	1228,78
323,39	1165,29
323,60	1116,14
323,81	1185,77
324,03	1130,48
324,24	1210,35
324,45	1228,78
324,66	1112,05
324,88	1191,92
325,09	1220,59
325,30	1204,21
325,52	1222,64
325,73	1218,54
325,94	1208,30
326,15	1183,73
326,37	1189,87
326,58	1206,25
326,79	1173,49
327,00	1183,73
327,22	1228,78
327,43	1198,06
327,64	1107,95
327,85	1081,33
328,07	1265,64
328,28	1253,36
328,49	1271,79
328,70	1243,12
328,92	1200,11
329,13	1163,25
329,34	1222,64
329,55	1144,81
329,76	1232,88
329,98	1214,45
330,19	1198,06
330,40	1218,54
330,61	1157,10
330,83	1138,67
331,04	1181,68
331,25	1183,73
331,46	1241,07
331,68	1159,15
331,89	1148,91
332,10	1118,19
332,31	1159,15
332,52	1200,11
332,74	1198,06
332,95	1212,40
333,16	1181,68
333,37	1167,34
333,58	1173,49
333,80	1234,93
334,01	1275,88
334,22	1275,88
334,43	1243,12
334,64	1183,73
334,86	1228,78
335,07	1087,47
335,28	1206,25
335,49	1175,53
335,70	1216,49
335,92	1198,06
336,13	1134,57
336,34	1249,26
336,55	1136,62
336,76	1224,69
336,98	1175,53
337,19	1222,64
337,40	1216,49
337,61	1243,12
337,82	1249,26
338,04	1187,82
338,25	1243,12
338,46	1116,14
338,67	1271,79
338,88	1179,63
339,09	1148,91
339,31	1187,82
339,52	1273,84
339,73	1169,39
339,94	1150,96
340,15	1245,16
340,36	1191,92
340,58	1140,72
340,79	1150,96
341,00	1167,34
341,21	1206,25
341,42	1228,78
341,63	1255,40
341,85	1220,59
342,06	1169,39
342,27	1183,73
342,48	1212,40
342,69	1222,64
342,90	1222,64
343,12	1146,86
343,33	1204,21
343,54	1183,73
343,75	1150,96
343,96	1196,01
344,17	1200,11
344,38	1210,35
344,60	1175,53
344,81	1161,20
345,02	1208,30
345,23	1183,73
345,44	1241,07
345,65	1253,36
345,86	1179,63
346,07	1130,48
346,29	1200,11
346,50	1144,81
346,71	1165,29
346,92	1230,83
347,13	1234,93
347,34	1171,44
347,55	1150,96
347,76	1245,16
347,98	1193,97
348,19	1261,55
348,40	1159,15
348,61	1210,35
348,82	1216,49
349,03	1234,93
349,24	1132,53
349,45	1214,45
349,66	1150,96
349,88	1193,97
350,09	1159,15
350,30	1183,73
350,51	1224,69
350,72	1236,97
350,93	1161,20
351,14	1185,77
351,35	1128,43
351,56	1163,25
351,77	1157,10
351,99	1245,16
352,20	1243,12
352,41	1198,06
352,62	1196,01
352,83	1206,25
353,04	1110,00
353,25	1277,93
353,46	1132,53
353,67	1208,30
353,88	1200,11
354,09	1134,57
354,30	1189,87
354,52	1200,11
354,73	1193,97
354,94	1200,11
355,15	1279,98
355,36	1234,93
355,57	1214,45
355,78	1210,35
355,99	1208,30
356,20	1234,93
356,41	1236,97
356,62	1191,92
356,83	1261,55
357,04	1198,06
357,25	1191,92
357,46	1196,01
357,68	1193,97
357,89	1271,79
358,10	1241,07
358,31	1239,02
358,52	1185,77
358,73	1120,24
358,94	1241,07
359,15	1241,07
359,36	1198,06
359,57	1187,82
359,78	1183,73
359,99	1159,15
360,20	1079,28
360,41	1179,63
360,62	1247,21
360,83	1239,02
361,04	1146,86
361,25	1187,82
361,46	1144,81
361,67	1157,10
361,88	1247,21
362,09	1155,05
362,30	1171,44
362,51	1200,11
362,72	1218,54
362,93	1196,01
363,14	1239,02
363,35	1136,62
363,56	1239,02
363,78	1251,31
363,99	1200,11
364,20	1220,59
364,41	1173,49
364,62	1161,20
364,83	1243,12
365,04	1234,93
365,25	1212,40
365,46	1214,45
365,67	1179,63
365,88	1142,77
366,09	1224,69
366,30	1183,73
366,51	1206,25
366,72	1204,21
366,93	1148,91
367,14	1210,35
367,35	1138,67
367,56	1232,88
367,77	1232,88
367,98	1234,93
368,18	1165,29
368,39	1241,07
368,60	1183,73
368,81	1263,60
369,02	1249,26
369,23	1232,88
369,44	1128,43
369,65	1196,01
369,86	1173,49
370,07	1114,10
370,28	1220,59
370,49	1230,83
370,70	1150,96
370,91	1179,63
371,12	1148,91
371,33	1132,53
371,54	1165,29
371,75	1239,02
371,96	1241,07
372,17	1191,92
372,38	1206,25
372,59	1136,62
372,80	1183,73
373,01	1187,82
373,22	1245,16
373,43	1114,10
373,64	1157,10
373,85	1198,06
374,06	1224,69
374,26	1179,63
374,47	1257,45
374,68	1222,64
374,89	1277,93
375,10	1212,40
375,31	1157,10
375,52	1236,97
375,73	1187,82
375,94	1204,21
376,15	1144,81
376,36	1155,05
376,57	1255,40
376,78	1228,78
376,99	1171,44
377,20	1163,25
377,40	1173,49
377,61	1181,68
377,82	1155,05
378,03	1284,08
378,24	1259,50
378,45	1200,11
378,66	1167,34
378,87	1179,63
379,08	1198,06
379,29	1224,69
379,50	1245,16
379,71	1169,39
379,91	1218,54
380,12	1216,49
380,33	1267,69
380,54	1187,82
380,75	1202,16
380,96	1239,02
381,17	1200,11
381,38	1196,01
381,59	1198,06
381,80	1214,45
382,00	1134,57
382,21	1214,45
382,42	1165,29
382,63	1255,40
382,84	1173,49
383,05	1181,68
383,26	1169,39
383,47	1138,67
383,68	1269,74
383,88	1228,78
384,09	1251,31
384,30	1247,21
384,51	1142,77
384,72	1224,69
384,93	1187,82
385,14	1220,59
385,35	1167,34
385,55	1183,73
385,76	1175,53
385,97	1224,69
386,18	1224,69
386,39	1138,67
386,60	1239,02
386,81	1261,55
387,02	1175,53
387,22	1163,25
387,43	1224,69
387,64	1146,86
387,85	1206,25
388,06	1134,57
388,27	1167,34
388,48	1241,07
388,68	1208,30
388,89	1196,01
389,10	1183,73
389,31	1183,73
389,52	1198,06
389,73	1239,02
389,93	1259,50
390,14	1204,21
390,35	1234,93
390,56	1232,88
390,77	1189,87
390,98	1163,25
391,18	1175,53
391,39	1148,91
391,60	1132,53
391,81	1220,59
392,02	1155,05
392,23	1206,25
392,43	1239,02
392,64	1128,43
392,85	1175,53
393,06	1265,64
393,27	1196,01
393,47	1179,63
393,68	1208,30
393,89	1189,87
394,10	1142,77
394,31	1200,11
394,52	1103,86
394,72	1198,06
394,93	1171,44
395,14	1204,21
395,35	1218,54
395,56	1216,49
395,76	1218,54
395,97	1185,77
396,18	1150,96
396,39	1187,82
396,60	1263,60
396,80	1177,58
397,01	1198,06
397,22	1165,29
397,43	1216,49
397,64	1155,05
397,84	1134,57
398,05	1216,49
398,26	1163,25
398,47	1157,10
398,67	1157,10
398,88	1243,12
399,09	1208,30
399,30	1232,88
399,51	1198,06
399,71	1206,25
399,92	1220,59
400,13	1177,58
400,34	1269,74
400,54	1230,83
400,75	1200,11
400,96	1271,79
401,17	1220,59
401,37	1128,43
401,58	1220,59
401,79	1128,43
402,00	1196,01
402,21	1198,06
402,41	1167,34
402,62	1198,06
402,83	1232,88
403,04	1208,30
403,24	1273,84
403,45	1232,88
403,66	1191,92
403,87	1126,38
404,07	1200,11
404,28	1191,92
404,49	1208,30
404,70	1175,53
404,90	1165,29
405,11	1261,55
405,32	1218,54
405,52	1265,64
405,73	1222,64
405,94	1191,92
406,15	1282,03
406,35	1163,25
406,56	1216,49
406,77	1226,73
406,98	1173,49
407,18	1255,40
407,39	1163,25
407,60	1155,05
407,80	1175,53
408,01	1187,82
408,22	1132,53
408,43	1128,43
408,63	1167,34
408,84	1216,49
409,05	1200,11
409,25	1208,30
409,46	1234,93
409,67	1193,97
409,88	1171,44
410,08	1216,49
410,29	1220,59
410,50	1214,45
410,70	1259,50
410,91	1105,90
411,12	1253,36
411,32	1214,45
411,53	1241,07
411,74	1202,16
411,95	1236,97
412,15	1196,01
412,36	1212,40
412,57	1179,63
412,77	1296,36
412,98	1175,53
413,19	1155,05
413,39	1159,15
413,60	1267,69
413,81	1138,67
414,01	1204,21
414,22	1206,25
414,43	1257,45
414,63	1181,68
414,84	1206,25
415,05	1153,01
415,25	1140,72
415,46	1187,82
415,67	1189,87
415,87	1269,74
416,08	1265,64
416,29	1189,87
416,49	1200,11
416,70	1191,92
416,91	1148,91
417,11	1171,44
417,32	1241,07
417,53	1224,69
417,73	1210,35
417,94	1200,11
418,15	1230,83
418,35	1177,58
418,56	1193,97
418,77	1167,34
418,97	1196,01
419,18	1144,81
419,38	1181,68
419,59	1224,69
419,80	1239,02
420,00	1212,40
420,21	1171,44
420,42	1155,05
420,62	1310,70
420,83	1236,97
421,04	1224,69
421,24	1261,55
421,45	1208,30
421,65	1171,44
421,86	1236,97
422,07	1212,40
422,27	1204,21
422,48	1142,77
422,69	1187,82
422,89	1208,30
423,10	1216,49
423,30	1230,83
423,51	1257,45
423,72	1226,73
423,92	1173,49
424,13	1138,67
424,33	1245,16
424,54	1204,21
424,75	1177,58
424,95	1220,59
425,16	1167,34
425,36	1239,02
425,57	1136,62
425,78	1243,12
425,98	1200,11
426,19	1177,58
426,39	1202,16
426,60	1204,21
426,81	1179,63
427,01	1196,01
427,22	1153,01
427,42	1157,10
427,63	1189,87
427,83	1193,97
428,04	1245,16
428,25	1185,77
428,45	1189,87
428,66	1251,31
428,86	1198,06
429,07	1234,93
429,28	1206,25
429,48	1179,63
429,69	1155,05
429,89	1214,45
430,10	1155,05
430,30	1134,57
430,51	1212,40
430,71	1144,81
430,92	1136,62
431,13	1183,73
431,33	1128,43
431,54	1175,53
431,74	1179,63
431,95	1212,40
432,15	1183,73
432,36	1200,11
432,56	1191,92
432,77	1228,78
432,98	1255,40
433,18	1249,26
433,39	1132,53
433,59	1134,57
433,80	1187,82
434,00	1132,53
434,21	1222,64
434,41	1200,11
434,62	1185,77
434,82	1243,12
435,03	1234,93
435,23	1206,25
435,44	1198,06
435,64	1185,77
435,85	1224,69
436,06	1196,01
436,26	1159,15
436,47	1222,64
436,67	1239,02
436,88	1183,73
437,08	1177,58
437,29	1189,87
437,49	1271,79
437,70	1187,82
437,90	1232,88
438,11	1187,82
438,31	1138,67
438,52	1210,35
438,72	1173,49
438,93	1200,11
439,13	1130,48
439,34	1128,43
439,54	1210,35
439,75	1218,54
439,95	1116,14
440,16	1214,45
440,36	1159,15
440,57	1134,57
440,77	1261,55
440,98	1189,87
441,18	1243,12
441,39	1198,06
441,59	1241,07
441,80	1208,30
442,00	1157,10
442,21	1220,59
442,41	1263,60
442,62	1183,73
442,82	1101,81
443,02	1165,29
443,23	1181,68
443,43	1171,44
443,64	1165,29
443,84	1191,92
444,05	1187,82
444,25	1157,10
444,46	1208,30
444,66	1267,69
444,87	1163,25
445,07	1171,44
445,28	1220,59
445,48	1198,06
445,69	1200,11
445,89	1189,87
446,09	1183,73
446,30	1236,97
446,50	1175,53
446,71	1181,68
446,91	1167,34
447,12	1169,39
447,32	1255,40
447,53	1200,11
447,73	1239,02
447,93	1218,54
448,14	1214,45
448,34	1224,69
448,55	1167,34
448,75	1142,77
448,96	1214,45
449,16	1247,21
449,36	1261,55
449,57	1114,10
449,77	1263,60
449,98	1189,87
450,18	1196,01
450,39	1210,35
450,59	1116,14
450,79	1132,53
451,00	1204,21
451,20	1169,39
451,41	1253,36
451,61	1191,92
451,81	1165,29
452,02	1210,35
452,22	1165,29
452,43	1165,29
452,63	1216,49
452,84	1204,21
453,04	1167,34
453,24	1261,55
453,45	1177,58
453,65	1191,92
453,86	1218,54
454,06	1150,96
454,26	1226,73
454,47	1173,49
454,67	1167,34
454,87	1128,43
455,08	1132,53
455,28	1191,92
455,49	1157,10
455,69	1155,05
455,89	1144,81
456,10	1200,11
456,30	1196,01
456,51	1144,81
456,71	1171,44
456,91	1155,05
457,12	1239,02
457,32	1165,29
457,52	1189,87
457,73	1228,78
457,93	1232,88
458,14	1212,40
458,34	1232,88
458,54	1241,07
458,75	1218,54
458,95	1198,06
459,15	1249,26
459,36	1204,21
459,56	1243,12
459,76	1257,45
459,97	1150,96
460,17	1241,07
460,37	1200,11
460,58	1142,77
460,78	1290,22
460,99	1132,53
461,19	1236,97
461,39	1206,25
461,60	1249,26
461,80	1163,25
462,00	1157,10
462,21	1222,64
462,41	1198,06
462,61	1204,21
462,82	1243,12
463,02	1118,19
463,22	1171,44
463,43	1159,15
463,63	1259,50
463,83	1214,45
464,04	1210,35
464,24	1185,77
464,44	1181,68
464,64	1181,68
464,85	1208,30
465,05	1196,01
465,25	1241,07
465,46	1138,67
465,66	1253,36
465,86	1208,30
466,07	1173,49
466,27	1216,49
466,47	1173,49
466,68	1224,69
466,88	1191,92
467,08	1243,12
467,29	1263,60
467,49	1232,88
467,69	1163,25
467,89	1167,34
468,10	1165,29
468,30	1200,11
468,50	1179,63
468,71	1212,40
468,91	1257,45
469,11	1259,50
469,31	1249,26
469,52	1263,60
469,72	1220,59
469,92	1177,58
470,13	1173,49
470,33	1210,35
470,53	1146,86
470,73	1191,92
470,94	1183,73
471,14	1150,96
471,34	1200,11
471,54	1191,92
471,75	1189,87
471,95	1191,92
472,15	1214,45
472,36	1175,53
472,56	1146,86
472,76	1206,25
472,96	1218,54
473,17	1153,01
473,37	1179,63
473,57	1204,21
473,77	1132,53
473,98	1097,71
474,18	1208,30
474,38	1126,38
474,58	1091,57
474,79	1200,11
474,99	1243,12
475,19	1200,11
475,39	1212,40
475,60	1210,35
475,80	1216,49
476,00	1218,54
476,20	1173,49
476,41	1222,64
476,61	1167,34
476,81	1273,84
477,01	1112,05
477,21	1245,16
477,42	1159,15
477,62	1234,93
477,82	1222,64
478,02	1228,78
478,23	1200,11
478,43	1196,01
478,63	1155,05
478,83	1183,73
479,03	1189,87
479,24	1179,63
479,44	1279,98
479,64	1200,11
479,84	1163,25
480,04	1165,29
480,25	1265,64
480,45	1150,96
480,65	1196,01
480,85	1144,81
481,06	1196,01
481,26	1161,20
481,46	1216,49
481,66	1206,25
481,86	1216,49
482,06	1157,10
482,27	1234,93
482,47	1226,73
482,67	1232,88
482,87	1185,77
483,07	1122,29
483,28	1210,35
483,48	1179,63
483,68	1126,38
483,88	1073,14
484,08	1255,40
484,29	1134,57
484,49	1232,88
484,69	1222,64
484,89	1265,64
485,09	1261,55
485,29	1218,54
485,50	1206,25
485,70	1255,40
485,90	1185,77
486,10	1179,63
486,30	1173,49
486,50	1224,69
486,71	1204,21
486,91	1185,77
487,11	1271,79
487,31	1124,33
487,51	1241,07
487,71	1181,68
487,91	1218,54
488,12	1157,10
488,32	1273,84
488,52	1175,53
488,72	1191,92
488,92	1150,96
489,12	1179,63
489,32	1118,19
489,53	1210,35
489,73	1189,87
489,93	1146,86
490,13	1187,82
490,33	1191,92
490,53	1095,66
490,73	1245,16
490,94	1224,69
491,14	1224,69
491,34	1191,92
491,54	1204,21
491,74	1220,59
491,94	1218,54
492,14	1206,25
492,34	1167,34
492,54	1200,11
492,75	1232,88
492,95	1175,53
493,15	1212,40
493,35	1200,11
493,55	1214,45
493,75	1224,69
493,95	1226,73
494,15	1185,77
494,35	1177,58
494,56	1200,11
494,76	1216,49
494,96	1245,16
495,16	1181,68
495,36	1239,02
495,56	1183,73
495,76	1230,83
495,96	1181,68
496,16	1179,63
496,36	1243,12
496,56	1204,21
496,77	1193,97
496,97	1210,35
497,17	1212,40
497,37	1196,01
497,57	1202,16
497,77	1181,68
497,97	1193,97
498,17	1226,73
498,37	1208,30
498,57	1214,45
498,77	1189,87
498,97	1187,82
499,17	1198,06
499,38	1273,84
499,58	1234,93
499,78	1198,06
499,98	1247,21
500,18	1157,10
500,38	1265,64
500,58	1159,15
500,78	1196,01
500,98	1144,81
501,18	1230,83
501,38	1198,06
501,58	1210,35
501,78	1148,91
501,98	1183,73
502,18	1228,78
502,38	1228,78
502,58	1200,11
502,78	1183,73
502,98	1105,90
503,18	1179,63
503,38	1148,91
503,59	1155,05
503,79	1218,54
503,99	1214,45
504,19	1210,35
504,39	1230,83
504,59	1153,01
504,79	1234,93
504,99	1200,11
505,19	1177,58
505,39	1181,68
505,59	1239,02
505,79	1148,91
505,99	1218,54
506,19	1191,92
506,39	1189,87
506,59	1179,63
506,79	1212,40
506,99	1218,54
507,19	1185,77
507,39	1163,25
507,59	1179,63
507,79	1214,45
507,99	1187,82
508,19	1189,87
508,39	1241,07
508,59	1191,92
508,79	1271,79
508,99	1247,21
509,19	1169,39
509,39	1167,34
509,59	1173,49
509,79	1165,29
509,99	1198,06
510,19	1198,06
510,39	1193,97
510,59	1110,00
510,79	1175,53
510,99	1103,86
511,19	1230,83
511,39	1165,29
511,59	1210,35
511,79	1214,45
511,99	1169,39
512,19	1212,40
512,38	1175,53
512,58	1196,01
512,78	1206,25
512,98	1200,11
513,18	1218,54
513,38	1097,71
513,58	1193,97
513,78	1327,08
513,98	1175,53
514,18	1177,58
514,38	1224,69
514,58	1157,10
514,78	1249,26
514,98	1150,96
515,18	1224,69
515,38	1134,57
515,58	1275,88
515,78	1200,11
515,98	1208,30
516,18	1181,68
516,38	1138,67
516,57	1224,69
516,77	1161,20
516,97	1204,21
517,17	1171,44
517,37	1175,53
517,57	1202,16
517,77	1150,96
517,97	1241,07
518,17	1204,21
518,37	1234,93
518,57	1206,25
518,77	1241,07
518,97	1177,58
519,16	1171,44
519,36	1163,25
519,56	1222,64
519,76	1173,49
519,96	1138,67
520,16	1177,58
520,36	1161,20
520,56	1120,24
520,76	1216,49
520,96	1259,50
521,16	1220,59
521,35	1196,01
521,55	1191,92
521,75	1239,02
521,95	1185,77
522,15	1249,26
522,35	1222,64
522,55	1216,49
522,75	1234,93
522,95	1267,69
523,14	1155,05
523,34	1179,63
523,54	1224,69
523,74	1284,08
523,94	1103,86
524,14	1185,77
524,34	1226,73
524,54	1198,06
524,73	1259,50
524,93	1204,21
525,13	1189,87
525,33	1218,54
525,53	1173,49
525,73	1243,12
525,93	1210,35
526,13	1214,45
526,32	1267,69
526,52	1163,25
526,72	1163,25
526,92	1159,15
527,12	1177,58
527,32	1175,53
527,52	1236,97
527,71	1187,82
527,91	1155,05
528,11	1183,73
528,31	1206,25
528,51	1230,83
528,71	1284,08
528,90	1222,64
529,10	1318,89
529,30	1208,30
529,50	1216,49
529,70	1159,15
529,90	1185,77
530,09	1212,40
530,29	1171,44
530,49	1175,53
530,69	1200,11
530,89	1212,40
531,09	1140,72
531,28	1112,05
531,48	1193,97
531,68	1234,93
531,88	1173,49
532,08	1165,29
532,28	1173,49
532,47	1228,78
532,67	1179,63
532,87	1212,40
533,07	1226,73
533,27	1144,81
533,46	1202,16
533,66	1200,11
533,86	1191,92
534,06	1177,58
534,26	1122,29
534,45	1212,40
534,65	1175,53
534,85	1146,86
535,05	1175,53
535,25	1142,77
535,44	1239,02
535,64	1232,88
535,84	1222,64
536,04	1169,39
536,24	1196,01
536,43	1183,73
536,63	1187,82
536,83	1185,77
537,03	1193,97
537,22	1177,58
537,42	1222,64
537,62	1171,44
537,82	1191,92
538,02	1204,21
538,21	1216,49
538,41	1214,45
538,61	1159,15
538,81	1253,36
539,00	1241,07
539,20	1163,25
539,40	1228,78
539,60	1218,54
539,79	1224,69
539,99	1150,96
540,19	1230,83
540,39	1171,44
540,58	1245,16
540,78	1157,10
540,98	1189,87
541,18	1146,86
541,37	1191,92
541,57	1153,01
541,77	1159,15
541,97	1187,82
542,16	1150,96
542,36	1208,30
542,56	1204,21
542,76	1163,25
542,95	1175,53
543,15	1214,45
543,35	1159,15
543,54	1179,63
543,74	1214,45
543,94	1222,64
544,14	1159,15
544,33	1232,88
544,53	1241,07
544,73	1224,69
544,93	1216,49
545,12	1159,15
545,32	1218,54
545,52	1212,40
545,71	1271,79
545,91	1251,31
546,11	1220,59
546,30	1230,83
546,50	1191,92
546,70	1165,29
546,90	1251,31
547,09	1099,76
547,29	1249,26
547,49	1157,10
547,68	1226,73
547,88	1185,77
548,08	1175,53
548,27	1243,12
548,47	1189,87
548,67	1257,45
548,87	1142,77
549,06	1198,06
549,26	1181,68
549,46	1220,59
549,65	1165,29
549,85	1224,69
550,05	1157,10
550,24	1216,49
550,44	1232,88
550,64	1226,73
550,83	1222,64
551,03	1224,69
551,23	1189,87
551,42	1181,68
551,62	1179,63
551,82	1263,60
552,01	1183,73
552,21	1187,82
552,41	1226,73
552,60	1228,78
552,80	1204,21
553,00	1169,39
553,19	1208,30
553,39	1181,68
553,59	1230,83
553,78	1189,87
553,98	1193,97
554,17	1228,78
554,37	1249,26
554,57	1177,58
554,76	1171,44
554,96	1202,16
555,16	1214,45
555,35	1142,77
555,55	1243,12
555,75	1271,79
555,94	1130,48
556,14	1206,25
556,33	1206,25
556,53	1249,26
556,73	1161,20
556,92	1167,34
557,12	1208,30
557,32	1259,50
557,51	1196,01
557,71	1173,49
557,90	1153,01
558,10	1193,97
558,30	1148,91
558,49	1210,35
558,69	1222,64
558,88	1257,45
559,08	1181,68
559,28	1161,20
559,47	1228,78
559,67	1206,25
559,86	1173,49
560,06	1181,68
560,26	1247,21
560,45	1153,01
560,65	1257,45
560,84	1140,72
561,04	1187,82
561,24	1191,92
561,43	1140,72
561,63	1155,05
561,82	1153,01
562,02	1239,02
562,22	1232,88
562,41	1187,82
562,61	1239,02
562,80	1173,49
563,00	1253,36
563,19	1191,92
563,39	1167,34
563,59	1177,58
563,78	1183,73
563,98	1204,21
564,17	1216,49
564,37	1177,58
564,56	1179,63
564,76	1150,96
564,96	1249,26
565,15	1179,63
565,35	1224,69
565,54	1175,53
565,74	1310,70
565,93	1253,36
566,13	1249,26
566,32	1171,44
566,52	1187,82
566,71	1191,92
566,91	1175,53
567,11	1171,44
567,30	1226,73
567,50	1243,12
567,69	1142,77
567,89	1212,40
568,08	1257,45
568,28	1232,88
568,47	1249,26
568,67	1208,30
568,86	1183,73
569,06	1175,53
569,25	1200,11
569,45	1167,34
569,64	1222,64
569,84	1222,64
570,04	1232,88
570,23	1169,39
570,43	1150,96
570,62	1120,24
570,82	1132,53
571,01	1265,64
571,21	1230,83
571,40	1290,22
571,60	1112,05
571,79	1228,78
571,99	1212,40
572,18	1210,35
572,38	1173,49
572,57	1175,53
572,77	1284,08
572,96	1187,82
573,16	1206,25
573,35	1200,11
573,55	1210,35
573,74	1220,59
573,94	1196,01
574,13	1222,64
574,33	1189,87
574,52	1218,54
574,71	1153,01
574,91	1177,58
575,10	1183,73
575,30	1187,82
575,49	1187,82
575,69	1232,88
575,88	1200,11
576,08	1165,29
576,27	1206,25
576,47	1183,73
576,66	1173,49
576,86	1179,63
577,05	1214,45
577,25	1189,87
577,44	1220,59
577,64	1220,59
577,83	1183,73
578,02	1167,34
578,22	1214,45
578,41	1155,05
578,61	1196,01
578,80	1230,83
579,00	1275,88
579,19	1126,38
579,39	1212,40
579,58	1150,96
579,77	1175,53
579,97	1243,12
580,16	1116,14
580,36	1173,49
580,55	1218,54
580,75	1157,10
580,94	1187,82
581,13	1187,82
581,33	1257,45
581,52	1169,39
581,72	1208,30
581,91	1196,01
582,11	1241,07
582,30	1210,35
582,49	1202,16
582,69	1148,91
582,88	1183,73
583,08	1210,35
583,27	1265,64
583,47	1175,53
583,66	1157,10
583,85	1173,49
584,05	1167,34
584,24	1204,21
584,44	1247,21
584,63	1140,72
584,82	1196,01
585,02	1185,77
585,21	1196,01
585,41	1177,58
585,60	1185,77
585,79	1175,53
585,99	1173,49
586,18	1173,49
586,37	1144,81
586,57	1161,20
586,76	1224,69
586,96	1153,01
587,15	1212,40
587,34	1161,20
587,54	1179,63
587,73	1165,29
587,93	1210,35
588,12	1163,25
588,31	1198,06
588,51	1138,67
588,70	1134,57
588,89	1173,49
589,09	1216,49
589,28	1138,67
589,47	1175,53
589,67	1093,62
589,86	1212,40
590,06	1185,77
590,25	1191,92
590,44	1165,29
590,64	1193,97
590,83	1167,34
591,02	1128,43
591,22	1142,77
591,41	1130,48
591,60	1193,97
591,80	1234,93
591,99	1191,92
592,18	1208,30
592,38	1142,77
592,57	1222,64
592,76	1206,25
592,96	1202,16
593,15	1153,01
593,34	1183,73
593,54	1200,11
593,73	1142,77
593,92	1232,88
594,12	1200,11
594,31	1169,39
594,50	1177,58
594,70	1185,77
594,89	1245,16
595,08	1187,82
595,28	1134,57
595,47	1189,87
595,66	1206,25
595,86	1220,59
596,05	1153,01
596,24	1288,17
596,43	1200,11
596,63	1161,20
596,82	1179,63
597,01	1169,39
597,21	1224,69
597,40	1226,73
597,59	1230,83
597,79	1210,35
597,98	1187,82
598,17	1249,26
598,36	1228,78
598,56	1269,74
598,75	1144,81
598,94	1193,97
599,14	1155,05
599,33	1153,01
599,52	1253,36
599,71	1261,55
599,91	1212,40
600,10	1187,82
600,29	1171,44
600,48	1253,36
600,68	1189,87
600,87	1159,15
601,06	1189,87
601,26	1150,96
601,45	1200,11
601,64	1189,87
601,83	1191,92
602,03	1196,01
602,22	1206,25
602,41	1183,73
602,60	1236,97
602,80	1193,97
602,99	1228,78
603,18	1234,93
603,37	1206,25
603,57	1249,26
603,76	1230,83
603,95	1185,77
604,14	1214,45
604,34	1155,05
604,53	1282,03
604,72	1177,58
604,91	1122,29
605,10	1185,77
605,30	1208,30
605,49	1214,45
605,68	1171,44
605,87	1257,45
606,07	1157,10
606,26	1230,83
606,45	1220,59
606,64	1232,88
606,84	1181,68
607,03	1251,31
607,22	1191,92
607,41	1165,29
607,60	1228,78
607,80	1210,35
607,99	1245,16
608,18	1212,40
608,37	1226,73
608,56	1206,25
608,76	1282,03
608,95	1253,36
609,14	1148,91
609,33	1159,15
609,52	1185,77
609,72	1159,15
609,91	1206,25
610,10	1132,53
610,29	1189,87
610,48	1173,49
610,68	1191,92
610,87	1177,58
611,06	1218,54
611,25	1198,06
611,44	1288,17
611,63	1210,35
611,83	1294,32
612,02	1179,63
612,21	1253,36
612,40	1171,44
612,59	1167,34
612,79	1153,01
612,98	1116,14
613,17	1142,77
613,36	1191,92
613,55	1159,15
613,74	1175,53
613,93	1214,45
614,13	1189,87
614,32	1142,77
614,51	1249,26
614,70	1159,15
614,89	1187,82
615,08	1181,68
615,28	1304,56
615,47	1183,73
615,66	1187,82
615,85	1120,24
616,04	1208,30
616,23	1146,86
616,42	1171,44
616,62	1204,21
616,81	1196,01
617,00	1161,20
617,19	1200,11
617,38	1226,73
617,57	1200,11
617,76	1191,92
617,95	1257,45
618,15	1198,06
618,34	1193,97
618,53	1183,73
618,72	1208,30
618,91	1187,82
619,10	1130,48
619,29	1239,02
619,48	1134,57
619,68	1200,11
619,87	1173,49
620,06	1198,06
620,25	1222,64
620,44	1191,92
620,63	1150,96
620,82	1232,88
621,01	1273,84
621,20	1140,72
621,39	1212,40
621,59	1193,97
621,78	1122,29
621,97	1214,45
622,16	1179,63
622,35	1206,25
622,54	1171,44
622,73	1196,01
622,92	1181,68
623,11	1193,97
623,30	1232,88
623,49	1173,49
623,68	1189,87
623,88	1175,53
624,07	1157,10
624,26	1232,88
624,45	1222,64
624,64	1273,84
624,83	1167,34
625,02	1132,53
625,21	1214,45
625,40	1214,45
625,59	1150,96
625,78	1253,36
625,97	1226,73
626,16	1245,16
626,35	1206,25
626,54	1191,92
626,74	1179,63
626,93	1191,92
627,12	1187,82
627,31	1218,54
627,50	1226,73
627,69	1204,21
627,88	1267,69
628,07	1214,45
628,26	1212,40
628,45	1208,30
628,64	1181,68
628,83	1183,73
629,02	1181,68
629,21	1210,35
629,40	1208,30
629,59	1236,97
629,78	1198,06
629,97	1220,59
630,16	1183,73
630,35	1218,54
630,54	1212,40
630,73	1245,16
630,92	1187,82
631,11	1216,49
631,30	1214,45
631,49	1269,74
631,68	1325,04
631,87	2484,19
632,06	8292,23
632,25	17817,33
632,44	22412,97
632,63	28761,67
632,82	15464,21
633,01	8662,91
633,20	4083,65
633,39	2170,85
633,58	1779,68
633,77	1841,12
633,96	1683,43
634,15	1478,63
634,34	1396,71
634,53	1314,80
634,72	1292,27
634,91	1277,93
635,10	1343,47
635,29	1251,31
635,48	1277,93
635,67	1294,32
635,86	1198,06
636,05	1253,36
636,24	1273,84
636,43	1220,59
636,62	1220,59
636,81	1148,91
637,00	1243,12
637,19	1234,93
637,38	1220,59
637,57	1163,25
637,76	1234,93
637,95	1210,35
638,14	1179,63
638,33	1204,21
638,52	1167,34
638,71	1265,64
638,89	1265,64
639,08	1222,64
639,27	1312,75
639,46	1200,11
639,65	1247,21
639,84	1198,06
640,03	1150,96
640,22	1204,21
640,41	1265,64
640,60	1232,88
640,79	1206,25
640,98	1169,39
641,17	1251,31
641,36	1239,02
641,55	1282,03
641,74	1212,40
641,92	1181,68
642,11	1169,39
642,30	1191,92
642,49	1216,49
642,68	1150,96
642,87	1126,38
643,06	1232,88
643,25	1216,49
643,44	1232,88
643,63	1181,68
643,82	1206,25
644,00	1210,35
644,19	1232,88
644,38	1116,14
644,57	1232,88
644,76	1193,97
644,95	1189,87
645,14	1226,73
645,33	1191,92
645,52	1150,96
645,71	1224,69
645,89	1153,01
646,08	1249,26
646,27	1169,39
646,46	1198,06
646,65	1171,44
646,84	1224,69
647,03	1187,82
647,22	1204,21
647,40	1196,01
647,59	1183,73
647,78	1181,68
647,97	1144,81
648,16	1187,82
648,35	1236,97
648,54	1187,82
648,73	1159,15
648,91	1218,54
649,10	1189,87
649,29	1191,92
649,48	1183,73
649,67	1169,39
649,86	1189,87
650,05	1230,83
650,23	1226,73
650,42	1163,25
650,61	1236,97
650,80	1249,26
650,99	1282,03
651,18	1171,44
651,36	1216,49
651,55	1163,25
651,74	1169,39
651,93	1165,29
652,12	1200,11
652,31	1204,21
652,49	1181,68
652,68	1249,26
652,87	1150,96
653,06	1214,45
653,25	1150,96
653,44	1196,01
653,62	1220,59
653,81	1218,54
654,00	1150,96
654,19	1175,53
654,38	1273,84
654,56	1208,30
654,75	1118,19
654,94	1255,40
655,13	1175,53
655,32	1265,64
655,51	1210,35
655,69	1173,49
655,88	1271,79
656,07	1206,25
656,26	1165,29
656,45	1159,15
656,63	1265,64
656,82	1200,11
657,01	1206,25
657,20	1228,78
657,38	1232,88
657,57	1222,64
657,76	1163,25
657,95	1126,38
658,14	1157,10
658,32	1169,39
658,51	1185,77
658,70	1132,53
658,89	1171,44
659,08	1208,30
659,26	1255,40
659,45	1198,06
659,64	1239,02
659,83	1159,15
660,01	1171,44
660,20	1183,73
660,39	1245,16
660,58	1191,92
660,76	1167,34
660,95	1191,92
661,14	1228,78
661,33	1206,25
661,51	1198,06
661,70	1216,49
661,89	1212,40
662,08	1163,25
662,26	1247,21
662,45	1222,64
662,64	1136,62
662,83	1193,97
663,01	1228,78
663,20	1243,12
663,39	1210,35
663,58	1273,84
663,76	1269,74
663,95	1101,81
664,14	1175,53
664,32	1169,39
664,51	1255,40
664,70	1198,06
664,89	1265,64
665,07	1142,77
665,26	1179,63
665,45	1177,58
665,64	1224,69
665,82	1220,59
666,01	1255,40
666,20	1191,92
666,38	1232,88
666,57	1208,30
666,76	1175,53
666,95	1249,26
667,13	1175,53
667,32	1189,87
667,51	1124,33
667,69	1185,77
667,88	1239,02
668,07	1165,29
668,25	1204,21
668,44	1218,54
668,63	1243,12
668,81	1171,44
669,00	1239,02
669,19	1206,25
669,38	1173,49
669,56	1171,44
669,75	1284,08
669,94	1144,81
670,12	1228,78
670,31	1138,67
670,50	1173,49
670,68	1167,34
670,87	1241,07
671,06	1265,64
671,24	1132,53
671,43	1216,49
671,62	1249,26
671,80	1191,92
671,99	1265,64
672,18	1239,02
672,36	1181,68
672,55	1183,73
672,74	1212,40
672,92	1243,12
673,11	1243,12
673,29	1161,20
673,48	1150,96
673,67	1159,15
673,85	1177,58
674,04	1269,74
674,23	1196,01
674,41	1239,02
674,60	1200,11
674,79	1132,53
674,97	1232,88
675,16	1159,15
675,34	1181,68
675,53	1210,35
675,72	1163,25
675,90	1277,93
676,09	1253,36
676,28	1198,06
676,46	1232,88
676,65	1271,79
676,83	1214,45
677,02	1122,29
677,21	1173,49
677,39	1247,21
677,58	1294,32
677,77	1220,59
677,95	1239,02
678,14	1191,92
678,32	1144,81
678,51	1189,87
678,70	1228,78
678,88	1241,07
679,07	1200,11
679,25	1148,91
679,44	1198,06
679,63	1163,25
679,81	1208,30
680,00	1220,59
680,18	1150,96
680,37	1245,16
680,55	1230,83
680,74	1204,21
680,93	1148,91
681,11	1253,36
681,30	1179,63
681,48	1275,88
681,67	1191,92
681,85	1220,59
682,04	1163,25
682,23	1265,64
682,41	1212,40
682,60	1187,82
682,78	1259,50
682,97	1204,21
683,15	1146,86
683,34	1288,17
683,53	1206,25
683,71	1236,97
683,90	1220,59
684,08	1163,25
684,27	1247,21
684,45	1243,12
684,64	1189,87
684,82	1167,34
685,01	1196,01
685,19	1208,30
685,38	1138,67
685,57	1085,42
685,75	1193,97
685,94	1142,77
686,12	1261,55
686,31	1224,69
686,49	1181,68
686,68	1148,91
686,86	1251,31
687,05	1177,58
687,23	1241,07
687,42	1218,54
687,60	1216,49
687,79	1204,21
687,97	1218,54
688,16	1167,34
688,34	1204,21
688,53	1114,10
688,71	1159,15
688,90	1198,06
689,08	1249,26
689,27	1150,96
689,45	1173,49
689,64	1200,11
689,82	1150,96
690,01	1157,10
690,19	1124,33
690,38	1159,15
690,56	1212,40
690,75	1202,16
690,93	1245,16
691,12	1196,01
691,30	1159,15
691,49	1261,55
691,67	1214,45
691,86	1183,73
692,04	1202,16
692,23	1198,06
692,41	1208,30
692,60	1210,35
692,78	1193,97
692,97	1247,21
693,15	1179,63
693,34	1212,40
693,52	1153,01
693,71	1122,29
693,89	1226,73
694,08	1159,15
694,26	1183,73
694,44	1224,69
694,63	1175,53
694,81	1214,45
695,00	1222,64
695,18	1243,12
695,37	1142,77
695,55	1169,39
695,74	1138,67
695,92	1155,05
696,10	1241,07
696,29	1099,76
696,47	1249,26
696,66	1193,97
696,84	1245,16
697,03	1236,97
697,21	1253,36
697,40	1296,36
697,58	1245,16
697,76	1171,44
697,95	1224,69
698,13	1239,02
698,32	1173,49
698,50	1230,83
698,68	1161,20
698,87	1206,25
699,05	1224,69
699,24	1191,92
699,42	1206,25
699,61	1239,02
699,79	1193,97
699,97	1140,72
700,16	1146,86
700,34	1269,74
700,53	1183,73
700,71	1173,49
700,89	1216,49
701,08	1202,16
701,26	1226,73
701,45	1261,55
701,63	1202,16
701,81	1198,06
702,00	1193,97
702,18	1204,21
702,37	1222,64
702,55	1253,36
702,73	1200,11
702,92	1228,78
703,10	1175,53
703,28	1236,97
703,47	1239,02
703,65	1140,72
703,84	1196,01
704,02	1185,77
704,20	1159,15
704,39	1134,57
704,57	1239,02
704,75	1216,49
704,94	1245,16
705,12	1142,77
705,30	1153,01
705,49	1228,78
705,67	1161,20
705,86	1234,93
706,04	1189,87
706,22	1159,15
706,41	1277,93
706,59	1126,38
706,77	1181,68
706,96	1150,96
707,14	1216,49
707,32	1191,92
707,51	1204,21
707,69	1173,49
707,87	1204,21
708,06	1198,06
708,24	1142,77
708,42	1140,72
708,61	1198,06
708,79	1239,02
708,97	1189,87
709,16	1198,06
709,34	1165,29
709,52	1196,01
709,71	1163,25
709,89	1148,91
710,07	1212,40
710,26	1165,29
710,44	1185,77
710,62	1224,69
710,80	1134,57
710,99	1150,96
711,17	1245,16
711,35	1206,25
711,54	1232,88
711,72	1167,34
711,90	1200,11
712,09	1204,21
712,27	1142,77
712,45	1228,78
712,63	1265,64
712,82	1171,44
713,00	1144,81
713,18	1228,78
713,37	1216,49
713,55	1196,01
713,73	1189,87
713,91	1202,16
714,10	1236,97
714,28	1220,59
714,46	1208,30
714,65	1251,31
714,83	1173,49
715,01	1171,44
715,19	1112,05
715,38	1167,34
715,56	1157,10
715,74	1220,59
715,92	1183,73
716,11	1148,91
716,29	1212,40
716,47	1243,12
716,65	1226,73
716,84	1177,58
717,02	1155,05
717,20	1155,05
717,38	1130,48
717,57	1165,29
717,75	1148,91
717,93	1148,91
718,11	1206,25
718,30	1138,67
718,48	1208,30
718,66	1171,44
718,84	1181,68
719,03	1191,92
719,21	1208,30
719,39	1157,10
719,57	1153,01
719,75	1249,26
719,94	1189,87
720,12	1134,57
720,30	1159,15
720,48	1177,58
720,67	1142,77
720,85	1161,20
721,03	1204,21
721,21	1196,01
721,39	1185,77
721,58	1181,68
721,76	1226,73
721,94	1189,87
722,12	1239,02
722,30	1216,49
722,49	1189,87
722,67	1177,58
722,85	1161,20
723,03	1191,92
723,21	1157,10
723,40	1159,15
723,58	1189,87
723,76	1150,96
723,94	1255,40
724,12	1298,41
724,30	1198,06
724,49	1212,40
724,67	1173,49
724,85	1259,50
725,03	1144,81
725,21	1200,11
725,40	1245,16
725,58	1136,62
725,76	1257,45
725,94	1138,67
726,12	1208,30
726,30	1224,69
726,49	1189,87
726,67	1234,93
726,85	1189,87
727,03	1167,34
727,21	1249,26
727,39	1150,96
727,57	1257,45
727,76	1155,05
727,94	1241,07
728,12	1142,77
728,30	1185,77
728,48	1136,62
728,66	1249,26
728,84	1144,81
729,03	1177,58
729,21	1167,34
729,39	1153,01
729,57	1236,97
729,75	1216,49
729,93	1253,36
730,11	1239,02
730,30	1191,92
730,48	1179,63
730,66	1200,11
730,84	1239,02
731,02	1191,92
731,20	1208,30
731,38	1126,38
731,56	1187,82
731,74	1134,57
731,93	1136,62
732,11	1187,82
732,29	1187,82
732,47	1150,96
732,65	1204,21
732,83	1222,64
733,01	1175,53
733,19	1204,21
733,37	1206,25
733,56	1247,21
733,74	1173,49
733,92	1193,97
734,10	1230,83
734,28	1181,68
734,46	1208,30
734,64	1249,26
734,82	1279,98
735,00	1134,57
735,18	1261,55
735,36	1153,01
735,54	1212,40
735,73	1163,25
735,91	1196,01
736,09	1148,91
736,27	1144,81
736,45	1175,53
736,63	1228,78
736,81	1179,63
736,99	1257,45
737,17	1210,35
737,35	1226,73
737,53	1146,86
737,71	1146,86
737,89	1093,62
738,07	1169,39
738,25	1230,83
738,43	1247,21
738,61	1148,91
738,80	1232,88
738,98	1140,72
739,16	1224,69
739,34	1265,64
739,52	1196,01
739,70	1218,54
739,88	1161,20
740,06	1159,15
740,24	1226,73
740,42	1105,90
740,60	1216,49
740,78	1222,64
740,96	1169,39
741,14	1204,21
741,32	1202,16
741,50	1128,43
741,68	1210,35
741,86	1181,68
742,04	1181,68
742,22	1175,53
742,40	1191,92
742,58	1206,25
742,76	1241,07
742,94	1220,59
743,12	1181,68
743,30	1236,97
743,48	1179,63
743,66	1247,21
743,84	1191,92
744,02	1167,34
744,20	1187,82
744,38	1175,53
744,56	1177,58
744,74	1189,87
744,92	1251,31
745,10	1165,29
745,28	1167,34
745,46	1189,87
745,64	1257,45
745,82	1216,49
746,00	1212,40
746,18	1204,21
746,36	1142,77
746,54	1183,73
746,72	1175,53
746,90	1191,92
747,08	1210,35
747,26	1271,79
747,44	1214,45
747,62	1196,01
747,80	1167,34
747,98	1161,20
748,15	1232,88
748,33	1202,16
748,51	1241,07
748,69	1210,35
748,87	1224,69
749,05	1153,01
749,23	1226,73
749,41	1191,92
749,59	1171,44
749,77	1132,53
749,95	1157,10
750,13	1204,21
750,31	1173,49
750,49	1157,10
750,67	1169,39
750,85	1234,93
751,03	1157,10
751,20	1191,92
751,38	1189,87
751,56	1222,64
751,74	1171,44
751,92	1163,25
752,10	1130,48
752,28	1187,82
752,46	1228,78
752,64	1134,57
752,82	1183,73
753,00	1200,11
753,18	1163,25
753,35	1185,77
753,53	1148,91
753,71	1230,83
753,89	1224,69
754,07	1202,16
754,25	1128,43
754,43	1245,16
754,61	1159,15
754,79	1224,69
754,97	1183,73
755,14	1200,11
755,32	1249,26
755,50	1249,26
755,68	1185,77
755,86	1116,14
756,04	1175,53
756,22	1173,49
756,40	1165,29
756,57	1191,92
756,75	1255,40
756,93	1204,21
757,11	1214,45
757,29	1146,86
757,47	1271,79
757,65	1236,97
757,82	1265,64
758,00	1153,01
758,18	1232,88
758,36	1204,21
758,54	1255,40
758,72	1126,38
758,90	1230,83
759,07	1206,25
759,25	1247,21
759,43	1239,02
759,61	1193,97
759,79	1210,35
759,97	1220,59
760,15	1253,36
760,32	1220,59
760,50	1191,92
760,68	1173,49
760,86	1136,62
761,04	1177,58
761,22	1263,60
761,39	1214,45
761,57	1171,44
761,75	1175,53
761,93	1216,49
762,11	1210,35
762,28	1220,59
762,46	1198,06
762,64	1159,15
762,82	1165,29
763,00	1118,19
763,18	1214,45
763,35	1208,30
763,53	1255,40
763,71	1177,58
763,89	1179,63
764,07	1140,72
764,24	1177,58
764,42	1218,54
764,60	1230,83
764,78	1177,58
764,96	1224,69
765,13	1232,88
765,31	1177,58
765,49	1112,05
765,67	1175,53
765,84	1218,54
766,02	1179,63
766,20	1187,82
766,38	1259,50
766,56	1138,67
766,73	1239,02
766,91	1198,06
767,09	1241,07
767,27	1198,06
767,44	1220,59
767,62	1214,45
767,80	1163,25
767,98	1204,21
768,15	1208,30
768,33	1236,97
768,51	1232,88
768,69	1181,68
768,87	1187,82
769,04	1216,49
769,22	1193,97
769,40	1181,68
769,58	1257,45
769,75	1191,92
769,93	1189,87
770,11	1200,11
770,28	1206,25
770,46	1216,49
770,64	1263,60
770,82	1214,45
770,99	1202,16
771,17	1193,97
771,35	1210,35
771,53	1157,10
771,70	1200,11
771,88	1146,86
772,06	1220,59
772,23	1189,87
772,41	1241,07
772,59	1187,82
772,77	1241,07
772,94	1089,52
773,12	1210,35
773,30	1200,11
773,47	1212,40
773,65	1269,74
773,83	1118,19
774,01	1128,43
774,18	1122,29
774,36	1310,70
774,54	1150,96
774,71	1189,87
774,89	1243,12
775,07	1253,36
775,24	1216,49
775,42	1144,81
775,60	1163,25
775,78	1193,97
775,95	1148,91
776,13	1126,38
776,31	1099,76
776,48	1226,73
776,66	1216,49
776,84	1155,05
777,01	1191,92
777,19	1232,88
777,37	1224,69
777,54	1169,39
777,72	1150,96
777,90	1234,93
778,07	1234,93
778,25	1146,86
778,43	1165,29
778,60	1214,45
778,78	1232,88
778,96	1193,97
779,13	1202,16
779,31	1198,06
779,49	1196,01
779,66	1165,29
779,84	1232,88
780,01	1257,45
780,19	1132,53
780,37	1169,39
780,54	1187,82
780,72	1138,67
780,90	1236,97
781,07	1204,21
781,25	1200,11
781,43	1175,53
781,60	1243,12
781,78	1196,01
781,95	1239,02
782,13	1159,15
782,31	1189,87
782,48	1085,42
782,66	1294,32
782,83	1232,88
783,01	1196,01
783,19	1161,20
783,36	1142,77
783,54	1181,68
783,72	1222,64
783,89	1220,59
784,07	1175,53
784,24	1245,16
784,42	1214,45
784,60	1204,21
784,77	1120,24
784,95	1202,16
785,12	1134,57
785,30	1144,81
785,47	1210,35
785,65	1271,79
785,83	1167,34
786,00	1189,87
786,18	1138,67
786,35	1150,96
786,53	1204,21
786,71	1214,45
786,88	1222,64
787,06	1247,21
787,23	1159,15
787,41	1196,01
787,58	1228,78
787,76	1226,73
787,94	1208,30
788,11	1318,89
788,29	1173,49
788,46	1181,68
788,64	1173,49
788,81	1191,92
788,99	1273,84
789,16	1177,58
789,34	1189,87
789,52	1181,68
789,69	1196,01
789,87	1206,25
790,04	1167,34
790,22	1247,21
790,39	1157,10
790,57	1202,16
790,74	1165,29
790,92	1173,49
791,09	1122,29
791,27	1191,92
791,44	1157,10
791,62	1198,06
791,79	1191,92
791,97	1202,16
792,15	1191,92
792,32	1230,83
792,50	1204,21
792,67	1189,87
792,85	1198,06
793,02	1157,10
793,20	1267,69
793,37	1247,21
793,55	1153,01
793,72	1173,49
793,90	1200,11
794,07	1181,68
794,25	1222,64
794,42	1286,12
794,60	1159,15
794,77	1204,21
794,95	1226,73
795,12	1200,11
795,30	1243,12
795,47	1185,77
795,65	1251,31
795,82	1167,34
796,00	1216,49
796,17	1150,96
796,34	1155,05
796,52	1212,40
796,69	1177,58
796,87	1236,97
797,04	1191,92
797,22	1257,45
797,39	1249,26
797,57	1196,01
797,74	1308,65
797,92	1204,21
798,09	1148,91
798,27	1191,92
798,44	1204,21
798,62	1181,68
798,79	1187,82
798,96	1212,40
799,14	1153,01
799,31	1144,81
799,49	1167,34
799,66	1200,11
799,84	1140,72
800,01	1105,90
800,19	1153,01
800,36	1161,20
800,53	1191,92
800,71	1198,06
800,88	1140,72
801,06	1206,25
801,23	1175,53
801,41	1200,11
801,58	1167,34
801,75	1218,54
801,93	1200,11
802,10	1290,22
802,28	1189,87
802,45	1181,68
802,63	1234,93
802,80	1105,90
802,97	1206,25
803,15	1189,87
803,32	1198,06
803,50	1159,15
803,67	1173,49
803,84	1153,01
804,02	1173,49
804,19	1232,88
804,37	1226,73
804,54	1222,64
804,71	1189,87
804,89	1232,88
805,06	1146,86
805,24	1226,73
805,41	1208,30
805,58	1136,62
805,76	1132,53
805,93	1136,62
806,10	1198,06
806,28	1216,49
806,45	1079,28
806,63	1185,77
806,80	1222,64
806,97	1269,74
807,15	1130,48
807,32	1196,01
807,49	1224,69
807,67	1198,06
807,84	1159,15
808,01	1228,78
808,19	1159,15
808,36	1216,49
808,54	1230,83
808,71	1214,45
808,88	1202,16
809,06	1140,72
809,23	1226,73
809,40	1210,35
809,58	1265,64
809,75	1198,06
809,92	1204,21
810,10	1216,49
810,27	1218,54
810,44	1181,68
810,62	1157,10
810,79	1247,21
810,96	1173,49
811,14	1177,58
811,31	1222,64
811,48	1175,53
811,66	1193,97
811,83	1193,97
812,00	1161,20
812,18	1175,53
812,35	1298,41
812,52	1138,67
812,69	1249,26
812,87	1181,68
813,04	1261,55
813,21	1200,11
813,39	1142,77
813,56	1216,49
813,73	1171,44
813,91	1187,82
814,08	1179,63
814,25	1230,83
814,42	1191,92
814,60	1228,78
814,77	1204,21
814,94	1165,29
815,12	1239,02
815,29	1239,02
815,46	1173,49
815,63	1171,44
815,81	1146,86
815,98	1214,45
816,15	1167,34
816,33	1122,29
816,50	1228,78
816,67	1163,25
816,84	1226,73
817,02	1196,01
817,19	1239,02
817,36	1275,88
817,53	1146,86
817,71	1167,34
817,88	1224,69
818,05	1187,82
818,22	1241,07
818,40	1153,01
818,57	1263,60
818,74	1150,96
818,91	1183,73
819,09	1155,05
819,26	1212,40
819,43	1206,25
819,60	1173,49
819,78	1161,20
819,95	1169,39
820,12	1130,48
820,29	1150,96
820,47	1187,82
820,64	1198,06
820,81	1138,67
820,98	1095,66
821,15	1208,30
821,33	1218,54
821,50	1155,05
821,67	1153,01
821,84	1189,87
822,02	1232,88
822,19	1249,26
822,36	1228,78
822,53	1097,71
822,70	1208,30
822,88	1179,63
823,05	1284,08
823,22	1249,26
823,39	1191,92
823,56	1224,69
823,74	1220,59
823,91	1261,55
824,08	1173,49
824,25	1204,21
824,42	1230,83
824,60	1196,01
824,77	1204,21
824,94	1114,10
825,11	1210,35
825,28	1175,53
825,45	1290,22
825,63	1212,40
825,80	1206,25
825,97	1208,30
826,14	1255,40
826,31	1228,78
826,48	1175,53
826,66	1294,32
826,83	1247,21
827,00	1183,73
827,17	1282,03
827,34	1261,55
827,51	1159,15
827,69	1228,78
827,86	1099,76
828,03	1228,78
828,20	1210,35
828,37	1173,49
828,54	1198,06
828,71	1212,40
828,89	1212,40
829,06	1155,05
829,23	1185,77
829,40	1144,81
829,57	1167,34
829,74	1234,93
829,91	1155,05
830,09	1198,06
830,26	1183,73
830,43	1202,16
830,60	1234,93
830,77	1232,88
830,94	1241,07
831,11	1163,25
831,28	1153,01
831,46	1153,01
831,63	1204,21
831,80	1265,64
831,97	1200,11
832,14	1216,49
832,31	1218,54
832,48	1142,77
832,65	1179,63
832,82	1177,58
832,99	1241,07
833,17	1212,40
833,34	1204,21
833,51	1232,88
833,68	1259,50
833,85	1165,29
834,02	1210,35
834,19	1157,10
834,36	1187,82
834,53	1181,68
834,70	1169,39
834,87	1222,64
835,04	1140,72
835,22	1165,29
835,39	1191,92
835,56	1198,06
835,73	1171,44
835,90	1236,97
836,07	1187,82
836,24	1165,29
836,41	1120,24
836,58	1159,15
836,75	1282,03
836,92	1198,06
837,09	1200,11
837,26	1173,49
837,43	1167,34
837,60	1286,12
837,77	1101,81
837,94	1138,67
838,12	1247,21
838,29	1155,05
838,46	1193,97
838,63	1177,58
838,80	1200,11
838,97	1208,30
839,14	1251,31
839,31	1142,77
839,48	1212,40
839,65	1202,16
839,82	1200,11
839,99	1249,26
840,16	1204,21
840,33	1269,74
840,50	1239,02
840,67	1200,11
840,84	1165,29
841,01	1191,92
841,18	1214,45
841,35	1150,96
841,52	1220,59
841,69	1128,43
841,86	1118,19
842,03	1208,30
842,20	1183,73
842,37	1282,03
842,54	1150,96
842,71	1099,76
842,88	1159,15
843,05	1202,16
843,22	1165,29
843,39	1179,63
843,56	1191,92
843,73	1290,22
843,90	1228,78
844,07	1226,73
844,24	1251,31
844,41	1165,29
844,58	1224,69
844,75	1150,96
844,92	1183,73
845,09	1196,01
845,26	1189,87
845,43	1236,97
845,60	1173,49
845,77	1224,69
845,94	1208,30
846,10	1171,44
846,27	1099,76
846,44	1202,16
846,61	1181,68
846,78	1175,53
846,95	1189,87
847,12	1206,25
847,29	1218,54
847,46	1216,49
847,63	1138,67
847,80	1183,73
847,97	1157,10
848,14	1230,83
848,31	1181,68
848,48	1187,82
848,65	1228,78
848,82	1249,26
848,98	1191,92
849,15	1241,07
849,32	1175,53
849,49	1142,77
849,66	1181,68
849,83	1159,15
850,00	1187,82
850,17	1120,24
850,34	1230,83
850,51	1230,83
850,68	1175,53
850,85	1230,83
851,01	1210,35
851,18	1269,74
851,35	1200,11
851,52	1146,86
851,69	1222,64
851,86	1200,11
852,03	1185,77
852,20	1161,20
852,37	1208,30
852,53	1206,25
852,70	1232,88
852,87	1220,59
853,04	1241,07
853,21	1181,68
853,38	1214,45
853,55	1222,64
853,72	1210,35
853,89	1173,49
854,05	1169,39
854,22	1189,87
854,39	1142,77
854,56	1138,67
854,73	1230,83
854,90	1230,83
855,07	1265,64
855,23	1224,69
855,40	1265,64
855,57	1140,72
855,74	1157,10
855,91	1247,21
856,08	1126,38
856,25	1183,73
856,41	1224,69
856,58	1255,40
856,75	1183,73
856,92	1241,07
857,09	1247,21
857,26	1128,43
857,42	1189,87
857,59	1247,21
857,76	1245,16
857,93	1196,01
858,10	1236,97
858,27	1181,68
858,43	1179,63
858,60	1185,77
858,77	1140,72
858,94	1251,31
859,11	1159,15
859,27	1228,78
859,44	1130,48
859,61	1234,93
859,78	1232,88
859,95	1206,25
860,12	1155,05
860,28	1167,34
860,45	1212,40
860,62	1216,49
860,79	1165,29
860,95	1189,87
861,12	1247,21
861,29	1220,59
861,46	1226,73
861,63	1210,35
861,79	1208,30
861,96	1155,05
862,13	1234,93
862,30	1175,53
862,47	1157,10
862,63	1171,44
862,80	1253,36
862,97	1167,34
863,14	1257,45
863,30	1116,14
863,47	1241,07
863,64	1183,73
863,81	1210,35
863,97	1196,01
864,14	1200,11
864,31	1232,88
864,48	1189,87
864,65	1148,91
864,81	1163,25
864,98	1210,35
865,15	1222,64
865,32	1181,68
865,48	1253,36
865,65	1089,52
865,82	1146,86
865,98	1181,68
866,15	1228,78
866,32	1226,73
866,49	1249,26
866,65	1179,63
866,82	1191,92
866,99	1136,62
867,16	1161,20
867,32	1187,82
867,49	1204,21
867,66	1134,57
867,83	1236,97
867,99	1157,10
868,16	1173,49
868,33	1210,35
868,49	1208,30
868,66	1165,29
868,83	1175,53
868,99	1232,88
869,16	1181,68
869,33	1173,49
869,50	1232,88
869,66	1239,02
869,83	1198,06
870,00	1187,82
870,16	1161,20
870,33	1179,63
870,50	1189,87
870,66	1183,73
870,83	1189,87
871,00	1247,21
871,17	1179,63
871,33	1144,81
871,50	1177,58
871,67	1198,06
871,83	1161,20
872,00	1200,11
872,17	1204,21
872,33	1214,45
872,50	1224,69
872,67	1169,39
872,83	1132,53
873,00	1142,77
873,17	1157,10
873,33	1167,34
873,50	1198,06
873,67	1179,63
873,83	1212,40
874,00	1222,64
874,16	1230,83
874,33	1132,53
874,50	1148,91
874,66	1185,77
874,83	1187,82
875,00	1210,35
875,16	1261,55
875,33	1167,34
875,50	1198,06
875,66	1175,53
875,83	1232,88
875,99	1206,25
876,16	1204,21
876,33	1181,68
876,49	1220,59
876,66	1222,64
876,83	1200,11
876,99	1091,57
877,16	1249,26
877,32	1163,25
877,49	1134,57
877,66	1243,12
877,82	1230,83
877,99	1196,01
878,15	1234,93
878,32	1136,62
878,49	1249,26
878,65	1140,72
878,82	1220,59
878,98	1204,21
879,15	1243,12
879,32	1290,22
879,48	1247,21
879,65	1226,73
879,81	1144,81
879,98	1136,62
880,15	1191,92
880,31	1202,16
880,48	1187,82
880,64	1181,68
880,81	1124,33
880,97	1148,91
881,14	1322,99
881,31	1202,16
881,47	1224,69
881,64	1216,49
881,80	1167,34
881,97	1189,87
882,13	1173,49
882,30	1130,48
882,47	1196,01
882,63	1144,81
882,80	1167,34
882,96	1148,91
883,13	1189,87
883,29	1224,69
883,46	1232,88
883,62	1267,69
883,79	1126,38
883,95	1216,49
884,12	1204,21
884,29	1196,01
884,45	1208,30
884,62	1214,45
884,78	1179,63
884,95	1208,30
885,11	1212,40
885,28	1198,06
885,44	1173,49
885,61	1191,92
885,77	1159,15
885,94	1169,39
886,10	1189,87
886,27	1165,29
886,43	1173,49
886,60	1144,81
886,76	1249,26
886,93	1204,21
887,09	1202,16
887,26	1224,69
887,42	1175,53
887,59	1173,49
887,75	1142,77
887,92	1161,20
888,08	1206,25
888,25	1134,57
888,41	1179,63
888,58	1148,91
888,74	1179,63
888,91	1181,68
