177,47	1208,30
177,69	1208,30
177,91	1208,30
178,13	1189,87
178,36	1134,57
178,58	1169,39
178,80	1134,57
179,02	1198,06
179,24	1228,78
179,46	1196,01
179,68	1157,10
179,90	1325,04
180,13	1193,97
180,35	1216,49
180,57	1247,21
180,79	1185,77
181,01	1191,92
181,23	1228,78
181,45	1173,49
181,67	1228,78
181,90	1140,72
182,12	1236,97
182,34	1206,25
182,56	1138,67
182,78	1146,86
183,00	1218,54
183,22	1224,69
183,44	1204,21
183,66	1183,73
183,89	1179,63
184,11	1171,44
184,33	1204,21
184,55	1206,25
184,77	1214,45
184,99	1263,60
185,21	1187,82
185,43	1206,25
185,65	1249,26
185,87	1163,25
186,10	1189,87
186,32	1206,25
186,54	1179,63
186,76	1222,64
186,98	1187,82
187,20	1236,97
187,42	1183,73
187,64	1282,03
187,86	1202,16
188,08	1216,49
188,30	1187,82
188,52	1136,62
188,75	1140,72
188,97	1232,88
189,19	1275,88
189,41	1222,64
189,63	1243,12
189,85	1136,62
190,07	1212,40
190,29	1157,10
190,51	1216,49
190,73	1177,58
190,95	1187,82
191,17	1079,28
191,39	1185,77
191,61	1220,59
191,84	1167,34
192,06	1179,63
192,28	1187,82
192,50	1243,12
192,72	1183,73
192,94	1200,11
193,16	1245,16
193,38	1228,78
193,60	1224,69
193,82	1198,06
194,04	1183,73
194,26	1267,69
194,48	1140,72
194,70	1196,01
194,92	1097,71
195,14	1196,01
195,36	1193,97
195,58	1167,34
195,80	1204,21
196,02	1230,83
196,24	1245,16
196,46	1187,82
196,69	1189,87
196,91	1200,11
197,13	1157,10
197,35	1200,11
197,57	1204,21
197,79	1175,53
198,01	1222,64
198,23	1200,11
198,45	1265,64
198,67	1161,20
198,89	1275,88
199,11	1245,16
199,33	1236,97
199,55	1232,88
199,77	1200,11
199,99	1230,83
200,21	1204,21
200,43	1226,73
200,65	1226,73
200,87	1218,54
201,09	1193,97
201,31	1236,97
201,53	1228,78
201,75	1181,68
201,97	1165,29
202,19	1196,01
202,41	1159,15
202,63	1216,49
202,85	1173,49
203,07	1288,17
203,29	1196,01
203,51	1175,53
203,73	1163,25
203,95	1175,53
204,17	1167,34
204,39	1243,12
204,61	1130,48
204,83	1163,25
205,05	1167,34
205,27	1198,06
205,49	1204,21
205,71	1247,21
205,93	1191,92
206,15	1157,10
206,37	1241,07
206,59	1218,54
206,81	1179,63
207,03	1230,83
207,25	1200,11
207,47	1241,07
207,69	1214,45
207,91	1224,69
208,13	1220,59
208,34	1214,45
208,56	1167,34
208,78	1163,25
209,00	1179,63
209,22	1146,86
209,44	1181,68
209,66	1212,40
209,88	1261,55
210,10	1155,05
210,32	1191,92
210,54	1247,21
210,76	1202,16
210,98	1132,53
211,20	1118,19
211,42	1204,21
211,64	1222,64
211,86	1243,12
212,08	1155,05
212,30	1214,45
212,52	1159,15
212,74	1232,88
212,96	1200,11
213,17	1251,31
213,39	1218,54
213,61	1196,01
213,83	1226,73
214,05	1224,69
214,27	1189,87
214,49	1165,29
214,71	1142,77
214,93	1167,34
215,15	1187,82
215,37	1224,69
215,59	1159,15
215,81	1187,82
216,03	1224,69
216,24	1218,54
216,46	1202,16
216,68	1118,19
216,90	1187,82
217,12	1269,74
217,34	1183,73
217,56	1175,53
217,78	1251,31
218,00	1206,25
218,22	1249,26
218,44	1179,63
218,66	1222,64
218,87	1179,63
219,09	1212,40
219,31	1255,40
219,53	1173,49
219,75	1146,86
219,97	1165,29
220,19	1191,92
220,41	1183,73
220,63	1173,49
220,85	1236,97
221,06	1236,97
221,28	1187,82
221,50	1171,44
221,72	1208,30
221,94	1232,88
222,16	1232,88
222,38	1277,93
222,60	1212,40
222,82	1232,88
223,03	1202,16
223,25	1136,62
223,47	1187,82
223,69	1263,60
223,91	1212,40
224,13	1177,58
224,35	1183,73
224,57	1187,82
224,78	1132,53
225,00	1159,15
225,22	1259,50
225,44	1208,30
225,66	1191,92
225,88	1234,93
226,10	1218,54
226,32	1220,59
226,53	1232,88
226,75	1175,53
226,97	1183,73
227,19	1187,82
227,41	1189,87
227,63	1204,21
227,85	1218,54
228,06	1193,97
228,28	1196,01
228,50	1191,92
228,72	1243,12
228,94	1236,97
229,16	1210,35
229,37	1171,44
229,59	1191,92
229,81	1216,49
230,03	1222,64
230,25	1232,88
230,47	1220,59
230,69	1224,69
230,90	1214,45
231,12	1183,73
231,34	1171,44
231,56	1161,20
231,78	1177,58
232,00	1216,49
232,21	1142,77
232,43	1218,54
232,65	1220,59
232,87	1187,82
233,09	1214,45
233,30	1239,02
233,52	1193,97
233,74	1204,21
233,96	1148,91
234,18	1148,91
234,40	1183,73
234,61	1212,40
234,83	1249,26
235,05	1265,64
235,27	1208,30
235,49	1245,16
235,70	1214,45
235,92	1230,83
236,14	1210,35
236,36	1142,77
236,58	1249,26
236,79	1136,62
237,01	1204,21
237,23	1200,11
237,45	1218,54
237,67	1286,12
237,88	1183,73
238,10	1245,16
238,32	1294,32
238,54	1159,15
238,76	1116,14
238,97	1198,06
239,19	1103,86
239,41	1230,83
239,63	1181,68
239,85	1275,88
240,06	1204,21
240,28	1269,74
240,50	1189,87
240,72	1249,26
240,93	1163,25
241,15	1179,63
241,37	1261,55
241,59	1140,72
241,81	1208,30
242,02	1216,49
242,24	1245,16
242,46	1286,12
242,68	1179,63
242,89	1177,58
243,11	1198,06
243,33	1177,58
243,55	1163,25
243,76	1241,07
243,98	1198,06
244,20	1232,88
244,42	1196,01
244,64	1249,26
244,85	1200,11
245,07	1198,06
245,29	1230,83
245,51	1153,01
245,72	1298,41
245,94	1308,65
246,16	1214,45
246,38	1126,38
246,59	1202,16
246,81	1159,15
247,03	1187,82
247,24	1236,97
247,46	1196,01
247,68	1187,82
247,90	1228,78
248,11	1177,58
248,33	1165,29
248,55	1239,02
248,77	1171,44
248,98	1202,16
249,20	1208,30
249,42	1148,91
249,64	1249,26
249,85	1198,06
250,07	1134,57
250,29	1224,69
250,50	1202,16
250,72	1202,16
250,94	1177,58
251,16	1249,26
251,37	1173,49
251,59	1212,40
251,81	1169,39
252,02	1187,82
252,24	1220,59
252,46	1198,06
252,68	1189,87
252,89	1177,58
253,11	1196,01
253,33	1198,06
253,54	1196,01
253,76	1181,68
253,98	1173,49
254,20	1177,58
254,41	1179,63
254,63	1130,48
254,85	1191,92
255,06	1167,34
255,28	1185,77
255,50	1222,64
255,71	1230,83
255,93	1148,91
256,15	1226,73
256,36	1200,11
256,58	1101,81
256,80	1171,44
257,02	1185,77
257,23	1163,25
257,45	1191,92
257,67	1232,88
257,88	1257,45
258,10	1167,34
258,32	1230,83
258,53	1253,36
258,75	1187,82
258,97	1230,83
259,18	1220,59
259,40	1200,11
259,62	1212,40
259,83	1316,84
260,05	1232,88
260,27	1224,69
260,48	1142,77
260,70	1175,53
260,92	1179,63
261,13	1155,05
261,35	1173,49
261,57	1183,73
261,78	1187,82
262,00	1196,01
262,22	1140,72
262,43	1181,68
262,65	1159,15
262,86	1279,98
263,08	1206,25
263,30	1236,97
263,51	1183,73
263,73	1224,69
263,95	1189,87
264,16	1198,06
264,38	1169,39
264,60	1181,68
264,81	1222,64
265,03	1204,21
265,25	1159,15
265,46	1206,25
265,68	1187,82
265,89	1173,49
266,11	1183,73
266,33	1247,21
266,54	1191,92
266,76	1198,06
266,98	1259,50
267,19	1130,48
267,41	1173,49
267,62	1159,15
267,84	1214,45
268,06	1169,39
268,27	1202,16
268,49	1177,58
268,70	1204,21
268,92	1163,25
269,14	1140,72
269,35	1136,62
269,57	1196,01
269,79	1249,26
270,00	1204,21
270,22	1249,26
270,43	1124,33
270,65	1204,21
270,87	1173,49
271,08	1202,16
271,30	1187,82
271,51	1245,16
271,73	1208,30
271,95	1216,49
272,16	1230,83
272,38	1230,83
272,59	1122,29
272,81	1247,21
273,02	1183,73
273,24	1206,25
273,46	1142,77
273,67	1232,88
273,89	1179,63
274,10	1218,54
274,32	1206,25
274,54	1245,16
274,75	1177,58
274,97	1230,83
275,18	1204,21
275,40	1275,88
275,61	1196,01
275,83	1163,25
276,05	1200,11
276,26	1222,64
276,48	1208,30
276,69	1187,82
276,91	1179,63
277,12	1218,54
277,34	1224,69
277,55	1226,73
277,77	1187,82
277,99	1265,64
278,20	1204,21
278,42	1189,87
278,63	1208,30
278,85	1183,73
279,06	1222,64
279,28	1202,16
279,49	1204,21
279,71	1241,07
279,93	1251,31
280,14	1196,01
280,36	1214,45
280,57	1189,87
280,79	1191,92
281,00	1261,55
281,22	1290,22
281,43	1153,01
281,65	1177,58
281,86	1202,16
282,08	1155,05
282,29	1222,64
282,51	1144,81
282,73	1216,49
282,94	1239,02
283,16	1243,12
283,37	1196,01
283,59	1210,35
283,80	1212,40
284,02	1169,39
284,23	1136,62
284,45	1253,36
284,66	1204,21
284,88	1187,82
285,09	1169,39
285,31	1234,93
285,52	1191,92
285,74	1173,49
285,95	1159,15
286,17	1220,59
286,38	1175,53
286,60	1175,53
286,81	1126,38
287,03	1220,59
287,24	1146,86
287,46	1183,73
287,67	1159,15
287,89	1222,64
288,10	1228,78
288,32	1169,39
288,53	1224,69
288,75	1210,35
288,96	1269,74
289,18	1191,92
289,39	1081,33
289,61	1214,45
289,82	1269,74
290,04	1239,02
290,25	1165,29
290,47	1181,68
290,68	1210,35
290,90	1177,58
291,11	1175,53
291,33	1222,64
291,54	1218,54
291,76	1120,24
291,97	1308,65
292,18	1179,63
292,40	1177,58
292,61	1167,34
292,83	1169,39
293,04	1220,59
293,26	1224,69
293,47	1150,96
293,69	1165,29
293,90	1218,54
294,12	1177,58
294,33	1177,58
294,55	1191,92
294,76	1202,16
294,97	1251,31
295,19	1220,59
295,40	1163,25
295,62	1198,06
295,83	1210,35
296,05	1185,77
296,26	1177,58
296,48	1216,49
296,69	1179,63
296,90	1200,11
297,12	1163,25
297,33	1118,19
297,55	1185,77
297,76	1200,11
297,98	1189,87
298,19	1173,49
298,41	1196,01
298,62	1208,30
298,83	1255,40
299,05	1214,45
299,26	1204,21
299,48	1228,78
299,69	1128,43
299,90	1171,44
300,12	1185,77
300,33	1212,40
300,55	1243,12
300,76	1191,92
300,98	1167,34
301,19	1241,07
301,40	1175,53
301,62	1214,45
301,83	1224,69
302,05	1132,53
302,26	1189,87
302,47	1218,54
302,69	1210,35
302,90	1193,97
303,12	1165,29
303,33	1204,21
303,54	1167,34
303,76	1261,55
303,97	1155,05
304,19	1210,35
304,40	1181,68
304,61	1150,96
304,83	1179,63
305,04	1220,59
305,26	1204,21
305,47	1236,97
305,68	1208,30
305,90	1214,45
306,11	1122,29
306,33	1193,97
306,54	1193,97
306,75	1218,54
306,97	1208,30
307,18	1183,73
307,39	1148,91
307,61	1230,83
307,82	1206,25
308,04	1206,25
308,25	1144,81
308,46	1167,34
308,68	1208,30
308,89	1214,45
309,10	1269,74
309,32	1191,92
309,53	1179,63
309,74	1200,11
309,96	1165,29
310,17	1265,64
310,39	1173,49
310,60	1206,25
310,81	1169,39
311,03	1226,73
311,24	1185,77
311,45	1167,34
311,67	1161,20
311,88	1208,30
312,09	1214,45
312,31	1173,49
312,52	1191,92
312,73	1179,63
312,95	1245,16
313,16	1220,59
313,37	1222,64
313,59	1112,05
313,80	1236,97
314,01	1251,31
314,23	1208,30
314,44	1208,30
314,65	1224,69
314,87	1191,92
315,08	1198,06
315,29	1249,26
315,51	1202,16
315,72	1196,01
315,93	1185,77
316,15	1193,97
316,36	1163,25
316,57	1232,88
316,79	1175,53
317,00	1200,11
317,21	1216,49
317,43	1142,77
317,64	1214,45
317,85	1146,86
318,07	1175,53
318,28	1204,21
318,49	1200,11
318,70	1183,73
318,92	1200,11
319,13	1181,68
319,34	1159,15
319,56	1198,06
319,77	1216,49
319,98	1153,01
320,20	1224,69
320,41	1191,92
320,62	1198,06
320,83	1148,91
321,05	1183,73
321,26	1167,34
321,47	1204,21
321,69	1253,36
321,90	1138,67
322,11	1200,11
322,32	1146,86
322,54	1196,01
322,75	1202,16
322,96	1230,83
323,18	1144,81
323,39	1173,49
323,60	1187,82
323,81	1236,97
324,03	1163,25
324,24	1206,25
324,45	1169,39
324,66	1222,64
324,88	1253,36
325,09	1226,73
325,30	1161,20
325,52	1210,35
325,73	1189,87
325,94	1173,49
326,15	1216,49
326,37	1146,86
326,58	1265,64
326,79	1230,83
327,00	1257,45
327,22	1318,89
327,43	1175,53
327,64	1208,30
327,85	1165,29
328,07	1163,25
328,28	1234,93
328,49	1214,45
328,70	1169,39
328,92	1136,62
329,13	1206,25
329,34	1232,88
329,55	1208,30
329,76	1273,84
329,98	1099,76
330,19	1191,92
330,40	1110,00
330,61	1210,35
330,83	1222,64
331,04	1163,25
331,25	1144,81
331,46	1191,92
331,68	1196,01
331,89	1204,21
332,10	1251,31
332,31	1220,59
332,52	1165,29
332,74	1214,45
332,95	1155,05
333,16	1202,16
333,37	1232,88
333,58	1228,78
333,80	1204,21
334,01	1232,88
334,22	1189,87
334,43	1218,54
334,64	1241,07
334,86	1220,59
335,07	1210,35
335,28	1155,05
335,49	1198,06
335,70	1150,96
335,92	1177,58
336,13	1144,81
336,34	1161,20
336,55	1216,49
336,76	1171,44
336,98	1159,15
337,19	1179,63
337,40	1241,07
337,61	1136,62
337,82	1155,05
338,04	1224,69
338,25	1183,73
338,46	1216,49
338,67	1210,35
338,88	1153,01
339,09	1236,97
339,31	1218,54
339,52	1247,21
339,73	1169,39
339,94	1239,02
340,15	1138,67
340,36	1210,35
340,58	1171,44
340,79	1187,82
341,00	1218,54
341,21	1193,97
341,42	1243,12
341,63	1163,25
341,85	1224,69
342,06	1196,01
342,27	1232,88
342,48	1263,60
342,69	1232,88
342,90	1189,87
343,12	1191,92
343,33	1150,96
343,54	1159,15
343,75	1185,77
343,96	1220,59
344,17	1236,97
344,38	1187,82
344,60	1118,19
344,81	1212,40
345,02	1228,78
345,23	1232,88
345,44	1282,03
345,65	1179,63
345,86	1153,01
346,07	1251,31
346,29	1200,11
346,50	1251,31
346,71	1181,68
346,92	1181,68
347,13	1226,73
347,34	1214,45
347,55	1175,53
347,76	1202,16
347,98	1208,30
348,19	1243,12
348,40	1236,97
348,61	1124,33
348,82	1159,15
349,03	1198,06
349,24	1183,73
349,45	1138,67
349,66	1253,36
349,88	1191,92
350,09	1181,68
350,30	1206,25
350,51	1245,16
350,72	1163,25
350,93	1220,59
351,14	1159,15
351,35	1257,45
351,56	1177,58
351,77	1155,05
351,99	1202,16
352,20	1175,53
352,41	1263,60
352,62	1165,29
352,83	1198,06
353,04	1202,16
353,25	1232,88
353,46	1265,64
353,67	1167,34
353,88	1224,69
354,09	1230,83
354,30	1198,06
354,52	1216,49
354,73	1216,49
354,94	1142,77
355,15	1189,87
355,36	1193,97
355,57	1173,49
355,78	1179,63
355,99	1228,78
356,20	1230,83
356,41	1243,12
356,62	1239,02
356,83	1230,83
357,04	1142,77
357,25	1218,54
357,46	1210,35
357,68	1177,58
357,89	1208,30
358,10	1159,15
358,31	1153,01
358,52	1222,64
358,73	1220,59
358,94	1214,45
359,15	1265,64
359,36	1159,15
359,57	1220,59
359,78	1232,88
359,99	1196,01
360,20	1198,06
360,41	1249,26
360,62	1191,92
360,83	1130,48
361,04	1226,73
361,25	1273,84
361,46	1226,73
361,67	1157,10
361,88	1175,53
362,09	1179,63
362,30	1196,01
362,51	1169,39
362,72	1175,53
362,93	1191,92
363,14	1167,34
363,35	1173,49
363,56	1189,87
363,78	1210,35
363,99	1253,36
364,20	1208,30
364,41	1208,30
364,62	1163,25
364,83	1202,16
365,04	1191,92
365,25	1179,63
365,46	1206,25
365,67	1206,25
365,88	1200,11
366,09	1204,21
366,30	1218,54
366,51	1218,54
366,72	1210,35
366,93	1210,35
367,14	1212,40
367,35	1150,96
367,56	1191,92
367,77	1232,88
367,98	1208,30
368,18	1230,83
368,39	1126,38
368,60	1144,81
368,81	1236,97
369,02	1140,72
369,23	1220,59
369,44	1173,49
369,65	1179,63
369,86	1200,11
370,07	1167,34
370,28	1187,82
370,49	1202,16
370,70	1142,77
370,91	1224,69
371,12	1228,78
371,33	1196,01
371,54	1261,55
371,75	1210,35
371,96	1193,97
372,17	1191,92
372,38	1216,49
372,59	1132,53
372,80	1241,07
373,01	1255,40
373,22	1239,02
373,43	1241,07
373,64	1189,87
373,85	1230,83
374,06	1234,93
374,26	1157,10
374,47	1146,86
374,68	1288,17
374,89	1200,11
375,10	1169,39
375,31	1196,01
375,52	1183,73
375,73	1249,26
375,94	1167,34
376,15	1249,26
376,36	1161,20
376,57	1241,07
376,78	1187,82
376,99	1193,97
377,20	1200,11
377,40	1191,92
377,61	1226,73
377,82	1126,38
378,03	1212,40
378,24	1148,91
378,45	1177,58
378,66	1171,44
378,87	1218,54
379,08	1175,53
379,29	1210,35
379,50	1245,16
379,71	1165,29
379,91	1120,24
380,12	1155,05
380,33	1189,87
380,54	1159,15
380,75	1134,57
380,96	1206,25
381,17	1150,96
381,38	1216,49
381,59	1200,11
381,80	1189,87
382,00	1171,44
382,21	1185,77
382,42	1226,73
382,63	1175,53
382,84	1198,06
383,05	1253,36
383,26	1208,30
383,47	1290,22
383,68	1183,73
383,88	1228,78
384,09	1191,92
384,30	1193,97
384,51	1230,83
384,72	1308,65
384,93	1175,53
385,14	1134,57
385,35	1150,96
385,55	1210,35
385,76	1173,49
385,97	1189,87
386,18	1206,25
386,39	1206,25
386,60	1226,73
386,81	1193,97
387,02	1183,73
387,22	1200,11
387,43	1249,26
387,64	1222,64
387,85	1236,97
388,06	1191,92
388,27	1212,40
388,48	1196,01
388,68	1208,30
388,89	1232,88
389,10	1175,53
389,31	1179,63
389,52	1183,73
389,73	1153,01
389,93	1208,30
390,14	1245,16
390,35	1167,34
390,56	1216,49
390,77	1175,53
390,98	1196,01
391,18	1185,77
391,39	1232,88
391,60	1224,69
391,81	1167,34
392,02	1187,82
392,23	1251,31
392,43	1171,44
392,64	1230,83
392,85	1204,21
393,06	1216,49
393,27	1204,21
393,47	1191,92
393,68	1241,07
393,89	1220,59
394,10	1208,30
394,31	1210,35
394,52	1155,05
394,72	1234,93
394,93	1216,49
395,14	1220,59
395,35	1189,87
395,56	1230,83
395,76	1185,77
395,97	1196,01
396,18	1175,53
396,39	1204,21
396,60	1220,59
396,80	1232,88
397,01	1189,87
397,22	1144,81
397,43	1202,16
397,64	1097,71
397,84	1185,77
398,05	1232,88
398,26	1208,30
398,47	1175,53
398,67	1214,45
398,88	1150,96
399,09	1243,12
399,30	1249,26
399,51	1204,21
399,71	1171,44
399,92	1210,35
400,13	1165,29
400,34	1249,26
400,54	1132,53
400,75	1243,12
400,96	1183,73
401,17	1198,06
401,37	1212,40
401,58	1161,20
401,79	1218,54
402,00	1239,02
402,21	1196,01
402,41	1214,45
402,62	1204,21
402,83	1247,21
403,04	1159,15
403,24	1124,33
403,45	1245,16
403,66	1148,91
403,87	1177,58
404,07	1218,54
404,28	1212,40
404,49	1138,67
404,70	1200,11
404,90	1200,11
405,11	1193,97
405,32	1183,73
405,52	1124,33
405,73	1187,82
405,94	1214,45
406,15	1204,21
406,35	1187,82
406,56	1220,59
406,77	1243,12
406,98	1253,36
407,18	1232,88
407,39	1206,25
407,60	1208,30
407,80	1222,64
408,01	1236,97
408,22	1200,11
408,43	1146,86
408,63	1185,77
408,84	1210,35
409,05	1216,49
409,25	1193,97
409,46	1222,64
409,67	1228,78
409,88	1236,97
410,08	1159,15
410,29	1265,64
410,50	1288,17
410,70	1183,73
410,91	1181,68
411,12	1314,80
411,32	1253,36
411,53	1179,63
411,74	1171,44
411,95	1236,97
412,15	1112,05
412,36	1214,45
412,57	1220,59
412,77	1243,12
412,98	1144,81
413,19	1196,01
413,39	1210,35
413,60	1191,92
413,81	1163,25
414,01	1224,69
414,22	1171,44
414,43	1183,73
414,63	1159,15
414,84	1220,59
415,05	1144,81
415,25	1155,05
415,46	1202,16
415,67	1230,83
415,87	1187,82
416,08	1124,33
416,29	1177,58
416,49	1228,78
416,70	1175,53
416,91	1196,01
417,11	1140,72
417,32	1224,69
417,53	1204,21
417,73	1157,10
417,94	1243,12
418,15	1216,49
418,35	1234,93
418,56	1204,21
418,77	1232,88
418,97	1247,21
419,18	1218,54
419,38	1206,25
419,59	1228,78
419,80	1181,68
420,00	1144,81
420,21	1257,45
420,42	1198,06
420,62	1179,63
420,83	1165,29
421,04	1193,97
421,24	1183,73
421,45	1110,00
421,65	1200,11
421,86	1224,69
422,07	1220,59
422,27	1230,83
422,48	1206,25
422,69	1136,62
422,89	1273,84
423,10	1173,49
423,30	1228,78
423,51	1122,29
423,72	1196,01
423,92	1124,33
424,13	1239,02
424,33	1159,15
424,54	1187,82
424,75	1236,97
424,95	1183,73
425,16	1191,92
425,36	1253,36
425,57	1171,44
425,78	1228,78
425,98	1204,21
426,19	1153,01
426,39	1226,73
426,60	1181,68
426,81	1173,49
427,01	1144,81
427,22	1181,68
427,42	1183,73
427,63	1183,73
427,83	1214,45
428,04	1228,78
428,25	1171,44
428,45	1189,87
428,66	1230,83
428,86	1222,64
429,07	1173,49
429,28	1114,10
429,48	1224,69
429,69	1239,02
429,89	1177,58
430,10	1230,83
430,30	1243,12
430,51	1171,44
430,71	1185,77
430,92	1179,63
431,13	1191,92
431,33	1230,83
431,54	1161,20
431,74	1198,06
431,95	1212,40
432,15	1282,03
432,36	1189,87
432,56	1261,55
432,77	1265,64
432,98	1206,25
433,18	1179,63
433,39	1273,84
433,59	1196,01
433,80	1173,49
434,00	1259,50
434,21	1128,43
434,41	1263,60
434,62	1177,58
434,82	1236,97
435,03	1245,16
435,23	1216,49
435,44	1140,72
435,64	1148,91
435,85	1277,93
436,06	1236,97
436,26	1253,36
436,47	1198,06
436,67	1249,26
436,88	1191,92
437,08	1191,92
437,29	1206,25
437,49	1130,48
437,70	1206,25
437,90	1153,01
438,11	1279,98
438,31	1243,12
438,52	1155,05
438,72	1212,40
438,93	1177,58
439,13	1142,77
439,34	1261,55
439,54	1193,97
439,75	1175,53
439,95	1193,97
440,16	1193,97
440,36	1142,77
440,57	1153,01
440,77	1181,68
440,98	1140,72
441,18	1200,11
441,39	1189,87
441,59	1161,20
441,80	1247,21
442,00	1236,97
442,21	1159,15
442,41	1206,25
442,62	1204,21
442,82	1171,44
443,02	1189,87
443,23	1171,44
443,43	1251,31
443,64	1183,73
443,84	1179,63
444,05	1251,31
444,25	1163,25
444,46	1153,01
444,66	1191,92
444,87	1200,11
445,07	1148,91
445,28	1167,34
445,48	1181,68
445,69	1200,11
445,89	1220,59
446,09	1230,83
446,30	1153,01
446,50	1157,10
446,71	1142,77
446,91	1239,02
447,12	1282,03
447,32	1112,05
447,53	1208,30
447,73	1130,48
447,93	1138,67
448,14	1177,58
448,34	1183,73
448,55	1181,68
448,75	1120,24
448,96	1122,29
449,16	1159,15
449,36	1193,97
449,57	1171,44
449,77	1267,69
449,98	1255,40
450,18	1173,49
450,39	1171,44
450,59	1220,59
450,79	1196,01
451,00	1220,59
451,20	1183,73
451,41	1173,49
451,61	1161,20
451,81	1183,73
452,02	1222,64
452,22	1196,01
452,43	1206,25
452,63	1212,40
452,84	1243,12
453,04	1148,91
453,24	1142,77
453,45	1136,62
453,65	1146,86
453,86	1193,97
454,06	1124,33
454,26	1163,25
454,47	1277,93
454,67	1142,77
454,87	1222,64
455,08	1142,77
455,28	1257,45
455,49	1216,49
455,69	1116,14
455,89	1134,57
456,10	1114,10
456,30	1175,53
456,51	1253,36
456,71	1216,49
456,91	1132,53
457,12	1234,93
457,32	1196,01
457,52	1179,63
457,73	1128,43
457,93	1175,53
458,14	1216,49
458,34	1175,53
458,54	1290,22
458,75	1212,40
458,95	1224,69
459,15	1236,97
459,36	1204,21
459,56	1202,16
459,76	1210,35
459,97	1095,66
460,17	1165,29
460,37	1183,73
460,58	1216,49
460,78	1220,59
460,99	1198,06
461,19	1110,00
461,39	1208,30
461,60	1224,69
461,80	1218,54
462,00	1198,06
462,21	1232,88
462,41	1171,44
462,61	1206,25
462,82	1212,40
463,02	1222,64
463,22	1263,60
463,43	1212,40
463,63	1261,55
463,83	1243,12
464,04	1212,40
464,24	1218,54
464,44	1249,26
464,64	1210,35
464,85	1163,25
465,05	1112,05
465,25	1216,49
465,46	1193,97
465,66	1144,81
465,86	1216,49
466,07	1212,40
466,27	1196,01
466,47	1204,21
466,68	1218,54
466,88	1144,81
467,08	1179,63
467,29	1234,93
467,49	1249,26
467,69	1142,77
467,89	1228,78
468,10	1249,26
468,30	1161,20
468,50	1204,21
468,71	1206,25
468,91	1200,11
469,11	1150,96
469,31	1167,34
469,52	1220,59
469,72	1224,69
469,92	1230,83
470,13	1241,07
470,33	1218,54
470,53	1218,54
470,73	1171,44
470,94	1189,87
471,14	1226,73
471,34	1171,44
471,54	1128,43
471,75	1208,30
471,95	1228,78
472,15	1228,78
472,36	1198,06
472,56	1157,10
472,76	1191,92
472,96	1173,49
473,17	1191,92
473,37	1204,21
473,57	1187,82
473,77	1218,54
473,98	1146,86
474,18	1191,92
474,38	1169,39
474,58	1128,43
474,79	1218,54
474,99	1212,40
475,19	1167,34
475,39	1120,24
475,60	1198,06
475,80	1165,29
476,00	1294,32
476,20	1132,53
476,41	1216,49
476,61	1222,64
476,81	1284,08
477,01	1204,21
477,21	1165,29
477,42	1189,87
477,62	1167,34
477,82	1189,87
478,02	1191,92
478,23	1208,30
478,43	1191,92
478,63	1179,63
478,83	1146,86
479,03	1189,87
479,24	1179,63
479,44	1214,45
479,64	1241,07
479,84	1226,73
480,04	1155,05
480,25	1273,84
480,45	1236,97
480,65	1179,63
480,85	1196,01
481,06	1110,00
481,26	1236,97
481,46	1247,21
481,66	1189,87
481,86	1263,60
482,06	1214,45
482,27	1165,29
482,47	1148,91
482,67	1234,93
482,87	1210,35
483,07	1222,64
483,28	1191,92
483,48	1204,21
483,68	1226,73
483,88	1239,02
484,08	1232,88
484,29	1230,83
484,49	1198,06
484,69	1255,40
484,89	1222,64
485,09	1165,29
485,29	1210,35
485,50	1167,34
485,70	1183,73
485,90	1226,73
486,10	1177,58
486,30	1150,96
486,50	1236,97
486,71	1273,84
486,91	1220,59
487,11	1212,40
487,31	1169,39
487,51	1210,35
487,71	1212,40
487,91	1214,45
488,12	1269,74
488,32	1187,82
488,52	1159,15
488,72	1181,68
488,92	1288,17
489,12	1230,83
489,32	1212,40
489,53	1204,21
489,73	1173,49
489,93	1193,97
490,13	1185,77
490,33	1198,06
490,53	1185,77
490,73	1220,59
490,94	1245,16
491,14	1218,54
491,34	1202,16
491,54	1126,38
491,74	1173,49
491,94	1196,01
492,14	1200,11
492,34	1150,96
492,54	1181,68
492,75	1265,64
492,95	1241,07
493,15	1208,30
493,35	1146,86
493,55	1196,01
493,75	1210,35
493,95	1155,05
494,15	1210,35
494,35	1193,97
494,56	1210,35
494,76	1249,26
494,96	1187,82
495,16	1202,16
495,36	1210,35
495,56	1198,06
495,76	1126,38
495,96	1198,06
496,16	1206,25
496,36	1251,31
496,56	1171,44
496,77	1171,44
496,97	1226,73
497,17	1157,10
497,37	1224,69
497,57	1200,11
497,77	1196,01
497,97	1226,73
498,17	1150,96
498,37	1191,92
498,57	1220,59
498,77	1175,53
498,97	1222,64
499,17	1116,14
499,38	1173,49
499,58	1179,63
499,78	1181,68
499,98	1169,39
500,18	1142,77
500,38	1118,19
500,58	1204,21
500,78	1216,49
500,98	1214,45
501,18	1196,01
501,38	1226,73
501,58	1261,55
501,78	1116,14
501,98	1144,81
502,18	1179,63
502,38	1267,69
502,58	1214,45
502,78	1179,63
502,98	1220,59
503,18	1212,40
503,38	1179,63
503,59	1142,77
503,79	1138,67
503,99	1189,87
504,19	1191,92
504,39	1271,79
504,59	1243,12
504,79	1253,36
504,99	1212,40
505,19	1185,77
505,39	1257,45
505,59	1222,64
505,79	1155,05
505,99	1165,29
506,19	1191,92
506,39	1286,12
506,59	1150,96
506,79	1241,07
506,99	1257,45
507,19	1241,07
507,39	1167,34
507,59	1216,49
507,79	1239,02
507,99	1204,21
508,19	1171,44
508,39	1157,10
508,59	1288,17
508,79	1216,49
508,99	1216,49
509,19	1189,87
509,39	1210,35
509,59	1224,69
509,79	1257,45
509,99	1126,38
510,19	1167,34
510,39	1206,25
510,59	1171,44
510,79	1165,29
510,99	1222,64
511,19	1169,39
511,39	1212,40
511,59	1255,40
511,79	1208,30
511,99	1183,73
512,19	1208,30
512,38	1210,35
512,58	1220,59
512,78	1183,73
512,98	1191,92
513,18	1183,73
513,38	1216,49
513,58	1241,07
513,78	1159,15
513,98	1222,64
514,18	1136,62
514,38	1243,12
514,58	1232,88
514,78	1224,69
514,98	1228,78
515,18	1159,15
515,38	1148,91
515,58	1171,44
515,78	1189,87
515,98	1220,59
516,18	1159,15
516,38	1163,25
516,57	1148,91
516,77	1163,25
516,97	1265,64
517,17	1138,67
517,37	1124,33
517,57	1206,25
517,77	1191,92
517,97	1179,63
518,17	1183,73
518,37	1148,91
518,57	1208,30
518,77	1200,11
518,97	1200,11
519,16	1243,12
519,36	1120,24
519,56	1263,60
519,76	1234,93
519,96	1200,11
520,16	1212,40
520,36	1257,45
520,56	1206,25
520,76	1155,05
520,96	1169,39
521,16	1200,11
521,35	1185,77
521,55	1261,55
521,75	1150,96
521,95	1126,38
522,15	1185,77
522,35	1230,83
522,55	1282,03
522,75	1265,64
522,95	1241,07
523,14	1140,72
523,34	1157,10
523,54	1198,06
523,74	1189,87
523,94	1220,59
524,14	1187,82
524,34	1181,68
524,54	1200,11
524,73	1200,11
524,93	1204,21
525,13	1161,20
525,33	1263,60
525,53	1173,49
525,73	1179,63
525,93	1196,01
526,13	1232,88
526,32	1200,11
526,52	1245,16
526,72	1226,73
526,92	1126,38
527,12	1107,95
527,32	1187,82
527,52	1173,49
527,71	1181,68
527,91	1249,26
528,11	1189,87
528,31	1134,57
528,51	1132,53
528,71	1128,43
528,90	1140,72
529,10	1185,77
529,30	1173,49
529,50	1265,64
529,70	1198,06
529,90	1159,15
530,09	1126,38
530,29	1220,59
530,49	1196,01
530,69	1177,58
530,89	1175,53
531,09	1288,17
531,28	1126,38
531,48	1173,49
531,68	1148,91
531,88	1222,64
532,08	1187,82
532,28	1181,68
532,47	1253,36
532,67	1206,25
532,87	1232,88
533,07	1224,69
533,27	1228,78
533,46	1148,91
533,66	1187,82
533,86	1155,05
534,06	1173,49
534,26	1163,25
534,45	1230,83
534,65	1222,64
534,85	1071,09
535,05	1271,79
535,25	1171,44
535,44	1157,10
535,64	1189,87
535,84	1204,21
536,04	1214,45
536,24	1236,97
536,43	1177,58
536,63	1185,77
536,83	1167,34
537,03	1220,59
537,22	1155,05
537,42	1140,72
537,62	1155,05
537,82	1169,39
538,02	1165,29
538,21	1185,77
538,41	1171,44
538,61	1206,25
538,81	1247,21
539,00	1228,78
539,20	1173,49
539,40	1265,64
539,60	1208,30
539,79	1150,96
539,99	1175,53
540,19	1167,34
540,39	1198,06
540,58	1196,01
540,78	1247,21
540,98	1173,49
541,18	1234,93
541,37	1230,83
541,57	1134,57
541,77	1193,97
541,97	1257,45
542,16	1200,11
542,36	1193,97
542,56	1173,49
542,76	1210,35
542,95	1198,06
543,15	1169,39
543,35	1177,58
543,54	1245,16
543,74	1132,53
543,94	1189,87
544,14	1222,64
544,33	1210,35
544,53	1255,40
544,73	1200,11
544,93	1198,06
545,12	1185,77
545,32	1161,20
545,52	1148,91
545,71	1249,26
545,91	1155,05
546,11	1206,25
546,30	1198,06
546,50	1157,10
546,70	1159,15
546,90	1222,64
547,09	1198,06
547,29	1138,67
547,49	1226,73
547,68	1200,11
547,88	1200,11
548,08	1198,06
548,27	1177,58
548,47	1175,53
548,67	1191,92
548,87	1163,25
549,06	1122,29
549,26	1183,73
549,46	1189,87
549,65	1253,36
549,85	1220,59
550,05	1257,45
550,24	1214,45
550,44	1142,77
550,64	1148,91
550,83	1196,01
551,03	1177,58
551,23	1206,25
551,42	1163,25
551,62	1144,81
551,82	1150,96
552,01	1120,24
552,21	1236,97
552,41	1228,78
552,60	1255,40
552,80	1208,30
553,00	1267,69
553,19	1232,88
553,39	1169,39
553,59	1204,21
553,78	1230,83
553,98	1226,73
554,17	1191,92
554,37	1222,64
554,57	1230,83
554,76	1200,11
554,96	1290,22
555,16	1204,21
555,35	1185,77
555,55	1214,45
555,75	1140,72
555,94	1177,58
556,14	1191,92
556,33	1200,11
556,53	1271,79
556,73	1198,06
556,92	1228,78
557,12	1210,35
557,32	1179,63
557,51	1173,49
557,71	1110,00
557,90	1204,21
558,10	1269,74
558,30	1202,16
558,49	1222,64
558,69	1169,39
558,88	1232,88
559,08	1196,01
559,28	1222,64
559,47	1150,96
559,67	1243,12
559,86	1159,15
560,06	1189,87
560,26	1245,16
560,45	1214,45
560,65	1200,11
560,84	1171,44
561,04	1241,07
561,24	1196,01
561,43	1175,53
561,63	1302,51
561,82	1216,49
562,02	1181,68
562,22	1232,88
562,41	1204,21
562,61	1114,10
562,80	1269,74
563,00	1228,78
563,19	1228,78
563,39	1234,93
563,59	1103,86
563,78	1173,49
563,98	1265,64
564,17	1153,01
564,37	1245,16
564,56	1175,53
564,76	1200,11
564,96	1275,88
565,15	1210,35
565,35	1232,88
565,54	1206,25
565,74	1239,02
565,93	1148,91
566,13	1191,92
566,32	1198,06
566,52	1148,91
566,71	1177,58
566,91	1150,96
567,11	1191,92
567,30	1132,53
567,50	1196,01
567,69	1183,73
567,89	1118,19
568,08	1177,58
568,28	1236,97
568,47	1232,88
568,67	1198,06
568,86	1159,15
569,06	1169,39
569,25	1267,69
569,45	1202,16
569,64	1253,36
569,84	1196,01
570,04	1130,48
570,23	1183,73
570,43	1179,63
570,62	1146,86
570,82	1200,11
571,01	1206,25
571,21	1267,69
571,40	1202,16
571,60	1171,44
571,79	1208,30
571,99	1208,30
572,18	1153,01
572,38	1153,01
572,57	1218,54
572,77	1146,86
572,96	1239,02
573,16	1241,07
573,35	1142,77
573,55	1226,73
573,74	1148,91
573,94	1161,20
574,13	1224,69
574,33	1234,93
574,52	1228,78
574,71	1189,87
574,91	1210,35
575,10	1218,54
575,30	1148,91
575,49	1165,29
575,69	1247,21
575,88	1183,73
576,08	1191,92
576,27	1224,69
576,47	1249,26
576,66	1148,91
576,86	1122,29
577,05	1200,11
577,25	1161,20
577,44	1247,21
577,64	1220,59
577,83	1191,92
578,02	1202,16
578,22	1236,97
578,41	1181,68
578,61	1247,21
578,80	1263,60
579,00	1249,26
579,19	1193,97
579,39	1153,01
579,58	1175,53
579,77	1198,06
579,97	1290,22
580,16	1228,78
580,36	1155,05
580,55	1261,55
580,75	1257,45
580,94	1198,06
581,13	1230,83
581,33	1181,68
581,52	1224,69
581,72	1228,78
581,91	1261,55
582,11	1185,77
582,30	1202,16
582,49	1183,73
582,69	1230,83
582,88	1196,01
583,08	1230,83
583,27	1273,84
583,47	1179,63
583,66	1228,78
583,85	1107,95
584,05	1249,26
584,24	1232,88
584,44	1234,93
584,63	1187,82
584,82	1214,45
585,02	1181,68
585,21	1214,45
585,41	1253,36
585,60	1204,21
585,79	1161,20
585,99	1144,81
586,18	1226,73
586,37	1261,55
586,57	1163,25
586,76	1222,64
586,96	1183,73
587,15	1126,38
587,34	1169,39
587,54	1220,59
587,73	1175,53
587,93	1171,44
588,12	1208,30
588,31	1224,69
588,51	1179,63
588,70	1177,58
588,89	1165,29
589,09	1179,63
589,28	1167,34
589,47	1294,32
589,67	1165,29
589,86	1179,63
590,06	1214,45
590,25	1222,64
590,44	1175,53
590,64	1173,49
590,83	1107,95
591,02	1204,21
591,22	1198,06
591,41	1159,15
591,60	1173,49
591,80	1198,06
591,99	1206,25
592,18	1142,77
592,38	1210,35
592,57	1234,93
592,76	1187,82
592,96	1183,73
593,15	1236,97
593,34	1163,25
593,54	1196,01
593,73	1253,36
593,92	1265,64
594,12	1142,77
594,31	1245,16
594,50	1200,11
594,70	1253,36
594,89	1224,69
595,08	1171,44
595,28	1183,73
595,47	1130,48
595,66	1241,07
595,86	1228,78
596,05	1183,73
596,24	1173,49
596,43	1171,44
596,63	1247,21
596,82	1157,10
597,01	1204,21
597,21	1196,01
597,40	1210,35
597,59	1261,55
597,79	1138,67
597,98	1169,39
598,17	1196,01
598,36	1216,49
598,56	1226,73
598,75	1183,73
598,94	1204,21
599,14	1208,30
599,33	1212,40
599,52	1208,30
599,71	1179,63
599,91	1257,45
600,10	1200,11
600,29	1224,69
600,48	1191,92
600,68	1200,11
600,87	1157,10
601,06	1191,92
601,26	1249,26
601,45	1206,25
601,64	1175,53
601,83	1136,62
602,03	1161,20
602,22	1202,16
602,41	1241,07
602,60	1157,10
602,80	1230,83
602,99	1224,69
603,18	1142,77
603,37	1279,98
603,57	1198,06
603,76	1253,36
603,95	1204,21
604,14	1167,34
604,34	1224,69
604,53	1202,16
604,72	1282,03
604,91	1161,20
605,10	1214,45
605,30	1187,82
605,49	1218,54
605,68	1198,06
605,87	1247,21
606,07	1206,25
606,26	1200,11
606,45	1153,01
606,64	1187,82
606,84	1118,19
607,03	1163,25
607,22	1220,59
607,41	1159,15
607,60	1157,10
607,80	1189,87
607,99	1208,30
608,18	1193,97
608,37	1216,49
608,56	1159,15
608,76	1138,67
608,95	1216,49
609,14	1210,35
609,33	1159,15
609,52	1198,06
609,72	1216,49
609,91	1228,78
610,10	1236,97
610,29	1218,54
610,48	1232,88
610,68	1216,49
610,87	1218,54
611,06	1263,60
611,25	1198,06
611,44	1200,11
611,63	1191,92
611,83	1157,10
612,02	1230,83
612,21	1183,73
612,40	1187,82
612,59	1163,25
612,79	1124,33
612,98	1167,34
613,17	1210,35
613,36	1144,81
613,55	1142,77
613,74	1212,40
613,93	1173,49
614,13	1218,54
614,32	1167,34
614,51	1282,03
614,70	1163,25
614,89	1241,07
615,08	1144,81
615,28	1169,39
615,47	1187,82
615,66	1216,49
615,85	1200,11
616,04	1234,93
616,23	1148,91
616,42	1159,15
616,62	1222,64
616,81	1273,84
617,00	1183,73
617,19	1230,83
617,38	1169,39
617,57	1173,49
617,76	1236,97
617,95	1228,78
618,15	1155,05
618,34	1259,50
618,53	1222,64
618,72	1196,01
618,91	1120,24
619,10	1216,49
619,29	1169,39
619,48	1167,34
619,68	1206,25
619,87	1193,97
620,06	1165,29
620,25	1179,63
620,44	1179,63
620,63	1198,06
620,82	1210,35
621,01	1181,68
621,20	1220,59
621,39	1202,16
621,59	1171,44
621,78	1206,25
621,97	1189,87
622,16	1212,40
622,35	1200,11
622,54	1218,54
622,73	1183,73
622,92	1212,40
623,11	1214,45
623,30	1236,97
623,49	1214,45
623,68	1204,21
623,88	1189,87
624,07	1232,88
624,26	1124,33
624,45	1161,20
624,64	1206,25
624,83	1159,15
625,02	1150,96
625,21	1153,01
625,40	1206,25
625,59	1183,73
625,78	1222,64
625,97	1169,39
626,16	1163,25
626,35	1241,07
626,54	1200,11
626,74	1208,30
626,93	1185,77
627,12	1239,02
627,31	1284,08
627,50	1279,98
627,69	1312,75
627,88	1234,93
628,07	1132,53
628,26	1228,78
628,45	1148,91
628,64	1239,02
628,83	1214,45
629,02	1097,71
629,21	1226,73
629,40	1128,43
629,59	1157,10
629,78	1277,93
629,97	1193,97
630,16	1173,49
630,35	1142,77
630,54	1183,73
630,73	1312,75
630,92	1271,79
631,11	1230,83
631,30	1265,64
631,49	1310,70
631,68	1366,00
631,87	2650,07
632,06	9027,45
632,25	18675,43
632,44	24016,53
632,63	30324,27
632,82	16207,62
633,01	8839,03
633,20	4286,40
633,39	2244,57
633,58	1679,33
633,77	1884,13
633,96	1718,25
634,15	1413,10
634,34	1335,28
634,53	1390,57
634,72	1417,19
634,91	1388,52
635,10	1331,18
635,29	1300,46
635,48	1212,40
635,67	1218,54
635,86	1230,83
636,05	1226,73
636,24	1300,46
636,43	1208,30
636,62	1220,59
636,81	1210,35
637,00	1200,11
637,19	1196,01
637,38	1175,53
637,57	1279,98
637,76	1198,06
637,95	1230,83
638,14	1181,68
638,33	1175,53
638,52	1200,11
638,71	1181,68
638,89	1234,93
639,08	1155,05
639,27	1189,87
639,46	1277,93
639,65	1208,30
639,84	1216,49
640,03	1214,45
640,22	1249,26
640,41	1150,96
640,60	1198,06
640,79	1208,30
640,98	1198,06
641,17	1239,02
641,36	1138,67
641,55	1191,92
641,74	1216,49
641,92	1177,58
642,11	1245,16
642,30	1245,16
642,49	1183,73
642,68	1157,10
642,87	1181,68
643,06	1243,12
643,25	1159,15
643,44	1155,05
643,63	1175,53
643,82	1196,01
644,00	1249,26
644,19	1198,06
644,38	1177,58
644,57	1214,45
644,76	1298,41
644,95	1089,52
645,14	1189,87
645,33	1187,82
645,52	1187,82
645,71	1234,93
645,89	1234,93
646,08	1212,40
646,27	1183,73
646,46	1196,01
646,65	1228,78
646,84	1183,73
647,03	1155,05
647,22	1142,77
647,40	1183,73
647,59	1277,93
647,78	1187,82
647,97	1171,44
648,16	1273,84
648,35	1169,39
648,54	1243,12
648,73	1247,21
648,91	1161,20
649,10	1255,40
649,29	1236,97
649,48	1157,10
649,67	1187,82
649,86	1191,92
650,05	1216,49
650,23	1241,07
650,42	1220,59
650,61	1208,30
650,80	1130,48
650,99	1212,40
651,18	1243,12
651,36	1163,25
651,55	1171,44
651,74	1159,15
651,93	1171,44
652,12	1261,55
652,31	1224,69
652,49	1241,07
652,68	1220,59
652,87	1243,12
653,06	1247,21
653,25	1200,11
653,44	1210,35
653,62	1189,87
653,81	1189,87
654,00	1161,20
654,19	1286,12
654,38	1175,53
654,56	1196,01
654,75	1179,63
654,94	1175,53
655,13	1161,20
655,32	1259,50
655,51	1159,15
655,69	1171,44
655,88	1251,31
656,07	1124,33
656,26	1206,25
656,45	1187,82
656,63	1183,73
656,82	1138,67
657,01	1216,49
657,20	1114,10
657,38	1204,21
657,57	1214,45
657,76	1169,39
657,95	1243,12
658,14	1193,97
658,32	1191,92
658,51	1204,21
658,70	1196,01
658,89	1232,88
659,08	1185,77
659,26	1175,53
659,45	1157,10
659,64	1257,45
659,83	1193,97
660,01	1228,78
660,20	1206,25
660,39	1239,02
660,58	1257,45
660,76	1216,49
660,95	1173,49
661,14	1140,72
661,33	1171,44
661,51	1269,74
661,70	1177,58
661,89	1200,11
662,08	1181,68
662,26	1191,92
662,45	1214,45
662,64	1179,63
662,83	1249,26
663,01	1167,34
663,20	1185,77
663,39	1173,49
663,58	1214,45
663,76	1189,87
663,95	1183,73
664,14	1161,20
664,32	1206,25
664,51	1157,10
664,70	1159,15
664,89	1171,44
665,07	1200,11
665,26	1202,16
665,45	1167,34
665,64	1206,25
665,82	1208,30
666,01	1171,44
666,20	1259,50
666,38	1234,93
666,57	1212,40
666,76	1208,30
666,95	1208,30
667,13	1200,11
667,32	1243,12
667,51	1239,02
667,69	1138,67
667,88	1198,06
668,07	1208,30
668,25	1144,81
668,44	1208,30
668,63	1134,57
668,81	1204,21
669,00	1198,06
669,19	1239,02
669,38	1175,53
669,56	1140,72
669,75	1173,49
669,94	1179,63
670,12	1165,29
670,31	1138,67
670,50	1175,53
670,68	1171,44
670,87	1177,58
671,06	1163,25
671,24	1224,69
671,43	1251,31
671,62	1196,01
671,80	1157,10
671,99	1171,44
672,18	1202,16
672,36	1179,63
672,55	1200,11
672,74	1185,77
672,92	1191,92
673,11	1175,53
673,29	1226,73
673,48	1204,21
673,67	1136,62
673,85	1245,16
674,04	1169,39
674,23	1189,87
674,41	1144,81
674,60	1177,58
674,79	1134,57
674,97	1220,59
675,16	1245,16
675,34	1136,62
675,53	1173,49
675,72	1140,72
675,90	1124,33
676,09	1181,68
676,28	1183,73
676,46	1175,53
676,65	1144,81
676,83	1204,21
677,02	1150,96
677,21	1144,81
677,39	1183,73
677,58	1196,01
677,77	1177,58
677,95	1196,01
678,14	1157,10
678,32	1228,78
678,51	1212,40
678,70	1220,59
678,88	1189,87
679,07	1161,20
679,25	1259,50
679,44	1224,69
679,63	1208,30
679,81	1116,14
680,00	1220,59
680,18	1232,88
680,37	1245,16
680,55	1218,54
680,74	1161,20
680,93	1183,73
681,11	1198,06
681,30	1167,34
681,48	1263,60
681,67	1228,78
681,85	1189,87
682,04	1245,16
682,23	1202,16
682,41	1202,16
682,60	1216,49
682,78	1228,78
682,97	1234,93
683,15	1206,25
683,34	1200,11
683,53	1206,25
683,71	1146,86
683,90	1200,11
684,08	1212,40
684,27	1249,26
684,45	1183,73
684,64	1161,20
684,82	1212,40
685,01	1236,97
685,19	1220,59
685,38	1183,73
685,57	1189,87
685,75	1284,08
685,94	1181,68
686,12	1144,81
686,31	1232,88
686,49	1202,16
686,68	1279,98
686,86	1220,59
687,05	1163,25
687,23	1138,67
687,42	1142,77
687,60	1189,87
687,79	1167,34
687,97	1183,73
688,16	1165,29
688,34	1146,86
688,53	1193,97
688,71	1208,30
688,90	1148,91
689,08	1183,73
689,27	1173,49
689,45	1167,34
689,64	1144,81
689,82	1144,81
690,01	1220,59
690,19	1253,36
690,38	1165,29
690,56	1208,30
690,75	1157,10
690,93	1161,20
691,12	1212,40
691,30	1224,69
691,49	1155,05
691,67	1191,92
691,86	1216,49
692,04	1144,81
692,23	1230,83
692,41	1261,55
692,60	1206,25
692,78	1175,53
692,97	1183,73
693,15	1210,35
693,34	1212,40
693,52	1191,92
693,71	1146,86
693,89	1142,77
694,08	1169,39
694,26	1175,53
694,44	1148,91
694,63	1167,34
694,81	1196,01
695,00	1187,82
695,18	1153,01
695,37	1167,34
695,55	1204,21
695,74	1150,96
695,92	1163,25
696,10	1198,06
696,29	1191,92
696,47	1202,16
696,66	1132,53
696,84	1189,87
697,03	1181,68
697,21	1253,36
697,40	1263,60
697,58	1220,59
697,76	1214,45
697,95	1175,53
698,13	1183,73
698,32	1247,21
698,50	1214,45
698,68	1165,29
698,87	1232,88
699,05	1189,87
699,24	1210,35
699,42	1230,83
699,61	1200,11
699,79	1148,91
699,97	1183,73
700,16	1175,53
700,34	1216,49
700,53	1179,63
700,71	1198,06
700,89	1163,25
701,08	1189,87
701,26	1110,00
701,45	1232,88
701,63	1138,67
701,81	1243,12
702,00	1236,97
702,18	1189,87
702,37	1224,69
702,55	1169,39
702,73	1204,21
702,92	1241,07
703,10	1085,42
703,28	1122,29
703,47	1165,29
703,65	1134,57
703,84	1257,45
704,02	1236,97
704,20	1167,34
704,39	1239,02
704,57	1200,11
704,75	1110,00
704,94	1222,64
705,12	1263,60
705,30	1110,00
705,49	1138,67
705,67	1165,29
705,86	1165,29
706,04	1271,79
706,22	1200,11
706,41	1179,63
706,59	1212,40
706,77	1189,87
706,96	1261,55
707,14	1198,06
707,32	1144,81
707,51	1206,25
707,69	1198,06
707,87	1183,73
708,06	1247,21
708,24	1259,50
708,42	1251,31
708,61	1212,40
708,79	1191,92
708,97	1206,25
709,16	1157,10
709,34	1196,01
709,52	1134,57
709,71	1271,79
709,89	1179,63
710,07	1175,53
710,26	1171,44
710,44	1191,92
710,62	1183,73
710,80	1236,97
710,99	1189,87
711,17	1153,01
711,35	1153,01
711,54	1138,67
711,72	1286,12
711,90	1249,26
712,09	1159,15
712,27	1153,01
712,45	1220,59
712,63	1191,92
712,82	1245,16
713,00	1226,73
713,18	1159,15
713,37	1249,26
713,55	1159,15
713,73	1236,97
713,91	1210,35
714,10	1249,26
714,28	1263,60
714,46	1165,29
714,65	1208,30
714,83	1198,06
715,01	1234,93
715,19	1159,15
715,38	1222,64
715,56	1177,58
715,74	1236,97
715,92	1212,40
716,11	1159,15
716,29	1218,54
716,47	1243,12
716,65	1171,44
716,84	1148,91
717,02	1148,91
717,20	1146,86
717,38	1198,06
717,57	1210,35
717,75	1204,21
717,93	1179,63
718,11	1198,06
718,30	1148,91
718,48	1234,93
718,66	1189,87
718,84	1232,88
719,03	1105,90
719,21	1253,36
719,39	1216,49
719,57	1253,36
719,75	1159,15
719,94	1153,01
720,12	1179,63
720,30	1169,39
720,48	1140,72
720,67	1183,73
720,85	1202,16
721,03	1161,20
721,21	1161,20
721,39	1218,54
721,58	1241,07
721,76	1220,59
721,94	1173,49
722,12	1236,97
722,30	1214,45
722,49	1239,02
722,67	1165,29
722,85	1191,92
723,03	1142,77
723,21	1216,49
723,40	1169,39
723,58	1234,93
723,76	1165,29
723,94	1261,55
724,12	1161,20
724,30	1234,93
724,49	1218,54
724,67	1191,92
724,85	1077,23
725,03	1202,16
725,21	1193,97
725,40	1224,69
725,58	1126,38
725,76	1206,25
725,94	1196,01
726,12	1239,02
726,30	1224,69
726,49	1210,35
726,67	1191,92
726,85	1220,59
727,03	1167,34
727,21	1169,39
727,39	1191,92
727,57	1175,53
727,76	1196,01
727,94	1239,02
728,12	1204,21
728,30	1239,02
728,48	1216,49
728,66	1159,15
728,84	1208,30
729,03	1193,97
729,21	1200,11
729,39	1251,31
729,57	1220,59
729,75	1212,40
729,93	1161,20
730,11	1101,81
730,30	1208,30
730,48	1198,06
730,66	1126,38
730,84	1183,73
731,02	1181,68
731,20	1144,81
731,38	1288,17
731,56	1132,53
731,74	1126,38
731,93	1269,74
732,11	1196,01
732,29	1257,45
732,47	1208,30
732,65	1206,25
732,83	1198,06
733,01	1171,44
733,19	1159,15
733,37	1239,02
733,56	1198,06
733,74	1196,01
733,92	1226,73
734,10	1157,10
734,28	1196,01
734,46	1245,16
734,64	1222,64
734,82	1179,63
735,00	1159,15
735,18	1302,51
735,36	1200,11
735,54	1193,97
735,73	1230,83
735,91	1216,49
736,09	1241,07
736,27	1218,54
736,45	1153,01
736,63	1175,53
736,81	1185,77
736,99	1155,05
737,17	1112,05
737,35	1179,63
737,53	1230,83
737,71	1232,88
737,89	1226,73
738,07	1196,01
738,25	1212,40
738,43	1214,45
738,61	1155,05
738,80	1208,30
738,98	1208,30
739,16	1269,74
739,34	1191,92
739,52	1191,92
739,70	1165,29
739,88	1220,59
740,06	1196,01
740,24	1216,49
740,42	1191,92
740,60	1187,82
740,78	1146,86
740,96	1200,11
741,14	1232,88
741,32	1155,05
741,50	1208,30
741,68	1245,16
741,86	1198,06
742,04	1212,40
742,22	1230,83
742,40	1167,34
742,58	1196,01
742,76	1167,34
742,94	1200,11
743,12	1189,87
743,30	1243,12
743,48	1132,53
743,66	1187,82
743,84	1206,25
744,02	1118,19
744,20	1191,92
744,38	1179,63
744,56	1153,01
744,74	1261,55
744,92	1249,26
745,10	1236,97
745,28	1230,83
745,46	1232,88
745,64	1212,40
745,82	1269,74
746,00	1226,73
746,18	1177,58
746,36	1275,88
746,54	1228,78
746,72	1189,87
746,90	1157,10
747,08	1208,30
747,26	1224,69
747,44	1208,30
747,62	1175,53
747,80	1210,35
747,98	1200,11
748,15	1196,01
748,33	1241,07
748,51	1114,10
748,69	1169,39
748,87	1218,54
749,05	1134,57
749,23	1208,30
749,41	1177,58
749,59	1200,11
749,77	1253,36
749,95	1236,97
750,13	1159,15
750,31	1183,73
750,49	1202,16
750,67	1259,50
750,85	1226,73
751,03	1208,30
751,20	1247,21
751,38	1157,10
751,56	1181,68
751,74	1226,73
751,92	1171,44
752,10	1146,86
752,28	1142,77
752,46	1126,38
752,64	1216,49
752,82	1134,57
753,00	1130,48
753,18	1181,68
753,35	1155,05
753,53	1191,92
753,71	1169,39
753,89	1179,63
754,07	1191,92
754,25	1222,64
754,43	1196,01
754,61	1112,05
754,79	1241,07
754,97	1157,10
755,14	1181,68
755,32	1159,15
755,50	1185,77
755,68	1128,43
755,86	1245,16
756,04	1200,11
756,22	1165,29
756,40	1200,11
756,57	1222,64
756,75	1216,49
756,93	1189,87
757,11	1222,64
757,29	1171,44
757,47	1173,49
757,65	1179,63
757,82	1191,92
758,00	1218,54
758,18	1220,59
758,36	1239,02
758,54	1165,29
758,72	1228,78
758,90	1241,07
759,07	1165,29
759,25	1171,44
759,43	1157,10
759,61	1216,49
759,79	1175,53
759,97	1159,15
760,15	1183,73
760,32	1228,78
760,50	1181,68
760,68	1232,88
760,86	1241,07
761,04	1232,88
761,22	1206,25
761,39	1202,16
761,57	1159,15
761,75	1179,63
761,93	1239,02
762,11	1167,34
762,28	1198,06
762,46	1259,50
762,64	1196,01
762,82	1224,69
763,00	1247,21
763,18	1191,92
763,35	1167,34
763,53	1202,16
763,71	1208,30
763,89	1132,53
764,07	1179,63
764,24	1193,97
764,42	1249,26
764,60	1155,05
764,78	1206,25
764,96	1193,97
765,13	1155,05
765,31	1249,26
765,49	1230,83
765,67	1204,21
765,84	1163,25
766,02	1181,68
766,20	1232,88
766,38	1181,68
766,56	1210,35
766,73	1175,53
766,91	1173,49
767,09	1218,54
767,27	1204,21
767,44	1228,78
767,62	1157,10
767,80	1128,43
767,98	1277,93
768,15	1196,01
768,33	1200,11
768,51	1189,87
768,69	1247,21
768,87	1159,15
769,04	1138,67
769,22	1187,82
769,40	1171,44
769,58	1245,16
769,75	1257,45
769,93	1167,34
770,11	1167,34
770,28	1234,93
770,46	1257,45
770,64	1187,82
770,82	1202,16
770,99	1208,30
771,17	1138,67
771,35	1214,45
771,53	1220,59
771,70	1167,34
771,88	1128,43
772,06	1232,88
772,23	1181,68
772,41	1155,05
772,59	1142,77
772,77	1232,88
772,94	1181,68
773,12	1165,29
773,30	1185,77
773,47	1232,88
773,65	1222,64
773,83	1200,11
774,01	1183,73
774,18	1144,81
774,36	1279,98
774,54	1224,69
774,71	1183,73
774,89	1124,33
775,07	1185,77
775,24	1146,86
775,42	1220,59
775,60	1216,49
775,78	1222,64
775,95	1200,11
776,13	1232,88
776,31	1157,10
776,48	1167,34
776,66	1173,49
776,84	1183,73
777,01	1185,77
777,19	1202,16
777,37	1179,63
777,54	1273,84
777,72	1216,49
777,90	1251,31
778,07	1167,34
778,25	1265,64
778,43	1202,16
778,60	1191,92
778,78	1247,21
778,96	1257,45
779,13	1236,97
779,31	1153,01
779,49	1183,73
779,66	1163,25
779,84	1193,97
780,01	1239,02
780,19	1200,11
780,37	1167,34
780,54	1183,73
780,72	1148,91
780,90	1249,26
781,07	1216,49
781,25	1236,97
781,43	1232,88
781,60	1204,21
781,78	1183,73
781,95	1185,77
782,13	1220,59
782,31	1261,55
782,48	1150,96
782,66	1202,16
782,83	1228,78
783,01	1302,51
783,19	1257,45
783,36	1138,67
783,54	1198,06
783,72	1226,73
783,89	1122,29
784,07	1189,87
784,24	1212,40
784,42	1208,30
784,60	1142,77
784,77	1185,77
784,95	1099,76
785,12	1204,21
785,30	1206,25
785,47	1247,21
785,65	1222,64
785,83	1239,02
786,00	1232,88
786,18	1187,82
786,35	1210,35
786,53	1261,55
786,71	1204,21
786,88	1148,91
787,06	1265,64
787,23	1175,53
787,41	1126,38
787,58	1234,93
787,76	1171,44
787,94	1247,21
788,11	1232,88
788,29	1210,35
788,46	1200,11
788,64	1157,10
788,81	1148,91
788,99	1263,60
789,16	1140,72
789,34	1155,05
789,52	1179,63
789,69	1206,25
789,87	1146,86
790,04	1212,40
790,22	1161,20
790,39	1198,06
790,57	1173,49
790,74	1193,97
790,92	1157,10
791,09	1204,21
791,27	1155,05
791,44	1173,49
791,62	1226,73
791,79	1234,93
791,97	1200,11
792,15	1144,81
792,32	1126,38
792,50	1196,01
792,67	1196,01
792,85	1206,25
793,02	1191,92
793,20	1146,86
793,37	1177,58
793,55	1212,40
793,72	1202,16
793,90	1183,73
794,07	1153,01
794,25	1177,58
794,42	1161,20
794,60	1251,31
794,77	1200,11
794,95	1253,36
795,12	1196,01
795,30	1234,93
795,47	1198,06
795,65	1146,86
795,82	1163,25
796,00	1165,29
796,17	1155,05
796,34	1181,68
796,52	1208,30
796,69	1245,16
796,87	1187,82
797,04	1202,16
797,22	1222,64
797,39	1175,53
797,57	1181,68
797,74	1206,25
797,92	1255,40
798,09	1249,26
798,27	1187,82
798,44	1239,02
798,62	1202,16
798,79	1236,97
798,96	1224,69
799,14	1140,72
799,31	1204,21
799,49	1212,40
799,66	1220,59
799,84	1163,25
800,01	1179,63
800,19	1241,07
800,36	1177,58
800,53	1261,55
800,71	1099,76
800,88	1183,73
801,06	1218,54
801,23	1173,49
801,41	1212,40
801,58	1198,06
801,75	1239,02
801,93	1247,21
802,10	1159,15
802,28	1208,30
802,45	1179,63
802,63	1296,36
802,80	1165,29
802,97	1208,30
803,15	1179,63
803,32	1144,81
803,50	1226,73
803,67	1181,68
803,84	1146,86
804,02	1159,15
804,19	1150,96
804,37	1249,26
804,54	1206,25
804,71	1165,29
804,89	1200,11
805,06	1193,97
805,24	1202,16
805,41	1196,01
805,58	1177,58
805,76	1253,36
805,93	1267,69
806,10	1273,84
806,28	1191,92
806,45	1181,68
806,63	1257,45
806,80	1204,21
806,97	1220,59
807,15	1198,06
807,32	1200,11
807,49	1189,87
807,67	1206,25
807,84	1202,16
808,01	1204,21
808,19	1191,92
808,36	1247,21
808,54	1224,69
808,71	1257,45
808,88	1142,77
809,06	1148,91
809,23	1136,62
809,40	1200,11
809,58	1271,79
809,75	1200,11
809,92	1200,11
810,10	1269,74
810,27	1224,69
810,44	1226,73
810,62	1157,10
810,79	1138,67
810,96	1187,82
811,14	1243,12
811,31	1198,06
811,48	1193,97
811,66	1206,25
811,83	1196,01
812,00	1179,63
812,18	1214,45
812,35	1222,64
812,52	1150,96
812,69	1228,78
812,87	1183,73
813,04	1249,26
813,21	1236,97
813,39	1179,63
813,56	1175,53
813,73	1239,02
813,91	1169,39
814,08	1232,88
814,25	1198,06
814,42	1187,82
814,60	1206,25
814,77	1193,97
814,94	1206,25
815,12	1165,29
815,29	1220,59
815,46	1216,49
815,63	1179,63
815,81	1138,67
815,98	1220,59
816,15	1142,77
816,33	1181,68
816,50	1179,63
816,67	1146,86
816,84	1148,91
817,02	1183,73
817,19	1198,06
817,36	1218,54
817,53	1208,30
817,71	1220,59
817,88	1179,63
818,05	1249,26
818,22	1216,49
818,40	1196,01
818,57	1288,17
818,74	1157,10
818,91	1193,97
819,09	1134,57
819,26	1255,40
819,43	1234,93
819,60	1202,16
819,78	1146,86
819,95	1208,30
820,12	1267,69
820,29	1234,93
820,47	1196,01
820,64	1173,49
820,81	1134,57
820,98	1198,06
821,15	1173,49
821,33	1222,64
821,50	1200,11
821,67	1175,53
821,84	1198,06
822,02	1196,01
822,19	1261,55
822,36	1183,73
822,53	1187,82
822,70	1150,96
822,88	1183,73
823,05	1232,88
823,22	1183,73
823,39	1165,29
823,56	1187,82
823,74	1243,12
823,91	1165,29
824,08	1114,10
824,25	1146,86
824,42	1175,53
824,60	1204,21
824,77	1148,91
824,94	1159,15
825,11	1253,36
825,28	1146,86
825,45	1251,31
825,63	1177,58
825,80	1202,16
825,97	1177,58
826,14	1263,60
826,31	1200,11
826,48	1226,73
826,66	1183,73
826,83	1177,58
827,00	1179,63
827,17	1146,86
827,34	1202,16
827,51	1183,73
827,69	1222,64
827,86	1148,91
828,03	1187,82
828,20	1241,07
828,37	1150,96
828,54	1167,34
828,71	1200,11
828,89	1183,73
829,06	1159,15
829,23	1236,97
829,40	1126,38
829,57	1169,39
829,74	1241,07
829,91	1146,86
830,09	1191,92
830,26	1191,92
830,43	1230,83
830,60	1208,30
830,77	1224,69
830,94	1148,91
831,11	1171,44
831,28	1189,87
831,46	1181,68
831,63	1132,53
831,80	1185,77
831,97	1128,43
832,14	1226,73
832,31	1157,10
832,48	1236,97
832,65	1200,11
832,82	1171,44
832,99	1183,73
833,17	1187,82
833,34	1157,10
833,51	1241,07
833,68	1189,87
833,85	1189,87
834,02	1236,97
834,19	1122,29
834,36	1191,92
834,53	1193,97
834,70	1220,59
834,87	1204,21
835,04	1140,72
835,22	1275,88
835,39	1173,49
835,56	1216,49
835,73	1273,84
835,90	1183,73
836,07	1232,88
836,24	1144,81
836,41	1259,50
836,58	1196,01
836,75	1202,16
836,92	1138,67
837,09	1193,97
837,26	1202,16
837,43	1249,26
837,60	1167,34
837,77	1239,02
837,94	1273,84
838,12	1204,21
838,29	1191,92
838,46	1261,55
838,63	1183,73
838,80	1239,02
838,97	1204,21
839,14	1144,81
839,31	1122,29
839,48	1206,25
839,65	1155,05
839,82	1183,73
839,99	1105,90
840,16	1187,82
840,33	1196,01
840,50	1208,30
840,67	1144,81
840,84	1255,40
841,01	1167,34
841,18	1159,15
841,35	1177,58
841,52	1196,01
841,69	1243,12
841,86	1146,86
842,03	1185,77
842,20	1191,92
842,37	1171,44
842,54	1173,49
842,71	1185,77
842,88	1228,78
843,05	1245,16
843,22	1198,06
843,39	1234,93
843,56	1175,53
843,73	1153,01
843,90	1181,68
844,07	1175,53
844,24	1191,92
844,41	1206,25
844,58	1236,97
844,75	1191,92
844,92	1196,01
845,09	1253,36
845,26	1247,21
845,43	1179,63
845,60	1214,45
845,77	1196,01
845,94	1239,02
846,10	1196,01
846,27	1146,86
846,44	1218,54
846,61	1191,92
846,78	1161,20
846,95	1187,82
847,12	1181,68
847,29	1228,78
847,46	1165,29
847,63	1232,88
847,80	1239,02
847,97	1196,01
848,14	1210,35
848,31	1161,20
848,48	1245,16
848,65	1208,30
848,82	1298,41
848,98	1206,25
849,15	1167,34
849,32	1153,01
849,49	1187,82
849,66	1179,63
849,83	1181,68
850,00	1142,77
850,17	1091,57
850,34	1253,36
850,51	1206,25
850,68	1144,81
850,85	1245,16
851,01	1241,07
851,18	1173,49
851,35	1163,25
851,52	1212,40
851,69	1222,64
851,86	1167,34
852,03	1189,87
852,20	1173,49
852,37	1167,34
852,53	1234,93
852,70	1263,60
852,87	1202,16
853,04	1241,07
853,21	1210,35
853,38	1251,31
853,55	1136,62
853,72	1206,25
853,89	1140,72
854,05	1232,88
854,22	1214,45
854,39	1196,01
854,56	1179,63
854,73	1171,44
854,90	1253,36
855,07	1132,53
855,23	1204,21
855,40	1155,05
855,57	1187,82
855,74	1114,10
855,91	1193,97
856,08	1257,45
856,25	1206,25
856,41	1189,87
856,58	1144,81
856,75	1191,92
856,92	1212,40
857,09	1175,53
857,26	1165,29
857,42	1241,07
857,59	1167,34
857,76	1173,49
857,93	1150,96
858,10	1234,93
858,27	1150,96
858,43	1218,54
858,60	1218,54
858,77	1191,92
858,94	1200,11
859,11	1189,87
859,27	1255,40
859,44	1208,30
859,61	1247,21
859,78	1193,97
859,95	1185,77
860,12	1212,40
860,28	1216,49
860,45	1183,73
860,62	1153,01
860,79	1157,10
860,95	1179,63
861,12	1146,86
861,29	1214,45
861,46	1226,73
861,63	1157,10
861,79	1142,77
861,96	1157,10
862,13	1212,40
862,30	1200,11
862,47	1177,58
862,63	1214,45
862,80	1159,15
862,97	1200,11
863,14	1228,78
863,30	1167,34
863,47	1185,77
863,64	1196,01
863,81	1243,12
863,97	1169,39
864,14	1212,40
864,31	1175,53
864,48	1191,92
864,65	1191,92
864,81	1202,16
864,98	1216,49
865,15	1181,68
865,32	1226,73
865,48	1222,64
865,65	1183,73
865,82	1173,49
865,98	1163,25
866,15	1146,86
866,32	1204,21
866,49	1196,01
866,65	1202,16
866,82	1187,82
866,99	1193,97
867,16	1187,82
867,32	1181,68
867,49	1181,68
867,66	1284,08
867,83	1261,55
867,99	1222,64
868,16	1146,86
868,33	1136,62
868,49	1140,72
868,66	1185,77
868,83	1271,79
868,99	1159,15
869,16	1187,82
869,33	1208,30
869,50	1085,42
869,66	1191,92
869,83	1226,73
870,00	1173,49
870,16	1142,77
870,33	1075,18
870,50	1236,97
870,66	1241,07
870,83	1200,11
871,00	1148,91
871,17	1148,91
871,33	1255,40
871,50	1189,87
871,67	1224,69
871,83	1265,64
872,00	1251,31
872,17	1148,91
872,33	1284,08
872,50	1261,55
872,67	1181,68
872,83	1208,30
873,00	1284,08
873,17	1165,29
873,33	1208,30
873,50	1183,73
873,67	1208,30
873,83	1185,77
874,00	1204,21
874,16	1187,82
874,33	1251,31
874,50	1206,25
874,66	1228,78
874,83	1224,69
875,00	1146,86
875,16	1245,16
875,33	1189,87
875,50	1167,34
875,66	1124,33
875,83	1142,77
875,99	1208,30
876,16	1122,29
876,33	1255,40
876,49	1222,64
876,66	1171,44
876,83	1232,88
876,99	1206,25
877,16	1263,60
877,32	1181,68
877,49	1177,58
877,66	1222,64
877,82	1173,49
877,99	1202,16
878,15	1202,16
878,32	1302,51
878,49	1134,57
878,65	1167,34
878,82	1155,05
878,98	1150,96
879,15	1189,87
879,32	1212,40
879,48	1132,53
879,65	1169,39
879,81	1134,57
879,98	1247,21
880,15	1241,07
880,31	1216,49
880,48	1222,64
880,64	1085,42
880,81	1200,11
880,97	1138,67
881,14	1216,49
881,31	1171,44
881,47	1224,69
881,64	1171,44
881,80	1142,77
881,97	1198,06
882,13	1214,45
882,30	1189,87
882,47	1210,35
882,63	1089,52
882,80	1261,55
882,96	1253,36
883,13	1232,88
883,29	1273,84
883,46	1245,16
883,62	1175,53
883,79	1208,30
883,95	1177,58
884,12	1183,73
884,29	1249,26
884,45	1187,82
884,62	1212,40
884,78	1165,29
884,95	1259,50
885,11	1146,86
885,28	1150,96
885,44	1220,59
885,61	1220,59
885,77	1124,33
885,94	1228,78
886,10	1159,15
886,27	1126,38
886,43	1234,93
886,60	1282,03
886,76	1214,45
886,93	1202,16
887,09	1212,40
887,26	1249,26
887,42	1161,20
887,59	1232,88
887,75	1173,49
887,92	1232,88
888,08	1228,78
888,25	1155,05
888,41	1140,72
888,58	1183,73
888,74	1228,78
888,91	1191,92
