177,47	1167,34
177,69	1167,34
177,91	1167,34
178,13	1179,63
178,36	1134,57
178,58	1191,92
178,80	1110,00
179,02	1239,02
179,24	1169,39
179,46	1173,49
179,68	1241,07
179,90	1202,16
180,13	1218,54
180,35	1204,21
180,57	1200,11
180,79	1239,02
181,01	1173,49
181,23	1224,69
181,45	1224,69
181,67	1181,68
181,90	1155,05
182,12	1161,20
182,34	1253,36
182,56	1210,35
182,78	1153,01
183,00	1220,59
183,22	1255,40
183,44	1196,01
183,66	1183,73
183,89	1198,06
184,11	1243,12
184,33	1228,78
184,55	1130,48
184,77	1226,73
184,99	1200,11
185,21	1214,45
185,43	1173,49
185,65	1169,39
185,87	1146,86
186,10	1183,73
186,32	1150,96
186,54	1191,92
186,76	1157,10
186,98	1204,21
187,20	1140,72
187,42	1214,45
187,64	1198,06
187,86	1196,01
188,08	1183,73
188,30	1249,26
188,52	1155,05
188,75	1277,93
188,97	1251,31
189,19	1259,50
189,41	1206,25
189,63	1126,38
189,85	1130,48
190,07	1163,25
190,29	1232,88
190,51	1189,87
190,73	1193,97
190,95	1161,20
191,17	1220,59
191,39	1222,64
191,61	1165,29
191,84	1204,21
192,06	1187,82
192,28	1241,07
192,50	1214,45
192,72	1200,11
192,94	1146,86
193,16	1171,44
193,38	1171,44
193,60	1218,54
193,82	1173,49
194,04	1107,95
194,26	1255,40
194,48	1185,77
194,70	1222,64
194,92	1198,06
195,14	1212,40
195,36	1148,91
195,58	1208,30
195,80	1216,49
196,02	1232,88
196,24	1224,69
196,46	1202,16
196,69	1228,78
196,91	1148,91
197,13	1249,26
197,35	1261,55
197,57	1193,97
197,79	1208,30
198,01	1271,79
198,23	1218,54
198,45	1255,40
198,67	1212,40
198,89	1210,35
199,11	1236,97
199,33	1171,44
199,55	1216,49
199,77	1204,21
199,99	1181,68
200,21	1140,72
200,43	1191,92
200,65	1163,25
200,87	1224,69
201,09	1161,20
201,31	1146,86
201,53	1222,64
201,75	1183,73
201,97	1075,18
202,19	1191,92
202,41	1179,63
202,63	1206,25
202,85	1187,82
203,07	1173,49
203,29	1212,40
203,51	1198,06
203,73	1236,97
203,95	1200,11
204,17	1212,40
204,39	1134,57
204,61	1132,53
204,83	1214,45
205,05	1185,77
205,27	1159,15
205,49	1124,33
205,71	1159,15
205,93	1265,64
206,15	1150,96
206,37	1189,87
206,59	1183,73
206,81	1236,97
207,03	1181,68
207,25	1146,86
207,47	1146,86
207,69	1247,21
207,91	1153,01
208,13	1173,49
208,34	1181,68
208,56	1189,87
208,78	1269,74
209,00	1107,95
209,22	1232,88
209,44	1189,87
209,66	1177,58
209,88	1222,64
210,10	1165,29
210,32	1181,68
210,54	1204,21
210,76	1181,68
210,98	1267,69
211,20	1161,20
211,42	1124,33
211,64	1146,86
211,86	1261,55
212,08	1241,07
212,30	1247,21
212,52	1245,16
212,74	1224,69
212,96	1198,06
213,17	1159,15
213,39	1150,96
213,61	1148,91
213,83	1150,96
214,05	1146,86
214,27	1202,16
214,49	1189,87
214,71	1255,40
214,93	1200,11
215,15	1216,49
215,37	1241,07
215,59	1214,45
215,81	1140,72
216,03	1161,20
216,24	1232,88
216,46	1198,06
216,68	1183,73
216,90	1189,87
217,12	1212,40
217,34	1179,63
217,56	1230,83
217,78	1220,59
218,00	1220,59
218,22	1191,92
218,44	1210,35
218,66	1210,35
218,87	1148,91
219,09	1112,05
219,31	1216,49
219,53	1191,92
219,75	1247,21
219,97	1196,01
220,19	1245,16
220,41	1161,20
220,63	1224,69
220,85	1214,45
221,06	1177,58
221,28	1153,01
221,50	1239,02
221,72	1155,05
221,94	1234,93
222,16	1196,01
222,38	1226,73
222,60	1181,68
222,82	1269,74
223,03	1155,05
223,25	1210,35
223,47	1193,97
223,69	1200,11
223,91	1181,68
224,13	1214,45
224,35	1220,59
224,57	1177,58
224,78	1138,67
225,00	1179,63
225,22	1163,25
225,44	1161,20
225,66	1204,21
225,88	1224,69
226,10	1245,16
226,32	1187,82
226,53	1157,10
226,75	1181,68
226,97	1153,01
227,19	1202,16
227,41	1191,92
227,63	1153,01
227,85	1212,40
228,06	1273,84
228,28	1255,40
228,50	1173,49
228,72	1198,06
228,94	1200,11
229,16	1085,42
229,37	1175,53
229,59	1155,05
229,81	1216,49
230,03	1163,25
230,25	1179,63
230,47	1169,39
230,69	1273,84
230,90	1196,01
231,12	1171,44
231,34	1191,92
231,56	1183,73
231,78	1271,79
232,00	1157,10
232,21	1183,73
232,43	1208,30
232,65	1191,92
232,87	1212,40
233,09	1173,49
233,30	1193,97
233,52	1181,68
233,74	1181,68
233,96	1232,88
234,18	1249,26
234,40	1165,29
234,61	1187,82
234,83	1153,01
235,05	1175,53
235,27	1198,06
235,49	1210,35
235,70	1206,25
235,92	1230,83
236,14	1187,82
236,36	1212,40
236,58	1206,25
236,79	1183,73
237,01	1187,82
237,23	1198,06
237,45	1110,00
237,67	1204,21
237,88	1236,97
238,10	1277,93
238,32	1214,45
238,54	1206,25
238,76	1128,43
238,97	1181,68
239,19	1181,68
239,41	1208,30
239,63	1196,01
239,85	1273,84
240,06	1183,73
240,28	1189,87
240,50	1159,15
240,72	1239,02
240,93	1249,26
241,15	1243,12
241,37	1171,44
241,59	1150,96
241,81	1150,96
242,02	1202,16
242,24	1177,58
242,46	1208,30
242,68	1218,54
242,89	1224,69
243,11	1165,29
243,33	1091,57
243,55	1165,29
243,76	1263,60
243,98	1206,25
244,20	1157,10
244,42	1161,20
244,64	1196,01
244,85	1155,05
245,07	1222,64
245,29	1236,97
245,51	1101,81
245,72	1165,29
245,94	1193,97
246,16	1161,20
246,38	1159,15
246,59	1236,97
246,81	1200,11
247,03	1118,19
247,24	1239,02
247,46	1208,30
247,68	1255,40
247,90	1169,39
248,11	1183,73
248,33	1232,88
248,55	1200,11
248,77	1273,84
248,98	1167,34
249,20	1226,73
249,42	1214,45
249,64	1198,06
249,85	1144,81
250,07	1191,92
250,29	1183,73
250,50	1226,73
250,72	1241,07
250,94	1202,16
251,16	1183,73
251,37	1257,45
251,59	1226,73
251,81	1175,53
252,02	1181,68
252,24	1204,21
252,46	1134,57
252,68	1165,29
252,89	1198,06
253,11	1212,40
253,33	1167,34
253,54	1167,34
253,76	1193,97
253,98	1173,49
254,20	1245,16
254,41	1140,72
254,63	1189,87
254,85	1183,73
255,06	1155,05
255,28	1110,00
255,50	1169,39
255,71	1165,29
255,93	1177,58
256,15	1179,63
256,36	1214,45
256,58	1183,73
256,80	1218,54
257,02	1198,06
257,23	1218,54
257,45	1220,59
257,67	1144,81
257,88	1214,45
258,10	1304,56
258,32	1179,63
258,53	1116,14
258,75	1247,21
258,97	1185,77
259,18	1150,96
259,40	1191,92
259,62	1179,63
259,83	1255,40
260,05	1142,77
260,27	1202,16
260,48	1155,05
260,70	1222,64
260,92	1279,98
261,13	1093,62
261,35	1204,21
261,57	1239,02
261,78	1189,87
262,00	1224,69
262,22	1236,97
262,43	1236,97
262,65	1155,05
262,86	1249,26
263,08	1282,03
263,30	1181,68
263,51	1265,64
263,73	1236,97
263,95	1259,50
264,16	1171,44
264,38	1185,77
264,60	1191,92
264,81	1232,88
265,03	1228,78
265,25	1181,68
265,46	1263,60
265,68	1220,59
265,89	1263,60
266,11	1181,68
266,33	1202,16
266,54	1171,44
266,76	1183,73
266,98	1179,63
267,19	1118,19
267,41	1193,97
267,62	1130,48
267,84	1191,92
268,06	1236,97
268,27	1222,64
268,49	1216,49
268,70	1163,25
268,92	1165,29
269,14	1296,36
269,35	1177,58
269,57	1175,53
269,79	1126,38
270,00	1208,30
270,22	1183,73
270,43	1198,06
270,65	1159,15
270,87	1173,49
271,08	1243,12
271,30	1191,92
271,51	1196,01
271,73	1189,87
271,95	1204,21
272,16	1153,01
272,38	1146,86
272,59	1208,30
272,81	1249,26
273,02	1179,63
273,24	1241,07
273,46	1224,69
273,67	1222,64
273,89	1136,62
274,10	1140,72
274,32	1220,59
274,54	1232,88
274,75	1230,83
274,97	1144,81
275,18	1165,29
275,40	1247,21
275,61	1187,82
275,83	1212,40
276,05	1224,69
276,26	1208,30
276,48	1159,15
276,69	1216,49
276,91	1216,49
277,12	1282,03
277,34	1239,02
277,55	1230,83
277,77	1183,73
277,99	1167,34
278,20	1198,06
278,42	1171,44
278,63	1206,25
278,85	1165,29
279,06	1185,77
279,28	1179,63
279,49	1269,74
279,71	1165,29
279,93	1198,06
280,14	1232,88
280,36	1185,77
280,57	1200,11
280,79	1216,49
281,00	1232,88
281,22	1263,60
281,43	1204,21
281,65	1193,97
281,86	1208,30
282,08	1228,78
282,29	1282,03
282,51	1214,45
282,73	1177,58
282,94	1200,11
283,16	1243,12
283,37	1142,77
283,59	1208,30
283,80	1165,29
284,02	1171,44
284,23	1189,87
284,45	1196,01
284,66	1153,01
284,88	1245,16
285,09	1150,96
285,31	1228,78
285,52	1089,52
285,74	1175,53
285,95	1228,78
286,17	1177,58
286,38	1153,01
286,60	1173,49
286,81	1175,53
287,03	1173,49
287,24	1146,86
287,46	1204,21
287,67	1202,16
287,89	1234,93
288,10	1148,91
288,32	1214,45
288,53	1249,26
288,75	1155,05
288,96	1267,69
289,18	1273,84
289,39	1228,78
289,61	1212,40
289,82	1187,82
290,04	1118,19
290,25	1177,58
290,47	1140,72
290,68	1171,44
290,90	1157,10
291,11	1212,40
291,33	1189,87
291,54	1191,92
291,76	1257,45
291,97	1165,29
292,18	1155,05
292,40	1136,62
292,61	1198,06
292,83	1259,50
293,04	1150,96
293,26	1173,49
293,47	1157,10
293,69	1257,45
293,90	1200,11
294,12	1222,64
294,33	1253,36
294,55	1210,35
294,76	1150,96
294,97	1243,12
295,19	1198,06
295,40	1163,25
295,62	1175,53
295,83	1206,25
296,05	1183,73
296,26	1234,93
296,48	1183,73
296,69	1224,69
296,90	1206,25
297,12	1206,25
297,33	1169,39
297,55	1204,21
297,76	1204,21
297,98	1175,53
298,19	1214,45
298,41	1175,53
298,62	1169,39
298,83	1196,01
299,05	1132,53
299,26	1157,10
299,48	1124,33
299,69	1196,01
299,90	1202,16
300,12	1107,95
300,33	1234,93
300,55	1134,57
300,76	1286,12
300,98	1200,11
301,19	1261,55
301,40	1153,01
301,62	1200,11
301,83	1173,49
302,05	1181,68
302,26	1153,01
302,47	1114,10
302,69	1177,58
302,90	1179,63
303,12	1177,58
303,33	1216,49
303,54	1241,07
303,76	1267,69
303,97	1107,95
304,19	1183,73
304,40	1187,82
304,61	1243,12
304,83	1183,73
305,04	1204,21
305,26	1173,49
305,47	1142,77
305,68	1177,58
305,90	1157,10
306,11	1212,40
306,33	1214,45
306,54	1249,26
306,75	1214,45
306,97	1146,86
307,18	1142,77
307,39	1224,69
307,61	1234,93
307,82	1169,39
308,04	1132,53
308,25	1228,78
308,46	1261,55
308,68	1179,63
308,89	1110,00
309,10	1179,63
309,32	1138,67
309,53	1177,58
309,74	1153,01
309,96	1220,59
310,17	1265,64
310,39	1159,15
310,60	1269,74
310,81	1236,97
311,03	1247,21
311,24	1177,58
311,45	1155,05
311,67	1204,21
311,88	1214,45
312,09	1110,00
312,31	1239,02
312,52	1255,40
312,73	1159,15
312,95	1177,58
313,16	1222,64
313,37	1134,57
313,59	1208,30
313,80	1191,92
314,01	1245,16
314,23	1191,92
314,44	1210,35
314,65	1183,73
314,87	1175,53
315,08	1255,40
315,29	1239,02
315,51	1079,28
315,72	1175,53
315,93	1265,64
316,15	1249,26
316,36	1189,87
316,57	1226,73
316,79	1181,68
317,00	1155,05
317,21	1196,01
317,43	1167,34
317,64	1122,29
317,85	1247,21
318,07	1212,40
318,28	1239,02
318,49	1198,06
318,70	1167,34
318,92	1183,73
319,13	1253,36
319,34	1124,33
319,56	1193,97
319,77	1220,59
319,98	1208,30
320,20	1220,59
320,41	1241,07
320,62	1193,97
320,83	1177,58
321,05	1171,44
321,26	1249,26
321,47	1189,87
321,69	1183,73
321,90	1241,07
322,11	1181,68
322,32	1206,25
322,54	1200,11
322,75	1185,77
322,96	1181,68
323,18	1155,05
323,39	1241,07
323,60	1173,49
323,81	1216,49
324,03	1157,10
324,24	1155,05
324,45	1167,34
324,66	1150,96
324,88	1218,54
325,09	1153,01
325,30	1077,23
325,52	1216,49
325,73	1249,26
325,94	1228,78
326,15	1193,97
326,37	1175,53
326,58	1202,16
326,79	1136,62
327,00	1249,26
327,22	1220,59
327,43	1183,73
327,64	1277,93
327,85	1165,29
328,07	1171,44
328,28	1173,49
328,49	1253,36
328,70	1177,58
328,92	1230,83
329,13	1173,49
329,34	1181,68
329,55	1179,63
329,76	1189,87
329,98	1224,69
330,19	1212,40
330,40	1144,81
330,61	1253,36
330,83	1159,15
331,04	1132,53
331,25	1200,11
331,46	1155,05
331,68	1161,20
331,89	1216,49
332,10	1179,63
332,31	1247,21
332,52	1206,25
332,74	1204,21
332,95	1124,33
333,16	1157,10
333,37	1214,45
333,58	1181,68
333,80	1214,45
334,01	1150,96
334,22	1187,82
334,43	1187,82
334,64	1171,44
334,86	1243,12
335,07	1206,25
335,28	1198,06
335,49	1118,19
335,70	1232,88
335,92	1189,87
336,13	1214,45
336,34	1159,15
336,55	1222,64
336,76	1130,48
336,98	1200,11
337,19	1167,34
337,40	1177,58
337,61	1138,67
337,82	1187,82
338,04	1212,40
338,25	1175,53
338,46	1163,25
338,67	1187,82
338,88	1191,92
339,09	1183,73
339,31	1161,20
339,52	1191,92
339,73	1157,10
339,94	1183,73
340,15	1171,44
340,36	1193,97
340,58	1247,21
340,79	1226,73
341,00	1232,88
341,21	1136,62
341,42	1247,21
341,63	1179,63
341,85	1200,11
342,06	1175,53
342,27	1212,40
342,48	1286,12
342,69	1189,87
342,90	1222,64
343,12	1191,92
343,33	1241,07
343,54	1220,59
343,75	1220,59
343,96	1153,01
344,17	1173,49
344,38	1200,11
344,60	1153,01
344,81	1189,87
345,02	1261,55
345,23	1216,49
345,44	1155,05
345,65	1179,63
345,86	1220,59
346,07	1185,77
346,29	1163,25
346,50	1214,45
346,71	1224,69
346,92	1148,91
347,13	1222,64
347,34	1165,29
347,55	1179,63
347,76	1159,15
347,98	1218,54
348,19	1214,45
348,40	1187,82
348,61	1165,29
348,82	1234,93
349,03	1187,82
349,24	1112,05
349,45	1218,54
349,66	1173,49
349,88	1167,34
350,09	1138,67
350,30	1171,44
350,51	1155,05
350,72	1208,30
350,93	1216,49
351,14	1216,49
351,35	1216,49
351,56	1191,92
351,77	1142,77
351,99	1183,73
352,20	1204,21
352,41	1155,05
352,62	1183,73
352,83	1191,92
353,04	1224,69
353,25	1138,67
353,46	1128,43
353,67	1228,78
353,88	1202,16
354,09	1187,82
354,30	1253,36
354,52	1183,73
354,73	1193,97
354,94	1191,92
355,15	1196,01
355,36	1191,92
355,57	1144,81
355,78	1157,10
355,99	1175,53
356,20	1220,59
356,41	1212,40
356,62	1175,53
356,83	1204,21
357,04	1161,20
357,25	1138,67
357,46	1171,44
357,68	1183,73
357,89	1185,77
358,10	1157,10
358,31	1193,97
358,52	1222,64
358,73	1148,91
358,94	1216,49
359,15	1218,54
359,36	1222,64
359,57	1187,82
359,78	1292,27
359,99	1214,45
360,20	1159,15
360,41	1146,86
360,62	1173,49
360,83	1193,97
361,04	1208,30
361,25	1277,93
361,46	1126,38
361,67	1185,77
361,88	1175,53
362,09	1177,58
362,30	1165,29
362,51	1202,16
362,72	1232,88
362,93	1185,77
363,14	1212,40
363,35	1157,10
363,56	1234,93
363,78	1265,64
363,99	1255,40
364,20	1275,88
364,41	1146,86
364,62	1230,83
364,83	1236,97
365,04	1161,20
365,25	1196,01
365,46	1226,73
365,67	1216,49
365,88	1185,77
366,09	1148,91
366,30	1105,90
366,51	1185,77
366,72	1157,10
366,93	1163,25
367,14	1150,96
367,35	1175,53
367,56	1165,29
367,77	1183,73
367,98	1177,58
368,18	1191,92
368,39	1259,50
368,60	1189,87
368,81	1189,87
369,02	1218,54
369,23	1206,25
369,44	1208,30
369,65	1222,64
369,86	1169,39
370,07	1249,26
370,28	1169,39
370,49	1249,26
370,70	1245,16
370,91	1138,67
371,12	1232,88
371,33	1214,45
371,54	1193,97
371,75	1146,86
371,96	1126,38
372,17	1239,02
372,38	1171,44
372,59	1181,68
372,80	1232,88
373,01	1134,57
373,22	1159,15
373,43	1183,73
373,64	1239,02
373,85	1206,25
374,06	1226,73
374,26	1175,53
374,47	1222,64
374,68	1206,25
374,89	1165,29
375,10	1171,44
375,31	1216,49
375,52	1159,15
375,73	1245,16
375,94	1191,92
376,15	1200,11
376,36	1202,16
376,57	1167,34
376,78	1232,88
376,99	1187,82
377,20	1226,73
377,40	1255,40
377,61	1140,72
377,82	1163,25
378,03	1157,10
378,24	1198,06
378,45	1136,62
378,66	1093,62
378,87	1144,81
379,08	1167,34
379,29	1220,59
379,50	1220,59
379,71	1196,01
379,91	1187,82
380,12	1179,63
380,33	1251,31
380,54	1185,77
380,75	1189,87
380,96	1208,30
381,17	1232,88
381,38	1226,73
381,59	1230,83
381,80	1146,86
382,00	1187,82
382,21	1144,81
382,42	1142,77
382,63	1179,63
382,84	1222,64
383,05	1191,92
383,26	1179,63
383,47	1218,54
383,68	1114,10
383,88	1208,30
384,09	1259,50
384,30	1210,35
384,51	1241,07
384,72	1132,53
384,93	1198,06
385,14	1198,06
385,35	1165,29
385,55	1169,39
385,76	1269,74
385,97	1249,26
386,18	1161,20
386,39	1142,77
386,60	1183,73
386,81	1187,82
387,02	1103,86
387,22	1200,11
387,43	1232,88
387,64	1193,97
387,85	1189,87
388,06	1212,40
388,27	1177,58
388,48	1153,01
388,68	1183,73
388,89	1200,11
389,10	1300,46
389,31	1228,78
389,52	1216,49
389,73	1134,57
389,93	1142,77
390,14	1183,73
390,35	1187,82
390,56	1173,49
390,77	1232,88
390,98	1191,92
391,18	1142,77
391,39	1185,77
391,60	1196,01
391,81	1212,40
392,02	1263,60
392,23	1181,68
392,43	1206,25
392,64	1222,64
392,85	1122,29
393,06	1163,25
393,27	1198,06
393,47	1206,25
393,68	1196,01
393,89	1210,35
394,10	1155,05
394,31	1220,59
394,52	1224,69
394,72	1247,21
394,93	1155,05
395,14	1286,12
395,35	1212,40
395,56	1185,77
395,76	1171,44
395,97	1216,49
396,18	1200,11
396,39	1161,20
396,60	1200,11
396,80	1175,53
397,01	1230,83
397,22	1245,16
397,43	1200,11
397,64	1138,67
397,84	1110,00
398,05	1290,22
398,26	1253,36
398,47	1187,82
398,67	1234,93
398,88	1175,53
399,09	1214,45
399,30	1232,88
399,51	1146,86
399,71	1177,58
399,92	1253,36
400,13	1204,21
400,34	1220,59
400,54	1185,77
400,75	1204,21
400,96	1220,59
401,17	1128,43
401,37	1208,30
401,58	1175,53
401,79	1130,48
402,00	1191,92
402,21	1210,35
402,41	1218,54
402,62	1206,25
402,83	1247,21
403,04	1163,25
403,24	1200,11
403,45	1171,44
403,66	1214,45
403,87	1198,06
404,07	1179,63
404,28	1206,25
404,49	1228,78
404,70	1120,24
404,90	1193,97
405,11	1220,59
405,32	1193,97
405,52	1204,21
405,73	1202,16
405,94	1187,82
406,15	1163,25
406,35	1191,92
406,56	1161,20
406,77	1226,73
406,98	1183,73
407,18	1253,36
407,39	1191,92
407,60	1218,54
407,80	1208,30
408,01	1150,96
408,22	1165,29
408,43	1220,59
408,63	1216,49
408,84	1204,21
409,05	1275,88
409,25	1107,95
409,46	1114,10
409,67	1193,97
409,88	1210,35
410,08	1212,40
410,29	1126,38
410,50	1247,21
410,70	1212,40
410,91	1204,21
411,12	1171,44
411,32	1148,91
411,53	1118,19
411,74	1196,01
411,95	1167,34
412,15	1196,01
412,36	1187,82
412,57	1198,06
412,77	1239,02
412,98	1171,44
413,19	1259,50
413,39	1159,15
413,60	1185,77
413,81	1175,53
414,01	1185,77
414,22	1191,92
414,43	1265,64
414,63	1142,77
414,84	1181,68
415,05	1226,73
415,25	1169,39
415,46	1206,25
415,67	1191,92
415,87	1212,40
416,08	1228,78
416,29	1167,34
416,49	1220,59
416,70	1249,26
416,91	1202,16
417,11	1191,92
417,32	1220,59
417,53	1208,30
417,73	1220,59
417,94	1153,01
418,15	1222,64
418,35	1243,12
418,56	1173,49
418,77	1193,97
418,97	1177,58
419,18	1208,30
419,38	1163,25
419,59	1269,74
419,80	1224,69
420,00	1189,87
420,21	1265,64
420,42	1204,21
420,62	1183,73
420,83	1204,21
421,04	1148,91
421,24	1206,25
421,45	1208,30
421,65	1249,26
421,86	1150,96
422,07	1169,39
422,27	1159,15
422,48	1202,16
422,69	1214,45
422,89	1183,73
423,10	1263,60
423,30	1169,39
423,51	1247,21
423,72	1177,58
423,92	1163,25
424,13	1206,25
424,33	1206,25
424,54	1126,38
424,75	1214,45
424,95	1208,30
425,16	1136,62
425,36	1193,97
425,57	1247,21
425,78	1230,83
425,98	1134,57
426,19	1165,29
426,39	1150,96
426,60	1167,34
426,81	1292,27
427,01	1208,30
427,22	1214,45
427,42	1220,59
427,63	1298,41
427,83	1159,15
428,04	1179,63
428,25	1138,67
428,45	1245,16
428,66	1200,11
428,86	1126,38
429,07	1208,30
429,28	1230,83
429,48	1169,39
429,69	1173,49
429,89	1208,30
430,10	1134,57
430,30	1153,01
430,51	1189,87
430,71	1181,68
430,92	1245,16
431,13	1226,73
431,33	1214,45
431,54	1157,10
431,74	1200,11
431,95	1202,16
432,15	1126,38
432,36	1167,34
432,56	1208,30
432,77	1179,63
432,98	1196,01
433,18	1263,60
433,39	1228,78
433,59	1193,97
433,80	1175,53
434,00	1173,49
434,21	1187,82
434,41	1099,76
434,62	1236,97
434,82	1153,01
435,03	1218,54
435,23	1228,78
435,44	1230,83
435,64	1179,63
435,85	1210,35
436,06	1202,16
436,26	1214,45
436,47	1163,25
436,67	1175,53
436,88	1169,39
437,08	1218,54
437,29	1226,73
437,49	1124,33
437,70	1257,45
437,90	1241,07
438,11	1232,88
438,31	1202,16
438,52	1165,29
438,72	1187,82
438,93	1245,16
439,13	1140,72
439,34	1202,16
439,54	1146,86
439,75	1196,01
439,95	1177,58
440,16	1214,45
440,36	1243,12
440,57	1159,15
440,77	1173,49
440,98	1181,68
441,18	1179,63
441,39	1228,78
441,59	1251,31
441,80	1136,62
442,00	1196,01
442,21	1191,92
442,41	1200,11
442,62	1155,05
442,82	1191,92
443,02	1177,58
443,23	1208,30
443,43	1216,49
443,64	1224,69
443,84	1142,77
444,05	1279,98
444,25	1187,82
444,46	1181,68
444,66	1239,02
444,87	1224,69
445,07	1200,11
445,28	1232,88
445,48	1196,01
445,69	1138,67
445,89	1228,78
446,09	1191,92
446,30	1198,06
446,50	1193,97
446,71	1085,42
446,91	1181,68
447,12	1210,35
447,32	1165,29
447,53	1206,25
447,73	1232,88
447,93	1204,21
448,14	1165,29
448,34	1175,53
448,55	1191,92
448,75	1208,30
448,96	1187,82
449,16	1210,35
449,36	1179,63
449,57	1191,92
449,77	1208,30
449,98	1198,06
450,18	1169,39
450,39	1253,36
450,59	1150,96
450,79	1202,16
451,00	1232,88
451,20	1175,53
451,41	1239,02
451,61	1159,15
451,81	1255,40
452,02	1263,60
452,22	1146,86
452,43	1185,77
452,63	1155,05
452,84	1165,29
453,04	1208,30
453,24	1130,48
453,45	1150,96
453,65	1249,26
453,86	1245,16
454,06	1130,48
454,26	1171,44
454,47	1259,50
454,67	1204,21
454,87	1128,43
455,08	1165,29
455,28	1236,97
455,49	1163,25
455,69	1239,02
455,89	1273,84
456,10	1144,81
456,30	1132,53
456,51	1232,88
456,71	1204,21
456,91	1191,92
457,12	1187,82
457,32	1169,39
457,52	1175,53
457,73	1204,21
457,93	1220,59
458,14	1148,91
458,34	1159,15
458,54	1179,63
458,75	1191,92
458,95	1257,45
459,15	1277,93
459,36	1177,58
459,56	1165,29
459,76	1110,00
459,97	1189,87
460,17	1206,25
460,37	1150,96
460,58	1142,77
460,78	1185,77
460,99	1177,58
461,19	1239,02
461,39	1155,05
461,60	1187,82
461,80	1153,01
462,00	1099,76
462,21	1157,10
462,41	1218,54
462,61	1198,06
462,82	1181,68
463,02	1161,20
463,22	1163,25
463,43	1175,53
463,63	1236,97
463,83	1204,21
464,04	1148,91
464,24	1173,49
464,44	1277,93
464,64	1253,36
464,85	1226,73
465,05	1169,39
465,25	1216,49
465,46	1196,01
465,66	1249,26
465,86	1193,97
466,07	1204,21
466,27	1202,16
466,47	1271,79
466,68	1165,29
466,88	1208,30
467,08	1185,77
467,29	1220,59
467,49	1198,06
467,69	1175,53
467,89	1224,69
468,10	1208,30
468,30	1222,64
468,50	1167,34
468,71	1253,36
468,91	1142,77
469,11	1214,45
469,31	1171,44
469,52	1181,68
469,72	1181,68
469,92	1157,10
470,13	1230,83
470,33	1116,14
470,53	1177,58
470,73	1196,01
470,94	1183,73
471,14	1161,20
471,34	1185,77
471,54	1193,97
471,75	1128,43
471,95	1210,35
472,15	1236,97
472,36	1198,06
472,56	1212,40
472,76	1144,81
472,96	1245,16
473,17	1146,86
473,37	1173,49
473,57	1161,20
473,77	1112,05
473,98	1126,38
474,18	1187,82
474,38	1173,49
474,58	1216,49
474,79	1200,11
474,99	1234,93
475,19	1267,69
475,39	1150,96
475,60	1191,92
475,80	1165,29
476,00	1261,55
476,20	1214,45
476,41	1183,73
476,61	1200,11
476,81	1167,34
477,01	1214,45
477,21	1122,29
477,42	1265,64
477,62	1228,78
477,82	1208,30
478,02	1243,12
478,23	1202,16
478,43	1185,77
478,63	1163,25
478,83	1171,44
479,03	1196,01
479,24	1173,49
479,44	1236,97
479,64	1226,73
479,84	1159,15
480,04	1200,11
480,25	1187,82
480,45	1126,38
480,65	1202,16
480,85	1169,39
481,06	1206,25
481,26	1169,39
481,46	1212,40
481,66	1120,24
481,86	1142,77
482,06	1210,35
482,27	1202,16
482,47	1236,97
482,67	1198,06
482,87	1216,49
483,07	1130,48
483,28	1181,68
483,48	1206,25
483,68	1181,68
483,88	1169,39
484,08	1191,92
484,29	1263,60
484,49	1210,35
484,69	1212,40
484,89	1167,34
485,09	1271,79
485,29	1191,92
485,50	1232,88
485,70	1277,93
485,90	1230,83
486,10	1144,81
486,30	1142,77
486,50	1202,16
486,71	1161,20
486,91	1236,97
487,11	1206,25
487,31	1183,73
487,51	1208,30
487,71	1200,11
487,91	1159,15
488,12	1198,06
488,32	1148,91
488,52	1214,45
488,72	1202,16
488,92	1177,58
489,12	1173,49
489,32	1183,73
489,53	1175,53
489,73	1202,16
489,93	1198,06
490,13	1196,01
490,33	1206,25
490,53	1175,53
490,73	1144,81
490,94	1230,83
491,14	1228,78
491,34	1159,15
491,54	1136,62
491,74	1163,25
491,94	1130,48
492,14	1181,68
492,34	1196,01
492,54	1142,77
492,75	1167,34
492,95	1200,11
493,15	1157,10
493,35	1218,54
493,55	1230,83
493,75	1232,88
493,95	1146,86
494,15	1161,20
494,35	1208,30
494,56	1206,25
494,76	1220,59
494,96	1177,58
495,16	1161,20
495,36	1142,77
495,56	1220,59
495,76	1179,63
495,96	1189,87
496,16	1189,87
496,36	1132,53
496,56	1265,64
496,77	1159,15
496,97	1161,20
497,17	1150,96
497,37	1177,58
497,57	1146,86
497,77	1114,10
497,97	1226,73
498,17	1179,63
498,37	1208,30
498,57	1216,49
498,77	1148,91
498,97	1181,68
499,17	1179,63
499,38	1216,49
499,58	1210,35
499,78	1196,01
499,98	1159,15
500,18	1202,16
500,38	1150,96
500,58	1189,87
500,78	1249,26
500,98	1234,93
501,18	1255,40
501,38	1251,31
501,58	1177,58
501,78	1200,11
501,98	1226,73
502,18	1206,25
502,38	1167,34
502,58	1251,31
502,78	1241,07
502,98	1208,30
503,18	1177,58
503,38	1181,68
503,59	1171,44
503,79	1177,58
503,99	1214,45
504,19	1218,54
504,39	1187,82
504,59	1216,49
504,79	1206,25
504,99	1257,45
505,19	1189,87
505,39	1146,86
505,59	1257,45
505,79	1224,69
505,99	1159,15
506,19	1165,29
506,39	1189,87
506,59	1273,84
506,79	1161,20
506,99	1144,81
507,19	1142,77
507,39	1196,01
507,59	1226,73
507,79	1183,73
507,99	1198,06
508,19	1255,40
508,39	1214,45
508,59	1202,16
508,79	1232,88
508,99	1210,35
509,19	1171,44
509,39	1181,68
509,59	1179,63
509,79	1150,96
509,99	1120,24
510,19	1228,78
510,39	1179,63
510,59	1187,82
510,79	1193,97
510,99	1189,87
511,19	1200,11
511,39	1171,44
511,59	1146,86
511,79	1163,25
511,99	1208,30
512,19	1161,20
512,38	1204,21
512,58	1318,89
512,78	1228,78
512,98	1163,25
513,18	1165,29
513,38	1220,59
513,58	1142,77
513,78	1173,49
513,98	1187,82
514,18	1198,06
514,38	1198,06
514,58	1085,42
514,78	1157,10
514,98	1208,30
515,18	1208,30
515,38	1118,19
515,58	1206,25
515,78	1177,58
515,98	1206,25
516,18	1206,25
516,38	1153,01
516,57	1148,91
516,77	1196,01
516,97	1116,14
517,17	1181,68
517,37	1189,87
517,57	1271,79
517,77	1216,49
517,97	1218,54
518,17	1148,91
518,37	1136,62
518,57	1224,69
518,77	1267,69
518,97	1239,02
519,16	1222,64
519,36	1157,10
519,56	1179,63
519,76	1241,07
519,96	1177,58
520,16	1173,49
520,36	1175,53
520,56	1179,63
520,76	1138,67
520,96	1212,40
521,16	1193,97
521,35	1228,78
521,55	1183,73
521,75	1150,96
521,95	1191,92
522,15	1155,05
522,35	1175,53
522,55	1198,06
522,75	1171,44
522,95	1200,11
523,14	1087,47
523,34	1159,15
523,54	1167,34
523,74	1200,11
523,94	1191,92
524,14	1171,44
524,34	1204,21
524,54	1179,63
524,73	1202,16
524,93	1230,83
525,13	1202,16
525,33	1220,59
525,53	1202,16
525,73	1249,26
525,93	1196,01
526,13	1105,90
526,32	1220,59
526,52	1116,14
526,72	1075,18
526,92	1200,11
527,12	1206,25
527,32	1161,20
527,52	1245,16
527,71	1169,39
527,91	1198,06
528,11	1208,30
528,31	1220,59
528,51	1142,77
528,71	1200,11
528,90	1210,35
529,10	1218,54
529,30	1171,44
529,50	1236,97
529,70	1130,48
529,90	1232,88
530,09	1146,86
530,29	1150,96
530,49	1183,73
530,69	1140,72
530,89	1224,69
531,09	1247,21
531,28	1255,40
531,48	1241,07
531,68	1228,78
531,88	1165,29
532,08	1191,92
532,28	1208,30
532,47	1210,35
532,67	1163,25
532,87	1148,91
533,07	1124,33
533,27	1253,36
533,46	1245,16
533,66	1189,87
533,86	1269,74
534,06	1153,01
534,26	1245,16
534,45	1177,58
534,65	1187,82
534,85	1187,82
535,05	1198,06
535,25	1157,10
535,44	1155,05
535,64	1187,82
535,84	1128,43
536,04	1132,53
536,24	1253,36
536,43	1138,67
536,63	1226,73
536,83	1214,45
537,03	1218,54
537,22	1204,21
537,42	1210,35
537,62	1200,11
537,82	1222,64
538,02	1159,15
538,21	1261,55
538,41	1220,59
538,61	1114,10
538,81	1204,21
539,00	1228,78
539,20	1169,39
539,40	1136,62
539,60	1226,73
539,79	1228,78
539,99	1210,35
540,19	1157,10
540,39	1204,21
540,58	1239,02
540,78	1187,82
540,98	1228,78
541,18	1169,39
541,37	1183,73
541,57	1243,12
541,77	1218,54
541,97	1212,40
542,16	1204,21
542,36	1210,35
542,56	1214,45
542,76	1181,68
542,95	1171,44
543,15	1212,40
543,35	1261,55
543,54	1210,35
543,74	1261,55
543,94	1173,49
544,14	1159,15
544,33	1216,49
544,53	1120,24
544,73	1179,63
544,93	1263,60
545,12	1206,25
545,32	1191,92
545,52	1163,25
545,71	1191,92
545,91	1177,58
546,11	1261,55
546,30	1202,16
546,50	1181,68
546,70	1224,69
546,90	1183,73
547,09	1247,21
547,29	1234,93
547,49	1132,53
547,68	1204,21
547,88	1198,06
548,08	1181,68
548,27	1247,21
548,47	1161,20
548,67	1261,55
548,87	1232,88
549,06	1187,82
549,26	1204,21
549,46	1218,54
549,65	1200,11
549,85	1210,35
550,05	1232,88
550,24	1202,16
550,44	1167,34
550,64	1206,25
550,83	1198,06
551,03	1179,63
551,23	1196,01
551,42	1175,53
551,62	1146,86
551,82	1247,21
552,01	1245,16
552,21	1239,02
552,41	1239,02
552,60	1257,45
552,80	1249,26
553,00	1220,59
553,19	1187,82
553,39	1193,97
553,59	1245,16
553,78	1148,91
553,98	1144,81
554,17	1163,25
554,37	1183,73
554,57	1212,40
554,76	1155,05
554,96	1232,88
555,16	1224,69
555,35	1175,53
555,55	1288,17
555,75	1161,20
555,94	1167,34
556,14	1243,12
556,33	1167,34
556,53	1191,92
556,73	1196,01
556,92	1183,73
557,12	1206,25
557,32	1167,34
557,51	1179,63
557,71	1157,10
557,90	1210,35
558,10	1239,02
558,30	1116,14
558,49	1185,77
558,69	1198,06
558,88	1224,69
559,08	1206,25
559,28	1202,16
559,47	1146,86
559,67	1232,88
559,86	1159,15
560,06	1175,53
560,26	1150,96
560,45	1241,07
560,65	1198,06
560,84	1183,73
561,04	1212,40
561,24	1193,97
561,43	1253,36
561,63	1167,34
561,82	1159,15
562,02	1191,92
562,22	1216,49
562,41	1204,21
562,61	1210,35
562,80	1200,11
563,00	1193,97
563,19	1218,54
563,39	1175,53
563,59	1224,69
563,78	1208,30
563,98	1187,82
564,17	1183,73
564,37	1142,77
564,56	1271,79
564,76	1171,44
564,96	1173,49
565,15	1165,29
565,35	1210,35
565,54	1210,35
565,74	1142,77
565,93	1241,07
566,13	1241,07
566,32	1159,15
566,52	1196,01
566,71	1216,49
566,91	1161,20
567,11	1142,77
567,30	1249,26
567,50	1253,36
567,69	1216,49
567,89	1200,11
568,08	1196,01
568,28	1175,53
568,47	1171,44
568,67	1286,12
568,86	1239,02
569,06	1193,97
569,25	1142,77
569,45	1198,06
569,64	1208,30
569,84	1138,67
570,04	1155,05
570,23	1171,44
570,43	1196,01
570,62	1191,92
570,82	1191,92
571,01	1220,59
571,21	1263,60
571,40	1189,87
571,60	1173,49
571,79	1171,44
571,99	1251,31
572,18	1179,63
572,38	1212,40
572,57	1198,06
572,77	1218,54
572,96	1232,88
573,16	1198,06
573,35	1226,73
573,55	1142,77
573,74	1169,39
573,94	1185,77
574,13	1114,10
574,33	1200,11
574,52	1290,22
574,71	1159,15
574,91	1134,57
575,10	1208,30
575,30	1191,92
575,49	1177,58
575,69	1150,96
575,88	1218,54
576,08	1185,77
576,27	1212,40
576,47	1249,26
576,66	1167,34
576,86	1193,97
577,05	1243,12
577,25	1286,12
577,44	1212,40
577,64	1228,78
577,83	1212,40
578,02	1232,88
578,22	1167,34
578,41	1140,72
578,61	1273,84
578,80	1140,72
579,00	1208,30
579,19	1208,30
579,39	1212,40
579,58	1230,83
579,77	1204,21
579,97	1206,25
580,16	1142,77
580,36	1179,63
580,55	1148,91
580,75	1228,78
580,94	1179,63
581,13	1200,11
581,33	1198,06
581,52	1204,21
581,72	1200,11
581,91	1198,06
582,11	1222,64
582,30	1159,15
582,49	1189,87
582,69	1224,69
582,88	1222,64
583,08	1228,78
583,27	1153,01
583,47	1167,34
583,66	1214,45
583,85	1159,15
584,05	1136,62
584,24	1214,45
584,44	1228,78
584,63	1226,73
584,82	1187,82
585,02	1241,07
585,21	1185,77
585,41	1226,73
585,60	1130,48
585,79	1099,76
585,99	1171,44
586,18	1271,79
586,37	1214,45
586,57	1296,36
586,76	1275,88
586,96	1189,87
587,15	1198,06
587,34	1153,01
587,54	1255,40
587,73	1181,68
587,93	1220,59
588,12	1224,69
588,31	1132,53
588,51	1181,68
588,70	1312,75
588,89	1196,01
589,09	1226,73
589,28	1142,77
589,47	1206,25
589,67	1150,96
589,86	1136,62
590,06	1181,68
590,25	1167,34
590,44	1200,11
590,64	1208,30
590,83	1169,39
591,02	1155,05
591,22	1163,25
591,41	1224,69
591,60	1200,11
591,80	1224,69
591,99	1146,86
592,18	1126,38
592,38	1189,87
592,57	1214,45
592,76	1169,39
592,96	1196,01
593,15	1177,58
593,34	1220,59
593,54	1161,20
593,73	1222,64
593,92	1273,84
594,12	1232,88
594,31	1187,82
594,50	1204,21
594,70	1200,11
594,89	1126,38
595,08	1161,20
595,28	1216,49
595,47	1196,01
595,66	1175,53
595,86	1189,87
596,05	1165,29
596,24	1198,06
596,43	1241,07
596,63	1232,88
596,82	1208,30
597,01	1163,25
597,21	1265,64
597,40	1228,78
597,59	1189,87
597,79	1173,49
597,98	1234,93
598,17	1210,35
598,36	1193,97
598,56	1288,17
598,75	1220,59
598,94	1177,58
599,14	1146,86
599,33	1236,97
599,52	1171,44
599,71	1140,72
599,91	1198,06
600,10	1167,34
600,29	1189,87
600,48	1187,82
600,68	1241,07
600,87	1206,25
601,06	1157,10
601,26	1202,16
601,45	1169,39
601,64	1257,45
601,83	1179,63
602,03	1150,96
602,22	1161,20
602,41	1153,01
602,60	1191,92
602,80	1144,81
602,99	1185,77
603,18	1142,77
603,37	1226,73
603,57	1206,25
603,76	1228,78
603,95	1118,19
604,14	1210,35
604,34	1222,64
604,53	1118,19
604,72	1114,10
604,91	1183,73
605,10	1189,87
605,30	1185,77
605,49	1236,97
605,68	1204,21
605,87	1175,53
606,07	1198,06
606,26	1196,01
606,45	1241,07
606,64	1146,86
606,84	1163,25
607,03	1148,91
607,22	1163,25
607,41	1239,02
607,60	1241,07
607,80	1191,92
607,99	1204,21
608,18	1159,15
608,37	1118,19
608,56	1236,97
608,76	1181,68
608,95	1167,34
609,14	1150,96
609,33	1163,25
609,52	1212,40
609,72	1187,82
609,91	1103,86
610,10	1249,26
610,29	1216,49
610,48	1183,73
610,68	1187,82
610,87	1114,10
611,06	1202,16
611,25	1230,83
611,44	1245,16
611,63	1110,00
611,83	1216,49
612,02	1198,06
612,21	1267,69
612,40	1177,58
612,59	1128,43
612,79	1112,05
612,98	1198,06
613,17	1138,67
613,36	1220,59
613,55	1251,31
613,74	1155,05
613,93	1189,87
614,13	1193,97
614,32	1202,16
614,51	1187,82
614,70	1241,07
614,89	1200,11
615,08	1220,59
615,28	1183,73
615,47	1224,69
615,66	1116,14
615,85	1243,12
616,04	1251,31
616,23	1144,81
616,42	1181,68
616,62	1161,20
616,81	1171,44
617,00	1171,44
617,19	1173,49
617,38	1191,92
617,57	1224,69
617,76	1245,16
617,95	1273,84
618,15	1200,11
618,34	1169,39
618,53	1241,07
618,72	1196,01
618,91	1169,39
619,10	1247,21
619,29	1196,01
619,48	1132,53
619,68	1122,29
619,87	1198,06
620,06	1148,91
620,25	1206,25
620,44	1146,86
620,63	1208,30
620,82	1189,87
621,01	1224,69
621,20	1157,10
621,39	1216,49
621,59	1200,11
621,78	1234,93
621,97	1255,40
622,16	1185,77
622,35	1159,15
622,54	1245,16
622,73	1150,96
622,92	1198,06
623,11	1251,31
623,30	1204,21
623,49	1116,14
623,68	1245,16
623,88	1198,06
624,07	1167,34
624,26	1142,77
624,45	1204,21
624,64	1183,73
624,83	1224,69
625,02	1216,49
625,21	1216,49
625,40	1146,86
625,59	1230,83
625,78	1163,25
625,97	1251,31
626,16	1241,07
626,35	1210,35
626,54	1179,63
626,74	1189,87
626,93	1191,92
627,12	1187,82
627,31	1200,11
627,50	1167,34
627,69	1277,93
627,88	1161,20
628,07	1265,64
628,26	1202,16
628,45	1230,83
628,64	1161,20
628,83	1210,35
629,02	1255,40
629,21	1196,01
629,40	1189,87
629,59	1220,59
629,78	1245,16
629,97	1146,86
630,16	1204,21
630,35	1187,82
630,54	1173,49
630,73	1255,40
630,92	1279,98
631,11	1228,78
631,30	1234,93
631,49	1253,36
631,68	1421,29
631,87	2478,04
632,06	7976,84
632,25	17055,48
632,44	21061,31
632,63	27219,55
632,82	14591,78
633,01	8435,58
633,20	4044,74
633,39	2142,18
633,58	1755,11
633,77	1791,97
633,96	1660,90
634,15	1372,14
634,34	1349,61
634,53	1409,00
634,72	1306,60
634,91	1261,55
635,10	1368,04
635,29	1298,41
635,48	1249,26
635,67	1183,73
635,86	1208,30
636,05	1261,55
636,24	1243,12
636,43	1239,02
636,62	1214,45
636,81	1181,68
637,00	1263,60
637,19	1220,59
637,38	1181,68
637,57	1181,68
637,76	1173,49
637,95	1189,87
638,14	1198,06
638,33	1232,88
638,52	1198,06
638,71	1212,40
638,89	1212,40
639,08	1236,97
639,27	1232,88
639,46	1208,30
639,65	1208,30
639,84	1204,21
640,03	1202,16
640,22	1193,97
640,41	1269,74
640,60	1214,45
640,79	1247,21
640,98	1157,10
641,17	1232,88
641,36	1163,25
641,55	1161,20
641,74	1181,68
641,92	1175,53
642,11	1165,29
642,30	1189,87
642,49	1269,74
642,68	1206,25
642,87	1163,25
643,06	1085,42
643,25	1224,69
643,44	1193,97
643,63	1236,97
643,82	1216,49
644,00	1210,35
644,19	1234,93
644,38	1177,58
644,57	1230,83
644,76	1224,69
644,95	1161,20
645,14	1232,88
645,33	1253,36
645,52	1202,16
645,71	1193,97
645,89	1226,73
646,08	1175,53
646,27	1179,63
646,46	1187,82
646,65	1193,97
646,84	1214,45
647,03	1234,93
647,22	1181,68
647,40	1198,06
647,59	1183,73
647,78	1140,72
647,97	1245,16
648,16	1165,29
648,35	1239,02
648,54	1216,49
648,73	1177,58
648,91	1234,93
649,10	1257,45
649,29	1284,08
649,48	1175,53
649,67	1105,90
649,86	1155,05
650,05	1196,01
650,23	1204,21
650,42	1130,48
650,61	1239,02
650,80	1132,53
650,99	1273,84
651,18	1159,15
651,36	1208,30
651,55	1183,73
651,74	1183,73
651,93	1224,69
652,12	1189,87
652,31	1144,81
652,49	1126,38
652,68	1230,83
652,87	1144,81
653,06	1232,88
653,25	1122,29
653,44	1169,39
653,62	1241,07
653,81	1224,69
654,00	1191,92
654,19	1198,06
654,38	1331,18
654,56	1159,15
654,75	1167,34
654,94	1222,64
655,13	1167,34
655,32	1257,45
655,51	1189,87
655,69	1136,62
655,88	1241,07
656,07	1214,45
656,26	1196,01
656,45	1163,25
656,63	1234,93
656,82	1218,54
657,01	1163,25
657,20	1257,45
657,38	1206,25
657,57	1230,83
657,76	1239,02
657,95	1124,33
658,14	1206,25
658,32	1138,67
658,51	1220,59
658,70	1216,49
658,89	1191,92
659,08	1153,01
659,26	1206,25
659,45	1208,30
659,64	1253,36
659,83	1181,68
660,01	1206,25
660,20	1105,90
660,39	1181,68
660,58	1212,40
660,76	1183,73
660,95	1159,15
661,14	1116,14
661,33	1239,02
661,51	1181,68
661,70	1224,69
661,89	1181,68
662,08	1183,73
662,26	1257,45
662,45	1196,01
662,64	1320,94
662,83	1187,82
663,01	1224,69
663,20	1198,06
663,39	1181,68
663,58	1146,86
663,76	1171,44
663,95	1189,87
664,14	1183,73
664,32	1157,10
664,51	1226,73
664,70	1187,82
664,89	1153,01
665,07	1136,62
665,26	1163,25
665,45	1232,88
665,64	1093,62
665,82	1167,34
666,01	1224,69
666,20	1171,44
666,38	1222,64
666,57	1179,63
666,76	1200,11
666,95	1275,88
667,13	1140,72
667,32	1150,96
667,51	1191,92
667,69	1208,30
667,88	1183,73
668,07	1181,68
668,25	1232,88
668,44	1175,53
668,63	1110,00
668,81	1216,49
669,00	1171,44
669,19	1204,21
669,38	1181,68
669,56	1140,72
669,75	1220,59
669,94	1214,45
670,12	1185,77
670,31	1226,73
670,50	1177,58
670,68	1230,83
670,87	1265,64
671,06	1245,16
671,24	1177,58
671,43	1200,11
671,62	1216,49
671,80	1146,86
671,99	1273,84
672,18	1200,11
672,36	1222,64
672,55	1196,01
672,74	1265,64
672,92	1206,25
673,11	1212,40
673,29	1202,16
673,48	1230,83
673,67	1216,49
673,85	1224,69
674,04	1222,64
674,23	1126,38
674,41	1236,97
674,60	1220,59
674,79	1083,38
674,97	1167,34
675,16	1146,86
675,34	1189,87
675,53	1159,15
675,72	1206,25
675,90	1177,58
676,09	1161,20
676,28	1191,92
676,46	1222,64
676,65	1175,53
676,83	1157,10
677,02	1167,34
677,21	1202,16
677,39	1214,45
677,58	1243,12
677,77	1247,21
677,95	1183,73
678,14	1220,59
678,32	1200,11
678,51	1224,69
678,70	1200,11
678,88	1146,86
679,07	1210,35
679,25	1150,96
679,44	1222,64
679,63	1239,02
679,81	1216,49
680,00	1230,83
680,18	1245,16
680,37	1165,29
680,55	1169,39
680,74	1073,14
680,93	1193,97
681,11	1179,63
681,30	1157,10
681,48	1175,53
681,67	1128,43
681,85	1161,20
682,04	1185,77
682,23	1130,48
682,41	1161,20
682,60	1220,59
682,78	1247,21
682,97	1187,82
683,15	1214,45
683,34	1142,77
683,53	1214,45
683,71	1183,73
683,90	1275,88
684,08	1187,82
684,27	1204,21
684,45	1177,58
684,64	1288,17
684,82	1189,87
685,01	1208,30
685,19	1124,33
685,38	1155,05
685,57	1200,11
685,75	1204,21
685,94	1210,35
686,12	1187,82
686,31	1193,97
686,49	1167,34
686,68	1269,74
686,86	1150,96
687,05	1159,15
687,23	1220,59
687,42	1191,92
687,60	1204,21
687,79	1140,72
687,97	1185,77
688,16	1196,01
688,34	1155,05
688,53	1224,69
688,71	1161,20
688,90	1216,49
689,08	1216,49
689,27	1212,40
689,45	1218,54
689,64	1181,68
689,82	1200,11
690,01	1181,68
690,19	1189,87
690,38	1206,25
690,56	1191,92
690,75	1169,39
690,93	1189,87
691,12	1181,68
691,30	1196,01
691,49	1243,12
691,67	1175,53
691,86	1204,21
692,04	1183,73
692,23	1214,45
692,41	1214,45
692,60	1167,34
692,78	1202,16
692,97	1124,33
693,15	1245,16
693,34	1257,45
693,52	1218,54
693,71	1173,49
693,89	1263,60
694,08	1181,68
694,26	1198,06
694,44	1181,68
694,63	1187,82
694,81	1208,30
695,00	1159,15
695,18	1167,34
695,37	1177,58
695,55	1183,73
695,74	1187,82
695,92	1161,20
696,10	1214,45
696,29	1167,34
696,47	1181,68
696,66	1173,49
696,84	1206,25
697,03	1212,40
697,21	1132,53
697,40	1245,16
697,58	1177,58
697,76	1220,59
697,95	1122,29
698,13	1171,44
698,32	1208,30
698,50	1122,29
698,68	1183,73
698,87	1144,81
699,05	1153,01
699,24	1232,88
699,42	1175,53
699,61	1177,58
699,79	1142,77
699,97	1167,34
700,16	1189,87
700,34	1148,91
700,53	1181,68
700,71	1173,49
700,89	1214,45
701,08	1200,11
701,26	1232,88
701,45	1282,03
701,63	1198,06
701,81	1251,31
702,00	1236,97
702,18	1204,21
702,37	1200,11
702,55	1173,49
702,73	1239,02
702,92	1234,93
703,10	1114,10
703,28	1163,25
703,47	1159,15
703,65	1216,49
703,84	1228,78
704,02	1159,15
704,20	1259,50
704,39	1157,10
704,57	1138,67
704,75	1173,49
704,94	1150,96
705,12	1222,64
705,30	1163,25
705,49	1232,88
705,67	1193,97
705,86	1245,16
706,04	1210,35
706,22	1179,63
706,41	1206,25
706,59	1177,58
706,77	1148,91
706,96	1220,59
707,14	1181,68
707,32	1089,52
707,51	1189,87
707,69	1210,35
707,87	1181,68
708,06	1210,35
708,24	1165,29
708,42	1165,29
708,61	1171,44
708,79	1138,67
708,97	1249,26
709,16	1193,97
709,34	1169,39
709,52	1173,49
709,71	1253,36
709,89	1196,01
710,07	1251,31
710,26	1136,62
710,44	1193,97
710,62	1185,77
710,80	1226,73
710,99	1191,92
711,17	1261,55
711,35	1161,20
711,54	1212,40
711,72	1300,46
711,90	1114,10
712,09	1163,25
712,27	1161,20
712,45	1128,43
712,63	1208,30
712,82	1234,93
713,00	1193,97
713,18	1220,59
713,37	1214,45
713,55	1214,45
713,73	1234,93
713,91	1173,49
714,10	1196,01
714,28	1179,63
714,46	1159,15
714,65	1234,93
714,83	1167,34
715,01	1245,16
715,19	1222,64
715,38	1193,97
715,56	1204,21
715,74	1204,21
715,92	1271,79
716,11	1247,21
716,29	1202,16
716,47	1132,53
716,65	1171,44
716,84	1204,21
717,02	1196,01
717,20	1212,40
717,38	1193,97
717,57	1187,82
717,75	1165,29
717,93	1153,01
718,11	1150,96
718,30	1185,77
718,48	1183,73
718,66	1208,30
718,84	1196,01
719,03	1196,01
719,21	1234,93
719,39	1175,53
719,57	1196,01
719,75	1286,12
719,94	1245,16
720,12	1136,62
720,30	1153,01
720,48	1279,98
720,67	1214,45
720,85	1189,87
721,03	1130,48
721,21	1155,05
721,39	1177,58
721,58	1251,31
721,76	1222,64
721,94	1208,30
722,12	1185,77
722,30	1153,01
722,49	1230,83
722,67	1200,11
722,85	1122,29
723,03	1124,33
723,21	1200,11
723,40	1181,68
723,58	1245,16
723,76	1230,83
723,94	1136,62
724,12	1171,44
724,30	1183,73
724,49	1241,07
724,67	1177,58
724,85	1234,93
725,03	1243,12
725,21	1234,93
725,40	1230,83
725,58	1255,40
725,76	1163,25
725,94	1140,72
726,12	1191,92
726,30	1218,54
726,49	1208,30
726,67	1187,82
726,85	1167,34
727,03	1142,77
727,21	1257,45
727,39	1165,29
727,57	1204,21
727,76	1085,42
727,94	1236,97
728,12	1234,93
728,30	1206,25
728,48	1247,21
728,66	1163,25
728,84	1177,58
729,03	1175,53
729,21	1150,96
729,39	1167,34
729,57	1173,49
729,75	1181,68
729,93	1191,92
730,11	1175,53
730,30	1134,57
730,48	1208,30
730,66	1210,35
730,84	1181,68
731,02	1193,97
731,20	1159,15
731,38	1146,86
731,56	1206,25
731,74	1171,44
731,93	1167,34
732,11	1177,58
732,29	1230,83
732,47	1228,78
732,65	1163,25
732,83	1187,82
733,01	1230,83
733,19	1142,77
733,37	1157,10
733,56	1239,02
733,74	1228,78
733,92	1183,73
734,10	1224,69
734,28	1173,49
734,46	1218,54
734,64	1183,73
734,82	1202,16
735,00	1261,55
735,18	1107,95
735,36	1142,77
735,54	1241,07
735,73	1163,25
735,91	1216,49
736,09	1171,44
736,27	1187,82
736,45	1228,78
736,63	1206,25
736,81	1183,73
736,99	1193,97
737,17	1189,87
737,35	1232,88
737,53	1224,69
737,71	1150,96
737,89	1198,06
738,07	1196,01
738,25	1224,69
738,43	1171,44
738,61	1187,82
738,80	1196,01
738,98	1267,69
739,16	1208,30
739,34	1144,81
739,52	1236,97
739,70	1177,58
739,88	1212,40
740,06	1198,06
740,24	1173,49
740,42	1228,78
740,60	1198,06
740,78	1150,96
740,96	1187,82
741,14	1222,64
741,32	1161,20
741,50	1177,58
741,68	1155,05
741,86	1245,16
742,04	1183,73
742,22	1159,15
742,40	1228,78
742,58	1171,44
742,76	1173,49
742,94	1169,39
743,12	1282,03
743,30	1232,88
743,48	1245,16
743,66	1183,73
743,84	1226,73
744,02	1150,96
744,20	1216,49
744,38	1247,21
744,56	1155,05
744,74	1148,91
744,92	1163,25
745,10	1204,21
745,28	1183,73
745,46	1214,45
745,64	1155,05
745,82	1163,25
746,00	1228,78
746,18	1206,25
746,36	1187,82
746,54	1163,25
746,72	1224,69
746,90	1165,29
747,08	1189,87
747,26	1165,29
747,44	1241,07
747,62	1234,93
747,80	1204,21
747,98	1189,87
748,15	1202,16
748,33	1247,21
748,51	1277,93
748,69	1150,96
748,87	1181,68
749,05	1187,82
749,23	1189,87
749,41	1157,10
749,59	1144,81
749,77	1224,69
749,95	1232,88
750,13	1249,26
750,31	1267,69
750,49	1247,21
750,67	1232,88
750,85	1157,10
751,03	1196,01
751,20	1239,02
751,38	1183,73
751,56	1198,06
751,74	1222,64
751,92	1220,59
752,10	1146,86
752,28	1204,21
752,46	1216,49
752,64	1183,73
752,82	1198,06
753,00	1138,67
753,18	1204,21
753,35	1077,23
753,53	1206,25
753,71	1179,63
753,89	1146,86
754,07	1181,68
754,25	1247,21
754,43	1179,63
754,61	1165,29
754,79	1193,97
754,97	1216,49
755,14	1234,93
755,32	1228,78
755,50	1185,77
755,68	1208,30
755,86	1214,45
756,04	1224,69
756,22	1169,39
756,40	1222,64
756,57	1218,54
756,75	1226,73
756,93	1185,77
757,11	1183,73
757,29	1239,02
757,47	1200,11
757,65	1193,97
757,82	1175,53
758,00	1179,63
758,18	1210,35
758,36	1126,38
758,54	1292,27
758,72	1204,21
758,90	1163,25
759,07	1204,21
759,25	1155,05
759,43	1241,07
759,61	1224,69
759,79	1245,16
759,97	1208,30
760,15	1189,87
760,32	1189,87
760,50	1290,22
760,68	1218,54
760,86	1216,49
761,04	1157,10
761,22	1144,81
761,39	1228,78
761,57	1189,87
761,75	1202,16
761,93	1202,16
762,11	1200,11
762,28	1187,82
762,46	1169,39
762,64	1103,86
762,82	1208,30
763,00	1163,25
763,18	1175,53
763,35	1224,69
763,53	1204,21
763,71	1179,63
763,89	1234,93
764,07	1144,81
764,24	1261,55
764,42	1228,78
764,60	1142,77
764,78	1157,10
764,96	1171,44
765,13	1191,92
765,31	1171,44
765,49	1187,82
765,67	1150,96
765,84	1144,81
766,02	1159,15
766,20	1187,82
766,38	1200,11
766,56	1267,69
766,73	1183,73
766,91	1183,73
767,09	1236,97
767,27	1169,39
767,44	1165,29
767,62	1189,87
767,80	1226,73
767,98	1120,24
768,15	1216,49
768,33	1187,82
768,51	1189,87
768,69	1251,31
768,87	1189,87
769,04	1210,35
769,22	1279,98
769,40	1204,21
769,58	1263,60
769,75	1249,26
769,93	1130,48
770,11	1181,68
770,28	1214,45
770,46	1167,34
770,64	1226,73
770,82	1249,26
770,99	1167,34
771,17	1198,06
771,35	1275,88
771,53	1226,73
771,70	1239,02
771,88	1224,69
772,06	1230,83
772,23	1220,59
772,41	1208,30
772,59	1204,21
772,77	1220,59
772,94	1183,73
773,12	1157,10
773,30	1150,96
773,47	1212,40
773,65	1259,50
773,83	1161,20
774,01	1288,17
774,18	1185,77
774,36	1187,82
774,54	1212,40
774,71	1193,97
774,89	1226,73
775,07	1179,63
775,24	1222,64
775,42	1173,49
775,60	1214,45
775,78	1210,35
775,95	1230,83
776,13	1187,82
776,31	1155,05
776,48	1191,92
776,66	1198,06
776,84	1189,87
777,01	1202,16
777,19	1224,69
777,37	1189,87
777,54	1175,53
777,72	1136,62
777,90	1148,91
778,07	1187,82
778,25	1249,26
778,43	1140,72
778,60	1196,01
778,78	1189,87
778,96	1189,87
779,13	1279,98
779,31	1226,73
779,49	1161,20
779,66	1126,38
779,84	1189,87
780,01	1212,40
780,19	1200,11
780,37	1228,78
780,54	1173,49
780,72	1261,55
780,90	1247,21
781,07	1216,49
781,25	1230,83
781,43	1150,96
781,60	1196,01
781,78	1247,21
781,95	1189,87
782,13	1183,73
782,31	1171,44
782,48	1183,73
782,66	1232,88
782,83	1175,53
783,01	1187,82
783,19	1216,49
783,36	1216,49
783,54	1155,05
783,72	1196,01
783,89	1212,40
784,07	1157,10
784,24	1148,91
784,42	1243,12
784,60	1173,49
784,77	1236,97
784,95	1212,40
785,12	1218,54
785,30	1245,16
785,47	1216,49
785,65	1222,64
785,83	1114,10
786,00	1161,20
786,18	1183,73
786,35	1177,58
786,53	1150,96
786,71	1202,16
786,88	1189,87
787,06	1159,15
787,23	1132,53
787,41	1118,19
787,58	1169,39
787,76	1165,29
787,94	1243,12
788,11	1216,49
788,29	1167,34
788,46	1105,90
788,64	1144,81
788,81	1181,68
788,99	1204,21
789,16	1198,06
789,34	1128,43
789,52	1175,53
789,69	1228,78
789,87	1189,87
790,04	1222,64
790,22	1241,07
790,39	1241,07
790,57	1230,83
790,74	1175,53
790,92	1191,92
791,09	1148,91
791,27	1198,06
791,44	1265,64
791,62	1183,73
791,79	1130,48
791,97	1177,58
792,15	1234,93
792,32	1189,87
792,50	1161,20
792,67	1196,01
792,85	1148,91
793,02	1142,77
793,20	1220,59
793,37	1142,77
793,55	1241,07
793,72	1191,92
793,90	1167,34
794,07	1175,53
794,25	1202,16
794,42	1212,40
794,60	1159,15
794,77	1126,38
794,95	1202,16
795,12	1185,77
795,30	1193,97
795,47	1267,69
795,65	1222,64
795,82	1224,69
796,00	1187,82
796,17	1146,86
796,34	1210,35
796,52	1193,97
796,69	1193,97
796,87	1157,10
797,04	1259,50
797,22	1200,11
797,39	1241,07
797,57	1044,46
797,74	1177,58
797,92	1118,19
798,09	1206,25
798,27	1191,92
798,44	1128,43
798,62	1232,88
798,79	1259,50
798,96	1224,69
799,14	1132,53
799,31	1220,59
799,49	1243,12
799,66	1218,54
799,84	1226,73
800,01	1212,40
800,19	1175,53
800,36	1191,92
800,53	1220,59
800,71	1196,01
800,88	1196,01
801,06	1204,21
801,23	1230,83
801,41	1159,15
801,58	1241,07
801,75	1171,44
801,93	1273,84
802,10	1159,15
802,28	1136,62
802,45	1144,81
802,63	1210,35
802,80	1220,59
802,97	1173,49
803,15	1187,82
803,32	1112,05
803,50	1171,44
803,67	1241,07
803,84	1212,40
804,02	1269,74
804,19	1179,63
804,37	1179,63
804,54	1191,92
804,71	1204,21
804,89	1138,67
805,06	1173,49
805,24	1114,10
805,41	1193,97
805,58	1228,78
805,76	1191,92
805,93	1208,30
806,10	1204,21
806,28	1185,77
806,45	1255,40
806,63	1144,81
806,80	1222,64
806,97	1198,06
807,15	1224,69
807,32	1150,96
807,49	1218,54
807,67	1212,40
807,84	1159,15
808,01	1144,81
808,19	1253,36
808,36	1216,49
808,54	1167,34
808,71	1249,26
808,88	1198,06
809,06	1196,01
809,23	1161,20
809,40	1204,21
809,58	1236,97
809,75	1157,10
809,92	1257,45
810,10	1245,16
810,27	1241,07
810,44	1128,43
810,62	1224,69
810,79	1282,03
810,96	1220,59
811,14	1120,24
811,31	1239,02
811,48	1206,25
811,66	1177,58
811,83	1165,29
812,00	1146,86
812,18	1224,69
812,35	1228,78
812,52	1187,82
812,69	1200,11
812,87	1204,21
813,04	1234,93
813,21	1093,62
813,39	1183,73
813,56	1198,06
813,73	1216,49
813,91	1212,40
814,08	1259,50
814,25	1214,45
814,42	1232,88
814,60	1146,86
814,77	1220,59
814,94	1140,72
815,12	1214,45
815,29	1177,58
815,46	1214,45
815,63	1255,40
815,81	1161,20
815,98	1200,11
816,15	1169,39
816,33	1187,82
816,50	1171,44
816,67	1144,81
816,84	1210,35
817,02	1171,44
817,19	1181,68
817,36	1220,59
817,53	1173,49
817,71	1214,45
817,88	1210,35
818,05	1191,92
818,22	1179,63
818,40	1148,91
818,57	1165,29
818,74	1171,44
818,91	1165,29
819,09	1306,60
819,26	1212,40
819,43	1140,72
819,60	1212,40
819,78	1150,96
819,95	1198,06
820,12	1198,06
820,29	1165,29
820,47	1157,10
820,64	1173,49
820,81	1206,25
820,98	1208,30
821,15	1130,48
821,33	1155,05
821,50	1159,15
821,67	1216,49
821,84	1144,81
822,02	1165,29
822,19	1243,12
822,36	1144,81
822,53	1169,39
822,70	1218,54
822,88	1239,02
823,05	1175,53
823,22	1265,64
823,39	1220,59
823,56	1175,53
823,74	1222,64
823,91	1159,15
824,08	1228,78
824,25	1212,40
824,42	1288,17
824,60	1236,97
824,77	1169,39
824,94	1179,63
825,11	1214,45
825,28	1112,05
825,45	1171,44
825,63	1220,59
825,80	1140,72
825,97	1259,50
826,14	1157,10
826,31	1196,01
826,48	1245,16
826,66	1165,29
826,83	1204,21
827,00	1157,10
827,17	1245,16
827,34	1148,91
827,51	1200,11
827,69	1232,88
827,86	1146,86
828,03	1253,36
828,20	1177,58
828,37	1193,97
828,54	1157,10
828,71	1155,05
828,89	1204,21
829,06	1183,73
829,23	1236,97
829,40	1171,44
829,57	1142,77
829,74	1282,03
829,91	1222,64
830,09	1204,21
830,26	1267,69
830,43	1230,83
830,60	1220,59
830,77	1187,82
830,94	1220,59
831,11	1269,74
831,28	1224,69
831,46	1130,48
831,63	1191,92
831,80	1193,97
831,97	1198,06
832,14	1202,16
832,31	1163,25
832,48	1183,73
832,65	1136,62
832,82	1155,05
832,99	1173,49
833,17	1228,78
833,34	1153,01
833,51	1206,25
833,68	1206,25
833,85	1269,74
834,02	1193,97
834,19	1157,10
834,36	1202,16
834,53	1185,77
834,70	1142,77
834,87	1191,92
835,04	1140,72
835,22	1179,63
835,39	1288,17
835,56	1191,92
835,73	1224,69
835,90	1212,40
836,07	1208,30
836,24	1239,02
836,41	1222,64
836,58	1210,35
836,75	1222,64
836,92	1142,77
837,09	1171,44
837,26	1161,20
837,43	1110,00
837,60	1179,63
837,77	1216,49
837,94	1177,58
838,12	1138,67
838,29	1146,86
838,46	1189,87
838,63	1255,40
838,80	1224,69
838,97	1159,15
839,14	1241,07
839,31	1230,83
839,48	1206,25
839,65	1193,97
839,82	1302,51
839,99	1228,78
840,16	1165,29
840,33	1179,63
840,50	1234,93
840,67	1153,01
840,84	1228,78
841,01	1234,93
841,18	1177,58
841,35	1128,43
841,52	1290,22
841,69	1208,30
841,86	1253,36
842,03	1169,39
842,20	1216,49
842,37	1128,43
842,54	1200,11
842,71	1187,82
842,88	1187,82
843,05	1249,26
843,22	1138,67
843,39	1198,06
843,56	1163,25
843,73	1187,82
843,90	1204,21
844,07	1208,30
844,24	1255,40
844,41	1165,29
844,58	1251,31
844,75	1181,68
844,92	1185,77
845,09	1150,96
845,26	1241,07
845,43	1239,02
845,60	1304,56
845,77	1247,21
845,94	1220,59
846,10	1130,48
846,27	1187,82
846,44	1175,53
846,61	1146,86
846,78	1255,40
846,95	1204,21
847,12	1204,21
847,29	1122,29
847,46	1165,29
847,63	1247,21
847,80	1200,11
847,97	1173,49
848,14	1130,48
848,31	1183,73
848,48	1161,20
848,65	1228,78
848,82	1241,07
848,98	1191,92
849,15	1236,97
849,32	1181,68
849,49	1277,93
849,66	1206,25
849,83	1212,40
850,00	1220,59
850,17	1167,34
850,34	1167,34
850,51	1222,64
850,68	1173,49
850,85	1275,88
851,01	1157,10
851,18	1165,29
851,35	1187,82
851,52	1173,49
851,69	1189,87
851,86	1224,69
852,03	1269,74
852,20	1187,82
852,37	1208,30
852,53	1193,97
852,70	1181,68
852,87	1179,63
853,04	1138,67
853,21	1196,01
853,38	1189,87
853,55	1189,87
853,72	1253,36
853,89	1185,77
854,05	1212,40
854,22	1165,29
854,39	1187,82
854,56	1155,05
854,73	1163,25
854,90	1114,10
855,07	1206,25
855,23	1212,40
855,40	1241,07
855,57	1189,87
855,74	1144,81
855,91	1173,49
856,08	1208,30
856,25	1148,91
856,41	1216,49
856,58	1222,64
856,75	1230,83
856,92	1216,49
857,09	1150,96
857,26	1232,88
857,42	1132,53
857,59	1234,93
857,76	1167,34
857,93	1150,96
858,10	1239,02
858,27	1112,05
858,43	1150,96
858,60	1232,88
858,77	1208,30
858,94	1263,60
859,11	1138,67
859,27	1206,25
859,44	1193,97
859,61	1167,34
859,78	1218,54
859,95	1212,40
860,12	1253,36
860,28	1191,92
860,45	1212,40
860,62	1177,58
860,79	1159,15
860,95	1157,10
861,12	1226,73
861,29	1243,12
861,46	1183,73
861,63	1157,10
861,79	1181,68
861,96	1150,96
862,13	1212,40
862,30	1245,16
862,47	1216,49
862,63	1232,88
862,80	1181,68
862,97	1130,48
863,14	1216,49
863,30	1273,84
863,47	1204,21
863,64	1218,54
863,81	1261,55
863,97	1161,20
864,14	1249,26
864,31	1220,59
864,48	1222,64
864,65	1259,50
864,81	1075,18
864,98	1159,15
865,15	1193,97
865,32	1177,58
865,48	1206,25
865,65	1142,77
865,82	1165,29
865,98	1228,78
866,15	1193,97
866,32	1216,49
866,49	1165,29
866,65	1259,50
866,82	1163,25
866,99	1222,64
867,16	1218,54
867,32	1110,00
867,49	1177,58
867,66	1191,92
867,83	1239,02
867,99	1130,48
868,16	1249,26
868,33	1198,06
868,49	1230,83
868,66	1138,67
868,83	1193,97
868,99	1126,38
869,16	1169,39
869,33	1241,07
869,50	1206,25
869,66	1232,88
869,83	1230,83
870,00	1243,12
870,16	1206,25
870,33	1187,82
870,50	1265,64
870,66	1228,78
870,83	1157,10
871,00	1232,88
871,17	1202,16
871,33	1259,50
871,50	1171,44
871,67	1114,10
871,83	1155,05
872,00	1163,25
872,17	1204,21
872,33	1173,49
872,50	1163,25
872,67	1136,62
872,83	1267,69
873,00	1200,11
873,17	1173,49
873,33	1140,72
873,50	1200,11
873,67	1261,55
873,83	1208,30
874,00	1122,29
874,16	1142,77
874,33	1204,21
874,50	1189,87
874,66	1122,29
874,83	1146,86
875,00	1171,44
875,16	1110,00
875,33	1257,45
875,50	1249,26
875,66	1163,25
875,83	1300,46
875,99	1202,16
876,16	1214,45
876,33	1247,21
876,49	1144,81
876,66	1144,81
876,83	1224,69
876,99	1130,48
877,16	1163,25
877,32	1167,34
877,49	1204,21
877,66	1161,20
877,82	1222,64
877,99	1191,92
878,15	1196,01
878,32	1181,68
878,49	1167,34
878,65	1208,30
878,82	1181,68
878,98	1120,24
879,15	1136,62
879,32	1232,88
879,48	1255,40
879,65	1236,97
879,81	1228,78
879,98	1122,29
880,15	1210,35
880,31	1173,49
880,48	1183,73
880,64	1214,45
880,81	1216,49
880,97	1150,96
881,14	1202,16
881,31	1159,15
881,47	1175,53
881,64	1208,30
881,80	1214,45
881,97	1243,12
882,13	1200,11
882,30	1165,29
882,47	1167,34
882,63	1247,21
882,80	1222,64
882,96	1128,43
883,13	1230,83
883,29	1144,81
883,46	1296,36
883,62	1185,77
883,79	1193,97
883,95	1220,59
884,12	1171,44
884,29	1279,98
884,45	1230,83
884,62	1185,77
884,78	1189,87
884,95	1236,97
885,11	1161,20
885,28	1296,36
885,44	1239,02
885,61	1208,30
885,77	1224,69
885,94	1179,63
886,10	1155,05
886,27	1187,82
886,43	1146,86
886,60	1216,49
886,76	1128,43
886,93	1226,73
887,09	1187,82
887,26	1234,93
887,42	1159,15
887,59	1136,62
887,75	1243,12
887,92	1243,12
888,08	1177,58
888,25	1249,26
888,41	1228,78
888,58	1103,86
888,74	1228,78
888,91	1161,20
