177,47	1161,20
177,69	1161,20
177,91	1161,20
178,13	1200,11
178,36	1179,63
178,58	1183,73
178,80	1208,30
179,02	1171,44
179,24	1167,34
179,46	1196,01
179,68	1175,53
179,90	1230,83
180,13	1210,35
180,35	1226,73
180,57	1206,25
180,79	1236,97
181,01	1173,49
181,23	1171,44
181,45	1167,34
181,67	1224,69
181,90	1245,16
182,12	1302,51
182,34	1183,73
182,56	1210,35
182,78	1292,27
183,00	1153,01
183,22	1189,87
183,44	1265,64
183,66	1239,02
183,89	1185,77
184,11	1226,73
184,33	1202,16
184,55	1177,58
184,77	1216,49
184,99	1148,91
185,21	1232,88
185,43	1222,64
185,65	1200,11
185,87	1187,82
186,10	1130,48
186,32	1249,26
186,54	1218,54
186,76	1193,97
186,98	1249,26
187,20	1204,21
187,42	1163,25
187,64	1185,77
187,86	1216,49
188,08	1167,34
188,30	1165,29
188,52	1179,63
188,75	1173,49
188,97	1191,92
189,19	1134,57
189,41	1155,05
189,63	1243,12
189,85	1183,73
190,07	1179,63
190,29	1222,64
190,51	1146,86
190,73	1232,88
190,95	1144,81
191,17	1130,48
191,39	1118,19
191,61	1265,64
191,84	1236,97
192,06	1183,73
192,28	1220,59
192,50	1212,40
192,72	1167,34
192,94	1241,07
193,16	1165,29
193,38	1198,06
193,60	1249,26
193,82	1206,25
194,04	1269,74
194,26	1136,62
194,48	1187,82
194,70	1241,07
194,92	1204,21
195,14	1198,06
195,36	1220,59
195,58	1277,93
195,80	1153,01
196,02	1196,01
196,24	1171,44
196,46	1224,69
196,69	1214,45
196,91	1187,82
197,13	1165,29
197,35	1191,92
197,57	1167,34
197,79	1202,16
198,01	1167,34
198,23	1245,16
198,45	1232,88
198,67	1206,25
198,89	1187,82
199,11	1206,25
199,33	1155,05
199,55	1206,25
199,77	1167,34
199,99	1200,11
200,21	1163,25
200,43	1148,91
200,65	1228,78
200,87	1218,54
201,09	1236,97
201,31	1216,49
201,53	1140,72
201,75	1249,26
201,97	1177,58
202,19	1150,96
202,41	1212,40
202,63	1294,32
202,85	1236,97
203,07	1241,07
203,29	1251,31
203,51	1198,06
203,73	1214,45
203,95	1179,63
204,17	1208,30
204,39	1208,30
204,61	1171,44
204,83	1261,55
205,05	1212,40
205,27	1216,49
205,49	1173,49
205,71	1183,73
205,93	1210,35
206,15	1200,11
206,37	1239,02
206,59	1163,25
206,81	1206,25
207,03	1169,39
207,25	1214,45
207,47	1146,86
207,69	1269,74
207,91	1179,63
208,13	1196,01
208,34	1167,34
208,56	1228,78
208,78	1163,25
209,00	1157,10
209,22	1216,49
209,44	1200,11
209,66	1282,03
209,88	1189,87
210,10	1206,25
210,32	1206,25
210,54	1298,41
210,76	1177,58
210,98	1173,49
211,20	1193,97
211,42	1155,05
211,64	1200,11
211,86	1290,22
212,08	1196,01
212,30	1159,15
212,52	1206,25
212,74	1275,88
212,96	1214,45
213,17	1232,88
213,39	1265,64
213,61	1181,68
213,83	1134,57
214,05	1243,12
214,27	1200,11
214,49	1191,92
214,71	1179,63
214,93	1226,73
215,15	1175,53
215,37	1130,48
215,59	1304,56
215,81	1257,45
216,03	1236,97
216,24	1208,30
216,46	1224,69
216,68	1218,54
216,90	1204,21
217,12	1239,02
217,34	1173,49
217,56	1189,87
217,78	1251,31
218,00	1212,40
218,22	1173,49
218,44	1236,97
218,66	1167,34
218,87	1208,30
219,09	1114,10
219,31	1175,53
219,53	1157,10
219,75	1183,73
219,97	1273,84
220,19	1185,77
220,41	1269,74
220,63	1183,73
220,85	1185,77
221,06	1239,02
221,28	1189,87
221,50	1216,49
221,72	1191,92
221,94	1222,64
222,16	1169,39
222,38	1183,73
222,60	1210,35
222,82	1216,49
223,03	1196,01
223,25	1165,29
223,47	1265,64
223,69	1239,02
223,91	1122,29
224,13	1118,19
224,35	1200,11
224,57	1257,45
224,78	1169,39
225,00	1189,87
225,22	1204,21
225,44	1179,63
225,66	1210,35
225,88	1202,16
226,10	1202,16
226,32	1261,55
226,53	1193,97
226,75	1155,05
226,97	1191,92
227,19	1216,49
227,41	1120,24
227,63	1210,35
227,85	1083,38
228,06	1236,97
228,28	1191,92
228,50	1212,40
228,72	1171,44
228,94	1107,95
229,16	1161,20
229,37	1173,49
229,59	1175,53
229,81	1294,32
230,03	1173,49
230,25	1251,31
230,47	1179,63
230,69	1183,73
230,90	1196,01
231,12	1214,45
231,34	1210,35
231,56	1193,97
231,78	1200,11
232,00	1134,57
232,21	1243,12
232,43	1210,35
232,65	1146,86
232,87	1191,92
233,09	1212,40
233,30	1148,91
233,52	1261,55
233,74	1157,10
233,96	1206,25
234,18	1218,54
234,40	1175,53
234,61	1163,25
234,83	1236,97
235,05	1181,68
235,27	1196,01
235,49	1288,17
235,70	1222,64
235,92	1228,78
236,14	1206,25
236,36	1228,78
236,58	1181,68
236,79	1144,81
237,01	1241,07
237,23	1204,21
237,45	1232,88
237,67	1218,54
237,88	1220,59
238,10	1187,82
238,32	1228,78
238,54	1204,21
238,76	1224,69
238,97	1208,30
239,19	1173,49
239,41	1198,06
239,63	1142,77
239,85	1200,11
240,06	1161,20
240,28	1202,16
240,50	1226,73
240,72	1212,40
240,93	1232,88
241,15	1226,73
241,37	1204,21
241,59	1296,36
241,81	1122,29
242,02	1271,79
242,24	1175,53
242,46	1208,30
242,68	1198,06
242,89	1206,25
243,11	1177,58
243,33	1216,49
243,55	1206,25
243,76	1220,59
243,98	1196,01
244,20	1136,62
244,42	1226,73
244,64	1189,87
244,85	1179,63
245,07	1214,45
245,29	1183,73
245,51	1185,77
245,72	1157,10
245,94	1208,30
246,16	1193,97
246,38	1241,07
246,59	1208,30
246,81	1206,25
247,03	1226,73
247,24	1236,97
247,46	1226,73
247,68	1202,16
247,90	1236,97
248,11	1191,92
248,33	1224,69
248,55	1241,07
248,77	1181,68
248,98	1267,69
249,20	1148,91
249,42	1196,01
249,64	1193,97
249,85	1232,88
250,07	1216,49
250,29	1169,39
250,50	1161,20
250,72	1183,73
250,94	1245,16
251,16	1220,59
251,37	1163,25
251,59	1189,87
251,81	1202,16
252,02	1206,25
252,24	1236,97
252,46	1208,30
252,68	1206,25
252,89	1200,11
253,11	1204,21
253,33	1253,36
253,54	1206,25
253,76	1269,74
253,98	1187,82
254,20	1198,06
254,41	1165,29
254,63	1183,73
254,85	1224,69
255,06	1216,49
255,28	1232,88
255,50	1214,45
255,71	1273,84
255,93	1167,34
256,15	1261,55
256,36	1179,63
256,58	1187,82
256,80	1310,70
257,02	1224,69
257,23	1239,02
257,45	1271,79
257,67	1175,53
257,88	1210,35
258,10	1239,02
258,32	1167,34
258,53	1175,53
258,75	1222,64
258,97	1196,01
259,18	1226,73
259,40	1132,53
259,62	1241,07
259,83	1282,03
260,05	1183,73
260,27	1286,12
260,48	1284,08
260,70	1181,68
260,92	1181,68
261,13	1218,54
261,35	1253,36
261,57	1253,36
261,78	1220,59
262,00	1185,77
262,22	1259,50
262,43	1208,30
262,65	1208,30
262,86	1150,96
263,08	1222,64
263,30	1196,01
263,51	1189,87
263,73	1159,15
263,95	1193,97
264,16	1187,82
264,38	1234,93
264,60	1185,77
264,81	1312,75
265,03	1163,25
265,25	1142,77
265,46	1224,69
265,68	1230,83
265,89	1265,64
266,11	1208,30
266,33	1185,77
266,54	1236,97
266,76	1171,44
266,98	1212,40
267,19	1265,64
267,41	1234,93
267,62	1216,49
267,84	1122,29
268,06	1222,64
268,27	1171,44
268,49	1173,49
268,70	1126,38
268,92	1163,25
269,14	1189,87
269,35	1210,35
269,57	1128,43
269,79	1202,16
270,00	1241,07
270,22	1140,72
270,43	1202,16
270,65	1191,92
270,87	1206,25
271,08	1204,21
271,30	1155,05
271,51	1257,45
271,73	1175,53
271,95	1265,64
272,16	1228,78
272,38	1155,05
272,59	1226,73
272,81	1198,06
273,02	1169,39
273,24	1214,45
273,46	1204,21
273,67	1144,81
273,89	1255,40
274,10	1214,45
274,32	1251,31
274,54	1208,30
274,75	1171,44
274,97	1198,06
275,18	1210,35
275,40	1187,82
275,61	1222,64
275,83	1212,40
276,05	1204,21
276,26	1220,59
276,48	1103,86
276,69	1255,40
276,91	1130,48
277,12	1265,64
277,34	1216,49
277,55	1210,35
277,77	1224,69
277,99	1214,45
278,20	1130,48
278,42	1253,36
278,63	1243,12
278,85	1198,06
279,06	1155,05
279,28	1204,21
279,49	1208,30
279,71	1189,87
279,93	1167,34
280,14	1183,73
280,36	1236,97
280,57	1218,54
280,79	1200,11
281,00	1155,05
281,22	1191,92
281,43	1144,81
281,65	1191,92
281,86	1171,44
282,08	1196,01
282,29	1134,57
282,51	1232,88
282,73	1062,90
282,94	1124,33
283,16	1228,78
283,37	1200,11
283,59	1212,40
283,80	1208,30
284,02	1177,58
284,23	1204,21
284,45	1189,87
284,66	1247,21
284,88	1181,68
285,09	1212,40
285,31	1212,40
285,52	1191,92
285,74	1208,30
285,95	1198,06
286,17	1273,84
286,38	1208,30
286,60	1177,58
286,81	1193,97
287,03	1247,21
287,24	1239,02
287,46	1239,02
287,67	1173,49
287,89	1232,88
288,10	1218,54
288,32	1185,77
288,53	1210,35
288,75	1255,40
288,96	1171,44
289,18	1200,11
289,39	1282,03
289,61	1220,59
289,82	1196,01
290,04	1181,68
290,25	1214,45
290,47	1175,53
290,68	1234,93
290,90	1245,16
291,11	1226,73
291,33	1183,73
291,54	1243,12
291,76	1232,88
291,97	1175,53
292,18	1249,26
292,40	1150,96
292,61	1206,25
292,83	1130,48
293,04	1222,64
293,26	1214,45
293,47	1220,59
293,69	1220,59
293,90	1224,69
294,12	1222,64
294,33	1138,67
294,55	1230,83
294,76	1239,02
294,97	1220,59
295,19	1236,97
295,40	1253,36
295,62	1191,92
295,83	1202,16
296,05	1286,12
296,26	1200,11
296,48	1208,30
296,69	1273,84
296,90	1228,78
297,12	1247,21
297,33	1130,48
297,55	1105,90
297,76	1175,53
297,98	1218,54
298,19	1196,01
298,41	1222,64
298,62	1179,63
298,83	1169,39
299,05	1181,68
299,26	1187,82
299,48	1243,12
299,69	1093,62
299,90	1200,11
300,12	1196,01
300,33	1183,73
300,55	1226,73
300,76	1196,01
300,98	1175,53
301,19	1228,78
301,40	1161,20
301,62	1263,60
301,83	1130,48
302,05	1216,49
302,26	1167,34
302,47	1257,45
302,69	1249,26
302,90	1208,30
303,12	1183,73
303,33	1220,59
303,54	1232,88
303,76	1142,77
303,97	1185,77
304,19	1191,92
304,40	1222,64
304,61	1218,54
304,83	1239,02
305,04	1208,30
305,26	1218,54
305,47	1232,88
305,68	1271,79
305,90	1222,64
306,11	1222,64
306,33	1169,39
306,54	1253,36
306,75	1226,73
306,97	1234,93
307,18	1183,73
307,39	1150,96
307,61	1245,16
307,82	1146,86
308,04	1189,87
308,25	1230,83
308,46	1212,40
308,68	1183,73
308,89	1224,69
309,10	1263,60
309,32	1232,88
309,53	1142,77
309,74	1204,21
309,96	1239,02
310,17	1253,36
310,39	1222,64
310,60	1232,88
310,81	1196,01
311,03	1249,26
311,24	1200,11
311,45	1189,87
311,67	1181,68
311,88	1222,64
312,09	1247,21
312,31	1171,44
312,52	1183,73
312,73	1159,15
312,95	1222,64
313,16	1298,41
313,37	1212,40
313,59	1181,68
313,80	1198,06
314,01	1234,93
314,23	1234,93
314,44	1202,16
314,65	1204,21
314,87	1222,64
315,08	1216,49
315,29	1210,35
315,51	1187,82
315,72	1214,45
315,93	1193,97
316,15	1200,11
316,36	1234,93
316,57	1146,86
316,79	1193,97
317,00	1226,73
317,21	1220,59
317,43	1249,26
317,64	1146,86
317,85	1150,96
318,07	1181,68
318,28	1245,16
318,49	1202,16
318,70	1259,50
318,92	1200,11
319,13	1243,12
319,34	1208,30
319,56	1267,69
319,77	1171,44
319,98	1105,90
320,20	1241,07
320,41	1175,53
320,62	1245,16
320,83	1208,30
321,05	1177,58
321,26	1181,68
321,47	1214,45
321,69	1277,93
321,90	1187,82
322,11	1142,77
322,32	1249,26
322,54	1148,91
322,75	1226,73
322,96	1224,69
323,18	1232,88
323,39	1114,10
323,60	1239,02
323,81	1155,05
324,03	1196,01
324,24	1169,39
324,45	1249,26
324,66	1200,11
324,88	1183,73
325,09	1257,45
325,30	1138,67
325,52	1206,25
325,73	1198,06
325,94	1175,53
326,15	1183,73
326,37	1216,49
326,58	1181,68
326,79	1251,31
327,00	1271,79
327,22	1193,97
327,43	1167,34
327,64	1265,64
327,85	1159,15
328,07	1232,88
328,28	1146,86
328,49	1212,40
328,70	1200,11
328,92	1161,20
329,13	1163,25
329,34	1183,73
329,55	1208,30
329,76	1247,21
329,98	1259,50
330,19	1214,45
330,40	1216,49
330,61	1157,10
330,83	1232,88
331,04	1206,25
331,25	1157,10
331,46	1200,11
331,68	1196,01
331,89	1224,69
332,10	1163,25
332,31	1245,16
332,52	1157,10
332,74	1232,88
332,95	1200,11
333,16	1171,44
333,37	1236,97
333,58	1212,40
333,80	1165,29
334,01	1187,82
334,22	1130,48
334,43	1208,30
334,64	1193,97
334,86	1277,93
335,07	1196,01
335,28	1232,88
335,49	1114,10
335,70	1208,30
335,92	1200,11
336,13	1163,25
336,34	1157,10
336,55	1200,11
336,76	1185,77
336,98	1232,88
337,19	1220,59
337,40	1189,87
337,61	1175,53
337,82	1212,40
338,04	1165,29
338,25	1163,25
338,46	1196,01
338,67	1204,21
338,88	1220,59
339,09	1150,96
339,31	1177,58
339,52	1198,06
339,73	1122,29
339,94	1245,16
340,15	1142,77
340,36	1204,21
340,58	1185,77
340,79	1269,74
341,00	1183,73
341,21	1232,88
341,42	1189,87
341,63	1191,92
341,85	1163,25
342,06	1218,54
342,27	1185,77
342,48	1220,59
342,69	1155,05
342,90	1114,10
343,12	1236,97
343,33	1171,44
343,54	1220,59
343,75	1183,73
343,96	1208,30
344,17	1155,05
344,38	1234,93
344,60	1169,39
344,81	1105,90
345,02	1179,63
345,23	1101,81
345,44	1241,07
345,65	1198,06
345,86	1187,82
346,07	1140,72
346,29	1157,10
346,50	1048,56
346,71	1247,21
346,92	1243,12
347,13	1181,68
347,34	1236,97
347,55	1261,55
347,76	1169,39
347,98	1234,93
348,19	1169,39
348,40	1212,40
348,61	1177,58
348,82	1239,02
349,03	1153,01
349,24	1185,77
349,45	1220,59
349,66	1206,25
349,88	1224,69
350,09	1234,93
350,30	1173,49
350,51	1230,83
350,72	1191,92
350,93	1208,30
351,14	1265,64
351,35	1224,69
351,56	1245,16
351,77	1282,03
351,99	1132,53
352,20	1200,11
352,41	1241,07
352,62	1202,16
352,83	1157,10
353,04	1265,64
353,25	1206,25
353,46	1167,34
353,67	1206,25
353,88	1206,25
354,09	1159,15
354,30	1140,72
354,52	1171,44
354,73	1167,34
354,94	1200,11
355,15	1253,36
355,36	1243,12
355,57	1273,84
355,78	1226,73
355,99	1228,78
356,20	1243,12
356,41	1259,50
356,62	1175,53
356,83	1249,26
357,04	1206,25
357,25	1142,77
357,46	1150,96
357,68	1163,25
357,89	1210,35
358,10	1148,91
358,31	1181,68
358,52	1249,26
358,73	1167,34
358,94	1146,86
359,15	1150,96
359,36	1212,40
359,57	1150,96
359,78	1232,88
359,99	1214,45
360,20	1187,82
360,41	1179,63
360,62	1220,59
360,83	1212,40
361,04	1265,64
361,25	1200,11
361,46	1183,73
361,67	1079,28
361,88	1271,79
362,09	1224,69
362,30	1132,53
362,51	1191,92
362,72	1239,02
362,93	1243,12
363,14	1189,87
363,35	1204,21
363,56	1230,83
363,78	1198,06
363,99	1265,64
364,20	1179,63
364,41	1239,02
364,62	1279,98
364,83	1183,73
365,04	1230,83
365,25	1214,45
365,46	1212,40
365,67	1220,59
365,88	1183,73
366,09	1163,25
366,30	1183,73
366,51	1210,35
366,72	1185,77
366,93	1124,33
367,14	1177,58
367,35	1212,40
367,56	1193,97
367,77	1200,11
367,98	1232,88
368,18	1161,20
368,39	1245,16
368,60	1132,53
368,81	1181,68
369,02	1179,63
369,23	1193,97
369,44	1224,69
369,65	1228,78
369,86	1150,96
370,07	1228,78
370,28	1249,26
370,49	1189,87
370,70	1208,30
370,91	1202,16
371,12	1189,87
371,33	1212,40
371,54	1193,97
371,75	1163,25
371,96	1216,49
372,17	1175,53
372,38	1191,92
372,59	1167,34
372,80	1239,02
373,01	1200,11
373,22	1163,25
373,43	1144,81
373,64	1265,64
373,85	1220,59
374,06	1196,01
374,26	1212,40
374,47	1198,06
374,68	1312,75
374,89	1216,49
375,10	1236,97
375,31	1181,68
375,52	1173,49
375,73	1191,92
375,94	1138,67
376,15	1218,54
376,36	1114,10
376,57	1095,66
376,78	1251,31
376,99	1273,84
377,20	1236,97
377,40	1251,31
377,61	1200,11
377,82	1212,40
378,03	1183,73
378,24	1228,78
378,45	1228,78
378,66	1200,11
378,87	1212,40
379,08	1167,34
379,29	1187,82
379,50	1230,83
379,71	1198,06
379,91	1128,43
380,12	1228,78
380,33	1202,16
380,54	1204,21
380,75	1159,15
380,96	1200,11
381,17	1210,35
381,38	1249,26
381,59	1216,49
381,80	1228,78
382,00	1198,06
382,21	1148,91
382,42	1249,26
382,63	1234,93
382,84	1198,06
383,05	1181,68
383,26	1212,40
383,47	1255,40
383,68	1118,19
383,88	1218,54
384,09	1271,79
384,30	1204,21
384,51	1183,73
384,72	1247,21
384,93	1179,63
385,14	1193,97
385,35	1218,54
385,55	1216,49
385,76	1265,64
385,97	1247,21
386,18	1273,84
386,39	1247,21
386,60	1132,53
386,81	1185,77
387,02	1179,63
387,22	1165,29
387,43	1181,68
387,64	1167,34
387,85	1181,68
388,06	1122,29
388,27	1210,35
388,48	1222,64
388,68	1189,87
388,89	1169,39
389,10	1142,77
389,31	1187,82
389,52	1243,12
389,73	1112,05
389,93	1265,64
390,14	1224,69
390,35	1222,64
390,56	1206,25
390,77	1224,69
390,98	1134,57
391,18	1198,06
391,39	1212,40
391,60	1173,49
391,81	1267,69
392,02	1179,63
392,23	1267,69
392,43	1228,78
392,64	1220,59
392,85	1206,25
393,06	1167,34
393,27	1198,06
393,47	1234,93
393,68	1243,12
393,89	1216,49
394,10	1230,83
394,31	1310,70
394,52	1265,64
394,72	1175,53
394,93	1259,50
395,14	1198,06
395,35	1212,40
395,56	1214,45
395,76	1130,48
395,97	1126,38
396,18	1196,01
396,39	1236,97
396,60	1169,39
396,80	1142,77
397,01	1263,60
397,22	1155,05
397,43	1222,64
397,64	1200,11
397,84	1204,21
398,05	1179,63
398,26	1273,84
398,47	1161,20
398,67	1189,87
398,88	1179,63
399,09	1208,30
399,30	1138,67
399,51	1228,78
399,71	1253,36
399,92	1185,77
400,13	1218,54
400,34	1161,20
400,54	1204,21
400,75	1228,78
400,96	1181,68
401,17	1198,06
401,37	1169,39
401,58	1314,80
401,79	1267,69
402,00	1155,05
402,21	1153,01
402,41	1171,44
402,62	1159,15
402,83	1189,87
403,04	1208,30
403,24	1191,92
403,45	1263,60
403,66	1257,45
403,87	1144,81
404,07	1181,68
404,28	1183,73
404,49	1236,97
404,70	1261,55
404,90	1200,11
405,11	1116,14
405,32	1181,68
405,52	1165,29
405,73	1220,59
405,94	1110,00
406,15	1239,02
406,35	1198,06
406,56	1171,44
406,77	1138,67
406,98	1171,44
407,18	1196,01
407,39	1177,58
407,60	1206,25
407,80	1210,35
408,01	1185,77
408,22	1212,40
408,43	1191,92
408,63	1224,69
408,84	1169,39
409,05	1136,62
409,25	1214,45
409,46	1157,10
409,67	1220,59
409,88	1126,38
410,08	1189,87
410,29	1159,15
410,50	1241,07
410,70	1226,73
410,91	1161,20
411,12	1241,07
411,32	1155,05
411,53	1181,68
411,74	1202,16
411,95	1216,49
412,15	1187,82
412,36	1140,72
412,57	1187,82
412,77	1163,25
412,98	1161,20
413,19	1222,64
413,39	1202,16
413,60	1204,21
413,81	1220,59
414,01	1245,16
414,22	1247,21
414,43	1204,21
414,63	1218,54
414,84	1224,69
415,05	1179,63
415,25	1130,48
415,46	1236,97
415,67	1196,01
415,87	1226,73
416,08	1196,01
416,29	1163,25
416,49	1171,44
416,70	1253,36
416,91	1212,40
417,11	1153,01
417,32	1257,45
417,53	1226,73
417,73	1187,82
417,94	1177,58
418,15	1173,49
418,35	1200,11
418,56	1259,50
418,77	1243,12
418,97	1181,68
419,18	1212,40
419,38	1273,84
419,59	1173,49
419,80	1214,45
420,00	1140,72
420,21	1239,02
420,42	1236,97
420,62	1216,49
420,83	1267,69
421,04	1232,88
421,24	1163,25
421,45	1181,68
421,65	1226,73
421,86	1243,12
422,07	1245,16
422,27	1177,58
422,48	1136,62
422,69	1189,87
422,89	1261,55
423,10	1204,21
423,30	1177,58
423,51	1255,40
423,72	1218,54
423,92	1175,53
424,13	1253,36
424,33	1208,30
424,54	1171,44
424,75	1167,34
424,95	1245,16
425,16	1255,40
425,36	1239,02
425,57	1159,15
425,78	1167,34
425,98	1267,69
426,19	1169,39
426,39	1177,58
426,60	1183,73
426,81	1243,12
427,01	1193,97
427,22	1210,35
427,42	1212,40
427,63	1247,21
427,83	1144,81
428,04	1241,07
428,25	1224,69
428,45	1204,21
428,66	1196,01
428,86	1153,01
429,07	1214,45
429,28	1122,29
429,48	1216,49
429,69	1202,16
429,89	1206,25
430,10	1212,40
430,30	1239,02
430,51	1128,43
430,71	1159,15
430,92	1146,86
431,13	1249,26
431,33	1189,87
431,54	1206,25
431,74	1189,87
431,95	1216,49
432,15	1200,11
432,36	1175,53
432,56	1175,53
432,77	1175,53
432,98	1220,59
433,18	1181,68
433,39	1245,16
433,59	1202,16
433,80	1220,59
434,00	1200,11
434,21	1224,69
434,41	1243,12
434,62	1216,49
434,82	1239,02
435,03	1146,86
435,23	1132,53
435,44	1187,82
435,64	1202,16
435,85	1159,15
436,06	1148,91
436,26	1275,88
436,47	1167,34
436,67	1214,45
436,88	1243,12
437,08	1228,78
437,29	1171,44
437,49	1206,25
437,70	1175,53
437,90	1175,53
438,11	1193,97
438,31	1175,53
438,52	1159,15
438,72	1218,54
438,93	1196,01
439,13	1222,64
439,34	1187,82
439,54	1189,87
439,75	1159,15
439,95	1187,82
440,16	1204,21
440,36	1169,39
440,57	1214,45
440,77	1155,05
440,98	1187,82
441,18	1284,08
441,39	1177,58
441,59	1171,44
441,80	1167,34
442,00	1191,92
442,21	1243,12
442,41	1167,34
442,62	1234,93
442,82	1267,69
443,02	1247,21
443,23	1206,25
443,43	1110,00
443,64	1265,64
443,84	1204,21
444,05	1269,74
444,25	1263,60
444,46	1148,91
444,66	1198,06
444,87	1118,19
445,07	1183,73
445,28	1273,84
445,48	1191,92
445,69	1212,40
445,89	1200,11
446,09	1146,86
446,30	1241,07
446,50	1204,21
446,71	1230,83
446,91	1214,45
447,12	1210,35
447,32	1214,45
447,53	1247,21
447,73	1204,21
447,93	1284,08
448,14	1159,15
448,34	1130,48
448,55	1130,48
448,75	1198,06
448,96	1204,21
449,16	1198,06
449,36	1208,30
449,57	1236,97
449,77	1212,40
449,98	1212,40
450,18	1175,53
450,39	1212,40
450,59	1236,97
450,79	1193,97
451,00	1136,62
451,20	1185,77
451,41	1245,16
451,61	1259,50
451,81	1265,64
452,02	1261,55
452,22	1187,82
452,43	1167,34
452,63	1279,98
452,84	1216,49
453,04	1273,84
453,24	1204,21
453,45	1167,34
453,65	1226,73
453,86	1187,82
454,06	1187,82
454,26	1157,10
454,47	1208,30
454,67	1257,45
454,87	1185,77
455,08	1263,60
455,28	1208,30
455,49	1214,45
455,69	1132,53
455,89	1189,87
456,10	1171,44
456,30	1130,48
456,51	1224,69
456,71	1224,69
456,91	1224,69
457,12	1112,05
457,32	1218,54
457,52	1220,59
457,73	1200,11
457,93	1212,40
458,14	1185,77
458,34	1216,49
458,54	1230,83
458,75	1200,11
458,95	1200,11
459,15	1157,10
459,36	1275,88
459,56	1273,84
459,76	1202,16
459,97	1263,60
460,17	1234,93
460,37	1271,79
460,58	1261,55
460,78	1179,63
460,99	1251,31
461,19	1167,34
461,39	1222,64
461,60	1171,44
461,80	1200,11
462,00	1193,97
462,21	1212,40
462,41	1134,57
462,61	1165,29
462,82	1208,30
463,02	1187,82
463,22	1275,88
463,43	1236,97
463,63	1241,07
463,83	1251,31
464,04	1247,21
464,24	1171,44
464,44	1218,54
464,64	1175,53
464,85	1243,12
465,05	1208,30
465,25	1191,92
465,46	1230,83
465,66	1230,83
465,86	1159,15
466,07	1216,49
466,27	1247,21
466,47	1187,82
466,68	1191,92
466,88	1220,59
467,08	1257,45
467,29	1189,87
467,49	1226,73
467,69	1243,12
467,89	1179,63
468,10	1142,77
468,30	1165,29
468,50	1263,60
468,71	1200,11
468,91	1224,69
469,11	1222,64
469,31	1193,97
469,52	1161,20
469,72	1167,34
469,92	1210,35
470,13	1224,69
470,33	1232,88
470,53	1216,49
470,73	1220,59
470,94	1185,77
471,14	1230,83
471,34	1171,44
471,54	1224,69
471,75	1173,49
471,95	1185,77
472,15	1275,88
472,36	1183,73
472,56	1222,64
472,76	1183,73
472,96	1187,82
473,17	1196,01
473,37	1257,45
473,57	1228,78
473,77	1181,68
473,98	1208,30
474,18	1175,53
474,38	1208,30
474,58	1136,62
474,79	1255,40
474,99	1200,11
475,19	1157,10
475,39	1167,34
475,60	1146,86
475,80	1187,82
476,00	1155,05
476,20	1224,69
476,41	1257,45
476,61	1169,39
476,81	1214,45
477,01	1249,26
477,21	1179,63
477,42	1222,64
477,62	1257,45
477,82	1146,86
478,02	1189,87
478,23	1175,53
478,43	1128,43
478,63	1163,25
478,83	1177,58
479,03	1206,25
479,24	1196,01
479,44	1206,25
479,64	1153,01
479,84	1208,30
480,04	1163,25
480,25	1142,77
480,45	1148,91
480,65	1228,78
480,85	1243,12
481,06	1247,21
481,26	1200,11
481,46	1247,21
481,66	1167,34
481,86	1265,64
482,06	1212,40
482,27	1173,49
482,47	1198,06
482,67	1187,82
482,87	1196,01
483,07	1189,87
483,28	1177,58
483,48	1185,77
483,68	1155,05
483,88	1181,68
484,08	1136,62
484,29	1222,64
484,49	1189,87
484,69	1216,49
484,89	1224,69
485,09	1187,82
485,29	1220,59
485,50	1159,15
485,70	1130,48
485,90	1208,30
486,10	1159,15
486,30	1257,45
486,50	1196,01
486,71	1218,54
486,91	1212,40
487,11	1206,25
487,31	1175,53
487,51	1142,77
487,71	1189,87
487,91	1216,49
488,12	1218,54
488,32	1220,59
488,52	1216,49
488,72	1216,49
488,92	1222,64
489,12	1212,40
489,32	1144,81
489,53	1171,44
489,73	1169,39
489,93	1261,55
490,13	1177,58
490,33	1230,83
490,53	1251,31
490,73	1187,82
490,94	1232,88
491,14	1230,83
491,34	1210,35
491,54	1204,21
491,74	1165,29
491,94	1232,88
492,14	1110,00
492,34	1220,59
492,54	1208,30
492,75	1210,35
492,95	1191,92
493,15	1130,48
493,35	1249,26
493,55	1216,49
493,75	1204,21
493,95	1259,50
494,15	1253,36
494,35	1228,78
494,56	1118,19
494,76	1181,68
494,96	1189,87
495,16	1202,16
495,36	1155,05
495,56	1267,69
495,76	1177,58
495,96	1214,45
496,16	1273,84
496,36	1234,93
496,56	1245,16
496,77	1275,88
496,97	1187,82
497,17	1232,88
497,37	1165,29
497,57	1259,50
497,77	1196,01
497,97	1208,30
498,17	1183,73
498,37	1196,01
498,57	1224,69
498,77	1179,63
498,97	1191,92
499,17	1165,29
499,38	1206,25
499,58	1245,16
499,78	1224,69
499,98	1165,29
500,18	1220,59
500,38	1179,63
500,58	1210,35
500,78	1218,54
500,98	1163,25
501,18	1167,34
501,38	1136,62
501,58	1206,25
501,78	1183,73
501,98	1265,64
502,18	1189,87
502,38	1210,35
502,58	1155,05
502,78	1171,44
502,98	1159,15
503,18	1159,15
503,38	1208,30
503,59	1150,96
503,79	1241,07
503,99	1247,21
504,19	1187,82
504,39	1243,12
504,59	1247,21
504,79	1179,63
504,99	1179,63
505,19	1251,31
505,39	1261,55
505,59	1249,26
505,79	1187,82
505,99	1259,50
506,19	1224,69
506,39	1210,35
506,59	1189,87
506,79	1232,88
506,99	1220,59
507,19	1220,59
507,39	1220,59
507,59	1183,73
507,79	1212,40
507,99	1155,05
508,19	1224,69
508,39	1196,01
508,59	1228,78
508,79	1214,45
508,99	1241,07
509,19	1226,73
509,39	1261,55
509,59	1206,25
509,79	1171,44
509,99	1124,33
510,19	1298,41
510,39	1255,40
510,59	1236,97
510,79	1228,78
510,99	1126,38
511,19	1173,49
511,39	1259,50
511,59	1140,72
511,79	1204,21
511,99	1136,62
512,19	1167,34
512,38	1150,96
512,58	1204,21
512,78	1165,29
512,98	1261,55
513,18	1232,88
513,38	1126,38
513,58	1251,31
513,78	1247,21
513,98	1198,06
514,18	1173,49
514,38	1185,77
514,58	1202,16
514,78	1204,21
514,98	1220,59
515,18	1228,78
515,38	1177,58
515,58	1239,02
515,78	1183,73
515,98	1230,83
516,18	1181,68
516,38	1163,25
516,57	1124,33
516,77	1249,26
516,97	1220,59
517,17	1206,25
517,37	1138,67
517,57	1208,30
517,77	1179,63
517,97	1193,97
518,17	1189,87
518,37	1187,82
518,57	1185,77
518,77	1214,45
518,97	1230,83
519,16	1261,55
519,36	1234,93
519,56	1220,59
519,76	1224,69
519,96	1241,07
520,16	1185,77
520,36	1212,40
520,56	1157,10
520,76	1181,68
520,96	1173,49
521,16	1259,50
521,35	1228,78
521,55	1193,97
521,75	1150,96
521,95	1216,49
522,15	1267,69
522,35	1232,88
522,55	1212,40
522,75	1159,15
522,95	1187,82
523,14	1220,59
523,34	1200,11
523,54	1236,97
523,74	1216,49
523,94	1212,40
524,14	1187,82
524,34	1189,87
524,54	1267,69
524,73	1261,55
524,93	1263,60
525,13	1261,55
525,33	1169,39
525,53	1173,49
525,73	1142,77
525,93	1189,87
526,13	1165,29
526,32	1259,50
526,52	1171,44
526,72	1286,12
526,92	1171,44
527,12	1171,44
527,32	1134,57
527,52	1253,36
527,71	1286,12
527,91	1247,21
528,11	1189,87
528,31	1218,54
528,51	1212,40
528,71	1198,06
528,90	1187,82
529,10	1263,60
529,30	1144,81
529,50	1247,21
529,70	1212,40
529,90	1255,40
530,09	1177,58
530,29	1157,10
530,49	1179,63
530,69	1198,06
530,89	1126,38
531,09	1265,64
531,28	1282,03
531,48	1191,92
531,68	1247,21
531,88	1232,88
532,08	1167,34
532,28	1196,01
532,47	1161,20
532,67	1245,16
532,87	1220,59
533,07	1224,69
533,27	1257,45
533,46	1202,16
533,66	1187,82
533,86	1259,50
534,06	1257,45
534,26	1187,82
534,45	1183,73
534,65	1187,82
534,85	1273,84
535,05	1204,21
535,25	1241,07
535,44	1175,53
535,64	1216,49
535,84	1191,92
536,04	1146,86
536,24	1253,36
536,43	1222,64
536,63	1189,87
536,83	1138,67
537,03	1198,06
537,22	1204,21
537,42	1116,14
537,62	1230,83
537,82	1265,64
538,02	1200,11
538,21	1189,87
538,41	1206,25
538,61	1228,78
538,81	1243,12
539,00	1257,45
539,20	1224,69
539,40	1161,20
539,60	1187,82
539,79	1193,97
539,99	1167,34
540,19	1173,49
540,39	1218,54
540,58	1181,68
540,78	1189,87
540,98	1222,64
541,18	1251,31
541,37	1239,02
541,57	1183,73
541,77	1183,73
541,97	1230,83
542,16	1177,58
542,36	1142,77
542,56	1249,26
542,76	1243,12
542,95	1202,16
543,15	1224,69
543,35	1216,49
543,54	1204,21
543,74	1208,30
543,94	1200,11
544,14	1185,77
544,33	1148,91
544,53	1210,35
544,73	1212,40
544,93	1212,40
545,12	1181,68
545,32	1245,16
545,52	1222,64
545,71	1185,77
545,91	1150,96
546,11	1210,35
546,30	1157,10
546,50	1146,86
546,70	1200,11
546,90	1204,21
547,09	1110,00
547,29	1128,43
547,49	1169,39
547,68	1212,40
547,88	1165,29
548,08	1257,45
548,27	1218,54
548,47	1198,06
548,67	1216,49
548,87	1181,68
549,06	1261,55
549,26	1208,30
549,46	1142,77
549,65	1220,59
549,85	1216,49
550,05	1230,83
550,24	1163,25
550,44	1224,69
550,64	1159,15
550,83	1132,53
551,03	1245,16
551,23	1204,21
551,42	1200,11
551,62	1200,11
551,82	1179,63
552,01	1193,97
552,21	1208,30
552,41	1255,40
552,60	1277,93
552,80	1224,69
553,00	1234,93
553,19	1202,16
553,39	1200,11
553,59	1241,07
553,78	1241,07
553,98	1189,87
554,17	1165,29
554,37	1146,86
554,57	1261,55
554,76	1196,01
554,96	1200,11
555,16	1243,12
555,35	1189,87
555,55	1138,67
555,75	1167,34
555,94	1228,78
556,14	1200,11
556,33	1146,86
556,53	1210,35
556,73	1191,92
556,92	1226,73
557,12	1212,40
557,32	1167,34
557,51	1183,73
557,71	1157,10
557,90	1122,29
558,10	1171,44
558,30	1191,92
558,49	1282,03
558,69	1191,92
558,88	1249,26
559,08	1259,50
559,28	1138,67
559,47	1200,11
559,67	1191,92
559,86	1175,53
560,06	1286,12
560,26	1214,45
560,45	1214,45
560,65	1155,05
560,84	1222,64
561,04	1220,59
561,24	1275,88
561,43	1169,39
561,63	1202,16
561,82	1249,26
562,02	1241,07
562,22	1193,97
562,41	1230,83
562,61	1232,88
562,80	1191,92
563,00	1224,69
563,19	1275,88
563,39	1200,11
563,59	1255,40
563,78	1189,87
563,98	1224,69
564,17	1251,31
564,37	1222,64
564,56	1159,15
564,76	1220,59
564,96	1196,01
565,15	1171,44
565,35	1165,29
565,54	1191,92
565,74	1271,79
565,93	1214,45
566,13	1165,29
566,32	1165,29
566,52	1189,87
566,71	1167,34
566,91	1185,77
567,11	1183,73
567,30	1183,73
567,50	1236,97
567,69	1222,64
567,89	1150,96
568,08	1175,53
568,28	1214,45
568,47	1206,25
568,67	1202,16
568,86	1189,87
569,06	1150,96
569,25	1126,38
569,45	1167,34
569,64	1273,84
569,84	1191,92
570,04	1212,40
570,23	1187,82
570,43	1150,96
570,62	1169,39
570,82	1216,49
571,01	1200,11
571,21	1245,16
571,40	1204,21
571,60	1222,64
571,79	1193,97
571,99	1179,63
572,18	1212,40
572,38	1216,49
572,57	1169,39
572,77	1234,93
572,96	1191,92
573,16	1220,59
573,35	1130,48
573,55	1208,30
573,74	1243,12
573,94	1267,69
574,13	1212,40
574,33	1220,59
574,52	1140,72
574,71	1179,63
574,91	1245,16
575,10	1243,12
575,30	1261,55
575,49	1269,74
575,69	1175,53
575,88	1251,31
576,08	1228,78
576,27	1202,16
576,47	1118,19
576,66	1193,97
576,86	1230,83
577,05	1136,62
577,25	1218,54
577,44	1193,97
577,64	1222,64
577,83	1202,16
578,02	1189,87
578,22	1290,22
578,41	1241,07
578,61	1163,25
578,80	1191,92
579,00	1144,81
579,19	1253,36
579,39	1208,30
579,58	1210,35
579,77	1204,21
579,97	1204,21
580,16	1191,92
580,36	1155,05
580,55	1255,40
580,75	1155,05
580,94	1243,12
581,13	1128,43
581,33	1216,49
581,52	1198,06
581,72	1269,74
581,91	1204,21
582,11	1247,21
582,30	1206,25
582,49	1290,22
582,69	1181,68
582,88	1153,01
583,08	1198,06
583,27	1232,88
583,47	1173,49
583,66	1255,40
583,85	1179,63
584,05	1282,03
584,24	1220,59
584,44	1249,26
584,63	1148,91
584,82	1202,16
585,02	1247,21
585,21	1228,78
585,41	1173,49
585,60	1212,40
585,79	1124,33
585,99	1200,11
586,18	1144,81
586,37	1241,07
586,57	1271,79
586,76	1181,68
586,96	1161,20
587,15	1116,14
587,34	1210,35
587,54	1146,86
587,73	1245,16
587,93	1187,82
588,12	1236,97
588,31	1249,26
588,51	1241,07
588,70	1146,86
588,89	1175,53
589,09	1226,73
589,28	1130,48
589,47	1181,68
589,67	1150,96
589,86	1159,15
590,06	1165,29
590,25	1206,25
590,44	1179,63
590,64	1251,31
590,83	1153,01
591,02	1220,59
591,22	1189,87
591,41	1189,87
591,60	1224,69
591,80	1153,01
591,99	1200,11
592,18	1165,29
592,38	1167,34
592,57	1222,64
592,76	1249,26
592,96	1085,42
593,15	1185,77
593,34	1214,45
593,54	1191,92
593,73	1216,49
593,92	1255,40
594,12	1193,97
594,31	1216,49
594,50	1241,07
594,70	1232,88
594,89	1220,59
595,08	1193,97
595,28	1124,33
595,47	1167,34
595,66	1243,12
595,86	1212,40
596,05	1218,54
596,24	1222,64
596,43	1177,58
596,63	1177,58
596,82	1234,93
597,01	1169,39
597,21	1175,53
597,40	1159,15
597,59	1124,33
597,79	1169,39
597,98	1185,77
598,17	1163,25
598,36	1153,01
598,56	1179,63
598,75	1148,91
598,94	1161,20
599,14	1198,06
599,33	1210,35
599,52	1226,73
599,71	1243,12
599,91	1212,40
600,10	1187,82
600,29	1226,73
600,48	1228,78
600,68	1181,68
600,87	1167,34
601,06	1153,01
601,26	1142,77
601,45	1175,53
601,64	1159,15
601,83	1234,93
602,03	1232,88
602,22	1204,21
602,41	1210,35
602,60	1230,83
602,80	1144,81
602,99	1175,53
603,18	1218,54
603,37	1193,97
603,57	1243,12
603,76	1187,82
603,95	1216,49
604,14	1191,92
604,34	1230,83
604,53	1236,97
604,72	1196,01
604,91	1226,73
605,10	1220,59
605,30	1224,69
605,49	1228,78
605,68	1228,78
605,87	1230,83
606,07	1230,83
606,26	1224,69
606,45	1284,08
606,64	1216,49
606,84	1193,97
607,03	1210,35
607,22	1228,78
607,41	1138,67
607,60	1179,63
607,80	1175,53
607,99	1114,10
608,18	1159,15
608,37	1157,10
608,56	1185,77
608,76	1200,11
608,95	1247,21
609,14	1212,40
609,33	1261,55
609,52	1198,06
609,72	1116,14
609,91	1249,26
610,10	1159,15
610,29	1241,07
610,48	1169,39
610,68	1202,16
610,87	1234,93
611,06	1216,49
611,25	1202,16
611,44	1236,97
611,63	1220,59
611,83	1187,82
612,02	1241,07
612,21	1191,92
612,40	1214,45
612,59	1232,88
612,79	1193,97
612,98	1177,58
613,17	1232,88
613,36	1206,25
613,55	1212,40
613,74	1222,64
613,93	1200,11
614,13	1220,59
614,32	1239,02
614,51	1267,69
614,70	1159,15
614,89	1226,73
615,08	1198,06
615,28	1226,73
615,47	1128,43
615,66	1255,40
615,85	1124,33
616,04	1249,26
616,23	1232,88
616,42	1179,63
616,62	1204,21
616,81	1318,89
617,00	1132,53
617,19	1245,16
617,38	1269,74
617,57	1179,63
617,76	1212,40
617,95	1183,73
618,15	1187,82
618,34	1208,30
618,53	1257,45
618,72	1269,74
618,91	1163,25
619,10	1163,25
619,29	1189,87
619,48	1161,20
619,68	1173,49
619,87	1236,97
620,06	1175,53
620,25	1286,12
620,44	1198,06
620,63	1230,83
620,82	1222,64
621,01	1165,29
621,20	1163,25
621,39	1185,77
621,59	1290,22
621,78	1228,78
621,97	1216,49
622,16	1202,16
622,35	1279,98
622,54	1228,78
622,73	1181,68
622,92	1187,82
623,11	1224,69
623,30	1183,73
623,49	1206,25
623,68	1159,15
623,88	1222,64
624,07	1175,53
624,26	1191,92
624,45	1179,63
624,64	1167,34
624,83	1222,64
625,02	1167,34
625,21	1214,45
625,40	1161,20
625,59	1189,87
625,78	1226,73
625,97	1255,40
626,16	1155,05
626,35	1247,21
626,54	1216,49
626,74	1202,16
626,93	1236,97
627,12	1241,07
627,31	1179,63
627,50	1288,17
627,69	1232,88
627,88	1200,11
628,07	1257,45
628,26	1175,53
628,45	1177,58
628,64	1179,63
628,83	1212,40
629,02	1220,59
629,21	1241,07
629,40	1228,78
629,59	1214,45
629,78	1191,92
629,97	1275,88
630,16	1253,36
630,35	1222,64
630,54	1177,58
630,73	1314,80
630,92	1290,22
631,11	1220,59
631,30	1271,79
631,49	1279,98
631,68	1437,67
631,87	2609,11
632,06	8800,12
632,25	18978,53
632,44	23672,47
632,63	29976,12
632,82	15666,96
633,01	8644,48
633,20	4288,45
633,39	2217,95
633,58	1804,26
633,77	1880,04
633,96	1722,34
634,15	1454,06
634,34	1351,66
634,53	1413,10
634,72	1368,04
634,91	1384,43
635,10	1267,69
635,29	1308,65
635,48	1247,21
635,67	1259,50
635,86	1218,54
636,05	1187,82
636,24	1167,34
636,43	1171,44
636,62	1148,91
636,81	1212,40
637,00	1181,68
637,19	1263,60
637,38	1175,53
637,57	1179,63
637,76	1253,36
637,95	1185,77
638,14	1228,78
638,33	1239,02
638,52	1183,73
638,71	1236,97
638,89	1183,73
639,08	1200,11
639,27	1230,83
639,46	1236,97
639,65	1210,35
639,84	1200,11
640,03	1173,49
640,22	1101,81
640,41	1159,15
640,60	1241,07
640,79	1089,52
640,98	1226,73
641,17	1142,77
641,36	1269,74
641,55	1146,86
641,74	1183,73
641,92	1173,49
642,11	1105,90
642,30	1198,06
642,49	1208,30
642,68	1216,49
642,87	1181,68
643,06	1275,88
643,25	1175,53
643,44	1204,21
643,63	1232,88
643,82	1222,64
644,00	1216,49
644,19	1277,93
644,38	1226,73
644,57	1236,97
644,76	1187,82
644,95	1216,49
645,14	1200,11
645,33	1230,83
645,52	1224,69
645,71	1200,11
645,89	1247,21
646,08	1134,57
646,27	1245,16
646,46	1220,59
646,65	1177,58
646,84	1230,83
647,03	1130,48
647,22	1232,88
647,40	1212,40
647,59	1206,25
647,78	1183,73
647,97	1208,30
648,16	1216,49
648,35	1142,77
648,54	1202,16
648,73	1200,11
648,91	1224,69
649,10	1204,21
649,29	1204,21
649,48	1308,65
649,67	1198,06
649,86	1177,58
650,05	1222,64
650,23	1222,64
650,42	1247,21
650,61	1214,45
650,80	1187,82
650,99	1236,97
651,18	1181,68
651,36	1230,83
651,55	1259,50
651,74	1245,16
651,93	1132,53
652,12	1198,06
652,31	1222,64
652,49	1157,10
652,68	1177,58
652,87	1148,91
653,06	1150,96
653,25	1241,07
653,44	1159,15
653,62	1183,73
653,81	1226,73
654,00	1228,78
654,19	1208,30
654,38	1263,60
654,56	1273,84
654,75	1222,64
654,94	1167,34
655,13	1134,57
655,32	1191,92
655,51	1226,73
655,69	1124,33
655,88	1210,35
656,07	1251,31
656,26	1171,44
656,45	1216,49
656,63	1247,21
656,82	1191,92
657,01	1261,55
657,20	1218,54
657,38	1236,97
657,57	1247,21
657,76	1169,39
657,95	1163,25
658,14	1312,75
658,32	1142,77
658,51	1191,92
658,70	1249,26
658,89	1222,64
659,08	1208,30
659,26	1161,20
659,45	1167,34
659,64	1239,02
659,83	1177,58
660,01	1200,11
660,20	1294,32
660,39	1146,86
660,58	1173,49
660,76	1218,54
660,95	1218,54
661,14	1257,45
661,33	1200,11
661,51	1157,10
661,70	1146,86
661,89	1236,97
662,08	1161,20
662,26	1239,02
662,45	1228,78
662,64	1193,97
662,83	1267,69
663,01	1177,58
663,20	1234,93
663,39	1296,36
663,58	1259,50
663,76	1177,58
663,95	1189,87
664,14	1269,74
664,32	1277,93
664,51	1175,53
664,70	1210,35
664,89	1189,87
665,07	1142,77
665,26	1191,92
665,45	1247,21
665,64	1191,92
665,82	1214,45
666,01	1224,69
666,20	1257,45
666,38	1232,88
666,57	1202,16
666,76	1273,84
666,95	1161,20
667,13	1216,49
667,32	1196,01
667,51	1130,48
667,69	1224,69
667,88	1196,01
668,07	1146,86
668,25	1185,77
668,44	1185,77
668,63	1169,39
668,81	1236,97
669,00	1183,73
669,19	1169,39
669,38	1200,11
669,56	1206,25
669,75	1200,11
669,94	1179,63
670,12	1196,01
670,31	1196,01
670,50	1169,39
670,68	1177,58
670,87	1212,40
671,06	1251,31
671,24	1206,25
671,43	1253,36
671,62	1204,21
671,80	1173,49
671,99	1263,60
672,18	1198,06
672,36	1179,63
672,55	1220,59
672,74	1181,68
672,92	1150,96
673,11	1249,26
673,29	1198,06
673,48	1177,58
673,67	1318,89
673,85	1232,88
674,04	1220,59
674,23	1200,11
674,41	1177,58
674,60	1161,20
674,79	1191,92
674,97	1214,45
675,16	1118,19
675,34	1226,73
675,53	1171,44
675,72	1226,73
675,90	1216,49
676,09	1214,45
676,28	1161,20
676,46	1187,82
676,65	1183,73
676,83	1230,83
677,02	1224,69
677,21	1155,05
677,39	1179,63
677,58	1181,68
677,77	1234,93
677,95	1214,45
678,14	1220,59
678,32	1200,11
678,51	1267,69
678,70	1198,06
678,88	1191,92
679,07	1216,49
679,25	1236,97
679,44	1173,49
679,63	1216,49
679,81	1273,84
680,00	1236,97
680,18	1173,49
680,37	1163,25
680,55	1204,21
680,74	1171,44
680,93	1146,86
681,11	1210,35
681,30	1189,87
681,48	1222,64
681,67	1134,57
681,85	1216,49
682,04	1140,72
682,23	1245,16
682,41	1210,35
682,60	1204,21
682,78	1228,78
682,97	1232,88
683,15	1177,58
683,34	1177,58
683,53	1202,16
683,71	1122,29
683,90	1220,59
684,08	1212,40
684,27	1224,69
684,45	1204,21
684,64	1187,82
684,82	1191,92
685,01	1253,36
685,19	1193,97
685,38	1239,02
685,57	1146,86
685,75	1187,82
685,94	1218,54
686,12	1110,00
686,31	1128,43
686,49	1355,76
686,68	1265,64
686,86	1241,07
687,05	1138,67
687,23	1165,29
687,42	1255,40
687,60	1142,77
687,79	1234,93
687,97	1224,69
688,16	1132,53
688,34	1253,36
688,53	1236,97
688,71	1228,78
688,90	1255,40
689,08	1191,92
689,27	1220,59
689,45	1208,30
689,64	1200,11
689,82	1257,45
690,01	1126,38
690,19	1148,91
690,38	1171,44
690,56	1150,96
690,75	1198,06
690,93	1241,07
691,12	1185,77
691,30	1245,16
691,49	1175,53
691,67	1249,26
691,86	1175,53
692,04	1175,53
692,23	1165,29
692,41	1126,38
692,60	1144,81
692,78	1220,59
692,97	1228,78
693,15	1095,66
693,34	1171,44
693,52	1208,30
693,71	1218,54
693,89	1216,49
694,08	1189,87
694,26	1245,16
694,44	1253,36
694,63	1175,53
694,81	1241,07
695,00	1157,10
695,18	1150,96
695,37	1218,54
695,55	1150,96
695,74	1159,15
695,92	1159,15
696,10	1183,73
696,29	1228,78
696,47	1146,86
696,66	1142,77
696,84	1187,82
697,03	1163,25
697,21	1175,53
697,40	1187,82
697,58	1249,26
697,76	1210,35
697,95	1228,78
698,13	1173,49
698,32	1128,43
698,50	1163,25
698,68	1216,49
698,87	1251,31
699,05	1208,30
699,24	1214,45
699,42	1202,16
699,61	1212,40
699,79	1224,69
699,97	1222,64
700,16	1165,29
700,34	1187,82
700,53	1198,06
700,71	1148,91
700,89	1214,45
701,08	1173,49
701,26	1208,30
701,45	1200,11
701,63	1249,26
701,81	1126,38
702,00	1175,53
702,18	1191,92
702,37	1230,83
702,55	1173,49
702,73	1132,53
702,92	1140,72
703,10	1173,49
703,28	1265,64
703,47	1228,78
703,65	1124,33
703,84	1214,45
704,02	1185,77
704,20	1161,20
704,39	1177,58
704,57	1204,21
704,75	1191,92
704,94	1239,02
705,12	1140,72
705,30	1200,11
705,49	1163,25
705,67	1210,35
705,86	1222,64
706,04	1259,50
706,22	1175,53
706,41	1187,82
706,59	1138,67
706,77	1200,11
706,96	1218,54
707,14	1232,88
707,32	1224,69
707,51	1167,34
707,69	1251,31
707,87	1183,73
708,06	1210,35
708,24	1245,16
708,42	1222,64
708,61	1200,11
708,79	1224,69
708,97	1216,49
709,16	1230,83
709,34	1175,53
709,52	1208,30
709,71	1265,64
709,89	1208,30
710,07	1265,64
710,26	1204,21
710,44	1290,22
710,62	1243,12
710,80	1179,63
710,99	1191,92
711,17	1134,57
711,35	1275,88
711,54	1185,77
711,72	1220,59
711,90	1206,25
712,09	1204,21
712,27	1134,57
712,45	1153,01
712,63	1171,44
712,82	1216,49
713,00	1161,20
713,18	1243,12
713,37	1200,11
713,55	1155,05
713,73	1163,25
713,91	1196,01
714,10	1228,78
714,28	1206,25
714,46	1212,40
714,65	1214,45
714,83	1220,59
715,01	1196,01
715,19	1167,34
715,38	1212,40
715,56	1163,25
715,74	1165,29
715,92	1204,21
716,11	1279,98
716,29	1185,77
716,47	1245,16
716,65	1173,49
716,84	1140,72
717,02	1171,44
717,20	1230,83
717,38	1179,63
717,57	1232,88
717,75	1224,69
717,93	1163,25
718,11	1177,58
718,30	1255,40
718,48	1187,82
718,66	1185,77
718,84	1228,78
719,03	1230,83
719,21	1191,92
719,39	1210,35
719,57	1239,02
719,75	1150,96
719,94	1155,05
720,12	1220,59
720,30	1153,01
720,48	1298,41
720,67	1110,00
720,85	1212,40
721,03	1112,05
721,21	1167,34
721,39	1226,73
721,58	1232,88
721,76	1183,73
721,94	1196,01
722,12	1232,88
722,30	1204,21
722,49	1193,97
722,67	1220,59
722,85	1185,77
723,03	1189,87
723,21	1241,07
723,40	1249,26
723,58	1183,73
723,76	1173,49
723,94	1159,15
724,12	1206,25
724,30	1122,29
724,49	1212,40
724,67	1179,63
724,85	1218,54
725,03	1222,64
725,21	1218,54
725,40	1191,92
725,58	1212,40
725,76	1183,73
725,94	1247,21
726,12	1222,64
726,30	1245,16
726,49	1191,92
726,67	1206,25
726,85	1230,83
727,03	1146,86
727,21	1230,83
727,39	1214,45
727,57	1191,92
727,76	1138,67
727,94	1183,73
728,12	1214,45
728,30	1200,11
728,48	1183,73
728,66	1140,72
728,84	1140,72
729,03	1196,01
729,21	1202,16
729,39	1261,55
729,57	1167,34
729,75	1187,82
729,93	1212,40
730,11	1122,29
730,30	1224,69
730,48	1107,95
730,66	1196,01
730,84	1183,73
731,02	1200,11
731,20	1224,69
731,38	1177,58
731,56	1255,40
731,74	1177,58
731,93	1198,06
732,11	1181,68
732,29	1177,58
732,47	1255,40
732,65	1196,01
732,83	1230,83
733,01	1234,93
733,19	1202,16
733,37	1185,77
733,56	1136,62
733,74	1177,58
733,92	1263,60
734,10	1216,49
734,28	1163,25
734,46	1181,68
734,64	1232,88
734,82	1193,97
735,00	1218,54
735,18	1228,78
735,36	1198,06
735,54	1150,96
735,73	1191,92
735,91	1179,63
736,09	1198,06
736,27	1183,73
736,45	1155,05
736,63	1228,78
736,81	1191,92
736,99	1171,44
737,17	1171,44
737,35	1296,36
737,53	1200,11
737,71	1267,69
737,89	1208,30
738,07	1181,68
738,25	1212,40
738,43	1122,29
738,61	1173,49
738,80	1142,77
738,98	1165,29
739,16	1189,87
739,34	1140,72
739,52	1249,26
739,70	1114,10
739,88	1198,06
740,06	1210,35
740,24	1126,38
740,42	1257,45
740,60	1269,74
740,78	1157,10
740,96	1222,64
741,14	1200,11
741,32	1161,20
741,50	1202,16
741,68	1265,64
741,86	1179,63
742,04	1189,87
742,22	1234,93
742,40	1196,01
742,58	1214,45
742,76	1191,92
742,94	1171,44
743,12	1288,17
743,30	1191,92
743,48	1230,83
743,66	1228,78
743,84	1230,83
744,02	1204,21
744,20	1261,55
744,38	1220,59
744,56	1138,67
744,74	1210,35
744,92	1259,50
745,10	1161,20
745,28	1163,25
745,46	1232,88
745,64	1257,45
745,82	1161,20
746,00	1204,21
746,18	1206,25
746,36	1265,64
746,54	1216,49
746,72	1181,68
746,90	1183,73
747,08	1269,74
747,26	1232,88
747,44	1216,49
747,62	1208,30
747,80	1155,05
747,98	1224,69
748,15	1232,88
748,33	1183,73
748,51	1204,21
748,69	1245,16
748,87	1202,16
749,05	1161,20
749,23	1179,63
749,41	1175,53
749,59	1228,78
749,77	1243,12
749,95	1198,06
750,13	1210,35
750,31	1212,40
750,49	1222,64
750,67	1153,01
750,85	1261,55
751,03	1228,78
751,20	1146,86
751,38	1150,96
751,56	1224,69
751,74	1191,92
751,92	1165,29
752,10	1196,01
752,28	1224,69
752,46	1134,57
752,64	1179,63
752,82	1159,15
753,00	1245,16
753,18	1185,77
753,35	1222,64
753,53	1200,11
753,71	1206,25
753,89	1232,88
754,07	1165,29
754,25	1204,21
754,43	1216,49
754,61	1134,57
754,79	1179,63
754,97	1191,92
755,14	1110,00
755,32	1202,16
755,50	1208,30
755,68	1222,64
755,86	1150,96
756,04	1177,58
756,22	1228,78
756,40	1189,87
756,57	1247,21
756,75	1157,10
756,93	1255,40
757,11	1189,87
757,29	1220,59
757,47	1167,34
757,65	1134,57
757,82	1232,88
758,00	1146,86
758,18	1216,49
758,36	1208,30
758,54	1259,50
758,72	1198,06
758,90	1112,05
759,07	1241,07
759,25	1214,45
759,43	1191,92
759,61	1124,33
759,79	1300,46
759,97	1202,16
760,15	1142,77
760,32	1265,64
760,50	1212,40
760,68	1222,64
760,86	1171,44
761,04	1222,64
761,22	1212,40
761,39	1279,98
761,57	1306,60
761,75	1200,11
761,93	1218,54
762,11	1134,57
762,28	1236,97
762,46	1191,92
762,64	1286,12
762,82	1175,53
763,00	1136,62
763,18	1247,21
763,35	1263,60
763,53	1200,11
763,71	1218,54
763,89	1212,40
764,07	1241,07
764,24	1101,81
764,42	1196,01
764,60	1249,26
764,78	1136,62
764,96	1214,45
765,13	1255,40
765,31	1249,26
765,49	1214,45
765,67	1183,73
765,84	1196,01
766,02	1185,77
766,20	1140,72
766,38	1224,69
766,56	1161,20
766,73	1286,12
766,91	1148,91
767,09	1261,55
767,27	1249,26
767,44	1239,02
767,62	1210,35
767,80	1208,30
767,98	1112,05
768,15	1187,82
768,33	1177,58
768,51	1234,93
768,69	1138,67
768,87	1200,11
769,04	1171,44
769,22	1179,63
769,40	1224,69
769,58	1175,53
769,75	1198,06
769,93	1216,49
770,11	1150,96
770,28	1163,25
770,46	1193,97
770,64	1206,25
770,82	1183,73
770,99	1220,59
771,17	1202,16
771,35	1150,96
771,53	1140,72
771,70	1196,01
771,88	1175,53
772,06	1234,93
772,23	1234,93
772,41	1189,87
772,59	1153,01
772,77	1198,06
772,94	1222,64
773,12	1222,64
773,30	1169,39
773,47	1185,77
773,65	1249,26
773,83	1288,17
774,01	1290,22
774,18	1232,88
774,36	1122,29
774,54	1212,40
774,71	1200,11
774,89	1208,30
775,07	1216,49
775,24	1157,10
775,42	1183,73
775,60	1200,11
775,78	1155,05
775,95	1179,63
776,13	1204,21
776,31	1220,59
776,48	1189,87
776,66	1175,53
776,84	1126,38
777,01	1134,57
777,19	1189,87
777,37	1267,69
777,54	1241,07
777,72	1206,25
777,90	1159,15
778,07	1146,86
778,25	1198,06
778,43	1136,62
778,60	1191,92
778,78	1120,24
778,96	1134,57
779,13	1193,97
779,31	1232,88
779,49	1157,10
779,66	1206,25
779,84	1185,77
780,01	1204,21
780,19	1277,93
780,37	1191,92
780,54	1165,29
780,72	1189,87
780,90	1189,87
781,07	1175,53
781,25	1206,25
781,43	1196,01
781,60	1208,30
781,78	1148,91
781,95	1241,07
782,13	1218,54
782,31	1230,83
782,48	1253,36
782,66	1191,92
782,83	1175,53
783,01	1173,49
783,19	1173,49
783,36	1193,97
783,54	1222,64
783,72	1163,25
783,89	1208,30
784,07	1206,25
784,24	1255,40
784,42	1255,40
784,60	1187,82
784,77	1206,25
784,95	1224,69
785,12	1173,49
785,30	1179,63
785,47	1124,33
785,65	1206,25
785,83	1157,10
786,00	1116,14
786,18	1216,49
786,35	1187,82
786,53	1255,40
786,71	1144,81
786,88	1214,45
787,06	1210,35
787,23	1124,33
787,41	1200,11
787,58	1251,31
787,76	1185,77
787,94	1198,06
788,11	1177,58
788,29	1212,40
788,46	1157,10
788,64	1189,87
788,81	1204,21
788,99	1226,73
789,16	1183,73
789,34	1222,64
789,52	1267,69
789,69	1126,38
789,87	1187,82
790,04	1241,07
790,22	1202,16
790,39	1300,46
790,57	1118,19
790,74	1183,73
790,92	1255,40
791,09	1177,58
791,27	1216,49
791,44	1189,87
791,62	1193,97
791,79	1222,64
791,97	1193,97
792,15	1177,58
792,32	1236,97
792,50	1265,64
792,67	1220,59
792,85	1212,40
793,02	1210,35
793,20	1150,96
793,37	1198,06
793,55	1245,16
793,72	1187,82
793,90	1177,58
794,07	1204,21
794,25	1171,44
794,42	1277,93
794,60	1228,78
794,77	1232,88
794,95	1216,49
795,12	1155,05
795,30	1261,55
795,47	1202,16
795,65	1257,45
795,82	1167,34
796,00	1300,46
796,17	1169,39
796,34	1232,88
796,52	1234,93
796,69	1196,01
796,87	1273,84
797,04	1191,92
797,22	1239,02
797,39	1216,49
797,57	1204,21
797,74	1171,44
797,92	1232,88
798,09	1181,68
798,27	1226,73
798,44	1193,97
798,62	1140,72
798,79	1202,16
798,96	1181,68
799,14	1269,74
799,31	1189,87
799,49	1163,25
799,66	1173,49
799,84	1222,64
800,01	1198,06
800,19	1290,22
800,36	1146,86
800,53	1134,57
800,71	1228,78
800,88	1183,73
801,06	1200,11
801,23	1214,45
801,41	1167,34
801,58	1189,87
801,75	1253,36
801,93	1165,29
802,10	1159,15
802,28	1193,97
802,45	1157,10
802,63	1232,88
802,80	1191,92
802,97	1167,34
803,15	1212,40
803,32	1200,11
803,50	1200,11
803,67	1247,21
803,84	1198,06
804,02	1148,91
804,19	1196,01
804,37	1175,53
804,54	1228,78
804,71	1224,69
804,89	1130,48
805,06	1093,62
805,24	1306,60
805,41	1208,30
805,58	1208,30
805,76	1183,73
805,93	1181,68
806,10	1193,97
806,28	1216,49
806,45	1165,29
806,63	1255,40
806,80	1187,82
806,97	1236,97
807,15	1144,81
807,32	1218,54
807,49	1226,73
807,67	1206,25
807,84	1206,25
808,01	1265,64
808,19	1275,88
808,36	1187,82
808,54	1224,69
808,71	1155,05
808,88	1191,92
809,06	1198,06
809,23	1257,45
809,40	1169,39
809,58	1196,01
809,75	1173,49
809,92	1142,77
810,10	1220,59
810,27	1101,81
810,44	1245,16
810,62	1161,20
810,79	1282,03
810,96	1200,11
811,14	1157,10
811,31	1193,97
811,48	1181,68
811,66	1275,88
811,83	1191,92
812,00	1234,93
812,18	1150,96
812,35	1206,25
812,52	1185,77
812,69	1206,25
812,87	1196,01
813,04	1232,88
813,21	1239,02
813,39	1169,39
813,56	1220,59
813,73	1222,64
813,91	1249,26
814,08	1214,45
814,25	1187,82
814,42	1114,10
814,60	1245,16
814,77	1200,11
814,94	1284,08
815,12	1245,16
815,29	1157,10
815,46	1173,49
815,63	1167,34
815,81	1214,45
815,98	1198,06
816,15	1236,97
816,33	1220,59
816,50	1124,33
816,67	1220,59
816,84	1189,87
817,02	1200,11
817,19	1236,97
817,36	1212,40
817,53	1183,73
817,71	1232,88
817,88	1216,49
818,05	1220,59
818,22	1175,53
818,40	1198,06
818,57	1218,54
818,74	1271,79
818,91	1175,53
819,09	1191,92
819,26	1253,36
819,43	1241,07
819,60	1243,12
819,78	1101,81
819,95	1204,21
820,12	1140,72
820,29	1232,88
820,47	1202,16
820,64	1173,49
820,81	1153,01
820,98	1214,45
821,15	1181,68
821,33	1191,92
821,50	1202,16
821,67	1226,73
821,84	1230,83
822,02	1189,87
822,19	1153,01
822,36	1220,59
822,53	1189,87
822,70	1153,01
822,88	1245,16
823,05	1157,10
823,22	1146,86
823,39	1214,45
823,56	1253,36
823,74	1241,07
823,91	1187,82
824,08	1200,11
824,25	1220,59
824,42	1228,78
824,60	1187,82
824,77	1171,44
824,94	1169,39
825,11	1177,58
825,28	1179,63
825,45	1263,60
825,63	1138,67
825,80	1239,02
825,97	1161,20
826,14	1191,92
826,31	1144,81
826,48	1265,64
826,66	1224,69
826,83	1218,54
827,00	1173,49
827,17	1179,63
827,34	1245,16
827,51	1148,91
827,69	1222,64
827,86	1169,39
828,03	1191,92
828,20	1241,07
828,37	1206,25
828,54	1257,45
828,71	1271,79
828,89	1241,07
829,06	1191,92
829,23	1241,07
829,40	1167,34
829,57	1153,01
829,74	1220,59
829,91	1183,73
830,09	1173,49
830,26	1126,38
830,43	1128,43
830,60	1206,25
830,77	1241,07
830,94	1202,16
831,11	1167,34
831,28	1148,91
831,46	1114,10
831,63	1239,02
831,80	1232,88
831,97	1189,87
832,14	1228,78
832,31	1196,01
832,48	1159,15
832,65	1187,82
832,82	1103,86
832,99	1140,72
833,17	1187,82
833,34	1132,53
833,51	1206,25
833,68	1212,40
833,85	1191,92
834,02	1243,12
834,19	1208,30
834,36	1216,49
834,53	1191,92
834,70	1220,59
834,87	1193,97
835,04	1187,82
835,22	1165,29
835,39	1187,82
835,56	1204,21
835,73	1169,39
835,90	1204,21
836,07	1161,20
836,24	1210,35
836,41	1146,86
836,58	1183,73
836,75	1210,35
836,92	1150,96
837,09	1128,43
837,26	1187,82
837,43	1249,26
837,60	1212,40
837,77	1142,77
837,94	1173,49
838,12	1239,02
838,29	1234,93
838,46	1140,72
838,63	1165,29
838,80	1226,73
838,97	1198,06
839,14	1302,51
839,31	1206,25
839,48	1179,63
839,65	1163,25
839,82	1232,88
839,99	1232,88
840,16	1220,59
840,33	1148,91
840,50	1183,73
840,67	1177,58
840,84	1169,39
841,01	1204,21
841,18	1196,01
841,35	1265,64
841,52	1216,49
841,69	1204,21
841,86	1155,05
842,03	1181,68
842,20	1249,26
842,37	1189,87
842,54	1200,11
842,71	1216,49
842,88	1161,20
843,05	1196,01
843,22	1173,49
843,39	1216,49
843,56	1142,77
843,73	1161,20
843,90	1234,93
844,07	1136,62
844,24	1150,96
844,41	1247,21
844,58	1214,45
844,75	1185,77
844,92	1222,64
845,09	1142,77
845,26	1214,45
845,43	1136,62
845,60	1159,15
845,77	1163,25
845,94	1216,49
846,10	1171,44
846,27	1206,25
846,44	1204,21
846,61	1183,73
846,78	1220,59
846,95	1222,64
847,12	1232,88
847,29	1196,01
847,46	1226,73
847,63	1212,40
847,80	1189,87
847,97	1220,59
848,14	1189,87
848,31	1179,63
848,48	1118,19
848,65	1257,45
848,82	1148,91
848,98	1191,92
849,15	1239,02
849,32	1230,83
849,49	1179,63
849,66	1161,20
849,83	1181,68
850,00	1214,45
850,17	1175,53
850,34	1183,73
850,51	1245,16
850,68	1148,91
850,85	1177,58
851,01	1241,07
851,18	1216,49
851,35	1181,68
851,52	1220,59
851,69	1214,45
851,86	1239,02
852,03	1169,39
852,20	1144,81
852,37	1150,96
852,53	1226,73
852,70	1251,31
852,87	1191,92
853,04	1159,15
853,21	1173,49
853,38	1255,40
853,55	1153,01
853,72	1175,53
853,89	1218,54
854,05	1181,68
854,22	1189,87
854,39	1142,77
854,56	1191,92
854,73	1130,48
854,90	1204,21
855,07	1263,60
855,23	1222,64
855,40	1187,82
855,57	1181,68
855,74	1153,01
855,91	1187,82
856,08	1243,12
856,25	1150,96
856,41	1202,16
856,58	1253,36
856,75	1189,87
856,92	1234,93
857,09	1232,88
857,26	1236,97
857,42	1218,54
857,59	1136,62
857,76	1196,01
857,93	1222,64
858,10	1175,53
858,27	1191,92
858,43	1249,26
858,60	1200,11
858,77	1198,06
858,94	1191,92
859,11	1153,01
859,27	1179,63
859,44	1228,78
859,61	1163,25
859,78	1138,67
859,95	1226,73
860,12	1245,16
860,28	1204,21
860,45	1267,69
860,62	1243,12
860,79	1198,06
860,95	1200,11
861,12	1191,92
861,29	1193,97
861,46	1126,38
861,63	1189,87
861,79	1228,78
861,96	1177,58
862,13	1200,11
862,30	1234,93
862,47	1247,21
862,63	1179,63
862,80	1148,91
862,97	1257,45
863,14	1181,68
863,30	1279,98
863,47	1163,25
863,64	1212,40
863,81	1239,02
863,97	1247,21
864,14	1167,34
864,31	1212,40
864,48	1202,16
864,65	1159,15
864,81	1208,30
864,98	1175,53
865,15	1220,59
865,32	1245,16
865,48	1177,58
865,65	1146,86
865,82	1181,68
865,98	1181,68
866,15	1247,21
866,32	1275,88
866,49	1226,73
866,65	1210,35
866,82	1216,49
866,99	1228,78
867,16	1306,60
867,32	1189,87
867,49	1198,06
867,66	1175,53
867,83	1208,30
867,99	1255,40
868,16	1193,97
868,33	1226,73
868,49	1167,34
868,66	1128,43
868,83	1208,30
868,99	1148,91
869,16	1216,49
869,33	1175,53
869,50	1216,49
869,66	1189,87
869,83	1144,81
870,00	1171,44
870,16	1191,92
870,33	1208,30
870,50	1136,62
870,66	1187,82
870,83	1161,20
871,00	1234,93
871,17	1198,06
871,33	1185,77
871,50	1191,92
871,67	1234,93
871,83	1193,97
872,00	1196,01
872,17	1175,53
872,33	1224,69
872,50	1204,21
872,67	1114,10
872,83	1216,49
873,00	1118,19
873,17	1175,53
873,33	1157,10
873,50	1171,44
873,67	1167,34
873,83	1181,68
874,00	1187,82
874,16	1232,88
874,33	1189,87
874,50	1241,07
874,66	1193,97
874,83	1163,25
875,00	1175,53
875,16	1153,01
875,33	1189,87
875,50	1155,05
875,66	1185,77
875,83	1234,93
875,99	1130,48
876,16	1189,87
876,33	1210,35
876,49	1179,63
876,66	1198,06
876,83	1208,30
876,99	1239,02
877,16	1228,78
877,32	1320,94
877,49	1232,88
877,66	1185,77
877,82	1200,11
877,99	1183,73
878,15	1200,11
878,32	1255,40
878,49	1181,68
878,65	1175,53
878,82	1146,86
878,98	1077,23
879,15	1204,21
879,32	1208,30
879,48	1275,88
879,65	1265,64
879,81	1187,82
879,98	1159,15
880,15	1282,03
880,31	1183,73
880,48	1175,53
880,64	1279,98
880,81	1236,97
880,97	1234,93
881,14	1169,39
881,31	1204,21
881,47	1200,11
881,64	1175,53
881,80	1193,97
881,97	1144,81
882,13	1216,49
882,30	1181,68
882,47	1198,06
882,63	1228,78
882,80	1230,83
882,96	1204,21
883,13	1241,07
883,29	1187,82
883,46	1216,49
883,62	1224,69
883,79	1208,30
883,95	1243,12
884,12	1173,49
884,29	1187,82
884,45	1331,18
884,62	1191,92
884,78	1165,29
884,95	1247,21
885,11	1148,91
885,28	1224,69
885,44	1216,49
885,61	1265,64
885,77	1200,11
885,94	1239,02
886,10	1177,58
886,27	1138,67
886,43	1257,45
886,60	1193,97
886,76	1189,87
886,93	1220,59
887,09	1179,63
887,26	1220,59
887,42	1226,73
887,59	1241,07
887,75	1165,29
887,92	1177,58
888,08	1255,40
888,25	1228,78
888,41	1220,59
888,58	1273,84
888,74	1230,83
888,91	1089,52
