177.47	1167.34
177.69	1167.34
177.91	1167.34
178.13	1239.02
178.36	1120.24
178.58	1155.05
178.80	1169.39
179.02	1212.40
179.24	1153.01
179.46	1222.64
179.68	1208.30
179.90	1212.40
180.13	1140.72
180.35	1124.33
180.57	1279.98
180.79	1114.10
181.01	1185.77
181.23	1187.82
181.45	1165.29
181.67	1148.91
181.90	1159.15
182.12	1187.82
182.34	1142.77
182.56	1146.86
182.78	1171.44
183.00	1253.36
183.22	1157.10
183.44	1169.39
183.66	1093.62
183.89	1249.26
184.11	1222.64
184.33	1200.11
184.55	1249.26
184.77	1196.01
184.99	1202.16
185.21	1173.49
185.43	1179.63
185.65	1216.49
185.87	1155.05
186.10	1234.93
186.32	1181.68
186.54	1239.02
186.76	1232.88
186.98	1239.02
187.20	1140.72
187.42	1163.25
187.64	1167.34
187.86	1253.36
188.08	1269.74
188.30	1167.34
188.52	1140.72
188.75	1200.11
188.97	1159.15
189.19	1132.53
189.41	1157.10
189.63	1200.11
189.85	1171.44
190.07	1159.15
190.29	1220.59
190.51	1187.82
190.73	1206.25
190.95	1208.30
191.17	1236.97
191.39	1208.30
191.61	1085.42
191.84	1224.69
192.06	1171.44
192.28	1116.14
192.50	1189.87
192.72	1232.88
192.94	1089.52
193.16	1251.31
193.38	1185.77
193.60	1179.63
193.82	1193.97
194.04	1148.91
194.26	1216.49
194.48	1259.50
194.70	1148.91
194.92	1304.56
195.14	1165.29
195.36	1200.11
195.58	1132.53
195.80	1193.97
196.02	1122.29
196.24	1177.58
196.46	1140.72
196.69	1171.44
196.91	1257.45
197.13	1163.25
197.35	1167.34
197.57	1179.63
197.79	1200.11
198.01	1146.86
198.23	1183.73
198.45	1204.21
198.67	1181.68
198.89	1159.15
199.11	1230.83
199.33	1126.38
199.55	1175.53
199.77	1134.57
199.99	1075.18
200.21	1175.53
200.43	1208.30
200.65	1210.35
200.87	1153.01
201.09	1146.86
201.31	1224.69
201.53	1167.34
201.75	1155.05
201.97	1171.44
202.19	1279.98
202.41	1155.05
202.63	1214.45
202.85	1183.73
203.07	1157.10
203.29	1093.62
203.51	1150.96
203.73	1232.88
203.95	1181.68
204.17	1144.81
204.39	1204.21
204.61	1228.78
204.83	1159.15
205.05	1208.30
205.27	1200.11
205.49	1167.34
205.71	1060.85
205.93	1179.63
206.15	1202.16
206.37	1185.77
206.59	1150.96
206.81	1169.39
207.03	1288.17
207.25	1169.39
207.47	1200.11
207.69	1175.53
207.91	1208.30
208.13	1214.45
208.34	1165.29
208.56	1236.97
208.78	1114.10
209.00	1132.53
209.22	1140.72
209.44	1216.49
209.66	1126.38
209.88	1253.36
210.10	1155.05
210.32	1247.21
210.54	1224.69
210.76	1126.38
210.98	1159.15
211.20	1150.96
211.42	1239.02
211.64	1171.44
211.86	1175.53
212.08	1130.48
212.30	1193.97
212.52	1210.35
212.74	1191.92
212.96	1208.30
213.17	1216.49
213.39	1159.15
213.61	1136.62
213.83	1212.40
214.05	1181.68
214.27	1157.10
214.49	1230.83
214.71	1255.40
214.93	1236.97
215.15	1138.67
215.37	1114.10
215.59	1212.40
215.81	1210.35
216.03	1218.54
216.24	1157.10
216.46	1249.26
216.68	1171.44
216.90	1236.97
217.12	1173.49
217.34	1150.96
217.56	1193.97
217.78	1161.20
218.00	1167.34
218.22	1181.68
218.44	1165.29
218.66	1261.55
218.87	1146.86
219.09	1130.48
219.31	1228.78
219.53	1146.86
219.75	1216.49
219.97	1167.34
220.19	1140.72
220.41	1163.25
220.63	1179.63
220.85	1093.62
221.06	1159.15
221.28	1228.78
221.50	1228.78
221.72	1150.96
221.94	1187.82
222.16	1171.44
222.38	1214.45
222.60	1167.34
222.82	1220.59
223.03	1202.16
223.25	1181.68
223.47	1077.23
223.69	1150.96
223.91	1208.30
224.13	1193.97
224.35	1120.24
224.57	1239.02
224.78	1181.68
225.00	1214.45
225.22	1167.34
225.44	1159.15
225.66	1202.16
225.88	1167.34
226.10	1159.15
226.32	1239.02
226.53	1185.77
226.75	1159.15
226.97	1236.97
227.19	1193.97
227.41	1159.15
227.63	1153.01
227.85	1114.10
228.06	1150.96
228.28	1247.21
228.50	1208.30
228.72	1159.15
228.94	1183.73
229.16	1202.16
229.37	1232.88
229.59	1222.64
229.81	1206.25
230.03	1103.86
230.25	1138.67
230.47	1204.21
230.69	1126.38
230.90	1183.73
231.12	1161.20
231.34	1089.52
231.56	1150.96
231.78	1128.43
232.00	1153.01
232.21	1179.63
232.43	1101.81
232.65	1183.73
232.87	1181.68
233.09	1202.16
233.30	1124.33
233.52	1185.77
233.74	1226.73
233.96	1257.45
234.18	1144.81
234.40	1128.43
234.61	1189.87
234.83	1126.38
235.05	1204.21
235.27	1155.05
235.49	1226.73
235.70	1208.30
235.92	1103.86
236.14	1167.34
236.36	1124.33
236.58	1198.06
236.79	1206.25
237.01	1173.49
237.23	1236.97
237.45	1155.05
237.67	1150.96
237.88	1163.25
238.10	1167.34
238.32	1187.82
238.54	1208.30
238.76	1167.34
238.97	1181.68
239.19	1202.16
239.41	1148.91
239.63	1112.05
239.85	1198.06
240.06	1185.77
240.28	1163.25
240.50	1171.44
240.72	1232.88
240.93	1183.73
241.15	1267.69
241.37	1185.77
241.59	1191.92
241.81	1191.92
242.02	1134.57
242.24	1142.77
242.46	1255.40
242.68	1148.91
242.89	1157.10
243.11	1214.45
243.33	1216.49
243.55	1200.11
243.76	1181.68
243.98	1163.25
244.20	1230.83
244.42	1171.44
244.64	1103.86
244.85	1161.20
245.07	1218.54
245.29	1165.29
245.51	1165.29
245.72	1247.21
245.94	1167.34
246.16	1198.06
246.38	1214.45
246.59	1265.64
246.81	1304.56
247.03	1122.29
247.24	1144.81
247.46	1200.11
247.68	1185.77
247.90	1171.44
248.11	1146.86
248.33	1146.86
248.55	1175.53
248.77	1118.19
248.98	1171.44
249.20	1183.73
249.42	1179.63
249.64	1224.69
249.85	1189.87
250.07	1175.53
250.29	1204.21
250.50	1163.25
250.72	1214.45
250.94	1214.45
251.16	1132.53
251.37	1202.16
251.59	1189.87
251.81	1208.30
252.02	1216.49
252.24	1171.44
252.46	1140.72
252.68	1136.62
252.89	1210.35
253.11	1167.34
253.33	1150.96
253.54	1159.15
253.76	1196.01
253.98	1255.40
254.20	1202.16
254.41	1155.05
254.63	1200.11
254.85	1155.05
255.06	1130.48
255.28	1146.86
255.50	1183.73
255.71	1128.43
255.93	1163.25
256.15	1142.77
256.36	1161.20
256.58	1169.39
256.80	1204.21
257.02	1206.25
257.23	1173.49
257.45	1167.34
257.67	1163.25
257.88	1185.77
258.10	1138.67
258.32	1206.25
258.53	1212.40
258.75	1183.73
258.97	1191.92
259.18	1189.87
259.40	1179.63
259.62	1216.49
259.83	1196.01
260.05	1198.06
260.27	1220.59
260.48	1230.83
260.70	1093.62
260.92	1144.81
261.13	1193.97
261.35	1155.05
261.57	1191.92
261.78	1212.40
262.00	1224.69
262.22	1132.53
262.43	1153.01
262.65	1228.78
262.86	1110.00
263.08	1150.96
263.30	1167.34
263.51	1185.77
263.73	1130.48
263.95	1171.44
264.16	1226.73
264.38	1155.05
264.60	1144.81
264.81	1185.77
265.03	1212.40
265.25	1210.35
265.46	1210.35
265.68	1126.38
265.89	1159.15
266.11	1134.57
266.33	1200.11
266.54	1247.21
266.76	1234.93
266.98	1187.82
267.19	1159.15
267.41	1150.96
267.62	1232.88
267.84	1200.11
268.06	1189.87
268.27	1206.25
268.49	1212.40
268.70	1171.44
268.92	1191.92
269.14	1206.25
269.35	1187.82
269.57	1110.00
269.79	1259.50
270.00	1118.19
270.22	1183.73
270.43	1179.63
270.65	1236.97
270.87	1187.82
271.08	1167.34
271.30	1222.64
271.51	1185.77
271.73	1167.34
271.95	1196.01
272.16	1191.92
272.38	1177.58
272.59	1150.96
272.81	1177.58
273.02	1239.02
273.24	1222.64
273.46	1206.25
273.67	1142.77
273.89	1183.73
274.10	1173.49
274.32	1282.03
274.54	1196.01
274.75	1112.05
274.97	1155.05
275.18	1128.43
275.40	1187.82
275.61	1208.30
275.83	1208.30
276.05	1249.26
276.26	1222.64
276.48	1183.73
276.69	1144.81
276.91	1169.39
277.12	1175.53
277.34	1173.49
277.55	1220.59
277.77	1075.18
277.99	1241.07
278.20	1249.26
278.42	1191.92
278.63	1177.58
278.85	1200.11
279.06	1179.63
279.28	1273.84
279.49	1243.12
279.71	1179.63
279.93	1124.33
280.14	1167.34
280.36	1150.96
280.57	1140.72
280.79	1122.29
281.00	1171.44
281.22	1163.25
281.43	1132.53
281.65	1179.63
281.86	1243.12
282.08	1224.69
282.29	1196.01
282.51	1187.82
282.73	1212.40
282.94	1138.67
283.16	1134.57
283.37	1146.86
283.59	1173.49
283.80	1159.15
284.02	1138.67
284.23	1222.64
284.45	1187.82
284.66	1148.91
284.88	1196.01
285.09	1146.86
285.31	1212.40
285.52	1183.73
285.74	1165.29
285.95	1181.68
286.17	1167.34
286.38	1243.12
286.60	1183.73
286.81	1142.77
287.03	1134.57
287.24	1185.77
287.46	1236.97
287.67	1239.02
287.89	1196.01
288.10	1226.73
288.32	1210.35
288.53	1193.97
288.75	1167.34
288.96	1290.22
289.18	1116.14
289.39	1179.63
289.61	1177.58
289.82	1210.35
290.04	1179.63
290.25	1173.49
290.47	1183.73
290.68	1204.21
290.90	1165.29
291.11	1150.96
291.33	1214.45
291.54	1085.42
291.76	1226.73
291.97	1138.67
292.18	1179.63
292.40	1163.25
292.61	1153.01
292.83	1208.30
293.04	1273.84
293.26	1249.26
293.47	1148.91
293.69	1159.15
293.90	1202.16
294.12	1218.54
294.33	1179.63
294.55	1210.35
294.76	1087.47
294.97	1222.64
295.19	1171.44
295.40	1198.06
295.62	1179.63
295.83	1148.91
296.05	1116.14
296.26	1177.58
296.48	1183.73
296.69	1212.40
296.90	1173.49
297.12	1167.34
297.33	1189.87
297.55	1224.69
297.76	1196.01
297.98	1177.58
298.19	1245.16
298.41	1157.10
298.62	1134.57
298.83	1185.77
299.05	1155.05
299.26	1189.87
299.48	1218.54
299.69	1220.59
299.90	1206.25
300.12	1114.10
300.33	1200.11
300.55	1214.45
300.76	1187.82
300.98	1146.86
301.19	1155.05
301.40	1150.96
301.62	1200.11
301.83	1140.72
302.05	1261.55
302.26	1140.72
302.47	1200.11
302.69	1198.06
302.90	1187.82
303.12	1181.68
303.33	1214.45
303.54	1128.43
303.76	1181.68
303.97	1181.68
304.19	1187.82
304.40	1171.44
304.61	1239.02
304.83	1144.81
305.04	1165.29
305.26	1179.63
305.47	1210.35
305.68	1198.06
305.90	1193.97
306.11	1220.59
306.33	1181.68
306.54	1234.93
306.75	1198.06
306.97	1220.59
307.18	1222.64
307.39	1216.49
307.61	1097.71
307.82	1185.77
308.04	1087.47
308.25	1099.76
308.46	1202.16
308.68	1167.34
308.89	1193.97
309.10	1173.49
309.32	1134.57
309.53	1159.15
309.74	1093.62
309.96	1179.63
310.17	1267.69
310.39	1148.91
310.60	1232.88
310.81	1198.06
311.03	1136.62
311.24	1140.72
311.45	1208.30
311.67	1161.20
311.88	1222.64
312.09	1103.86
312.31	1177.58
312.52	1163.25
312.73	1251.31
312.95	1142.77
313.16	1171.44
313.37	1200.11
313.59	1191.92
313.80	1236.97
314.01	1200.11
314.23	1130.48
314.44	1220.59
314.65	1161.20
314.87	1144.81
315.08	1189.87
315.29	1144.81
315.51	1208.30
315.72	1183.73
315.93	1179.63
316.15	1241.07
316.36	1122.29
316.57	1208.30
316.79	1181.68
317.00	1187.82
317.21	1212.40
317.43	1165.29
317.64	1198.06
317.85	1157.10
318.07	1212.40
318.28	1200.11
318.49	1232.88
318.70	1206.25
318.92	1146.86
319.13	1136.62
319.34	1179.63
319.56	1214.45
319.77	1185.77
319.98	1208.30
320.20	1146.86
320.41	1228.78
320.62	1212.40
320.83	1179.63
321.05	1159.15
321.26	1265.64
321.47	1216.49
321.69	1200.11
321.90	1128.43
322.11	1202.16
322.32	1200.11
322.54	1228.78
322.75	1159.15
322.96	1232.88
323.18	1132.53
323.39	1179.63
323.60	1224.69
323.81	1150.96
324.03	1155.05
324.24	1269.74
324.45	1243.12
324.66	1155.05
324.88	1173.49
325.09	1140.72
325.30	1116.14
325.52	1155.05
325.73	1183.73
325.94	1177.58
326.15	1187.82
326.37	1220.59
326.58	1159.15
326.79	1232.88
327.00	1241.07
327.22	1179.63
327.43	1187.82
327.64	1200.11
327.85	1163.25
328.07	1181.68
328.28	1179.63
328.49	1198.06
328.70	1245.16
328.92	1202.16
329.13	1187.82
329.34	1202.16
329.55	1216.49
329.76	1200.11
329.98	1189.87
330.19	1177.58
330.40	1204.21
330.61	1241.07
330.83	1193.97
331.04	1173.49
331.25	1126.38
331.46	1124.33
331.68	1165.29
331.89	1228.78
332.10	1165.29
332.31	1200.11
332.52	1134.57
332.74	1187.82
332.95	1193.97
333.16	1153.01
333.37	1118.19
333.58	1181.68
333.80	1173.49
334.01	1146.86
334.22	1204.21
334.43	1224.69
334.64	1249.26
334.86	1208.30
335.07	1183.73
335.28	1210.35
335.49	1175.53
335.70	1140.72
335.92	1138.67
336.13	1177.58
336.34	1243.12
336.55	1232.88
336.76	1216.49
336.98	1138.67
337.19	1175.53
337.40	1224.69
337.61	1132.53
337.82	1169.39
338.04	1169.39
338.25	1230.83
338.46	1150.96
338.67	1165.29
338.88	1155.05
339.09	1177.58
339.31	1243.12
339.52	1230.83
339.73	1138.67
339.94	1191.92
340.15	1155.05
340.36	1204.21
340.58	1083.38
340.79	1202.16
341.00	1187.82
341.21	1148.91
341.42	1187.82
341.63	1204.21
341.85	1239.02
342.06	1191.92
342.27	1159.15
342.48	1208.30
342.69	1173.49
342.90	1165.29
343.12	1177.58
343.33	1163.25
343.54	1187.82
343.75	1189.87
343.96	1136.62
344.17	1259.50
344.38	1206.25
344.60	1185.77
344.81	1142.77
345.02	1136.62
345.23	1236.97
345.44	1212.40
345.65	1175.53
345.86	1191.92
346.07	1224.69
346.29	1228.78
346.50	1200.11
346.71	1187.82
346.92	1239.02
347.13	1206.25
347.34	1208.30
347.55	1148.91
347.76	1196.01
347.98	1150.96
348.19	1103.86
348.40	1208.30
348.61	1196.01
348.82	1146.86
349.03	1146.86
349.24	1114.10
349.45	1206.25
349.66	1206.25
349.88	1245.16
350.09	1175.53
350.30	1171.44
350.51	1163.25
350.72	1107.95
350.93	1206.25
351.14	1128.43
351.35	1198.06
351.56	1187.82
351.77	1118.19
351.99	1249.26
352.20	1157.10
352.41	1155.05
352.62	1181.68
352.83	1161.20
353.04	1181.68
353.25	1167.34
353.46	1196.01
353.67	1153.01
353.88	1277.93
354.09	1179.63
354.30	1196.01
354.52	1165.29
354.73	1146.86
354.94	1196.01
355.15	1253.36
355.36	1150.96
355.57	1208.30
355.78	1118.19
355.99	1200.11
356.20	1165.29
356.41	1159.15
356.62	1214.45
356.83	1200.11
357.04	1171.44
357.25	1189.87
357.46	1200.11
357.68	1200.11
357.89	1189.87
358.10	1126.38
358.31	1212.40
358.52	1118.19
358.73	1183.73
358.94	1222.64
359.15	1208.30
359.36	1228.78
359.57	1304.56
359.78	1177.58
359.99	1175.53
360.20	1196.01
360.41	1189.87
360.62	1122.29
360.83	1175.53
361.04	1148.91
361.25	1187.82
361.46	1167.34
361.67	1216.49
361.88	1150.96
362.09	1249.26
362.30	1200.11
362.51	1142.77
362.72	1218.54
362.93	1185.77
363.14	1157.10
363.35	1112.05
363.56	1200.11
363.78	1173.49
363.99	1183.73
364.20	1189.87
364.41	1124.33
364.62	1200.11
364.83	1198.06
365.04	1159.15
365.25	1167.34
365.46	1200.11
365.67	1216.49
365.88	1236.97
366.09	1114.10
366.30	1169.39
366.51	1150.96
366.72	1134.57
366.93	1232.88
367.14	1210.35
367.35	1226.73
367.56	1142.77
367.77	1214.45
367.98	1155.05
368.18	1179.63
368.39	1210.35
368.60	1173.49
368.81	1159.15
369.02	1114.10
369.23	1177.58
369.44	1222.64
369.65	1150.96
369.86	1155.05
370.07	1187.82
370.28	1206.25
370.49	1234.93
370.70	1189.87
370.91	1171.44
371.12	1130.48
371.33	1183.73
371.54	1179.63
371.75	1146.86
371.96	1163.25
372.17	1187.82
372.38	1148.91
372.59	1183.73
372.80	1167.34
373.01	1224.69
373.22	1236.97
373.43	1120.24
373.64	1153.01
373.85	1124.33
374.06	1138.67
374.26	1163.25
374.47	1208.30
374.68	1138.67
374.89	1173.49
375.10	1155.05
375.31	1208.30
375.52	1085.42
375.73	1222.64
375.94	1097.71
376.15	1204.21
376.36	1218.54
376.57	1187.82
376.78	1167.34
376.99	1189.87
377.20	1228.78
377.40	1163.25
377.61	1144.81
377.82	1200.11
378.03	1204.21
378.24	1177.58
378.45	1191.92
378.66	1212.40
378.87	1167.34
379.08	1196.01
379.29	1183.73
379.50	1155.05
379.71	1212.40
379.91	1200.11
380.12	1208.30
380.33	1167.34
380.54	1150.96
380.75	1134.57
380.96	1179.63
381.17	1132.53
381.38	1161.20
381.59	1144.81
381.80	1163.25
382.00	1224.69
382.21	1249.26
382.42	1175.53
382.63	1161.20
382.84	1136.62
383.05	1193.97
383.26	1122.29
383.47	1126.38
383.68	1142.77
383.88	1081.33
384.09	1191.92
384.30	1200.11
384.51	1112.05
384.72	1220.59
384.93	1185.77
385.14	1198.06
385.35	1171.44
385.55	1198.06
385.76	1173.49
385.97	1173.49
386.18	1159.15
386.39	1249.26
386.60	1161.20
386.81	1220.59
387.02	1187.82
387.22	1214.45
387.43	1230.83
387.64	1183.73
387.85	1189.87
388.06	1171.44
388.27	1167.34
388.48	1146.86
388.68	1243.12
388.89	1200.11
389.10	1267.69
389.31	1210.35
389.52	1124.33
389.73	1159.15
389.93	1200.11
390.14	1126.38
390.35	1208.30
390.56	1224.69
390.77	1159.15
390.98	1228.78
391.18	1208.30
391.39	1161.20
391.60	1148.91
391.81	1165.29
392.02	1171.44
392.23	1193.97
392.43	1224.69
392.64	1183.73
392.85	1122.29
393.06	1193.97
393.27	1173.49
393.47	1208.30
393.68	1208.30
393.89	1107.95
394.10	1239.02
394.31	1183.73
394.52	1144.81
394.72	1132.53
394.93	1150.96
395.14	1144.81
395.35	1165.29
395.56	1159.15
395.76	1140.72
395.97	1181.68
396.18	1214.45
396.39	1196.01
396.60	1208.30
396.80	1159.15
397.01	1204.21
397.22	1169.39
397.43	1206.25
397.64	1181.68
397.84	1196.01
398.05	1165.29
398.26	1171.44
398.47	1175.53
398.67	1150.96
398.88	1167.34
399.09	1216.49
399.30	1155.05
399.51	1218.54
399.71	1150.96
399.92	1159.15
400.13	1177.58
400.34	1263.60
400.54	1169.39
400.75	1134.57
400.96	1150.96
401.17	1198.06
401.37	1200.11
401.58	1191.92
401.79	1142.77
402.00	1193.97
402.21	1208.30
402.41	1181.68
402.62	1085.42
402.83	1167.34
403.04	1185.77
403.24	1175.53
403.45	1138.67
403.66	1150.96
403.87	1159.15
404.07	1200.11
404.28	1140.72
404.49	1177.58
404.70	1169.39
404.90	1175.53
405.11	1267.69
405.32	1249.26
405.52	1216.49
405.73	1200.11
405.94	1193.97
406.15	1116.14
406.35	1249.26
406.56	1167.34
406.77	1097.71
406.98	1181.68
407.18	1206.25
407.39	1189.87
407.60	1144.81
407.80	1134.57
408.01	1222.64
408.22	1159.15
408.43	1122.29
408.63	1212.40
408.84	1163.25
409.05	1177.58
409.25	1200.11
409.46	1157.10
409.67	1181.68
409.88	1140.72
410.08	1107.95
410.29	1179.63
410.50	1196.01
410.70	1204.21
410.91	1210.35
411.12	1161.20
411.32	1171.44
411.53	1181.68
411.74	1171.44
411.95	1226.73
412.15	1171.44
412.36	1204.21
412.57	1146.86
412.77	1230.83
412.98	1196.01
413.19	1265.64
413.39	1220.59
413.60	1204.21
413.81	1144.81
414.01	1159.15
414.22	1198.06
414.43	1185.77
414.63	1122.29
414.84	1196.01
415.05	1245.16
415.25	1196.01
415.46	1204.21
415.67	1245.16
415.87	1150.96
416.08	1239.02
416.29	1210.35
416.49	1161.20
416.70	1239.02
416.91	1181.68
417.11	1230.83
417.32	1116.14
417.53	1230.83
417.73	1142.77
417.94	1132.53
418.15	1128.43
418.35	1167.34
418.56	1220.59
418.77	1173.49
418.97	1212.40
419.18	1187.82
419.38	1150.96
419.59	1175.53
419.80	1181.68
420.00	1093.62
420.21	1208.30
420.42	1148.91
420.62	1175.53
420.83	1169.39
421.04	1216.49
421.24	1236.97
421.45	1210.35
421.65	1245.16
421.86	1101.81
422.07	1206.25
422.27	1193.97
422.48	1198.06
422.69	1132.53
422.89	1177.58
423.10	1224.69
423.30	1150.96
423.51	1138.67
423.72	1189.87
423.92	1232.88
424.13	1202.16
424.33	1189.87
424.54	1232.88
424.75	1171.44
424.95	1220.59
425.16	1230.83
425.36	1146.86
425.57	1247.21
425.78	1173.49
425.98	1222.64
426.19	1206.25
426.39	1128.43
426.60	1224.69
426.81	1146.86
427.01	1157.10
427.22	1175.53
427.42	1212.40
427.63	1208.30
427.83	1171.44
428.04	1165.29
428.25	1112.05
428.45	1153.01
428.66	1183.73
428.86	1200.11
429.07	1183.73
429.28	1247.21
429.48	1204.21
429.69	1175.53
429.89	1181.68
430.10	1140.72
430.30	1173.49
430.51	1196.01
430.71	1196.01
430.92	1230.83
431.13	1165.29
431.33	1173.49
431.54	1247.21
431.74	1095.66
431.95	1210.35
432.15	1124.33
432.36	1122.29
432.56	1114.10
432.77	1187.82
432.98	1142.77
433.18	1110.00
433.39	1167.34
433.59	1234.93
433.80	1214.45
434.00	1243.12
434.21	1193.97
434.41	1279.98
434.62	1200.11
434.82	1169.39
435.03	1153.01
435.23	1157.10
435.44	1171.44
435.64	1241.07
435.85	1120.24
436.06	1138.67
436.26	1175.53
436.47	1167.34
436.67	1159.15
436.88	1173.49
437.08	1200.11
437.29	1220.59
437.49	1122.29
437.70	1212.40
437.90	1118.19
438.11	1138.67
438.31	1206.25
438.52	1159.15
438.72	1187.82
438.93	1157.10
439.13	1173.49
439.34	1204.21
439.54	1193.97
439.75	1251.31
439.95	1165.29
440.16	1126.38
440.36	1163.25
440.57	1214.45
440.77	1173.49
440.98	1136.62
441.18	1245.16
441.39	1142.77
441.59	1241.07
441.80	1232.88
442.00	1230.83
442.21	1177.58
442.41	1245.16
442.62	1216.49
442.82	1093.62
443.02	1159.15
443.23	1226.73
443.43	1175.53
443.64	1140.72
443.84	1193.97
444.05	1150.96
444.25	1191.92
444.46	1169.39
444.66	1232.88
444.87	1191.92
445.07	1196.01
445.28	1163.25
445.48	1185.77
445.69	1187.82
445.89	1169.39
446.09	1181.68
446.30	1155.05
446.50	1183.73
446.71	1220.59
446.91	1198.06
447.12	1196.01
447.32	1212.40
447.53	1204.21
447.73	1200.11
447.93	1212.40
448.14	1167.34
448.34	1191.92
448.55	1222.64
448.75	1255.40
448.96	1179.63
449.16	1177.58
449.36	1189.87
449.57	1126.38
449.77	1175.53
449.98	1212.40
450.18	1171.44
450.39	1167.34
450.59	1161.20
450.79	1224.69
451.00	1214.45
451.20	1153.01
451.41	1216.49
451.61	1163.25
451.81	1191.92
452.02	1179.63
452.22	1214.45
452.43	1200.11
452.63	1200.11
452.84	1157.10
453.04	1179.63
453.24	1187.82
453.45	1175.53
453.65	1167.34
453.86	1269.74
454.06	1138.67
454.26	1230.83
454.47	1243.12
454.67	1126.38
454.87	1173.49
455.08	1163.25
455.28	1126.38
455.49	1208.30
455.69	1239.02
455.89	1134.57
456.10	1185.77
456.30	1214.45
456.51	1206.25
456.71	1165.29
456.91	1177.58
457.12	1230.83
457.32	1183.73
457.52	1171.44
457.73	1245.16
457.93	1232.88
458.14	1159.15
458.34	1159.15
458.54	1265.64
458.75	1175.53
458.95	1140.72
459.15	1220.59
459.36	1140.72
459.56	1181.68
459.76	1142.77
459.97	1132.53
460.17	1175.53
460.37	1169.39
460.58	1095.66
460.78	1167.34
460.99	1185.77
461.19	1204.21
461.39	1124.33
461.60	1161.20
461.80	1200.11
462.00	1157.10
462.21	1122.29
462.41	1169.39
462.61	1202.16
462.82	1216.49
463.02	1122.29
463.22	1265.64
463.43	1191.92
463.63	1196.01
463.83	1224.69
464.04	1286.12
464.24	1136.62
464.44	1161.20
464.64	1144.81
464.85	1224.69
465.05	1181.68
465.25	1150.96
465.46	1161.20
465.66	1181.68
465.86	1089.52
466.07	1239.02
466.27	1175.53
466.47	1120.24
466.68	1148.91
466.88	1155.05
467.08	1179.63
467.29	1208.30
467.49	1177.58
467.69	1175.53
467.89	1136.62
468.10	1073.14
468.30	1134.57
468.50	1173.49
468.71	1243.12
468.91	1204.21
469.11	1214.45
469.31	1220.59
469.52	1128.43
469.72	1155.05
469.92	1138.67
470.13	1134.57
470.33	1228.78
470.53	1175.53
470.73	1181.68
470.94	1212.40
471.14	1206.25
471.34	1128.43
471.54	1175.53
471.75	1134.57
471.95	1128.43
472.15	1179.63
472.36	1177.58
472.56	1144.81
472.76	1142.77
472.96	1200.11
473.17	1183.73
473.37	1128.43
473.57	1200.11
473.77	1167.34
473.98	1122.29
474.18	1193.97
474.38	1144.81
474.58	1228.78
474.79	1185.77
474.99	1130.48
475.19	1183.73
475.39	1181.68
475.60	1228.78
475.80	1230.83
476.00	1187.82
476.20	1193.97
476.41	1177.58
476.61	1251.31
476.81	1175.53
477.01	1116.14
477.21	1175.53
477.42	1245.16
477.62	1144.81
477.82	1193.97
478.02	1183.73
478.23	1265.64
478.43	1204.21
478.63	1101.81
478.83	1200.11
479.03	1183.73
479.24	1212.40
479.44	1155.05
479.64	1112.05
479.84	1204.21
480.04	1155.05
480.25	1099.76
480.45	1155.05
480.65	1183.73
480.85	1200.11
481.06	1198.06
481.26	1196.01
481.46	1159.15
481.66	1118.19
481.86	1185.77
482.06	1114.10
482.27	1136.62
482.47	1228.78
482.67	1093.62
482.87	1171.44
483.07	1191.92
483.28	1167.34
483.48	1157.10
483.68	1153.01
483.88	1200.11
484.08	1157.10
484.29	1200.11
484.49	1105.90
484.69	1159.15
484.89	1103.86
485.09	1167.34
485.29	1212.40
485.50	1175.53
485.70	1216.49
485.90	1210.35
486.10	1210.35
486.30	1112.05
486.50	1196.01
486.71	1157.10
486.91	1159.15
487.11	1208.30
487.31	1232.88
487.51	1173.49
487.71	1220.59
487.91	1132.53
488.12	1208.30
488.32	1165.29
488.52	1161.20
488.72	1210.35
488.92	1179.63
489.12	1107.95
489.32	1159.15
489.53	1226.73
489.73	1177.58
489.93	1136.62
490.13	1255.40
490.33	1263.60
490.53	1187.82
490.73	1134.57
490.94	1161.20
491.14	1251.31
491.34	1138.67
491.54	1148.91
491.74	1179.63
491.94	1198.06
492.14	1187.82
492.34	1200.11
492.54	1161.20
492.75	1157.10
492.95	1132.53
493.15	1189.87
493.35	1191.92
493.55	1239.02
493.75	1124.33
493.95	1116.14
494.15	1191.92
494.35	1116.14
494.56	1128.43
494.76	1210.35
494.96	1169.39
495.16	1144.81
495.36	1247.21
495.56	1208.30
495.76	1179.63
495.96	1134.57
496.16	1163.25
496.36	1138.67
496.56	1146.86
496.77	1187.82
496.97	1234.93
497.17	1214.45
497.37	1169.39
497.57	1214.45
497.77	1179.63
497.97	1146.86
498.17	1179.63
498.37	1183.73
498.57	1140.72
498.77	1220.59
498.97	1263.60
499.17	1253.36
499.38	1193.97
499.58	1191.92
499.78	1177.58
499.98	1191.92
500.18	1157.10
500.38	1212.40
500.58	1167.34
500.78	1181.68
500.98	1173.49
501.18	1239.02
501.38	1212.40
501.58	1189.87
501.78	1150.96
501.98	1222.64
502.18	1155.05
502.38	1263.60
502.58	1253.36
502.78	1148.91
502.98	1191.92
503.18	1193.97
503.38	1153.01
503.59	1247.21
503.79	1181.68
503.99	1165.29
504.19	1200.11
504.39	1179.63
504.59	1222.64
504.79	1163.25
504.99	1236.97
505.19	1204.21
505.39	1218.54
505.59	1234.93
505.79	1202.16
505.99	1163.25
506.19	1175.53
506.39	1140.72
506.59	1232.88
506.79	1220.59
506.99	1200.11
507.19	1191.92
507.39	1155.05
507.59	1204.21
507.79	1204.21
507.99	1163.25
508.19	1185.77
508.39	1222.64
508.59	1175.53
508.79	1198.06
508.99	1189.87
509.19	1232.88
509.39	1202.16
509.59	1173.49
509.79	1208.30
509.99	1138.67
510.19	1183.73
510.39	1257.45
510.59	1175.53
510.79	1173.49
510.99	1183.73
511.19	1187.82
511.39	1161.20
511.59	1181.68
511.79	1208.30
511.99	1128.43
512.19	1200.11
512.38	1161.20
512.58	1112.05
512.78	1163.25
512.98	1087.47
513.18	1232.88
513.38	1153.01
513.58	1226.73
513.78	1173.49
513.98	1232.88
514.18	1212.40
514.38	1175.53
514.58	1232.88
514.78	1193.97
514.98	1146.86
515.18	1204.21
515.38	1150.96
515.58	1193.97
515.78	1177.58
515.98	1189.87
516.18	1073.14
516.38	1200.11
516.57	1228.78
516.77	1157.10
516.97	1155.05
517.17	1126.38
517.37	1134.57
517.57	1204.21
517.77	1128.43
517.97	1239.02
518.17	1126.38
518.37	1204.21
518.57	1148.91
518.77	1220.59
518.97	1202.16
519.16	1257.45
519.36	1122.29
519.56	1136.62
519.76	1150.96
519.96	1183.73
520.16	1189.87
520.36	1220.59
520.56	1228.78
520.76	1120.24
520.96	1089.52
521.16	1187.82
521.35	1159.15
521.55	1208.30
521.75	1187.82
521.95	1193.97
522.15	1275.88
522.35	1157.10
522.55	1165.29
522.75	1220.59
522.95	1191.92
523.14	1118.19
523.34	1181.68
523.54	1210.35
523.74	1179.63
523.94	1263.60
524.14	1181.68
524.34	1159.15
524.54	1249.26
524.73	1157.10
524.93	1161.20
525.13	1202.16
525.33	1153.01
525.53	1173.49
525.73	1169.39
525.93	1245.16
526.13	1171.44
526.32	1187.82
526.52	1142.77
526.72	1114.10
526.92	1159.15
527.12	1167.34
527.32	1239.02
527.52	1185.77
527.71	1126.38
527.91	1226.73
528.11	1163.25
528.31	1241.07
528.51	1099.76
528.71	1142.77
528.90	1110.00
529.10	1171.44
529.30	1142.77
529.50	1196.01
529.70	1116.14
529.90	1132.53
530.09	1236.97
530.29	1198.06
530.49	1167.34
530.69	1185.77
530.89	1142.77
531.09	1122.29
531.28	1212.40
531.48	1187.82
531.68	1173.49
531.88	1173.49
532.08	1245.16
532.28	1124.33
532.47	1171.44
532.67	1226.73
532.87	1181.68
533.07	1226.73
533.27	1200.11
533.46	1263.60
533.66	1202.16
533.86	1224.69
534.06	1212.40
534.26	1148.91
534.45	1167.34
534.65	1177.58
534.85	1179.63
535.05	1167.34
535.25	1216.49
535.44	1206.25
535.64	1161.20
535.84	1169.39
536.04	1191.92
536.24	1216.49
536.43	1142.77
536.63	1163.25
536.83	1144.81
537.03	1179.63
537.22	1191.92
537.42	1155.05
537.62	1183.73
537.82	1140.72
538.02	1222.64
538.21	1155.05
538.41	1196.01
538.61	1167.34
538.81	1138.67
539.00	1175.53
539.20	1226.73
539.40	1183.73
539.60	1144.81
539.79	1204.21
539.99	1165.29
540.19	1249.26
540.39	1210.35
540.58	1189.87
540.78	1183.73
540.98	1224.69
541.18	1200.11
541.37	1196.01
541.57	1095.66
541.77	1236.97
541.97	1167.34
542.16	1259.50
542.36	1112.05
542.56	1165.29
542.76	1146.86
542.95	1159.15
543.15	1232.88
543.35	1185.77
543.54	1161.20
543.74	1216.49
543.94	1187.82
544.14	1230.83
544.33	1144.81
544.53	1198.06
544.73	1239.02
544.93	1181.68
545.12	1165.29
545.32	1165.29
545.52	1200.11
545.71	1183.73
545.91	1138.67
546.11	1155.05
546.30	1251.31
546.50	1204.21
546.70	1202.16
546.90	1175.53
547.09	1200.11
547.29	1243.12
547.49	1171.44
547.68	1112.05
547.88	1150.96
548.08	1171.44
548.27	1204.21
548.47	1153.01
548.67	1159.15
548.87	1142.77
549.06	1183.73
549.26	1140.72
549.46	1228.78
549.65	1214.45
549.85	1097.71
550.05	1181.68
550.24	1146.86
550.44	1167.34
550.64	1173.49
550.83	1159.15
551.03	1204.21
551.23	1120.24
551.42	1218.54
551.62	1140.72
551.82	1183.73
552.01	1075.18
552.21	1206.25
552.41	1208.30
552.60	1107.95
552.80	1132.53
553.00	1173.49
553.19	1206.25
553.39	1142.77
553.59	1159.15
553.78	1222.64
553.98	1249.26
554.17	1218.54
554.37	1208.30
554.57	1138.67
554.76	1208.30
554.96	1150.96
555.16	1171.44
555.35	1118.19
555.55	1247.21
555.75	1167.34
555.94	1230.83
556.14	1183.73
556.33	1200.11
556.53	1140.72
556.73	1202.16
556.92	1175.53
557.12	1239.02
557.32	1177.58
557.51	1261.55
557.71	1097.71
557.90	1185.77
558.10	1144.81
558.30	1206.25
558.49	1253.36
558.69	1134.57
558.88	1130.48
559.08	1175.53
559.28	1226.73
559.47	1150.96
559.67	1181.68
559.86	1200.11
560.06	1193.97
560.26	1148.91
560.45	1267.69
560.65	1132.53
560.84	1165.29
561.04	1165.29
561.24	1196.01
561.43	1177.58
561.63	1208.30
561.82	1150.96
562.02	1089.52
562.22	1224.69
562.41	1212.40
562.61	1206.25
562.80	1110.00
563.00	1181.68
563.19	1167.34
563.39	1185.77
563.59	1157.10
563.78	1255.40
563.98	1179.63
564.17	1105.90
564.37	1167.34
564.56	1167.34
564.76	1163.25
564.96	1132.53
565.15	1247.21
565.35	1210.35
565.54	1157.10
565.74	1159.15
565.93	1157.10
566.13	1148.91
566.32	1134.57
566.52	1161.20
566.71	1200.11
566.91	1159.15
567.11	1183.73
567.30	1148.91
567.50	1189.87
567.69	1216.49
567.89	1036.27
568.08	1198.06
568.28	1214.45
568.47	1216.49
568.67	1208.30
568.86	1204.21
569.06	1181.68
569.25	1284.08
569.45	1196.01
569.64	1142.77
569.84	1249.26
570.04	1159.15
570.23	1155.05
570.43	1200.11
570.62	1181.68
570.82	1189.87
571.01	1101.81
571.21	1153.01
571.40	1142.77
571.60	1159.15
571.79	1251.31
571.99	1118.19
572.18	1187.82
572.38	1212.40
572.57	1122.29
572.77	1222.64
572.96	1093.62
573.16	1120.24
573.35	1130.48
573.55	1165.29
573.74	1204.21
573.94	1200.11
574.13	1212.40
574.33	1179.63
574.52	1101.81
574.71	1210.35
574.91	1095.66
575.10	1265.64
575.30	1175.53
575.49	1179.63
575.69	1148.91
575.88	1189.87
576.08	1163.25
576.27	1183.73
576.47	1159.15
576.66	1261.55
576.86	1249.26
577.05	1214.45
577.25	1179.63
577.44	1165.29
577.64	1148.91
577.83	1161.20
578.02	1218.54
578.22	1167.34
578.41	1122.29
578.61	1087.47
578.80	1079.28
579.00	1128.43
579.19	1114.10
579.39	1226.73
579.58	1243.12
579.77	1193.97
579.97	1183.73
580.16	1140.72
580.36	1155.05
580.55	1183.73
580.75	1165.29
580.94	1249.26
581.13	1193.97
581.33	1198.06
581.52	1134.57
581.72	1165.29
581.91	1175.53
582.11	1185.77
582.30	1249.26
582.49	1230.83
582.69	1163.25
582.88	1179.63
583.08	1167.34
583.27	1216.49
583.47	1226.73
583.66	1167.34
583.85	1185.77
584.05	1187.82
584.24	1191.92
584.44	1249.26
584.63	1204.21
584.82	1255.40
585.02	1122.29
585.21	1167.34
585.41	1116.14
585.60	1157.10
585.79	1200.11
585.99	1216.49
586.18	1198.06
586.37	1148.91
586.57	1163.25
586.76	1136.62
586.96	1245.16
587.15	1146.86
587.34	1239.02
587.54	1210.35
587.73	1132.53
587.93	1130.48
588.12	1187.82
588.31	1165.29
588.51	1153.01
588.70	1193.97
588.89	1169.39
589.09	1216.49
589.28	1228.78
589.47	1124.33
589.67	1189.87
589.86	1173.49
590.06	1196.01
590.25	1200.11
590.44	1173.49
590.64	1202.16
590.83	1218.54
591.02	1187.82
591.22	1208.30
591.41	1165.29
591.60	1175.53
591.80	1150.96
591.99	1175.53
592.18	1138.67
592.38	1202.16
592.57	1116.14
592.76	1165.29
592.96	1169.39
593.15	1232.88
593.34	1230.83
593.54	1200.11
593.73	1218.54
593.92	1216.49
594.12	1175.53
594.31	1208.30
594.50	1167.34
594.70	1187.82
594.89	1220.59
595.08	1241.07
595.28	1187.82
595.47	1179.63
595.66	1187.82
595.86	1132.53
596.05	1196.01
596.24	1212.40
596.43	1157.10
596.63	1146.86
596.82	1243.12
597.01	1261.55
597.21	1187.82
597.40	1189.87
597.59	1187.82
597.79	1187.82
597.98	1198.06
598.17	1150.96
598.36	1165.29
598.56	1122.29
598.75	1241.07
598.94	1234.93
599.14	1210.35
599.33	1171.44
599.52	1128.43
599.71	1181.68
599.91	1150.96
600.10	1185.77
600.29	1181.68
600.48	1193.97
600.68	1167.34
600.87	1198.06
601.06	1173.49
601.26	1167.34
601.45	1159.15
601.64	1159.15
601.83	1214.45
602.03	1183.73
602.22	1165.29
602.41	1161.20
602.60	1218.54
602.80	1220.59
602.99	1169.39
603.18	1236.97
603.37	1206.25
603.57	1200.11
603.76	1138.67
603.95	1124.33
604.14	1196.01
604.34	1222.64
604.53	1200.11
604.72	1107.95
604.91	1167.34
605.10	1189.87
605.30	1159.15
605.49	1173.49
605.68	1171.44
605.87	1187.82
606.07	1101.81
606.26	1206.25
606.45	1196.01
606.64	1226.73
606.84	1236.97
607.03	1224.69
607.22	1163.25
607.41	1155.05
607.60	1181.68
607.80	1187.82
607.99	1224.69
608.18	1175.53
608.37	1181.68
608.56	1124.33
608.76	1089.52
608.95	1204.21
609.14	1155.05
609.33	1202.16
609.52	1193.97
609.72	1167.34
609.91	1144.81
610.10	1177.58
610.29	1183.73
610.48	1230.83
610.68	1183.73
610.87	1167.34
611.06	1200.11
611.25	1175.53
611.44	1183.73
611.63	1155.05
611.83	1171.44
612.02	1183.73
612.21	1245.16
612.40	1163.25
612.59	1140.72
612.79	1232.88
612.98	1165.29
613.17	1130.48
613.36	1236.97
613.55	1239.02
613.74	1130.48
613.93	1161.20
614.13	1236.97
614.32	1142.77
614.51	1150.96
614.70	1163.25
614.89	1189.87
615.08	1159.15
615.28	1206.25
615.47	1165.29
615.66	1253.36
615.85	1163.25
616.04	1208.30
616.23	1214.45
616.42	1216.49
616.62	1218.54
616.81	1257.45
617.00	1171.44
617.19	1204.21
617.38	1169.39
617.57	1204.21
617.76	1196.01
617.95	1159.15
618.15	1161.20
618.34	1251.31
618.53	1224.69
618.72	1198.06
618.91	1208.30
619.10	1132.53
619.29	1200.11
619.48	1189.87
619.68	1191.92
619.87	1155.05
620.06	1224.69
620.25	1161.20
620.44	1191.92
620.63	1153.01
620.82	1193.97
621.01	1208.30
621.20	1198.06
621.39	1140.72
621.59	1173.49
621.78	1187.82
621.97	1216.49
622.16	1198.06
622.35	1198.06
622.54	1150.96
622.73	1153.01
622.92	1169.39
623.11	1157.10
623.30	1173.49
623.49	1175.53
623.68	1159.15
623.88	1243.12
624.07	1148.91
624.26	1150.96
624.45	1253.36
624.64	1220.59
624.83	1200.11
625.02	1198.06
625.21	1193.97
625.40	1181.68
625.59	1191.92
625.78	1122.29
625.97	1222.64
626.16	1132.53
626.35	1202.16
626.54	1173.49
626.74	1101.81
626.93	1245.16
627.12	1220.59
627.31	1165.29
627.50	1247.21
627.69	1193.97
627.88	1208.30
628.07	1187.82
628.26	1236.97
628.45	1247.21
628.64	1269.74
628.83	1230.83
629.02	1196.01
629.21	1171.44
629.40	1134.57
629.59	1118.19
629.78	1200.11
629.97	1232.88
630.16	1150.96
630.35	1263.60
630.54	1206.25
630.73	1218.54
630.92	1249.26
631.11	1232.88
631.30	1298.41
631.49	1421.29
631.68	1816.55
631.87	4155.33
632.06	15621.91
632.25	45235.53
632.44	57879.69
632.63	58997.88
632.82	37713.34
633.01	18755.30
633.20	5560.24
633.39	5539.76
633.58	2844.63
633.77	2068.45
633.96	1705.96
634.15	1531.88
634.34	1488.87
634.53	1505.26
634.72	1505.26
634.91	1423.34
635.10	1374.19
635.29	1273.84
635.48	1282.03
635.67	1212.40
635.86	1261.55
636.05	1243.12
636.24	1189.87
636.43	1243.12
636.62	1157.10
636.81	1191.92
637.00	1208.30
637.19	1140.72
637.38	1126.38
637.57	1259.50
637.76	1304.56
637.95	1189.87
638.14	1130.48
638.33	1261.55
638.52	1224.69
638.71	1181.68
638.89	1232.88
639.08	1144.81
639.27	1157.10
639.46	1093.62
639.65	1222.64
639.84	1181.68
640.03	1179.63
640.22	1239.02
640.41	1208.30
640.60	1155.05
640.79	1286.12
640.98	1224.69
641.17	1234.93
641.36	1210.35
641.55	1161.20
641.74	1159.15
641.92	1142.77
642.11	1179.63
642.30	1175.53
642.49	1148.91
642.68	1163.25
642.87	1263.60
643.06	1220.59
643.25	1198.06
643.44	1228.78
643.63	1087.47
643.82	1206.25
644.00	1114.10
644.19	1189.87
644.38	1169.39
644.57	1155.05
644.76	1171.44
644.95	1161.20
645.14	1167.34
645.33	1228.78
645.52	1224.69
645.71	1212.40
645.89	1150.96
646.08	1163.25
646.27	1222.64
646.46	1181.68
646.65	1196.01
646.84	1232.88
647.03	1107.95
647.22	1224.69
647.40	1181.68
647.59	1150.96
647.78	1198.06
647.97	1157.10
648.16	1179.63
648.35	1193.97
648.54	1275.88
648.73	1202.16
648.91	1204.21
649.10	1130.48
649.29	1179.63
649.48	1216.49
649.67	1124.33
649.86	1245.16
650.05	1126.38
650.23	1112.05
650.42	1159.15
650.61	1116.14
650.80	1157.10
650.99	1169.39
651.18	1146.86
651.36	1159.15
651.55	1214.45
651.74	1140.72
651.93	1142.77
652.12	1208.30
652.31	1226.73
652.49	1159.15
652.68	1253.36
652.87	1228.78
653.06	1198.06
653.25	1187.82
653.44	1167.34
653.62	1173.49
653.81	1157.10
654.00	1130.48
654.19	1142.77
654.38	1159.15
654.56	1183.73
654.75	1267.69
654.94	1191.92
655.13	1185.77
655.32	1126.38
655.51	1196.01
655.69	1095.66
655.88	1179.63
656.07	1097.71
656.26	1173.49
656.45	1181.68
656.63	1150.96
656.82	1193.97
657.01	1140.72
657.20	1212.40
657.38	1232.88
657.57	1212.40
657.76	1220.59
657.95	1142.77
658.14	1196.01
658.32	1118.19
658.51	1165.29
658.70	1155.05
658.89	1232.88
659.08	1202.16
659.26	1214.45
659.45	1212.40
659.64	1247.21
659.83	1120.24
660.01	1142.77
660.20	1183.73
660.39	1222.64
660.58	1187.82
660.76	1163.25
660.95	1116.14
661.14	1167.34
661.33	1138.67
661.51	1214.45
661.70	1226.73
661.89	1187.82
662.08	1187.82
662.26	1183.73
662.45	1177.58
662.64	1191.92
662.83	1216.49
663.01	1130.48
663.20	1157.10
663.39	1130.48
663.58	1181.68
663.76	1179.63
663.95	1179.63
664.14	1179.63
664.32	1155.05
664.51	1220.59
664.70	1251.31
664.89	1150.96
665.07	1236.97
665.26	1202.16
665.45	1167.34
665.64	1196.01
665.82	1191.92
666.01	1183.73
666.20	1165.29
666.38	1179.63
666.57	1157.10
666.76	1165.29
666.95	1138.67
667.13	1171.44
667.32	1185.77
667.51	1245.16
667.69	1144.81
667.88	1110.00
668.07	1126.38
668.25	1167.34
668.44	1134.57
668.63	1191.92
668.81	1118.19
669.00	1159.15
669.19	1163.25
669.38	1181.68
669.56	1169.39
669.75	1206.25
669.94	1120.24
670.12	1226.73
670.31	1091.57
670.50	1208.30
670.68	1234.93
670.87	1181.68
671.06	1120.24
671.24	1159.15
671.43	1136.62
671.62	1196.01
671.80	1155.05
671.99	1200.11
672.18	1185.77
672.36	1247.21
672.55	1134.57
672.74	1146.86
672.92	1189.87
673.11	1126.38
673.29	1181.68
673.48	1183.73
673.67	1200.11
673.85	1200.11
674.04	1183.73
674.23	1191.92
674.41	1212.40
674.60	1218.54
674.79	1204.21
674.97	1196.01
675.16	1282.03
675.34	1214.45
675.53	1202.16
675.72	1064.94
675.90	1198.06
676.09	1187.82
676.28	1118.19
676.46	1173.49
676.65	1249.26
676.83	1157.10
677.02	1183.73
677.21	1185.77
677.39	1114.10
677.58	1136.62
677.77	1159.15
677.95	1202.16
678.14	1132.53
678.32	1138.67
678.51	1163.25
678.70	1161.20
678.88	1183.73
679.07	1183.73
679.25	1198.06
679.44	1159.15
679.63	1183.73
679.81	1153.01
680.00	1218.54
680.18	1193.97
680.37	1110.00
680.55	1200.11
680.74	1198.06
680.93	1150.96
681.11	1132.53
681.30	1200.11
681.48	1198.06
681.67	1191.92
681.85	1210.35
682.04	1146.86
682.23	1155.05
682.41	1271.79
682.60	1181.68
682.78	1161.20
682.97	1193.97
683.15	1198.06
683.34	1198.06
683.53	1214.45
683.71	1148.91
683.90	1101.81
684.08	1183.73
684.27	1148.91
684.45	1085.42
684.64	1128.43
684.82	1163.25
685.01	1189.87
685.19	1193.97
685.38	1167.34
685.57	1218.54
685.75	1253.36
685.94	1210.35
686.12	1183.73
686.31	1150.96
686.49	1191.92
686.68	1089.52
686.86	1177.58
687.05	1175.53
687.23	1171.44
687.42	1169.39
687.60	1179.63
687.79	1208.30
687.97	1181.68
688.16	1234.93
688.34	1173.49
688.53	1230.83
688.71	1163.25
688.90	1179.63
689.08	1142.77
689.27	1179.63
689.45	1165.29
689.64	1187.82
689.82	1144.81
690.01	1181.68
690.19	1187.82
690.38	1218.54
690.56	1167.34
690.75	1103.86
690.93	1191.92
691.12	1191.92
691.30	1165.29
691.49	1183.73
691.67	1204.21
691.86	1193.97
692.04	1175.53
692.23	1200.11
692.41	1177.58
692.60	1165.29
692.78	1271.79
692.97	1163.25
693.15	1191.92
693.34	1173.49
693.52	1159.15
693.71	1198.06
693.89	1216.49
694.08	1150.96
694.26	1208.30
694.44	1191.92
694.63	1167.34
694.81	1239.02
695.00	1196.01
695.18	1208.30
695.37	1148.91
695.55	1146.86
695.74	1220.59
695.92	1196.01
696.10	1157.10
696.29	1167.34
696.47	1171.44
696.66	1193.97
696.84	1181.68
697.03	1142.77
697.21	1167.34
697.40	1126.38
697.58	1181.68
697.76	1136.62
697.95	1167.34
698.13	1220.59
698.32	1263.60
698.50	1112.05
698.68	1220.59
698.87	1155.05
699.05	1150.96
699.24	1200.11
699.42	1191.92
699.61	1208.30
699.79	1243.12
699.97	1241.07
700.16	1146.86
700.34	1175.53
700.53	1200.11
700.71	1224.69
700.89	1253.36
701.08	1159.15
701.26	1167.34
701.45	1138.67
701.63	1191.92
701.81	1169.39
702.00	1118.19
702.18	1267.69
702.37	1155.05
702.55	1247.21
702.73	1177.58
702.92	1171.44
703.10	1083.38
703.28	1220.59
703.47	1167.34
703.65	1226.73
703.84	1171.44
704.02	1177.58
704.20	1140.72
704.39	1189.87
704.57	1222.64
704.75	1112.05
704.94	1163.25
705.12	1255.40
705.30	1228.78
705.49	1150.96
705.67	1130.48
705.86	1236.97
706.04	1157.10
706.22	1241.07
706.41	1124.33
706.59	1171.44
706.77	1189.87
706.96	1200.11
707.14	1288.17
707.32	1220.59
707.51	1247.21
707.69	1148.91
707.87	1204.21
708.06	1187.82
708.24	1165.29
708.42	1214.45
708.61	1159.15
708.79	1165.29
708.97	1222.64
709.16	1150.96
709.34	1191.92
709.52	1210.35
709.71	1200.11
709.89	1196.01
710.07	1163.25
710.26	1210.35
710.44	1241.07
710.62	1173.49
710.80	1122.29
710.99	1189.87
711.17	1196.01
711.35	1181.68
711.54	1169.39
711.72	1218.54
711.90	1245.16
712.09	1171.44
712.27	1138.67
712.45	1200.11
712.63	1222.64
712.82	1216.49
713.00	1134.57
713.18	1220.59
713.37	1177.58
713.55	1128.43
713.73	1179.63
713.91	1093.62
714.10	1136.62
714.28	1212.40
714.46	1157.10
714.65	1212.40
714.83	1245.16
715.01	1167.34
715.19	1187.82
715.38	1189.87
715.56	1181.68
715.74	1204.21
715.92	1189.87
716.11	1181.68
716.29	1165.29
716.47	1196.01
716.65	1200.11
716.84	1161.20
717.02	1183.73
717.20	1181.68
717.38	1193.97
717.57	1161.20
717.75	1206.25
717.93	1198.06
718.11	1165.29
718.30	1175.53
718.48	1118.19
718.66	1206.25
718.84	1200.11
719.03	1228.78
719.21	1208.30
719.39	1243.12
719.57	1198.06
719.75	1171.44
719.94	1134.57
720.12	1196.01
720.30	1146.86
720.48	1175.53
720.67	1177.58
720.85	1218.54
721.03	1167.34
721.21	1155.05
721.39	1245.16
721.58	1200.11
721.76	1132.53
721.94	1171.44
722.12	1191.92
722.30	1157.10
722.49	1095.66
722.67	1116.14
722.85	1191.92
723.03	1128.43
723.21	1146.86
723.40	1204.21
723.58	1198.06
723.76	1132.53
723.94	1218.54
724.12	1236.97
724.30	1196.01
724.49	1181.68
724.67	1157.10
724.85	1220.59
725.03	1134.57
725.21	1216.49
725.40	1175.53
725.58	1189.87
725.76	1159.15
725.94	1191.92
726.12	1226.73
726.30	1142.77
726.49	1142.77
726.67	1202.16
726.85	1116.14
727.03	1173.49
727.21	1214.45
727.39	1148.91
727.57	1210.35
727.76	1091.57
727.94	1247.21
728.12	1243.12
728.30	1163.25
728.48	1220.59
728.66	1187.82
728.84	1159.15
729.03	1247.21
729.21	1150.96
729.39	1136.62
729.57	1193.97
729.75	1193.97
729.93	1130.48
730.11	1087.47
730.30	1218.54
730.48	1208.30
730.66	1146.86
730.84	1251.31
731.02	1181.68
731.20	1150.96
731.38	1200.11
731.56	1085.42
731.74	1228.78
731.93	1206.25
732.11	1171.44
732.29	1208.30
732.47	1185.77
732.65	1206.25
732.83	1196.01
733.01	1191.92
733.19	1179.63
733.37	1179.63
733.56	1146.86
733.74	1155.05
733.92	1187.82
734.10	1206.25
734.28	1189.87
734.46	1183.73
734.64	1173.49
734.82	1202.16
735.00	1157.10
735.18	1163.25
735.36	1167.34
735.54	1155.05
735.73	1144.81
735.91	1171.44
736.09	1120.24
736.27	1163.25
736.45	1155.05
736.63	1222.64
736.81	1212.40
736.99	1214.45
737.17	1234.93
737.35	1175.53
737.53	1124.33
737.71	1138.67
737.89	1210.35
738.07	1230.83
738.25	1163.25
738.43	1204.21
738.61	1128.43
738.80	1191.92
738.98	1200.11
739.16	1228.78
739.34	1198.06
739.52	1185.77
739.70	1214.45
739.88	1193.97
740.06	1243.12
740.24	1196.01
740.42	1224.69
740.60	1136.62
740.78	1142.77
740.96	1161.20
741.14	1124.33
741.32	1187.82
741.50	1163.25
741.68	1222.64
741.86	1153.01
742.04	1200.11
742.22	1159.15
742.40	1177.58
742.58	1114.10
742.76	1189.87
742.94	1228.78
743.12	1185.77
743.30	1208.30
743.48	1241.07
743.66	1236.97
743.84	1105.90
744.02	1153.01
744.20	1171.44
744.38	1173.49
744.56	1179.63
744.74	1257.45
744.92	1159.15
745.10	1134.57
745.28	1226.73
745.46	1234.93
745.64	1200.11
745.82	1138.67
746.00	1183.73
746.18	1140.72
746.36	1165.29
746.54	1167.34
746.72	1200.11
746.90	1095.66
747.08	1132.53
747.26	1163.25
747.44	1165.29
747.62	1130.48
747.80	1163.25
747.98	1208.30
748.15	1163.25
748.33	1146.86
748.51	1167.34
748.69	1165.29
748.87	1208.30
749.05	1161.20
749.23	1253.36
749.41	1189.87
749.59	1181.68
749.77	1183.73
749.95	1224.69
750.13	1148.91
750.31	1226.73
750.49	1228.78
750.67	1171.44
750.85	1189.87
751.03	1177.58
751.20	1171.44
751.38	1210.35
751.56	1142.77
751.74	1218.54
751.92	1128.43
752.10	1220.59
752.28	1220.59
752.46	1198.06
752.64	1138.67
752.82	1148.91
753.00	1232.88
753.18	1169.39
753.35	1101.81
753.53	1232.88
753.71	1222.64
753.89	1187.82
754.07	1226.73
754.25	1214.45
754.43	1161.20
754.61	1171.44
754.79	1161.20
754.97	1202.16
755.14	1157.10
755.32	1159.15
755.50	1216.49
755.68	1120.24
755.86	1200.11
756.04	1183.73
756.22	1185.77
756.40	1290.22
756.57	1177.58
756.75	1173.49
756.93	1159.15
757.11	1177.58
757.29	1114.10
757.47	1150.96
757.65	1159.15
757.82	1175.53
758.00	1112.05
758.18	1142.77
758.36	1179.63
758.54	1257.45
758.72	1177.58
758.90	1216.49
759.07	1175.53
759.25	1155.05
759.43	1196.01
759.61	1146.86
759.79	1161.20
759.97	1181.68
760.15	1120.24
760.32	1157.10
760.50	1216.49
760.68	1173.49
760.86	1189.87
761.04	1114.10
761.22	1204.21
761.39	1206.25
761.57	1173.49
761.75	1173.49
761.93	1181.68
762.11	1130.48
762.28	1150.96
762.46	1189.87
762.64	1198.06
762.82	1150.96
763.00	1212.40
763.18	1171.44
763.35	1148.91
763.53	1159.15
763.71	1159.15
763.89	1253.36
764.07	1167.34
764.24	1167.34
764.42	1212.40
764.60	1196.01
764.78	1193.97
764.96	1150.96
765.13	1161.20
765.31	1159.15
765.49	1150.96
765.67	1218.54
765.84	1181.68
766.02	1124.33
766.20	1153.01
766.38	1196.01
766.56	1183.73
766.73	1234.93
766.91	1150.96
767.09	1161.20
767.27	1232.88
767.44	1144.81
767.62	1159.15
767.80	1228.78
767.98	1155.05
768.15	1208.30
768.33	1112.05
768.51	1191.92
768.69	1179.63
768.87	1157.10
769.04	1144.81
769.22	1222.64
769.40	1185.77
769.58	1200.11
769.75	1302.51
769.93	1169.39
770.11	1163.25
770.28	1200.11
770.46	1126.38
770.64	1210.35
770.82	1161.20
770.99	1239.02
771.17	1191.92
771.35	1185.77
771.53	1167.34
771.70	1189.87
771.88	1120.24
772.06	1183.73
772.23	1128.43
772.41	1228.78
772.59	1150.96
772.77	1220.59
772.94	1179.63
773.12	1181.68
773.30	1134.57
773.47	1167.34
773.65	1239.02
773.83	1198.06
774.01	1159.15
774.18	1200.11
774.36	1161.20
774.54	1146.86
774.71	1214.45
774.89	1232.88
775.07	1132.53
775.24	1177.58
775.42	1179.63
775.60	1163.25
775.78	1167.34
775.95	1159.15
776.13	1126.38
776.31	1183.73
776.48	1234.93
776.66	1284.08
776.84	1177.58
777.01	1222.64
777.19	1185.77
777.37	1193.97
777.54	1126.38
777.72	1189.87
777.90	1224.69
778.07	1206.25
778.25	1183.73
778.43	1101.81
778.60	1153.01
778.78	1144.81
778.96	1191.92
779.13	1114.10
779.31	1175.53
779.49	1202.16
779.66	1206.25
779.84	1181.68
780.01	1112.05
780.19	1107.95
780.37	1105.90
780.54	1126.38
780.72	1191.92
780.90	1132.53
781.07	1130.48
781.25	1173.49
781.43	1126.38
781.60	1212.40
781.78	1185.77
781.95	1150.96
782.13	1198.06
782.31	1181.68
782.48	1165.29
782.66	1216.49
782.83	1173.49
783.01	1185.77
783.19	1155.05
783.36	1196.01
783.54	1159.15
783.72	1171.44
783.89	1163.25
784.07	1247.21
784.24	1153.01
784.42	1181.68
784.60	1212.40
784.77	1241.07
784.95	1159.15
785.12	1214.45
785.30	1169.39
785.47	1150.96
785.65	1198.06
785.83	1232.88
786.00	1159.15
786.18	1208.30
786.35	1136.62
786.53	1204.21
786.71	1159.15
786.88	1183.73
787.06	1132.53
787.23	1232.88
787.41	1161.20
787.58	1181.68
787.76	1066.99
787.94	1179.63
788.11	1159.15
788.29	1155.05
788.46	1208.30
788.64	1232.88
788.81	1198.06
788.99	1134.57
789.16	1232.88
789.34	1134.57
789.52	1146.86
789.69	1189.87
789.87	1245.16
790.04	1157.10
790.22	1206.25
790.39	1118.19
790.57	1226.73
790.74	1122.29
790.92	1193.97
791.09	1202.16
791.27	1146.86
791.44	1134.57
791.62	1226.73
791.79	1161.20
791.97	1165.29
792.15	1224.69
792.32	1187.82
792.50	1146.86
792.67	1239.02
792.85	1169.39
793.02	1122.29
793.20	1210.35
793.37	1153.01
793.55	1142.77
793.72	1099.76
793.90	1196.01
794.07	1202.16
794.25	1167.34
794.42	1148.91
794.60	1140.72
794.77	1155.05
794.95	1146.86
795.12	1189.87
795.30	1150.96
795.47	1200.11
795.65	1212.40
795.82	1232.88
796.00	1218.54
796.17	1130.48
796.34	1232.88
796.52	1153.01
796.69	1144.81
796.87	1173.49
797.04	1220.59
797.22	1169.39
797.39	1167.34
797.57	1171.44
797.74	1177.58
797.92	1181.68
798.09	1107.95
798.27	1216.49
798.44	1132.53
798.62	1148.91
798.79	1167.34
798.96	1181.68
799.14	1126.38
799.31	1171.44
799.49	1171.44
799.66	1202.16
799.84	1216.49
800.01	1228.78
800.19	1165.29
800.36	1122.29
800.53	1183.73
800.71	1165.29
800.88	1208.30
801.06	1187.82
801.23	1075.18
801.41	1142.77
801.58	1196.01
801.75	1138.67
801.93	1148.91
802.10	1183.73
802.28	1232.88
802.45	1183.73
802.63	1191.92
802.80	1185.77
802.97	1243.12
803.15	1191.92
803.32	1208.30
803.50	1138.67
803.67	1208.30
803.84	1155.05
804.02	1155.05
804.19	1171.44
804.37	1239.02
804.54	1114.10
804.71	1210.35
804.89	1196.01
805.06	1212.40
805.24	1183.73
805.41	1169.39
805.58	1216.49
805.76	1200.11
805.93	1173.49
806.10	1171.44
806.28	1165.29
806.45	1138.67
806.63	1181.68
806.80	1220.59
806.97	1208.30
807.15	1239.02
807.32	1157.10
807.49	1175.53
807.67	1167.34
807.84	1161.20
808.01	1236.97
808.19	1183.73
808.36	1245.16
808.54	1179.63
808.71	1173.49
808.88	1183.73
809.06	1146.86
809.23	1101.81
809.40	1179.63
809.58	1128.43
809.75	1214.45
809.92	1185.77
810.10	1155.05
810.27	1216.49
810.44	1083.38
810.62	1196.01
810.79	1175.53
810.96	1146.86
811.14	1112.05
811.31	1210.35
811.48	1144.81
811.66	1146.86
811.83	1183.73
812.00	1200.11
812.18	1208.30
812.35	1122.29
812.52	1144.81
812.69	1146.86
812.87	1155.05
813.04	1198.06
813.21	1140.72
813.39	1165.29
813.56	1214.45
813.73	1206.25
813.91	1181.68
814.08	1159.15
814.25	1136.62
814.42	1232.88
814.60	1181.68
814.77	1228.78
814.94	1126.38
815.12	1208.30
815.29	1193.97
815.46	1146.86
815.63	1206.25
815.81	1214.45
815.98	1230.83
816.15	1216.49
816.33	1232.88
816.50	1132.53
816.67	1204.21
816.84	1134.57
817.02	1153.01
817.19	1212.40
817.36	1183.73
817.53	1171.44
817.71	1130.48
817.88	1222.64
818.05	1165.29
818.22	1171.44
818.40	1191.92
818.57	1179.63
818.74	1202.16
818.91	1230.83
819.09	1171.44
819.26	1224.69
819.43	1214.45
819.60	1222.64
819.78	1163.25
819.95	1148.91
820.12	1148.91
820.29	1159.15
820.47	1220.59
820.64	1099.76
820.81	1173.49
820.98	1161.20
821.15	1132.53
821.33	1167.34
821.50	1230.83
821.67	1130.48
821.84	1173.49
822.02	1200.11
822.19	1191.92
822.36	1167.34
822.53	1210.35
822.70	1144.81
822.88	1222.64
823.05	1118.19
823.22	1089.52
823.39	1167.34
823.56	1189.87
823.74	1232.88
823.91	1153.01
824.08	1179.63
824.25	1216.49
824.42	1198.06
824.60	1232.88
824.77	1224.69
824.94	1153.01
825.11	1161.20
825.28	1167.34
825.45	1175.53
825.63	1150.96
825.80	1222.64
825.97	1189.87
826.14	1103.86
826.31	1175.53
826.48	1210.35
826.66	1251.31
826.83	1181.68
827.00	1103.86
827.17	1185.77
827.34	1097.71
827.51	1169.39
827.69	1234.93
827.86	1167.34
828.03	1187.82
828.20	1181.68
828.37	1173.49
828.54	1144.81
828.71	1175.53
828.89	1167.34
829.06	1159.15
829.23	1216.49
829.40	1085.42
829.57	1142.77
829.74	1163.25
829.91	1187.82
830.09	1169.39
830.26	1157.10
830.43	1157.10
830.60	1255.40
830.77	1179.63
830.94	1212.40
831.11	1155.05
831.28	1212.40
831.46	1163.25
831.63	1206.25
831.80	1150.96
831.97	1245.16
832.14	1173.49
832.31	1206.25
832.48	1183.73
832.65	1212.40
832.82	1140.72
832.99	1206.25
833.17	1126.38
833.34	1110.00
833.51	1167.34
833.68	1218.54
833.85	1128.43
834.02	1220.59
834.19	1179.63
834.36	1116.14
834.53	1189.87
834.70	1220.59
834.87	1193.97
835.04	1208.30
835.22	1138.67
835.39	1198.06
835.56	1249.26
835.73	1208.30
835.90	1167.34
836.07	1181.68
836.24	1116.14
836.41	1230.83
836.58	1234.93
836.75	1200.11
836.92	1236.97
837.09	1208.30
837.26	1150.96
837.43	1214.45
837.60	1144.81
837.77	1173.49
837.94	1214.45
838.12	1165.29
838.29	1224.69
838.46	1224.69
838.63	1243.12
838.80	1175.53
838.97	1159.15
839.14	1183.73
839.31	1193.97
839.48	1290.22
839.65	1191.92
839.82	1224.69
839.99	1196.01
840.16	1159.15
840.33	1234.93
840.50	1200.11
840.67	1239.02
840.84	1212.40
841.01	1161.20
841.18	1181.68
841.35	1204.21
841.52	1167.34
841.69	1193.97
841.86	1171.44
842.03	1157.10
842.20	1196.01
842.37	1150.96
842.54	1185.77
842.71	1216.49
842.88	1146.86
843.05	1196.01
843.22	1157.10
843.39	1191.92
843.56	1173.49
843.73	1204.21
843.90	1191.92
844.07	1179.63
844.24	1167.34
844.41	1167.34
844.58	1204.21
844.75	1175.53
844.92	1234.93
845.09	1210.35
845.26	1234.93
845.43	1159.15
845.60	1140.72
845.77	1167.34
845.94	1142.77
846.10	1159.15
846.27	1193.97
846.44	1175.53
846.61	1155.05
846.78	1196.01
846.95	1157.10
847.12	1183.73
847.29	1196.01
847.46	1161.20
847.63	1128.43
847.80	1153.01
847.97	1163.25
848.14	1200.11
848.31	1165.29
848.48	1185.77
848.65	1140.72
848.82	1206.25
848.98	1175.53
849.15	1146.86
849.32	1202.16
849.49	1200.11
849.66	1218.54
849.83	1200.11
850.00	1157.10
850.17	1241.07
850.34	1220.59
850.51	1202.16
850.68	1140.72
850.85	1150.96
851.01	1191.92
851.18	1167.34
851.35	1165.29
851.52	1236.97
851.69	1226.73
851.86	1140.72
852.03	1183.73
852.20	1173.49
852.37	1130.48
852.53	1126.38
852.70	1138.67
852.87	1187.82
853.04	1196.01
853.21	1220.59
853.38	1148.91
853.55	1181.68
853.72	1169.39
853.89	1159.15
854.05	1163.25
854.22	1191.92
854.39	1202.16
854.56	1142.77
854.73	1157.10
854.90	1214.45
855.07	1187.82
855.23	1271.79
855.40	1165.29
855.57	1208.30
855.74	1140.72
855.91	1179.63
856.08	1101.81
856.25	1175.53
856.41	1183.73
856.58	1206.25
856.75	1179.63
856.92	1216.49
857.09	1183.73
857.26	1214.45
857.42	1187.82
857.59	1146.86
857.76	1196.01
857.93	1183.73
858.10	1234.93
858.27	1202.16
858.43	1216.49
858.60	1251.31
858.77	1144.81
858.94	1155.05
859.11	1216.49
859.27	1167.34
859.44	1179.63
859.61	1171.44
859.78	1189.87
859.95	1159.15
860.12	1208.30
860.28	1157.10
860.45	1177.58
860.62	1163.25
860.79	1193.97
860.95	1146.86
861.12	1218.54
861.29	1163.25
861.46	1210.35
861.63	1148.91
861.79	1120.24
861.96	1232.88
862.13	1142.77
862.30	1206.25
862.47	1175.53
862.63	1122.29
862.80	1159.15
862.97	1185.77
863.14	1153.01
863.30	1175.53
863.47	1150.96
863.64	1144.81
863.81	1206.25
863.97	1187.82
864.14	1126.38
864.31	1167.34
864.48	1196.01
864.65	1179.63
864.81	1159.15
864.98	1146.86
865.15	1236.97
865.32	1144.81
865.48	1150.96
865.65	1243.12
865.82	1159.15
865.98	1214.45
866.15	1198.06
866.32	1196.01
866.49	1155.05
866.65	1183.73
866.82	1214.45
866.99	1212.40
867.16	1157.10
867.32	1155.05
867.49	1191.92
867.66	1241.07
867.83	1163.25
867.99	1130.48
868.16	1200.11
868.33	1126.38
868.49	1157.10
868.66	1118.19
868.83	1146.86
868.99	1193.97
869.16	1206.25
869.33	1189.87
869.50	1202.16
869.66	1204.21
869.83	1138.67
870.00	1181.68
870.16	1198.06
870.33	1187.82
870.50	1140.72
870.66	1138.67
870.83	1173.49
871.00	1181.68
871.17	1261.55
871.33	1136.62
871.50	1181.68
871.67	1241.07
871.83	1167.34
872.00	1296.36
872.17	1146.86
872.33	1220.59
872.50	1193.97
872.67	1101.81
872.83	1165.29
873.00	1196.01
873.17	1161.20
873.33	1183.73
873.50	1130.48
873.67	1175.53
873.83	1226.73
874.00	1230.83
874.16	1175.53
874.33	1208.30
874.50	1144.81
874.66	1193.97
874.83	1196.01
875.00	1122.29
875.16	1175.53
875.33	1196.01
875.50	1161.20
875.66	1210.35
875.83	1206.25
875.99	1150.96
876.16	1112.05
876.33	1165.29
876.49	1232.88
876.66	1179.63
876.83	1142.77
876.99	1167.34
877.16	1161.20
877.32	1224.69
877.49	1171.44
877.66	1206.25
877.82	1138.67
877.99	1228.78
878.15	1222.64
878.32	1202.16
878.49	1245.16
878.65	1175.53
878.82	1241.07
878.98	1179.63
879.15	1200.11
879.32	1200.11
879.48	1187.82
879.65	1081.33
879.81	1130.48
879.98	1224.69
880.15	1171.44
880.31	1177.58
880.48	1122.29
880.64	1175.53
880.81	1179.63
880.97	1159.15
881.14	1183.73
881.31	1191.92
881.47	1167.34
881.64	1167.34
881.80	1167.34
881.97	1212.40
882.13	1187.82
882.30	1193.97
882.47	1208.30
882.63	1208.30
882.80	1226.73
882.96	1191.92
883.13	1206.25
883.29	1189.87
883.46	1261.55
883.62	1169.39
883.79	1183.73
883.95	1173.49
884.12	1187.82
884.29	1138.67
884.45	1167.34
884.62	1183.73
884.78	1220.59
884.95	1179.63
885.11	1271.79
885.28	1181.68
885.44	1241.07
885.61	1116.14
885.77	1185.77
885.94	1148.91
886.10	1181.68
886.27	1150.96
886.43	1165.29
886.60	1126.38
886.76	1183.73
886.93	1134.57
887.09	1146.86
887.26	1146.86
887.42	1163.25
887.59	1155.05
887.75	1167.34
887.92	1216.49
888.08	1161.20
888.25	1173.49
888.41	1167.34
888.58	1222.64
888.74	1239.02
888.91	1216.49
