177.47	1183.73
177.69	1183.73
177.91	1183.73
178.13	1208.30
178.36	1228.78
178.58	1159.15
178.80	1196.01
179.02	1179.63
179.24	1241.07
179.46	1134.57
179.68	1161.20
179.90	1157.10
180.13	1177.58
180.35	1148.91
180.57	1110.00
180.79	1155.05
181.01	1144.81
181.23	1134.57
181.45	1185.77
181.67	1118.19
181.90	1126.38
182.12	1277.93
182.34	1214.45
182.56	1163.25
182.78	1216.49
183.00	1130.48
183.22	1230.83
183.44	1214.45
183.66	1132.53
183.89	1185.77
184.11	1239.02
184.33	1155.05
184.55	1153.01
184.77	1120.24
184.99	1153.01
185.21	1130.48
185.43	1159.15
185.65	1191.92
185.87	1140.72
186.10	1210.35
186.32	1198.06
186.54	1138.67
186.76	1169.39
186.98	1140.72
187.20	1163.25
187.42	1114.10
187.64	1126.38
187.86	1191.92
188.08	1265.64
188.30	1220.59
188.52	1105.90
188.75	1185.77
188.97	1220.59
189.19	1206.25
189.41	1153.01
189.63	1189.87
189.85	1177.58
190.07	1175.53
190.29	1167.34
190.51	1179.63
190.73	1222.64
190.95	1216.49
191.17	1155.05
191.39	1193.97
191.61	1196.01
191.84	1155.05
192.06	1165.29
192.28	1153.01
192.50	1159.15
192.72	1134.57
192.94	1122.29
193.16	1120.24
193.38	1095.66
193.60	1241.07
193.82	1226.73
194.04	1163.25
194.26	1142.77
194.48	1165.29
194.70	1157.10
194.92	1175.53
195.14	1228.78
195.36	1150.96
195.58	1208.30
195.80	1087.47
196.02	1228.78
196.24	1122.29
196.46	1226.73
196.69	1253.36
196.91	1163.25
197.13	1204.21
197.35	1216.49
197.57	1165.29
197.79	1122.29
198.01	1214.45
198.23	1138.67
198.45	1161.20
198.67	1185.77
198.89	1150.96
199.11	1167.34
199.33	1193.97
199.55	1167.34
199.77	1220.59
199.99	1122.29
200.21	1271.79
200.43	1118.19
200.65	1185.77
200.87	1187.82
201.09	1132.53
201.31	1216.49
201.53	1204.21
201.75	1239.02
201.97	1114.10
202.19	1189.87
202.41	1189.87
202.63	1157.10
202.85	1216.49
203.07	1110.00
203.29	1140.72
203.51	1161.20
203.73	1114.10
203.95	1181.68
204.17	1212.40
204.39	1155.05
204.61	1173.49
204.83	1146.86
205.05	1210.35
205.27	1126.38
205.49	1146.86
205.71	1206.25
205.93	1146.86
206.15	1230.83
206.37	1216.49
206.59	1175.53
206.81	1112.05
207.03	1173.49
207.25	1189.87
207.47	1239.02
207.69	1181.68
207.91	1189.87
208.13	1112.05
208.34	1193.97
208.56	1232.88
208.78	1193.97
209.00	1144.81
209.22	1212.40
209.44	1105.90
209.66	1245.16
209.88	1275.88
210.10	1187.82
210.32	1130.48
210.54	1126.38
210.76	1200.11
210.98	1191.92
211.20	1181.68
211.42	1236.97
211.64	1171.44
211.86	1107.95
212.08	1136.62
212.30	1155.05
212.52	1130.48
212.74	1173.49
212.96	1185.77
213.17	1177.58
213.39	1191.92
213.61	1181.68
213.83	1116.14
214.05	1214.45
214.27	1187.82
214.49	1126.38
214.71	1122.29
214.93	1183.73
215.15	1179.63
215.37	1142.77
215.59	1130.48
215.81	1222.64
216.03	1187.82
216.24	1175.53
216.46	1101.81
216.68	1206.25
216.90	1175.53
217.12	1224.69
217.34	1120.24
217.56	1159.15
217.78	1175.53
218.00	1198.06
218.22	1148.91
218.44	1157.10
218.66	1208.30
218.87	1142.77
219.09	1085.42
219.31	1148.91
219.53	1269.74
219.75	1284.08
219.97	1167.34
220.19	1161.20
220.41	1165.29
220.63	1236.97
220.85	1202.16
221.06	1132.53
221.28	1140.72
221.50	1208.30
221.72	1183.73
221.94	1132.53
222.16	1187.82
222.38	1134.57
222.60	1138.67
222.82	1099.76
223.03	1079.28
223.25	1157.10
223.47	1157.10
223.69	1200.11
223.91	1114.10
224.13	1126.38
224.35	1224.69
224.57	1226.73
224.78	1091.57
225.00	1163.25
225.22	1169.39
225.44	1103.86
225.66	1173.49
225.88	1191.92
226.10	1173.49
226.32	1253.36
226.53	1179.63
226.75	1132.53
226.97	1218.54
227.19	1171.44
227.41	1165.29
227.63	1136.62
227.85	1208.30
228.06	1265.64
228.28	1193.97
228.50	1179.63
228.72	1163.25
228.94	1183.73
229.16	1161.20
229.37	1163.25
229.59	1124.33
229.81	1118.19
230.03	1128.43
230.25	1126.38
230.47	1144.81
230.69	1167.34
230.90	1126.38
231.12	1157.10
231.34	1159.15
231.56	1167.34
231.78	1120.24
232.00	1204.21
232.21	1239.02
232.43	1214.45
232.65	1202.16
232.87	1224.69
233.09	1202.16
233.30	1198.06
233.52	1181.68
233.74	1206.25
233.96	1136.62
234.18	1169.39
234.40	1191.92
234.61	1198.06
234.83	1181.68
235.05	1228.78
235.27	1161.20
235.49	1228.78
235.70	1157.10
235.92	1222.64
236.14	1171.44
236.36	1181.68
236.58	1132.53
236.79	1177.58
237.01	1185.77
237.23	1224.69
237.45	1161.20
237.67	1187.82
237.88	1187.82
238.10	1169.39
238.32	1200.11
238.54	1103.86
238.76	1083.38
238.97	1161.20
239.19	1216.49
239.41	1179.63
239.63	1196.01
239.85	1091.57
240.06	1179.63
240.28	1155.05
240.50	1193.97
240.72	1196.01
240.93	1187.82
241.15	1224.69
241.37	1165.29
241.59	1165.29
241.81	1208.30
242.02	1179.63
242.24	1169.39
242.46	1273.84
242.68	1165.29
242.89	1187.82
243.11	1177.58
243.33	1181.68
243.55	1198.06
243.76	1232.88
243.98	1159.15
244.20	1165.29
244.42	1157.10
244.64	1212.40
244.85	1144.81
245.07	1134.57
245.29	1089.52
245.51	1171.44
245.72	1153.01
245.94	1165.29
246.16	1206.25
246.38	1183.73
246.59	1159.15
246.81	1196.01
247.03	1142.77
247.24	1140.72
247.46	1126.38
247.68	1175.53
247.90	1243.12
248.11	1150.96
248.33	1157.10
248.55	1138.67
248.77	1124.33
248.98	1202.16
249.20	1150.96
249.42	1169.39
249.64	1193.97
249.85	1116.14
250.07	1253.36
250.29	1163.25
250.50	1255.40
250.72	1191.92
250.94	1167.34
251.16	1144.81
251.37	1177.58
251.59	1105.90
251.81	1234.93
252.02	1173.49
252.24	1167.34
252.46	1181.68
252.68	1200.11
252.89	1118.19
253.11	1214.45
253.33	1175.53
253.54	1155.05
253.76	1216.49
253.98	1202.16
254.20	1193.97
254.41	1196.01
254.63	1202.16
254.85	1134.57
255.06	1191.92
255.28	1138.67
255.50	1210.35
255.71	1177.58
255.93	1175.53
256.15	1134.57
256.36	1193.97
256.58	1185.77
256.80	1196.01
257.02	1198.06
257.23	1230.83
257.45	1097.71
257.67	1196.01
257.88	1144.81
258.10	1159.15
258.32	1214.45
258.53	1124.33
258.75	1198.06
258.97	1165.29
259.18	1200.11
259.40	1167.34
259.62	1150.96
259.83	1144.81
260.05	1183.73
260.27	1181.68
260.48	1189.87
260.70	1206.25
260.92	1167.34
261.13	1212.40
261.35	1173.49
261.57	1179.63
261.78	1200.11
262.00	1179.63
262.22	1118.19
262.43	1167.34
262.65	1126.38
262.86	1165.29
263.08	1167.34
263.30	1167.34
263.51	1122.29
263.73	1169.39
263.95	1173.49
264.16	1181.68
264.38	1105.90
264.60	1204.21
264.81	1126.38
265.03	1222.64
265.25	1126.38
265.46	1185.77
265.68	1103.86
265.89	1177.58
266.11	1165.29
266.33	1269.74
266.54	1191.92
266.76	1148.91
266.98	1138.67
267.19	1230.83
267.41	1206.25
267.62	1148.91
267.84	1146.86
268.06	1167.34
268.27	1204.21
268.49	1150.96
268.70	1220.59
268.92	1148.91
269.14	1261.55
269.35	1083.38
269.57	1171.44
269.79	1153.01
270.00	1159.15
270.22	1200.11
270.43	1193.97
270.65	1095.66
270.87	1165.29
271.08	1161.20
271.30	1191.92
271.51	1185.77
271.73	1140.72
271.95	1177.58
272.16	1114.10
272.38	1181.68
272.59	1093.62
272.81	1167.34
273.02	1081.33
273.24	1138.67
273.46	1173.49
273.67	1150.96
273.89	1161.20
274.10	1269.74
274.32	1134.57
274.54	1181.68
274.75	1175.53
274.97	1196.01
275.18	1183.73
275.40	1157.10
275.61	1144.81
275.83	1060.85
276.05	1204.21
276.26	1216.49
276.48	1130.48
276.69	1150.96
276.91	1142.77
277.12	1138.67
277.34	1134.57
277.55	1064.94
277.77	1214.45
277.99	1140.72
278.20	1120.24
278.42	1157.10
278.63	1138.67
278.85	1175.53
279.06	1185.77
279.28	1241.07
279.49	1144.81
279.71	1148.91
279.93	1146.86
280.14	1171.44
280.36	1153.01
280.57	1122.29
280.79	1126.38
281.00	1175.53
281.22	1169.39
281.43	1222.64
281.65	1130.48
281.86	1181.68
282.08	1175.53
282.29	1228.78
282.51	1177.58
282.73	1179.63
282.94	1165.29
283.16	1191.92
283.37	1159.15
283.59	1193.97
283.80	1118.19
284.02	1165.29
284.23	1175.53
284.45	1153.01
284.66	1224.69
284.88	1159.15
285.09	1142.77
285.31	1196.01
285.52	1150.96
285.74	1253.36
285.95	1204.21
286.17	1165.29
286.38	1142.77
286.60	1110.00
286.81	1206.25
287.03	1175.53
287.24	1124.33
287.46	1224.69
287.67	1187.82
287.89	1069.04
288.10	1196.01
288.32	1224.69
288.53	1204.21
288.75	1183.73
288.96	1144.81
289.18	1200.11
289.39	1128.43
289.61	1222.64
289.82	1165.29
290.04	1130.48
290.25	1230.83
290.47	1177.58
290.68	1198.06
290.90	1134.57
291.11	1148.91
291.33	1161.20
291.54	1163.25
291.76	1200.11
291.97	1167.34
292.18	1153.01
292.40	1175.53
292.61	1193.97
292.83	1245.16
293.04	1181.68
293.26	1185.77
293.47	1128.43
293.69	1159.15
293.90	1081.33
294.12	1185.77
294.33	1138.67
294.55	1181.68
294.76	1218.54
294.97	1134.57
295.19	1183.73
295.40	1144.81
295.62	1148.91
295.83	1110.00
296.05	1218.54
296.26	1128.43
296.48	1101.81
296.69	1210.35
296.90	1052.66
297.12	1159.15
297.33	1206.25
297.55	1165.29
297.76	1161.20
297.98	1140.72
298.19	1239.02
298.41	1169.39
298.62	1193.97
298.83	1232.88
299.05	1101.81
299.26	1161.20
299.48	1144.81
299.69	1234.93
299.90	1177.58
300.12	1179.63
300.33	1200.11
300.55	1089.52
300.76	1181.68
300.98	1103.86
301.19	1175.53
301.40	1138.67
301.62	1187.82
301.83	1169.39
302.05	1175.53
302.26	1173.49
302.47	1183.73
302.69	1187.82
302.90	1146.86
303.12	1167.34
303.33	1202.16
303.54	1103.86
303.76	1136.62
303.97	1196.01
304.19	1251.31
304.40	1210.35
304.61	1103.86
304.83	1208.30
305.04	1191.92
305.26	1103.86
305.47	1200.11
305.68	1243.12
305.90	1189.87
306.11	1140.72
306.33	1239.02
306.54	1130.48
306.75	1206.25
306.97	1097.71
307.18	1148.91
307.39	1224.69
307.61	1239.02
307.82	1148.91
308.04	1175.53
308.25	1181.68
308.46	1150.96
308.68	1177.58
308.89	1157.10
309.10	1204.21
309.32	1193.97
309.53	1150.96
309.74	1198.06
309.96	1118.19
310.17	1224.69
310.39	1148.91
310.60	1200.11
310.81	1112.05
311.03	1136.62
311.24	1179.63
311.45	1214.45
311.67	1132.53
311.88	1165.29
312.09	1128.43
312.31	1171.44
312.52	1163.25
312.73	1161.20
312.95	1204.21
313.16	1134.57
313.37	1193.97
313.59	1206.25
313.80	1161.20
314.01	1226.73
314.23	1181.68
314.44	1218.54
314.65	1214.45
314.87	1218.54
315.08	1253.36
315.29	1189.87
315.51	1114.10
315.72	1159.15
315.93	1163.25
316.15	1173.49
316.36	1206.25
316.57	1136.62
316.79	1110.00
317.00	1212.40
317.21	1159.15
317.43	1140.72
317.64	1181.68
317.85	1175.53
318.07	1210.35
318.28	1124.33
318.49	1120.24
318.70	1165.29
318.92	1177.58
319.13	1175.53
319.34	1224.69
319.56	1177.58
319.77	1153.01
319.98	1241.07
320.20	1161.20
320.41	1167.34
320.62	1179.63
320.83	1148.91
321.05	1163.25
321.26	1220.59
321.47	1183.73
321.69	1159.15
321.90	1198.06
322.11	1173.49
322.32	1183.73
322.54	1179.63
322.75	1216.49
322.96	1085.42
323.18	1191.92
323.39	1224.69
323.60	1179.63
323.81	1157.10
324.03	1179.63
324.24	1167.34
324.45	1175.53
324.66	1171.44
324.88	1189.87
325.09	1085.42
325.30	1148.91
325.52	1187.82
325.73	1140.72
325.94	1187.82
326.15	1204.21
326.37	1136.62
326.58	1239.02
326.79	1193.97
327.00	1220.59
327.22	1228.78
327.43	1196.01
327.64	1181.68
327.85	1120.24
328.07	1214.45
328.28	1179.63
328.49	1150.96
328.70	1153.01
328.92	1103.86
329.13	1181.68
329.34	1167.34
329.55	1138.67
329.76	1200.11
329.98	1142.77
330.19	1210.35
330.40	1206.25
330.61	1181.68
330.83	1214.45
331.04	1218.54
331.25	1210.35
331.46	1110.00
331.68	1202.16
331.89	1163.25
332.10	1187.82
332.31	1165.29
332.52	1198.06
332.74	1191.92
332.95	1148.91
333.16	1083.38
333.37	1148.91
333.58	1183.73
333.80	1142.77
334.01	1150.96
334.22	1126.38
334.43	1171.44
334.64	1091.57
334.86	1185.77
335.07	1134.57
335.28	1232.88
335.49	1241.07
335.70	1208.30
335.92	1134.57
336.13	1216.49
336.34	1177.58
336.55	1206.25
336.76	1185.77
336.98	1157.10
337.19	1214.45
337.40	1193.97
337.61	1136.62
337.82	1204.21
338.04	1183.73
338.25	1134.57
338.46	1241.07
338.67	1200.11
338.88	1142.77
339.09	1253.36
339.31	1097.71
339.52	1114.10
339.73	1169.39
339.94	1255.40
340.15	1159.15
340.36	1202.16
340.58	1155.05
340.79	1187.82
341.00	1140.72
341.21	1179.63
341.42	1216.49
341.63	1132.53
341.85	1204.21
342.06	1196.01
342.27	1198.06
342.48	1142.77
342.69	1083.38
342.90	1206.25
343.12	1245.16
343.33	1148.91
343.54	1243.12
343.75	1173.49
343.96	1198.06
344.17	1085.42
344.38	1161.20
344.60	1204.21
344.81	1163.25
345.02	1236.97
345.23	1226.73
345.44	1130.48
345.65	1210.35
345.86	1124.33
346.07	1185.77
346.29	1146.86
346.50	1142.77
346.71	1206.25
346.92	1099.76
347.13	1155.05
347.34	1146.86
347.55	1167.34
347.76	1177.58
347.98	1183.73
348.19	1169.39
348.40	1202.16
348.61	1114.10
348.82	1206.25
349.03	1187.82
349.24	1155.05
349.45	1110.00
349.66	1138.67
349.88	1224.69
350.09	1189.87
350.30	1118.19
350.51	1169.39
350.72	1183.73
350.93	1234.93
351.14	1204.21
351.35	1206.25
351.56	1128.43
351.77	1155.05
351.99	1146.86
352.20	1216.49
352.41	1228.78
352.62	1196.01
352.83	1185.77
353.04	1177.58
353.25	1165.29
353.46	1175.53
353.67	1138.67
353.88	1146.86
354.09	1208.30
354.30	1157.10
354.52	1187.82
354.73	1144.81
354.94	1134.57
355.15	1163.25
355.36	1200.11
355.57	1171.44
355.78	1200.11
355.99	1208.30
356.20	1189.87
356.41	1206.25
356.62	1165.29
356.83	1175.53
357.04	1226.73
357.25	1032.18
357.46	1177.58
357.68	1142.77
357.89	1130.48
358.10	1165.29
358.31	1169.39
358.52	1148.91
358.73	1216.49
358.94	1204.21
359.15	1206.25
359.36	1126.38
359.57	1105.90
359.78	1198.06
359.99	1148.91
360.20	1155.05
360.41	1175.53
360.62	1105.90
360.83	1171.44
361.04	1249.26
361.25	1157.10
361.46	1132.53
361.67	1171.44
361.88	1110.00
362.09	1189.87
362.30	1183.73
362.51	1163.25
362.72	1183.73
362.93	1204.21
363.14	1208.30
363.35	1159.15
363.56	1255.40
363.78	1206.25
363.99	1173.49
364.20	1222.64
364.41	1161.20
364.62	1136.62
364.83	1177.58
365.04	1214.45
365.25	1255.40
365.46	1193.97
365.67	1198.06
365.88	1161.20
366.09	1196.01
366.30	1155.05
366.51	1126.38
366.72	1196.01
366.93	1155.05
367.14	1165.29
367.35	1193.97
367.56	1128.43
367.77	1216.49
367.98	1189.87
368.18	1181.68
368.39	1224.69
368.60	1128.43
368.81	1171.44
369.02	1224.69
369.23	1191.92
369.44	1179.63
369.65	1167.34
369.86	1153.01
370.07	1171.44
370.28	1138.67
370.49	1155.05
370.70	1191.92
370.91	1181.68
371.12	1157.10
371.33	1124.33
371.54	1210.35
371.75	1222.64
371.96	1155.05
372.17	1187.82
372.38	1083.38
372.59	1159.15
372.80	1122.29
373.01	1122.29
373.22	1128.43
373.43	1118.19
373.64	1148.91
373.85	1175.53
374.06	1169.39
374.26	1161.20
374.47	1157.10
374.68	1210.35
374.89	1187.82
375.10	1150.96
375.31	1216.49
375.52	1124.33
375.73	1193.97
375.94	1144.81
376.15	1153.01
376.36	1202.16
376.57	1165.29
376.78	1107.95
376.99	1148.91
377.20	1165.29
377.40	1247.21
377.61	1142.77
377.82	1220.59
378.03	1155.05
378.24	1114.10
378.45	1087.47
378.66	1210.35
378.87	1169.39
379.08	1177.58
379.29	1202.16
379.50	1181.68
379.71	1087.47
379.91	1134.57
380.12	1212.40
380.33	1167.34
380.54	1187.82
380.75	1159.15
380.96	1208.30
381.17	1114.10
381.38	1157.10
381.59	1120.24
381.80	1185.77
382.00	1187.82
382.21	1212.40
382.42	1148.91
382.63	1120.24
382.84	1198.06
383.05	1114.10
383.26	1140.72
383.47	1214.45
383.68	1210.35
383.88	1130.48
384.09	1181.68
384.30	1110.00
384.51	1161.20
384.72	1144.81
384.93	1089.52
385.14	1187.82
385.35	1173.49
385.55	1177.58
385.76	1159.15
385.97	1114.10
386.18	1218.54
386.39	1171.44
386.60	1165.29
386.81	1216.49
387.02	1167.34
387.22	1157.10
387.43	1132.53
387.64	1216.49
387.85	1167.34
388.06	1142.77
388.27	1167.34
388.48	1224.69
388.68	1144.81
388.89	1259.50
389.10	1185.77
389.31	1134.57
389.52	1157.10
389.73	1181.68
389.93	1198.06
390.14	1167.34
390.35	1179.63
390.56	1167.34
390.77	1208.30
390.98	1091.57
391.18	1148.91
391.39	1173.49
391.60	1150.96
391.81	1130.48
392.02	1216.49
392.23	1220.59
392.43	1132.53
392.64	1173.49
392.85	1181.68
393.06	1228.78
393.27	1220.59
393.47	1173.49
393.68	1153.01
393.89	1148.91
394.10	1193.97
394.31	1146.86
394.52	1216.49
394.72	1138.67
394.93	1150.96
395.14	1257.45
395.35	1134.57
395.56	1204.21
395.76	1234.93
395.97	1155.05
396.18	1144.81
396.39	1140.72
396.60	1167.34
396.80	1177.58
397.01	1167.34
397.22	1212.40
397.43	1140.72
397.64	1202.16
397.84	1204.21
398.05	1179.63
398.26	1161.20
398.47	1155.05
398.67	1146.86
398.88	1200.11
399.09	1157.10
399.30	1167.34
399.51	1150.96
399.71	1222.64
399.92	1169.39
400.13	1173.49
400.34	1148.91
400.54	1159.15
400.75	1126.38
400.96	1153.01
401.17	1243.12
401.37	1169.39
401.58	1138.67
401.79	1144.81
402.00	1177.58
402.21	1187.82
402.41	1171.44
402.62	1189.87
402.83	1171.44
403.04	1089.52
403.24	1163.25
403.45	1146.86
403.66	1161.20
403.87	1093.62
404.07	1185.77
404.28	1175.53
404.49	1134.57
404.70	1210.35
404.90	1034.22
405.11	1175.53
405.32	1153.01
405.52	1171.44
405.73	1161.20
405.94	1161.20
406.15	1236.97
406.35	1146.86
406.56	1159.15
406.77	1169.39
406.98	1177.58
407.18	1228.78
407.39	1150.96
407.60	1120.24
407.80	1165.29
408.01	1177.58
408.22	1185.77
408.43	1140.72
408.63	1198.06
408.84	1169.39
409.05	1204.21
409.25	1187.82
409.46	1273.84
409.67	1140.72
409.88	1091.57
410.08	1206.25
410.29	1140.72
410.50	1148.91
410.70	1169.39
410.91	1155.05
411.12	1220.59
411.32	1165.29
411.53	1105.90
411.74	1138.67
411.95	1128.43
412.15	1175.53
412.36	1167.34
412.57	1155.05
412.77	1271.79
412.98	1198.06
413.19	1130.48
413.39	1171.44
413.60	1138.67
413.81	1157.10
414.01	1097.71
414.22	1173.49
414.43	1159.15
414.63	1234.93
414.84	1050.61
415.05	1155.05
415.25	1206.25
415.46	1191.92
415.67	1161.20
415.87	1173.49
416.08	1148.91
416.29	1097.71
416.49	1157.10
416.70	1130.48
416.91	1150.96
417.11	1161.20
417.32	1212.40
417.53	1179.63
417.73	1146.86
417.94	1148.91
418.15	1159.15
418.35	1181.68
418.56	1142.77
418.77	1206.25
418.97	1167.34
419.18	1169.39
419.38	1140.72
419.59	1097.71
419.80	1245.16
420.00	1196.01
420.21	1165.29
420.42	1167.34
420.62	1159.15
420.83	1165.29
421.04	1128.43
421.24	1175.53
421.45	1216.49
421.65	1179.63
421.86	1167.34
422.07	1206.25
422.27	1134.57
422.48	1220.59
422.69	1253.36
422.89	1191.92
423.10	1136.62
423.30	1175.53
423.51	1167.34
423.72	1058.80
423.92	1181.68
424.13	1214.45
424.33	1134.57
424.54	1105.90
424.75	1175.53
424.95	1206.25
425.16	1173.49
425.36	1163.25
425.57	1148.91
425.78	1236.97
425.98	1130.48
426.19	1146.86
426.39	1228.78
426.60	1228.78
426.81	1118.19
427.01	1220.59
427.22	1167.34
427.42	1169.39
427.63	1118.19
427.83	1191.92
428.04	1193.97
428.25	1181.68
428.45	1150.96
428.66	1161.20
428.86	1196.01
429.07	1132.53
429.28	1095.66
429.48	1222.64
429.69	1173.49
429.89	1204.21
430.10	1175.53
430.30	1155.05
430.51	1198.06
430.71	1175.53
430.92	1253.36
431.13	1099.76
431.33	1239.02
431.54	1153.01
431.74	1249.26
431.95	1107.95
432.15	1099.76
432.36	1191.92
432.56	1167.34
432.77	1171.44
432.98	1171.44
433.18	1120.24
433.39	1196.01
433.59	1105.90
433.80	1220.59
434.00	1208.30
434.21	1083.38
434.41	1130.48
434.62	1159.15
434.82	1050.61
435.03	1159.15
435.23	1120.24
435.44	1093.62
435.64	1196.01
435.85	1183.73
436.06	1155.05
436.26	1167.34
436.47	1232.88
436.67	1193.97
436.88	1234.93
437.08	1208.30
437.29	1216.49
437.49	1191.92
437.70	1157.10
437.90	1169.39
438.11	1157.10
438.31	1169.39
438.52	1245.16
438.72	1116.14
438.93	1155.05
439.13	1226.73
439.34	1146.86
439.54	1126.38
439.75	1163.25
439.95	1210.35
440.16	1161.20
440.36	1236.97
440.57	1193.97
440.77	1161.20
440.98	1101.81
441.18	1191.92
441.39	1202.16
441.59	1140.72
441.80	1189.87
442.00	1214.45
442.21	1232.88
442.41	1085.42
442.62	1148.91
442.82	1148.91
443.02	1144.81
443.23	1157.10
443.43	1202.16
443.64	1146.86
443.84	1155.05
444.05	1181.68
444.25	1169.39
444.46	1196.01
444.66	1206.25
444.87	1157.10
445.07	1146.86
445.28	1171.44
445.48	1181.68
445.69	1183.73
445.89	1081.33
446.09	1263.60
446.30	1112.05
446.50	1200.11
446.71	1216.49
446.91	1181.68
447.12	1222.64
447.32	1196.01
447.53	1122.29
447.73	1271.79
447.93	1155.05
448.14	1185.77
448.34	1175.53
448.55	1146.86
448.75	1142.77
448.96	1128.43
449.16	1196.01
449.36	1179.63
449.57	1187.82
449.77	1228.78
449.98	1181.68
450.18	1077.23
450.39	1196.01
450.59	1138.67
450.79	1175.53
451.00	1187.82
451.20	1159.15
451.41	1183.73
451.61	1185.77
451.81	1200.11
452.02	1196.01
452.22	1228.78
452.43	1081.33
452.63	1161.20
452.84	1204.21
453.04	1122.29
453.24	1079.28
453.45	1165.29
453.65	1150.96
453.86	1183.73
454.06	1175.53
454.26	1177.58
454.47	1136.62
454.67	1124.33
454.87	1153.01
455.08	1243.12
455.28	1202.16
455.49	1128.43
455.69	1128.43
455.89	1230.83
456.10	1198.06
456.30	1167.34
456.51	1155.05
456.71	1175.53
456.91	1228.78
457.12	1159.15
457.32	1165.29
457.52	1187.82
457.73	1230.83
457.93	1124.33
458.14	1191.92
458.34	1216.49
458.54	1128.43
458.75	1218.54
458.95	1210.35
459.15	1138.67
459.36	1142.77
459.56	1202.16
459.76	1103.86
459.97	1183.73
460.17	1120.24
460.37	1167.34
460.58	1155.05
460.78	1134.57
460.99	1136.62
461.19	1150.96
461.39	1171.44
461.60	1263.60
461.80	1148.91
462.00	1112.05
462.21	1142.77
462.41	1196.01
462.61	1179.63
462.82	1202.16
463.02	1175.53
463.22	1114.10
463.43	1122.29
463.63	1153.01
463.83	1155.05
464.04	1142.77
464.24	1218.54
464.44	1187.82
464.64	1148.91
464.85	1130.48
465.05	1093.62
465.25	1183.73
465.46	1196.01
465.66	1175.53
465.86	1105.90
466.07	1206.25
466.27	1126.38
466.47	1210.35
466.68	1120.24
466.88	1128.43
467.08	1124.33
467.29	1155.05
467.49	1218.54
467.69	1202.16
467.89	1200.11
468.10	1173.49
468.30	1124.33
468.50	1140.72
468.71	1196.01
468.91	1126.38
469.11	1214.45
469.31	1206.25
469.52	1177.58
469.72	1159.15
469.92	1177.58
470.13	1153.01
470.33	1126.38
470.53	1181.68
470.73	1206.25
470.94	1097.71
471.14	1212.40
471.34	1179.63
471.54	1142.77
471.75	1148.91
471.95	1191.92
472.15	1157.10
472.36	1181.68
472.56	1187.82
472.76	1163.25
472.96	1163.25
473.17	1282.03
473.37	1249.26
473.57	1208.30
473.77	1161.20
473.98	1198.06
474.18	1175.53
474.38	1138.67
474.58	1150.96
474.79	1146.86
474.99	1159.15
475.19	1179.63
475.39	1130.48
475.60	1171.44
475.80	1220.59
476.00	1224.69
476.20	1062.90
476.41	1161.20
476.61	1144.81
476.81	1169.39
477.01	1058.80
477.21	1077.23
477.42	1134.57
477.62	1169.39
477.82	1146.86
478.02	1163.25
478.23	1146.86
478.43	1138.67
478.63	1181.68
478.83	1134.57
479.03	1150.96
479.24	1198.06
479.44	1193.97
479.64	1161.20
479.84	1224.69
480.04	1134.57
480.25	1179.63
480.45	1210.35
480.65	1253.36
480.85	1206.25
481.06	1159.15
481.26	1183.73
481.46	1150.96
481.66	1185.77
481.86	1153.01
482.06	1236.97
482.27	1163.25
482.47	1161.20
482.67	1105.90
482.87	1169.39
483.07	1208.30
483.28	1187.82
483.48	1187.82
483.68	1163.25
483.88	1140.72
484.08	1196.01
484.29	1105.90
484.49	1134.57
484.69	1236.97
484.89	1232.88
485.09	1187.82
485.29	1193.97
485.50	1189.87
485.70	1196.01
485.90	1202.16
486.10	1181.68
486.30	1157.10
486.50	1132.53
486.71	1200.11
486.91	1230.83
487.11	1181.68
487.31	1198.06
487.51	1288.17
487.71	1163.25
487.91	1173.49
488.12	1138.67
488.32	1155.05
488.52	1146.86
488.72	1101.81
488.92	1179.63
489.12	1177.58
489.32	1071.09
489.53	1232.88
489.73	1146.86
489.93	1114.10
490.13	1198.06
490.33	1091.57
490.53	1153.01
490.73	1097.71
490.94	1171.44
491.14	1140.72
491.34	1210.35
491.54	1159.15
491.74	1089.52
491.94	1136.62
492.14	1130.48
492.34	1110.00
492.54	1220.59
492.75	1193.97
492.95	1183.73
493.15	1208.30
493.35	1128.43
493.55	1146.86
493.75	1095.66
493.95	1134.57
494.15	1183.73
494.35	1191.92
494.56	1136.62
494.76	1191.92
494.96	1142.77
495.16	1202.16
495.36	1202.16
495.56	1208.30
495.76	1134.57
495.96	1218.54
496.16	1153.01
496.36	1208.30
496.56	1159.15
496.77	1191.92
496.97	1122.29
497.17	1216.49
497.37	1267.69
497.57	1161.20
497.77	1179.63
497.97	1128.43
498.17	1200.11
498.37	1071.09
498.57	1230.83
498.77	1210.35
498.97	1144.81
499.17	1191.92
499.38	1126.38
499.58	1179.63
499.78	1210.35
499.98	1159.15
500.18	1120.24
500.38	1216.49
500.58	1157.10
500.78	1234.93
500.98	1157.10
501.18	1216.49
501.38	1263.60
501.58	1171.44
501.78	1177.58
501.98	1136.62
502.18	1187.82
502.38	1196.01
502.58	1175.53
502.78	1210.35
502.98	1163.25
503.18	1198.06
503.38	1161.20
503.59	1128.43
503.79	1210.35
503.99	1171.44
504.19	1146.86
504.39	1163.25
504.59	1181.68
504.79	1206.25
504.99	1138.67
505.19	1148.91
505.39	1185.77
505.59	1116.14
505.79	1091.57
505.99	1161.20
506.19	1148.91
506.39	1191.92
506.59	1142.77
506.79	1093.62
506.99	1173.49
507.19	1148.91
507.39	1193.97
507.59	1228.78
507.79	1146.86
507.99	1200.11
508.19	1193.97
508.39	1183.73
508.59	1228.78
508.79	1187.82
508.99	1146.86
509.19	1155.05
509.39	1218.54
509.59	1177.58
509.79	1159.15
509.99	1159.15
510.19	1183.73
510.39	1148.91
510.59	1208.30
510.79	1132.53
510.99	1169.39
511.19	1161.20
511.39	1157.10
511.59	1208.30
511.79	1175.53
511.99	1171.44
512.19	1169.39
512.38	1206.25
512.58	1185.77
512.78	1208.30
512.98	1232.88
513.18	1146.86
513.38	1218.54
513.58	1204.21
513.78	1157.10
513.98	1136.62
514.18	1193.97
514.38	1208.30
514.58	1228.78
514.78	1165.29
514.98	1183.73
515.18	1202.16
515.38	1181.68
515.58	1187.82
515.78	1249.26
515.98	1200.11
516.18	1159.15
516.38	1220.59
516.57	1191.92
516.77	1198.06
516.97	1144.81
517.17	1181.68
517.37	1142.77
517.57	1155.05
517.77	1142.77
517.97	1193.97
518.17	1202.16
518.37	1189.87
518.57	1200.11
518.77	1216.49
518.97	1263.60
519.16	1175.53
519.36	1159.15
519.56	1085.42
519.76	1206.25
519.96	1116.14
520.16	1179.63
520.36	1112.05
520.56	1161.20
520.76	1148.91
520.96	1218.54
521.16	1193.97
521.35	1251.31
521.55	1216.49
521.75	1222.64
521.95	1193.97
522.15	1181.68
522.35	1126.38
522.55	1116.14
522.75	1206.25
522.95	1224.69
523.14	1183.73
523.34	1208.30
523.54	1140.72
523.74	1171.44
523.94	1157.10
524.14	1132.53
524.34	1118.19
524.54	1169.39
524.73	1150.96
524.93	1097.71
525.13	1171.44
525.33	1173.49
525.53	1189.87
525.73	1140.72
525.93	1148.91
526.13	1189.87
526.32	1146.86
526.52	1185.77
526.72	1210.35
526.92	1236.97
527.12	1193.97
527.32	1185.77
527.52	1234.93
527.71	1226.73
527.91	1091.57
528.11	1189.87
528.31	1255.40
528.51	1153.01
528.71	1150.96
528.90	1161.20
529.10	1232.88
529.30	1183.73
529.50	1191.92
529.70	1212.40
529.90	1185.77
530.09	1239.02
530.29	1157.10
530.49	1146.86
530.69	1142.77
530.89	1150.96
531.09	1198.06
531.28	1208.30
531.48	1214.45
531.68	1220.59
531.88	1171.44
532.08	1153.01
532.28	1163.25
532.47	1132.53
532.67	1142.77
532.87	1226.73
533.07	1202.16
533.27	1134.57
533.46	1173.49
533.66	1175.53
533.86	1210.35
534.06	1222.64
534.26	1167.34
534.45	1157.10
534.65	1120.24
534.85	1200.11
535.05	1200.11
535.25	1163.25
535.44	1146.86
535.64	1167.34
535.84	1196.01
536.04	1120.24
536.24	1216.49
536.43	1163.25
536.63	1173.49
536.83	1179.63
537.03	1146.86
537.22	1183.73
537.42	1173.49
537.62	1200.11
537.82	1183.73
538.02	1112.05
538.21	1208.30
538.41	1196.01
538.61	1150.96
538.81	1083.38
539.00	1110.00
539.20	1150.96
539.40	1230.83
539.60	1204.21
539.79	1130.48
539.99	1265.64
540.19	1118.19
540.39	1169.39
540.58	1150.96
540.78	1189.87
540.98	1220.59
541.18	1150.96
541.37	1232.88
541.57	1165.29
541.77	1206.25
541.97	1183.73
542.16	1204.21
542.36	1214.45
542.56	1153.01
542.76	1124.33
542.95	1198.06
543.15	1189.87
543.35	1189.87
543.54	1142.77
543.74	1230.83
543.94	1175.53
544.14	1153.01
544.33	1208.30
544.53	1175.53
544.73	1173.49
544.93	1122.29
545.12	1210.35
545.32	1216.49
545.52	1159.15
545.71	1226.73
545.91	1159.15
546.11	1148.91
546.30	1159.15
546.50	1114.10
546.70	1118.19
546.90	1116.14
547.09	1200.11
547.29	1212.40
547.49	1212.40
547.68	1212.40
547.88	1134.57
548.08	1193.97
548.27	1193.97
548.47	1110.00
548.67	1167.34
548.87	1153.01
549.06	1165.29
549.26	1189.87
549.46	1175.53
549.65	1212.40
549.85	1243.12
550.05	1140.72
550.24	1114.10
550.44	1183.73
550.64	1173.49
550.83	1144.81
551.03	1189.87
551.23	1132.53
551.42	1189.87
551.62	1218.54
551.82	1093.62
552.01	1175.53
552.21	1288.17
552.41	1163.25
552.60	1085.42
552.80	1153.01
553.00	1177.58
553.19	1132.53
553.39	1144.81
553.59	1140.72
553.78	1204.21
553.98	1173.49
554.17	1218.54
554.37	1118.19
554.57	1206.25
554.76	1128.43
554.96	1208.30
555.16	1208.30
555.35	1128.43
555.55	1177.58
555.75	1157.10
555.94	1130.48
556.14	1093.62
556.33	1200.11
556.53	1167.34
556.73	1228.78
556.92	1089.52
557.12	1181.68
557.32	1177.58
557.51	1163.25
557.71	1179.63
557.90	1191.92
558.10	1247.21
558.30	1163.25
558.49	1144.81
558.69	1148.91
558.88	1157.10
559.08	1193.97
559.28	1198.06
559.47	1183.73
559.67	1236.97
559.86	1169.39
560.06	1163.25
560.26	1134.57
560.45	1159.15
560.65	1216.49
560.84	1118.19
561.04	1134.57
561.24	1208.30
561.43	1142.77
561.63	1140.72
561.82	1222.64
562.02	1232.88
562.22	1159.15
562.41	1140.72
562.61	1124.33
562.80	1204.21
563.00	1138.67
563.19	1112.05
563.39	1202.16
563.59	1146.86
563.78	1138.67
563.98	1212.40
564.17	1212.40
564.37	1230.83
564.56	1177.58
564.76	1206.25
564.96	1222.64
565.15	1222.64
565.35	1222.64
565.54	1159.15
565.74	1185.77
565.93	1150.96
566.13	1167.34
566.32	1179.63
566.52	1208.30
566.71	1132.53
566.91	1163.25
567.11	1146.86
567.30	1218.54
567.50	1177.58
567.69	1148.91
567.89	1212.40
568.08	1185.77
568.28	1130.48
568.47	1150.96
568.67	1177.58
568.86	1091.57
569.06	1177.58
569.25	1163.25
569.45	1167.34
569.64	1253.36
569.84	1153.01
570.04	1185.77
570.23	1183.73
570.43	1153.01
570.62	1150.96
570.82	1259.50
571.01	1224.69
571.21	1138.67
571.40	1153.01
571.60	1191.92
571.79	1183.73
571.99	1148.91
572.18	1103.86
572.38	1167.34
572.57	1083.38
572.77	1191.92
572.96	1120.24
573.16	1165.29
573.35	1202.16
573.55	1163.25
573.74	1165.29
573.94	1187.82
574.13	1204.21
574.33	1232.88
574.52	1183.73
574.71	1163.25
574.91	1132.53
575.10	1161.20
575.30	1120.24
575.49	1142.77
575.69	1200.11
575.88	1163.25
576.08	1189.87
576.27	1198.06
576.47	1185.77
576.66	1093.62
576.86	1220.59
577.05	1171.44
577.25	1155.05
577.44	1157.10
577.64	1208.30
577.83	1222.64
578.02	1179.63
578.22	1208.30
578.41	1107.95
578.61	1153.01
578.80	1155.05
579.00	1148.91
579.19	1107.95
579.39	1159.15
579.58	1157.10
579.77	1189.87
579.97	1138.67
580.16	1169.39
580.36	1224.69
580.55	1191.92
580.75	1159.15
580.94	1087.47
581.13	1148.91
581.33	1159.15
581.52	1155.05
581.72	1191.92
581.91	1216.49
582.11	1196.01
582.30	1126.38
582.49	1202.16
582.69	1200.11
582.88	1167.34
583.08	1118.19
583.27	1169.39
583.47	1130.48
583.66	1216.49
583.85	1103.86
584.05	1167.34
584.24	1208.30
584.44	1175.53
584.63	1224.69
584.82	1126.38
585.02	1228.78
585.21	1239.02
585.41	1169.39
585.60	1183.73
585.79	1185.77
585.99	1198.06
586.18	1130.48
586.37	1232.88
586.57	1169.39
586.76	1216.49
586.96	1185.77
587.15	1185.77
587.34	1155.05
587.54	1181.68
587.73	1155.05
587.93	1163.25
588.12	1169.39
588.31	1204.21
588.51	1136.62
588.70	1202.16
588.89	1148.91
589.09	1263.60
589.28	1200.11
589.47	1138.67
589.67	1128.43
589.86	1191.92
590.06	1130.48
590.25	1173.49
590.44	1136.62
590.64	1187.82
590.83	1153.01
591.02	1101.81
591.22	1085.42
591.41	1173.49
591.60	1226.73
591.80	1212.40
591.99	1226.73
592.18	1212.40
592.38	1228.78
592.57	1198.06
592.76	1122.29
592.96	1185.77
593.15	1153.01
593.34	1232.88
593.54	1173.49
593.73	1222.64
593.92	1171.44
594.12	1171.44
594.31	1181.68
594.50	1259.50
594.70	1134.57
594.89	1134.57
595.08	1157.10
595.28	1187.82
595.47	1136.62
595.66	1173.49
595.86	1224.69
596.05	1196.01
596.24	1200.11
596.43	1146.86
596.63	1142.77
596.82	1144.81
597.01	1105.90
597.21	1150.96
597.40	1138.67
597.59	1161.20
597.79	1142.77
597.98	1181.68
598.17	1116.14
598.36	1230.83
598.56	1236.97
598.75	1159.15
598.94	1153.01
599.14	1183.73
599.33	1153.01
599.52	1200.11
599.71	1208.30
599.91	1224.69
600.10	1279.98
600.29	1183.73
600.48	1220.59
600.68	1249.26
600.87	1230.83
601.06	1185.77
601.26	1175.53
601.45	1181.68
601.64	1146.86
601.83	1196.01
602.03	1142.77
602.22	1157.10
602.41	1210.35
602.60	1116.14
602.80	1159.15
602.99	1153.01
603.18	1126.38
603.37	1112.05
603.57	1212.40
603.76	1112.05
603.95	1187.82
604.14	1118.19
604.34	1167.34
604.53	1185.77
604.72	1153.01
604.91	1124.33
605.10	1150.96
605.30	1181.68
605.49	1169.39
605.68	1185.77
605.87	1171.44
606.07	1183.73
606.26	1128.43
606.45	1167.34
606.64	1116.14
606.84	1175.53
607.03	1179.63
607.22	1202.16
607.41	1183.73
607.60	1155.05
607.80	1226.73
607.99	1130.48
608.18	1200.11
608.37	1138.67
608.56	1142.77
608.76	1239.02
608.95	1181.68
609.14	1200.11
609.33	1234.93
609.52	1150.96
609.72	1146.86
609.91	1200.11
610.10	1138.67
610.29	1177.58
610.48	1224.69
610.68	1218.54
610.87	1189.87
611.06	1171.44
611.25	1173.49
611.44	1161.20
611.63	1116.14
611.83	1134.57
612.02	1159.15
612.21	1114.10
612.40	1148.91
612.59	1183.73
612.79	1159.15
612.98	1228.78
613.17	1138.67
613.36	1130.48
613.55	1212.40
613.74	1189.87
613.93	1175.53
614.13	1183.73
614.32	1163.25
614.51	1110.00
614.70	1146.86
614.89	1179.63
615.08	1138.67
615.28	1159.15
615.47	1153.01
615.66	1191.92
615.85	1118.19
616.04	1177.58
616.23	1224.69
616.42	1183.73
616.62	1165.29
616.81	1171.44
617.00	1169.39
617.19	1118.19
617.38	1097.71
617.57	1165.29
617.76	1236.97
617.95	1179.63
618.15	1193.97
618.34	1171.44
618.53	1208.30
618.72	1234.93
618.91	1175.53
619.10	1124.33
619.29	1175.53
619.48	1177.58
619.68	1216.49
619.87	1204.21
620.06	1185.77
620.25	1128.43
620.44	1189.87
620.63	1167.34
620.82	1163.25
621.01	1263.60
621.20	1122.29
621.39	1214.45
621.59	1204.21
621.78	1173.49
621.97	1159.15
622.16	1216.49
622.35	1220.59
622.54	1171.44
622.73	1218.54
622.92	1214.45
623.11	1165.29
623.30	1181.68
623.49	1120.24
623.68	1175.53
623.88	1103.86
624.07	1198.06
624.26	1275.88
624.45	1202.16
624.64	1187.82
624.83	1187.82
625.02	1138.67
625.21	1138.67
625.40	1169.39
625.59	1134.57
625.78	1187.82
625.97	1148.91
626.16	1185.77
626.35	1208.30
626.54	1167.34
626.74	1208.30
626.93	1132.53
627.12	1173.49
627.31	1282.03
627.50	1196.01
627.69	1196.01
627.88	1212.40
628.07	1200.11
628.26	1212.40
628.45	1220.59
628.64	1204.21
628.83	1257.45
629.02	1200.11
629.21	1263.60
629.40	1120.24
629.59	1226.73
629.78	1245.16
629.97	1236.97
630.16	1220.59
630.35	1202.16
630.54	1150.96
630.73	1234.93
630.92	1130.48
631.11	1222.64
631.30	1302.51
631.49	1404.91
631.68	1839.08
631.87	4214.72
632.06	16369.41
632.25	48094.50
632.44	61639.76
632.63	63091.77
632.82	41928.06
633.01	20899.52
633.20	6045.60
633.39	6133.67
633.58	2840.53
633.77	2220.00
633.96	1781.73
634.15	1464.30
634.34	1519.59
634.53	1558.50
634.72	1583.08
634.91	1361.90
635.10	1380.33
635.29	1296.36
635.48	1298.41
635.67	1097.71
635.86	1249.26
636.05	1157.10
636.24	1214.45
636.43	1191.92
636.62	1200.11
636.81	1181.68
637.00	1144.81
637.19	1183.73
637.38	1118.19
637.57	1177.58
637.76	1159.15
637.95	1193.97
638.14	1126.38
638.33	1206.25
638.52	1179.63
638.71	1212.40
638.89	1253.36
639.08	1220.59
639.27	1140.72
639.46	1249.26
639.65	1161.20
639.84	1150.96
640.03	1282.03
640.22	1243.12
640.41	1122.29
640.60	1200.11
640.79	1114.10
640.98	1161.20
641.17	1130.48
641.36	1179.63
641.55	1116.14
641.74	1202.16
641.92	1198.06
642.11	1118.19
642.30	1099.76
642.49	1226.73
642.68	1091.57
642.87	1181.68
643.06	1175.53
643.25	1224.69
643.44	1153.01
643.63	1163.25
643.82	1130.48
644.00	1208.30
644.19	1243.12
644.38	1171.44
644.57	1183.73
644.76	1257.45
644.95	1120.24
645.14	1200.11
645.33	1208.30
645.52	1157.10
645.71	1175.53
645.89	1126.38
646.08	1165.29
646.27	1253.36
646.46	1155.05
646.65	1187.82
646.84	1249.26
647.03	1200.11
647.22	1222.64
647.40	1126.38
647.59	1163.25
647.78	1236.97
647.97	1126.38
648.16	1132.53
648.35	1161.20
648.54	1155.05
648.73	1122.29
648.91	1112.05
649.10	1230.83
649.29	1204.21
649.48	1224.69
649.67	1206.25
649.86	1206.25
650.05	1175.53
650.23	1175.53
650.42	1142.77
650.61	1095.66
650.80	1261.55
650.99	1175.53
651.18	1148.91
651.36	1224.69
651.55	1171.44
651.74	1146.86
651.93	1142.77
652.12	1165.29
652.31	1212.40
652.49	1191.92
652.68	1163.25
652.87	1155.05
653.06	1159.15
653.25	1206.25
653.44	1185.77
653.62	1196.01
653.81	1169.39
654.00	1222.64
654.19	1130.48
654.38	1198.06
654.56	1214.45
654.75	1146.86
654.94	1247.21
655.13	1189.87
655.32	1208.30
655.51	1206.25
655.69	1191.92
655.88	1191.92
656.07	1177.58
656.26	1134.57
656.45	1146.86
656.63	1208.30
656.82	1204.21
657.01	1175.53
657.20	1177.58
657.38	1208.30
657.57	1198.06
657.76	1130.48
657.95	1232.88
658.14	1208.30
658.32	1253.36
658.51	1173.49
658.70	1183.73
658.89	1210.35
659.08	1181.68
659.26	1161.20
659.45	1220.59
659.64	1177.58
659.83	1161.20
660.01	1200.11
660.20	1226.73
660.39	1148.91
660.58	1130.48
660.76	1165.29
660.95	1142.77
661.14	1159.15
661.33	1196.01
661.51	1218.54
661.70	1155.05
661.89	1155.05
662.08	1169.39
662.26	1206.25
662.45	1234.93
662.64	1183.73
662.83	1191.92
663.01	1081.33
663.20	1148.91
663.39	1208.30
663.58	1163.25
663.76	1118.19
663.95	1183.73
664.14	1157.10
664.32	1105.90
664.51	1148.91
664.70	1208.30
664.89	1167.34
665.07	1134.57
665.26	1193.97
665.45	1167.34
665.64	1206.25
665.82	1122.29
666.01	1230.83
666.20	1165.29
666.38	1101.81
666.57	1161.20
666.76	1150.96
666.95	1202.16
667.13	1200.11
667.32	1177.58
667.51	1163.25
667.69	1120.24
667.88	1142.77
668.07	1134.57
668.25	1210.35
668.44	1196.01
668.63	1226.73
668.81	1218.54
669.00	1169.39
669.19	1136.62
669.38	1081.33
669.56	1073.14
669.75	1099.76
669.94	1171.44
670.12	1187.82
670.31	1130.48
670.50	1234.93
670.68	1181.68
670.87	1189.87
671.06	1169.39
671.24	1275.88
671.43	1159.15
671.62	1222.64
671.80	1155.05
671.99	1198.06
672.18	1185.77
672.36	1112.05
672.55	1171.44
672.74	1193.97
672.92	1165.29
673.11	1236.97
673.29	1110.00
673.48	1165.29
673.67	1169.39
673.85	1161.20
674.04	1163.25
674.23	1181.68
674.41	1226.73
674.60	1167.34
674.79	1175.53
674.97	1239.02
675.16	1161.20
675.34	1155.05
675.53	1173.49
675.72	1161.20
675.90	1134.57
676.09	1132.53
676.28	1134.57
676.46	1200.11
676.65	1130.48
676.83	1179.63
677.02	1196.01
677.21	1101.81
677.39	1236.97
677.58	1214.45
677.77	1165.29
677.95	1198.06
678.14	1251.31
678.32	1202.16
678.51	1163.25
678.70	1134.57
678.88	1191.92
679.07	1163.25
679.25	1122.29
679.44	1163.25
679.63	1220.59
679.81	1169.39
680.00	1196.01
680.18	1212.40
680.37	1189.87
680.55	1171.44
680.74	1144.81
680.93	1189.87
681.11	1155.05
681.30	1177.58
681.48	1222.64
681.67	1189.87
681.85	1124.33
682.04	1167.34
682.23	1159.15
682.41	1155.05
682.60	1146.86
682.78	1165.29
682.97	1189.87
683.15	1198.06
683.34	1157.10
683.53	1146.86
683.71	1167.34
683.90	1171.44
684.08	1157.10
684.27	1189.87
684.45	1144.81
684.64	1169.39
684.82	1234.93
685.01	1224.69
685.19	1114.10
685.38	1265.64
685.57	1210.35
685.75	1122.29
685.94	1122.29
686.12	1210.35
686.31	1193.97
686.49	1083.38
686.68	1204.21
686.86	1159.15
687.05	1230.83
687.23	1173.49
687.42	1126.38
687.60	1191.92
687.79	1169.39
687.97	1087.47
688.16	1132.53
688.34	1134.57
688.53	1173.49
688.71	1165.29
688.90	1138.67
689.08	1046.51
689.27	1179.63
689.45	1181.68
689.64	1193.97
689.82	1140.72
690.01	1165.29
690.19	1136.62
690.38	1112.05
690.56	1200.11
690.75	1191.92
690.93	1167.34
691.12	1236.97
691.30	1134.57
691.49	1138.67
691.67	1175.53
691.86	1193.97
692.04	1193.97
692.23	1167.34
692.41	1153.01
692.60	1157.10
692.78	1163.25
692.97	1118.19
693.15	1198.06
693.34	1167.34
693.52	1193.97
693.71	1155.05
693.89	1206.25
694.08	1177.58
694.26	1222.64
694.44	1187.82
694.63	1155.05
694.81	1245.16
695.00	1120.24
695.18	1138.67
695.37	1179.63
695.55	1255.40
695.74	1159.15
695.92	1200.11
696.10	1226.73
696.29	1183.73
696.47	1163.25
696.66	1130.48
696.84	1183.73
697.03	1169.39
697.21	1167.34
697.40	1132.53
697.58	1193.97
697.76	1124.33
697.95	1159.15
698.13	1196.01
698.32	1169.39
698.50	1196.01
698.68	1183.73
698.87	1196.01
699.05	1126.38
699.24	1101.81
699.42	1216.49
699.61	1175.53
699.79	1159.15
699.97	1165.29
700.16	1208.30
700.34	1150.96
700.53	1232.88
700.71	1165.29
700.89	1200.11
701.08	1163.25
701.26	1126.38
701.45	1138.67
701.63	1142.77
701.81	1161.20
702.00	1150.96
702.18	1228.78
702.37	1181.68
702.55	1138.67
702.73	1255.40
702.92	1150.96
703.10	1159.15
703.28	1157.10
703.47	1159.15
703.65	1179.63
703.84	1159.15
704.02	1232.88
704.20	1177.58
704.39	1114.10
704.57	1112.05
704.75	1128.43
704.94	1095.66
705.12	1069.04
705.30	1173.49
705.49	1175.53
705.67	1175.53
705.86	1120.24
706.04	1267.69
706.22	1153.01
706.41	1251.31
706.59	1087.47
706.77	1093.62
706.96	1198.06
707.14	1173.49
707.32	1181.68
707.51	1169.39
707.69	1126.38
707.87	1148.91
708.06	1161.20
708.24	1200.11
708.42	1124.33
708.61	1167.34
708.79	1198.06
708.97	1101.81
709.16	1169.39
709.34	1118.19
709.52	1189.87
709.71	1222.64
709.89	1130.48
710.07	1161.20
710.26	1097.71
710.44	1159.15
710.62	1089.52
710.80	1128.43
710.99	1173.49
711.17	1210.35
711.35	1118.19
711.54	1249.26
711.72	1183.73
711.90	1193.97
712.09	1118.19
712.27	1138.67
712.45	1107.95
712.63	1196.01
712.82	1171.44
713.00	1222.64
713.18	1120.24
713.37	1167.34
713.55	1196.01
713.73	1122.29
713.91	1218.54
714.10	1173.49
714.28	1122.29
714.46	1271.79
714.65	1265.64
714.83	1157.10
715.01	1105.90
715.19	1183.73
715.38	1173.49
715.56	1198.06
715.74	1153.01
715.92	1089.52
716.11	1118.19
716.29	1107.95
716.47	1142.77
716.65	1189.87
716.84	1150.96
717.02	1214.45
717.20	1185.77
717.38	1200.11
717.57	1120.24
717.75	1150.96
717.93	1138.67
718.11	1148.91
718.30	1159.15
718.48	1220.59
718.66	1163.25
718.84	1114.10
719.03	1157.10
719.21	1228.78
719.39	1175.53
719.57	1148.91
719.75	1185.77
719.94	1110.00
720.12	1150.96
720.30	1163.25
720.48	1202.16
720.67	1165.29
720.85	1171.44
721.03	1193.97
721.21	1183.73
721.39	1220.59
721.58	1198.06
721.76	1222.64
721.94	1243.12
722.12	1191.92
722.30	1173.49
722.49	1251.31
722.67	1120.24
722.85	1132.53
723.03	1126.38
723.21	1206.25
723.40	1118.19
723.58	1167.34
723.76	1146.86
723.94	1294.32
724.12	1208.30
724.30	1136.62
724.49	1220.59
724.67	1210.35
724.85	1142.77
725.03	1089.52
725.21	1218.54
725.40	1189.87
725.58	1191.92
725.76	1138.67
725.94	1179.63
726.12	1236.97
726.30	1167.34
726.49	1163.25
726.67	1210.35
726.85	1163.25
727.03	1255.40
727.21	1163.25
727.39	1222.64
727.57	1144.81
727.76	1110.00
727.94	1171.44
728.12	1075.18
728.30	1101.81
728.48	1181.68
728.66	1171.44
728.84	1226.73
729.03	1155.05
729.21	1216.49
729.39	1179.63
729.57	1122.29
729.75	1153.01
729.93	1155.05
730.11	1191.92
730.30	1243.12
730.48	1200.11
730.66	1218.54
730.84	1198.06
731.02	1138.67
731.20	1200.11
731.38	1110.00
731.56	1122.29
731.74	1099.76
731.93	1144.81
732.11	1218.54
732.29	1185.77
732.47	1204.21
732.65	1126.38
732.83	1204.21
733.01	1189.87
733.19	1122.29
733.37	1220.59
733.56	1202.16
733.74	1198.06
733.92	1171.44
734.10	1144.81
734.28	1204.21
734.46	1187.82
734.64	1200.11
734.82	1128.43
735.00	1169.39
735.18	1132.53
735.36	1130.48
735.54	1157.10
735.73	1181.68
735.91	1150.96
736.09	1126.38
736.27	1128.43
736.45	1181.68
736.63	1175.53
736.81	1150.96
736.99	1222.64
737.17	1214.45
737.35	1150.96
737.53	1146.86
737.71	1224.69
737.89	1312.75
738.07	1157.10
738.25	1173.49
738.43	1210.35
738.61	1249.26
738.80	1120.24
738.98	1163.25
739.16	1155.05
739.34	1126.38
739.52	1159.15
739.70	1144.81
739.88	1179.63
740.06	1142.77
740.24	1140.72
740.42	1153.01
740.60	1118.19
740.78	1249.26
740.96	1134.57
741.14	1146.86
741.32	1085.42
741.50	1198.06
741.68	1187.82
741.86	1157.10
742.04	1097.71
742.22	1224.69
742.40	1107.95
742.58	1169.39
742.76	1175.53
742.94	1163.25
743.12	1128.43
743.30	1257.45
743.48	1130.48
743.66	1210.35
743.84	1226.73
744.02	1214.45
744.20	1073.14
744.38	1185.77
744.56	1122.29
744.74	1177.58
744.92	1232.88
745.10	1097.71
745.28	1208.30
745.46	1183.73
745.64	1183.73
745.82	1114.10
746.00	1222.64
746.18	1089.52
746.36	1138.67
746.54	1124.33
746.72	1155.05
746.90	1148.91
747.08	1120.24
747.26	1284.08
747.44	1212.40
747.62	1105.90
747.80	1173.49
747.98	1103.86
748.15	1177.58
748.33	1196.01
748.51	1122.29
748.69	1159.15
748.87	1196.01
749.05	1159.15
749.23	1290.22
749.41	1101.81
749.59	1220.59
749.77	1103.86
749.95	1183.73
750.13	1239.02
750.31	1155.05
750.49	1163.25
750.67	1196.01
750.85	1175.53
751.03	1263.60
751.20	1132.53
751.38	1183.73
751.56	1185.77
751.74	1124.33
751.92	1255.40
752.10	1153.01
752.28	1157.10
752.46	1179.63
752.64	1175.53
752.82	1220.59
753.00	1150.96
753.18	1159.15
753.35	1220.59
753.53	1224.69
753.71	1138.67
753.89	1228.78
754.07	1169.39
754.25	1259.50
754.43	1187.82
754.61	1165.29
754.79	1187.82
754.97	1179.63
755.14	1136.62
755.32	1173.49
755.50	1150.96
755.68	1175.53
755.86	1132.53
756.04	1167.34
756.22	1144.81
756.40	1140.72
756.57	1198.06
756.75	1181.68
756.93	1243.12
757.11	1093.62
757.29	1138.67
757.47	1198.06
757.65	1157.10
757.82	1167.34
758.00	1212.40
758.18	1150.96
758.36	1206.25
758.54	1171.44
758.72	1171.44
758.90	1263.60
759.07	1181.68
759.25	1134.57
759.43	1185.77
759.61	1181.68
759.79	1173.49
759.97	1183.73
760.15	1232.88
760.32	1198.06
760.50	1167.34
760.68	1150.96
760.86	1157.10
761.04	1148.91
761.22	1230.83
761.39	1189.87
761.57	1146.86
761.75	1191.92
761.93	1220.59
762.11	1196.01
762.28	1228.78
762.46	1120.24
762.64	1126.38
762.82	1136.62
763.00	1157.10
763.18	1159.15
763.35	1058.80
763.53	1185.77
763.71	1206.25
763.89	1191.92
764.07	1210.35
764.24	1157.10
764.42	1163.25
764.60	1212.40
764.78	1232.88
764.96	1189.87
765.13	1134.57
765.31	1095.66
765.49	1210.35
765.67	1148.91
765.84	1177.58
766.02	1196.01
766.20	1196.01
766.38	1191.92
766.56	1163.25
766.73	1118.19
766.91	1171.44
767.09	1159.15
767.27	1183.73
767.44	1183.73
767.62	1202.16
767.80	1183.73
767.98	1208.30
768.15	1204.21
768.33	1208.30
768.51	1167.34
768.69	1220.59
768.87	1220.59
769.04	1140.72
769.22	1175.53
769.40	1224.69
769.58	1134.57
769.75	1200.11
769.93	1144.81
770.11	1187.82
770.28	1138.67
770.46	1189.87
770.64	1132.53
770.82	1167.34
770.99	1187.82
771.17	1114.10
771.35	1189.87
771.53	1191.92
771.70	1171.44
771.88	1198.06
772.06	1193.97
772.23	1208.30
772.41	1165.29
772.59	1105.90
772.77	1148.91
772.94	1243.12
773.12	1161.20
773.30	1191.92
773.47	1163.25
773.65	1157.10
773.83	1144.81
774.01	1159.15
774.18	1142.77
774.36	1146.86
774.54	1224.69
774.71	1181.68
774.89	1144.81
775.07	1150.96
775.24	1212.40
775.42	1261.55
775.60	1107.95
775.78	1226.73
775.95	1191.92
776.13	1212.40
776.31	1214.45
776.48	1163.25
776.66	1134.57
776.84	1165.29
777.01	1148.91
777.19	1173.49
777.37	1107.95
777.54	1179.63
777.72	1140.72
777.90	1191.92
778.07	1175.53
778.25	1167.34
778.43	1148.91
778.60	1138.67
778.78	1198.06
778.96	1077.23
779.13	1142.77
779.31	1161.20
779.49	1097.71
779.66	1126.38
779.84	1161.20
780.01	1134.57
780.19	1146.86
780.37	1212.40
780.54	1200.11
780.72	1118.19
780.90	1146.86
781.07	1161.20
781.25	1155.05
781.43	1155.05
781.60	1222.64
781.78	1142.77
781.95	1224.69
782.13	1157.10
782.31	1187.82
782.48	1210.35
782.66	1232.88
782.83	1193.97
783.01	1222.64
783.19	1101.81
783.36	1163.25
783.54	1208.30
783.72	1126.38
783.89	1181.68
784.07	1118.19
784.24	1116.14
784.42	1132.53
784.60	1257.45
784.77	1153.01
784.95	1263.60
785.12	1185.77
785.30	1124.33
785.47	1126.38
785.65	1118.19
785.83	1183.73
786.00	1175.53
786.18	1163.25
786.35	1226.73
786.53	1165.29
786.71	1241.07
786.88	1183.73
787.06	1191.92
787.23	1157.10
787.41	1153.01
787.58	1191.92
787.76	1189.87
787.94	1243.12
788.11	1226.73
788.29	1169.39
788.46	1150.96
788.64	1142.77
788.81	1183.73
788.99	1206.25
789.16	1142.77
789.34	1249.26
789.52	1196.01
789.69	1165.29
789.87	1175.53
790.04	1204.21
790.22	1157.10
790.39	1144.81
790.57	1144.81
790.74	1126.38
790.92	1196.01
791.09	1142.77
791.27	1187.82
791.44	1089.52
791.62	1177.58
791.79	1193.97
791.97	1206.25
792.15	1142.77
792.32	1189.87
792.50	1148.91
792.67	1132.53
792.85	1290.22
793.02	1138.67
793.20	1140.72
793.37	1177.58
793.55	1128.43
793.72	1210.35
793.90	1173.49
794.07	1218.54
794.25	1169.39
794.42	1214.45
794.60	1118.19
794.77	1222.64
794.95	1142.77
795.12	1181.68
795.30	1193.97
795.47	1110.00
795.65	1132.53
795.82	1175.53
796.00	1165.29
796.17	1202.16
796.34	1189.87
796.52	1200.11
796.69	1177.58
796.87	1165.29
797.04	1126.38
797.22	1081.33
797.39	1206.25
797.57	1175.53
797.74	1169.39
797.92	1089.52
798.09	1150.96
798.27	1173.49
798.44	1103.86
798.62	1191.92
798.79	1146.86
798.96	1189.87
799.14	1116.14
799.31	1148.91
799.49	1144.81
799.66	1198.06
799.84	1245.16
800.01	1136.62
800.19	1206.25
800.36	1103.86
800.53	1132.53
800.71	1132.53
800.88	1218.54
801.06	1208.30
801.23	1193.97
801.41	1187.82
801.58	1093.62
801.75	1161.20
801.93	1085.42
802.10	1155.05
802.28	1187.82
802.45	1146.86
802.63	1134.57
802.80	1091.57
802.97	1193.97
803.15	1222.64
803.32	1169.39
803.50	1169.39
803.67	1132.53
803.84	1124.33
804.02	1105.90
804.19	1112.05
804.37	1189.87
804.54	1208.30
804.71	1167.34
804.89	1142.77
805.06	1200.11
805.24	1212.40
805.41	1265.64
805.58	1142.77
805.76	1155.05
805.93	1191.92
806.10	1263.60
806.28	1173.49
806.45	1204.21
806.63	1208.30
806.80	1181.68
806.97	1140.72
807.15	1224.69
807.32	1175.53
807.49	1224.69
807.67	1105.90
807.84	1161.20
808.01	1167.34
808.19	1181.68
808.36	1239.02
808.54	1191.92
808.71	1204.21
808.88	1212.40
809.06	1204.21
809.23	1179.63
809.40	1183.73
809.58	1216.49
809.75	1150.96
809.92	1241.07
810.10	1187.82
810.27	1216.49
810.44	1136.62
810.62	1132.53
810.79	1239.02
810.96	1204.21
811.14	1116.14
811.31	1216.49
811.48	1110.00
811.66	1198.06
811.83	1079.28
812.00	1200.11
812.18	1099.76
812.35	1167.34
812.52	1066.99
812.69	1173.49
812.87	1177.58
813.04	1105.90
813.21	1200.11
813.39	1214.45
813.56	1122.29
813.73	1157.10
813.91	1175.53
814.08	1153.01
814.25	1118.19
814.42	1183.73
814.60	1173.49
814.77	1163.25
814.94	1153.01
815.12	1193.97
815.29	1181.68
815.46	1171.44
815.63	1204.21
815.81	1181.68
815.98	1161.20
816.15	1161.20
816.33	1122.29
816.50	1128.43
816.67	1181.68
816.84	1189.87
817.02	1132.53
817.19	1204.21
817.36	1153.01
817.53	1150.96
817.71	1116.14
817.88	1196.01
818.05	1089.52
818.22	1146.86
818.40	1181.68
818.57	1107.95
818.74	1155.05
818.91	1249.26
819.09	1206.25
819.26	1167.34
819.43	1136.62
819.60	1155.05
819.78	1181.68
819.95	1142.77
820.12	1181.68
820.29	1148.91
820.47	1239.02
820.64	1118.19
820.81	1216.49
820.98	1177.58
821.15	1130.48
821.33	1177.58
821.50	1126.38
821.67	1118.19
821.84	1187.82
822.02	1241.07
822.19	1185.77
822.36	1198.06
822.53	1142.77
822.70	1132.53
822.88	1140.72
823.05	1202.16
823.22	1165.29
823.39	1144.81
823.56	1089.52
823.74	1107.95
823.91	1122.29
824.08	1153.01
824.25	1138.67
824.42	1161.20
824.60	1150.96
824.77	1183.73
824.94	1175.53
825.11	1120.24
825.28	1144.81
825.45	1122.29
825.63	1093.62
825.80	1140.72
825.97	1171.44
826.14	1210.35
826.31	1144.81
826.48	1118.19
826.66	1114.10
826.83	1130.48
827.00	1118.19
827.17	1148.91
827.34	1126.38
827.51	1157.10
827.69	1216.49
827.86	1126.38
828.03	1136.62
828.20	1243.12
828.37	1239.02
828.54	1075.18
828.71	1138.67
828.89	1202.16
829.06	1171.44
829.23	1230.83
829.40	1177.58
829.57	1155.05
829.74	1220.59
829.91	1118.19
830.09	1132.53
830.26	1132.53
830.43	1187.82
830.60	1148.91
830.77	1130.48
830.94	1202.16
831.11	1120.24
831.28	1138.67
831.46	1159.15
831.63	1169.39
831.80	1214.45
831.97	1165.29
832.14	1189.87
832.31	1140.72
832.48	1134.57
832.65	1138.67
832.82	1189.87
832.99	1181.68
833.17	1187.82
833.34	1183.73
833.51	1183.73
833.68	1171.44
833.85	1159.15
834.02	1116.14
834.19	1146.86
834.36	1146.86
834.53	1187.82
834.70	1126.38
834.87	1163.25
835.04	1175.53
835.22	1185.77
835.39	1204.21
835.56	1146.86
835.73	1222.64
835.90	1179.63
836.07	1239.02
836.24	1120.24
836.41	1146.86
836.58	1257.45
836.75	1241.07
836.92	1196.01
837.09	1175.53
837.26	1153.01
837.43	1175.53
837.60	1189.87
837.77	1202.16
837.94	1165.29
838.12	1155.05
838.29	1124.33
838.46	1159.15
838.63	1255.40
838.80	1173.49
838.97	1130.48
839.14	1122.29
839.31	1130.48
839.48	1167.34
839.65	1159.15
839.82	1220.59
839.99	1193.97
840.16	1159.15
840.33	1159.15
840.50	1222.64
840.67	1191.92
840.84	1169.39
841.01	1157.10
841.18	1159.15
841.35	1132.53
841.52	1132.53
841.69	1093.62
841.86	1196.01
842.03	1189.87
842.20	1204.21
842.37	1185.77
842.54	1208.30
842.71	1179.63
842.88	1150.96
843.05	1120.24
843.22	1138.67
843.39	1191.92
843.56	1214.45
843.73	1153.01
843.90	1142.77
844.07	1144.81
844.24	1185.77
844.41	1169.39
844.58	1187.82
844.75	1251.31
844.92	1181.68
845.09	1200.11
845.26	1165.29
845.43	1103.86
845.60	1175.53
845.77	1165.29
845.94	1142.77
846.10	1177.58
846.27	1101.81
846.44	1118.19
846.61	1183.73
846.78	1183.73
846.95	1155.05
847.12	1126.38
847.29	1216.49
847.46	1163.25
847.63	1130.48
847.80	1212.40
847.97	1107.95
848.14	1142.77
848.31	1181.68
848.48	1183.73
848.65	1177.58
848.82	1196.01
848.98	1206.25
849.15	1169.39
849.32	1241.07
849.49	1124.33
849.66	1198.06
849.83	1232.88
850.00	1253.36
850.17	1107.95
850.34	1236.97
850.51	1179.63
850.68	1204.21
850.85	1177.58
851.01	1187.82
851.18	1142.77
851.35	1230.83
851.52	1138.67
851.69	1189.87
851.86	1144.81
852.03	1173.49
852.20	1210.35
852.37	1224.69
852.53	1247.21
852.70	1153.01
852.87	1161.20
853.04	1150.96
853.21	1148.91
853.38	1214.45
853.55	1230.83
853.72	1083.38
853.89	1157.10
854.05	1140.72
854.22	1138.67
854.39	1241.07
854.56	1122.29
854.73	1208.30
854.90	1110.00
855.07	1239.02
855.23	1204.21
855.40	1159.15
855.57	1210.35
855.74	1142.77
855.91	1222.64
856.08	1187.82
856.25	1150.96
856.41	1189.87
856.58	1181.68
856.75	1155.05
856.92	1112.05
857.09	1198.06
857.26	1144.81
857.42	1148.91
857.59	1153.01
857.76	1236.97
857.93	1089.52
858.10	1234.93
858.27	1157.10
858.43	1148.91
858.60	1228.78
858.77	1189.87
858.94	1167.34
859.11	1173.49
859.27	1179.63
859.44	1198.06
859.61	1171.44
859.78	1165.29
859.95	1191.92
860.12	1132.53
860.28	1232.88
860.45	1157.10
860.62	1159.15
860.79	1142.77
860.95	1191.92
861.12	1144.81
861.29	1173.49
861.46	1165.29
861.63	1142.77
861.79	1148.91
861.96	1175.53
862.13	1183.73
862.30	1153.01
862.47	1165.29
862.63	1159.15
862.80	1153.01
862.97	1157.10
863.14	1189.87
863.30	1175.53
863.47	1114.10
863.64	1083.38
863.81	1146.86
863.97	1234.93
864.14	1132.53
864.31	1200.11
864.48	1122.29
864.65	1191.92
864.81	1183.73
864.98	1187.82
865.15	1208.30
865.32	1200.11
865.48	1198.06
865.65	1212.40
865.82	1150.96
865.98	1179.63
866.15	1185.77
866.32	1204.21
866.49	1179.63
866.65	1077.23
866.82	1230.83
866.99	1130.48
867.16	1150.96
867.32	1138.67
867.49	1222.64
867.66	1165.29
867.83	1130.48
867.99	1196.01
868.16	1124.33
868.33	1212.40
868.49	1077.23
868.66	1243.12
868.83	1103.86
868.99	1230.83
869.16	1220.59
869.33	1155.05
869.50	1183.73
869.66	1153.01
869.83	1153.01
870.00	1161.20
870.16	1181.68
870.33	1130.48
870.50	1181.68
870.66	1208.30
870.83	1218.54
871.00	1136.62
871.17	1187.82
871.33	1140.72
871.50	1169.39
871.67	1185.77
871.83	1165.29
872.00	1130.48
872.17	1179.63
872.33	1161.20
872.50	1124.33
872.67	1173.49
872.83	1148.91
873.00	1165.29
873.17	1208.30
873.33	1150.96
873.50	1175.53
873.67	1112.05
873.83	1183.73
874.00	1136.62
874.16	1204.21
874.33	1230.83
874.50	1185.77
874.66	1163.25
874.83	1167.34
875.00	1167.34
875.16	1148.91
875.33	1153.01
875.50	1126.38
875.66	1120.24
875.83	1161.20
875.99	1193.97
876.16	1198.06
876.33	1239.02
876.49	1161.20
876.66	1161.20
876.83	1265.64
876.99	1077.23
877.16	1198.06
877.32	1177.58
877.49	1191.92
877.66	1134.57
877.82	1232.88
877.99	1218.54
878.15	1159.15
878.32	1243.12
878.49	1171.44
878.65	1208.30
878.82	1200.11
878.98	1153.01
879.15	1122.29
879.32	1210.35
879.48	1175.53
879.65	1200.11
879.81	1140.72
879.98	1146.86
880.15	1228.78
880.31	1130.48
880.48	1167.34
880.64	1136.62
880.81	1140.72
880.97	1224.69
881.14	1148.91
881.31	1150.96
881.47	1220.59
881.64	1165.29
881.80	1165.29
881.97	1169.39
882.13	1136.62
882.30	1114.10
882.47	1239.02
882.63	1153.01
882.80	1224.69
882.96	1083.38
883.13	1216.49
883.29	1202.16
883.46	1179.63
883.62	1157.10
883.79	1138.67
883.95	1140.72
884.12	1196.01
884.29	1181.68
884.45	1122.29
884.62	1236.97
884.78	1144.81
884.95	1073.14
885.11	1210.35
885.28	1134.57
885.44	1157.10
885.61	1073.14
885.77	1241.07
885.94	1218.54
886.10	1134.57
886.27	1175.53
886.43	1198.06
886.60	1155.05
886.76	1089.52
886.93	1175.53
887.09	1228.78
887.26	1130.48
887.42	1200.11
887.59	1132.53
887.75	1191.92
887.92	1173.49
888.08	1236.97
888.25	1144.81
888.41	1134.57
888.58	1187.82
888.74	1165.29
888.91	1144.81
