177.47	1214.45
177.69	1214.45
177.91	1214.45
178.13	1140.72
178.36	1130.48
178.58	1200.11
178.80	1134.57
179.02	1167.34
179.24	1167.34
179.46	1107.95
179.68	1216.49
179.90	1103.86
180.13	1159.15
180.35	1204.21
180.57	1206.25
180.79	1099.76
181.01	1157.10
181.23	1198.06
181.45	1187.82
181.67	1247.21
181.90	1224.69
182.12	1202.16
182.34	1150.96
182.56	1216.49
182.78	1175.53
183.00	1175.53
183.22	1167.34
183.44	1167.34
183.66	1140.72
183.89	1150.96
184.11	1167.34
184.33	1159.15
184.55	1140.72
184.77	1130.48
184.99	1132.53
185.21	1202.16
185.43	1116.14
185.65	1175.53
185.87	1183.73
186.10	1126.38
186.32	1175.53
186.54	1198.06
186.76	1148.91
186.98	1202.16
187.20	1103.86
187.42	1206.25
187.64	1140.72
187.86	1202.16
188.08	1234.93
188.30	1177.58
188.52	1140.72
188.75	1130.48
188.97	1185.77
189.19	1181.68
189.41	1134.57
189.63	1193.97
189.85	1167.34
190.07	1183.73
190.29	1120.24
190.51	1187.82
190.73	1222.64
190.95	1126.38
191.17	1212.40
191.39	1208.30
191.61	1228.78
191.84	1153.01
192.06	1155.05
192.28	1208.30
192.50	1210.35
192.72	1204.21
192.94	1177.58
193.16	1128.43
193.38	1187.82
193.60	1159.15
193.82	1138.67
194.04	1183.73
194.26	1126.38
194.48	1132.53
194.70	1212.40
194.92	1232.88
195.14	1222.64
195.36	1120.24
195.58	1167.34
195.80	1185.77
196.02	1140.72
196.24	1212.40
196.46	1181.68
196.69	1189.87
196.91	1200.11
197.13	1206.25
197.35	1097.71
197.57	1169.39
197.79	1167.34
198.01	1282.03
198.23	1181.68
198.45	1161.20
198.67	1146.86
198.89	1243.12
199.11	1216.49
199.33	1198.06
199.55	1187.82
199.77	1161.20
199.99	1183.73
200.21	1177.58
200.43	1157.10
200.65	1173.49
200.87	1187.82
201.09	1210.35
201.31	1206.25
201.53	1165.29
201.75	1193.97
201.97	1230.83
202.19	1173.49
202.41	1150.96
202.63	1241.07
202.85	1093.62
203.07	1171.44
203.29	1177.58
203.51	1163.25
203.73	1153.01
203.95	1155.05
204.17	1210.35
204.39	1265.64
204.61	1146.86
204.83	1167.34
205.05	1224.69
205.27	1245.16
205.49	1216.49
205.71	1140.72
205.93	1179.63
206.15	1212.40
206.37	1140.72
206.59	1163.25
206.81	1196.01
207.03	1189.87
207.25	1181.68
207.47	1212.40
207.69	1253.36
207.91	1173.49
208.13	1148.91
208.34	1130.48
208.56	1212.40
208.78	1159.15
209.00	1191.92
209.22	1200.11
209.44	1189.87
209.66	1105.90
209.88	1163.25
210.10	1193.97
210.32	1198.06
210.54	1155.05
210.76	1163.25
210.98	1200.11
211.20	1144.81
211.42	1114.10
211.64	1134.57
211.86	1187.82
212.08	1116.14
212.30	1148.91
212.52	1175.53
212.74	1116.14
212.96	1179.63
213.17	1146.86
213.39	1122.29
213.61	1159.15
213.83	1150.96
214.05	1163.25
214.27	1169.39
214.49	1208.30
214.71	1081.33
214.93	1140.72
215.15	1124.33
215.37	1171.44
215.59	1091.57
215.81	1095.66
216.03	1179.63
216.24	1198.06
216.46	1144.81
216.68	1157.10
216.90	1155.05
217.12	1204.21
217.34	1226.73
217.56	1196.01
217.78	1146.86
218.00	1134.57
218.22	1196.01
218.44	1187.82
218.66	1163.25
218.87	1218.54
219.09	1093.62
219.31	1224.69
219.53	1148.91
219.75	1198.06
219.97	1191.92
220.19	1163.25
220.41	1181.68
220.63	1220.59
220.85	1189.87
221.06	1241.07
221.28	1193.97
221.50	1173.49
221.72	1173.49
221.94	1216.49
222.16	1243.12
222.38	1167.34
222.60	1173.49
222.82	1200.11
223.03	1173.49
223.25	1150.96
223.47	1140.72
223.69	1148.91
223.91	1179.63
224.13	1200.11
224.35	1120.24
224.57	1159.15
224.78	1165.29
225.00	1155.05
225.22	1175.53
225.44	1191.92
225.66	1161.20
225.88	1130.48
226.10	1228.78
226.32	1148.91
226.53	1220.59
226.75	1222.64
226.97	1181.68
227.19	1169.39
227.41	1146.86
227.63	1177.58
227.85	1185.77
228.06	1140.72
228.28	1163.25
228.50	1132.53
228.72	1150.96
228.94	1279.98
229.16	1118.19
229.37	1167.34
229.59	1120.24
229.81	1183.73
230.03	1208.30
230.25	1206.25
230.47	1103.86
230.69	1134.57
230.90	1212.40
231.12	1116.14
231.34	1263.60
231.56	1110.00
231.78	1220.59
232.00	1134.57
232.21	1226.73
232.43	1140.72
232.65	1142.77
232.87	1159.15
233.09	1198.06
233.30	1222.64
233.52	1187.82
233.74	1173.49
233.96	1189.87
234.18	1130.48
234.40	1224.69
234.61	1177.58
234.83	1249.26
235.05	1153.01
235.27	1122.29
235.49	1206.25
235.70	1173.49
235.92	1185.77
236.14	1148.91
236.36	1224.69
236.58	1159.15
236.79	1208.30
237.01	1140.72
237.23	1200.11
237.45	1208.30
237.67	1140.72
237.88	1204.21
238.10	1110.00
238.32	1185.77
238.54	1142.77
238.76	1146.86
238.97	1177.58
239.19	1107.95
239.41	1136.62
239.63	1298.41
239.85	1165.29
240.06	1234.93
240.28	1136.62
240.50	1245.16
240.72	1196.01
240.93	1134.57
241.15	1198.06
241.37	1114.10
241.59	1216.49
241.81	1179.63
242.02	1198.06
242.24	1138.67
242.46	1257.45
242.68	1232.88
242.89	1114.10
243.11	1142.77
243.33	1138.67
243.55	1122.29
243.76	1179.63
243.98	1198.06
244.20	1224.69
244.42	1169.39
244.64	1200.11
244.85	1146.86
245.07	1144.81
245.29	1124.33
245.51	1200.11
245.72	1122.29
245.94	1198.06
246.16	1165.29
246.38	1144.81
246.59	1153.01
246.81	1175.53
247.03	1210.35
247.24	1228.78
247.46	1230.83
247.68	1146.86
247.90	1146.86
248.11	1200.11
248.33	1196.01
248.55	1210.35
248.77	1146.86
248.98	1171.44
249.20	1120.24
249.42	1241.07
249.64	1167.34
249.85	1200.11
250.07	1196.01
250.29	1216.49
250.50	1251.31
250.72	1110.00
250.94	1105.90
251.16	1214.45
251.37	1200.11
251.59	1218.54
251.81	1169.39
252.02	1210.35
252.24	1130.48
252.46	1097.71
252.68	1167.34
252.89	1208.30
253.11	1226.73
253.33	1196.01
253.54	1114.10
253.76	1185.77
253.98	1142.77
254.20	1136.62
254.41	1228.78
254.63	1187.82
254.85	1196.01
255.06	1163.25
255.28	1173.49
255.50	1153.01
255.71	1200.11
255.93	1167.34
256.15	1173.49
256.36	1212.40
256.58	1159.15
256.80	1212.40
257.02	1163.25
257.23	1144.81
257.45	1208.30
257.67	1196.01
257.88	1243.12
258.10	1118.19
258.32	1116.14
258.53	1185.77
258.75	1157.10
258.97	1234.93
259.18	1134.57
259.40	1146.86
259.62	1130.48
259.83	1153.01
260.05	1171.44
260.27	1234.93
260.48	1171.44
260.70	1220.59
260.92	1089.52
261.13	1171.44
261.35	1173.49
261.57	1114.10
261.78	1171.44
262.00	1179.63
262.22	1124.33
262.43	1179.63
262.65	1159.15
262.86	1234.93
263.08	1155.05
263.30	1273.84
263.51	1175.53
263.73	1142.77
263.95	1163.25
264.16	1169.39
264.38	1144.81
264.60	1148.91
264.81	1204.21
265.03	1173.49
265.25	1210.35
265.46	1138.67
265.68	1150.96
265.89	1198.06
266.11	1167.34
266.33	1202.16
266.54	1163.25
266.76	1236.97
266.98	1179.63
267.19	1200.11
267.41	1157.10
267.62	1179.63
267.84	1120.24
268.06	1130.48
268.27	1142.77
268.49	1163.25
268.70	1198.06
268.92	1153.01
269.14	1196.01
269.35	1210.35
269.57	1181.68
269.79	1210.35
270.00	1093.62
270.22	1175.53
270.43	1150.96
270.65	1171.44
270.87	1136.62
271.08	1050.61
271.30	1179.63
271.51	1179.63
271.73	1191.92
271.95	1222.64
272.16	1116.14
272.38	1157.10
272.59	1169.39
272.81	1175.53
273.02	1181.68
273.24	1150.96
273.46	1159.15
273.67	1120.24
273.89	1140.72
274.10	1132.53
274.32	1122.29
274.54	1216.49
274.75	1181.68
274.97	1157.10
275.18	1267.69
275.40	1146.86
275.61	1232.88
275.83	1208.30
276.05	1161.20
276.26	1187.82
276.48	1169.39
276.69	1165.29
276.91	1189.87
277.12	1181.68
277.34	1187.82
277.55	1208.30
277.77	1167.34
277.99	1302.51
278.20	1163.25
278.42	1064.94
278.63	1247.21
278.85	1226.73
279.06	1187.82
279.28	1150.96
279.49	1175.53
279.71	1140.72
279.93	1130.48
280.14	1189.87
280.36	1183.73
280.57	1110.00
280.79	1175.53
281.00	1177.58
281.22	1142.77
281.43	1222.64
281.65	1226.73
281.86	1140.72
282.08	1185.77
282.29	1208.30
282.51	1144.81
282.73	1159.15
282.94	1185.77
283.16	1091.57
283.37	1212.40
283.59	1212.40
283.80	1161.20
284.02	1150.96
284.23	1136.62
284.45	1167.34
284.66	1193.97
284.88	1216.49
285.09	1159.15
285.31	1146.86
285.52	1058.80
285.74	1134.57
285.95	1173.49
286.17	1157.10
286.38	1181.68
286.60	1241.07
286.81	1173.49
287.03	1167.34
287.24	1218.54
287.46	1157.10
287.67	1165.29
287.89	1218.54
288.10	1202.16
288.32	1122.29
288.53	1107.95
288.75	1171.44
288.96	1267.69
289.18	1210.35
289.39	1183.73
289.61	1206.25
289.82	1226.73
290.04	1200.11
290.25	1148.91
290.47	1161.20
290.68	1185.77
290.90	1146.86
291.11	1179.63
291.33	1208.30
291.54	1257.45
291.76	1161.20
291.97	1236.97
292.18	1171.44
292.40	1239.02
292.61	1198.06
292.83	1134.57
293.04	1226.73
293.26	1140.72
293.47	1191.92
293.69	1142.77
293.90	1150.96
294.12	1171.44
294.33	1157.10
294.55	1161.20
294.76	1134.57
294.97	1118.19
295.19	1216.49
295.40	1165.29
295.62	1165.29
295.83	1183.73
296.05	1208.30
296.26	1181.68
296.48	1124.33
296.69	1155.05
296.90	1236.97
297.12	1189.87
297.33	1263.60
297.55	1181.68
297.76	1085.42
297.98	1150.96
298.19	1204.21
298.41	1148.91
298.62	1206.25
298.83	1198.06
299.05	1177.58
299.26	1255.40
299.48	1146.86
299.69	1132.53
299.90	1189.87
300.12	1179.63
300.33	1212.40
300.55	1157.10
300.76	1150.96
300.98	1146.86
301.19	1222.64
301.40	1144.81
301.62	1169.39
301.83	1198.06
302.05	1148.91
302.26	1173.49
302.47	1234.93
302.69	1153.01
302.90	1232.88
303.12	1200.11
303.33	1196.01
303.54	1189.87
303.76	1132.53
303.97	1132.53
304.19	1167.34
304.40	1206.25
304.61	1118.19
304.83	1204.21
305.04	1161.20
305.26	1116.14
305.47	1144.81
305.68	1093.62
305.90	1132.53
306.11	1167.34
306.33	1255.40
306.54	1236.97
306.75	1171.44
306.97	1187.82
307.18	1257.45
307.39	1146.86
307.61	1134.57
307.82	1187.82
308.04	1091.57
308.25	1185.77
308.46	1200.11
308.68	1165.29
308.89	1282.03
309.10	1200.11
309.32	1183.73
309.53	1216.49
309.74	1150.96
309.96	1101.81
310.17	1224.69
310.39	1193.97
310.60	1081.33
310.81	1222.64
311.03	1196.01
311.24	1210.35
311.45	1146.86
311.67	1202.16
311.88	1165.29
312.09	1222.64
312.31	1216.49
312.52	1183.73
312.73	1179.63
312.95	1179.63
313.16	1140.72
313.37	1265.64
313.59	1140.72
313.80	1179.63
314.01	1277.93
314.23	1232.88
314.44	1130.48
314.65	1218.54
314.87	1232.88
315.08	1181.68
315.29	1155.05
315.51	1144.81
315.72	1167.34
315.93	1142.77
316.15	1175.53
316.36	1222.64
316.57	1144.81
316.79	1191.92
317.00	1202.16
317.21	1159.15
317.43	1181.68
317.64	1173.49
317.85	1216.49
318.07	1159.15
318.28	1073.14
318.49	1185.77
318.70	1150.96
318.92	1161.20
319.13	1132.53
319.34	1124.33
319.56	1210.35
319.77	1247.21
319.98	1144.81
320.20	1236.97
320.41	1153.01
320.62	1126.38
320.83	1234.93
321.05	1177.58
321.26	1173.49
321.47	1093.62
321.69	1198.06
321.90	1171.44
322.11	1167.34
322.32	1171.44
322.54	1220.59
322.75	1191.92
322.96	1126.38
323.18	1169.39
323.39	1167.34
323.60	1134.57
323.81	1193.97
324.03	1245.16
324.24	1210.35
324.45	1220.59
324.66	1206.25
324.88	1200.11
325.09	1155.05
325.30	1142.77
325.52	1210.35
325.73	1230.83
325.94	1220.59
326.15	1169.39
326.37	1208.30
326.58	1222.64
326.79	1181.68
327.00	1107.95
327.22	1116.14
327.43	1214.45
327.64	1124.33
327.85	1228.78
328.07	1173.49
328.28	1187.82
328.49	1183.73
328.70	1224.69
328.92	1157.10
329.13	1218.54
329.34	1187.82
329.55	1177.58
329.76	1169.39
329.98	1196.01
330.19	1146.86
330.40	1150.96
330.61	1148.91
330.83	1136.62
331.04	1118.19
331.25	1220.59
331.46	1167.34
331.68	1216.49
331.89	1179.63
332.10	1148.91
332.31	1243.12
332.52	1179.63
332.74	1226.73
332.95	1198.06
333.16	1214.45
333.37	1224.69
333.58	1167.34
333.80	1208.30
334.01	1196.01
334.22	1333.23
334.43	1179.63
334.64	1202.16
334.86	1148.91
335.07	1193.97
335.28	1220.59
335.49	1169.39
335.70	1140.72
335.92	1066.99
336.13	1153.01
336.34	1196.01
336.55	1159.15
336.76	1189.87
336.98	1157.10
337.19	1150.96
337.40	1234.93
337.61	1099.76
337.82	1202.16
338.04	1214.45
338.25	1212.40
338.46	1148.91
338.67	1202.16
338.88	1214.45
339.09	1232.88
339.31	1161.20
339.52	1191.92
339.73	1165.29
339.94	1187.82
340.15	1206.25
340.36	1167.34
340.58	1191.92
340.79	1196.01
341.00	1241.07
341.21	1148.91
341.42	1204.21
341.63	1150.96
341.85	1148.91
342.06	1146.86
342.27	1210.35
342.48	1216.49
342.69	1214.45
342.90	1181.68
343.12	1157.10
343.33	1183.73
343.54	1163.25
343.75	1187.82
343.96	1087.47
344.17	1177.58
344.38	1167.34
344.60	1183.73
344.81	1198.06
345.02	1110.00
345.23	1189.87
345.44	1216.49
345.65	1132.53
345.86	1163.25
346.07	1187.82
346.29	1189.87
346.50	1120.24
346.71	1191.92
346.92	1218.54
347.13	1124.33
347.34	1212.40
347.55	1163.25
347.76	1193.97
347.98	1175.53
348.19	1177.58
348.40	1210.35
348.61	1196.01
348.82	1153.01
349.03	1161.20
349.24	1124.33
349.45	1165.29
349.66	1153.01
349.88	1144.81
350.09	1157.10
350.30	1155.05
350.51	1148.91
350.72	1177.58
350.93	1204.21
351.14	1181.68
351.35	1165.29
351.56	1155.05
351.77	1196.01
351.99	1177.58
352.20	1239.02
352.41	1234.93
352.62	1142.77
352.83	1222.64
353.04	1181.68
353.25	1173.49
353.46	1220.59
353.67	1196.01
353.88	1136.62
354.09	1230.83
354.30	1200.11
354.52	1089.52
354.73	1146.86
354.94	1232.88
355.15	1161.20
355.36	1161.20
355.57	1220.59
355.78	1153.01
355.99	1179.63
356.20	1173.49
356.41	1243.12
356.62	1189.87
356.83	1204.21
357.04	1185.77
357.25	1075.18
357.46	1155.05
357.68	1191.92
357.89	1198.06
358.10	1218.54
358.31	1142.77
358.52	1163.25
358.73	1171.44
358.94	1236.97
359.15	1177.58
359.36	1171.44
359.57	1165.29
359.78	1179.63
359.99	1146.86
360.20	1239.02
360.41	1140.72
360.62	1189.87
360.83	1183.73
361.04	1124.33
361.25	1183.73
361.46	1181.68
361.67	1169.39
361.88	1236.97
362.09	1169.39
362.30	1140.72
362.51	1142.77
362.72	1161.20
362.93	1167.34
363.14	1161.20
363.35	1304.56
363.56	1175.53
363.78	1249.26
363.99	1175.53
364.20	1185.77
364.41	1142.77
364.62	1212.40
364.83	1169.39
365.04	1163.25
365.25	1161.20
365.46	1175.53
365.67	1161.20
365.88	1181.68
366.09	1222.64
366.30	1130.48
366.51	1140.72
366.72	1116.14
366.93	1198.06
367.14	1187.82
367.35	1159.15
367.56	1189.87
367.77	1206.25
367.98	1255.40
368.18	1124.33
368.39	1204.21
368.60	1097.71
368.81	1171.44
369.02	1193.97
369.23	1193.97
369.44	1167.34
369.65	1132.53
369.86	1150.96
370.07	1236.97
370.28	1157.10
370.49	1140.72
370.70	1185.77
370.91	1196.01
371.12	1222.64
371.33	1171.44
371.54	1150.96
371.75	1161.20
371.96	1146.86
372.17	1177.58
372.38	1134.57
372.59	1243.12
372.80	1271.79
373.01	1155.05
373.22	1206.25
373.43	1130.48
373.64	1175.53
373.85	1189.87
374.06	1157.10
374.26	1105.90
374.47	1142.77
374.68	1185.77
374.89	1198.06
375.10	1208.30
375.31	1191.92
375.52	1220.59
375.73	1148.91
375.94	1163.25
376.15	1144.81
376.36	1177.58
376.57	1177.58
376.78	1167.34
376.99	1202.16
377.20	1171.44
377.40	1167.34
377.61	1163.25
377.82	1187.82
378.03	1148.91
378.24	1175.53
378.45	1159.15
378.66	1222.64
378.87	1196.01
379.08	1167.34
379.29	1157.10
379.50	1193.97
379.71	1210.35
379.91	1212.40
380.12	1155.05
380.33	1105.90
380.54	1150.96
380.75	1169.39
380.96	1146.86
381.17	1216.49
381.38	1206.25
381.59	1204.21
381.80	1118.19
382.00	1159.15
382.21	1206.25
382.42	1187.82
382.63	1167.34
382.84	1107.95
383.05	1173.49
383.26	1189.87
383.47	1097.71
383.68	1206.25
383.88	1263.60
384.09	1181.68
384.30	1144.81
384.51	1150.96
384.72	1226.73
384.93	1132.53
385.14	1179.63
385.35	1120.24
385.55	1114.10
385.76	1210.35
385.97	1153.01
386.18	1208.30
386.39	1171.44
386.60	1157.10
386.81	1144.81
387.02	1177.58
387.22	1183.73
387.43	1142.77
387.64	1206.25
387.85	1175.53
388.06	1136.62
388.27	1159.15
388.48	1236.97
388.68	1140.72
388.89	1212.40
389.10	1161.20
389.31	1206.25
389.52	1159.15
389.73	1226.73
389.93	1196.01
390.14	1150.96
390.35	1167.34
390.56	1163.25
390.77	1167.34
390.98	1120.24
391.18	1241.07
391.39	1161.20
391.60	1183.73
391.81	1159.15
392.02	1232.88
392.23	1187.82
392.43	1198.06
392.64	1146.86
392.85	1228.78
393.06	1128.43
393.27	1206.25
393.47	1193.97
393.68	1212.40
393.89	1177.58
394.10	1122.29
394.31	1196.01
394.52	1222.64
394.72	1181.68
394.93	1159.15
395.14	1202.16
395.35	1169.39
395.56	1150.96
395.76	1212.40
395.97	1236.97
396.18	1193.97
396.39	1175.53
396.60	1120.24
396.80	1196.01
397.01	1200.11
397.22	1142.77
397.43	1146.86
397.64	1155.05
397.84	1157.10
398.05	1179.63
398.26	1175.53
398.47	1228.78
398.67	1165.29
398.88	1085.42
399.09	1177.58
399.30	1187.82
399.51	1191.92
399.71	1142.77
399.92	1159.15
400.13	1138.67
400.34	1196.01
400.54	1189.87
400.75	1263.60
400.96	1212.40
401.17	1165.29
401.37	1269.74
401.58	1165.29
401.79	1208.30
402.00	1189.87
402.21	1165.29
402.41	1216.49
402.62	1140.72
402.83	1142.77
403.04	1230.83
403.24	1142.77
403.45	1187.82
403.66	1200.11
403.87	1155.05
404.07	1183.73
404.28	1222.64
404.49	1187.82
404.70	1202.16
404.90	1165.29
405.11	1130.48
405.32	1181.68
405.52	1144.81
405.73	1232.88
405.94	1232.88
406.15	1198.06
406.35	1155.05
406.56	1130.48
406.77	1161.20
406.98	1239.02
407.18	1153.01
407.39	1183.73
407.60	1173.49
407.80	1216.49
408.01	1120.24
408.22	1173.49
408.43	1165.29
408.63	1138.67
408.84	1183.73
409.05	1206.25
409.25	1181.68
409.46	1167.34
409.67	1179.63
409.88	1171.44
410.08	1124.33
410.29	1198.06
410.50	1198.06
410.70	1171.44
410.91	1220.59
411.12	1171.44
411.32	1226.73
411.53	1208.30
411.74	1175.53
411.95	1222.64
412.15	1226.73
412.36	1126.38
412.57	1230.83
412.77	1193.97
412.98	1177.58
413.19	1173.49
413.39	1150.96
413.60	1134.57
413.81	1187.82
414.01	1118.19
414.22	1175.53
414.43	1132.53
414.63	1183.73
414.84	1196.01
415.05	1243.12
415.25	1130.48
415.46	1204.21
415.67	1191.92
415.87	1189.87
416.08	1146.86
416.29	1222.64
416.49	1187.82
416.70	1169.39
416.91	1175.53
417.11	1175.53
417.32	1157.10
417.53	1136.62
417.73	1202.16
417.94	1226.73
418.15	1136.62
418.35	1181.68
418.56	1089.52
418.77	1216.49
418.97	1140.72
419.18	1202.16
419.38	1110.00
419.59	1193.97
419.80	1144.81
420.00	1185.77
420.21	1236.97
420.42	1175.53
420.62	1198.06
420.83	1138.67
421.04	1202.16
421.24	1161.20
421.45	1247.21
421.65	1204.21
421.86	1066.99
422.07	1144.81
422.27	1179.63
422.48	1218.54
422.69	1173.49
422.89	1112.05
423.10	1187.82
423.30	1161.20
423.51	1163.25
423.72	1204.21
423.92	1181.68
424.13	1210.35
424.33	1142.77
424.54	1134.57
424.75	1183.73
424.95	1187.82
425.16	1173.49
425.36	1134.57
425.57	1114.10
425.78	1136.62
425.98	1165.29
426.19	1134.57
426.39	1128.43
426.60	1142.77
426.81	1214.45
427.01	1191.92
427.22	1161.20
427.42	1173.49
427.63	1163.25
427.83	1107.95
428.04	1128.43
428.25	1161.20
428.45	1193.97
428.66	1150.96
428.86	1169.39
429.07	1142.77
429.28	1226.73
429.48	1161.20
429.69	1142.77
429.89	1134.57
430.10	1159.15
430.30	1210.35
430.51	1132.53
430.71	1247.21
430.92	1153.01
431.13	1116.14
431.33	1179.63
431.54	1181.68
431.74	1226.73
431.95	1243.12
432.15	1136.62
432.36	1155.05
432.56	1198.06
432.77	1140.72
432.98	1177.58
433.18	1202.16
433.39	1140.72
433.59	1210.35
433.80	1222.64
434.00	1167.34
434.21	1093.62
434.41	1157.10
434.62	1175.53
434.82	1130.48
435.03	1181.68
435.23	1150.96
435.44	1148.91
435.64	1122.29
435.85	1134.57
436.06	1150.96
436.26	1101.81
436.47	1181.68
436.67	1208.30
436.88	1191.92
437.08	1193.97
437.29	1165.29
437.49	1126.38
437.70	1187.82
437.90	1218.54
438.11	1200.11
438.31	1150.96
438.52	1198.06
438.72	1163.25
438.93	1206.25
439.13	1202.16
439.34	1181.68
439.54	1173.49
439.75	1286.12
439.95	1202.16
440.16	1214.45
440.36	1175.53
440.57	1173.49
440.77	1128.43
440.98	1210.35
441.18	1161.20
441.39	1183.73
441.59	1189.87
441.80	1210.35
442.00	1148.91
442.21	1196.01
442.41	1204.21
442.62	1222.64
442.82	1175.53
443.02	1150.96
443.23	1198.06
443.43	1204.21
443.64	1200.11
443.84	1120.24
444.05	1126.38
444.25	1073.14
444.46	1148.91
444.66	1208.30
444.87	1187.82
445.07	1157.10
445.28	1171.44
445.48	1189.87
445.69	1153.01
445.89	1173.49
446.09	1169.39
446.30	1187.82
446.50	1179.63
446.71	1116.14
446.91	1208.30
447.12	1179.63
447.32	1183.73
447.53	1181.68
447.73	1157.10
447.93	1187.82
448.14	1142.77
448.34	1126.38
448.55	1189.87
448.75	1138.67
448.96	1185.77
449.16	1134.57
449.36	1191.92
449.57	1191.92
449.77	1165.29
449.98	1181.68
450.18	1218.54
450.39	1187.82
450.59	1226.73
450.79	1181.68
451.00	1222.64
451.20	1155.05
451.41	1198.06
451.61	1179.63
451.81	1165.29
452.02	1212.40
452.22	1208.30
452.43	1198.06
452.63	1204.21
452.84	1206.25
453.04	1196.01
453.24	1165.29
453.45	1136.62
453.65	1179.63
453.86	1173.49
454.06	1239.02
454.26	1124.33
454.47	1159.15
454.67	1054.70
454.87	1155.05
455.08	1171.44
455.28	1112.05
455.49	1239.02
455.69	1097.71
455.89	1206.25
456.10	1142.77
456.30	1185.77
456.51	1224.69
456.71	1159.15
456.91	1224.69
457.12	1232.88
457.32	1226.73
457.52	1114.10
457.73	1112.05
457.93	1150.96
458.14	1241.07
458.34	1212.40
458.54	1239.02
458.75	1193.97
458.95	1187.82
459.15	1150.96
459.36	1212.40
459.56	1185.77
459.76	1210.35
459.97	1187.82
460.17	1144.81
460.37	1171.44
460.58	1234.93
460.78	1210.35
460.99	1169.39
461.19	1175.53
461.39	1198.06
461.60	1107.95
461.80	1187.82
462.00	1173.49
462.21	1169.39
462.41	1118.19
462.61	1191.92
462.82	1163.25
463.02	1132.53
463.22	1140.72
463.43	1187.82
463.63	1120.24
463.83	1269.74
464.04	1208.30
464.24	1159.15
464.44	1224.69
464.64	1159.15
464.85	1193.97
465.05	1200.11
465.25	1198.06
465.46	1126.38
465.66	1150.96
465.86	1146.86
466.07	1103.86
466.27	1150.96
466.47	1191.92
466.68	1177.58
466.88	1120.24
467.08	1196.01
467.29	1134.57
467.49	1183.73
467.69	1179.63
467.89	1148.91
468.10	1153.01
468.30	1155.05
468.50	1175.53
468.71	1179.63
468.91	1245.16
469.11	1138.67
469.31	1163.25
469.52	1181.68
469.72	1165.29
469.92	1157.10
470.13	1153.01
470.33	1239.02
470.53	1136.62
470.73	1163.25
470.94	1181.68
471.14	1103.86
471.34	1189.87
471.54	1189.87
471.75	1191.92
471.95	1193.97
472.15	1183.73
472.36	1148.91
472.56	1191.92
472.76	1126.38
472.96	1148.91
473.17	1101.81
473.37	1196.01
473.57	1265.64
473.77	1134.57
473.98	1216.49
474.18	1142.77
474.38	1093.62
474.58	1179.63
474.79	1130.48
474.99	1216.49
475.19	1179.63
475.39	1243.12
475.60	1128.43
475.80	1200.11
476.00	1191.92
476.20	1183.73
476.41	1159.15
476.61	1200.11
476.81	1150.96
477.01	1196.01
477.21	1122.29
477.42	1193.97
477.62	1163.25
477.82	1208.30
478.02	1173.49
478.23	1171.44
478.43	1202.16
478.63	1214.45
478.83	1159.15
479.03	1183.73
479.24	1163.25
479.44	1208.30
479.64	1126.38
479.84	1148.91
480.04	1185.77
480.25	1196.01
480.45	1153.01
480.65	1269.74
480.85	1138.67
481.06	1212.40
481.26	1142.77
481.46	1181.68
481.66	1185.77
481.86	1193.97
482.06	1128.43
482.27	1142.77
482.47	1159.15
482.67	1161.20
482.87	1153.01
483.07	1163.25
483.28	1091.57
483.48	1159.15
483.68	1128.43
483.88	1187.82
484.08	1177.58
484.29	1294.32
484.49	1146.86
484.69	1157.10
484.89	1175.53
485.09	1120.24
485.29	1142.77
485.50	1208.30
485.70	1236.97
485.90	1134.57
486.10	1146.86
486.30	1191.92
486.50	1222.64
486.71	1241.07
486.91	1175.53
487.11	1210.35
487.31	1247.21
487.51	1196.01
487.71	1161.20
487.91	1116.14
488.12	1148.91
488.32	1159.15
488.52	1155.05
488.72	1200.11
488.92	1142.77
489.12	1134.57
489.32	1157.10
489.53	1167.34
489.73	1163.25
489.93	1187.82
490.13	1204.21
490.33	1204.21
490.53	1224.69
490.73	1224.69
490.94	1159.15
491.14	1271.79
491.34	1120.24
491.54	1183.73
491.74	1187.82
491.94	1220.59
492.14	1114.10
492.34	1179.63
492.54	1181.68
492.75	1179.63
492.95	1138.67
493.15	1120.24
493.35	1191.92
493.55	1243.12
493.75	1185.77
493.95	1126.38
494.15	1167.34
494.35	1159.15
494.56	1138.67
494.76	1183.73
494.96	1175.53
495.16	1134.57
495.36	1191.92
495.56	1210.35
495.76	1179.63
495.96	1193.97
496.16	1165.29
496.36	1161.20
496.56	1181.68
496.77	1173.49
496.97	1144.81
497.17	1204.21
497.37	1277.93
497.57	1236.97
497.77	1159.15
497.97	1175.53
498.17	1206.25
498.37	1165.29
498.57	1175.53
498.77	1148.91
498.97	1097.71
499.17	1146.86
499.38	1134.57
499.58	1187.82
499.78	1153.01
499.98	1226.73
500.18	1150.96
500.38	1161.20
500.58	1191.92
500.78	1214.45
500.98	1204.21
501.18	1212.40
501.38	1107.95
501.58	1249.26
501.78	1128.43
501.98	1204.21
502.18	1202.16
502.38	1173.49
502.58	1165.29
502.78	1150.96
502.98	1200.11
503.18	1120.24
503.38	1234.93
503.59	1245.16
503.79	1220.59
503.99	1255.40
504.19	1114.10
504.39	1187.82
504.59	1198.06
504.79	1142.77
504.99	1204.21
505.19	1202.16
505.39	1167.34
505.59	1157.10
505.79	1163.25
505.99	1196.01
506.19	1179.63
506.39	1142.77
506.59	1187.82
506.79	1163.25
506.99	1132.53
507.19	1140.72
507.39	1222.64
507.59	1220.59
507.79	1204.21
507.99	1193.97
508.19	1259.50
508.39	1175.53
508.59	1163.25
508.79	1185.77
508.99	1128.43
509.19	1140.72
509.39	1165.29
509.59	1212.40
509.79	1150.96
509.99	1181.68
510.19	1148.91
510.39	1173.49
510.59	1179.63
510.79	1118.19
510.99	1261.55
511.19	1153.01
511.39	1185.77
511.59	1224.69
511.79	1132.53
511.99	1177.58
512.19	1116.14
512.38	1148.91
512.58	1114.10
512.78	1118.19
512.98	1099.76
513.18	1165.29
513.38	1144.81
513.58	1185.77
513.78	1234.93
513.98	1140.72
514.18	1118.19
514.38	1181.68
514.58	1177.58
514.78	1255.40
514.98	1144.81
515.18	1196.01
515.38	1138.67
515.58	1220.59
515.78	1200.11
515.98	1167.34
516.18	1222.64
516.38	1112.05
516.57	1189.87
516.77	1150.96
516.97	1200.11
517.17	1185.77
517.37	1148.91
517.57	1210.35
517.77	1208.30
517.97	1191.92
518.17	1183.73
518.37	1212.40
518.57	1103.86
518.77	1189.87
518.97	1163.25
519.16	1218.54
519.36	1130.48
519.56	1165.29
519.76	1210.35
519.96	1187.82
520.16	1173.49
520.36	1200.11
520.56	1157.10
520.76	1171.44
520.96	1191.92
521.16	1187.82
521.35	1128.43
521.55	1247.21
521.75	1171.44
521.95	1126.38
522.15	1218.54
522.35	1130.48
522.55	1112.05
522.75	1159.15
522.95	1122.29
523.14	1148.91
523.34	1122.29
523.54	1263.60
523.74	1128.43
523.94	1198.06
524.14	1196.01
524.34	1200.11
524.54	1159.15
524.73	1247.21
524.93	1144.81
525.13	1183.73
525.33	1150.96
525.53	1198.06
525.73	1185.77
525.93	1159.15
526.13	1134.57
526.32	1140.72
526.52	1191.92
526.72	1181.68
526.92	1128.43
527.12	1116.14
527.32	1079.28
527.52	1187.82
527.71	1148.91
527.91	1155.05
528.11	1189.87
528.31	1232.88
528.51	1153.01
528.71	1189.87
528.90	1208.30
529.10	1185.77
529.30	1138.67
529.50	1241.07
529.70	1165.29
529.90	1134.57
530.09	1144.81
530.29	1175.53
530.49	1212.40
530.69	1249.26
530.89	1179.63
531.09	1155.05
531.28	1161.20
531.48	1167.34
531.68	1093.62
531.88	1150.96
532.08	1146.86
532.28	1171.44
532.47	1116.14
532.67	1171.44
532.87	1179.63
533.07	1167.34
533.27	1265.64
533.46	1216.49
533.66	1187.82
533.86	1179.63
534.06	1169.39
534.26	1114.10
534.45	1187.82
534.65	1150.96
534.85	1167.34
535.05	1189.87
535.25	1107.95
535.44	1140.72
535.64	1161.20
535.84	1161.20
536.04	1261.55
536.24	1157.10
536.43	1159.15
536.63	1206.25
536.83	1169.39
537.03	1214.45
537.22	1179.63
537.42	1187.82
537.62	1077.23
537.82	1134.57
538.02	1157.10
538.21	1220.59
538.41	1175.53
538.61	1081.33
538.81	1228.78
539.00	1191.92
539.20	1157.10
539.40	1208.30
539.60	1153.01
539.79	1206.25
539.99	1196.01
540.19	1241.07
540.39	1138.67
540.58	1220.59
540.78	1251.31
540.98	1126.38
541.18	1132.53
541.37	1171.44
541.57	1208.30
541.77	1175.53
541.97	1157.10
542.16	1206.25
542.36	1161.20
542.56	1181.68
542.76	1142.77
542.95	1167.34
543.15	1230.83
543.35	1179.63
543.54	1216.49
543.74	1224.69
543.94	1169.39
544.14	1175.53
544.33	1163.25
544.53	1146.86
544.73	1228.78
544.93	1163.25
545.12	1247.21
545.32	1110.00
545.52	1179.63
545.71	1191.92
545.91	1150.96
546.11	1134.57
546.30	1128.43
546.50	1161.20
546.70	1206.25
546.90	1150.96
547.09	1093.62
547.29	1130.48
547.49	1144.81
547.68	1183.73
547.88	1138.67
548.08	1191.92
548.27	1247.21
548.47	1159.15
548.67	1136.62
548.87	1220.59
549.06	1073.14
549.26	1189.87
549.46	1157.10
549.65	1183.73
549.85	1226.73
550.05	1105.90
550.24	1198.06
550.44	1208.30
550.64	1212.40
550.83	1181.68
551.03	1196.01
551.23	1206.25
551.42	1157.10
551.62	1153.01
551.82	1112.05
552.01	1126.38
552.21	1179.63
552.41	1173.49
552.60	1181.68
552.80	1136.62
553.00	1146.86
553.19	1220.59
553.39	1191.92
553.59	1224.69
553.78	1185.77
553.98	1165.29
554.17	1153.01
554.37	1169.39
554.57	1173.49
554.76	1142.77
554.96	1153.01
555.16	1255.40
555.35	1130.48
555.55	1181.68
555.75	1114.10
555.94	1226.73
556.14	1126.38
556.33	1247.21
556.53	1214.45
556.73	1107.95
556.92	1159.15
557.12	1157.10
557.32	1134.57
557.51	1183.73
557.71	1224.69
557.90	1167.34
558.10	1275.88
558.30	1161.20
558.49	1208.30
558.69	1232.88
558.88	1173.49
559.08	1167.34
559.28	1228.78
559.47	1150.96
559.67	1212.40
559.86	1146.86
560.06	1222.64
560.26	1208.30
560.45	1163.25
560.65	1159.15
560.84	1169.39
561.04	1171.44
561.24	1140.72
561.43	1118.19
561.63	1159.15
561.82	1107.95
562.02	1196.01
562.22	1216.49
562.41	1112.05
562.61	1173.49
562.80	1181.68
563.00	1216.49
563.19	1241.07
563.39	1193.97
563.59	1130.48
563.78	1212.40
563.98	1226.73
564.17	1253.36
564.37	1222.64
564.56	1181.68
564.76	1202.16
564.96	1267.69
565.15	1183.73
565.35	1181.68
565.54	1146.86
565.74	1208.30
565.93	1196.01
566.13	1253.36
566.32	1220.59
566.52	1259.50
566.71	1138.67
566.91	1198.06
567.11	1179.63
567.30	1146.86
567.50	1146.86
567.69	1107.95
567.89	1245.16
568.08	1193.97
568.28	1189.87
568.47	1206.25
568.67	1128.43
568.86	1146.86
569.06	1126.38
569.25	1218.54
569.45	1228.78
569.64	1200.11
569.84	1236.97
570.04	1247.21
570.23	1214.45
570.43	1200.11
570.62	1214.45
570.82	1191.92
571.01	1191.92
571.21	1110.00
571.40	1239.02
571.60	1202.16
571.79	1163.25
571.99	1163.25
572.18	1128.43
572.38	1232.88
572.57	1224.69
572.77	1122.29
572.96	1204.21
573.16	1185.77
573.35	1198.06
573.55	1126.38
573.74	1122.29
573.94	1105.90
574.13	1118.19
574.33	1161.20
574.52	1122.29
574.71	1236.97
574.91	1200.11
575.10	1189.87
575.30	1126.38
575.49	1120.24
575.69	1191.92
575.88	1200.11
576.08	1200.11
576.27	1146.86
576.47	1110.00
576.66	1214.45
576.86	1173.49
577.05	1142.77
577.25	1198.06
577.44	1239.02
577.64	1155.05
577.83	1144.81
578.02	1200.11
578.22	1093.62
578.41	1191.92
578.61	1163.25
578.80	1112.05
579.00	1173.49
579.19	1198.06
579.39	1171.44
579.58	1189.87
579.77	1118.19
579.97	1187.82
580.16	1193.97
580.36	1185.77
580.55	1189.87
580.75	1214.45
580.94	1183.73
581.13	1232.88
581.33	1150.96
581.52	1181.68
581.72	1257.45
581.91	1173.49
582.11	1142.77
582.30	1148.91
582.49	1189.87
582.69	1157.10
582.88	1132.53
583.08	1187.82
583.27	1198.06
583.47	1185.77
583.66	1239.02
583.85	1204.21
584.05	1093.62
584.24	1249.26
584.44	1212.40
584.63	1155.05
584.82	1146.86
585.02	1191.92
585.21	1220.59
585.41	1110.00
585.60	1163.25
585.79	1230.83
585.99	1189.87
586.18	1179.63
586.37	1146.86
586.57	1183.73
586.76	1181.68
586.96	1228.78
587.15	1167.34
587.34	1155.05
587.54	1118.19
587.73	1175.53
587.93	1198.06
588.12	1204.21
588.31	1153.01
588.51	1157.10
588.70	1124.33
588.89	1224.69
589.09	1241.07
589.28	1153.01
589.47	1153.01
589.67	1118.19
589.86	1196.01
590.06	1163.25
590.25	1189.87
590.44	1200.11
590.64	1138.67
590.83	1167.34
591.02	1167.34
591.22	1169.39
591.41	1138.67
591.60	1187.82
591.80	1208.30
591.99	1220.59
592.18	1142.77
592.38	1161.20
592.57	1083.38
592.76	1124.33
592.96	1222.64
593.15	1228.78
593.34	1146.86
593.54	1202.16
593.73	1200.11
593.92	1183.73
594.12	1171.44
594.31	1140.72
594.50	1122.29
594.70	1179.63
594.89	1175.53
595.08	1216.49
595.28	1218.54
595.47	1153.01
595.66	1161.20
595.86	1136.62
596.05	1208.30
596.24	1138.67
596.43	1157.10
596.63	1202.16
596.82	1251.31
597.01	1218.54
597.21	1218.54
597.40	1161.20
597.59	1159.15
597.79	1177.58
597.98	1140.72
598.17	1148.91
598.36	1181.68
598.56	1191.92
598.75	1222.64
598.94	1183.73
599.14	1257.45
599.33	1144.81
599.52	1191.92
599.71	1126.38
599.91	1144.81
600.10	1224.69
600.29	1107.95
600.48	1216.49
600.68	1189.87
600.87	1251.31
601.06	1251.31
601.26	1193.97
601.45	1171.44
601.64	1183.73
601.83	1198.06
602.03	1165.29
602.22	1239.02
602.41	1185.77
602.60	1169.39
602.80	1153.01
602.99	1185.77
603.18	1185.77
603.37	1200.11
603.57	1200.11
603.76	1191.92
603.95	1122.29
604.14	1138.67
604.34	1177.58
604.53	1134.57
604.72	1189.87
604.91	1103.86
605.10	1136.62
605.30	1144.81
605.49	1167.34
605.68	1181.68
605.87	1247.21
606.07	1196.01
606.26	1226.73
606.45	1183.73
606.64	1224.69
606.84	1187.82
607.03	1179.63
607.22	1220.59
607.41	1208.30
607.60	1187.82
607.80	1169.39
607.99	1187.82
608.18	1200.11
608.37	1130.48
608.56	1191.92
608.76	1179.63
608.95	1232.88
609.14	1148.91
609.33	1167.34
609.52	1134.57
609.72	1171.44
609.91	1193.97
610.10	1148.91
610.29	1249.26
610.48	1118.19
610.68	1212.40
610.87	1120.24
611.06	1208.30
611.25	1183.73
611.44	1220.59
611.63	1095.66
611.83	1136.62
612.02	1218.54
612.21	1222.64
612.40	1140.72
612.59	1189.87
612.79	1171.44
612.98	1243.12
613.17	1255.40
613.36	1282.03
613.55	1134.57
613.74	1187.82
613.93	1249.26
614.13	1224.69
614.32	1204.21
614.51	1196.01
614.70	1204.21
614.89	1179.63
615.08	1136.62
615.28	1134.57
615.47	1155.05
615.66	1228.78
615.85	1185.77
616.04	1202.16
616.23	1216.49
616.42	1204.21
616.62	1185.77
616.81	1167.34
617.00	1112.05
617.19	1169.39
617.38	1198.06
617.57	1204.21
617.76	1198.06
617.95	1210.35
618.15	1200.11
618.34	1179.63
618.53	1243.12
618.72	1171.44
618.91	1189.87
619.10	1079.28
619.29	1132.53
619.48	1175.53
619.68	1181.68
619.87	1130.48
620.06	1157.10
620.25	1198.06
620.44	1183.73
620.63	1175.53
620.82	1161.20
621.01	1210.35
621.20	1128.43
621.39	1146.86
621.59	1198.06
621.78	1179.63
621.97	1167.34
622.16	1126.38
622.35	1163.25
622.54	1200.11
622.73	1185.77
622.92	1175.53
623.11	1216.49
623.30	1163.25
623.49	1159.15
623.68	1175.53
623.88	1153.01
624.07	1249.26
624.26	1247.21
624.45	1191.92
624.64	1173.49
624.83	1081.33
625.02	1236.97
625.21	1163.25
625.40	1191.92
625.59	1234.93
625.78	1187.82
625.97	1167.34
626.16	1177.58
626.35	1175.53
626.54	1142.77
626.74	1193.97
626.93	1257.45
627.12	1189.87
627.31	1269.74
627.50	1161.20
627.69	1175.53
627.88	1189.87
628.07	1204.21
628.26	1198.06
628.45	1298.41
628.64	1306.60
628.83	1187.82
629.02	1183.73
629.21	1189.87
629.40	1212.40
629.59	1161.20
629.78	1169.39
629.97	1261.55
630.16	1224.69
630.35	1198.06
630.54	1167.34
630.73	1255.40
630.92	1144.81
631.11	1253.36
631.30	1275.88
631.49	1409.00
631.68	1863.65
631.87	3932.10
632.06	14901.02
632.25	42909.04
632.44	55987.37
632.63	57326.74
632.82	36515.28
633.01	18206.44
633.20	5472.17
633.39	5443.50
633.58	2691.03
633.77	2154.46
633.96	1634.28
634.15	1456.11
634.34	1466.35
634.53	1511.40
634.72	1464.30
634.91	1380.33
635.10	1290.22
635.29	1320.94
635.48	1187.82
635.67	1210.35
635.86	1253.36
636.05	1175.53
636.24	1173.49
636.43	1236.97
636.62	1224.69
636.81	1165.29
637.00	1193.97
637.19	1245.16
637.38	1181.68
637.57	1245.16
637.76	1157.10
637.95	1216.49
638.14	1185.77
638.33	1175.53
638.52	1146.86
638.71	1134.57
638.89	1185.77
639.08	1247.21
639.27	1183.73
639.46	1214.45
639.65	1161.20
639.84	1228.78
640.03	1167.34
640.22	1218.54
640.41	1204.21
640.60	1185.77
640.79	1202.16
640.98	1224.69
641.17	1157.10
641.36	1189.87
641.55	1220.59
641.74	1175.53
641.92	1175.53
642.11	1212.40
642.30	1136.62
642.49	1202.16
642.68	1216.49
642.87	1220.59
643.06	1161.20
643.25	1150.96
643.44	1267.69
643.63	1191.92
643.82	1198.06
644.00	1167.34
644.19	1153.01
644.38	1183.73
644.57	1218.54
644.76	1191.92
644.95	1099.76
645.14	1155.05
645.33	1173.49
645.52	1196.01
645.71	1142.77
645.89	1146.86
646.08	1196.01
646.27	1124.33
646.46	1144.81
646.65	1140.72
646.84	1179.63
647.03	1136.62
647.22	1189.87
647.40	1134.57
647.59	1220.59
647.78	1255.40
647.97	1200.11
648.16	1212.40
648.35	1144.81
648.54	1179.63
648.73	1169.39
648.91	1136.62
649.10	1138.67
649.29	1116.14
649.48	1155.05
649.67	1165.29
649.86	1167.34
650.05	1171.44
650.23	1142.77
650.42	1144.81
650.61	1191.92
650.80	1157.10
650.99	1196.01
651.18	1114.10
651.36	1232.88
651.55	1148.91
651.74	1181.68
651.93	1277.93
652.12	1210.35
652.31	1236.97
652.49	1089.52
652.68	1255.40
652.87	1173.49
653.06	1257.45
653.25	1224.69
653.44	1183.73
653.62	1171.44
653.81	1169.39
654.00	1161.20
654.19	1212.40
654.38	1150.96
654.56	1159.15
654.75	1206.25
654.94	1187.82
655.13	1181.68
655.32	1189.87
655.51	1210.35
655.69	1157.10
655.88	1150.96
656.07	1214.45
656.26	1157.10
656.45	1191.92
656.63	1236.97
656.82	1183.73
657.01	1146.86
657.20	1165.29
657.38	1165.29
657.57	1181.68
657.76	1140.72
657.95	1226.73
658.14	1179.63
658.32	1239.02
658.51	1142.77
658.70	1239.02
658.89	1155.05
659.08	1187.82
659.26	1150.96
659.45	1134.57
659.64	1165.29
659.83	1112.05
660.01	1249.26
660.20	1126.38
660.39	1202.16
660.58	1183.73
660.76	1193.97
660.95	1232.88
661.14	1146.86
661.33	1144.81
661.51	1210.35
661.70	1153.01
661.89	1132.53
662.08	1173.49
662.26	1220.59
662.45	1185.77
662.64	1134.57
662.83	1245.16
663.01	1118.19
663.20	1232.88
663.39	1216.49
663.58	1224.69
663.76	1157.10
663.95	1177.58
664.14	1159.15
664.32	1187.82
664.51	1161.20
664.70	1208.30
664.89	1142.77
665.07	1159.15
665.26	1241.07
665.45	1144.81
665.64	1173.49
665.82	1103.86
666.01	1120.24
666.20	1155.05
666.38	1196.01
666.57	1126.38
666.76	1159.15
666.95	1253.36
667.13	1185.77
667.32	1171.44
667.51	1198.06
667.69	1171.44
667.88	1130.48
668.07	1179.63
668.25	1179.63
668.44	1173.49
668.63	1181.68
668.81	1126.38
669.00	1181.68
669.19	1150.96
669.38	1175.53
669.56	1163.25
669.75	1206.25
669.94	1173.49
670.12	1171.44
670.31	1165.29
670.50	1126.38
670.68	1187.82
670.87	1175.53
671.06	1179.63
671.24	1177.58
671.43	1202.16
671.62	1183.73
671.80	1214.45
671.99	1193.97
672.18	1134.57
672.36	1167.34
672.55	1228.78
672.74	1161.20
672.92	1183.73
673.11	1181.68
673.29	1230.83
673.48	1243.12
673.67	1171.44
673.85	1191.92
674.04	1159.15
674.23	1179.63
674.41	1228.78
674.60	1230.83
674.79	1171.44
674.97	1173.49
675.16	1159.15
675.34	1204.21
675.53	1220.59
675.72	1120.24
675.90	1189.87
676.09	1157.10
676.28	1150.96
676.46	1198.06
676.65	1232.88
676.83	1142.77
677.02	1183.73
677.21	1081.33
677.39	1167.34
677.58	1198.06
677.77	1140.72
677.95	1167.34
678.14	1155.05
678.32	1224.69
678.51	1148.91
678.70	1196.01
678.88	1099.76
679.07	1173.49
679.25	1136.62
679.44	1187.82
679.63	1202.16
679.81	1157.10
680.00	1175.53
680.18	1282.03
680.37	1236.97
680.55	1165.29
680.74	1150.96
680.93	1241.07
681.11	1198.06
681.30	1128.43
681.48	1173.49
681.67	1189.87
681.85	1150.96
682.04	1210.35
682.23	1206.25
682.41	1179.63
682.60	1181.68
682.78	1187.82
682.97	1124.33
683.15	1175.53
683.34	1191.92
683.53	1265.64
683.71	1165.29
683.90	1167.34
684.08	1187.82
684.27	1136.62
684.45	1165.29
684.64	1169.39
684.82	1126.38
685.01	1159.15
685.19	1167.34
685.38	1142.77
685.57	1171.44
685.75	1191.92
685.94	1185.77
686.12	1228.78
686.31	1163.25
686.49	1087.47
686.68	1175.53
686.86	1224.69
687.05	1193.97
687.23	1167.34
687.42	1163.25
687.60	1150.96
687.79	1163.25
687.97	1150.96
688.16	1138.67
688.34	1218.54
688.53	1110.00
688.71	1236.97
688.90	1101.81
689.08	1118.19
689.27	1187.82
689.45	1114.10
689.64	1148.91
689.82	1165.29
690.01	1191.92
690.19	1146.86
690.38	1165.29
690.56	1126.38
690.75	1187.82
690.93	1079.28
691.12	1171.44
691.30	1200.11
691.49	1114.10
691.67	1179.63
691.86	1212.40
692.04	1157.10
692.23	1081.33
692.41	1169.39
692.60	1177.58
692.78	1150.96
692.97	1169.39
693.15	1091.57
693.34	1191.92
693.52	1155.05
693.71	1136.62
693.89	1167.34
694.08	1196.01
694.26	1150.96
694.44	1183.73
694.63	1095.66
694.81	1214.45
695.00	1087.47
695.18	1155.05
695.37	1212.40
695.55	1214.45
695.74	1200.11
695.92	1167.34
696.10	1130.48
696.29	1191.92
696.47	1224.69
696.66	1163.25
696.84	1167.34
697.03	1224.69
697.21	1218.54
697.40	1153.01
697.58	1112.05
697.76	1077.23
697.95	1196.01
698.13	1216.49
698.32	1163.25
698.50	1126.38
698.68	1142.77
698.87	1144.81
699.05	1153.01
699.24	1105.90
699.42	1130.48
699.61	1200.11
699.79	1175.53
699.97	1130.48
700.16	1196.01
700.34	1150.96
700.53	1179.63
700.71	1128.43
700.89	1163.25
701.08	1165.29
701.26	1200.11
701.45	1097.71
701.63	1193.97
701.81	1175.53
702.00	1183.73
702.18	1179.63
702.37	1177.58
702.55	1163.25
702.73	1144.81
702.92	1173.49
703.10	1200.11
703.28	1155.05
703.47	1155.05
703.65	1171.44
703.84	1085.42
704.02	1142.77
704.20	1155.05
704.39	1220.59
704.57	1163.25
704.75	1183.73
704.94	1175.53
705.12	1146.86
705.30	1150.96
705.49	1198.06
705.67	1179.63
705.86	1175.53
706.04	1134.57
706.22	1196.01
706.41	1228.78
706.59	1210.35
706.77	1191.92
706.96	1157.10
707.14	1167.34
707.32	1150.96
707.51	1189.87
707.69	1155.05
707.87	1212.40
708.06	1132.53
708.24	1210.35
708.42	1241.07
708.61	1236.97
708.79	1216.49
708.97	1204.21
709.16	1179.63
709.34	1208.30
709.52	1165.29
709.71	1140.72
709.89	1202.16
710.07	1077.23
710.26	1165.29
710.44	1165.29
710.62	1187.82
710.80	1224.69
710.99	1153.01
711.17	1144.81
711.35	1202.16
711.54	1224.69
711.72	1130.48
711.90	1167.34
712.09	1204.21
712.27	1236.97
712.45	1177.58
712.63	1179.63
712.82	1212.40
713.00	1150.96
713.18	1157.10
713.37	1148.91
713.55	1206.25
713.73	1216.49
713.91	1140.72
714.10	1157.10
714.28	1130.48
714.46	1196.01
714.65	1200.11
714.83	1171.44
715.01	1214.45
715.19	1173.49
715.38	1224.69
715.56	1290.22
715.74	1191.92
715.92	1196.01
716.11	1183.73
716.29	1091.57
716.47	1181.68
716.65	1181.68
716.84	1245.16
717.02	1175.53
717.20	1136.62
717.38	1146.86
717.57	1265.64
717.75	1179.63
717.93	1247.21
718.11	1150.96
718.30	1234.93
718.48	1146.86
718.66	1206.25
718.84	1126.38
719.03	1105.90
719.21	1116.14
719.39	1206.25
719.57	1140.72
719.75	1179.63
719.94	1138.67
720.12	1097.71
720.30	1204.21
720.48	1202.16
720.67	1150.96
720.85	1114.10
721.03	1273.84
721.21	1101.81
721.39	1134.57
721.58	1122.29
721.76	1187.82
721.94	1157.10
722.12	1261.55
722.30	1146.86
722.49	1226.73
722.67	1148.91
722.85	1167.34
723.03	1171.44
723.21	1136.62
723.40	1220.59
723.58	1138.67
723.76	1202.16
723.94	1265.64
724.12	1230.83
724.30	1232.88
724.49	1177.58
724.67	1214.45
724.85	1128.43
725.03	1181.68
725.21	1247.21
725.40	1148.91
725.58	1159.15
725.76	1185.77
725.94	1118.19
726.12	1148.91
726.30	1120.24
726.49	1183.73
726.67	1136.62
726.85	1251.31
727.03	1157.10
727.21	1179.63
727.39	1202.16
727.57	1142.77
727.76	1163.25
727.94	1161.20
728.12	1243.12
728.30	1187.82
728.48	1114.10
728.66	1173.49
728.84	1173.49
729.03	1163.25
729.21	1140.72
729.39	1183.73
729.57	1222.64
729.75	1210.35
729.93	1167.34
730.11	1208.30
730.30	1185.77
730.48	1167.34
730.66	1214.45
730.84	1226.73
731.02	1224.69
731.20	1185.77
731.38	1136.62
731.56	1071.09
731.74	1200.11
731.93	1110.00
732.11	1095.66
732.29	1150.96
732.47	1134.57
732.65	1124.33
732.83	1144.81
733.01	1196.01
733.19	1128.43
733.37	1161.20
733.56	1204.21
733.74	1177.58
733.92	1173.49
734.10	1153.01
734.28	1159.15
734.46	1200.11
734.64	1204.21
734.82	1208.30
735.00	1187.82
735.18	1161.20
735.36	1134.57
735.54	1159.15
735.73	1175.53
735.91	1167.34
736.09	1183.73
736.27	1124.33
736.45	1193.97
736.63	1183.73
736.81	1085.42
736.99	1150.96
737.17	1226.73
737.35	1222.64
737.53	1247.21
737.71	1241.07
737.89	1234.93
738.07	1232.88
738.25	1253.36
738.43	1122.29
738.61	1150.96
738.80	1206.25
738.98	1214.45
739.16	1212.40
739.34	1142.77
739.52	1239.02
739.70	1130.48
739.88	1148.91
740.06	1208.30
740.24	1236.97
740.42	1179.63
740.60	1105.90
740.78	1167.34
740.96	1189.87
741.14	1185.77
741.32	1200.11
741.50	1171.44
741.68	1204.21
741.86	1179.63
742.04	1191.92
742.22	1236.97
742.40	1189.87
742.58	1159.15
742.76	1218.54
742.94	1161.20
743.12	1187.82
743.30	1124.33
743.48	1161.20
743.66	1163.25
743.84	1159.15
744.02	1198.06
744.20	1177.58
744.38	1202.16
744.56	1134.57
744.74	1069.04
744.92	1179.63
745.10	1198.06
745.28	1181.68
745.46	1095.66
745.64	1181.68
745.82	1134.57
746.00	1148.91
746.18	1183.73
746.36	1153.01
746.54	1175.53
746.72	1189.87
746.90	1259.50
747.08	1124.33
747.26	1136.62
747.44	1226.73
747.62	1136.62
747.80	1236.97
747.98	1210.35
748.15	1167.34
748.33	1226.73
748.51	1118.19
748.69	1146.86
748.87	1189.87
749.05	1161.20
749.23	1212.40
749.41	1187.82
749.59	1218.54
749.77	1120.24
749.95	1136.62
750.13	1204.21
750.31	1173.49
750.49	1159.15
750.67	1198.06
750.85	1134.57
751.03	1148.91
751.20	1165.29
751.38	1226.73
751.56	1239.02
751.74	1267.69
751.92	1288.17
752.10	1122.29
752.28	1146.86
752.46	1148.91
752.64	1241.07
752.82	1224.69
753.00	1163.25
753.18	1218.54
753.35	1136.62
753.53	1181.68
753.71	1157.10
753.89	1167.34
754.07	1165.29
754.25	1148.91
754.43	1173.49
754.61	1171.44
754.79	1161.20
754.97	1187.82
755.14	1161.20
755.32	1196.01
755.50	1136.62
755.68	1185.77
755.86	1185.77
756.04	1245.16
756.22	1140.72
756.40	1161.20
756.57	1161.20
756.75	1249.26
756.93	1212.40
757.11	1196.01
757.29	1222.64
757.47	1132.53
757.65	1095.66
757.82	1099.76
758.00	1222.64
758.18	1200.11
758.36	1191.92
758.54	1183.73
758.72	1155.05
758.90	1132.53
759.07	1163.25
759.25	1161.20
759.43	1122.29
759.61	1140.72
759.79	1181.68
759.97	1173.49
760.15	1118.19
760.32	1118.19
760.50	1220.59
760.68	1212.40
760.86	1140.72
761.04	1206.25
761.22	1210.35
761.39	1173.49
761.57	1159.15
761.75	1183.73
761.93	1155.05
762.11	1146.86
762.28	1179.63
762.46	1169.39
762.64	1126.38
762.82	1150.96
763.00	1138.67
763.18	1134.57
763.35	1247.21
763.53	1167.34
763.71	1191.92
763.89	1226.73
764.07	1204.21
764.24	1101.81
764.42	1202.16
764.60	1204.21
764.78	1157.10
764.96	1196.01
765.13	1136.62
765.31	1226.73
765.49	1198.06
765.67	1167.34
765.84	1189.87
766.02	1243.12
766.20	1146.86
766.38	1169.39
766.56	1159.15
766.73	1142.77
766.91	1273.84
767.09	1142.77
767.27	1161.20
767.44	1163.25
767.62	1183.73
767.80	1097.71
767.98	1167.34
768.15	1157.10
768.33	1208.30
768.51	1234.93
768.69	1208.30
768.87	1181.68
769.04	1187.82
769.22	1196.01
769.40	1212.40
769.58	1181.68
769.75	1191.92
769.93	1202.16
770.11	1200.11
770.28	1196.01
770.46	1183.73
770.64	1116.14
770.82	1159.15
770.99	1159.15
771.17	1159.15
771.35	1183.73
771.53	1124.33
771.70	1142.77
771.88	1146.86
772.06	1167.34
772.23	1175.53
772.41	1185.77
772.59	1204.21
772.77	1224.69
772.94	1161.20
773.12	1177.58
773.30	1157.10
773.47	1230.83
773.65	1175.53
773.83	1198.06
774.01	1208.30
774.18	1183.73
774.36	1138.67
774.54	1277.93
774.71	1110.00
774.89	1148.91
775.07	1183.73
775.24	1187.82
775.42	1142.77
775.60	1179.63
775.78	1243.12
775.95	1218.54
776.13	1132.53
776.31	1187.82
776.48	1257.45
776.66	1171.44
776.84	1157.10
777.01	1173.49
777.19	1148.91
777.37	1148.91
777.54	1191.92
777.72	1165.29
777.90	1159.15
778.07	1191.92
778.25	1140.72
778.43	1126.38
778.60	1155.05
778.78	1181.68
778.96	1210.35
779.13	1146.86
779.31	1128.43
779.49	1173.49
779.66	1132.53
779.84	1210.35
780.01	1210.35
780.19	1146.86
780.37	1189.87
780.54	1146.86
780.72	1142.77
780.90	1189.87
781.07	1155.05
781.25	1169.39
781.43	1167.34
781.60	1153.01
781.78	1122.29
781.95	1167.34
782.13	1208.30
782.31	1236.97
782.48	1120.24
782.66	1208.30
782.83	1132.53
783.01	1083.38
783.19	1099.76
783.36	1185.77
783.54	1189.87
783.72	1159.15
783.89	1245.16
784.07	1200.11
784.24	1161.20
784.42	1157.10
784.60	1236.97
784.77	1128.43
784.95	1165.29
785.12	1198.06
785.30	1198.06
785.47	1191.92
785.65	1173.49
785.83	1247.21
786.00	1144.81
786.18	1134.57
786.35	1073.14
786.53	1212.40
786.71	1191.92
786.88	1234.93
787.06	1107.95
787.23	1179.63
787.41	1179.63
787.58	1142.77
787.76	1216.49
787.94	1196.01
788.11	1183.73
788.29	1210.35
788.46	1189.87
788.64	1140.72
788.81	1236.97
788.99	1140.72
789.16	1138.67
789.34	1142.77
789.52	1175.53
789.69	1243.12
789.87	1230.83
790.04	1175.53
790.22	1138.67
790.39	1134.57
790.57	1148.91
790.74	1134.57
790.92	1146.86
791.09	1064.94
791.27	1132.53
791.44	1204.21
791.62	1206.25
791.79	1150.96
791.97	1132.53
792.15	1169.39
792.32	1132.53
792.50	1173.49
792.67	1071.09
792.85	1183.73
793.02	1214.45
793.20	1126.38
793.37	1196.01
793.55	1175.53
793.72	1177.58
793.90	1212.40
794.07	1204.21
794.25	1183.73
794.42	1132.53
794.60	1200.11
794.77	1130.48
794.95	1261.55
795.12	1232.88
795.30	1165.29
795.47	1206.25
795.65	1216.49
795.82	1142.77
796.00	1212.40
796.17	1167.34
796.34	1179.63
796.52	1173.49
796.69	1134.57
796.87	1138.67
797.04	1136.62
797.22	1101.81
797.39	1271.79
797.57	1226.73
797.74	1200.11
797.92	1224.69
798.09	1144.81
798.27	1200.11
798.44	1185.77
798.62	1167.34
798.79	1112.05
798.96	1150.96
799.14	1171.44
799.31	1200.11
799.49	1165.29
799.66	1146.86
799.84	1167.34
800.01	1191.92
800.19	1224.69
800.36	1148.91
800.53	1206.25
800.71	1136.62
800.88	1177.58
801.06	1132.53
801.23	1175.53
801.41	1138.67
801.58	1165.29
801.75	1114.10
801.93	1159.15
802.10	1226.73
802.28	1181.68
802.45	1140.72
802.63	1224.69
802.80	1222.64
802.97	1159.15
803.15	1138.67
803.32	1208.30
803.50	1243.12
803.67	1148.91
803.84	1222.64
804.02	1142.77
804.19	1107.95
804.37	1167.34
804.54	1191.92
804.71	1148.91
804.89	1193.97
805.06	1124.33
805.24	1236.97
805.41	1220.59
805.58	1134.57
805.76	1167.34
805.93	1132.53
806.10	1169.39
806.28	1181.68
806.45	1122.29
806.63	1179.63
806.80	1167.34
806.97	1218.54
807.15	1153.01
807.32	1069.04
807.49	1232.88
807.67	1167.34
807.84	1198.06
808.01	1153.01
808.19	1181.68
808.36	1198.06
808.54	1165.29
808.71	1146.86
808.88	1241.07
809.06	1214.45
809.23	1191.92
809.40	1142.77
809.58	1146.86
809.75	1146.86
809.92	1148.91
810.10	1179.63
810.27	1193.97
810.44	1243.12
810.62	1142.77
810.79	1191.92
810.96	1169.39
811.14	1148.91
811.31	1142.77
811.48	1206.25
811.66	1255.40
811.83	1169.39
812.00	1236.97
812.18	1142.77
812.35	1224.69
812.52	1138.67
812.69	1114.10
812.87	1130.48
813.04	1148.91
813.21	1171.44
813.39	1120.24
813.56	1214.45
813.73	1173.49
813.91	1140.72
814.08	1191.92
814.25	1177.58
814.42	1204.21
814.60	1216.49
814.77	1116.14
814.94	1110.00
815.12	1130.48
815.29	1202.16
815.46	1142.77
815.63	1204.21
815.81	1216.49
815.98	1249.26
816.15	1251.31
816.33	1112.05
816.50	1181.68
816.67	1163.25
816.84	1198.06
817.02	1163.25
817.19	1163.25
817.36	1142.77
817.53	1091.57
817.71	1175.53
817.88	1275.88
818.05	1155.05
818.22	1196.01
818.40	1116.14
818.57	1118.19
818.74	1165.29
818.91	1177.58
819.09	1177.58
819.26	1161.20
819.43	1150.96
819.60	1234.93
819.78	1214.45
819.95	1163.25
820.12	1130.48
820.29	1191.92
820.47	1171.44
820.64	1196.01
820.81	1157.10
820.98	1171.44
821.15	1099.76
821.33	1077.23
821.50	1226.73
821.67	1247.21
821.84	1136.62
822.02	1173.49
822.19	1144.81
822.36	1116.14
822.53	1181.68
822.70	1234.93
822.88	1155.05
823.05	1183.73
823.22	1165.29
823.39	1196.01
823.56	1144.81
823.74	1200.11
823.91	1130.48
824.08	1175.53
824.25	1173.49
824.42	1183.73
824.60	1136.62
824.77	1183.73
824.94	1128.43
825.11	1187.82
825.28	1159.15
825.45	1173.49
825.63	1212.40
825.80	1175.53
825.97	1255.40
826.14	1157.10
826.31	1185.77
826.48	1208.30
826.66	1175.53
826.83	1206.25
827.00	1107.95
827.17	1155.05
827.34	1122.29
827.51	1153.01
827.69	1150.96
827.86	1193.97
828.03	1171.44
828.20	1185.77
828.37	1234.93
828.54	1200.11
828.71	1216.49
828.89	1175.53
829.06	1200.11
829.23	1134.57
829.40	1091.57
829.57	1279.98
829.74	1146.86
829.91	1234.93
830.09	1214.45
830.26	1241.07
830.43	1187.82
830.60	1165.29
830.77	1210.35
830.94	1148.91
831.11	1155.05
831.28	1150.96
831.46	1138.67
831.63	1105.90
831.80	1212.40
831.97	1200.11
832.14	1148.91
832.31	1075.18
832.48	1206.25
832.65	1159.15
832.82	1202.16
832.99	1130.48
833.17	1224.69
833.34	1191.92
833.51	1134.57
833.68	1103.86
833.85	1132.53
834.02	1142.77
834.19	1144.81
834.36	1181.68
834.53	1214.45
834.70	1124.33
834.87	1210.35
835.04	1146.86
835.22	1200.11
835.39	1167.34
835.56	1167.34
835.73	1198.06
835.90	1218.54
836.07	1245.16
836.24	1175.53
836.41	1206.25
836.58	1157.10
836.75	1214.45
836.92	1187.82
837.09	1189.87
837.26	1218.54
837.43	1193.97
837.60	1193.97
837.77	1200.11
837.94	1239.02
838.12	1163.25
838.29	1153.01
838.46	1150.96
838.63	1157.10
838.80	1173.49
838.97	1114.10
839.14	1130.48
839.31	1163.25
839.48	1187.82
839.65	1191.92
839.82	1226.73
839.99	1144.81
840.16	1175.53
840.33	1155.05
840.50	1169.39
840.67	1124.33
840.84	1239.02
841.01	1241.07
841.18	1089.52
841.35	1132.53
841.52	1200.11
841.69	1196.01
841.86	1161.20
842.03	1120.24
842.20	1191.92
842.37	1171.44
842.54	1138.67
842.71	1224.69
842.88	1173.49
843.05	1146.86
843.22	1179.63
843.39	1187.82
843.56	1136.62
843.73	1224.69
843.90	1105.90
844.07	1124.33
844.24	1196.01
844.41	1120.24
844.58	1142.77
844.75	1126.38
844.92	1159.15
845.09	1122.29
845.26	1282.03
845.43	1150.96
845.60	1146.86
845.77	1114.10
845.94	1200.11
846.10	1153.01
846.27	1161.20
846.44	1179.63
846.61	1155.05
846.78	1175.53
846.95	1157.10
847.12	1224.69
847.29	1140.72
847.46	1146.86
847.63	1224.69
847.80	1175.53
847.97	1130.48
848.14	1200.11
848.31	1232.88
848.48	1218.54
848.65	1210.35
848.82	1185.77
848.98	1200.11
849.15	1200.11
849.32	1198.06
849.49	1177.58
849.66	1177.58
849.83	1167.34
850.00	1148.91
850.17	1218.54
850.34	1228.78
850.51	1124.33
850.68	1202.16
850.85	1222.64
851.01	1110.00
851.18	1050.61
851.35	1232.88
851.52	1122.29
851.69	1196.01
851.86	1144.81
852.03	1259.50
852.20	1157.10
852.37	1216.49
852.53	1155.05
852.70	1208.30
852.87	1134.57
853.04	1167.34
853.21	1171.44
853.38	1183.73
853.55	1101.81
853.72	1122.29
853.89	1144.81
854.05	1232.88
854.22	1167.34
854.39	1222.64
854.56	1181.68
854.73	1161.20
854.90	1157.10
855.07	1210.35
855.23	1142.77
855.40	1253.36
855.57	1144.81
855.74	1181.68
855.91	1118.19
856.08	1173.49
856.25	1189.87
856.41	1208.30
856.58	1179.63
856.75	1155.05
856.92	1245.16
857.09	1159.15
857.26	1148.91
857.42	1210.35
857.59	1148.91
857.76	1159.15
857.93	1236.97
858.10	1261.55
858.27	1130.48
858.43	1183.73
858.60	1183.73
858.77	1208.30
858.94	1118.19
859.11	1105.90
859.27	1234.93
859.44	1183.73
859.61	1189.87
859.78	1198.06
859.95	1146.86
860.12	1189.87
860.28	1191.92
860.45	1130.48
860.62	1181.68
860.79	1120.24
860.95	1144.81
861.12	1175.53
861.29	1140.72
861.46	1181.68
861.63	1251.31
861.79	1157.10
861.96	1214.45
862.13	1222.64
862.30	1134.57
862.47	1187.82
862.63	1191.92
862.80	1177.58
862.97	1218.54
863.14	1157.10
863.30	1148.91
863.47	1239.02
863.64	1179.63
863.81	1214.45
863.97	1122.29
864.14	1126.38
864.31	1148.91
864.48	1208.30
864.65	1171.44
864.81	1200.11
864.98	1214.45
865.15	1189.87
865.32	1259.50
865.48	1259.50
865.65	1202.16
865.82	1140.72
865.98	1224.69
866.15	1220.59
866.32	1175.53
866.49	1212.40
866.65	1212.40
866.82	1136.62
866.99	1155.05
867.16	1198.06
867.32	1153.01
867.49	1161.20
867.66	1114.10
867.83	1140.72
867.99	1134.57
868.16	1138.67
868.33	1179.63
868.49	1187.82
868.66	1228.78
868.83	1159.15
868.99	1189.87
869.16	1136.62
869.33	1175.53
869.50	1204.21
869.66	1132.53
869.83	1183.73
870.00	1187.82
870.16	1165.29
870.33	1161.20
870.50	1204.21
870.66	1169.39
870.83	1146.86
871.00	1208.30
871.17	1208.30
871.33	1169.39
871.50	1241.07
871.67	1171.44
871.83	1173.49
872.00	1120.24
872.17	1210.35
872.33	1118.19
872.50	1171.44
872.67	1191.92
872.83	1212.40
873.00	1189.87
873.17	1236.97
873.33	1171.44
873.50	1185.77
873.67	1212.40
873.83	1173.49
874.00	1193.97
874.16	1146.86
874.33	1179.63
874.50	1189.87
874.66	1181.68
874.83	1136.62
875.00	1140.72
875.16	1150.96
875.33	1157.10
875.50	1173.49
875.66	1146.86
875.83	1216.49
875.99	1155.05
876.16	1118.19
876.33	1157.10
876.49	1212.40
876.66	1247.21
876.83	1165.29
876.99	1198.06
877.16	1212.40
877.32	1177.58
877.49	1085.42
877.66	1181.68
877.82	1165.29
877.99	1239.02
878.15	1105.90
878.32	1214.45
878.49	1191.92
878.65	1181.68
878.82	1220.59
878.98	1179.63
879.15	1075.18
879.32	1122.29
879.48	1148.91
879.65	1165.29
879.81	1150.96
879.98	1198.06
880.15	1218.54
880.31	1220.59
880.48	1177.58
880.64	1177.58
880.81	1185.77
880.97	1181.68
881.14	1200.11
881.31	1124.33
881.47	1157.10
881.64	1148.91
881.80	1157.10
881.97	1122.29
882.13	1091.57
882.30	1204.21
882.47	1150.96
882.63	1204.21
882.80	1179.63
882.96	1230.83
883.13	1198.06
883.29	1157.10
883.46	1157.10
883.62	1171.44
883.79	1210.35
883.95	1157.10
884.12	1165.29
884.29	1175.53
884.45	1118.19
884.62	1175.53
884.78	1185.77
884.95	1181.68
885.11	1198.06
885.28	1153.01
885.44	1198.06
885.61	1122.29
885.77	1144.81
885.94	1155.05
886.10	1126.38
886.27	1214.45
886.43	1179.63
886.60	1140.72
886.76	1150.96
886.93	1196.01
887.09	1230.83
887.26	1167.34
887.42	1200.11
887.59	1179.63
887.75	1189.87
887.92	1157.10
888.08	1220.59
888.25	1130.48
888.41	1150.96
888.58	1220.59
888.74	1181.68
888.91	1110.00
