177.47	1177.58
177.69	1177.58
177.91	1177.58
178.13	1077.23
178.36	1167.34
178.58	1153.01
178.80	1155.05
179.02	1114.10
179.24	1128.43
179.46	1171.44
179.68	1169.39
179.90	1230.83
180.13	1142.77
180.35	1216.49
180.57	1134.57
180.79	1200.11
181.01	1191.92
181.23	1165.29
181.45	1200.11
181.67	1163.25
181.90	1179.63
182.12	1206.25
182.34	1179.63
182.56	1212.40
182.78	1196.01
183.00	1191.92
183.22	1165.29
183.44	1140.72
183.66	1134.57
183.89	1140.72
184.11	1161.20
184.33	1167.34
184.55	1177.58
184.77	1169.39
184.99	1155.05
185.21	1101.81
185.43	1200.11
185.65	1220.59
185.87	1142.77
186.10	1101.81
186.32	1157.10
186.54	1181.68
186.76	1183.73
186.98	1189.87
187.20	1236.97
187.42	1153.01
187.64	1234.93
187.86	1132.53
188.08	1175.53
188.30	1155.05
188.52	1171.44
188.75	1132.53
188.97	1236.97
189.19	1148.91
189.41	1193.97
189.63	1183.73
189.85	1218.54
190.07	1101.81
190.29	1200.11
190.51	1148.91
190.73	1134.57
190.95	1142.77
191.17	1210.35
191.39	1187.82
191.61	1241.07
191.84	1210.35
192.06	1191.92
192.28	1116.14
192.50	1169.39
192.72	1171.44
192.94	1263.60
193.16	1142.77
193.38	1179.63
193.60	1171.44
193.82	1220.59
194.04	1134.57
194.26	1167.34
194.48	1163.25
194.70	1177.58
194.92	1142.77
195.14	1210.35
195.36	1189.87
195.58	1204.21
195.80	1103.86
196.02	1191.92
196.24	1239.02
196.46	1085.42
196.69	1146.86
196.91	1126.38
197.13	1220.59
197.35	1105.90
197.57	1118.19
197.79	1198.06
198.01	1118.19
198.23	1269.74
198.45	1173.49
198.67	1140.72
198.89	1171.44
199.11	1071.09
199.33	1140.72
199.55	1157.10
199.77	1138.67
199.99	1173.49
200.21	1142.77
200.43	1239.02
200.65	1171.44
200.87	1177.58
201.09	1191.92
201.31	1185.77
201.53	1144.81
201.75	1167.34
201.97	1191.92
202.19	1163.25
202.41	1159.15
202.63	1144.81
202.85	1198.06
203.07	1208.30
203.29	1224.69
203.51	1175.53
203.73	1202.16
203.95	1153.01
204.17	1120.24
204.39	1169.39
204.61	1200.11
204.83	1120.24
205.05	1150.96
205.27	1177.58
205.49	1189.87
205.71	1132.53
205.93	1150.96
206.15	1179.63
206.37	1138.67
206.59	1175.53
206.81	1224.69
207.03	1165.29
207.25	1155.05
207.47	1183.73
207.69	1171.44
207.91	1193.97
208.13	1210.35
208.34	1161.20
208.56	1187.82
208.78	1157.10
209.00	1138.67
209.22	1173.49
209.44	1097.71
209.66	1222.64
209.88	1204.21
210.10	1105.90
210.32	1183.73
210.54	1159.15
210.76	1081.33
210.98	1167.34
211.20	1159.15
211.42	1163.25
211.64	1157.10
211.86	1173.49
212.08	1179.63
212.30	1077.23
212.52	1216.49
212.74	1159.15
212.96	1171.44
213.17	1206.25
213.39	1214.45
213.61	1173.49
213.83	1173.49
214.05	1163.25
214.27	1251.31
214.49	1191.92
214.71	1216.49
214.93	1173.49
215.15	1185.77
215.37	1187.82
215.59	1120.24
215.81	1236.97
216.03	1163.25
216.24	1144.81
216.46	1136.62
216.68	1175.53
216.90	1212.40
217.12	1132.53
217.34	1120.24
217.56	1222.64
217.78	1222.64
218.00	1173.49
218.22	1153.01
218.44	1161.20
218.66	1191.92
218.87	1114.10
219.09	1218.54
219.31	1165.29
219.53	1167.34
219.75	1177.58
219.97	1146.86
220.19	1161.20
220.41	1112.05
220.63	1198.06
220.85	1181.68
221.06	1116.14
221.28	1171.44
221.50	1189.87
221.72	1140.72
221.94	1228.78
222.16	1173.49
222.38	1212.40
222.60	1200.11
222.82	1175.53
223.03	1167.34
223.25	1185.77
223.47	1112.05
223.69	1249.26
223.91	1159.15
224.13	1191.92
224.35	1183.73
224.57	1191.92
224.78	1249.26
225.00	1140.72
225.22	1179.63
225.44	1196.01
225.66	1196.01
225.88	1114.10
226.10	1173.49
226.32	1155.05
226.53	1183.73
226.75	1136.62
226.97	1183.73
227.19	1105.90
227.41	1144.81
227.63	1220.59
227.85	1103.86
228.06	1222.64
228.28	1189.87
228.50	1208.30
228.72	1163.25
228.94	1167.34
229.16	1153.01
229.37	1150.96
229.59	1161.20
229.81	1181.68
230.03	1036.27
230.25	1218.54
230.47	1146.86
230.69	1179.63
230.90	1271.79
231.12	1198.06
231.34	1124.33
231.56	1148.91
231.78	1216.49
232.00	1126.38
232.21	1214.45
232.43	1191.92
232.65	1167.34
232.87	1150.96
233.09	1185.77
233.30	1243.12
233.52	1144.81
233.74	1161.20
233.96	1159.15
234.18	1202.16
234.40	1118.19
234.61	1124.33
234.83	1140.72
235.05	1089.52
235.27	1185.77
235.49	1171.44
235.70	1159.15
235.92	1103.86
236.14	1288.17
236.36	1163.25
236.58	1163.25
236.79	1140.72
237.01	1171.44
237.23	1204.21
237.45	1183.73
237.67	1150.96
237.88	1042.42
238.10	1216.49
238.32	1107.95
238.54	1171.44
238.76	1200.11
238.97	1271.79
239.19	1185.77
239.41	1181.68
239.63	1132.53
239.85	1181.68
240.06	1142.77
240.28	1224.69
240.50	1187.82
240.72	1222.64
240.93	1191.92
241.15	1175.53
241.37	1218.54
241.59	1187.82
241.81	1224.69
242.02	1191.92
242.24	1064.94
242.46	1206.25
242.68	1179.63
242.89	1214.45
243.11	1179.63
243.33	1187.82
243.55	1206.25
243.76	1179.63
243.98	1079.28
244.20	1161.20
244.42	1122.29
244.64	1124.33
244.85	1202.16
245.07	1134.57
245.29	1224.69
245.51	1128.43
245.72	1179.63
245.94	1153.01
246.16	1175.53
246.38	1165.29
246.59	1185.77
246.81	1161.20
247.03	1153.01
247.24	1155.05
247.46	1173.49
247.68	1167.34
247.90	1103.86
248.11	1198.06
248.33	1208.30
248.55	1148.91
248.77	1220.59
248.98	1230.83
249.20	1011.70
249.42	1122.29
249.64	1146.86
249.85	1159.15
250.07	1175.53
250.29	1230.83
250.50	1187.82
250.72	1193.97
250.94	1173.49
251.16	1236.97
251.37	1153.01
251.59	1161.20
251.81	1171.44
252.02	1181.68
252.24	1187.82
252.46	1173.49
252.68	1140.72
252.89	1142.77
253.11	1157.10
253.33	1136.62
253.54	1202.16
253.76	1175.53
253.98	1187.82
254.20	1202.16
254.41	1165.29
254.63	1220.59
254.85	1107.95
255.06	1148.91
255.28	1257.45
255.50	1140.72
255.71	1138.67
255.93	1200.11
256.15	1159.15
256.36	1185.77
256.58	1177.58
256.80	1165.29
257.02	1265.64
257.23	1161.20
257.45	1085.42
257.67	1177.58
257.88	1179.63
258.10	1216.49
258.32	1206.25
258.53	1146.86
258.75	1144.81
258.97	1185.77
259.18	1122.29
259.40	1230.83
259.62	1173.49
259.83	1146.86
260.05	1183.73
260.27	1204.21
260.48	1200.11
260.70	1116.14
260.92	1134.57
261.13	1144.81
261.35	1165.29
261.57	1202.16
261.78	1142.77
262.00	1193.97
262.22	1179.63
262.43	1120.24
262.65	1230.83
262.86	1187.82
263.08	1093.62
263.30	1216.49
263.51	1142.77
263.73	1191.92
263.95	1202.16
264.16	1112.05
264.38	1226.73
264.60	1134.57
264.81	1165.29
265.03	1196.01
265.25	1224.69
265.46	1165.29
265.68	1163.25
265.89	1153.01
266.11	1150.96
266.33	1185.77
266.54	1150.96
266.76	1191.92
266.98	1103.86
267.19	1148.91
267.41	1144.81
267.62	1230.83
267.84	1163.25
268.06	1185.77
268.27	1202.16
268.49	1204.21
268.70	1148.91
268.92	1126.38
269.14	1206.25
269.35	1181.68
269.57	1138.67
269.79	1153.01
270.00	1132.53
270.22	1181.68
270.43	1140.72
270.65	1234.93
270.87	1095.66
271.08	1200.11
271.30	1130.48
271.51	1218.54
271.73	1136.62
271.95	1167.34
272.16	1191.92
272.38	1138.67
272.59	1089.52
272.81	1263.60
273.02	1196.01
273.24	1116.14
273.46	1167.34
273.67	1224.69
273.89	1179.63
274.10	1150.96
274.32	1200.11
274.54	1208.30
274.75	1165.29
274.97	1212.40
275.18	1146.86
275.40	1153.01
275.61	1148.91
275.83	1159.15
276.05	1132.53
276.26	1134.57
276.48	1200.11
276.69	1179.63
276.91	1150.96
277.12	1138.67
277.34	1097.71
277.55	1214.45
277.77	1175.53
277.99	1173.49
278.20	1193.97
278.42	1142.77
278.63	1169.39
278.85	1253.36
279.06	1189.87
279.28	1175.53
279.49	1077.23
279.71	1150.96
279.93	1208.30
280.14	1200.11
280.36	1206.25
280.57	1200.11
280.79	1173.49
281.00	1105.90
281.22	1171.44
281.43	1110.00
281.65	1249.26
281.86	1189.87
282.08	1196.01
282.29	1173.49
282.51	1191.92
282.73	1198.06
282.94	1159.15
283.16	1208.30
283.37	1144.81
283.59	1159.15
283.80	1146.86
284.02	1146.86
284.23	1204.21
284.45	1130.48
284.66	1157.10
284.88	1175.53
285.09	1202.16
285.31	1202.16
285.52	1245.16
285.74	1200.11
285.95	1157.10
286.17	1208.30
286.38	1220.59
286.60	1081.33
286.81	1157.10
287.03	1124.33
287.24	1220.59
287.46	1140.72
287.67	1167.34
287.89	1208.30
288.10	1167.34
288.32	1157.10
288.53	1196.01
288.75	1187.82
288.96	1173.49
289.18	1191.92
289.39	1247.21
289.61	1140.72
289.82	1214.45
290.04	1144.81
290.25	1144.81
290.47	1196.01
290.68	1179.63
290.90	1167.34
291.11	1103.86
291.33	1200.11
291.54	1124.33
291.76	1187.82
291.97	1144.81
292.18	1187.82
292.40	1185.77
292.61	1167.34
292.83	1200.11
293.04	1196.01
293.26	1142.77
293.47	1181.68
293.69	1093.62
293.90	1189.87
294.12	1185.77
294.33	1144.81
294.55	1202.16
294.76	1179.63
294.97	1206.25
295.19	1146.86
295.40	1222.64
295.62	1165.29
295.83	1142.77
296.05	1116.14
296.26	1187.82
296.48	1175.53
296.69	1099.76
296.90	1224.69
297.12	1181.68
297.33	1185.77
297.55	1148.91
297.76	1228.78
297.98	1153.01
298.19	1144.81
298.41	1173.49
298.62	1140.72
298.83	1218.54
299.05	1134.57
299.26	1112.05
299.48	1191.92
299.69	1245.16
299.90	1183.73
300.12	1196.01
300.33	1191.92
300.55	1089.52
300.76	1175.53
300.98	1138.67
301.19	1290.22
301.40	1202.16
301.62	1196.01
301.83	1081.33
302.05	1206.25
302.26	1179.63
302.47	1220.59
302.69	1179.63
302.90	1124.33
303.12	1144.81
303.33	1177.58
303.54	1241.07
303.76	1163.25
303.97	1163.25
304.19	1181.68
304.40	1177.58
304.61	1163.25
304.83	1228.78
305.04	1200.11
305.26	1126.38
305.47	1206.25
305.68	1247.21
305.90	1187.82
306.11	1177.58
306.33	1150.96
306.54	1157.10
306.75	1163.25
306.97	1161.20
307.18	1198.06
307.39	1142.77
307.61	1157.10
307.82	1144.81
308.04	1173.49
308.25	1191.92
308.46	1236.97
308.68	1165.29
308.89	1155.05
309.10	1181.68
309.32	1155.05
309.53	1155.05
309.74	1159.15
309.96	1122.29
310.17	1212.40
310.39	1167.34
310.60	1253.36
310.81	1175.53
311.03	1224.69
311.24	1191.92
311.45	1187.82
311.67	1136.62
311.88	1177.58
312.09	1224.69
312.31	1130.48
312.52	1134.57
312.73	1271.79
312.95	1208.30
313.16	1105.90
313.37	1130.48
313.59	1138.67
313.80	1196.01
314.01	1189.87
314.23	1153.01
314.44	1173.49
314.65	1173.49
314.87	1224.69
315.08	1193.97
315.29	1216.49
315.51	1097.71
315.72	1173.49
315.93	1179.63
316.15	1150.96
316.36	1200.11
316.57	1153.01
316.79	1198.06
317.00	1159.15
317.21	1236.97
317.43	1185.77
317.64	1159.15
317.85	1198.06
318.07	1191.92
318.28	1148.91
318.49	1075.18
318.70	1214.45
318.92	1159.15
319.13	1150.96
319.34	1208.30
319.56	1132.53
319.77	1146.86
319.98	1175.53
320.20	1144.81
320.41	1146.86
320.62	1185.77
320.83	1150.96
321.05	1101.81
321.26	1185.77
321.47	1185.77
321.69	1267.69
321.90	1204.21
322.11	1191.92
322.32	1165.29
322.54	1159.15
322.75	1138.67
322.96	1093.62
323.18	1163.25
323.39	1083.38
323.60	1220.59
323.81	1140.72
324.03	1116.14
324.24	1200.11
324.45	1146.86
324.66	1253.36
324.88	1142.77
325.09	1179.63
325.30	1218.54
325.52	1124.33
325.73	1105.90
325.94	1144.81
326.15	1163.25
326.37	1169.39
326.58	1155.05
326.79	1134.57
327.00	1249.26
327.22	1087.47
327.43	1198.06
327.64	1146.86
327.85	1200.11
328.07	1177.58
328.28	1179.63
328.49	1286.12
328.70	1245.16
328.92	1200.11
329.13	1140.72
329.34	1130.48
329.55	1204.21
329.76	1226.73
329.98	1216.49
330.19	1136.62
330.40	1136.62
330.61	1171.44
330.83	1218.54
331.04	1132.53
331.25	1171.44
331.46	1155.05
331.68	1130.48
331.89	1204.21
332.10	1167.34
332.31	1255.40
332.52	1122.29
332.74	1165.29
332.95	1163.25
333.16	1183.73
333.37	1140.72
333.58	1177.58
333.80	1187.82
334.01	1161.20
334.22	1101.81
334.43	1159.15
334.64	1165.29
334.86	1175.53
335.07	1167.34
335.28	1196.01
335.49	1159.15
335.70	1157.10
335.92	1150.96
336.13	1271.79
336.34	1171.44
336.55	1126.38
336.76	1157.10
336.98	1177.58
337.19	1243.12
337.40	1159.15
337.61	1216.49
337.82	1114.10
338.04	1124.33
338.25	1128.43
338.46	1142.77
338.67	1249.26
338.88	1196.01
339.09	1181.68
339.31	1202.16
339.52	1146.86
339.73	1118.19
339.94	1118.19
340.15	1189.87
340.36	1179.63
340.58	1216.49
340.79	1173.49
341.00	1093.62
341.21	1173.49
341.42	1183.73
341.63	1198.06
341.85	1155.05
342.06	1196.01
342.27	1171.44
342.48	1181.68
342.69	1177.58
342.90	1122.29
343.12	1099.76
343.33	1253.36
343.54	1124.33
343.75	1126.38
343.96	1183.73
344.17	1153.01
344.38	1179.63
344.60	1161.20
344.81	1144.81
345.02	1155.05
345.23	1118.19
345.44	1126.38
345.65	1167.34
345.86	1249.26
346.07	1169.39
346.29	1181.68
346.50	1134.57
346.71	1159.15
346.92	1169.39
347.13	1232.88
347.34	1138.67
347.55	1134.57
347.76	1103.86
347.98	1177.58
348.19	1200.11
348.40	1204.21
348.61	1200.11
348.82	1167.34
349.03	1169.39
349.24	1189.87
349.45	1103.86
349.66	1183.73
349.88	1144.81
350.09	1200.11
350.30	1159.15
350.51	1116.14
350.72	1171.44
350.93	1247.21
351.14	1107.95
351.35	1206.25
351.56	1185.77
351.77	1232.88
351.99	1124.33
352.20	1185.77
352.41	1153.01
352.62	1214.45
352.83	1187.82
353.04	1208.30
353.25	1198.06
353.46	1165.29
353.67	1175.53
353.88	1171.44
354.09	1191.92
354.30	1181.68
354.52	1136.62
354.73	1177.58
354.94	1173.49
355.15	1167.34
355.36	1142.77
355.57	1142.77
355.78	1230.83
355.99	1224.69
356.20	1189.87
356.41	1159.15
356.62	1236.97
356.83	1146.86
357.04	1196.01
357.25	1169.39
357.46	1144.81
357.68	1177.58
357.89	1187.82
358.10	1171.44
358.31	1185.77
358.52	1150.96
358.73	1099.76
358.94	1218.54
359.15	1118.19
359.36	1183.73
359.57	1120.24
359.78	1243.12
359.99	1120.24
360.20	1206.25
360.41	1165.29
360.62	1110.00
360.83	1142.77
361.04	1204.21
361.25	1179.63
361.46	1202.16
361.67	1124.33
361.88	1185.77
362.09	1204.21
362.30	1185.77
362.51	1173.49
362.72	1155.05
362.93	1142.77
363.14	1181.68
363.35	1208.30
363.56	1200.11
363.78	1183.73
363.99	1200.11
364.20	1103.86
364.41	1138.67
364.62	1247.21
364.83	1155.05
365.04	1179.63
365.25	1177.58
365.46	1150.96
365.67	1241.07
365.88	1101.81
366.09	1126.38
366.30	1228.78
366.51	1134.57
366.72	1153.01
366.93	1218.54
367.14	1171.44
367.35	1153.01
367.56	1134.57
367.77	1191.92
367.98	1130.48
368.18	1181.68
368.39	1116.14
368.60	1175.53
368.81	1134.57
369.02	1122.29
369.23	1189.87
369.44	1208.30
369.65	1097.71
369.86	1193.97
370.07	1165.29
370.28	1150.96
370.49	1224.69
370.70	1230.83
370.91	1191.92
371.12	1167.34
371.33	1146.86
371.54	1208.30
371.75	1112.05
371.96	1077.23
372.17	1216.49
372.38	1124.33
372.59	1130.48
372.80	1140.72
373.01	1091.57
373.22	1185.77
373.43	1253.36
373.64	1181.68
373.85	1222.64
374.06	1163.25
374.26	1165.29
374.47	1177.58
374.68	1169.39
374.89	1202.16
375.10	1105.90
375.31	1175.53
375.52	1148.91
375.73	1144.81
375.94	1183.73
376.15	1112.05
376.36	1175.53
376.57	1112.05
376.78	1138.67
376.99	1171.44
377.20	1159.15
377.40	1200.11
377.61	1134.57
377.82	1210.35
378.03	1161.20
378.24	1220.59
378.45	1155.05
378.66	1159.15
378.87	1200.11
379.08	1181.68
379.29	1112.05
379.50	1234.93
379.71	1196.01
379.91	1177.58
380.12	1146.86
380.33	1179.63
380.54	1185.77
380.75	1210.35
380.96	1144.81
381.17	1155.05
381.38	1175.53
381.59	1177.58
381.80	1177.58
382.00	1144.81
382.21	1118.19
382.42	1134.57
382.63	1159.15
382.84	1171.44
383.05	1150.96
383.26	1138.67
383.47	1085.42
383.68	1191.92
383.88	1134.57
384.09	1140.72
384.30	1222.64
384.51	1159.15
384.72	1177.58
384.93	1130.48
385.14	1193.97
385.35	1208.30
385.55	1179.63
385.76	1175.53
385.97	1132.53
386.18	1181.68
386.39	1181.68
386.60	1157.10
386.81	1179.63
387.02	1198.06
387.22	1200.11
387.43	1132.53
387.64	1187.82
387.85	1169.39
388.06	1161.20
388.27	1122.29
388.48	1245.16
388.68	1132.53
388.89	1142.77
389.10	1150.96
389.31	1148.91
389.52	1196.01
389.73	1208.30
389.93	1157.10
390.14	1142.77
390.35	1218.54
390.56	1159.15
390.77	1181.68
390.98	1220.59
391.18	1191.92
391.39	1169.39
391.60	1169.39
391.81	1130.48
392.02	1167.34
392.23	1177.58
392.43	1183.73
392.64	1130.48
392.85	1159.15
393.06	1200.11
393.27	1204.21
393.47	1181.68
393.68	1232.88
393.89	1136.62
394.10	1118.19
394.31	1169.39
394.52	1128.43
394.72	1167.34
394.93	1216.49
395.14	1269.74
395.35	1191.92
395.56	1146.86
395.76	1216.49
395.97	1220.59
396.18	1132.53
396.39	1241.07
396.60	1181.68
396.80	1083.38
397.01	1198.06
397.22	1144.81
397.43	1134.57
397.64	1181.68
397.84	1175.53
398.05	1155.05
398.26	1110.00
398.47	1142.77
398.67	1175.53
398.88	1177.58
399.09	1241.07
399.30	1187.82
399.51	1177.58
399.71	1122.29
399.92	1153.01
400.13	1181.68
400.34	1198.06
400.54	1173.49
400.75	1150.96
400.96	1032.18
401.17	1198.06
401.37	1169.39
401.58	1210.35
401.79	1179.63
402.00	1177.58
402.21	1159.15
402.41	1185.77
402.62	1181.68
402.83	1200.11
403.04	1124.33
403.24	1222.64
403.45	1157.10
403.66	1146.86
403.87	1204.21
404.07	1239.02
404.28	1185.77
404.49	1218.54
404.70	1269.74
404.90	1132.53
405.11	1167.34
405.32	1196.01
405.52	1155.05
405.73	1210.35
405.94	1165.29
406.15	1146.86
406.35	1118.19
406.56	1175.53
406.77	1181.68
406.98	1204.21
407.18	1183.73
407.39	1169.39
407.60	1150.96
407.80	1140.72
408.01	1218.54
408.22	1148.91
408.43	1155.05
408.63	1245.16
408.84	1224.69
409.05	1130.48
409.25	1200.11
409.46	1196.01
409.67	1101.81
409.88	1181.68
410.08	1183.73
410.29	1159.15
410.50	1169.39
410.70	1198.06
410.91	1159.15
411.12	1150.96
411.32	1150.96
411.53	1097.71
411.74	1200.11
411.95	1153.01
412.15	1214.45
412.36	1216.49
412.57	1159.15
412.77	1222.64
412.98	1204.21
413.19	1130.48
413.39	1198.06
413.60	1228.78
413.81	1124.33
414.01	1148.91
414.22	1163.25
414.43	1183.73
414.63	1153.01
414.84	1181.68
415.05	1132.53
415.25	1222.64
415.46	1126.38
415.67	1196.01
415.87	1105.90
416.08	1173.49
416.29	1163.25
416.49	1253.36
416.70	1224.69
416.91	1228.78
417.11	1163.25
417.32	1163.25
417.53	1216.49
417.73	1150.96
417.94	1224.69
418.15	1126.38
418.35	1148.91
418.56	1234.93
418.77	1110.00
418.97	1185.77
419.18	1169.39
419.38	1173.49
419.59	1146.86
419.80	1136.62
420.00	1140.72
420.21	1175.53
420.42	1112.05
420.62	1218.54
420.83	1185.77
421.04	1261.55
421.24	1185.77
421.45	1159.15
421.65	1146.86
421.86	1196.01
422.07	1218.54
422.27	1148.91
422.48	1187.82
422.69	1200.11
422.89	1150.96
423.10	1171.44
423.30	1232.88
423.51	1187.82
423.72	1134.57
423.92	1191.92
424.13	1163.25
424.33	1218.54
424.54	1142.77
424.75	1161.20
424.95	1167.34
425.16	1208.30
425.36	1136.62
425.57	1218.54
425.78	1136.62
425.98	1120.24
426.19	1191.92
426.39	1132.53
426.60	1191.92
426.81	1187.82
427.01	1157.10
427.22	1157.10
427.42	1099.76
427.63	1189.87
427.83	1153.01
428.04	1167.34
428.25	1146.86
428.45	1183.73
428.66	1155.05
428.86	1196.01
429.07	1128.43
429.28	1171.44
429.48	1167.34
429.69	1181.68
429.89	1232.88
430.10	1216.49
430.30	1167.34
430.51	1220.59
430.71	1193.97
430.92	1216.49
431.13	1132.53
431.33	1208.30
431.54	1251.31
431.74	1179.63
431.95	1122.29
432.15	1148.91
432.36	1163.25
432.56	1208.30
432.77	1241.07
432.98	1159.15
433.18	1146.86
433.39	1155.05
433.59	1161.20
433.80	1173.49
434.00	1155.05
434.21	1204.21
434.41	1191.92
434.62	1159.15
434.82	1210.35
435.03	1161.20
435.23	1116.14
435.44	1214.45
435.64	1081.33
435.85	1148.91
436.06	1155.05
436.26	1167.34
436.47	1112.05
436.67	1157.10
436.88	1120.24
437.08	1212.40
437.29	1216.49
437.49	1165.29
437.70	1171.44
437.90	1222.64
438.11	1208.30
438.31	1185.77
438.52	1171.44
438.72	1161.20
438.93	1232.88
439.13	1114.10
439.34	1198.06
439.54	1185.77
439.75	1163.25
439.95	1171.44
440.16	1232.88
440.36	1136.62
440.57	1159.15
440.77	1208.30
440.98	1163.25
441.18	1204.21
441.39	1093.62
441.59	1208.30
441.80	1157.10
442.00	1239.02
442.21	1085.42
442.41	1153.01
442.62	1224.69
442.82	1163.25
443.02	1132.53
443.23	1191.92
443.43	1218.54
443.64	1173.49
443.84	1193.97
444.05	1161.20
444.25	1218.54
444.46	1114.10
444.66	1107.95
444.87	1118.19
445.07	1087.47
445.28	1216.49
445.48	1150.96
445.69	1185.77
445.89	1206.25
446.09	1155.05
446.30	1122.29
446.50	1140.72
446.71	1140.72
446.91	1214.45
447.12	1259.50
447.32	1128.43
447.53	1187.82
447.73	1179.63
447.93	1255.40
448.14	1171.44
448.34	1222.64
448.55	1191.92
448.75	1179.63
448.96	1226.73
449.16	1232.88
449.36	1212.40
449.57	1171.44
449.77	1101.81
449.98	1212.40
450.18	1134.57
450.39	1202.16
450.59	1165.29
450.79	1175.53
451.00	1200.11
451.20	1171.44
451.41	1175.53
451.61	1191.92
451.81	1251.31
452.02	1193.97
452.22	1185.77
452.43	1136.62
452.63	1150.96
452.84	1210.35
453.04	1169.39
453.24	1175.53
453.45	1155.05
453.65	1093.62
453.86	1206.25
454.06	1150.96
454.26	1120.24
454.47	1183.73
454.67	1173.49
454.87	1153.01
455.08	1118.19
455.28	1179.63
455.49	1153.01
455.69	1175.53
455.89	1241.07
456.10	1124.33
456.30	1200.11
456.51	1191.92
456.71	1191.92
456.91	1183.73
457.12	1200.11
457.32	1239.02
457.52	1208.30
457.73	1163.25
457.93	1183.73
458.14	1161.20
458.34	1165.29
458.54	1224.69
458.75	1110.00
458.95	1153.01
459.15	1142.77
459.36	1052.66
459.56	1216.49
459.76	1140.72
459.97	1157.10
460.17	1161.20
460.37	1124.33
460.58	1189.87
460.78	1179.63
460.99	1144.81
461.19	1124.33
461.39	1146.86
461.60	1198.06
461.80	1132.53
462.00	1224.69
462.21	1163.25
462.41	1200.11
462.61	1171.44
462.82	1150.96
463.02	1157.10
463.22	1114.10
463.43	1159.15
463.63	1218.54
463.83	1124.33
464.04	1114.10
464.24	1126.38
464.44	1200.11
464.64	1116.14
464.85	1193.97
465.05	1189.87
465.25	1171.44
465.46	1208.30
465.66	1120.24
465.86	1150.96
466.07	1175.53
466.27	1112.05
466.47	1189.87
466.68	1153.01
466.88	1159.15
467.08	1196.01
467.29	1228.78
467.49	1134.57
467.69	1175.53
467.89	1218.54
468.10	1234.93
468.30	1167.34
468.50	1253.36
468.71	1144.81
468.91	1173.49
469.11	1171.44
469.31	1177.58
469.52	1187.82
469.72	1249.26
469.92	1183.73
470.13	1103.86
470.33	1167.34
470.53	1198.06
470.73	1216.49
470.94	1183.73
471.14	1202.16
471.34	1224.69
471.54	1181.68
471.75	1110.00
471.95	1243.12
472.15	1181.68
472.36	1212.40
472.56	1181.68
472.76	1173.49
472.96	1183.73
473.17	1212.40
473.37	1171.44
473.57	1146.86
473.77	1159.15
473.98	1155.05
474.18	1128.43
474.38	1150.96
474.58	1134.57
474.79	1206.25
474.99	1187.82
475.19	1220.59
475.39	1255.40
475.60	1169.39
475.80	1132.53
476.00	1087.47
476.20	1183.73
476.41	1146.86
476.61	1175.53
476.81	1167.34
477.01	1249.26
477.21	1159.15
477.42	1167.34
477.62	1179.63
477.82	1234.93
478.02	1226.73
478.23	1142.77
478.43	1169.39
478.63	1122.29
478.83	1159.15
479.03	1142.77
479.24	1169.39
479.44	1208.30
479.64	1122.29
479.84	1216.49
480.04	1093.62
480.25	1198.06
480.45	1200.11
480.65	1193.97
480.85	1136.62
481.06	1159.15
481.26	1198.06
481.46	1218.54
481.66	1191.92
481.86	1116.14
482.06	1163.25
482.27	1241.07
482.47	1226.73
482.67	1204.21
482.87	1099.76
483.07	1214.45
483.28	1275.88
483.48	1191.92
483.68	1208.30
483.88	1134.57
484.08	1167.34
484.29	1175.53
484.49	1224.69
484.69	1218.54
484.89	1167.34
485.09	1230.83
485.29	1206.25
485.50	1163.25
485.70	1187.82
485.90	1159.15
486.10	1198.06
486.30	1171.44
486.50	1112.05
486.71	1159.15
486.91	1191.92
487.11	1177.58
487.31	1116.14
487.51	1128.43
487.71	1232.88
487.91	1126.38
488.12	1206.25
488.32	1142.77
488.52	1155.05
488.72	1212.40
488.92	1130.48
489.12	1103.86
489.32	1175.53
489.53	1193.97
489.73	1193.97
489.93	1159.15
490.13	1171.44
490.33	1118.19
490.53	1114.10
490.73	1155.05
490.94	1122.29
491.14	1202.16
491.34	1146.86
491.54	1206.25
491.74	1216.49
491.94	1169.39
492.14	1196.01
492.34	1175.53
492.54	1220.59
492.75	1165.29
492.95	1216.49
493.15	1142.77
493.35	1122.29
493.55	1114.10
493.75	1081.33
493.95	1175.53
494.15	1239.02
494.35	1136.62
494.56	1196.01
494.76	1216.49
494.96	1179.63
495.16	1165.29
495.36	1126.38
495.56	1153.01
495.76	1218.54
495.96	1175.53
496.16	1202.16
496.36	1163.25
496.56	1255.40
496.77	1146.86
496.97	1126.38
497.17	1200.11
497.37	1185.77
497.57	1171.44
497.77	1196.01
497.97	1140.72
498.17	1267.69
498.37	1249.26
498.57	1144.81
498.77	1153.01
498.97	1148.91
499.17	1181.68
499.38	1183.73
499.58	1183.73
499.78	1134.57
499.98	1101.81
500.18	1101.81
500.38	1198.06
500.58	1171.44
500.78	1191.92
500.98	1163.25
501.18	1157.10
501.38	1189.87
501.58	1198.06
501.78	1169.39
501.98	1134.57
502.18	1091.57
502.38	1161.20
502.58	1177.58
502.78	1259.50
502.98	1202.16
503.18	1128.43
503.38	1175.53
503.59	1128.43
503.79	1189.87
503.99	1077.23
504.19	1165.29
504.39	1165.29
504.59	1214.45
504.79	1107.95
504.99	1187.82
505.19	1142.77
505.39	1212.40
505.59	1161.20
505.79	1148.91
505.99	1181.68
506.19	1155.05
506.39	1185.77
506.59	1144.81
506.79	1150.96
506.99	1175.53
507.19	1150.96
507.39	1249.26
507.59	1269.74
507.79	1241.07
507.99	1196.01
508.19	1183.73
508.39	1132.53
508.59	1144.81
508.79	1140.72
508.99	1161.20
509.19	1216.49
509.39	1222.64
509.59	1175.53
509.79	1183.73
509.99	1175.53
510.19	1163.25
510.39	1218.54
510.59	1142.77
510.79	1185.77
510.99	1183.73
511.19	1171.44
511.39	1165.29
511.59	1214.45
511.79	1198.06
511.99	1155.05
512.19	1167.34
512.38	1132.53
512.58	1110.00
512.78	1208.30
512.98	1236.97
513.18	1191.92
513.38	1128.43
513.58	1169.39
513.78	1253.36
513.98	1212.40
514.18	1144.81
514.38	1134.57
514.58	1163.25
514.78	1277.93
514.98	1169.39
515.18	1157.10
515.38	1175.53
515.58	1196.01
515.78	1157.10
515.98	1163.25
516.18	1198.06
516.38	1159.15
516.57	1183.73
516.77	1173.49
516.97	1171.44
517.17	1150.96
517.37	1114.10
517.57	1163.25
517.77	1187.82
517.97	1232.88
518.17	1144.81
518.37	1138.67
518.57	1218.54
518.77	1208.30
518.97	1204.21
519.16	1140.72
519.36	1200.11
519.56	1142.77
519.76	1198.06
519.96	1212.40
520.16	1196.01
520.36	1163.25
520.56	1136.62
520.76	1159.15
520.96	1171.44
521.16	1146.86
521.35	1155.05
521.55	1177.58
521.75	1169.39
521.95	1122.29
522.15	1167.34
522.35	1193.97
522.55	1206.25
522.75	1179.63
522.95	1167.34
523.14	1101.81
523.34	1191.92
523.54	1196.01
523.74	1224.69
523.94	1142.77
524.14	1122.29
524.34	1134.57
524.54	1159.15
524.73	1196.01
524.93	1112.05
525.13	1255.40
525.33	1130.48
525.53	1236.97
525.73	1189.87
525.93	1179.63
526.13	1204.21
526.32	1103.86
526.52	1126.38
526.72	1187.82
526.92	1118.19
527.12	1142.77
527.32	1196.01
527.52	1116.14
527.71	1204.21
527.91	1177.58
528.11	1153.01
528.31	1206.25
528.51	1204.21
528.71	1165.29
528.90	1222.64
529.10	1200.11
529.30	1163.25
529.50	1171.44
529.70	1187.82
529.90	1191.92
530.09	1132.53
530.29	1167.34
530.49	1193.97
530.69	1236.97
530.89	1189.87
531.09	1200.11
531.28	1177.58
531.48	1216.49
531.68	1169.39
531.88	1120.24
532.08	1204.21
532.28	1132.53
532.47	1187.82
532.67	1177.58
532.87	1130.48
533.07	1200.11
533.27	1155.05
533.46	1142.77
533.66	1218.54
533.86	1144.81
534.06	1241.07
534.26	1136.62
534.45	1169.39
534.65	1189.87
534.85	1157.10
535.05	1183.73
535.25	1189.87
535.44	1097.71
535.64	1220.59
535.84	1114.10
536.04	1171.44
536.24	1191.92
536.43	1144.81
536.63	1232.88
536.83	1142.77
537.03	1214.45
537.22	1185.77
537.42	1210.35
537.62	1193.97
537.82	1191.92
538.02	1132.53
538.21	1208.30
538.41	1200.11
538.61	1120.24
538.81	1204.21
539.00	1169.39
539.20	1265.64
539.40	1122.29
539.60	1191.92
539.79	1196.01
539.99	1183.73
540.19	1173.49
540.39	1163.25
540.58	1208.30
540.78	1204.21
540.98	1134.57
541.18	1183.73
541.37	1114.10
541.57	1183.73
541.77	1216.49
541.97	1128.43
542.16	1224.69
542.36	1193.97
542.56	1175.53
542.76	1140.72
542.95	1159.15
543.15	1153.01
543.35	1185.77
543.54	1163.25
543.74	1163.25
543.94	1132.53
544.14	1232.88
544.33	1189.87
544.53	1200.11
544.73	1148.91
544.93	1216.49
545.12	1132.53
545.32	1136.62
545.52	1136.62
545.71	1159.15
545.91	1140.72
546.11	1128.43
546.30	1136.62
546.50	1161.20
546.70	1204.21
546.90	1177.58
547.09	1191.92
547.29	1187.82
547.49	1142.77
547.68	1198.06
547.88	1155.05
548.08	1200.11
548.27	1241.07
548.47	1126.38
548.67	1255.40
548.87	1165.29
549.06	1202.16
549.26	1200.11
549.46	1136.62
549.65	1208.30
549.85	1228.78
550.05	1167.34
550.24	1138.67
550.44	1196.01
550.64	1220.59
550.83	1232.88
551.03	1110.00
551.23	1132.53
551.42	1126.38
551.62	1159.15
551.82	1265.64
552.01	1116.14
552.21	1163.25
552.41	1200.11
552.60	1155.05
552.80	1161.20
553.00	1175.53
553.19	1193.97
553.39	1216.49
553.59	1216.49
553.78	1263.60
553.98	1101.81
554.17	1073.14
554.37	1191.92
554.57	1157.10
554.76	1163.25
554.96	1230.83
555.16	1134.57
555.35	1144.81
555.55	1181.68
555.75	1204.21
555.94	1161.20
556.14	1171.44
556.33	1177.58
556.53	1191.92
556.73	1095.66
556.92	1177.58
557.12	1189.87
557.32	1155.05
557.51	1173.49
557.71	1161.20
557.90	1200.11
558.10	1173.49
558.30	1167.34
558.49	1200.11
558.69	1128.43
558.88	1204.21
559.08	1222.64
559.28	1183.73
559.47	1153.01
559.67	1204.21
559.86	1204.21
560.06	1169.39
560.26	1236.97
560.45	1146.86
560.65	1216.49
560.84	1179.63
561.04	1153.01
561.24	1122.29
561.43	1191.92
561.63	1212.40
561.82	1116.14
562.02	1191.92
562.22	1148.91
562.41	1232.88
562.61	1169.39
562.80	1132.53
563.00	1232.88
563.19	1228.78
563.39	1128.43
563.59	1148.91
563.78	1126.38
563.98	1173.49
564.17	1150.96
564.37	1142.77
564.56	1173.49
564.76	1163.25
564.96	1118.19
565.15	1134.57
565.35	1155.05
565.54	1165.29
565.74	1132.53
565.93	1130.48
566.13	1177.58
566.32	1185.77
566.52	1230.83
566.71	1187.82
566.91	1163.25
567.11	1193.97
567.30	1216.49
567.50	1187.82
567.69	1169.39
567.89	1150.96
568.08	1163.25
568.28	1177.58
568.47	1124.33
568.67	1169.39
568.86	1128.43
569.06	1130.48
569.25	1148.91
569.45	1216.49
569.64	1179.63
569.84	1146.86
570.04	1189.87
570.23	1155.05
570.43	1247.21
570.62	1146.86
570.82	1112.05
571.01	1253.36
571.21	1196.01
571.40	1220.59
571.60	1167.34
571.79	1130.48
571.99	1124.33
572.18	1110.00
572.38	1165.29
572.57	1142.77
572.77	1159.15
572.96	1212.40
573.16	1140.72
573.35	1128.43
573.55	1130.48
573.74	1140.72
573.94	1249.26
574.13	1183.73
574.33	1208.30
574.52	1159.15
574.71	1173.49
574.91	1187.82
575.10	1183.73
575.30	1214.45
575.49	1175.53
575.69	1171.44
575.88	1138.67
576.08	1103.86
576.27	1175.53
576.47	1171.44
576.66	1202.16
576.86	1198.06
577.05	1163.25
577.25	1171.44
577.44	1177.58
577.64	1187.82
577.83	1259.50
578.02	1255.40
578.22	1146.86
578.41	1140.72
578.61	1220.59
578.80	1191.92
579.00	1200.11
579.19	1175.53
579.39	1167.34
579.58	1181.68
579.77	1128.43
579.97	1202.16
580.16	1206.25
580.36	1179.63
580.55	1204.21
580.75	1191.92
580.94	1169.39
581.13	1183.73
581.33	1167.34
581.52	1120.24
581.72	1159.15
581.91	1177.58
582.11	1202.16
582.30	1206.25
582.49	1198.06
582.69	1165.29
582.88	1120.24
583.08	1144.81
583.27	1142.77
583.47	1187.82
583.66	1191.92
583.85	1060.85
584.05	1138.67
584.24	1185.77
584.44	1150.96
584.63	1177.58
584.82	1165.29
585.02	1181.68
585.21	1222.64
585.41	1128.43
585.60	1175.53
585.79	1236.97
585.99	1165.29
586.18	1245.16
586.37	1169.39
586.57	1155.05
586.76	1140.72
586.96	1187.82
587.15	1187.82
587.34	1107.95
587.54	1177.58
587.73	1114.10
587.93	1214.45
588.12	1183.73
588.31	1142.77
588.51	1177.58
588.70	1243.12
588.89	1140.72
589.09	1155.05
589.28	1196.01
589.47	1165.29
589.67	1181.68
589.86	1204.21
590.06	1249.26
590.25	1140.72
590.44	1122.29
590.64	1157.10
590.83	1193.97
591.02	1187.82
591.22	1150.96
591.41	1146.86
591.60	1181.68
591.80	1202.16
591.99	1241.07
592.18	1183.73
592.38	1159.15
592.57	1251.31
592.76	1171.44
592.96	1101.81
593.15	1157.10
593.34	1175.53
593.54	1148.91
593.73	1253.36
593.92	1153.01
594.12	1128.43
594.31	1193.97
594.50	1087.47
594.70	1193.97
594.89	1130.48
595.08	1167.34
595.28	1191.92
595.47	1210.35
595.66	1142.77
595.86	1177.58
596.05	1204.21
596.24	1153.01
596.43	1105.90
596.63	1097.71
596.82	1175.53
597.01	1161.20
597.21	1179.63
597.40	1224.69
597.59	1224.69
597.79	1155.05
597.98	1179.63
598.17	1159.15
598.36	1222.64
598.56	1138.67
598.75	1103.86
598.94	1157.10
599.14	1163.25
599.33	1193.97
599.52	1220.59
599.71	1159.15
599.91	1130.48
600.10	1249.26
600.29	1198.06
600.48	1171.44
600.68	1171.44
600.87	1130.48
601.06	1193.97
601.26	1155.05
601.45	1202.16
601.64	1181.68
601.83	1253.36
602.03	1150.96
602.22	1206.25
602.41	1181.68
602.60	1185.77
602.80	1183.73
602.99	1214.45
603.18	1112.05
603.37	1181.68
603.57	1085.42
603.76	1241.07
603.95	1118.19
604.14	1144.81
604.34	1218.54
604.53	1185.77
604.72	1142.77
604.91	1177.58
605.10	1155.05
605.30	1239.02
605.49	1165.29
605.68	1226.73
605.87	1169.39
606.07	1171.44
606.26	1124.33
606.45	1171.44
606.64	1173.49
606.84	1150.96
607.03	1134.57
607.22	1157.10
607.41	1196.01
607.60	1236.97
607.80	1214.45
607.99	1146.86
608.18	1228.78
608.37	1159.15
608.56	1187.82
608.76	1243.12
608.95	1169.39
609.14	1140.72
609.33	1202.16
609.52	1167.34
609.72	1107.95
609.91	1181.68
610.10	1150.96
610.29	1183.73
610.48	1251.31
610.68	1245.16
610.87	1193.97
611.06	1181.68
611.25	1150.96
611.44	1204.21
611.63	1210.35
611.83	1220.59
612.02	1204.21
612.21	1173.49
612.40	1196.01
612.59	1214.45
612.79	1185.77
612.98	1157.10
613.17	1200.11
613.36	1200.11
613.55	1169.39
613.74	1206.25
613.93	1239.02
614.13	1140.72
614.32	1187.82
614.51	1200.11
614.70	1196.01
614.89	1153.01
615.08	1177.58
615.28	1206.25
615.47	1093.62
615.66	1169.39
615.85	1177.58
616.04	1191.92
616.23	1183.73
616.42	1157.10
616.62	1087.47
616.81	1181.68
617.00	1165.29
617.19	1191.92
617.38	1163.25
617.57	1222.64
617.76	1165.29
617.95	1181.68
618.15	1198.06
618.34	1222.64
618.53	1193.97
618.72	1134.57
618.91	1153.01
619.10	1159.15
619.29	1165.29
619.48	1142.77
619.68	1153.01
619.87	1189.87
620.06	1128.43
620.25	1122.29
620.44	1138.67
620.63	1155.05
620.82	1124.33
621.01	1165.29
621.20	1206.25
621.39	1241.07
621.59	1212.40
621.78	1167.34
621.97	1136.62
622.16	1198.06
622.35	1142.77
622.54	1175.53
622.73	1150.96
622.92	1212.40
623.11	1146.86
623.30	1183.73
623.49	1140.72
623.68	1185.77
623.88	1191.92
624.07	1208.30
624.26	1114.10
624.45	1128.43
624.64	1181.68
624.83	1173.49
625.02	1234.93
625.21	1263.60
625.40	1230.83
625.59	1163.25
625.78	1202.16
625.97	1222.64
626.16	1126.38
626.35	1112.05
626.54	1196.01
626.74	1161.20
626.93	1204.21
627.12	1171.44
627.31	1179.63
627.50	1212.40
627.69	1114.10
627.88	1177.58
628.07	1169.39
628.26	1253.36
628.45	1257.45
628.64	1263.60
628.83	1263.60
629.02	1163.25
629.21	1228.78
629.40	1255.40
629.59	1202.16
629.78	1222.64
629.97	1245.16
630.16	1161.20
630.35	1146.86
630.54	1245.16
630.73	1253.36
630.92	1257.45
631.11	1175.53
631.30	1286.12
631.49	1384.43
631.68	1871.84
631.87	4358.08
632.06	16590.59
632.25	50132.23
632.44	64089.13
632.63	64844.83
632.82	43359.59
633.01	21776.05
633.20	6191.01
633.39	6098.85
633.58	2987.99
633.77	2232.29
633.96	1720.29
634.15	1585.13
634.34	1560.55
634.53	1554.41
634.72	1484.78
634.91	1439.72
635.10	1372.14
635.29	1222.64
635.48	1187.82
635.67	1218.54
635.86	1230.83
636.05	1208.30
636.24	1173.49
636.43	1243.12
636.62	1118.19
636.81	1257.45
637.00	1193.97
637.19	1167.34
637.38	1171.44
637.57	1150.96
637.76	1138.67
637.95	1232.88
638.14	1183.73
638.33	1157.10
638.52	1245.16
638.71	1169.39
638.89	1128.43
639.08	1173.49
639.27	1196.01
639.46	1150.96
639.65	1136.62
639.84	1159.15
640.03	1206.25
640.22	1181.68
640.41	1200.11
640.60	1144.81
640.79	1167.34
640.98	1239.02
641.17	1198.06
641.36	1130.48
641.55	1191.92
641.74	1177.58
641.92	1181.68
642.11	1140.72
642.30	1193.97
642.49	1153.01
642.68	1183.73
642.87	1212.40
643.06	1173.49
643.25	1179.63
643.44	1202.16
643.63	1181.68
643.82	1208.30
644.00	1202.16
644.19	1150.96
644.38	1171.44
644.57	1204.21
644.76	1116.14
644.95	1249.26
645.14	1165.29
645.33	1286.12
645.52	1212.40
645.71	1265.64
645.89	1171.44
646.08	1165.29
646.27	1212.40
646.46	1159.15
646.65	1171.44
646.84	1243.12
647.03	1173.49
647.22	1105.90
647.40	1206.25
647.59	1173.49
647.78	1206.25
647.97	1218.54
648.16	1216.49
648.35	1177.58
648.54	1224.69
648.73	1185.77
648.91	1155.05
649.10	1155.05
649.29	1175.53
649.48	1198.06
649.67	1150.96
649.86	1214.45
650.05	1175.53
650.23	1159.15
650.42	1150.96
650.61	1157.10
650.80	1159.15
650.99	1146.86
651.18	1171.44
651.36	1140.72
651.55	1169.39
651.74	1161.20
651.93	1234.93
652.12	1142.77
652.31	1216.49
652.49	1155.05
652.68	1177.58
652.87	1196.01
653.06	1183.73
653.25	1259.50
653.44	1169.39
653.62	1216.49
653.81	1075.18
654.00	1185.77
654.19	1214.45
654.38	1148.91
654.56	1261.55
654.75	1189.87
654.94	1210.35
655.13	1153.01
655.32	1171.44
655.51	1224.69
655.69	1144.81
655.88	1183.73
656.07	1161.20
656.26	1241.07
656.45	1107.95
656.63	1222.64
656.82	1112.05
657.01	1179.63
657.20	1130.48
657.38	1218.54
657.57	1126.38
657.76	1085.42
657.95	1171.44
658.14	1116.14
658.32	1163.25
658.51	1189.87
658.70	1218.54
658.89	1220.59
659.08	1124.33
659.26	1230.83
659.45	1206.25
659.64	1200.11
659.83	1187.82
660.01	1146.86
660.20	1224.69
660.39	1187.82
660.58	1191.92
660.76	1200.11
660.95	1140.72
661.14	1161.20
661.33	1198.06
661.51	1136.62
661.70	1224.69
661.89	1171.44
662.08	1198.06
662.26	1189.87
662.45	1165.29
662.64	1183.73
662.83	1144.81
663.01	1177.58
663.20	1185.77
663.39	1157.10
663.58	1136.62
663.76	1175.53
663.95	1177.58
664.14	1136.62
664.32	1187.82
664.51	1216.49
664.70	1167.34
664.89	1155.05
665.07	1140.72
665.26	1189.87
665.45	1206.25
665.64	1220.59
665.82	1210.35
666.01	1124.33
666.20	1214.45
666.38	1245.16
666.57	1159.15
666.76	1150.96
666.95	1222.64
667.13	1105.90
667.32	1210.35
667.51	1132.53
667.69	1239.02
667.88	1136.62
668.07	1146.86
668.25	1163.25
668.44	1124.33
668.63	1220.59
668.81	1140.72
669.00	1157.10
669.19	1155.05
669.38	1161.20
669.56	1191.92
669.75	1148.91
669.94	1236.97
670.12	1179.63
670.31	1126.38
670.50	1155.05
670.68	1097.71
670.87	1228.78
671.06	1138.67
671.24	1167.34
671.43	1163.25
671.62	1200.11
671.80	1124.33
671.99	1144.81
672.18	1155.05
672.36	1241.07
672.55	1173.49
672.74	1208.30
672.92	1193.97
673.11	1232.88
673.29	1167.34
673.48	1124.33
673.67	1249.26
673.85	1085.42
674.04	1157.10
674.23	1087.47
674.41	1222.64
674.60	1148.91
674.79	1101.81
674.97	1181.68
675.16	1112.05
675.34	1173.49
675.53	1193.97
675.72	1187.82
675.90	1200.11
676.09	1191.92
676.28	1179.63
676.46	1165.29
676.65	1134.57
676.83	1144.81
677.02	1189.87
677.21	1089.52
677.39	1128.43
677.58	1189.87
677.77	1128.43
677.95	1198.06
678.14	1183.73
678.32	1169.39
678.51	1191.92
678.70	1134.57
678.88	1097.71
679.07	1155.05
679.25	1171.44
679.44	1200.11
679.63	1191.92
679.81	1212.40
680.00	1161.20
680.18	1200.11
680.37	1130.48
680.55	1171.44
680.74	1167.34
680.93	1179.63
681.11	1191.92
681.30	1179.63
681.48	1187.82
681.67	1173.49
681.85	1193.97
682.04	1136.62
682.23	1208.30
682.41	1200.11
682.60	1183.73
682.78	1148.91
682.97	1085.42
683.15	1140.72
683.34	1214.45
683.53	1202.16
683.71	1101.81
683.90	1124.33
684.08	1134.57
684.27	1257.45
684.45	1136.62
684.64	1134.57
684.82	1150.96
685.01	1167.34
685.19	1208.30
685.38	1267.69
685.57	1165.29
685.75	1212.40
685.94	1212.40
686.12	1183.73
686.31	1159.15
686.49	1136.62
686.68	1124.33
686.86	1089.52
687.05	1165.29
687.23	1189.87
687.42	1193.97
687.60	1167.34
687.79	1163.25
687.97	1122.29
688.16	1177.58
688.34	1130.48
688.53	1187.82
688.71	1118.19
688.90	1128.43
689.08	1132.53
689.27	1155.05
689.45	1153.01
689.64	1193.97
689.82	1169.39
690.01	1253.36
690.19	1208.30
690.38	1132.53
690.56	1214.45
690.75	1226.73
690.93	1208.30
691.12	1150.96
691.30	1193.97
691.49	1107.95
691.67	1157.10
691.86	1228.78
692.04	1130.48
692.23	1148.91
692.41	1169.39
692.60	1216.49
692.78	1159.15
692.97	1144.81
693.15	1239.02
693.34	1204.21
693.52	1169.39
693.71	1110.00
693.89	1175.53
694.08	1146.86
694.26	1173.49
694.44	1191.92
694.63	1142.77
694.81	1173.49
695.00	1196.01
695.18	1167.34
695.37	1142.77
695.55	1193.97
695.74	1177.58
695.92	1206.25
696.10	1177.58
696.29	1163.25
696.47	1150.96
696.66	1161.20
696.84	1150.96
697.03	1114.10
697.21	1157.10
697.40	1224.69
697.58	1200.11
697.76	1142.77
697.95	1177.58
698.13	1122.29
698.32	1187.82
698.50	1171.44
698.68	1112.05
698.87	1208.30
699.05	1208.30
699.24	1112.05
699.42	1177.58
699.61	1087.47
699.79	1153.01
699.97	1198.06
700.16	1142.77
700.34	1126.38
700.53	1185.77
700.71	1183.73
700.89	1175.53
701.08	1167.34
701.26	1200.11
701.45	1169.39
701.63	1183.73
701.81	1187.82
702.00	1222.64
702.18	1189.87
702.37	1157.10
702.55	1263.60
702.73	1177.58
702.92	1083.38
703.10	1163.25
703.28	1189.87
703.47	1140.72
703.65	1155.05
703.84	1187.82
704.02	1112.05
704.20	1214.45
704.39	1255.40
704.57	1210.35
704.75	1179.63
704.94	1193.97
705.12	1187.82
705.30	1173.49
705.49	1191.92
705.67	1099.76
705.86	1202.16
706.04	1179.63
706.22	1179.63
706.41	1179.63
706.59	1183.73
706.77	1193.97
706.96	1218.54
707.14	1222.64
707.32	1101.81
707.51	1204.21
707.69	1181.68
707.87	1130.48
708.06	1105.90
708.24	1136.62
708.42	1153.01
708.61	1171.44
708.79	1107.95
708.97	1120.24
709.16	1198.06
709.34	1169.39
709.52	1200.11
709.71	1193.97
709.89	1210.35
710.07	1183.73
710.26	1179.63
710.44	1179.63
710.62	1220.59
710.80	1183.73
710.99	1150.96
711.17	1224.69
711.35	1175.53
711.54	1175.53
711.72	1208.30
711.90	1150.96
712.09	1148.91
712.27	1228.78
712.45	1097.71
712.63	1202.16
712.82	1173.49
713.00	1134.57
713.18	1157.10
713.37	1150.96
713.55	1187.82
713.73	1208.30
713.91	1185.77
714.10	1189.87
714.28	1161.20
714.46	1191.92
714.65	1130.48
714.83	1116.14
715.01	1206.25
715.19	1173.49
715.38	1159.15
715.56	1163.25
715.74	1148.91
715.92	1140.72
716.11	1157.10
716.29	1183.73
716.47	1132.53
716.65	1185.77
716.84	1187.82
717.02	1224.69
717.20	1193.97
717.38	1150.96
717.57	1251.31
717.75	1159.15
717.93	1161.20
718.11	1181.68
718.30	1122.29
718.48	1175.53
718.66	1181.68
718.84	1200.11
719.03	1239.02
719.21	1114.10
719.39	1173.49
719.57	1173.49
719.75	1228.78
719.94	1155.05
720.12	1161.20
720.30	1110.00
720.48	1110.00
720.67	1181.68
720.85	1114.10
721.03	1196.01
721.21	1161.20
721.39	1206.25
721.58	1107.95
721.76	1187.82
721.94	1191.92
722.12	1167.34
722.30	1155.05
722.49	1148.91
722.67	1118.19
722.85	1091.57
723.03	1210.35
723.21	1230.83
723.40	1191.92
723.58	1167.34
723.76	1179.63
723.94	1163.25
724.12	1179.63
724.30	1181.68
724.49	1161.20
724.67	1200.11
724.85	1103.86
725.03	1200.11
725.21	1142.77
725.40	1220.59
725.58	1218.54
725.76	1239.02
725.94	1200.11
726.12	1222.64
726.30	1140.72
726.49	1142.77
726.67	1099.76
726.85	1163.25
727.03	1101.81
727.21	1200.11
727.39	1157.10
727.57	1157.10
727.76	1200.11
727.94	1196.01
728.12	1198.06
728.30	1208.30
728.48	1232.88
728.66	1208.30
728.84	1138.67
729.03	1249.26
729.21	1126.38
729.39	1150.96
729.57	1210.35
729.75	1204.21
729.93	1224.69
730.11	1224.69
730.30	1196.01
730.48	1181.68
730.66	1189.87
730.84	1191.92
731.02	1181.68
731.20	1222.64
731.38	1163.25
731.56	1177.58
731.74	1187.82
731.93	1208.30
732.11	1142.77
732.29	1214.45
732.47	1165.29
732.65	1165.29
732.83	1228.78
733.01	1140.72
733.19	1185.77
733.37	1196.01
733.56	1128.43
733.74	1155.05
733.92	1183.73
734.10	1173.49
734.28	1144.81
734.46	1130.48
734.64	1216.49
734.82	1200.11
735.00	1245.16
735.18	1165.29
735.36	1167.34
735.54	1169.39
735.73	1177.58
735.91	1153.01
736.09	1208.30
736.27	1183.73
736.45	1196.01
736.63	1161.20
736.81	1214.45
736.99	1216.49
737.17	1200.11
737.35	1130.48
737.53	1183.73
737.71	1189.87
737.89	1216.49
738.07	1198.06
738.25	1185.77
738.43	1163.25
738.61	1144.81
738.80	1148.91
738.98	1175.53
739.16	1249.26
739.34	1196.01
739.52	1224.69
739.70	1288.17
739.88	1167.34
740.06	1132.53
740.24	1236.97
740.42	1165.29
740.60	1146.86
740.78	1218.54
740.96	1206.25
741.14	1126.38
741.32	1204.21
741.50	1138.67
741.68	1148.91
741.86	1155.05
742.04	1136.62
742.22	1130.48
742.40	1206.25
742.58	1110.00
742.76	1171.44
742.94	1114.10
743.12	1140.72
743.30	1196.01
743.48	1167.34
743.66	1247.21
743.84	1161.20
744.02	1165.29
744.20	1234.93
744.38	1138.67
744.56	1140.72
744.74	1177.58
744.92	1138.67
745.10	1249.26
745.28	1175.53
745.46	1185.77
745.64	1220.59
745.82	1126.38
746.00	1155.05
746.18	1120.24
746.36	1150.96
746.54	1224.69
746.72	1179.63
746.90	1136.62
747.08	1179.63
747.26	1187.82
747.44	1167.34
747.62	1204.21
747.80	1136.62
747.98	1208.30
748.15	1241.07
748.33	1228.78
748.51	1247.21
748.69	1169.39
748.87	1159.15
749.05	1208.30
749.23	1093.62
749.41	1189.87
749.59	1239.02
749.77	1196.01
749.95	1171.44
750.13	1206.25
750.31	1185.77
750.49	1200.11
750.67	1191.92
750.85	1128.43
751.03	1155.05
751.20	1187.82
751.38	1134.57
751.56	1232.88
751.74	1167.34
751.92	1138.67
752.10	1226.73
752.28	1146.86
752.46	1148.91
752.64	1126.38
752.82	1157.10
753.00	1193.97
753.18	1210.35
753.35	1216.49
753.53	1255.40
753.71	1163.25
753.89	1148.91
754.07	1153.01
754.25	1185.77
754.43	1183.73
754.61	1187.82
754.79	1208.30
754.97	1132.53
755.14	1247.21
755.32	1130.48
755.50	1163.25
755.68	1132.53
755.86	1165.29
756.04	1107.95
756.22	1155.05
756.40	1210.35
756.57	1150.96
756.75	1165.29
756.93	1110.00
757.11	1110.00
757.29	1216.49
757.47	1171.44
757.65	1198.06
757.82	1234.93
758.00	1157.10
758.18	1146.86
758.36	1116.14
758.54	1155.05
758.72	1202.16
758.90	1136.62
759.07	1198.06
759.25	1181.68
759.43	1234.93
759.61	1193.97
759.79	1214.45
759.97	1181.68
760.15	1136.62
760.32	1171.44
760.50	1220.59
760.68	1107.95
760.86	1159.15
761.04	1236.97
761.22	1234.93
761.39	1181.68
761.57	1112.05
761.75	1144.81
761.93	1105.90
762.11	1144.81
762.28	1138.67
762.46	1177.58
762.64	1228.78
762.82	1189.87
763.00	1230.83
763.18	1220.59
763.35	1167.34
763.53	1146.86
763.71	1140.72
763.89	1196.01
764.07	1122.29
764.24	1157.10
764.42	1177.58
764.60	1177.58
764.78	1189.87
764.96	1167.34
765.13	1120.24
765.31	1183.73
765.49	1179.63
765.67	1138.67
765.84	1150.96
766.02	1208.30
766.20	1153.01
766.38	1159.15
766.56	1251.31
766.73	1185.77
766.91	1095.66
767.09	1167.34
767.27	1185.77
767.44	1241.07
767.62	1126.38
767.80	1214.45
767.98	1099.76
768.15	1288.17
768.33	1226.73
768.51	1173.49
768.69	1103.86
768.87	1159.15
769.04	1181.68
769.22	1095.66
769.40	1177.58
769.58	1189.87
769.75	1214.45
769.93	1173.49
770.11	1232.88
770.28	1269.74
770.46	1120.24
770.64	1134.57
770.82	1134.57
770.99	1173.49
771.17	1126.38
771.35	1132.53
771.53	1155.05
771.70	1130.48
771.88	1175.53
772.06	1112.05
772.23	1150.96
772.41	1173.49
772.59	1144.81
772.77	1247.21
772.94	1146.86
773.12	1120.24
773.30	1091.57
773.47	1204.21
773.65	1169.39
773.83	1142.77
774.01	1161.20
774.18	1173.49
774.36	1165.29
774.54	1095.66
774.71	1230.83
774.89	1099.76
775.07	1112.05
775.24	1138.67
775.42	1153.01
775.60	1279.98
775.78	1234.93
775.95	1226.73
776.13	1200.11
776.31	1155.05
776.48	1105.90
776.66	1232.88
776.84	1202.16
777.01	1161.20
777.19	1165.29
777.37	1234.93
777.54	1257.45
777.72	1204.21
777.90	1142.77
778.07	1220.59
778.25	1093.62
778.43	1126.38
778.60	1179.63
778.78	1206.25
778.96	1136.62
779.13	1179.63
779.31	1146.86
779.49	1136.62
779.66	1134.57
779.84	1193.97
780.01	1210.35
780.19	1249.26
780.37	1208.30
780.54	1228.78
780.72	1191.92
780.90	1214.45
781.07	1165.29
781.25	1142.77
781.43	1132.53
781.60	1130.48
781.78	1140.72
781.95	1114.10
782.13	1167.34
782.31	1206.25
782.48	1101.81
782.66	1142.77
782.83	1204.21
783.01	1157.10
783.19	1167.34
783.36	1124.33
783.54	1251.31
783.72	1130.48
783.89	1167.34
784.07	1173.49
784.24	1161.20
784.42	1196.01
784.60	1220.59
784.77	1134.57
784.95	1112.05
785.12	1210.35
785.30	1173.49
785.47	1206.25
785.65	1124.33
785.83	1099.76
786.00	1116.14
786.18	1181.68
786.35	1216.49
786.53	1163.25
786.71	1128.43
786.88	1196.01
787.06	1159.15
787.23	1220.59
787.41	1116.14
787.58	1208.30
787.76	1132.53
787.94	1167.34
788.11	1181.68
788.29	1159.15
788.46	1241.07
788.64	1177.58
788.81	1159.15
788.99	1165.29
789.16	1196.01
789.34	1226.73
789.52	1177.58
789.69	1175.53
789.87	1157.10
790.04	1173.49
790.22	1179.63
790.39	1214.45
790.57	1191.92
790.74	1234.93
790.92	1181.68
791.09	1191.92
791.27	1150.96
791.44	1216.49
791.62	1132.53
791.79	1134.57
791.97	1179.63
792.15	1173.49
792.32	1183.73
792.50	1181.68
792.67	1212.40
792.85	1179.63
793.02	1114.10
793.20	1212.40
793.37	1153.01
793.55	1155.05
793.72	1216.49
793.90	1146.86
794.07	1208.30
794.25	1146.86
794.42	1116.14
794.60	1198.06
794.77	1146.86
794.95	1206.25
795.12	1165.29
795.30	1118.19
795.47	1208.30
795.65	1216.49
795.82	1097.71
796.00	1091.57
796.17	1153.01
796.34	1214.45
796.52	1224.69
796.69	1146.86
796.87	1175.53
797.04	1183.73
797.22	1153.01
797.39	1200.11
797.57	1146.86
797.74	1126.38
797.92	1189.87
798.09	1196.01
798.27	1095.66
798.44	1107.95
798.62	1165.29
798.79	1167.34
798.96	1191.92
799.14	1118.19
799.31	1107.95
799.49	1198.06
799.66	1175.53
799.84	1177.58
800.01	1202.16
800.19	1085.42
800.36	1148.91
800.53	1142.77
800.71	1138.67
800.88	1148.91
801.06	1097.71
801.23	1169.39
801.41	1089.52
801.58	1161.20
801.75	1165.29
801.93	1208.30
802.10	1105.90
802.28	1173.49
802.45	1169.39
802.63	1179.63
802.80	1142.77
802.97	1185.77
803.15	1191.92
803.32	1206.25
803.50	1148.91
803.67	1171.44
803.84	1191.92
804.02	1212.40
804.19	1187.82
804.37	1161.20
804.54	1163.25
804.71	1165.29
804.89	1169.39
805.06	1239.02
805.24	1200.11
805.41	1101.81
805.58	1132.53
805.76	1191.92
805.93	1187.82
806.10	1257.45
806.28	1212.40
806.45	1161.20
806.63	1144.81
806.80	1130.48
806.97	1112.05
807.15	1167.34
807.32	1200.11
807.49	1198.06
807.67	1155.05
807.84	1153.01
808.01	1251.31
808.19	1200.11
808.36	1140.72
808.54	1196.01
808.71	1153.01
808.88	1173.49
809.06	1167.34
809.23	1185.77
809.40	1200.11
809.58	1216.49
809.75	1138.67
809.92	1208.30
810.10	1193.97
810.27	1126.38
810.44	1253.36
810.62	1234.93
810.79	1116.14
810.96	1146.86
811.14	1148.91
811.31	1187.82
811.48	1116.14
811.66	1183.73
811.83	1122.29
812.00	1200.11
812.18	1161.20
812.35	1226.73
812.52	1136.62
812.69	1177.58
812.87	1198.06
813.04	1128.43
813.21	1189.87
813.39	1097.71
813.56	1167.34
813.73	1167.34
813.91	1259.50
814.08	1124.33
814.25	1210.35
814.42	1091.57
814.60	1177.58
814.77	1191.92
814.94	1163.25
815.12	1163.25
815.29	1167.34
815.46	1091.57
815.63	1114.10
815.81	1150.96
815.98	1173.49
816.15	1107.95
816.33	1159.15
816.50	1155.05
816.67	1167.34
816.84	1148.91
817.02	1142.77
817.19	1157.10
817.36	1118.19
817.53	1157.10
817.71	1196.01
817.88	1146.86
818.05	1157.10
818.22	1157.10
818.40	1159.15
818.57	1206.25
818.74	1136.62
818.91	1161.20
819.09	1165.29
819.26	1161.20
819.43	1159.15
819.60	1191.92
819.78	1282.03
819.95	1179.63
820.12	1085.42
820.29	1173.49
820.47	1167.34
820.64	1173.49
820.81	1159.15
820.98	1200.11
821.15	1165.29
821.33	1191.92
821.50	1159.15
821.67	1142.77
821.84	1122.29
822.02	1175.53
822.19	1122.29
822.36	1134.57
822.53	1075.18
822.70	1157.10
822.88	1169.39
823.05	1167.34
823.22	1157.10
823.39	1093.62
823.56	1204.21
823.74	1206.25
823.91	1120.24
824.08	1183.73
824.25	1142.77
824.42	1103.86
824.60	1171.44
824.77	1206.25
824.94	1122.29
825.11	1191.92
825.28	1167.34
825.45	1105.90
825.63	1130.48
825.80	1181.68
825.97	1124.33
826.14	1150.96
826.31	1200.11
826.48	1097.71
826.66	1140.72
826.83	1116.14
827.00	1257.45
827.17	1132.53
827.34	1167.34
827.51	1146.86
827.69	1105.90
827.86	1165.29
828.03	1214.45
828.20	1159.15
828.37	1204.21
828.54	1183.73
828.71	1200.11
828.89	1181.68
829.06	1214.45
829.23	1187.82
829.40	1140.72
829.57	1253.36
829.74	1234.93
829.91	1183.73
830.09	1177.58
830.26	1198.06
830.43	1187.82
830.60	1167.34
830.77	1173.49
830.94	1204.21
831.11	1198.06
831.28	1171.44
831.46	1171.44
831.63	1191.92
831.80	1196.01
831.97	1179.63
832.14	1196.01
832.31	1196.01
832.48	1212.40
832.65	1120.24
832.82	1142.77
832.99	1142.77
833.17	1202.16
833.34	1210.35
833.51	1216.49
833.68	1122.29
833.85	1183.73
834.02	1144.81
834.19	1183.73
834.36	1196.01
834.53	1183.73
834.70	1224.69
834.87	1167.34
835.04	1191.92
835.22	1171.44
835.39	1150.96
835.56	1150.96
835.73	1196.01
835.90	1112.05
836.07	1165.29
836.24	1167.34
836.41	1161.20
836.58	1161.20
836.75	1208.30
836.92	1165.29
837.09	1148.91
837.26	1173.49
837.43	1189.87
837.60	1210.35
837.77	1183.73
837.94	1181.68
838.12	1150.96
838.29	1179.63
838.46	1155.05
838.63	1173.49
838.80	1146.86
838.97	1185.77
839.14	1183.73
839.31	1224.69
839.48	1206.25
839.65	1157.10
839.82	1224.69
839.99	1116.14
840.16	1110.00
840.33	1163.25
840.50	1157.10
840.67	1159.15
840.84	1132.53
841.01	1138.67
841.18	1130.48
841.35	1124.33
841.52	1171.44
841.69	1138.67
841.86	1122.29
842.03	1183.73
842.20	1228.78
842.37	1167.34
842.54	1169.39
842.71	1101.81
842.88	1239.02
843.05	1222.64
843.22	1191.92
843.39	1134.57
843.56	1236.97
843.73	1212.40
843.90	1038.32
844.07	1222.64
844.24	1206.25
844.41	1118.19
844.58	1132.53
844.75	1191.92
844.92	1118.19
845.09	1103.86
845.26	1196.01
845.43	1171.44
845.60	1169.39
845.77	1150.96
845.94	1157.10
846.10	1153.01
846.27	1085.42
846.44	1175.53
846.61	1228.78
846.78	1224.69
846.95	1181.68
847.12	1118.19
847.29	1193.97
847.46	1206.25
847.63	1124.33
847.80	1171.44
847.97	1155.05
848.14	1189.87
848.31	1171.44
848.48	1087.47
848.65	1175.53
848.82	1169.39
848.98	1204.21
849.15	1130.48
849.32	1228.78
849.49	1155.05
849.66	1212.40
849.83	1150.96
850.00	1136.62
850.17	1116.14
850.34	1175.53
850.51	1200.11
850.68	1146.86
850.85	1134.57
851.01	1230.83
851.18	1185.77
851.35	1191.92
851.52	1138.67
851.69	1167.34
851.86	1171.44
852.03	1269.74
852.20	1144.81
852.37	1146.86
852.53	1165.29
852.70	1202.16
852.87	1232.88
853.04	1167.34
853.21	1167.34
853.38	1150.96
853.55	1189.87
853.72	1066.99
853.89	1095.66
854.05	1179.63
854.22	1118.19
854.39	1163.25
854.56	1142.77
854.73	1167.34
854.90	1165.29
855.07	1198.06
855.23	1126.38
855.40	1126.38
855.57	1181.68
855.74	1155.05
855.91	1140.72
856.08	1093.62
856.25	1228.78
856.41	1196.01
856.58	1140.72
856.75	1220.59
856.92	1226.73
857.09	1204.21
857.26	1148.91
857.42	1179.63
857.59	1187.82
857.76	1124.33
857.93	1159.15
858.10	1273.84
858.27	1107.95
858.43	1214.45
858.60	1138.67
858.77	1183.73
858.94	1191.92
859.11	1126.38
859.27	1183.73
859.44	1130.48
859.61	1214.45
859.78	1107.95
859.95	1165.29
860.12	1181.68
860.28	1167.34
860.45	1196.01
860.62	1169.39
860.79	1150.96
860.95	1179.63
861.12	1163.25
861.29	1116.14
861.46	1177.58
861.63	1187.82
861.79	1185.77
861.96	1193.97
862.13	1093.62
862.30	1200.11
862.47	1183.73
862.63	1208.30
862.80	1114.10
862.97	1153.01
863.14	1150.96
863.30	1204.21
863.47	1202.16
863.64	1247.21
863.81	1118.19
863.97	1175.53
864.14	1134.57
864.31	1122.29
864.48	1159.15
864.65	1148.91
864.81	1077.23
864.98	1159.15
865.15	1132.53
865.32	1064.94
865.48	1210.35
865.65	1183.73
865.82	1193.97
865.98	1150.96
866.15	1138.67
866.32	1181.68
866.49	1226.73
866.65	1142.77
866.82	1077.23
866.99	1181.68
867.16	1136.62
867.32	1138.67
867.49	1200.11
867.66	1144.81
867.83	1224.69
867.99	1187.82
868.16	1126.38
868.33	1161.20
868.49	1146.86
868.66	1120.24
868.83	1185.77
868.99	1216.49
869.16	1134.57
869.33	1171.44
869.50	1142.77
869.66	1116.14
869.83	1218.54
870.00	1122.29
870.16	1198.06
870.33	1230.83
870.50	1159.15
870.66	1155.05
870.83	1228.78
871.00	1097.71
871.17	1136.62
871.33	1122.29
871.50	1177.58
871.67	1200.11
871.83	1228.78
872.00	1189.87
872.17	1159.15
872.33	1191.92
872.50	1173.49
872.67	1112.05
872.83	1183.73
873.00	1114.10
873.17	1167.34
873.33	1212.40
873.50	1185.77
873.67	1153.01
873.83	1189.87
874.00	1179.63
874.16	1183.73
874.33	1116.14
874.50	1173.49
874.66	1118.19
874.83	1185.77
875.00	1150.96
875.16	1177.58
875.33	1122.29
875.50	1212.40
875.66	1189.87
875.83	1206.25
875.99	1179.63
876.16	1148.91
876.33	1200.11
876.49	1175.53
876.66	1183.73
876.83	1140.72
876.99	1185.77
877.16	1153.01
877.32	1216.49
877.49	1128.43
877.66	1122.29
877.82	1222.64
877.99	1132.53
878.15	1183.73
878.32	1230.83
878.49	1202.16
878.65	1230.83
878.82	1206.25
878.98	1185.77
879.15	1206.25
879.32	1232.88
879.48	1191.92
879.65	1128.43
879.81	1118.19
879.98	1185.77
880.15	1097.71
880.31	1239.02
880.48	1122.29
880.64	1208.30
880.81	1189.87
880.97	1177.58
881.14	1226.73
881.31	1142.77
881.47	1155.05
881.64	1120.24
881.80	1216.49
881.97	1136.62
882.13	1161.20
882.30	1175.53
882.47	1204.21
882.63	1155.05
882.80	1134.57
882.96	1191.92
883.13	1175.53
883.29	1171.44
883.46	1112.05
883.62	1196.01
883.79	1232.88
883.95	1124.33
884.12	1185.77
884.29	1159.15
884.45	1177.58
884.62	1140.72
884.78	1239.02
884.95	1118.19
885.11	1118.19
885.28	1150.96
885.44	1214.45
885.61	1210.35
885.77	1150.96
885.94	1103.86
886.10	1173.49
886.27	1181.68
886.43	1148.91
886.60	1198.06
886.76	1204.21
886.93	1189.87
887.09	1165.29
887.26	1165.29
887.42	1175.53
887.59	1146.86
887.75	1177.58
887.92	1146.86
888.08	1196.01
888.25	1136.62
888.41	1175.53
888.58	1093.62
888.74	1153.01
888.91	1161.20
