177.47	1204.21
177.69	1204.21
177.91	1204.21
178.13	1179.63
178.36	1144.81
178.58	1243.12
178.80	1175.53
179.02	1175.53
179.24	1204.21
179.46	1189.87
179.68	1187.82
179.90	1214.45
180.13	1175.53
180.35	1204.21
180.57	1202.16
180.79	1126.38
181.01	1179.63
181.23	1132.53
181.45	1171.44
181.67	1212.40
181.90	1167.34
182.12	1189.87
182.34	1167.34
182.56	1191.92
182.78	1230.83
183.00	1157.10
183.22	1171.44
183.44	1142.77
183.66	1167.34
183.89	1232.88
184.11	1212.40
184.33	1173.49
184.55	1179.63
184.77	1171.44
184.99	1226.73
185.21	1189.87
185.43	1212.40
185.65	1101.81
185.87	1193.97
186.10	1155.05
186.32	1148.91
186.54	1155.05
186.76	1206.25
186.98	1114.10
187.20	1183.73
187.42	1177.58
187.64	1177.58
187.86	1155.05
188.08	1161.20
188.30	1214.45
188.52	1163.25
188.75	1155.05
188.97	1193.97
189.19	1128.43
189.41	1148.91
189.63	1157.10
189.85	1097.71
190.07	1212.40
190.29	1077.23
190.51	1220.59
190.73	1167.34
190.95	1202.16
191.17	1187.82
191.39	1232.88
191.61	1148.91
191.84	1214.45
192.06	1183.73
192.28	1181.68
192.50	1226.73
192.72	1224.69
192.94	1155.05
193.16	1153.01
193.38	1202.16
193.60	1167.34
193.82	1189.87
194.04	1134.57
194.26	1253.36
194.48	1165.29
194.70	1191.92
194.92	1142.77
195.14	1179.63
195.36	1208.30
195.58	1212.40
195.80	1105.90
196.02	1134.57
196.24	1187.82
196.46	1163.25
196.69	1161.20
196.91	1165.29
197.13	1142.77
197.35	1191.92
197.57	1208.30
197.79	1077.23
198.01	1134.57
198.23	1236.97
198.45	1134.57
198.67	1169.39
198.89	1134.57
199.11	1163.25
199.33	1204.21
199.55	1146.86
199.77	1193.97
199.99	1196.01
200.21	1169.39
200.43	1165.29
200.65	1136.62
200.87	1187.82
201.09	1198.06
201.31	1132.53
201.53	1144.81
201.75	1185.77
201.97	1179.63
202.19	1187.82
202.41	1169.39
202.63	1175.53
202.85	1177.58
203.07	1163.25
203.29	1214.45
203.51	1234.93
203.73	1175.53
203.95	1206.25
204.17	1206.25
204.39	1189.87
204.61	1155.05
204.83	1253.36
205.05	1171.44
205.27	1157.10
205.49	1167.34
205.71	1265.64
205.93	1112.05
206.15	1101.81
206.37	1132.53
206.59	1191.92
206.81	1208.30
207.03	1175.53
207.25	1175.53
207.47	1132.53
207.69	1116.14
207.91	1214.45
208.13	1159.15
208.34	1183.73
208.56	1189.87
208.78	1138.67
209.00	1175.53
209.22	1177.58
209.44	1138.67
209.66	1187.82
209.88	1191.92
210.10	1161.20
210.32	1153.01
210.54	1150.96
210.76	1228.78
210.98	1208.30
211.20	1189.87
211.42	1157.10
211.64	1171.44
211.86	1165.29
212.08	1019.89
212.30	1193.97
212.52	1130.48
212.74	1169.39
212.96	1212.40
213.17	1189.87
213.39	1187.82
213.61	1171.44
213.83	1204.21
214.05	1169.39
214.27	1214.45
214.49	1179.63
214.71	1206.25
214.93	1208.30
215.15	1200.11
215.37	1140.72
215.59	1189.87
215.81	1171.44
216.03	1245.16
216.24	1167.34
216.46	1167.34
216.68	1060.85
216.90	1234.93
217.12	1157.10
217.34	1175.53
217.56	1163.25
217.78	1126.38
218.00	1196.01
218.22	1183.73
218.44	1196.01
218.66	1153.01
218.87	1175.53
219.09	1103.86
219.31	1183.73
219.53	1181.68
219.75	1095.66
219.97	1169.39
220.19	1167.34
220.41	1107.95
220.63	1099.76
220.85	1118.19
221.06	1175.53
221.28	1202.16
221.50	1105.90
221.72	1208.30
221.94	1142.77
222.16	1243.12
222.38	1206.25
222.60	1179.63
222.82	1144.81
223.03	1142.77
223.25	1155.05
223.47	1181.68
223.69	1239.02
223.91	1200.11
224.13	1226.73
224.35	1208.30
224.57	1161.20
224.78	1204.21
225.00	1179.63
225.22	1185.77
225.44	1150.96
225.66	1169.39
225.88	1089.52
226.10	1097.71
226.32	1222.64
226.53	1155.05
226.75	1232.88
226.97	1198.06
227.19	1116.14
227.41	1114.10
227.63	1126.38
227.85	1140.72
228.06	1208.30
228.28	1107.95
228.50	1126.38
228.72	1200.11
228.94	1224.69
229.16	1193.97
229.37	1175.53
229.59	1204.21
229.81	1189.87
230.03	1179.63
230.25	1159.15
230.47	1142.77
230.69	1153.01
230.90	1179.63
231.12	1185.77
231.34	1148.91
231.56	1196.01
231.78	1189.87
232.00	1189.87
232.21	1150.96
232.43	1177.58
232.65	1191.92
232.87	1157.10
233.09	1212.40
233.30	1165.29
233.52	1259.50
233.74	1265.64
233.96	1224.69
234.18	1206.25
234.40	1167.34
234.61	1173.49
234.83	1157.10
235.05	1181.68
235.27	1173.49
235.49	1153.01
235.70	1224.69
235.92	1157.10
236.14	1191.92
236.36	1175.53
236.58	1206.25
236.79	1224.69
237.01	1167.34
237.23	1130.48
237.45	1163.25
237.67	1163.25
237.88	1130.48
238.10	1167.34
238.32	1146.86
238.54	1222.64
238.76	1181.68
238.97	1136.62
239.19	1210.35
239.41	1157.10
239.63	1089.52
239.85	1091.57
240.06	1181.68
240.28	1230.83
240.50	1155.05
240.72	1134.57
240.93	1150.96
241.15	1132.53
241.37	1196.01
241.59	1157.10
241.81	1144.81
242.02	1187.82
242.24	1181.68
242.46	1122.29
242.68	1200.11
242.89	1222.64
243.11	1159.15
243.33	1214.45
243.55	1114.10
243.76	1208.30
243.98	1128.43
244.20	1269.74
244.42	1173.49
244.64	1251.31
244.85	1171.44
245.07	1175.53
245.29	1171.44
245.51	1155.05
245.72	1146.86
245.94	1224.69
246.16	1138.67
246.38	1204.21
246.59	1138.67
246.81	1181.68
247.03	1169.39
247.24	1144.81
247.46	1159.15
247.68	1181.68
247.90	1146.86
248.11	1183.73
248.33	1191.92
248.55	1189.87
248.77	1101.81
248.98	1181.68
249.20	1247.21
249.42	1171.44
249.64	1159.15
249.85	1181.68
250.07	1191.92
250.29	1165.29
250.50	1191.92
250.72	1204.21
250.94	1140.72
251.16	1173.49
251.37	1079.28
251.59	1202.16
251.81	1159.15
252.02	1196.01
252.24	1247.21
252.46	1212.40
252.68	1146.86
252.89	1163.25
253.11	1187.82
253.33	1153.01
253.54	1128.43
253.76	1173.49
253.98	1224.69
254.20	1239.02
254.41	1171.44
254.63	1187.82
254.85	1196.01
255.06	1142.77
255.28	1167.34
255.50	1216.49
255.71	1159.15
255.93	1187.82
256.15	1165.29
256.36	1112.05
256.58	1173.49
256.80	1155.05
257.02	1122.29
257.23	1161.20
257.45	1228.78
257.67	1085.42
257.88	1134.57
258.10	1148.91
258.32	1222.64
258.53	1153.01
258.75	1124.33
258.97	1187.82
259.18	1095.66
259.40	1144.81
259.62	1155.05
259.83	1196.01
260.05	1261.55
260.27	1198.06
260.48	1155.05
260.70	1196.01
260.92	1167.34
261.13	1198.06
261.35	1142.77
261.57	1153.01
261.78	1179.63
262.00	1161.20
262.22	1150.96
262.43	1173.49
262.65	1142.77
262.86	1183.73
263.08	1191.92
263.30	1159.15
263.51	1208.30
263.73	1161.20
263.95	1200.11
264.16	1165.29
264.38	1116.14
264.60	1200.11
264.81	1212.40
265.03	1206.25
265.25	1130.48
265.46	1114.10
265.68	1253.36
265.89	1228.78
266.11	1230.83
266.33	1169.39
266.54	1163.25
266.76	1150.96
266.98	1138.67
267.19	1234.93
267.41	1212.40
267.62	1130.48
267.84	1077.23
268.06	1214.45
268.27	1181.68
268.49	1212.40
268.70	1177.58
268.92	1189.87
269.14	1114.10
269.35	1196.01
269.57	1210.35
269.79	1216.49
270.00	1146.86
270.22	1191.92
270.43	1171.44
270.65	1171.44
270.87	1142.77
271.08	1193.97
271.30	1146.86
271.51	1282.03
271.73	1085.42
271.95	1159.15
272.16	1148.91
272.38	1189.87
272.59	1179.63
272.81	1136.62
273.02	1155.05
273.24	1130.48
273.46	1114.10
273.67	1099.76
273.89	1236.97
274.10	1208.30
274.32	1155.05
274.54	1249.26
274.75	1167.34
274.97	1142.77
275.18	1142.77
275.40	1175.53
275.61	1234.93
275.83	1191.92
276.05	1265.64
276.26	1196.01
276.48	1189.87
276.69	1196.01
276.91	1275.88
277.12	1282.03
277.34	1216.49
277.55	1179.63
277.77	1169.39
277.99	1230.83
278.20	1224.69
278.42	1193.97
278.63	1134.57
278.85	1107.95
279.06	1144.81
279.28	1228.78
279.49	1138.67
279.71	1212.40
279.93	1122.29
280.14	1167.34
280.36	1069.04
280.57	1155.05
280.79	1214.45
281.00	1130.48
281.22	1224.69
281.43	1212.40
281.65	1236.97
281.86	1140.72
282.08	1132.53
282.29	1222.64
282.51	1120.24
282.73	1183.73
282.94	1198.06
283.16	1220.59
283.37	1155.05
283.59	1155.05
283.80	1112.05
284.02	1196.01
284.23	1179.63
284.45	1214.45
284.66	1200.11
284.88	1212.40
285.09	1146.86
285.31	1130.48
285.52	1144.81
285.74	1126.38
285.95	1214.45
286.17	1189.87
286.38	1191.92
286.60	1183.73
286.81	1198.06
287.03	1245.16
287.24	1187.82
287.46	1079.28
287.67	1232.88
287.89	1232.88
288.10	1110.00
288.32	1216.49
288.53	1236.97
288.75	1142.77
288.96	1214.45
289.18	1114.10
289.39	1150.96
289.61	1193.97
289.82	1189.87
290.04	1224.69
290.25	1234.93
290.47	1204.21
290.68	1185.77
290.90	1163.25
291.11	1234.93
291.33	1189.87
291.54	1222.64
291.76	1157.10
291.97	1153.01
292.18	1142.77
292.40	1163.25
292.61	1243.12
292.83	1146.86
293.04	1155.05
293.26	1171.44
293.47	1206.25
293.69	1177.58
293.90	1185.77
294.12	1093.62
294.33	1157.10
294.55	1103.86
294.76	1202.16
294.97	1185.77
295.19	1220.59
295.40	1189.87
295.62	1122.29
295.83	1148.91
296.05	1144.81
296.26	1146.86
296.48	1193.97
296.69	1130.48
296.90	1204.21
297.12	1144.81
297.33	1150.96
297.55	1140.72
297.76	1060.85
297.98	1206.25
298.19	1161.20
298.41	1187.82
298.62	1183.73
298.83	1163.25
299.05	1124.33
299.26	1136.62
299.48	1148.91
299.69	1138.67
299.90	1210.35
300.12	1165.29
300.33	1200.11
300.55	1126.38
300.76	1212.40
300.98	1193.97
301.19	1126.38
301.40	1173.49
301.62	1236.97
301.83	1249.26
302.05	1214.45
302.26	1177.58
302.47	1200.11
302.69	1089.52
302.90	1196.01
303.12	1177.58
303.33	1255.40
303.54	1183.73
303.76	1218.54
303.97	1175.53
304.19	1183.73
304.40	1175.53
304.61	1052.66
304.83	1136.62
305.04	1191.92
305.26	1142.77
305.47	1177.58
305.68	1275.88
305.90	1079.28
306.11	1216.49
306.33	1202.16
306.54	1224.69
306.75	1105.90
306.97	1191.92
307.18	1232.88
307.39	1140.72
307.61	1177.58
307.82	1167.34
308.04	1155.05
308.25	1136.62
308.46	1134.57
308.68	1177.58
308.89	1169.39
309.10	1191.92
309.32	1187.82
309.53	1183.73
309.74	1193.97
309.96	1210.35
310.17	1167.34
310.39	1218.54
310.60	1187.82
310.81	1191.92
311.03	1148.91
311.24	1214.45
311.45	1128.43
311.67	1212.40
311.88	1167.34
312.09	1159.15
312.31	1228.78
312.52	1216.49
312.73	1144.81
312.95	1236.97
313.16	1122.29
313.37	1196.01
313.59	1218.54
313.80	1153.01
314.01	1175.53
314.23	1230.83
314.44	1159.15
314.65	1214.45
314.87	1269.74
315.08	1189.87
315.29	1093.62
315.51	1185.77
315.72	1204.21
315.93	1198.06
316.15	1173.49
316.36	1163.25
316.57	1198.06
316.79	1142.77
317.00	1171.44
317.21	1181.68
317.43	1259.50
317.64	1136.62
317.85	1175.53
318.07	1179.63
318.28	1206.25
318.49	1185.77
318.70	1196.01
318.92	1257.45
319.13	1144.81
319.34	1144.81
319.56	1118.19
319.77	1216.49
319.98	1159.15
320.20	1128.43
320.41	1208.30
320.62	1153.01
320.83	1185.77
321.05	1187.82
321.26	1198.06
321.47	1212.40
321.69	1210.35
321.90	1173.49
322.11	1157.10
322.32	1167.34
322.54	1144.81
322.75	1144.81
322.96	1148.91
323.18	1165.29
323.39	1175.53
323.60	1196.01
323.81	1157.10
324.03	1196.01
324.24	1146.86
324.45	1193.97
324.66	1191.92
324.88	1230.83
325.09	1165.29
325.30	1218.54
325.52	1165.29
325.73	1085.42
325.94	1167.34
326.15	1132.53
326.37	1148.91
326.58	1083.38
326.79	1140.72
327.00	1159.15
327.22	1198.06
327.43	1142.77
327.64	1198.06
327.85	1179.63
328.07	1146.86
328.28	1173.49
328.49	1167.34
328.70	1161.20
328.92	1173.49
329.13	1140.72
329.34	1193.97
329.55	1198.06
329.76	1146.86
329.98	1292.27
330.19	1187.82
330.40	1114.10
330.61	1175.53
330.83	1171.44
331.04	1173.49
331.25	1241.07
331.46	1208.30
331.68	1193.97
331.89	1245.16
332.10	1153.01
332.31	1140.72
332.52	1163.25
332.74	1179.63
332.95	1191.92
333.16	1265.64
333.37	1165.29
333.58	1179.63
333.80	1083.38
334.01	1196.01
334.22	1181.68
334.43	1167.34
334.64	1189.87
334.86	1132.53
335.07	1169.39
335.28	1175.53
335.49	1161.20
335.70	1167.34
335.92	1189.87
336.13	1193.97
336.34	1183.73
336.55	1138.67
336.76	1155.05
336.98	1132.53
337.19	1236.97
337.40	1148.91
337.61	1179.63
337.82	1181.68
338.04	1157.10
338.25	1212.40
338.46	1191.92
338.67	1157.10
338.88	1273.84
339.09	1196.01
339.31	1189.87
339.52	1232.88
339.73	1191.92
339.94	1110.00
340.15	1189.87
340.36	1249.26
340.58	1169.39
340.79	1179.63
341.00	1193.97
341.21	1173.49
341.42	1173.49
341.63	1202.16
341.85	1183.73
342.06	1163.25
342.27	1179.63
342.48	1093.62
342.69	1204.21
342.90	1157.10
343.12	1206.25
343.33	1232.88
343.54	1167.34
343.75	1228.78
343.96	1175.53
344.17	1163.25
344.38	1163.25
344.60	1210.35
344.81	1157.10
345.02	1179.63
345.23	1140.72
345.44	1206.25
345.65	1185.77
345.86	1206.25
346.07	1177.58
346.29	1163.25
346.50	1144.81
346.71	1171.44
346.92	1241.07
347.13	1116.14
347.34	1189.87
347.55	1198.06
347.76	1155.05
347.98	1122.29
348.19	1214.45
348.40	1132.53
348.61	1241.07
348.82	1216.49
349.03	1163.25
349.24	1124.33
349.45	1155.05
349.66	1116.14
349.88	1191.92
350.09	1165.29
350.30	1200.11
350.51	1126.38
350.72	1175.53
350.93	1122.29
351.14	1193.97
351.35	1196.01
351.56	1150.96
351.77	1206.25
351.99	1165.29
352.20	1142.77
352.41	1202.16
352.62	1146.86
352.83	1159.15
353.04	1175.53
353.25	1157.10
353.46	1193.97
353.67	1200.11
353.88	1245.16
354.09	1128.43
354.30	1239.02
354.52	1150.96
354.73	1167.34
354.94	1173.49
355.15	1163.25
355.36	1140.72
355.57	1175.53
355.78	1179.63
355.99	1171.44
356.20	1249.26
356.41	1183.73
356.62	1181.68
356.83	1200.11
357.04	1167.34
357.25	1222.64
357.46	1163.25
357.68	1064.94
357.89	1128.43
358.10	1126.38
358.31	1155.05
358.52	1206.25
358.73	1114.10
358.94	1175.53
359.15	1116.14
359.36	1239.02
359.57	1153.01
359.78	1212.40
359.99	1200.11
360.20	1200.11
360.41	1083.38
360.62	1150.96
360.83	1110.00
361.04	1107.95
361.25	1134.57
361.46	1191.92
361.67	1148.91
361.88	1148.91
362.09	1191.92
362.30	1224.69
362.51	1191.92
362.72	1138.67
362.93	1222.64
363.14	1234.93
363.35	1236.97
363.56	1241.07
363.78	1236.97
363.99	1161.20
364.20	1196.01
364.41	1167.34
364.62	1220.59
364.83	1202.16
365.04	1191.92
365.25	1116.14
365.46	1116.14
365.67	1171.44
365.88	1110.00
366.09	1191.92
366.30	1120.24
366.51	1150.96
366.72	1202.16
366.93	1234.93
367.14	1200.11
367.35	1155.05
367.56	1183.73
367.77	1173.49
367.98	1140.72
368.18	1230.83
368.39	1064.94
368.60	1216.49
368.81	1157.10
369.02	1187.82
369.23	1132.53
369.44	1114.10
369.65	1175.53
369.86	1169.39
370.07	1087.47
370.28	1142.77
370.49	1183.73
370.70	1232.88
370.91	1277.93
371.12	1183.73
371.33	1185.77
371.54	1183.73
371.75	1173.49
371.96	1263.60
372.17	1159.15
372.38	1216.49
372.59	1173.49
372.80	1175.53
373.01	1177.58
373.22	1251.31
373.43	1198.06
373.64	1175.53
373.85	1232.88
374.06	1189.87
374.26	1224.69
374.47	1212.40
374.68	1138.67
374.89	1228.78
375.10	1193.97
375.31	1110.00
375.52	1179.63
375.73	1220.59
375.94	1200.11
376.15	1171.44
376.36	1150.96
376.57	1130.48
376.78	1200.11
376.99	1185.77
377.20	1136.62
377.40	1181.68
377.61	1150.96
377.82	1189.87
378.03	1124.33
378.24	1110.00
378.45	1153.01
378.66	1103.86
378.87	1132.53
379.08	1153.01
379.29	1132.53
379.50	1187.82
379.71	1200.11
379.91	1179.63
380.12	1157.10
380.33	1269.74
380.54	1173.49
380.75	1183.73
380.96	1216.49
381.17	1048.56
381.38	1249.26
381.59	1224.69
381.80	1239.02
382.00	1191.92
382.21	1161.20
382.42	1224.69
382.63	1185.77
382.84	1228.78
383.05	1167.34
383.26	1183.73
383.47	1185.77
383.68	1208.30
383.88	1191.92
384.09	1183.73
384.30	1206.25
384.51	1116.14
384.72	1200.11
384.93	1175.53
385.14	1120.24
385.35	1150.96
385.55	1173.49
385.76	1142.77
385.97	1138.67
386.18	1171.44
386.39	1185.77
386.60	1185.77
386.81	1118.19
387.02	1239.02
387.22	1132.53
387.43	1132.53
387.64	1128.43
387.85	1204.21
388.06	1134.57
388.27	1243.12
388.48	1175.53
388.68	1161.20
388.89	1183.73
389.10	1230.83
389.31	1204.21
389.52	1101.81
389.73	1130.48
389.93	1173.49
390.14	1173.49
390.35	1183.73
390.56	1200.11
390.77	1183.73
390.98	1122.29
391.18	1206.25
391.39	1177.58
391.60	1163.25
391.81	1114.10
392.02	1116.14
392.23	1116.14
392.43	1159.15
392.64	1200.11
392.85	1177.58
393.06	1136.62
393.27	1228.78
393.47	1177.58
393.68	1204.21
393.89	1208.30
394.10	1165.29
394.31	1148.91
394.52	1173.49
394.72	1130.48
394.93	1161.20
395.14	1128.43
395.35	1200.11
395.56	1206.25
395.76	1175.53
395.97	1071.09
396.18	1165.29
396.39	1216.49
396.60	1171.44
396.80	1191.92
397.01	1198.06
397.22	1163.25
397.43	1208.30
397.64	1191.92
397.84	1140.72
398.05	1202.16
398.26	1196.01
398.47	1218.54
398.67	1198.06
398.88	1175.53
399.09	1202.16
399.30	1136.62
399.51	1208.30
399.71	1196.01
399.92	1253.36
400.13	1167.34
400.34	1167.34
400.54	1150.96
400.75	1175.53
400.96	1216.49
401.17	1226.73
401.37	1122.29
401.58	1167.34
401.79	1200.11
402.00	1163.25
402.21	1146.86
402.41	1243.12
402.62	1202.16
402.83	1249.26
403.04	1144.81
403.24	1146.86
403.45	1138.67
403.66	1153.01
403.87	1181.68
404.07	1187.82
404.28	1161.20
404.49	1148.91
404.70	1175.53
404.90	1165.29
405.11	1150.96
405.32	1208.30
405.52	1175.53
405.73	1112.05
405.94	1148.91
406.15	1153.01
406.35	1216.49
406.56	1146.86
406.77	1165.29
406.98	1234.93
407.18	1150.96
407.39	1212.40
407.60	1155.05
407.80	1202.16
408.01	1136.62
408.22	1175.53
408.43	1150.96
408.63	1155.05
408.84	1122.29
409.05	1089.52
409.25	1163.25
409.46	1124.33
409.67	1120.24
409.88	1107.95
410.08	1193.97
410.29	1167.34
410.50	1247.21
410.70	1222.64
410.91	1155.05
411.12	1165.29
411.32	1157.10
411.53	1150.96
411.74	1204.21
411.95	1173.49
412.15	1146.86
412.36	1153.01
412.57	1191.92
412.77	1083.38
412.98	1222.64
413.19	1132.53
413.39	1132.53
413.60	1206.25
413.81	1214.45
414.01	1202.16
414.22	1216.49
414.43	1155.05
414.63	1206.25
414.84	1177.58
415.05	1216.49
415.25	1208.30
415.46	1214.45
415.67	1183.73
415.87	1140.72
416.08	1148.91
416.29	1144.81
416.49	1155.05
416.70	1200.11
416.91	1132.53
417.11	1224.69
417.32	1222.64
417.53	1142.77
417.73	1155.05
417.94	1200.11
418.15	1161.20
418.35	1171.44
418.56	1206.25
418.77	1157.10
418.97	1245.16
419.18	1214.45
419.38	1150.96
419.59	1206.25
419.80	1112.05
420.00	1167.34
420.21	1193.97
420.42	1196.01
420.62	1247.21
420.83	1144.81
421.04	1210.35
421.24	1142.77
421.45	1173.49
421.65	1175.53
421.86	1191.92
422.07	1185.77
422.27	1110.00
422.48	1148.91
422.69	1179.63
422.89	1243.12
423.10	1150.96
423.30	1224.69
423.51	1163.25
423.72	1155.05
423.92	1189.87
424.13	1130.48
424.33	1161.20
424.54	1179.63
424.75	1179.63
424.95	1196.01
425.16	1216.49
425.36	1253.36
425.57	1140.72
425.78	1173.49
425.98	1251.31
426.19	1200.11
426.39	1136.62
426.60	1171.44
426.81	1181.68
427.01	1191.92
427.22	1146.86
427.42	1138.67
427.63	1236.97
427.83	1163.25
428.04	1157.10
428.25	1173.49
428.45	1210.35
428.66	1200.11
428.86	1204.21
429.07	1196.01
429.28	1193.97
429.48	1200.11
429.69	1159.15
429.89	1179.63
430.10	1259.50
430.30	1212.40
430.51	1146.86
430.71	1220.59
430.92	1161.20
431.13	1224.69
431.33	1163.25
431.54	1198.06
431.74	1187.82
431.95	1138.67
432.15	1196.01
432.36	1165.29
432.56	1161.20
432.77	1230.83
432.98	1224.69
433.18	1146.86
433.39	1101.81
433.59	1234.93
433.80	1173.49
434.00	1187.82
434.21	1122.29
434.41	1159.15
434.62	1279.98
434.82	1134.57
435.03	1153.01
435.23	1236.97
435.44	1239.02
435.64	1167.34
435.85	1153.01
436.06	1196.01
436.26	1112.05
436.47	1228.78
436.67	1173.49
436.88	1208.30
437.08	1099.76
437.29	1150.96
437.49	1167.34
437.70	1165.29
437.90	1126.38
438.11	1150.96
438.31	1220.59
438.52	1159.15
438.72	1163.25
438.93	1255.40
439.13	1105.90
439.34	1155.05
439.54	1177.58
439.75	1155.05
439.95	1163.25
440.16	1222.64
440.36	1230.83
440.57	1181.68
440.77	1228.78
440.98	1218.54
441.18	1187.82
441.39	1128.43
441.59	1179.63
441.80	1073.14
442.00	1150.96
442.21	1122.29
442.41	1165.29
442.62	1153.01
442.82	1179.63
443.02	1206.25
443.23	1157.10
443.43	1142.77
443.64	1159.15
443.84	1206.25
444.05	1159.15
444.25	1120.24
444.46	1257.45
444.66	1167.34
444.87	1187.82
445.07	1122.29
445.28	1196.01
445.48	1183.73
445.69	1218.54
445.89	1271.79
446.09	1226.73
446.30	1148.91
446.50	1130.48
446.71	1163.25
446.91	1204.21
447.12	1159.15
447.32	1179.63
447.53	1167.34
447.73	1120.24
447.93	1189.87
448.14	1202.16
448.34	1163.25
448.55	1155.05
448.75	1193.97
448.96	1171.44
449.16	1220.59
449.36	1148.91
449.57	1181.68
449.77	1136.62
449.98	1112.05
450.18	1214.45
450.39	1167.34
450.59	1298.41
450.79	1163.25
451.00	1232.88
451.20	1206.25
451.41	1107.95
451.61	1116.14
451.81	1124.33
452.02	1200.11
452.22	1206.25
452.43	1165.29
452.63	1175.53
452.84	1175.53
453.04	1183.73
453.24	1185.77
453.45	1089.52
453.65	1163.25
453.86	1239.02
454.06	1134.57
454.26	1163.25
454.47	1177.58
454.67	1173.49
454.87	1157.10
455.08	1165.29
455.28	1200.11
455.49	1189.87
455.69	1196.01
455.89	1167.34
456.10	1181.68
456.30	1206.25
456.51	1198.06
456.71	1189.87
456.91	1273.84
457.12	1161.20
457.32	1171.44
457.52	1206.25
457.73	1177.58
457.93	1204.21
458.14	1187.82
458.34	1150.96
458.54	1142.77
458.75	1216.49
458.95	1230.83
459.15	1189.87
459.36	1212.40
459.56	1191.92
459.76	1169.39
459.97	1155.05
460.17	1163.25
460.37	1155.05
460.58	1079.28
460.78	1157.10
460.99	1159.15
461.19	1107.95
461.39	1191.92
461.60	1175.53
461.80	1130.48
462.00	1140.72
462.21	1105.90
462.41	1171.44
462.61	1179.63
462.82	1228.78
463.02	1167.34
463.22	1163.25
463.43	1216.49
463.63	1169.39
463.83	1157.10
464.04	1200.11
464.24	1097.71
464.44	1157.10
464.64	1140.72
464.85	1212.40
465.05	1243.12
465.25	1163.25
465.46	1181.68
465.66	1175.53
465.86	1196.01
466.07	1196.01
466.27	1163.25
466.47	1155.05
466.68	1185.77
466.88	1118.19
467.08	1193.97
467.29	1138.67
467.49	1142.77
467.69	1157.10
467.89	1163.25
468.10	1265.64
468.30	1146.86
468.50	1226.73
468.71	1212.40
468.91	1157.10
469.11	1175.53
469.31	1245.16
469.52	1193.97
469.72	1222.64
469.92	1200.11
470.13	1218.54
470.33	1155.05
470.53	1261.55
470.73	1167.34
470.94	1234.93
471.14	1134.57
471.34	1185.77
471.54	1177.58
471.75	1189.87
471.95	1163.25
472.15	1200.11
472.36	1187.82
472.56	1191.92
472.76	1226.73
472.96	1212.40
473.17	1163.25
473.37	1159.15
473.57	1224.69
473.77	1150.96
473.98	1155.05
474.18	1150.96
474.38	1204.21
474.58	1142.77
474.79	1187.82
474.99	1226.73
475.19	1163.25
475.39	1144.81
475.60	1185.77
475.80	1187.82
476.00	1191.92
476.20	1222.64
476.41	1196.01
476.61	1148.91
476.81	1169.39
477.01	1177.58
477.21	1177.58
477.42	1159.15
477.62	1183.73
477.82	1175.53
478.02	1200.11
478.23	1232.88
478.43	1177.58
478.63	1249.26
478.83	1173.49
479.03	1124.33
479.24	1120.24
479.44	1153.01
479.64	1214.45
479.84	1208.30
480.04	1132.53
480.25	1118.19
480.45	1185.77
480.65	1232.88
480.85	1200.11
481.06	1239.02
481.26	1136.62
481.46	1146.86
481.66	1183.73
481.86	1245.16
482.06	1249.26
482.27	1167.34
482.47	1200.11
482.67	1177.58
482.87	1157.10
483.07	1175.53
483.28	1167.34
483.48	1122.29
483.68	1181.68
483.88	1161.20
484.08	1218.54
484.29	1140.72
484.49	1200.11
484.69	1161.20
484.89	1212.40
485.09	1126.38
485.29	1198.06
485.50	1198.06
485.70	1257.45
485.90	1208.30
486.10	1142.77
486.30	1216.49
486.50	1198.06
486.71	1183.73
486.91	1101.81
487.11	1116.14
487.31	1200.11
487.51	1191.92
487.71	1173.49
487.91	1155.05
488.12	1134.57
488.32	1183.73
488.52	1150.96
488.72	1171.44
488.92	1157.10
489.12	1187.82
489.32	1169.39
489.53	1222.64
489.73	1159.15
489.93	1220.59
490.13	1202.16
490.33	1216.49
490.53	1222.64
490.73	1228.78
490.94	1136.62
491.14	1253.36
491.34	1222.64
491.54	1159.15
491.74	1206.25
491.94	1214.45
492.14	1153.01
492.34	1187.82
492.54	1210.35
492.75	1157.10
492.95	1202.16
493.15	1122.29
493.35	1196.01
493.55	1290.22
493.75	1105.90
493.95	1122.29
494.15	1181.68
494.35	1206.25
494.56	1173.49
494.76	1097.71
494.96	1157.10
495.16	1228.78
495.36	1157.10
495.56	1155.05
495.76	1179.63
495.96	1165.29
496.16	1173.49
496.36	1173.49
496.56	1171.44
496.77	1165.29
496.97	1226.73
497.17	1198.06
497.37	1120.24
497.57	1155.05
497.77	1126.38
497.97	1161.20
498.17	1140.72
498.37	1150.96
498.57	1208.30
498.77	1193.97
498.97	1105.90
499.17	1179.63
499.38	1193.97
499.58	1243.12
499.78	1150.96
499.98	1206.25
500.18	1138.67
500.38	1222.64
500.58	1243.12
500.78	1157.10
500.98	1228.78
501.18	1183.73
501.38	1253.36
501.58	1146.86
501.78	1210.35
501.98	1144.81
502.18	1179.63
502.38	1177.58
502.58	1114.10
502.78	1200.11
502.98	1148.91
503.18	1155.05
503.38	1157.10
503.59	1159.15
503.79	1167.34
503.99	1163.25
504.19	1241.07
504.39	1226.73
504.59	1140.72
504.79	1148.91
504.99	1189.87
505.19	1099.76
505.39	1122.29
505.59	1171.44
505.79	1228.78
505.99	1187.82
506.19	1163.25
506.39	1118.19
506.59	1181.68
506.79	1132.53
506.99	1193.97
507.19	1196.01
507.39	1214.45
507.59	1155.05
507.79	1173.49
507.99	1173.49
508.19	1187.82
508.39	1173.49
508.59	1165.29
508.79	1259.50
508.99	1183.73
509.19	1142.77
509.39	1189.87
509.59	1187.82
509.79	1191.92
509.99	1153.01
510.19	1118.19
510.39	1134.57
510.59	1163.25
510.79	1161.20
510.99	1165.29
511.19	1232.88
511.39	1177.58
511.59	1208.30
511.79	1173.49
511.99	1200.11
512.19	1118.19
512.38	1247.21
512.58	1175.53
512.78	1255.40
512.98	1132.53
513.18	1220.59
513.38	1196.01
513.58	1148.91
513.78	1155.05
513.98	1202.16
514.18	1107.95
514.38	1175.53
514.58	1128.43
514.78	1167.34
514.98	1144.81
515.18	1116.14
515.38	1204.21
515.58	1253.36
515.78	1171.44
515.98	1140.72
516.18	1155.05
516.38	1189.87
516.57	1218.54
516.77	1212.40
516.97	1208.30
517.17	1144.81
517.37	1222.64
517.57	1191.92
517.77	1155.05
517.97	1146.86
518.17	1210.35
518.37	1196.01
518.57	1167.34
518.77	1232.88
518.97	1175.53
519.16	1230.83
519.36	1175.53
519.56	1210.35
519.76	1249.26
519.96	1165.29
520.16	1120.24
520.36	1198.06
520.56	1103.86
520.76	1126.38
520.96	1163.25
521.16	1122.29
521.35	1155.05
521.55	1200.11
521.75	1085.42
521.95	1110.00
522.15	1206.25
522.35	1226.73
522.55	1189.87
522.75	1144.81
522.95	1169.39
523.14	1122.29
523.34	1208.30
523.54	1206.25
523.74	1146.86
523.94	1148.91
524.14	1206.25
524.34	1093.62
524.54	1105.90
524.73	1130.48
524.93	1177.58
525.13	1142.77
525.33	1193.97
525.53	1236.97
525.73	1191.92
525.93	1196.01
526.13	1081.33
526.32	1236.97
526.52	1155.05
526.72	1163.25
526.92	1153.01
527.12	1175.53
527.32	1200.11
527.52	1232.88
527.71	1148.91
527.91	1224.69
528.11	1165.29
528.31	1224.69
528.51	1204.21
528.71	1189.87
528.90	1169.39
529.10	1220.59
529.30	1212.40
529.50	1155.05
529.70	1204.21
529.90	1189.87
530.09	1185.77
530.29	1163.25
530.49	1142.77
530.69	1196.01
530.89	1155.05
531.09	1191.92
531.28	1163.25
531.48	1132.53
531.68	1179.63
531.88	1198.06
532.08	1191.92
532.28	1124.33
532.47	1249.26
532.67	1167.34
532.87	1130.48
533.07	1191.92
533.27	1171.44
533.46	1140.72
533.66	1204.21
533.86	1185.77
534.06	1126.38
534.26	1230.83
534.45	1200.11
534.65	1255.40
534.85	1222.64
535.05	1230.83
535.25	1177.58
535.44	1159.15
535.64	1120.24
535.84	1105.90
536.04	1202.16
536.24	1202.16
536.43	1167.34
536.63	1208.30
536.83	1187.82
537.03	1193.97
537.22	1146.86
537.42	1153.01
537.62	1110.00
537.82	1175.53
538.02	1163.25
538.21	1253.36
538.41	1150.96
538.61	1189.87
538.81	1218.54
539.00	1193.97
539.20	1218.54
539.40	1128.43
539.60	1183.73
539.79	1234.93
539.99	1167.34
540.19	1239.02
540.39	1155.05
540.58	1101.81
540.78	1159.15
540.98	1210.35
541.18	1105.90
541.37	1175.53
541.57	1144.81
541.77	1196.01
541.97	1136.62
542.16	1150.96
542.36	1089.52
542.56	1155.05
542.76	1210.35
542.95	1222.64
543.15	1212.40
543.35	1073.14
543.54	1206.25
543.74	1230.83
543.94	1198.06
544.14	1171.44
544.33	1155.05
544.53	1122.29
544.73	1103.86
544.93	1255.40
545.12	1093.62
545.32	1232.88
545.52	1204.21
545.71	1150.96
545.91	1144.81
546.11	1155.05
546.30	1148.91
546.50	1171.44
546.70	1126.38
546.90	1128.43
547.09	1167.34
547.29	1173.49
547.49	1150.96
547.68	1138.67
547.88	1198.06
548.08	1232.88
548.27	1163.25
548.47	1232.88
548.67	1191.92
548.87	1230.83
549.06	1204.21
549.26	1175.53
549.46	1101.81
549.65	1118.19
549.85	1140.72
550.05	1148.91
550.24	1193.97
550.44	1210.35
550.64	1193.97
550.83	1161.20
551.03	1171.44
551.23	1169.39
551.42	1169.39
551.62	1085.42
551.82	1120.24
552.01	1224.69
552.21	1181.68
552.41	1189.87
552.60	1204.21
552.80	1130.48
553.00	1142.77
553.19	1169.39
553.39	1224.69
553.59	1191.92
553.78	1097.71
553.98	1212.40
554.17	1089.52
554.37	1163.25
554.57	1167.34
554.76	1161.20
554.96	1214.45
555.16	1216.49
555.35	1208.30
555.55	1333.23
555.75	1155.05
555.94	1124.33
556.14	1140.72
556.33	1187.82
556.53	1167.34
556.73	1200.11
556.92	1228.78
557.12	1157.10
557.32	1204.21
557.51	1175.53
557.71	1183.73
557.90	1216.49
558.10	1120.24
558.30	1128.43
558.49	1208.30
558.69	1097.71
558.88	1159.15
559.08	1220.59
559.28	1085.42
559.47	1153.01
559.67	1167.34
559.86	1085.42
560.06	1226.73
560.26	1198.06
560.45	1173.49
560.65	1191.92
560.84	1200.11
561.04	1177.58
561.24	1185.77
561.43	1177.58
561.63	1196.01
561.82	1159.15
562.02	1187.82
562.22	1198.06
562.41	1193.97
562.61	1185.77
562.80	1191.92
563.00	1146.86
563.19	1181.68
563.39	1189.87
563.59	1103.86
563.78	1200.11
563.98	1150.96
564.17	1155.05
564.37	1187.82
564.56	1198.06
564.76	1171.44
564.96	1208.30
565.15	1179.63
565.35	1302.51
565.54	1134.57
565.74	1167.34
565.93	1157.10
566.13	1122.29
566.32	1175.53
566.52	1130.48
566.71	1161.20
566.91	1173.49
567.11	1212.40
567.30	1157.10
567.50	1191.92
567.69	1159.15
567.89	1153.01
568.08	1169.39
568.28	1165.29
568.47	1183.73
568.67	1241.07
568.86	1251.31
569.06	1171.44
569.25	1138.67
569.45	1155.05
569.64	1159.15
569.84	1179.63
570.04	1169.39
570.23	1140.72
570.43	1214.45
570.62	1226.73
570.82	1157.10
571.01	1075.18
571.21	1124.33
571.40	1210.35
571.60	1226.73
571.79	1232.88
571.99	1183.73
572.18	1169.39
572.38	1171.44
572.57	1251.31
572.77	1206.25
572.96	1196.01
573.16	1138.67
573.35	1157.10
573.55	1110.00
573.74	1204.21
573.94	1167.34
574.13	1208.30
574.33	1206.25
574.52	1114.10
574.71	1157.10
574.91	1243.12
575.10	1118.19
575.30	1138.67
575.49	1228.78
575.69	1226.73
575.88	1239.02
576.08	1114.10
576.27	1175.53
576.47	1159.15
576.66	1138.67
576.86	1171.44
577.05	1234.93
577.25	1185.77
577.44	1222.64
577.64	1120.24
577.83	1189.87
578.02	1161.20
578.22	1167.34
578.41	1101.81
578.61	1253.36
578.80	1136.62
579.00	1175.53
579.19	1165.29
579.39	1153.01
579.58	1148.91
579.77	1239.02
579.97	1112.05
580.16	1206.25
580.36	1179.63
580.55	1257.45
580.75	1150.96
580.94	1202.16
581.13	1187.82
581.33	1230.83
581.52	1132.53
581.72	1107.95
581.91	1112.05
582.11	1179.63
582.30	1142.77
582.49	1191.92
582.69	1206.25
582.88	1155.05
583.08	1179.63
583.27	1247.21
583.47	1163.25
583.66	1167.34
583.85	1224.69
584.05	1120.24
584.24	1206.25
584.44	1142.77
584.63	1163.25
584.82	1181.68
585.02	1183.73
585.21	1136.62
585.41	1159.15
585.60	1159.15
585.79	1134.57
585.99	1177.58
586.18	1200.11
586.37	1167.34
586.57	1048.56
586.76	1159.15
586.96	1187.82
587.15	1189.87
587.34	1167.34
587.54	1161.20
587.73	1116.14
587.93	1163.25
588.12	1189.87
588.31	1175.53
588.51	1128.43
588.70	1230.83
588.89	1150.96
589.09	1130.48
589.28	1136.62
589.47	1185.77
589.67	1140.72
589.86	1202.16
590.06	1193.97
590.25	1204.21
590.44	1218.54
590.64	1181.68
590.83	1150.96
591.02	1175.53
591.22	1153.01
591.41	1216.49
591.60	1220.59
591.80	1144.81
591.99	1177.58
592.18	1214.45
592.38	1165.29
592.57	1175.53
592.76	1138.67
592.96	1175.53
593.15	1150.96
593.34	1140.72
593.54	1171.44
593.73	1132.53
593.92	1167.34
594.12	1161.20
594.31	1210.35
594.50	1216.49
594.70	1138.67
594.89	1220.59
595.08	1140.72
595.28	1216.49
595.47	1157.10
595.66	1181.68
595.86	1177.58
596.05	1175.53
596.24	1153.01
596.43	1224.69
596.63	1173.49
596.82	1142.77
597.01	1196.01
597.21	1200.11
597.40	1128.43
597.59	1271.79
597.79	1181.68
597.98	1206.25
598.17	1140.72
598.36	1181.68
598.56	1193.97
598.75	1189.87
598.94	1193.97
599.14	1241.07
599.33	1202.16
599.52	1153.01
599.71	1189.87
599.91	1187.82
600.10	1241.07
600.29	1208.30
600.48	1212.40
600.68	1175.53
600.87	1116.14
601.06	1210.35
601.26	1171.44
601.45	1189.87
601.64	1191.92
601.83	1253.36
602.03	1228.78
602.22	1167.34
602.41	1167.34
602.60	1159.15
602.80	1087.47
602.99	1124.33
603.18	1189.87
603.37	1138.67
603.57	1148.91
603.76	1214.45
603.95	1200.11
604.14	1193.97
604.34	1150.96
604.53	1091.57
604.72	1181.68
604.91	1200.11
605.10	1142.77
605.30	1118.19
605.49	1185.77
605.68	1183.73
605.87	1193.97
606.07	1171.44
606.26	1230.83
606.45	1175.53
606.64	1089.52
606.84	1173.49
607.03	1208.30
607.22	1200.11
607.41	1179.63
607.60	1175.53
607.80	1214.45
607.99	1167.34
608.18	1210.35
608.37	1181.68
608.56	1148.91
608.76	1224.69
608.95	1222.64
609.14	1216.49
609.33	1116.14
609.52	1206.25
609.72	1222.64
609.91	1138.67
610.10	1185.77
610.29	1150.96
610.48	1212.40
610.68	1263.60
610.87	1142.77
611.06	1200.11
611.25	1191.92
611.44	1138.67
611.63	1175.53
611.83	1173.49
612.02	1208.30
612.21	1112.05
612.40	1220.59
612.59	1159.15
612.79	1169.39
612.98	1179.63
613.17	1163.25
613.36	1101.81
613.55	1202.16
613.74	1159.15
613.93	1163.25
614.13	1171.44
614.32	1069.04
614.51	1230.83
614.70	1171.44
614.89	1183.73
615.08	1216.49
615.28	1165.29
615.47	1161.20
615.66	1189.87
615.85	1177.58
616.04	1196.01
616.23	1173.49
616.42	1292.27
616.62	1105.90
616.81	1171.44
617.00	1234.93
617.19	1208.30
617.38	1206.25
617.57	1146.86
617.76	1224.69
617.95	1142.77
618.15	1167.34
618.34	1212.40
618.53	1179.63
618.72	1232.88
618.91	1200.11
619.10	1230.83
619.29	1095.66
619.48	1230.83
619.68	1173.49
619.87	1228.78
620.06	1099.76
620.25	1173.49
620.44	1208.30
620.63	1146.86
620.82	1191.92
621.01	1234.93
621.20	1144.81
621.39	1216.49
621.59	1187.82
621.78	1173.49
621.97	1171.44
622.16	1142.77
622.35	1204.21
622.54	1200.11
622.73	1159.15
622.92	1204.21
623.11	1171.44
623.30	1161.20
623.49	1165.29
623.68	1169.39
623.88	1142.77
624.07	1148.91
624.26	1171.44
624.45	1253.36
624.64	1204.21
624.83	1189.87
625.02	1212.40
625.21	1163.25
625.40	1206.25
625.59	1148.91
625.78	1146.86
625.97	1169.39
626.16	1236.97
626.35	1177.58
626.54	1204.21
626.74	1173.49
626.93	1222.64
627.12	1136.62
627.31	1191.92
627.50	1296.36
627.69	1142.77
627.88	1163.25
628.07	1173.49
628.26	1308.65
628.45	1247.21
628.64	1341.42
628.83	1257.45
629.02	1187.82
629.21	1204.21
629.40	1220.59
629.59	1210.35
629.78	1282.03
629.97	1185.77
630.16	1161.20
630.35	1193.97
630.54	1183.73
630.73	1228.78
630.92	1236.97
631.11	1167.34
631.30	1228.78
631.49	1341.42
631.68	1798.12
631.87	3895.24
632.06	15200.02
632.25	44942.67
632.44	59851.89
632.63	60853.34
632.82	37852.61
633.01	18994.91
633.20	5566.38
633.39	5670.83
633.58	2795.48
633.77	2195.42
633.96	1777.64
634.15	1492.97
634.34	1538.02
634.53	1511.40
634.72	1429.48
634.91	1404.91
635.10	1339.37
635.29	1351.66
635.48	1273.84
635.67	1204.21
635.86	1212.40
636.05	1198.06
636.24	1239.02
636.43	1210.35
636.62	1159.15
636.81	1216.49
637.00	1167.34
637.19	1163.25
637.38	1183.73
637.57	1224.69
637.76	1196.01
637.95	1179.63
638.14	1140.72
638.33	1171.44
638.52	1167.34
638.71	1208.30
638.89	1224.69
639.08	1196.01
639.27	1224.69
639.46	1150.96
639.65	1171.44
639.84	1183.73
640.03	1185.77
640.22	1134.57
640.41	1187.82
640.60	1208.30
640.79	1138.67
640.98	1142.77
641.17	1157.10
641.36	1153.01
641.55	1208.30
641.74	1144.81
641.92	1232.88
642.11	1155.05
642.30	1171.44
642.49	1239.02
642.68	1181.68
642.87	1234.93
643.06	1234.93
643.25	1173.49
643.44	1249.26
643.63	1159.15
643.82	1183.73
644.00	1167.34
644.19	1191.92
644.38	1183.73
644.57	1173.49
644.76	1177.58
644.95	1183.73
645.14	1193.97
645.33	1142.77
645.52	1163.25
645.71	1091.57
645.89	1191.92
646.08	1247.21
646.27	1175.53
646.46	1150.96
646.65	1175.53
646.84	1157.10
647.03	1196.01
647.22	1167.34
647.40	1173.49
647.59	1222.64
647.78	1181.68
647.97	1249.26
648.16	1128.43
648.35	1210.35
648.54	1179.63
648.73	1187.82
648.91	1214.45
649.10	1179.63
649.29	1148.91
649.48	1128.43
649.67	1148.91
649.86	1161.20
650.05	1204.21
650.23	1206.25
650.42	1183.73
650.61	1155.05
650.80	1134.57
650.99	1189.87
651.18	1148.91
651.36	1175.53
651.55	1132.53
651.74	1181.68
651.93	1116.14
652.12	1175.53
652.31	1249.26
652.49	1226.73
652.68	1161.20
652.87	1191.92
653.06	1167.34
653.25	1116.14
653.44	1163.25
653.62	1198.06
653.81	1130.48
654.00	1169.39
654.19	1187.82
654.38	1228.78
654.56	1216.49
654.75	1175.53
654.94	1206.25
655.13	1183.73
655.32	1122.29
655.51	1140.72
655.69	1073.14
655.88	1208.30
656.07	1132.53
656.26	1218.54
656.45	1148.91
656.63	1142.77
656.82	1183.73
657.01	1148.91
657.20	1163.25
657.38	1116.14
657.57	1171.44
657.76	1198.06
657.95	1187.82
658.14	1171.44
658.32	1130.48
658.51	1230.83
658.70	1167.34
658.89	1146.86
659.08	1122.29
659.26	1224.69
659.45	1191.92
659.64	1228.78
659.83	1120.24
660.01	1198.06
660.20	1179.63
660.39	1204.21
660.58	1224.69
660.76	1148.91
660.95	1153.01
661.14	1206.25
661.33	1161.20
661.51	1183.73
661.70	1212.40
661.89	1138.67
662.08	1232.88
662.26	1196.01
662.45	1142.77
662.64	1189.87
662.83	1208.30
663.01	1202.16
663.20	1155.05
663.39	1181.68
663.58	1191.92
663.76	1214.45
663.95	1150.96
664.14	1163.25
664.32	1189.87
664.51	1228.78
664.70	1146.86
664.89	1165.29
665.07	1134.57
665.26	1214.45
665.45	1228.78
665.64	1177.58
665.82	1167.34
666.01	1142.77
666.20	1216.49
666.38	1224.69
666.57	1093.62
666.76	1142.77
666.95	1228.78
667.13	1245.16
667.32	1171.44
667.51	1173.49
667.69	1187.82
667.88	1218.54
668.07	1171.44
668.25	1177.58
668.44	1173.49
668.63	1075.18
668.81	1181.68
669.00	1144.81
669.19	1220.59
669.38	1089.52
669.56	1218.54
669.75	1191.92
669.94	1159.15
670.12	1208.30
670.31	1230.83
670.50	1198.06
670.68	1146.86
670.87	1167.34
671.06	1171.44
671.24	1189.87
671.43	1198.06
671.62	1191.92
671.80	1196.01
671.99	1216.49
672.18	1191.92
672.36	1163.25
672.55	1146.86
672.74	1204.21
672.92	1220.59
673.11	1132.53
673.29	1155.05
673.48	1157.10
673.67	1196.01
673.85	1210.35
674.04	1169.39
674.23	1232.88
674.41	1214.45
674.60	1177.58
674.79	1198.06
674.97	1132.53
675.16	1214.45
675.34	1206.25
675.53	1144.81
675.72	1185.77
675.90	1153.01
676.09	1200.11
676.28	1144.81
676.46	1150.96
676.65	1214.45
676.83	1212.40
677.02	1214.45
677.21	1157.10
677.39	1167.34
677.58	1198.06
677.77	1155.05
677.95	1228.78
678.14	1202.16
678.32	1150.96
678.51	1202.16
678.70	1198.06
678.88	1181.68
679.07	1185.77
679.25	1140.72
679.44	1157.10
679.63	1144.81
679.81	1216.49
680.00	1204.21
680.18	1204.21
680.37	1132.53
680.55	1167.34
680.74	1159.15
680.93	1126.38
681.11	1179.63
681.30	1234.93
681.48	1198.06
681.67	1208.30
681.85	1169.39
682.04	1185.77
682.23	1196.01
682.41	1239.02
682.60	1191.92
682.78	1128.43
682.97	1118.19
683.15	1198.06
683.34	1239.02
683.53	1181.68
683.71	1181.68
683.90	1200.11
684.08	1218.54
684.27	1179.63
684.45	1097.71
684.64	1206.25
684.82	1236.97
685.01	1165.29
685.19	1179.63
685.38	1204.21
685.57	1196.01
685.75	1191.92
685.94	1220.59
686.12	1232.88
686.31	1196.01
686.49	1224.69
686.68	1187.82
686.86	1161.20
687.05	1196.01
687.23	1171.44
687.42	1157.10
687.60	1181.68
687.79	1167.34
687.97	1183.73
688.16	1241.07
688.34	1165.29
688.53	1134.57
688.71	1173.49
688.90	1183.73
689.08	1175.53
689.27	1173.49
689.45	1159.15
689.64	1173.49
689.82	1218.54
690.01	1155.05
690.19	1179.63
690.38	1140.72
690.56	1200.11
690.75	1202.16
690.93	1171.44
691.12	1165.29
691.30	1193.97
691.49	1210.35
691.67	1212.40
691.86	1261.55
692.04	1251.31
692.23	1165.29
692.41	1122.29
692.60	1183.73
692.78	1218.54
692.97	1171.44
693.15	1110.00
693.34	1157.10
693.52	1239.02
693.71	1191.92
693.89	1179.63
694.08	1200.11
694.26	1136.62
694.44	1183.73
694.63	1259.50
694.81	1175.53
695.00	1220.59
695.18	1179.63
695.37	1187.82
695.55	1189.87
695.74	1122.29
695.92	1210.35
696.10	1214.45
696.29	1212.40
696.47	1167.34
696.66	1204.21
696.84	1189.87
697.03	1118.19
697.21	1222.64
697.40	1165.29
697.58	1120.24
697.76	1144.81
697.95	1185.77
698.13	1118.19
698.32	1224.69
698.50	1191.92
698.68	1216.49
698.87	1189.87
699.05	1228.78
699.24	1187.82
699.42	1103.86
699.61	1196.01
699.79	1230.83
699.97	1173.49
700.16	1110.00
700.34	1171.44
700.53	1206.25
700.71	1140.72
700.89	1118.19
701.08	1181.68
701.26	1193.97
701.45	1134.57
701.63	1130.48
701.81	1210.35
702.00	1185.77
702.18	1212.40
702.37	1169.39
702.55	1212.40
702.73	1167.34
702.92	1218.54
703.10	1232.88
703.28	1198.06
703.47	1161.20
703.65	1183.73
703.84	1091.57
704.02	1155.05
704.20	1181.68
704.39	1179.63
704.57	1110.00
704.75	1228.78
704.94	1220.59
705.12	1210.35
705.30	1179.63
705.49	1138.67
705.67	1165.29
705.86	1153.01
706.04	1163.25
706.22	1146.86
706.41	1259.50
706.59	1161.20
706.77	1210.35
706.96	1169.39
707.14	1189.87
707.32	1175.53
707.51	1173.49
707.69	1191.92
707.87	1234.93
708.06	1216.49
708.24	1234.93
708.42	1161.20
708.61	1175.53
708.79	1157.10
708.97	1200.11
709.16	1220.59
709.34	1138.67
709.52	1136.62
709.71	1122.29
709.89	1173.49
710.07	1134.57
710.26	1187.82
710.44	1196.01
710.62	1159.15
710.80	1230.83
710.99	1173.49
711.17	1222.64
711.35	1210.35
711.54	1138.67
711.72	1122.29
711.90	1232.88
712.09	1185.77
712.27	1155.05
712.45	1159.15
712.63	1165.29
712.82	1218.54
713.00	1191.92
713.18	1220.59
713.37	1191.92
713.55	1097.71
713.73	1189.87
713.91	1212.40
714.10	1163.25
714.28	1159.15
714.46	1226.73
714.65	1118.19
714.83	1161.20
715.01	1259.50
715.19	1167.34
715.38	1196.01
715.56	1204.21
715.74	1099.76
715.92	1196.01
716.11	1138.67
716.29	1138.67
716.47	1159.15
716.65	1157.10
716.84	1177.58
717.02	1165.29
717.20	1167.34
717.38	1210.35
717.57	1140.72
717.75	1142.77
717.93	1159.15
718.11	1220.59
718.30	1140.72
718.48	1216.49
718.66	1200.11
718.84	1198.06
719.03	1183.73
719.21	1200.11
719.39	1198.06
719.57	1169.39
719.75	1169.39
719.94	1177.58
720.12	1218.54
720.30	1134.57
720.48	1124.33
720.67	1204.21
720.85	1185.77
721.03	1189.87
721.21	1163.25
721.39	1290.22
721.58	1097.71
721.76	1177.58
721.94	1216.49
722.12	1173.49
722.30	1196.01
722.49	1191.92
722.67	1224.69
722.85	1175.53
723.03	1140.72
723.21	1167.34
723.40	1251.31
723.58	1189.87
723.76	1200.11
723.94	1208.30
724.12	1200.11
724.30	1173.49
724.49	1148.91
724.67	1189.87
724.85	1251.31
725.03	1193.97
725.21	1228.78
725.40	1212.40
725.58	1165.29
725.76	1220.59
725.94	1216.49
726.12	1130.48
726.30	1148.91
726.49	1183.73
726.67	1183.73
726.85	1241.07
727.03	1181.68
727.21	1261.55
727.39	1136.62
727.57	1142.77
727.76	1216.49
727.94	1179.63
728.12	1208.30
728.30	1175.53
728.48	1159.15
728.66	1130.48
728.84	1130.48
729.03	1150.96
729.21	1253.36
729.39	1118.19
729.57	1155.05
729.75	1163.25
729.93	1101.81
730.11	1107.95
730.30	1187.82
730.48	1210.35
730.66	1130.48
730.84	1249.26
731.02	1175.53
731.20	1146.86
731.38	1099.76
731.56	1124.33
731.74	1177.58
731.93	1136.62
732.11	1175.53
732.29	1249.26
732.47	1181.68
732.65	1232.88
732.83	1206.25
733.01	1185.77
733.19	1185.77
733.37	1187.82
733.56	1230.83
733.74	1132.53
733.92	1105.90
734.10	1177.58
734.28	1159.15
734.46	1142.77
734.64	1255.40
734.82	1208.30
735.00	1167.34
735.18	1161.20
735.36	1163.25
735.54	1236.97
735.73	1226.73
735.91	1130.48
736.09	1187.82
736.27	1171.44
736.45	1171.44
736.63	1173.49
736.81	1175.53
736.99	1232.88
737.17	1167.34
737.35	1220.59
737.53	1247.21
737.71	1241.07
737.89	1124.33
738.07	1159.15
738.25	1126.38
738.43	1177.58
738.61	1187.82
738.80	1159.15
738.98	1153.01
739.16	1128.43
739.34	1142.77
739.52	1148.91
739.70	1056.75
739.88	1107.95
740.06	1140.72
740.24	1120.24
740.42	1165.29
740.60	1216.49
740.78	1200.11
740.96	1202.16
741.14	1212.40
741.32	1101.81
741.50	1171.44
741.68	1183.73
741.86	1196.01
742.04	1118.19
742.22	1177.58
742.40	1128.43
742.58	1206.25
742.76	1165.29
742.94	1179.63
743.12	1187.82
743.30	1185.77
743.48	1146.86
743.66	1206.25
743.84	1167.34
744.02	1196.01
744.20	1120.24
744.38	1148.91
744.56	1124.33
744.74	1185.77
744.92	1167.34
745.10	1095.66
745.28	1228.78
745.46	1163.25
745.64	1175.53
745.82	1169.39
746.00	1163.25
746.18	1193.97
746.36	1165.29
746.54	1116.14
746.72	1153.01
746.90	1177.58
747.08	1198.06
747.26	1153.01
747.44	1150.96
747.62	1167.34
747.80	1140.72
747.98	1159.15
748.15	1144.81
748.33	1177.58
748.51	1208.30
748.69	1267.69
748.87	1247.21
749.05	1214.45
749.23	1193.97
749.41	1206.25
749.59	1171.44
749.77	1202.16
749.95	1251.31
750.13	1189.87
750.31	1091.57
750.49	1150.96
750.67	1198.06
750.85	1159.15
751.03	1107.95
751.20	1251.31
751.38	1204.21
751.56	1185.77
751.74	1159.15
751.92	1126.38
752.10	1206.25
752.28	1177.58
752.46	1181.68
752.64	1200.11
752.82	1206.25
753.00	1155.05
753.18	1181.68
753.35	1140.72
753.53	1206.25
753.71	1132.53
753.89	1150.96
754.07	1161.20
754.25	1220.59
754.43	1230.83
754.61	1275.88
754.79	1171.44
754.97	1169.39
755.14	1171.44
755.32	1134.57
755.50	1187.82
755.68	1212.40
755.86	1224.69
756.04	1179.63
756.22	1120.24
756.40	1187.82
756.57	1191.92
756.75	1150.96
756.93	1159.15
757.11	1210.35
757.29	1236.97
757.47	1193.97
757.65	1228.78
757.82	1140.72
758.00	1169.39
758.18	1222.64
758.36	1150.96
758.54	1144.81
758.72	1206.25
758.90	1200.11
759.07	1155.05
759.25	1107.95
759.43	1126.38
759.61	1179.63
759.79	1189.87
759.97	1200.11
760.15	1200.11
760.32	1200.11
760.50	1191.92
760.68	1167.34
760.86	1144.81
761.04	1163.25
761.22	1099.76
761.39	1153.01
761.57	1134.57
761.75	1159.15
761.93	1179.63
762.11	1187.82
762.28	1157.10
762.46	1220.59
762.64	1157.10
762.82	1175.53
763.00	1226.73
763.18	1236.97
763.35	1128.43
763.53	1150.96
763.71	1185.77
763.89	1198.06
764.07	1163.25
764.24	1171.44
764.42	1163.25
764.60	1222.64
764.78	1120.24
764.96	1146.86
765.13	1204.21
765.31	1236.97
765.49	1150.96
765.67	1210.35
765.84	1234.93
766.02	1077.23
766.20	1198.06
766.38	1202.16
766.56	1247.21
766.73	1161.20
766.91	1220.59
767.09	1247.21
767.27	1212.40
767.44	1189.87
767.62	1161.20
767.80	1210.35
767.98	1101.81
768.15	1175.53
768.33	1110.00
768.51	1236.97
768.69	1167.34
768.87	1198.06
769.04	1142.77
769.22	1187.82
769.40	1212.40
769.58	1179.63
769.75	1193.97
769.93	1171.44
770.11	1187.82
770.28	1148.91
770.46	1181.68
770.64	1181.68
770.82	1257.45
770.99	1222.64
771.17	1216.49
771.35	1155.05
771.53	1196.01
771.70	1177.58
771.88	1251.31
772.06	1206.25
772.23	1146.86
772.41	1150.96
772.59	1208.30
772.77	1128.43
772.94	1269.74
773.12	1161.20
773.30	1196.01
773.47	1220.59
773.65	1181.68
773.83	1214.45
774.01	1208.30
774.18	1208.30
774.36	1236.97
774.54	1140.72
774.71	1185.77
774.89	1122.29
775.07	1163.25
775.24	1163.25
775.42	1179.63
775.60	1083.38
775.78	1122.29
775.95	1132.53
776.13	1191.92
776.31	1124.33
776.48	1206.25
776.66	1198.06
776.84	1183.73
777.01	1175.53
777.19	1146.86
777.37	1187.82
777.54	1171.44
777.72	1243.12
777.90	1183.73
778.07	1224.69
778.25	1138.67
778.43	1175.53
778.60	1193.97
778.78	1187.82
778.96	1150.96
779.13	1249.26
779.31	1130.48
779.49	1134.57
779.66	1105.90
779.84	1075.18
780.01	1116.14
780.19	1189.87
780.37	1212.40
780.54	1204.21
780.72	1243.12
780.90	1069.04
781.07	1181.68
781.25	1163.25
781.43	1181.68
781.60	1179.63
781.78	1138.67
781.95	1138.67
782.13	1107.95
782.31	1118.19
782.48	1077.23
782.66	1187.82
782.83	1183.73
783.01	1171.44
783.19	1173.49
783.36	1181.68
783.54	1161.20
783.72	1185.77
783.89	1243.12
784.07	1140.72
784.24	1187.82
784.42	1163.25
784.60	1181.68
784.77	1200.11
784.95	1134.57
785.12	1181.68
785.30	1165.29
785.47	1183.73
785.65	1234.93
785.83	1183.73
786.00	1198.06
786.18	1173.49
786.35	1148.91
786.53	1216.49
786.71	1114.10
786.88	1187.82
787.06	1214.45
787.23	1220.59
787.41	1153.01
787.58	1126.38
787.76	1187.82
787.94	1230.83
788.11	1132.53
788.29	1243.12
788.46	1183.73
788.64	1167.34
788.81	1179.63
788.99	1138.67
789.16	1187.82
789.34	1224.69
789.52	1183.73
789.69	1181.68
789.87	1249.26
790.04	1167.34
790.22	1157.10
790.39	1212.40
790.57	1177.58
790.74	1216.49
790.92	1210.35
791.09	1171.44
791.27	1171.44
791.44	1241.07
791.62	1165.29
791.79	1187.82
791.97	1153.01
792.15	1064.94
792.32	1136.62
792.50	1161.20
792.67	1146.86
792.85	1247.21
793.02	1228.78
793.20	1175.53
793.37	1208.30
793.55	1189.87
793.72	1226.73
793.90	1136.62
794.07	1105.90
794.25	1218.54
794.42	1159.15
794.60	1200.11
794.77	1200.11
794.95	1136.62
795.12	1089.52
795.30	1173.49
795.47	1155.05
795.65	1200.11
795.82	1161.20
796.00	1142.77
796.17	1212.40
796.34	1140.72
796.52	1181.68
796.69	1218.54
796.87	1241.07
797.04	1191.92
797.22	1179.63
797.39	1208.30
797.57	1175.53
797.74	1161.20
797.92	1163.25
798.09	1181.68
798.27	1185.77
798.44	1146.86
798.62	1206.25
798.79	1171.44
798.96	1224.69
799.14	1159.15
799.31	1157.10
799.49	1136.62
799.66	1153.01
799.84	1202.16
800.01	1161.20
800.19	1208.30
800.36	1206.25
800.53	1175.53
800.71	1157.10
800.88	1198.06
801.06	1140.72
801.23	1193.97
801.41	1165.29
801.58	1185.77
801.75	1196.01
801.93	1142.77
802.10	1099.76
802.28	1159.15
802.45	1157.10
802.63	1169.39
802.80	1177.58
802.97	1157.10
803.15	1224.69
803.32	1196.01
803.50	1138.67
803.67	1146.86
803.84	1202.16
804.02	1120.24
804.19	1210.35
804.37	1255.40
804.54	1236.97
804.71	1161.20
804.89	1159.15
805.06	1179.63
805.24	1136.62
805.41	1134.57
805.58	1107.95
805.76	1212.40
805.93	1171.44
806.10	1087.47
806.28	1097.71
806.45	1179.63
806.63	1142.77
806.80	1179.63
806.97	1171.44
807.15	1150.96
807.32	1171.44
807.49	1189.87
807.67	1191.92
807.84	1224.69
808.01	1171.44
808.19	1251.31
808.36	1159.15
808.54	1187.82
808.71	1171.44
808.88	1198.06
809.06	1167.34
809.23	1265.64
809.40	1222.64
809.58	1216.49
809.75	1167.34
809.92	1267.69
810.10	1105.90
810.27	1167.34
810.44	1097.71
810.62	1218.54
810.79	1255.40
810.96	1181.68
811.14	1187.82
811.31	1183.73
811.48	1181.68
811.66	1132.53
811.83	1189.87
812.00	1206.25
812.18	1173.49
812.35	1175.53
812.52	1175.53
812.69	1153.01
812.87	1185.77
813.04	1175.53
813.21	1142.77
813.39	1132.53
813.56	1167.34
813.73	1193.97
813.91	1167.34
814.08	1202.16
814.25	1155.05
814.42	1167.34
814.60	1177.58
814.77	1212.40
814.94	1159.15
815.12	1077.23
815.29	1255.40
815.46	1189.87
815.63	1099.76
815.81	1204.21
815.98	1144.81
816.15	1183.73
816.33	1136.62
816.50	1118.19
816.67	1140.72
816.84	1089.52
817.02	1148.91
817.19	1208.30
817.36	1099.76
817.53	1177.58
817.71	1189.87
817.88	1171.44
818.05	1146.86
818.22	1196.01
818.40	1222.64
818.57	1220.59
818.74	1148.91
818.91	1171.44
819.09	1234.93
819.26	1210.35
819.43	1157.10
819.60	1142.77
819.78	1171.44
819.95	1202.16
820.12	1243.12
820.29	1124.33
820.47	1226.73
820.64	1251.31
820.81	1132.53
820.98	1226.73
821.15	1196.01
821.33	1191.92
821.50	1167.34
821.67	1183.73
821.84	1214.45
822.02	1251.31
822.19	1136.62
822.36	1142.77
822.53	1140.72
822.70	1204.21
822.88	1153.01
823.05	1175.53
823.22	1234.93
823.39	1226.73
823.56	1206.25
823.74	1193.97
823.91	1243.12
824.08	1110.00
824.25	1144.81
824.42	1153.01
824.60	1191.92
824.77	1155.05
824.94	1146.86
825.11	1220.59
825.28	1167.34
825.45	1146.86
825.63	1179.63
825.80	1171.44
825.97	1165.29
826.14	1169.39
826.31	1140.72
826.48	1236.97
826.66	1193.97
826.83	1173.49
827.00	1116.14
827.17	1132.53
827.34	1167.34
827.51	1093.62
827.69	1175.53
827.86	1155.05
828.03	1175.53
828.20	1153.01
828.37	1150.96
828.54	1171.44
828.71	1138.67
828.89	1167.34
829.06	1124.33
829.23	1181.68
829.40	1210.35
829.57	1183.73
829.74	1187.82
829.91	1146.86
830.09	1175.53
830.26	1179.63
830.43	1175.53
830.60	1216.49
830.77	1165.29
830.94	1187.82
831.11	1181.68
831.28	1171.44
831.46	1189.87
831.63	1177.58
831.80	1150.96
831.97	1134.57
832.14	1175.53
832.31	1165.29
832.48	1222.64
832.65	1161.20
832.82	1165.29
832.99	1208.30
833.17	1142.77
833.34	1208.30
833.51	1138.67
833.68	1103.86
833.85	1175.53
834.02	1136.62
834.19	1181.68
834.36	1208.30
834.53	1161.20
834.70	1171.44
834.87	1179.63
835.04	1128.43
835.22	1093.62
835.39	1159.15
835.56	1187.82
835.73	1126.38
835.90	1181.68
836.07	1107.95
836.24	1153.01
836.41	1204.21
836.58	1226.73
836.75	1318.89
836.92	1138.67
837.09	1140.72
837.26	1128.43
837.43	1196.01
837.60	1150.96
837.77	1134.57
837.94	1183.73
838.12	1243.12
838.29	1185.77
838.46	1177.58
838.63	1198.06
838.80	1198.06
838.97	1136.62
839.14	1243.12
839.31	1210.35
839.48	1220.59
839.65	1200.11
839.82	1243.12
839.99	1159.15
840.16	1118.19
840.33	1165.29
840.50	1200.11
840.67	1187.82
840.84	1181.68
841.01	1187.82
841.18	1189.87
841.35	1175.53
841.52	1110.00
841.69	1202.16
841.86	1251.31
842.03	1189.87
842.20	1150.96
842.37	1148.91
842.54	1284.08
842.71	1153.01
842.88	1257.45
843.05	1173.49
843.22	1138.67
843.39	1126.38
843.56	1198.06
843.73	1191.92
843.90	1196.01
844.07	1114.10
844.24	1165.29
844.41	1112.05
844.58	1173.49
844.75	1243.12
844.92	1159.15
845.09	1185.77
845.26	1183.73
845.43	1228.78
845.60	1142.77
845.77	1138.67
845.94	1122.29
846.10	1187.82
846.27	1173.49
846.44	1183.73
846.61	1132.53
846.78	1191.92
846.95	1208.30
847.12	1220.59
847.29	1222.64
847.46	1126.38
847.63	1177.58
847.80	1206.25
847.97	1157.10
848.14	1177.58
848.31	1282.03
848.48	1101.81
848.65	1155.05
848.82	1155.05
848.98	1122.29
849.15	1163.25
849.32	1181.68
849.49	1173.49
849.66	1136.62
849.83	1226.73
850.00	1181.68
850.17	1183.73
850.34	1122.29
850.51	1247.21
850.68	1161.20
850.85	1187.82
851.01	1200.11
851.18	1138.67
851.35	1177.58
851.52	1220.59
851.69	1124.33
851.86	1179.63
852.03	1179.63
852.20	1161.20
852.37	1112.05
852.53	1126.38
852.70	1214.45
852.87	1177.58
853.04	1193.97
853.21	1126.38
853.38	1175.53
853.55	1126.38
853.72	1177.58
853.89	1214.45
854.05	1120.24
854.22	1196.01
854.39	1173.49
854.56	1163.25
854.73	1187.82
854.90	1130.48
855.07	1187.82
855.23	1185.77
855.40	1167.34
855.57	1200.11
855.74	1146.86
855.91	1263.60
856.08	1198.06
856.25	1191.92
856.41	1204.21
856.58	1232.88
856.75	1157.10
856.92	1200.11
857.09	1134.57
857.26	1279.98
857.42	1142.77
857.59	1177.58
857.76	1159.15
857.93	1110.00
858.10	1193.97
858.27	1097.71
858.43	1228.78
858.60	1122.29
858.77	1179.63
858.94	1177.58
859.11	1183.73
859.27	1146.86
859.44	1171.44
859.61	1200.11
859.78	1150.96
859.95	1179.63
860.12	1124.33
860.28	1159.15
860.45	1146.86
860.62	1144.81
860.79	1239.02
860.95	1148.91
861.12	1134.57
861.29	1146.86
861.46	1187.82
861.63	1175.53
861.79	1138.67
861.96	1185.77
862.13	1193.97
862.30	1196.01
862.47	1116.14
862.63	1224.69
862.80	1202.16
862.97	1185.77
863.14	1189.87
863.30	1140.72
863.47	1200.11
863.64	1204.21
863.81	1228.78
863.97	1173.49
864.14	1255.40
864.31	1110.00
864.48	1150.96
864.65	1142.77
864.81	1216.49
864.98	1173.49
865.15	1155.05
865.32	1169.39
865.48	1216.49
865.65	1171.44
865.82	1202.16
865.98	1216.49
866.15	1148.91
866.32	1153.01
866.49	1181.68
866.65	1198.06
866.82	1210.35
866.99	1165.29
867.16	1202.16
867.32	1177.58
867.49	1179.63
867.66	1093.62
867.83	1175.53
867.99	1132.53
868.16	1159.15
868.33	1202.16
868.49	1165.29
868.66	1155.05
868.83	1196.01
868.99	1165.29
869.16	1200.11
869.33	1060.85
869.50	1193.97
869.66	1187.82
869.83	1189.87
870.00	1239.02
870.16	1161.20
870.33	1210.35
870.50	1189.87
870.66	1179.63
870.83	1157.10
871.00	1128.43
871.17	1208.30
871.33	1146.86
871.50	1222.64
871.67	1206.25
871.83	1175.53
872.00	1146.86
872.17	1126.38
872.33	1198.06
872.50	1157.10
872.67	1175.53
872.83	1150.96
873.00	1202.16
873.17	1142.77
873.33	1185.77
873.50	1134.57
873.67	1159.15
873.83	1155.05
874.00	1247.21
874.16	1183.73
874.33	1290.22
874.50	1208.30
874.66	1165.29
874.83	1236.97
875.00	1118.19
875.16	1181.68
875.33	1132.53
875.50	1181.68
875.66	1167.34
875.83	1167.34
875.99	1163.25
876.16	1153.01
876.33	1124.33
876.49	1161.20
876.66	1214.45
876.83	1132.53
876.99	1179.63
877.16	1191.92
877.32	1101.81
877.49	1191.92
877.66	1165.29
877.82	1232.88
877.99	1228.78
878.15	1202.16
878.32	1279.98
878.49	1136.62
878.65	1169.39
878.82	1183.73
878.98	1173.49
879.15	1126.38
879.32	1159.15
879.48	1132.53
879.65	1146.86
879.81	1208.30
879.98	1165.29
880.15	1224.69
880.31	1163.25
880.48	1191.92
880.64	1179.63
880.81	1132.53
880.97	1208.30
881.14	1153.01
881.31	1142.77
881.47	1200.11
881.64	1198.06
881.80	1185.77
881.97	1200.11
882.13	1171.44
882.30	1183.73
882.47	1167.34
882.63	1273.84
882.80	1220.59
882.96	1173.49
883.13	1214.45
883.29	1122.29
883.46	1191.92
883.62	1200.11
883.79	1226.73
883.95	1175.53
884.12	1085.42
884.29	1163.25
884.45	1153.01
884.62	1138.67
884.78	1249.26
884.95	1146.86
885.11	1200.11
885.28	1110.00
885.44	1191.92
885.61	1191.92
885.77	1249.26
885.94	1175.53
886.10	1169.39
886.27	1140.72
886.43	1191.92
886.60	1142.77
886.76	1179.63
886.93	1136.62
887.09	1146.86
887.26	1093.62
887.42	1185.77
887.59	1181.68
887.75	1198.06
887.92	1202.16
888.08	1110.00
888.25	1138.67
888.41	1130.48
888.58	1198.06
888.74	1200.11
888.91	1167.34
