177.47	1140.72
177.69	1140.72
177.91	1140.72
178.13	1140.72
178.36	1097.71
178.58	1150.96
178.80	1150.96
179.02	1144.81
179.24	1175.53
179.46	1159.15
179.68	1116.14
179.90	1122.29
180.13	1196.01
180.35	1155.05
180.57	1185.77
180.79	1216.49
181.01	1161.20
181.23	1146.86
181.45	1173.49
181.67	1275.88
181.90	1150.96
182.12	1171.44
182.34	1146.86
182.56	1142.77
182.78	1155.05
183.00	1173.49
183.22	1142.77
183.44	1165.29
183.66	1167.34
183.89	1136.62
184.11	1140.72
184.33	1163.25
184.55	1187.82
184.77	1126.38
184.99	1214.45
185.21	1107.95
185.43	1189.87
185.65	1253.36
185.87	1124.33
186.10	1220.59
186.32	1196.01
186.54	1101.81
186.76	1126.38
186.98	1163.25
187.20	1196.01
187.42	1169.39
187.64	1181.68
187.86	1218.54
188.08	1173.49
188.30	1179.63
188.52	1208.30
188.75	1196.01
188.97	1189.87
189.19	1134.57
189.41	1161.20
189.63	1167.34
189.85	1146.86
190.07	1228.78
190.29	1234.93
190.51	1165.29
190.73	1230.83
190.95	1185.77
191.17	1114.10
191.39	1226.73
191.61	1185.77
191.84	1130.48
192.06	1142.77
192.28	1116.14
192.50	1161.20
192.72	1232.88
192.94	1181.68
193.16	1179.63
193.38	1165.29
193.60	1173.49
193.82	1097.71
194.04	1146.86
194.26	1232.88
194.48	1210.35
194.70	1173.49
194.92	1179.63
195.14	1177.58
195.36	1230.83
195.58	1179.63
195.80	1175.53
196.02	1257.45
196.24	1142.77
196.46	1144.81
196.69	1234.93
196.91	1140.72
197.13	1183.73
197.35	1150.96
197.57	1216.49
197.79	1173.49
198.01	1204.21
198.23	1163.25
198.45	1181.68
198.67	1249.26
198.89	1189.87
199.11	1185.77
199.33	1222.64
199.55	1187.82
199.77	1155.05
199.99	1175.53
200.21	1173.49
200.43	1150.96
200.65	1196.01
200.87	1193.97
201.09	1120.24
201.31	1187.82
201.53	1132.53
201.75	1144.81
201.97	1142.77
202.19	1212.40
202.41	1093.62
202.63	1134.57
202.85	1167.34
203.07	1173.49
203.29	1210.35
203.51	1191.92
203.73	1200.11
203.95	1110.00
204.17	1130.48
204.39	1191.92
204.61	1243.12
204.83	1193.97
205.05	1091.57
205.27	1204.21
205.49	1138.67
205.71	1163.25
205.93	1189.87
206.15	1198.06
206.37	1148.91
206.59	1216.49
206.81	1185.77
207.03	1159.15
207.25	1107.95
207.47	1175.53
207.69	1171.44
207.91	1116.14
208.13	1228.78
208.34	1259.50
208.56	1171.44
208.78	1165.29
209.00	1163.25
209.22	1239.02
209.44	1200.11
209.66	1189.87
209.88	1122.29
210.10	1163.25
210.32	1175.53
210.54	1198.06
210.76	1146.86
210.98	1146.86
211.20	1206.25
211.42	1208.30
211.64	1208.30
211.86	1175.53
212.08	1208.30
212.30	1169.39
212.52	1122.29
212.74	1144.81
212.96	1193.97
213.17	1148.91
213.39	1222.64
213.61	1140.72
213.83	1200.11
214.05	1171.44
214.27	1155.05
214.49	1171.44
214.71	1032.18
214.93	1101.81
215.15	1155.05
215.37	1157.10
215.59	1101.81
215.81	1224.69
216.03	1191.92
216.24	1183.73
216.46	1052.66
216.68	1234.93
216.90	1189.87
217.12	1218.54
217.34	1169.39
217.56	1130.48
217.78	1228.78
218.00	1193.97
218.22	1087.47
218.44	1161.20
218.66	1181.68
218.87	1134.57
219.09	1153.01
219.31	1193.97
219.53	1118.19
219.75	1155.05
219.97	1136.62
220.19	1198.06
220.41	1155.05
220.63	1107.95
220.85	1173.49
221.06	1056.75
221.28	1153.01
221.50	1236.97
221.72	1118.19
221.94	1234.93
222.16	1183.73
222.38	1169.39
222.60	1134.57
222.82	1159.15
223.03	1146.86
223.25	1146.86
223.47	1144.81
223.69	1253.36
223.91	1177.58
224.13	1181.68
224.35	1146.86
224.57	1077.23
224.78	1196.01
225.00	1198.06
225.22	1189.87
225.44	1185.77
225.66	1193.97
225.88	1148.91
226.10	1228.78
226.32	1171.44
226.53	1146.86
226.75	1234.93
226.97	1234.93
227.19	1163.25
227.41	1146.86
227.63	1196.01
227.85	1247.21
228.06	1177.58
228.28	1101.81
228.50	1230.83
228.72	1140.72
228.94	1196.01
229.16	1216.49
229.37	1177.58
229.59	1120.24
229.81	1130.48
230.03	1200.11
230.25	1187.82
230.47	1153.01
230.69	1140.72
230.90	1161.20
231.12	1198.06
231.34	1220.59
231.56	1124.33
231.78	1157.10
232.00	1198.06
232.21	1169.39
232.43	1198.06
232.65	1161.20
232.87	1150.96
233.09	1130.48
233.30	1196.01
233.52	1144.81
233.74	1173.49
233.96	1228.78
234.18	1120.24
234.40	1169.39
234.61	1136.62
234.83	1191.92
235.05	1161.20
235.27	1110.00
235.49	1173.49
235.70	1236.97
235.92	1181.68
236.14	1187.82
236.36	1144.81
236.58	1173.49
236.79	1155.05
237.01	1144.81
237.23	1208.30
237.45	1153.01
237.67	1173.49
237.88	1216.49
238.10	1177.58
238.32	1204.21
238.54	1085.42
238.76	1173.49
238.97	1171.44
239.19	1157.10
239.41	1150.96
239.63	1163.25
239.85	1198.06
240.06	1179.63
240.28	1202.16
240.50	1191.92
240.72	1167.34
240.93	1224.69
241.15	1212.40
241.37	1200.11
241.59	1202.16
241.81	1198.06
242.02	1146.86
242.24	1173.49
242.46	1191.92
242.68	1157.10
242.89	1161.20
243.11	1181.68
243.33	1142.77
243.55	1146.86
243.76	1181.68
243.98	1163.25
244.20	1167.34
244.42	1118.19
244.64	1175.53
244.85	1161.20
245.07	1126.38
245.29	1175.53
245.51	1206.25
245.72	1204.21
245.94	1187.82
246.16	1142.77
246.38	1200.11
246.59	1132.53
246.81	1110.00
247.03	1177.58
247.24	1167.34
247.46	1153.01
247.68	1198.06
247.90	1183.73
248.11	1159.15
248.33	1181.68
248.55	1236.97
248.77	1179.63
248.98	1183.73
249.20	1249.26
249.42	1161.20
249.64	1179.63
249.85	1224.69
250.07	1159.15
250.29	1173.49
250.50	1169.39
250.72	1232.88
250.94	1153.01
251.16	1216.49
251.37	1232.88
251.59	1101.81
251.81	1163.25
252.02	1132.53
252.24	1206.25
252.46	1193.97
252.68	1222.64
252.89	1171.44
253.11	1150.96
253.33	1159.15
253.54	1267.69
253.76	1167.34
253.98	1171.44
254.20	1142.77
254.41	1204.21
254.63	1142.77
254.85	1155.05
255.06	1179.63
255.28	1200.11
255.50	1212.40
255.71	1165.29
255.93	1157.10
256.15	1091.57
256.36	1167.34
256.58	1243.12
256.80	1144.81
257.02	1181.68
257.23	1126.38
257.45	1161.20
257.67	1105.90
257.88	1196.01
258.10	1183.73
258.32	1175.53
258.53	1167.34
258.75	1155.05
258.97	1185.77
259.18	1110.00
259.40	1089.52
259.62	1163.25
259.83	1130.48
260.05	1157.10
260.27	1196.01
260.48	1148.91
260.70	1214.45
260.92	1177.58
261.13	1196.01
261.35	1142.77
261.57	1179.63
261.78	1150.96
262.00	1146.86
262.22	1132.53
262.43	1150.96
262.65	1206.25
262.86	1159.15
263.08	1167.34
263.30	1169.39
263.51	1208.30
263.73	1155.05
263.95	1163.25
264.16	1220.59
264.38	1261.55
264.60	1140.72
264.81	1169.39
265.03	1167.34
265.25	1122.29
265.46	1144.81
265.68	1146.86
265.89	1193.97
266.11	1134.57
266.33	1153.01
266.54	1175.53
266.76	1228.78
266.98	1144.81
267.19	1146.86
267.41	1232.88
267.62	1202.16
267.84	1171.44
268.06	1228.78
268.27	1175.53
268.49	1175.53
268.70	1198.06
268.92	1134.57
269.14	1132.53
269.35	1183.73
269.57	1169.39
269.79	1173.49
270.00	1183.73
270.22	1216.49
270.43	1138.67
270.65	1161.20
270.87	1101.81
271.08	1136.62
271.30	1136.62
271.51	1181.68
271.73	1202.16
271.95	1226.73
272.16	1234.93
272.38	1228.78
272.59	1138.67
272.81	1175.53
273.02	1118.19
273.24	1228.78
273.46	1241.07
273.67	1093.62
273.89	1153.01
274.10	1114.10
274.32	1251.31
274.54	1171.44
274.75	1155.05
274.97	1173.49
275.18	1216.49
275.40	1150.96
275.61	1179.63
275.83	1308.65
276.05	1175.53
276.26	1114.10
276.48	1138.67
276.69	1150.96
276.91	1155.05
277.12	1210.35
277.34	1169.39
277.55	1243.12
277.77	1193.97
277.99	1114.10
278.20	1150.96
278.42	1189.87
278.63	1212.40
278.85	1187.82
279.06	1138.67
279.28	1153.01
279.49	1189.87
279.71	1181.68
279.93	1236.97
280.14	1230.83
280.36	1193.97
280.57	1187.82
280.79	1161.20
281.00	1175.53
281.22	1155.05
281.43	1179.63
281.65	1187.82
281.86	1066.99
282.08	1185.77
282.29	1138.67
282.51	1167.34
282.73	1161.20
282.94	1181.68
283.16	1183.73
283.37	1196.01
283.59	1204.21
283.80	1171.44
284.02	1181.68
284.23	1157.10
284.45	1212.40
284.66	1216.49
284.88	1122.29
285.09	1189.87
285.31	1130.48
285.52	1208.30
285.74	1236.97
285.95	1187.82
286.17	1155.05
286.38	1183.73
286.60	1206.25
286.81	1220.59
287.03	1146.86
287.24	1163.25
287.46	1146.86
287.67	1159.15
287.89	1148.91
288.10	1153.01
288.32	1179.63
288.53	1161.20
288.75	1175.53
288.96	1146.86
289.18	1163.25
289.39	1185.77
289.61	1179.63
289.82	1142.77
290.04	1220.59
290.25	1124.33
290.47	1126.38
290.68	1249.26
290.90	1079.28
291.11	1177.58
291.33	1146.86
291.54	1132.53
291.76	1142.77
291.97	1196.01
292.18	1142.77
292.40	1169.39
292.61	1112.05
292.83	1251.31
293.04	1136.62
293.26	1173.49
293.47	1179.63
293.69	1218.54
293.90	1191.92
294.12	1144.81
294.33	1116.14
294.55	1226.73
294.76	1181.68
294.97	1159.15
295.19	1200.11
295.40	1208.30
295.62	1130.48
295.83	1130.48
296.05	1198.06
296.26	1183.73
296.48	1181.68
296.69	1196.01
296.90	1159.15
297.12	1224.69
297.33	1189.87
297.55	1122.29
297.76	1161.20
297.98	1183.73
298.19	1107.95
298.41	1163.25
298.62	1171.44
298.83	1114.10
299.05	1165.29
299.26	1259.50
299.48	1157.10
299.69	1153.01
299.90	1202.16
300.12	1185.77
300.33	1169.39
300.55	1196.01
300.76	1214.45
300.98	1124.33
301.19	1208.30
301.40	1196.01
301.62	1171.44
301.83	1167.34
302.05	1169.39
302.26	1169.39
302.47	1206.25
302.69	1228.78
302.90	1183.73
303.12	1122.29
303.33	1159.15
303.54	1181.68
303.76	1165.29
303.97	1105.90
304.19	1204.21
304.40	1146.86
304.61	1159.15
304.83	1179.63
305.04	1183.73
305.26	1107.95
305.47	1175.53
305.68	1175.53
305.90	1193.97
306.11	1148.91
306.33	1196.01
306.54	1196.01
306.75	1157.10
306.97	1181.68
307.18	1253.36
307.39	1167.34
307.61	1191.92
307.82	1173.49
308.04	1134.57
308.25	1124.33
308.46	1142.77
308.68	1234.93
308.89	1210.35
309.10	1122.29
309.32	1220.59
309.53	1181.68
309.74	1179.63
309.96	1142.77
310.17	1157.10
310.39	1163.25
310.60	1140.72
310.81	1187.82
311.03	1177.58
311.24	1179.63
311.45	1110.00
311.67	1148.91
311.88	1196.01
312.09	1085.42
312.31	1222.64
312.52	1177.58
312.73	1224.69
312.95	1114.10
313.16	1193.97
313.37	1155.05
313.59	1134.57
313.80	1179.63
314.01	1204.21
314.23	1177.58
314.44	1130.48
314.65	1173.49
314.87	1155.05
315.08	1187.82
315.29	1204.21
315.51	1177.58
315.72	1218.54
315.93	1196.01
316.15	1200.11
316.36	1153.01
316.57	1208.30
316.79	1181.68
317.00	1122.29
317.21	1140.72
317.43	1206.25
317.64	1167.34
317.85	1247.21
318.07	1198.06
318.28	1228.78
318.49	1144.81
318.70	1206.25
318.92	1193.97
319.13	1130.48
319.34	1153.01
319.56	1124.33
319.77	1099.76
319.98	1148.91
320.20	1175.53
320.41	1236.97
320.62	1208.30
320.83	1161.20
321.05	1189.87
321.26	1259.50
321.47	1187.82
321.69	1216.49
321.90	1191.92
322.11	1167.34
322.32	1234.93
322.54	1236.97
322.75	1183.73
322.96	1112.05
323.18	1210.35
323.39	1239.02
323.60	1146.86
323.81	1146.86
324.03	1142.77
324.24	1179.63
324.45	1122.29
324.66	1177.58
324.88	1193.97
325.09	1144.81
325.30	1220.59
325.52	1187.82
325.73	1116.14
325.94	1198.06
326.15	1165.29
326.37	1187.82
326.58	1110.00
326.79	1132.53
327.00	1120.24
327.22	1191.92
327.43	1130.48
327.64	1200.11
327.85	1122.29
328.07	1177.58
328.28	1193.97
328.49	1222.64
328.70	1150.96
328.92	1163.25
329.13	1142.77
329.34	1230.83
329.55	1097.71
329.76	1232.88
329.98	1167.34
330.19	1167.34
330.40	1163.25
330.61	1183.73
330.83	1116.14
331.04	1187.82
331.25	1173.49
331.46	1202.16
331.68	1118.19
331.89	1261.55
332.10	1183.73
332.31	1208.30
332.52	1112.05
332.74	1105.90
332.95	1155.05
333.16	1177.58
333.37	1163.25
333.58	1200.11
333.80	1153.01
334.01	1179.63
334.22	1255.40
334.43	1159.15
334.64	1216.49
334.86	1173.49
335.07	1167.34
335.28	1163.25
335.49	1261.55
335.70	1157.10
335.92	1140.72
336.13	1271.79
336.34	1155.05
336.55	1144.81
336.76	1228.78
336.98	1232.88
337.19	1093.62
337.40	1128.43
337.61	1210.35
337.82	1189.87
338.04	1146.86
338.25	1183.73
338.46	1200.11
338.67	1165.29
338.88	1163.25
339.09	1222.64
339.31	1214.45
339.52	1204.21
339.73	1204.21
339.94	1212.40
340.15	1200.11
340.36	1191.92
340.58	1136.62
340.79	1193.97
341.00	1212.40
341.21	1204.21
341.42	1239.02
341.63	1200.11
341.85	1155.05
342.06	1200.11
342.27	1200.11
342.48	1232.88
342.69	1138.67
342.90	1142.77
343.12	1163.25
343.33	1150.96
343.54	1183.73
343.75	1177.58
343.96	1134.57
344.17	1153.01
344.38	1159.15
344.60	1171.44
344.81	1105.90
345.02	1075.18
345.23	1148.91
345.44	1185.77
345.65	1251.31
345.86	1150.96
346.07	1175.53
346.29	1187.82
346.50	1187.82
346.71	1181.68
346.92	1122.29
347.13	1208.30
347.34	1171.44
347.55	1159.15
347.76	1257.45
347.98	1185.77
348.19	1208.30
348.40	1163.25
348.61	1157.10
348.82	1251.31
349.03	1177.58
349.24	1261.55
349.45	1214.45
349.66	1161.20
349.88	1228.78
350.09	1185.77
350.30	1153.01
350.51	1181.68
350.72	1236.97
350.93	1163.25
351.14	1193.97
351.35	1191.92
351.56	1155.05
351.77	1218.54
351.99	1187.82
352.20	1126.38
352.41	1159.15
352.62	1259.50
352.83	1206.25
353.04	1185.77
353.25	1206.25
353.46	1134.57
353.67	1128.43
353.88	1181.68
354.09	1138.67
354.30	1206.25
354.52	1163.25
354.73	1167.34
354.94	1116.14
355.15	1193.97
355.36	1153.01
355.57	1171.44
355.78	1183.73
355.99	1148.91
356.20	1142.77
356.41	1196.01
356.62	1230.83
356.83	1204.21
357.04	1183.73
357.25	1177.58
357.46	1212.40
357.68	1185.77
357.89	1208.30
358.10	1179.63
358.31	1138.67
358.52	1181.68
358.73	1208.30
358.94	1183.73
359.15	1187.82
359.36	1191.92
359.57	1138.67
359.78	1193.97
359.99	1165.29
360.20	1224.69
360.41	1179.63
360.62	1187.82
360.83	1150.96
361.04	1218.54
361.25	1206.25
361.46	1206.25
361.67	1167.34
361.88	1171.44
362.09	1153.01
362.30	1134.57
362.51	1124.33
362.72	1181.68
362.93	1177.58
363.14	1196.01
363.35	1222.64
363.56	1187.82
363.78	1161.20
363.99	1183.73
364.20	1167.34
364.41	1228.78
364.62	1185.77
364.83	1230.83
365.04	1146.86
365.25	1146.86
365.46	1130.48
365.67	1144.81
365.88	1179.63
366.09	1159.15
366.30	1140.72
366.51	1230.83
366.72	1161.20
366.93	1155.05
367.14	1189.87
367.35	1105.90
367.56	1159.15
367.77	1224.69
367.98	1142.77
368.18	1198.06
368.39	1183.73
368.60	1085.42
368.81	1177.58
369.02	1187.82
369.23	1200.11
369.44	1208.30
369.65	1196.01
369.86	1167.34
370.07	1198.06
370.28	1265.64
370.49	1175.53
370.70	1212.40
370.91	1175.53
371.12	1153.01
371.33	1218.54
371.54	1171.44
371.75	1124.33
371.96	1146.86
372.17	1206.25
372.38	1179.63
372.59	1204.21
372.80	1142.77
373.01	1161.20
373.22	1134.57
373.43	1165.29
373.64	1167.34
373.85	1241.07
374.06	1150.96
374.26	1153.01
374.47	1183.73
374.68	1191.92
374.89	1204.21
375.10	1116.14
375.31	1183.73
375.52	1146.86
375.73	1230.83
375.94	1181.68
376.15	1212.40
376.36	1155.05
376.57	1148.91
376.78	1212.40
376.99	1142.77
377.20	1167.34
377.40	1189.87
377.61	1138.67
377.82	1181.68
378.03	1173.49
378.24	1200.11
378.45	1126.38
378.66	1210.35
378.87	1171.44
379.08	1150.96
379.29	1153.01
379.50	1189.87
379.71	1206.25
379.91	1189.87
380.12	1232.88
380.33	1236.97
380.54	1159.15
380.75	1193.97
380.96	1153.01
381.17	1165.29
381.38	1177.58
381.59	1257.45
381.80	1159.15
382.00	1183.73
382.21	1187.82
382.42	1189.87
382.63	1175.53
382.84	1163.25
383.05	1202.16
383.26	1159.15
383.47	1208.30
383.68	1232.88
383.88	1116.14
384.09	1187.82
384.30	1181.68
384.51	1159.15
384.72	1128.43
384.93	1212.40
385.14	1169.39
385.35	1200.11
385.55	1148.91
385.76	1189.87
385.97	1103.86
386.18	1153.01
386.39	1095.66
386.60	1245.16
386.81	1130.48
387.02	1216.49
387.22	1140.72
387.43	1140.72
387.64	1167.34
387.85	1138.67
388.06	1126.38
388.27	1216.49
388.48	1105.90
388.68	1181.68
388.89	1232.88
389.10	1191.92
389.31	1144.81
389.52	1210.35
389.73	1138.67
389.93	1241.07
390.14	1204.21
390.35	1224.69
390.56	1189.87
390.77	1173.49
390.98	1206.25
391.18	1155.05
391.39	1183.73
391.60	1163.25
391.81	1214.45
392.02	1153.01
392.23	1142.77
392.43	1132.53
392.64	1165.29
392.85	1157.10
393.06	1196.01
393.27	1132.53
393.47	1161.20
393.68	1218.54
393.89	1157.10
394.10	1173.49
394.31	1218.54
394.52	1230.83
394.72	1148.91
394.93	1114.10
395.14	1163.25
395.35	1200.11
395.56	1050.61
395.76	1134.57
395.97	1148.91
396.18	1150.96
396.39	1126.38
396.60	1126.38
396.80	1169.39
397.01	1204.21
397.22	1122.29
397.43	1181.68
397.64	1181.68
397.84	1196.01
398.05	1216.49
398.26	1126.38
398.47	1204.21
398.67	1216.49
398.88	1157.10
399.09	1191.92
399.30	1200.11
399.51	1204.21
399.71	1138.67
399.92	1200.11
400.13	1208.30
400.34	1173.49
400.54	1210.35
400.75	1200.11
400.96	1204.21
401.17	1183.73
401.37	1138.67
401.58	1181.68
401.79	1153.01
402.00	1202.16
402.21	1126.38
402.41	1155.05
402.62	1208.30
402.83	1218.54
403.04	1150.96
403.24	1173.49
403.45	1271.79
403.66	1167.34
403.87	1116.14
404.07	1185.77
404.28	1216.49
404.49	1198.06
404.70	1193.97
404.90	1116.14
405.11	1196.01
405.32	1196.01
405.52	1181.68
405.73	1251.31
405.94	1103.86
406.15	1093.62
406.35	1175.53
406.56	1183.73
406.77	1193.97
406.98	1202.16
407.18	1243.12
407.39	1155.05
407.60	1122.29
407.80	1185.77
408.01	1214.45
408.22	1157.10
408.43	1159.15
408.63	1202.16
408.84	1173.49
409.05	1107.95
409.25	1140.72
409.46	1163.25
409.67	1132.53
409.88	1134.57
410.08	1161.20
410.29	1202.16
410.50	1257.45
410.70	1179.63
410.91	1153.01
411.12	1179.63
411.32	1179.63
411.53	1148.91
411.74	1243.12
411.95	1091.57
412.15	1169.39
412.36	1257.45
412.57	1128.43
412.77	1148.91
412.98	1214.45
413.19	1163.25
413.39	1173.49
413.60	1159.15
413.81	1177.58
414.01	1150.96
414.22	1167.34
414.43	1204.21
414.63	1150.96
414.84	1173.49
415.05	1138.67
415.25	1183.73
415.46	1142.77
415.67	1275.88
415.87	1196.01
416.08	1206.25
416.29	1157.10
416.49	1148.91
416.70	1146.86
416.91	1169.39
417.11	1220.59
417.32	1181.68
417.53	1181.68
417.73	1157.10
417.94	1171.44
418.15	1191.92
418.35	1185.77
418.56	1134.57
418.77	1271.79
418.97	1126.38
419.18	1114.10
419.38	1200.11
419.59	1185.77
419.80	1216.49
420.00	1142.77
420.21	1196.01
420.42	1228.78
420.62	1142.77
420.83	1173.49
421.04	1175.53
421.24	1144.81
421.45	1189.87
421.65	1249.26
421.86	1165.29
422.07	1171.44
422.27	1173.49
422.48	1169.39
422.69	1101.81
422.89	1132.53
423.10	1200.11
423.30	1101.81
423.51	1140.72
423.72	1193.97
423.92	1167.34
424.13	1110.00
424.33	1167.34
424.54	1173.49
424.75	1122.29
424.95	1165.29
425.16	1206.25
425.36	1193.97
425.57	1220.59
425.78	1122.29
425.98	1165.29
426.19	1118.19
426.39	1239.02
426.60	1153.01
426.81	1239.02
427.01	1163.25
427.22	1181.68
427.42	1224.69
427.63	1206.25
427.83	1212.40
428.04	1193.97
428.25	1171.44
428.45	1130.48
428.66	1214.45
428.86	1193.97
429.07	1226.73
429.28	1091.57
429.48	1140.72
429.69	1177.58
429.89	1200.11
430.10	1239.02
430.30	1241.07
430.51	1202.16
430.71	1175.53
430.92	1140.72
431.13	1189.87
431.33	1243.12
431.54	1220.59
431.74	1148.91
431.95	1169.39
432.15	1187.82
432.36	1214.45
432.56	1171.44
432.77	1142.77
432.98	1138.67
433.18	1159.15
433.39	1099.76
433.59	1146.86
433.80	1198.06
434.00	1239.02
434.21	1148.91
434.41	1222.64
434.62	1177.58
434.82	1142.77
435.03	1114.10
435.23	1191.92
435.44	1226.73
435.64	1110.00
435.85	1171.44
436.06	1136.62
436.26	1208.30
436.47	1181.68
436.67	1116.14
436.88	1171.44
437.08	1159.15
437.29	1185.77
437.49	1216.49
437.70	1183.73
437.90	1167.34
438.11	1161.20
438.31	1185.77
438.52	1159.15
438.72	1085.42
438.93	1187.82
439.13	1230.83
439.34	1163.25
439.54	1224.69
439.75	1155.05
439.95	1138.67
440.16	1097.71
440.36	1148.91
440.57	1157.10
440.77	1200.11
440.98	1177.58
441.18	1187.82
441.39	1116.14
441.59	1189.87
441.80	1216.49
442.00	1177.58
442.21	1220.59
442.41	1173.49
442.62	1134.57
442.82	1173.49
443.02	1241.07
443.23	1220.59
443.43	1191.92
443.64	1163.25
443.84	1204.21
444.05	1226.73
444.25	1212.40
444.46	1167.34
444.66	1142.77
444.87	1173.49
445.07	1171.44
445.28	1183.73
445.48	1183.73
445.69	1216.49
445.89	1196.01
446.09	1245.16
446.30	1202.16
446.50	1146.86
446.71	1261.55
446.91	1171.44
447.12	1267.69
447.32	1183.73
447.53	1118.19
447.73	1234.93
447.93	1148.91
448.14	1167.34
448.34	1112.05
448.55	1222.64
448.75	1183.73
448.96	1200.11
449.16	1126.38
449.36	1191.92
449.57	1196.01
449.77	1130.48
449.98	1161.20
450.18	1189.87
450.39	1243.12
450.59	1183.73
450.79	1187.82
451.00	1138.67
451.20	1118.19
451.41	1175.53
451.61	1216.49
451.81	1165.29
452.02	1222.64
452.22	1159.15
452.43	1134.57
452.63	1247.21
452.84	1175.53
453.04	1161.20
453.24	1187.82
453.45	1159.15
453.65	1116.14
453.86	1126.38
454.06	1163.25
454.26	1193.97
454.47	1097.71
454.67	1220.59
454.87	1132.53
455.08	1134.57
455.28	1241.07
455.49	1185.77
455.69	1210.35
455.89	1140.72
456.10	1210.35
456.30	1179.63
456.51	1159.15
456.71	1099.76
456.91	1224.69
457.12	1159.15
457.32	1210.35
457.52	1220.59
457.73	1175.53
457.93	1196.01
458.14	1198.06
458.34	1206.25
458.54	1157.10
458.75	1146.86
458.95	1120.24
459.15	1157.10
459.36	1200.11
459.56	1177.58
459.76	1183.73
459.97	1157.10
460.17	1107.95
460.37	1181.68
460.58	1198.06
460.78	1118.19
460.99	1140.72
461.19	1126.38
461.39	1138.67
461.60	1216.49
461.80	1187.82
462.00	1130.48
462.21	1181.68
462.41	1181.68
462.61	1142.77
462.82	1116.14
463.02	1159.15
463.22	1183.73
463.43	1171.44
463.63	1126.38
463.83	1132.53
464.04	1185.77
464.24	1144.81
464.44	1189.87
464.64	1136.62
464.85	1114.10
465.05	1134.57
465.25	1136.62
465.46	1153.01
465.66	1243.12
465.86	1179.63
466.07	1155.05
466.27	1210.35
466.47	1196.01
466.68	1167.34
466.88	1159.15
467.08	1228.78
467.29	1191.92
467.49	1171.44
467.69	1150.96
467.89	1138.67
468.10	1220.59
468.30	1171.44
468.50	1161.20
468.71	1175.53
468.91	1171.44
469.11	1208.30
469.31	1159.15
469.52	1150.96
469.72	1202.16
469.92	1177.58
470.13	1107.95
470.33	1253.36
470.53	1208.30
470.73	1206.25
470.94	1208.30
471.14	1136.62
471.34	1169.39
471.54	1181.68
471.75	1177.58
471.95	1200.11
472.15	1198.06
472.36	1144.81
472.56	1116.14
472.76	1155.05
472.96	1183.73
473.17	1173.49
473.37	1187.82
473.57	1183.73
473.77	1126.38
473.98	1167.34
474.18	1134.57
474.38	1144.81
474.58	1185.77
474.79	1153.01
474.99	1155.05
475.19	1144.81
475.39	1224.69
475.60	1122.29
475.80	1103.86
476.00	1136.62
476.20	1171.44
476.41	1216.49
476.61	1179.63
476.81	1159.15
477.01	1150.96
477.21	1183.73
477.42	1220.59
477.62	1181.68
477.82	1181.68
478.02	1187.82
478.23	1118.19
478.43	1134.57
478.63	1173.49
478.83	1112.05
479.03	1107.95
479.24	1202.16
479.44	1142.77
479.64	1087.47
479.84	1134.57
480.04	1179.63
480.25	1191.92
480.45	1171.44
480.65	1122.29
480.85	1179.63
481.06	1150.96
481.26	1236.97
481.46	1157.10
481.66	1187.82
481.86	1181.68
482.06	1159.15
482.27	1189.87
482.47	1185.77
482.67	1130.48
482.87	1198.06
483.07	1150.96
483.28	1140.72
483.48	1202.16
483.68	1146.86
483.88	1185.77
484.08	1146.86
484.29	1245.16
484.49	1175.53
484.69	1236.97
484.89	1150.96
485.09	1228.78
485.29	1189.87
485.50	1124.33
485.70	1140.72
485.90	1071.09
486.10	1150.96
486.30	1179.63
486.50	1144.81
486.71	1228.78
486.91	1175.53
487.11	1193.97
487.31	1177.58
487.51	1116.14
487.71	1163.25
487.91	1107.95
488.12	1146.86
488.32	1214.45
488.52	1234.93
488.72	1183.73
488.92	1200.11
489.12	1198.06
489.32	1181.68
489.53	1228.78
489.73	1112.05
489.93	1165.29
490.13	1191.92
490.33	1196.01
490.53	1146.86
490.73	1259.50
490.94	1189.87
491.14	1214.45
491.34	1103.86
491.54	1257.45
491.74	1146.86
491.94	1122.29
492.14	1191.92
492.34	1214.45
492.54	1196.01
492.75	1206.25
492.95	1159.15
493.15	1146.86
493.35	1208.30
493.55	1261.55
493.75	1159.15
493.95	1122.29
494.15	1146.86
494.35	1157.10
494.56	1118.19
494.76	1214.45
494.96	1169.39
495.16	1110.00
495.36	1126.38
495.56	1218.54
495.76	1157.10
495.96	1138.67
496.16	1204.21
496.36	1144.81
496.56	1220.59
496.77	1210.35
496.97	1161.20
497.17	1116.14
497.37	1103.86
497.57	1112.05
497.77	1222.64
497.97	1204.21
498.17	1165.29
498.37	1187.82
498.57	1177.58
498.77	1306.60
498.97	1146.86
499.17	1148.91
499.38	1146.86
499.58	1140.72
499.78	1150.96
499.98	1200.11
500.18	1169.39
500.38	1173.49
500.58	1202.16
500.78	1228.78
500.98	1169.39
501.18	1200.11
501.38	1193.97
501.58	1257.45
501.78	1146.86
501.98	1165.29
502.18	1243.12
502.38	1142.77
502.58	1128.43
502.78	1171.44
502.98	1169.39
503.18	1198.06
503.38	1148.91
503.59	1187.82
503.79	1234.93
503.99	1150.96
504.19	1167.34
504.39	1236.97
504.59	1167.34
504.79	1269.74
504.99	1157.10
505.19	1148.91
505.39	1167.34
505.59	1165.29
505.79	1144.81
505.99	1165.29
506.19	1191.92
506.39	1196.01
506.59	1187.82
506.79	1206.25
506.99	1171.44
507.19	1200.11
507.39	1183.73
507.59	1167.34
507.79	1153.01
507.99	1157.10
508.19	1261.55
508.39	1222.64
508.59	1181.68
508.79	1200.11
508.99	1208.30
509.19	1230.83
509.39	1204.21
509.59	1118.19
509.79	1173.49
509.99	1163.25
510.19	1196.01
510.39	1222.64
510.59	1157.10
510.79	1138.67
510.99	1204.21
511.19	1150.96
511.39	1177.58
511.59	1218.54
511.79	1153.01
511.99	1196.01
512.19	1253.36
512.38	1212.40
512.58	1214.45
512.78	1110.00
512.98	1222.64
513.18	1132.53
513.38	1155.05
513.58	1161.20
513.78	1208.30
513.98	1173.49
514.18	1187.82
514.38	1200.11
514.58	1234.93
514.78	1148.91
514.98	1165.29
515.18	1177.58
515.38	1103.86
515.58	1181.68
515.78	1191.92
515.98	1198.06
516.18	1165.29
516.38	1146.86
516.57	1165.29
516.77	1161.20
516.97	1243.12
517.17	1230.83
517.37	1175.53
517.57	1146.86
517.77	1171.44
517.97	1153.01
518.17	1196.01
518.37	1171.44
518.57	1163.25
518.77	1177.58
518.97	1163.25
519.16	1144.81
519.36	1112.05
519.56	1173.49
519.76	1165.29
519.96	1130.48
520.16	1212.40
520.36	1140.72
520.56	1114.10
520.76	1218.54
520.96	1200.11
521.16	1112.05
521.35	1159.15
521.55	1099.76
521.75	1200.11
521.95	1212.40
522.15	1241.07
522.35	1183.73
522.55	1202.16
522.75	1189.87
522.95	1191.92
523.14	1146.86
523.34	1200.11
523.54	1175.53
523.74	1265.64
523.94	1181.68
524.14	1191.92
524.34	1220.59
524.54	1134.57
524.73	1103.86
524.93	1175.53
525.13	1171.44
525.33	1110.00
525.53	1251.31
525.73	1204.21
525.93	1120.24
526.13	1165.29
526.32	1185.77
526.52	1204.21
526.72	1196.01
526.92	1220.59
527.12	1200.11
527.32	1103.86
527.52	1144.81
527.71	1177.58
527.91	1183.73
528.11	1196.01
528.31	1224.69
528.51	1198.06
528.71	1150.96
528.90	1189.87
529.10	1196.01
529.30	1140.72
529.50	1120.24
529.70	1142.77
529.90	1208.30
530.09	1159.15
530.29	1153.01
530.49	1214.45
530.69	1208.30
530.89	1202.16
531.09	1112.05
531.28	1132.53
531.48	1159.15
531.68	1189.87
531.88	1220.59
532.08	1243.12
532.28	1230.83
532.47	1224.69
532.67	1157.10
532.87	1185.77
533.07	1214.45
533.27	1228.78
533.46	1208.30
533.66	1150.96
533.86	1200.11
534.06	1134.57
534.26	1179.63
534.45	1163.25
534.65	1236.97
534.85	1161.20
535.05	1214.45
535.25	1232.88
535.44	1198.06
535.64	1167.34
535.84	1124.33
536.04	1200.11
536.24	1245.16
536.43	1232.88
536.63	1230.83
536.83	1167.34
537.03	1157.10
537.22	1161.20
537.42	1179.63
537.62	1114.10
537.82	1126.38
538.02	1185.77
538.21	1103.86
538.41	1173.49
538.61	1150.96
538.81	1173.49
539.00	1173.49
539.20	1146.86
539.40	1232.88
539.60	1122.29
539.79	1159.15
539.99	1228.78
540.19	1171.44
540.39	1183.73
540.58	1110.00
540.78	1136.62
540.98	1243.12
541.18	1200.11
541.37	1146.86
541.57	1239.02
541.77	1167.34
541.97	1177.58
542.16	1097.71
542.36	1091.57
542.56	1210.35
542.76	1206.25
542.95	1245.16
543.15	1247.21
543.35	1222.64
543.54	1239.02
543.74	1167.34
543.94	1189.87
544.14	1218.54
544.33	1175.53
544.53	1169.39
544.73	1142.77
544.93	1218.54
545.12	1157.10
545.32	1189.87
545.52	1163.25
545.71	1171.44
545.91	1183.73
546.11	1236.97
546.30	1198.06
546.50	1198.06
546.70	1165.29
546.90	1146.86
547.09	1132.53
547.29	1159.15
547.49	1185.77
547.68	1153.01
547.88	1077.23
548.08	1148.91
548.27	1200.11
548.47	1157.10
548.67	1155.05
548.87	1210.35
549.06	1128.43
549.26	1241.07
549.46	1132.53
549.65	1183.73
549.85	1220.59
550.05	1236.97
550.24	1212.40
550.44	1253.36
550.64	1169.39
550.83	1249.26
551.03	1134.57
551.23	1212.40
551.42	1171.44
551.62	1138.67
551.82	1236.97
552.01	1140.72
552.21	1155.05
552.41	1179.63
552.60	1128.43
552.80	1230.83
553.00	1196.01
553.19	1191.92
553.39	1204.21
553.59	1204.21
553.78	1163.25
553.98	1261.55
554.17	1208.30
554.37	1196.01
554.57	1189.87
554.76	1200.11
554.96	1169.39
555.16	1193.97
555.35	1177.58
555.55	1157.10
555.75	1146.86
555.94	1187.82
556.14	1167.34
556.33	1136.62
556.53	1202.16
556.73	1251.31
556.92	1169.39
557.12	1171.44
557.32	1175.53
557.51	1191.92
557.71	1165.29
557.90	1146.86
558.10	1187.82
558.30	1146.86
558.49	1142.77
558.69	1214.45
558.88	1214.45
559.08	1214.45
559.28	1216.49
559.47	1200.11
559.67	1169.39
559.86	1177.58
560.06	1093.62
560.26	1163.25
560.45	1167.34
560.65	1163.25
560.84	1140.72
561.04	1159.15
561.24	1091.57
561.43	1175.53
561.63	1206.25
561.82	1185.77
562.02	1140.72
562.22	1163.25
562.41	1208.30
562.61	1146.86
562.80	1153.01
563.00	1243.12
563.19	1122.29
563.39	1124.33
563.59	1191.92
563.78	1099.76
563.98	1206.25
564.17	1163.25
564.37	1200.11
564.56	1286.12
564.76	1222.64
564.96	1159.15
565.15	1146.86
565.35	1159.15
565.54	1157.10
565.74	1153.01
565.93	1179.63
566.13	1183.73
566.32	1230.83
566.52	1142.77
566.71	1183.73
566.91	1191.92
567.11	1187.82
567.30	1200.11
567.50	1179.63
567.69	1146.86
567.89	1130.48
568.08	1204.21
568.28	1138.67
568.47	1251.31
568.67	1179.63
568.86	1193.97
569.06	1150.96
569.25	1157.10
569.45	1105.90
569.64	1204.21
569.84	1163.25
570.04	1155.05
570.23	1089.52
570.43	1198.06
570.62	1183.73
570.82	1200.11
571.01	1191.92
571.21	1130.48
571.40	1142.77
571.60	1220.59
571.79	1130.48
571.99	1208.30
572.18	1177.58
572.38	1208.30
572.57	1179.63
572.77	1130.48
572.96	1157.10
573.16	1169.39
573.35	1169.39
573.55	1142.77
573.74	1122.29
573.94	1224.69
574.13	1163.25
574.33	1167.34
574.52	1136.62
574.71	1148.91
574.91	1171.44
575.10	1224.69
575.30	1212.40
575.49	1210.35
575.69	1110.00
575.88	1157.10
576.08	1228.78
576.27	1163.25
576.47	1179.63
576.66	1132.53
576.86	1126.38
577.05	1177.58
577.25	1183.73
577.44	1167.34
577.64	1169.39
577.83	1171.44
578.02	1159.15
578.22	1134.57
578.41	1089.52
578.61	1230.83
578.80	1167.34
579.00	1120.24
579.19	1130.48
579.39	1112.05
579.58	1257.45
579.77	1150.96
579.97	1124.33
580.16	1169.39
580.36	1089.52
580.55	1169.39
580.75	1187.82
580.94	1165.29
581.13	1112.05
581.33	1110.00
581.52	1204.21
581.72	1153.01
581.91	1198.06
582.11	1163.25
582.30	1206.25
582.49	1175.53
582.69	1230.83
582.88	1177.58
583.08	1187.82
583.27	1146.86
583.47	1134.57
583.66	1140.72
583.85	1150.96
584.05	1220.59
584.24	1089.52
584.44	1220.59
584.63	1153.01
584.82	1212.40
585.02	1130.48
585.21	1095.66
585.41	1177.58
585.60	1228.78
585.79	1146.86
585.99	1171.44
586.18	1216.49
586.37	1132.53
586.57	1206.25
586.76	1228.78
586.96	1175.53
587.15	1140.72
587.34	1140.72
587.54	1144.81
587.73	1220.59
587.93	1189.87
588.12	1208.30
588.31	1216.49
588.51	1169.39
588.70	1157.10
588.89	1196.01
589.09	1200.11
589.28	1245.16
589.47	1173.49
589.67	1183.73
589.86	1183.73
590.06	1144.81
590.25	1183.73
590.44	1204.21
590.64	1155.05
590.83	1210.35
591.02	1140.72
591.22	1142.77
591.41	1177.58
591.60	1157.10
591.80	1132.53
591.99	1136.62
592.18	1212.40
592.38	1175.53
592.57	1193.97
592.76	1216.49
592.96	1173.49
593.15	1271.79
593.34	1224.69
593.54	1208.30
593.73	1202.16
593.92	1193.97
594.12	1169.39
594.31	1204.21
594.50	1118.19
594.70	1243.12
594.89	1150.96
595.08	1155.05
595.28	1142.77
595.47	1251.31
595.66	1159.15
595.86	1216.49
596.05	1232.88
596.24	1128.43
596.43	1216.49
596.63	1122.29
596.82	1171.44
597.01	1232.88
597.21	1265.64
597.40	1241.07
597.59	1144.81
597.79	1181.68
597.98	1249.26
598.17	1097.71
598.36	1249.26
598.56	1193.97
598.75	1150.96
598.94	1202.16
599.14	1122.29
599.33	1153.01
599.52	1187.82
599.71	1183.73
599.91	1175.53
600.10	1140.72
600.29	1206.25
600.48	1144.81
600.68	1079.28
600.87	1103.86
601.06	1169.39
601.26	1128.43
601.45	1193.97
601.64	1155.05
601.83	1132.53
602.03	1220.59
602.22	1134.57
602.41	1212.40
602.60	1206.25
602.80	1189.87
602.99	1159.15
603.18	1224.69
603.37	1161.20
603.57	1263.60
603.76	1175.53
603.95	1206.25
604.14	1218.54
604.34	1226.73
604.53	1118.19
604.72	1212.40
604.91	1175.53
605.10	1191.92
605.30	1155.05
605.49	1216.49
605.68	1228.78
605.87	1150.96
606.07	1122.29
606.26	1163.25
606.45	1234.93
606.64	1208.30
606.84	1165.29
607.03	1150.96
607.22	1193.97
607.41	1159.15
607.60	1212.40
607.80	1140.72
607.99	1271.79
608.18	1165.29
608.37	1187.82
608.56	1097.71
608.76	1155.05
608.95	1163.25
609.14	1122.29
609.33	1177.58
609.52	1159.15
609.72	1169.39
609.91	1163.25
610.10	1157.10
610.29	1185.77
610.48	1155.05
610.68	1134.57
610.87	1169.39
611.06	1120.24
611.25	1112.05
611.44	1222.64
611.63	1085.42
611.83	1214.45
612.02	1210.35
612.21	1150.96
612.40	1208.30
612.59	1097.71
612.79	1140.72
612.98	1179.63
613.17	1212.40
613.36	1193.97
613.55	1114.10
613.74	1226.73
613.93	1157.10
614.13	1224.69
614.32	1228.78
614.51	1193.97
614.70	1236.97
614.89	1200.11
615.08	1218.54
615.28	1177.58
615.47	1130.48
615.66	1181.68
615.85	1218.54
616.04	1173.49
616.23	1153.01
616.42	1179.63
616.62	1130.48
616.81	1200.11
617.00	1183.73
617.19	1142.77
617.38	1144.81
617.57	1153.01
617.76	1202.16
617.95	1214.45
618.15	1169.39
618.34	1183.73
618.53	1138.67
618.72	1216.49
618.91	1157.10
619.10	1159.15
619.29	1255.40
619.48	1187.82
619.68	1171.44
619.87	1239.02
620.06	1185.77
620.25	1163.25
620.44	1204.21
620.63	1142.77
620.82	1163.25
621.01	1157.10
621.20	1136.62
621.39	1214.45
621.59	1107.95
621.78	1142.77
621.97	1169.39
622.16	1126.38
622.35	1138.67
622.54	1136.62
622.73	1132.53
622.92	1216.49
623.11	1191.92
623.30	1181.68
623.49	1120.24
623.68	1267.69
623.88	1120.24
624.07	1130.48
624.26	1144.81
624.45	1138.67
624.64	1128.43
624.83	1267.69
625.02	1202.16
625.21	1216.49
625.40	1167.34
625.59	1161.20
625.78	1216.49
625.97	1277.93
626.16	1191.92
626.35	1206.25
626.54	1210.35
626.74	1230.83
626.93	1193.97
627.12	1239.02
627.31	1191.92
627.50	1126.38
627.69	1124.33
627.88	1230.83
628.07	1241.07
628.26	1134.57
628.45	1187.82
628.64	1257.45
628.83	1187.82
629.02	1236.97
629.21	1181.68
629.40	1245.16
629.59	1245.16
629.78	1216.49
629.97	1218.54
630.16	1122.29
630.35	1179.63
630.54	1257.45
630.73	1196.01
630.92	1245.16
631.11	1241.07
631.30	1271.79
631.49	1378.28
631.68	1767.40
631.87	3612.62
632.06	13369.14
632.25	38925.74
632.44	50683.13
632.63	51543.28
632.82	32329.23
633.01	16797.44
633.20	4956.08
633.39	5046.20
633.58	2541.53
633.77	2017.25
633.96	1691.62
634.15	1488.87
634.34	1478.63
634.53	1431.53
634.72	1476.59
634.91	1335.28
635.10	1316.84
635.29	1271.79
635.48	1290.22
635.67	1191.92
635.86	1198.06
636.05	1222.64
636.24	1230.83
636.43	1167.34
636.62	1236.97
636.81	1179.63
637.00	1230.83
637.19	1196.01
637.38	1167.34
637.57	1214.45
637.76	1251.31
637.95	1228.78
638.14	1140.72
638.33	1245.16
638.52	1200.11
638.71	1259.50
638.89	1220.59
639.08	1189.87
639.27	1134.57
639.46	1185.77
639.65	1236.97
639.84	1208.30
640.03	1216.49
640.22	1093.62
640.41	1232.88
640.60	1167.34
640.79	1187.82
640.98	1206.25
641.17	1091.57
641.36	1157.10
641.55	1161.20
641.74	1204.21
641.92	1138.67
642.11	1165.29
642.30	1210.35
642.49	1167.34
642.68	1179.63
642.87	1261.55
643.06	1161.20
643.25	1193.97
643.44	1150.96
643.63	1105.90
643.82	1200.11
644.00	1177.58
644.19	1175.53
644.38	1187.82
644.57	1191.92
644.76	1232.88
644.95	1118.19
645.14	1130.48
645.33	1193.97
645.52	1191.92
645.71	1228.78
645.89	1241.07
646.08	1150.96
646.27	1216.49
646.46	1204.21
646.65	1284.08
646.84	1200.11
647.03	1212.40
647.22	1146.86
647.40	1169.39
647.59	1191.92
647.78	1210.35
647.97	1126.38
648.16	1095.66
648.35	1232.88
648.54	1163.25
648.73	1286.12
648.91	1210.35
649.10	1161.20
649.29	1173.49
649.48	1150.96
649.67	1150.96
649.86	1183.73
650.05	1153.01
650.23	1165.29
650.42	1136.62
650.61	1167.34
650.80	1140.72
650.99	1220.59
651.18	1157.10
651.36	1247.21
651.55	1230.83
651.74	1171.44
651.93	1232.88
652.12	1118.19
652.31	1224.69
652.49	1169.39
652.68	1171.44
652.87	1212.40
653.06	1198.06
653.25	1198.06
653.44	1142.77
653.62	1150.96
653.81	1163.25
654.00	1249.26
654.19	1153.01
654.38	1153.01
654.56	1153.01
654.75	1208.30
654.94	1196.01
655.13	1245.16
655.32	1216.49
655.51	1140.72
655.69	1161.20
655.88	1155.05
656.07	1179.63
656.26	1159.15
656.45	1128.43
656.63	1218.54
656.82	1214.45
657.01	1206.25
657.20	1179.63
657.38	1146.86
657.57	1159.15
657.76	1185.77
657.95	1200.11
658.14	1259.50
658.32	1222.64
658.51	1187.82
658.70	1239.02
658.89	1183.73
659.08	1179.63
659.26	1167.34
659.45	1146.86
659.64	1220.59
659.83	1142.77
660.01	1282.03
660.20	1212.40
660.39	1183.73
660.58	1146.86
660.76	1173.49
660.95	1208.30
661.14	1191.92
661.33	1204.21
661.51	1163.25
661.70	1191.92
661.89	1167.34
662.08	1171.44
662.26	1243.12
662.45	1112.05
662.64	1198.06
662.83	1171.44
663.01	1191.92
663.20	1142.77
663.39	1118.19
663.58	1169.39
663.76	1198.06
663.95	1171.44
664.14	1134.57
664.32	1265.64
664.51	1185.77
664.70	1202.16
664.89	1153.01
665.07	1212.40
665.26	1167.34
665.45	1179.63
665.64	1148.91
665.82	1214.45
666.01	1083.38
666.20	1171.44
666.38	1230.83
666.57	1189.87
666.76	1181.68
666.95	1161.20
667.13	1189.87
667.32	1236.97
667.51	1163.25
667.69	1191.92
667.88	1220.59
668.07	1126.38
668.25	1130.48
668.44	1200.11
668.63	1171.44
668.81	1161.20
669.00	1247.21
669.19	1196.01
669.38	1165.29
669.56	1167.34
669.75	1134.57
669.94	1153.01
670.12	1140.72
670.31	1269.74
670.50	1191.92
670.68	1167.34
670.87	1206.25
671.06	1157.10
671.24	1198.06
671.43	1189.87
671.62	1185.77
671.80	1191.92
671.99	1138.67
672.18	1153.01
672.36	1167.34
672.55	1134.57
672.74	1118.19
672.92	1241.07
673.11	1239.02
673.29	1128.43
673.48	1118.19
673.67	1150.96
673.85	1142.77
674.04	1177.58
674.23	1159.15
674.41	1130.48
674.60	1193.97
674.79	1116.14
674.97	1150.96
675.16	1146.86
675.34	1122.29
675.53	1163.25
675.72	1220.59
675.90	1198.06
676.09	1132.53
676.28	1161.20
676.46	1187.82
676.65	1142.77
676.83	1138.67
677.02	1171.44
677.21	1214.45
677.39	1200.11
677.58	1155.05
677.77	1222.64
677.95	1142.77
678.14	1210.35
678.32	1148.91
678.51	1181.68
678.70	1234.93
678.88	1101.81
679.07	1196.01
679.25	1187.82
679.44	1210.35
679.63	1150.96
679.81	1128.43
680.00	1134.57
680.18	1175.53
680.37	1187.82
680.55	1130.48
680.74	1216.49
680.93	1214.45
681.11	1216.49
681.30	1171.44
681.48	1153.01
681.67	1157.10
681.85	1159.15
682.04	1159.15
682.23	1163.25
682.41	1253.36
682.60	1130.48
682.78	1181.68
682.97	1173.49
683.15	1173.49
683.34	1161.20
683.53	1216.49
683.71	1214.45
683.90	1159.15
684.08	1124.33
684.27	1200.11
684.45	1132.53
684.64	1132.53
684.82	1169.39
685.01	1134.57
685.19	1185.77
685.38	1183.73
685.57	1148.91
685.75	1187.82
685.94	1167.34
686.12	1206.25
686.31	1173.49
686.49	1118.19
686.68	1171.44
686.86	1107.95
687.05	1198.06
687.23	1150.96
687.42	1138.67
687.60	1165.29
687.79	1239.02
687.97	1249.26
688.16	1218.54
688.34	1210.35
688.53	1232.88
688.71	1196.01
688.90	1187.82
689.08	1163.25
689.27	1150.96
689.45	1200.11
689.64	1130.48
689.82	1075.18
690.01	1187.82
690.19	1161.20
690.38	1187.82
690.56	1155.05
690.75	1146.86
690.93	1128.43
691.12	1177.58
691.30	1116.14
691.49	1146.86
691.67	1181.68
691.86	1163.25
692.04	1228.78
692.23	1150.96
692.41	1116.14
692.60	1169.39
692.78	1200.11
692.97	1130.48
693.15	1138.67
693.34	1224.69
693.52	1167.34
693.71	1185.77
693.89	1171.44
694.08	1171.44
694.26	1124.33
694.44	1208.30
694.63	1267.69
694.81	1148.91
695.00	1118.19
695.18	1187.82
695.37	1171.44
695.55	1148.91
695.74	1185.77
695.92	1175.53
696.10	1232.88
696.29	1239.02
696.47	1241.07
696.66	1130.48
696.84	1200.11
697.03	1159.15
697.21	1208.30
697.40	1140.72
697.58	1140.72
697.76	1159.15
697.95	1130.48
698.13	1128.43
698.32	1132.53
698.50	1193.97
698.68	1146.86
698.87	1224.69
699.05	1150.96
699.24	1177.58
699.42	1165.29
699.61	1169.39
699.79	1193.97
699.97	1095.66
700.16	1140.72
700.34	1210.35
700.53	1161.20
700.71	1132.53
700.89	1136.62
701.08	1191.92
701.26	1146.86
701.45	1146.86
701.63	1214.45
701.81	1204.21
702.00	1155.05
702.18	1253.36
702.37	1212.40
702.55	1099.76
702.73	1189.87
702.92	1224.69
703.10	1212.40
703.28	1124.33
703.47	1159.15
703.65	1177.58
703.84	1179.63
704.02	1155.05
704.20	1173.49
704.39	1140.72
704.57	1198.06
704.75	1163.25
704.94	1161.20
705.12	1200.11
705.30	1198.06
705.49	1150.96
705.67	1181.68
705.86	1198.06
706.04	1230.83
706.22	1236.97
706.41	1251.31
706.59	1159.15
706.77	1150.96
706.96	1144.81
707.14	1196.01
707.32	1208.30
707.51	1167.34
707.69	1093.62
707.87	1175.53
708.06	1132.53
708.24	1218.54
708.42	1204.21
708.61	1140.72
708.79	1257.45
708.97	1091.57
709.16	1183.73
709.34	1245.16
709.52	1300.46
709.71	1130.48
709.89	1171.44
710.07	1212.40
710.26	1193.97
710.44	1163.25
710.62	1175.53
710.80	1177.58
710.99	1181.68
711.17	1124.33
711.35	1163.25
711.54	1228.78
711.72	1230.83
711.90	1179.63
712.09	1091.57
712.27	1114.10
712.45	1112.05
712.63	1206.25
712.82	1187.82
713.00	1196.01
713.18	1179.63
713.37	1173.49
713.55	1177.58
713.73	1187.82
713.91	1175.53
714.10	1222.64
714.28	1169.39
714.46	1120.24
714.65	1253.36
714.83	1191.92
715.01	1183.73
715.19	1214.45
715.38	1116.14
715.56	1185.77
715.74	1087.47
715.92	1245.16
716.11	1220.59
716.29	1087.47
716.47	1122.29
716.65	1161.20
716.84	1140.72
717.02	1163.25
717.20	1103.86
717.38	1220.59
717.57	1146.86
717.75	1161.20
717.93	1245.16
718.11	1220.59
718.30	1193.97
718.48	1236.97
718.66	1181.68
718.84	1206.25
719.03	1196.01
719.21	1230.83
719.39	1171.44
719.57	1157.10
719.75	1116.14
719.94	1146.86
720.12	1212.40
720.30	1167.34
720.48	1269.74
720.67	1198.06
720.85	1202.16
721.03	1173.49
721.21	1105.90
721.39	1185.77
721.58	1200.11
721.76	1150.96
721.94	1187.82
722.12	1202.16
722.30	1175.53
722.49	1181.68
722.67	1193.97
722.85	1140.72
723.03	1142.77
723.21	1208.30
723.40	1118.19
723.58	1204.21
723.76	1150.96
723.94	1163.25
724.12	1140.72
724.30	1177.58
724.49	1128.43
724.67	1228.78
724.85	1243.12
725.03	1161.20
725.21	1134.57
725.40	1183.73
725.58	1169.39
725.76	1241.07
725.94	1175.53
726.12	1150.96
726.30	1206.25
726.49	1132.53
726.67	1165.29
726.85	1230.83
727.03	1183.73
727.21	1200.11
727.39	1230.83
727.57	1181.68
727.76	1132.53
727.94	1183.73
728.12	1144.81
728.30	1257.45
728.48	1134.57
728.66	1161.20
728.84	1155.05
729.03	1171.44
729.21	1120.24
729.39	1116.14
729.57	1150.96
729.75	1183.73
729.93	1220.59
730.11	1200.11
730.30	1196.01
730.48	1128.43
730.66	1091.57
730.84	1107.95
731.02	1193.97
731.20	1181.68
731.38	1181.68
731.56	1173.49
731.74	1171.44
731.93	1142.77
732.11	1148.91
732.29	1230.83
732.47	1173.49
732.65	1202.16
732.83	1159.15
733.01	1189.87
733.19	1126.38
733.37	1140.72
733.56	1101.81
733.74	1177.58
733.92	1208.30
734.10	1189.87
734.28	1159.15
734.46	1216.49
734.64	1167.34
734.82	1163.25
735.00	1136.62
735.18	1148.91
735.36	1175.53
735.54	1150.96
735.73	1167.34
735.91	1218.54
736.09	1155.05
736.27	1179.63
736.45	1198.06
736.63	1159.15
736.81	1136.62
736.99	1202.16
737.17	1132.53
737.35	1171.44
737.53	1210.35
737.71	1167.34
737.89	1101.81
738.07	1200.11
738.25	1236.97
738.43	1241.07
738.61	1179.63
738.80	1175.53
738.98	1222.64
739.16	1128.43
739.34	1193.97
739.52	1271.79
739.70	1161.20
739.88	1148.91
740.06	1140.72
740.24	1239.02
740.42	1236.97
740.60	1243.12
740.78	1204.21
740.96	1200.11
741.14	1153.01
741.32	1089.52
741.50	1263.60
741.68	1183.73
741.86	1163.25
742.04	1181.68
742.22	1177.58
742.40	1196.01
742.58	1116.14
742.76	1155.05
742.94	1099.76
743.12	1196.01
743.30	1193.97
743.48	1181.68
743.66	1155.05
743.84	1167.34
744.02	1116.14
744.20	1155.05
744.38	1187.82
744.56	1206.25
744.74	1124.33
744.92	1171.44
745.10	1130.48
745.28	1220.59
745.46	1271.79
745.64	1204.21
745.82	1161.20
746.00	1216.49
746.18	1146.86
746.36	1155.05
746.54	1165.29
746.72	1159.15
746.90	1239.02
747.08	1167.34
747.26	1234.93
747.44	1200.11
747.62	1116.14
747.80	1204.21
747.98	1165.29
748.15	1173.49
748.33	1210.35
748.51	1142.77
748.69	1239.02
748.87	1193.97
749.05	1142.77
749.23	1157.10
749.41	1187.82
749.59	1132.53
749.77	1220.59
749.95	1167.34
750.13	1138.67
750.31	1103.86
750.49	1212.40
750.67	1224.69
750.85	1112.05
751.03	1206.25
751.20	1185.77
751.38	1155.05
751.56	1159.15
751.74	1179.63
751.92	1150.96
752.10	1134.57
752.28	1148.91
752.46	1196.01
752.64	1130.48
752.82	1208.30
753.00	1171.44
753.18	1116.14
753.35	1191.92
753.53	1173.49
753.71	1191.92
753.89	1167.34
754.07	1179.63
754.25	1163.25
754.43	1150.96
754.61	1173.49
754.79	1103.86
754.97	1208.30
755.14	1185.77
755.32	1105.90
755.50	1177.58
755.68	1228.78
755.86	1142.77
756.04	1144.81
756.22	1239.02
756.40	1153.01
756.57	1163.25
756.75	1193.97
756.93	1173.49
757.11	1191.92
757.29	1167.34
757.47	1193.97
757.65	1212.40
757.82	1150.96
758.00	1118.19
758.18	1187.82
758.36	1208.30
758.54	1193.97
758.72	1071.09
758.90	1259.50
759.07	1198.06
759.25	1183.73
759.43	1191.92
759.61	1185.77
759.79	1247.21
759.97	1218.54
760.15	1153.01
760.32	1183.73
760.50	1144.81
760.68	1171.44
760.86	1112.05
761.04	1191.92
761.22	1118.19
761.39	1161.20
761.57	1122.29
761.75	1183.73
761.93	1159.15
762.11	1183.73
762.28	1150.96
762.46	1163.25
762.64	1110.00
762.82	1093.62
763.00	1179.63
763.18	1224.69
763.35	1107.95
763.53	1144.81
763.71	1138.67
763.89	1089.52
764.07	1226.73
764.24	1187.82
764.42	1175.53
764.60	1202.16
764.78	1110.00
764.96	1157.10
765.13	1187.82
765.31	1232.88
765.49	1120.24
765.67	1110.00
765.84	1142.77
766.02	1120.24
766.20	1189.87
766.38	1191.92
766.56	1161.20
766.73	1175.53
766.91	1208.30
767.09	1157.10
767.27	1112.05
767.44	1165.29
767.62	1193.97
767.80	1136.62
767.98	1120.24
768.15	1236.97
768.33	1175.53
768.51	1212.40
768.69	1200.11
768.87	1187.82
769.04	1214.45
769.22	1247.21
769.40	1179.63
769.58	1146.86
769.75	1165.29
769.93	1222.64
770.11	1183.73
770.28	1126.38
770.46	1191.92
770.64	1253.36
770.82	1155.05
770.99	1167.34
771.17	1216.49
771.35	1171.44
771.53	1101.81
771.70	1181.68
771.88	1103.86
772.06	1214.45
772.23	1155.05
772.41	1189.87
772.59	1187.82
772.77	1193.97
772.94	1163.25
773.12	1212.40
773.30	1236.97
773.47	1226.73
773.65	1206.25
773.83	1155.05
774.01	1163.25
774.18	1161.20
774.36	1179.63
774.54	1189.87
774.71	1165.29
774.89	1169.39
775.07	1132.53
775.24	1173.49
775.42	1134.57
775.60	1208.30
775.78	1208.30
775.95	1232.88
776.13	1146.86
776.31	1159.15
776.48	1146.86
776.66	1200.11
776.84	1226.73
777.01	1181.68
777.19	1218.54
777.37	1148.91
777.54	1222.64
777.72	1159.15
777.90	1236.97
778.07	1142.77
778.25	1185.77
778.43	1183.73
778.60	1177.58
778.78	1187.82
778.96	1146.86
779.13	1181.68
779.31	1157.10
779.49	1177.58
779.66	1159.15
779.84	1202.16
780.01	1230.83
780.19	1212.40
780.37	1202.16
780.54	1210.35
780.72	1187.82
780.90	1193.97
781.07	1148.91
781.25	1220.59
781.43	1191.92
781.60	1210.35
781.78	1142.77
781.95	1189.87
782.13	1155.05
782.31	1216.49
782.48	1200.11
782.66	1189.87
782.83	1146.86
783.01	1161.20
783.19	1167.34
783.36	1155.05
783.54	1222.64
783.72	1204.21
783.89	1144.81
784.07	1144.81
784.24	1198.06
784.42	1136.62
784.60	1259.50
784.77	1134.57
784.95	1163.25
785.12	1169.39
785.30	1288.17
785.47	1218.54
785.65	1163.25
785.83	1208.30
786.00	1142.77
786.18	1150.96
786.35	1148.91
786.53	1175.53
786.71	1167.34
786.88	1126.38
787.06	1122.29
787.23	1132.53
787.41	1120.24
787.58	1134.57
787.76	1191.92
787.94	1122.29
788.11	1216.49
788.29	1263.60
788.46	1212.40
788.64	1214.45
788.81	1241.07
788.99	1114.10
789.16	1191.92
789.34	1140.72
789.52	1191.92
789.69	1155.05
789.87	1228.78
790.04	1136.62
790.22	1157.10
790.39	1171.44
790.57	1206.25
790.74	1165.29
790.92	1259.50
791.09	1206.25
791.27	1144.81
791.44	1138.67
791.62	1191.92
791.79	1259.50
791.97	1200.11
792.15	1144.81
792.32	1193.97
792.50	1163.25
792.67	1105.90
792.85	1220.59
793.02	1206.25
793.20	1206.25
793.37	1185.77
793.55	1183.73
793.72	1175.53
793.90	1249.26
794.07	1200.11
794.25	1222.64
794.42	1181.68
794.60	1128.43
794.77	1118.19
794.95	1150.96
795.12	1198.06
795.30	1142.77
795.47	1204.21
795.65	1220.59
795.82	1208.30
796.00	1148.91
796.17	1204.21
796.34	1085.42
796.52	1165.29
796.69	1187.82
796.87	1142.77
797.04	1200.11
797.22	1146.86
797.39	1189.87
797.57	1169.39
797.74	1155.05
797.92	1136.62
798.09	1198.06
798.27	1224.69
798.44	1130.48
798.62	1179.63
798.79	1210.35
798.96	1177.58
799.14	1144.81
799.31	1171.44
799.49	1155.05
799.66	1232.88
799.84	1193.97
800.01	1181.68
800.19	1126.38
800.36	1148.91
800.53	1196.01
800.71	1165.29
800.88	1148.91
801.06	1171.44
801.23	1224.69
801.41	1198.06
801.58	1148.91
801.75	1138.67
801.93	1216.49
802.10	1216.49
802.28	1167.34
802.45	1128.43
802.63	1140.72
802.80	1175.53
802.97	1177.58
803.15	1107.95
803.32	1212.40
803.50	1163.25
803.67	1216.49
803.84	1257.45
804.02	1187.82
804.19	1136.62
804.37	1179.63
804.54	1140.72
804.71	1167.34
804.89	1173.49
805.06	1159.15
805.24	1099.76
805.41	1212.40
805.58	1107.95
805.76	1198.06
805.93	1204.21
806.10	1234.93
806.28	1208.30
806.45	1144.81
806.63	1279.98
806.80	1177.58
806.97	1167.34
807.15	1220.59
807.32	1148.91
807.49	1234.93
807.67	1181.68
807.84	1230.83
808.01	1171.44
808.19	1202.16
808.36	1165.29
808.54	1159.15
808.71	1132.53
808.88	1187.82
809.06	1206.25
809.23	1155.05
809.40	1157.10
809.58	1146.86
809.75	1208.30
809.92	1167.34
810.10	1150.96
810.27	1169.39
810.44	1247.21
810.62	1210.35
810.79	1267.69
810.96	1112.05
811.14	1161.20
811.31	1220.59
811.48	1224.69
811.66	1183.73
811.83	1157.10
812.00	1173.49
812.18	1218.54
812.35	1099.76
812.52	1118.19
812.69	1138.67
812.87	1226.73
813.04	1189.87
813.21	1126.38
813.39	1155.05
813.56	1177.58
813.73	1198.06
813.91	1138.67
814.08	1185.77
814.25	1253.36
814.42	1155.05
814.60	1134.57
814.77	1150.96
814.94	1204.21
815.12	1228.78
815.29	1175.53
815.46	1159.15
815.63	1155.05
815.81	1185.77
815.98	1187.82
816.15	1198.06
816.33	1232.88
816.50	1116.14
816.67	1169.39
816.84	1175.53
817.02	1196.01
817.19	1089.52
817.36	1249.26
817.53	1212.40
817.71	1138.67
817.88	1157.10
818.05	1253.36
818.22	1206.25
818.40	1169.39
818.57	1171.44
818.74	1177.58
818.91	1089.52
819.09	1144.81
819.26	1177.58
819.43	1155.05
819.60	1189.87
819.78	1171.44
819.95	1193.97
820.12	1239.02
820.29	1146.86
820.47	1155.05
820.64	1140.72
820.81	1245.16
820.98	1165.29
821.15	1202.16
821.33	1189.87
821.50	1177.58
821.67	1144.81
821.84	1232.88
822.02	1169.39
822.19	1165.29
822.36	1228.78
822.53	1153.01
822.70	1157.10
822.88	1130.48
823.05	1214.45
823.22	1148.91
823.39	1130.48
823.56	1198.06
823.74	1185.77
823.91	1103.86
824.08	1169.39
824.25	1200.11
824.42	1202.16
824.60	1204.21
824.77	1159.15
824.94	1095.66
825.11	1161.20
825.28	1185.77
825.45	1193.97
825.63	1144.81
825.80	1116.14
825.97	1208.30
826.14	1200.11
826.31	1153.01
826.48	1179.63
826.66	1159.15
826.83	1214.45
827.00	1165.29
827.17	1177.58
827.34	1206.25
827.51	1189.87
827.69	1245.16
827.86	1155.05
828.03	1150.96
828.20	1083.38
828.37	1275.88
828.54	1191.92
828.71	1230.83
828.89	1146.86
829.06	1214.45
829.23	1253.36
829.40	1173.49
829.57	1206.25
829.74	1251.31
829.91	1159.15
830.09	1114.10
830.26	1241.07
830.43	1167.34
830.60	1241.07
830.77	1161.20
830.94	1208.30
831.11	1146.86
831.28	1257.45
831.46	1173.49
831.63	1169.39
831.80	1148.91
831.97	1214.45
832.14	1157.10
832.31	1134.57
832.48	1126.38
832.65	1150.96
832.82	1159.15
832.99	1142.77
833.17	1161.20
833.34	1206.25
833.51	1200.11
833.68	1210.35
833.85	1150.96
834.02	1200.11
834.19	1202.16
834.36	1179.63
834.53	1155.05
834.70	1085.42
834.87	1247.21
835.04	1093.62
835.22	1171.44
835.39	1120.24
835.56	1146.86
835.73	1216.49
835.90	1167.34
836.07	1148.91
836.24	1161.20
836.41	1185.77
836.58	1212.40
836.75	1157.10
836.92	1148.91
837.09	1095.66
837.26	1112.05
837.43	1226.73
837.60	1128.43
837.77	1189.87
837.94	1144.81
838.12	1175.53
838.29	1206.25
838.46	1222.64
838.63	1253.36
838.80	1130.48
838.97	1183.73
839.14	1218.54
839.31	1200.11
839.48	1150.96
839.65	1163.25
839.82	1198.06
839.99	1177.58
840.16	1165.29
840.33	1130.48
840.50	1128.43
840.67	1241.07
840.84	1189.87
841.01	1073.14
841.18	1128.43
841.35	1259.50
841.52	1216.49
841.69	1243.12
841.86	1228.78
842.03	1181.68
842.20	1198.06
842.37	1175.53
842.54	1220.59
842.71	1163.25
842.88	1175.53
843.05	1138.67
843.22	1161.20
843.39	1153.01
843.56	1122.29
843.73	1173.49
843.90	1112.05
844.07	1171.44
844.24	1097.71
844.41	1196.01
844.58	1220.59
844.75	1175.53
844.92	1107.95
845.09	1159.15
845.26	1165.29
845.43	1105.90
845.60	1208.30
845.77	1159.15
845.94	1202.16
846.10	1202.16
846.27	1099.76
846.44	1210.35
846.61	1185.77
846.78	1200.11
846.95	1208.30
847.12	1181.68
847.29	1122.29
847.46	1245.16
847.63	1208.30
847.80	1196.01
847.97	1148.91
848.14	1185.77
848.31	1140.72
848.48	1136.62
848.65	1245.16
848.82	1128.43
848.98	1157.10
849.15	1132.53
849.32	1134.57
849.49	1230.83
849.66	1159.15
849.83	1183.73
850.00	1279.98
850.17	1202.16
850.34	1146.86
850.51	1150.96
850.68	1204.21
850.85	1173.49
851.01	1202.16
851.18	1161.20
851.35	1200.11
851.52	1140.72
851.69	1134.57
851.86	1202.16
852.03	1167.34
852.20	1163.25
852.37	1226.73
852.53	1165.29
852.70	1150.96
852.87	1187.82
853.04	1204.21
853.21	1097.71
853.38	1136.62
853.55	1228.78
853.72	1140.72
853.89	1126.38
854.05	1196.01
854.22	1101.81
854.39	1177.58
854.56	1159.15
854.73	1134.57
854.90	1193.97
855.07	1224.69
855.23	1159.15
855.40	1220.59
855.57	1198.06
855.74	1144.81
855.91	1128.43
856.08	1239.02
856.25	1153.01
856.41	1198.06
856.58	1157.10
856.75	1101.81
856.92	1239.02
857.09	1200.11
857.26	1212.40
857.42	1177.58
857.59	1167.34
857.76	1169.39
857.93	1169.39
858.10	1167.34
858.27	1200.11
858.43	1167.34
858.60	1193.97
858.77	1161.20
858.94	1232.88
859.11	1144.81
859.27	1187.82
859.44	1114.10
859.61	1196.01
859.78	1183.73
859.95	1191.92
860.12	1134.57
860.28	1105.90
860.45	1138.67
860.62	1212.40
860.79	1132.53
860.95	1124.33
861.12	1177.58
861.29	1177.58
861.46	1132.53
861.63	1210.35
861.79	1173.49
861.96	1132.53
862.13	1216.49
862.30	1175.53
862.47	1177.58
862.63	1212.40
862.80	1124.33
862.97	1183.73
863.14	1224.69
863.30	1181.68
863.47	1208.30
863.64	1136.62
863.81	1220.59
863.97	1110.00
864.14	1214.45
864.31	1179.63
864.48	1177.58
864.65	1181.68
864.81	1132.53
864.98	1206.25
865.15	1153.01
865.32	1222.64
865.48	1208.30
865.65	1200.11
865.82	1167.34
865.98	1187.82
866.15	1175.53
866.32	1155.05
866.49	1187.82
866.65	1228.78
866.82	1232.88
866.99	1222.64
867.16	1198.06
867.32	1181.68
867.49	1155.05
867.66	1159.15
867.83	1222.64
867.99	1150.96
868.16	1120.24
868.33	1163.25
868.49	1161.20
868.66	1243.12
868.83	1173.49
868.99	1206.25
869.16	1179.63
869.33	1171.44
869.50	1232.88
869.66	1187.82
869.83	1175.53
870.00	1118.19
870.16	1183.73
870.33	1159.15
870.50	1105.90
870.66	1161.20
870.83	1196.01
871.00	1202.16
871.17	1196.01
871.33	1202.16
871.50	1187.82
871.67	1189.87
871.83	1103.86
872.00	1122.29
872.17	1241.07
872.33	1179.63
872.50	1171.44
872.67	1161.20
872.83	1247.21
873.00	1187.82
873.17	1140.72
873.33	1191.92
873.50	1259.50
873.67	1222.64
873.83	1146.86
874.00	1202.16
874.16	1204.21
874.33	1204.21
874.50	1136.62
874.66	1134.57
874.83	1220.59
875.00	1206.25
875.16	1165.29
875.33	1167.34
875.50	1171.44
875.66	1189.87
875.83	1191.92
875.99	1187.82
876.16	1142.77
876.33	1220.59
876.49	1243.12
876.66	1167.34
876.83	1222.64
876.99	1146.86
877.16	1206.25
877.32	1196.01
877.49	1181.68
877.66	1165.29
877.82	1175.53
877.99	1200.11
878.15	1148.91
878.32	1171.44
878.49	1243.12
878.65	1150.96
878.82	1185.77
878.98	1204.21
879.15	1220.59
879.32	1153.01
879.48	1165.29
879.65	1187.82
879.81	1157.10
879.98	1222.64
880.15	1220.59
880.31	1193.97
880.48	1212.40
880.64	1210.35
880.81	1193.97
880.97	1200.11
881.14	1144.81
881.31	1214.45
881.47	1165.29
881.64	1159.15
881.80	1157.10
881.97	1148.91
882.13	1228.78
882.30	1210.35
882.47	1155.05
882.63	1183.73
882.80	1193.97
882.96	1230.83
883.13	1218.54
883.29	1142.77
883.46	1169.39
883.62	1189.87
883.79	1165.29
883.95	1234.93
884.12	1187.82
884.29	1163.25
884.45	1206.25
884.62	1179.63
884.78	1175.53
884.95	1187.82
885.11	1183.73
885.28	1196.01
885.44	1202.16
885.61	1228.78
885.77	1218.54
885.94	1165.29
886.10	1216.49
886.27	1163.25
886.43	1183.73
886.60	1177.58
886.76	1210.35
886.93	1232.88
887.09	1222.64
887.26	1179.63
887.42	1165.29
887.59	1177.58
887.75	1140.72
887.92	1150.96
888.08	1095.66
888.25	1234.93
888.41	1216.49
888.58	1202.16
888.74	1161.20
888.91	1114.10
