177.47	1101.81
177.69	1101.81
177.91	1101.81
178.13	1179.63
178.36	1148.91
178.58	1169.39
178.80	1130.48
179.02	1171.44
179.24	1198.06
179.46	1245.16
179.68	1224.69
179.90	1128.43
180.13	1183.73
180.35	1136.62
180.57	1181.68
180.79	1163.25
181.01	1140.72
181.23	1208.30
181.45	1142.77
181.67	1189.87
181.90	1206.25
182.12	1185.77
182.34	1187.82
182.56	1136.62
182.78	1208.30
183.00	1173.49
183.22	1171.44
183.44	1179.63
183.66	1179.63
183.89	1185.77
184.11	1206.25
184.33	1212.40
184.55	1214.45
184.77	1183.73
184.99	1153.01
185.21	1167.34
185.43	1187.82
185.65	1114.10
185.87	1185.77
186.10	1146.86
186.32	1128.43
186.54	1148.91
186.76	1128.43
186.98	1179.63
187.20	1204.21
187.42	1224.69
187.64	1214.45
187.86	1198.06
188.08	1191.92
188.30	1142.77
188.52	1202.16
188.75	1165.29
188.97	1120.24
189.19	1179.63
189.41	1257.45
189.63	1191.92
189.85	1175.53
190.07	1171.44
190.29	1200.11
190.51	1169.39
190.73	1134.57
190.95	1167.34
191.17	1138.67
191.39	1165.29
191.61	1202.16
191.84	1249.26
192.06	1163.25
192.28	1189.87
192.50	1220.59
192.72	1124.33
192.94	1286.12
193.16	1159.15
193.38	1261.55
193.60	1279.98
193.82	1107.95
194.04	1116.14
194.26	1132.53
194.48	1228.78
194.70	1210.35
194.92	1228.78
195.14	1132.53
195.36	1187.82
195.58	1198.06
195.80	1163.25
196.02	1214.45
196.24	1206.25
196.46	1204.21
196.69	1183.73
196.91	1208.30
197.13	1171.44
197.35	1142.77
197.57	1208.30
197.79	1206.25
198.01	1163.25
198.23	1243.12
198.45	1138.67
198.67	1224.69
198.89	1138.67
199.11	1247.21
199.33	1155.05
199.55	1183.73
199.77	1161.20
199.99	1134.57
200.21	1173.49
200.43	1171.44
200.65	1247.21
200.87	1173.49
201.09	1212.40
201.31	1167.34
201.53	1218.54
201.75	1150.96
201.97	1189.87
202.19	1146.86
202.41	1150.96
202.63	1146.86
202.85	1226.73
203.07	1200.11
203.29	1216.49
203.51	1239.02
203.73	1196.01
203.95	1138.67
204.17	1230.83
204.39	1134.57
204.61	1179.63
204.83	1257.45
205.05	1130.48
205.27	1245.16
205.49	1169.39
205.71	1232.88
205.93	1175.53
206.15	1132.53
206.37	1185.77
206.59	1196.01
206.81	1165.29
207.03	1239.02
207.25	1187.82
207.47	1144.81
207.69	1177.58
207.91	1101.81
208.13	1155.05
208.34	1146.86
208.56	1173.49
208.78	1191.92
209.00	1171.44
209.22	1196.01
209.44	1200.11
209.66	1163.25
209.88	1185.77
210.10	1191.92
210.32	1193.97
210.54	1157.10
210.76	1179.63
210.98	1175.53
211.20	1171.44
211.42	1179.63
211.64	1214.45
211.86	1114.10
212.08	1177.58
212.30	1179.63
212.52	1179.63
212.74	1132.53
212.96	1157.10
213.17	1208.30
213.39	1234.93
213.61	1208.30
213.83	1171.44
214.05	1249.26
214.27	1118.19
214.49	1220.59
214.71	1191.92
214.93	1224.69
215.15	1214.45
215.37	1218.54
215.59	1175.53
215.81	1155.05
216.03	1157.10
216.24	1165.29
216.46	1173.49
216.68	1181.68
216.90	1148.91
217.12	1222.64
217.34	1150.96
217.56	1165.29
217.78	1150.96
218.00	1228.78
218.22	1216.49
218.44	1142.77
218.66	1126.38
218.87	1165.29
219.09	1171.44
219.31	1200.11
219.53	1153.01
219.75	1175.53
219.97	1118.19
220.19	1157.10
220.41	1191.92
220.63	1181.68
220.85	1200.11
221.06	1189.87
221.28	1181.68
221.50	1155.05
221.72	1193.97
221.94	1236.97
222.16	1173.49
222.38	1198.06
222.60	1114.10
222.82	1171.44
223.03	1140.72
223.25	1236.97
223.47	1165.29
223.69	1236.97
223.91	1196.01
224.13	1153.01
224.35	1171.44
224.57	1196.01
224.78	1165.29
225.00	1138.67
225.22	1193.97
225.44	1189.87
225.66	1210.35
225.88	1120.24
226.10	1157.10
226.32	1216.49
226.53	1167.34
226.75	1175.53
226.97	1239.02
227.19	1181.68
227.41	1173.49
227.63	1130.48
227.85	1155.05
228.06	1159.15
228.28	1181.68
228.50	1198.06
228.72	1179.63
228.94	1191.92
229.16	1177.58
229.37	1114.10
229.59	1224.69
229.81	1241.07
230.03	1126.38
230.25	1212.40
230.47	1189.87
230.69	1187.82
230.90	1187.82
231.12	1239.02
231.34	1263.60
231.56	1230.83
231.78	1179.63
232.00	1206.25
232.21	1177.58
232.43	1142.77
232.65	1189.87
232.87	1136.62
233.09	1265.64
233.30	1185.77
233.52	1196.01
233.74	1159.15
233.96	1159.15
234.18	1187.82
234.40	1122.29
234.61	1116.14
234.83	1153.01
235.05	1153.01
235.27	1144.81
235.49	1206.25
235.70	1148.91
235.92	1157.10
236.14	1181.68
236.36	1124.33
236.58	1122.29
236.79	1196.01
237.01	1218.54
237.23	1167.34
237.45	1150.96
237.67	1230.83
237.88	1189.87
238.10	1163.25
238.32	1273.84
238.54	1155.05
238.76	1175.53
238.97	1155.05
239.19	1181.68
239.41	1161.20
239.63	1263.60
239.85	1202.16
240.06	1163.25
240.28	1191.92
240.50	1136.62
240.72	1224.69
240.93	1101.81
241.15	1189.87
241.37	1146.86
241.59	1157.10
241.81	1167.34
242.02	1157.10
242.24	1208.30
242.46	1175.53
242.68	1159.15
242.89	1216.49
243.11	1073.14
243.33	1118.19
243.55	1208.30
243.76	1204.21
243.98	1189.87
244.20	1163.25
244.42	1200.11
244.64	1140.72
244.85	1171.44
245.07	1181.68
245.29	1222.64
245.51	1153.01
245.72	1179.63
245.94	1110.00
246.16	1175.53
246.38	1177.58
246.59	1177.58
246.81	1292.27
247.03	1161.20
247.24	1157.10
247.46	1144.81
247.68	1165.29
247.90	1128.43
248.11	1212.40
248.33	1239.02
248.55	1208.30
248.77	1177.58
248.98	1157.10
249.20	1173.49
249.42	1187.82
249.64	1175.53
249.85	1177.58
250.07	1191.92
250.29	1159.15
250.50	1144.81
250.72	1216.49
250.94	1236.97
251.16	1218.54
251.37	1261.55
251.59	1226.73
251.81	1148.91
252.02	1167.34
252.24	1224.69
252.46	1204.21
252.68	1196.01
252.89	1161.20
253.11	1163.25
253.33	1191.92
253.54	1226.73
253.76	1200.11
253.98	1126.38
254.20	1134.57
254.41	1179.63
254.63	1157.10
254.85	1146.86
255.06	1138.67
255.28	1210.35
255.50	1155.05
255.71	1210.35
255.93	1191.92
256.15	1187.82
256.36	1177.58
256.58	1150.96
256.80	1204.21
257.02	1220.59
257.23	1179.63
257.45	1163.25
257.67	1165.29
257.88	1193.97
258.10	1146.86
258.32	1134.57
258.53	1193.97
258.75	1175.53
258.97	1179.63
259.18	1239.02
259.40	1247.21
259.62	1140.72
259.83	1185.77
260.05	1177.58
260.27	1153.01
260.48	1116.14
260.70	1171.44
260.92	1224.69
261.13	1130.48
261.35	1167.34
261.57	1181.68
261.78	1177.58
262.00	1263.60
262.22	1130.48
262.43	1185.77
262.65	1161.20
262.86	1286.12
263.08	1175.53
263.30	1185.77
263.51	1214.45
263.73	1189.87
263.95	1189.87
264.16	1177.58
264.38	1189.87
264.60	1175.53
264.81	1179.63
265.03	1183.73
265.25	1124.33
265.46	1220.59
265.68	1171.44
265.89	1169.39
266.11	1224.69
266.33	1222.64
266.54	1232.88
266.76	1118.19
266.98	1146.86
267.19	1155.05
267.41	1179.63
267.62	1148.91
267.84	1163.25
268.06	1116.14
268.27	1173.49
268.49	1234.93
268.70	1175.53
268.92	1153.01
269.14	1234.93
269.35	1146.86
269.57	1200.11
269.79	1132.53
270.00	1202.16
270.22	1245.16
270.43	1155.05
270.65	1224.69
270.87	1165.29
271.08	1183.73
271.30	1243.12
271.51	1163.25
271.73	1185.77
271.95	1146.86
272.16	1144.81
272.38	1267.69
272.59	1167.34
272.81	1157.10
273.02	1220.59
273.24	1148.91
273.46	1118.19
273.67	1273.84
273.89	1140.72
274.10	1173.49
274.32	1236.97
274.54	1159.15
274.75	1148.91
274.97	1177.58
275.18	1161.20
275.40	1228.78
275.61	1243.12
275.83	1187.82
276.05	1140.72
276.26	1157.10
276.48	1175.53
276.69	1187.82
276.91	1124.33
277.12	1198.06
277.34	1220.59
277.55	1212.40
277.77	1267.69
277.99	1210.35
278.20	1134.57
278.42	1093.62
278.63	1249.26
278.85	1167.34
279.06	1163.25
279.28	1185.77
279.49	1193.97
279.71	1146.86
279.93	1089.52
280.14	1208.30
280.36	1200.11
280.57	1142.77
280.79	1163.25
281.00	1210.35
281.22	1132.53
281.43	1214.45
281.65	1146.86
281.86	1167.34
282.08	1212.40
282.29	1196.01
282.51	1165.29
282.73	1210.35
282.94	1183.73
283.16	1210.35
283.37	1239.02
283.59	1163.25
283.80	1202.16
284.02	1193.97
284.23	1189.87
284.45	1101.81
284.66	1179.63
284.88	1253.36
285.09	1132.53
285.31	1222.64
285.52	1116.14
285.74	1140.72
285.95	1222.64
286.17	1134.57
286.38	1150.96
286.60	1216.49
286.81	1196.01
287.03	1130.48
287.24	1179.63
287.46	1185.77
287.67	1200.11
287.89	1175.53
288.10	1157.10
288.32	1241.07
288.53	1169.39
288.75	1130.48
288.96	1107.95
289.18	1183.73
289.39	1183.73
289.61	1101.81
289.82	1157.10
290.04	1191.92
290.25	1177.58
290.47	1169.39
290.68	1146.86
290.90	1202.16
291.11	1191.92
291.33	1107.95
291.54	1175.53
291.76	1130.48
291.97	1116.14
292.18	1179.63
292.40	1095.66
292.61	1183.73
292.83	1167.34
293.04	1228.78
293.26	1177.58
293.47	1140.72
293.69	1198.06
293.90	1202.16
294.12	1230.83
294.33	1220.59
294.55	1218.54
294.76	1153.01
294.97	1130.48
295.19	1228.78
295.40	1239.02
295.62	1118.19
295.83	1171.44
296.05	1206.25
296.26	1226.73
296.48	1191.92
296.69	1144.81
296.90	1183.73
297.12	1179.63
297.33	1157.10
297.55	1269.74
297.76	1257.45
297.98	1136.62
298.19	1179.63
298.41	1220.59
298.62	1153.01
298.83	1204.21
299.05	1126.38
299.26	1165.29
299.48	1243.12
299.69	1234.93
299.90	1171.44
300.12	1200.11
300.33	1130.48
300.55	1196.01
300.76	1224.69
300.98	1193.97
301.19	1148.91
301.40	1243.12
301.62	1210.35
301.83	1198.06
302.05	1202.16
302.26	1212.40
302.47	1204.21
302.69	1232.88
302.90	1198.06
303.12	1183.73
303.33	1226.73
303.54	1150.96
303.76	1169.39
303.97	1144.81
304.19	1167.34
304.40	1204.21
304.61	1159.15
304.83	1206.25
305.04	1175.53
305.26	1124.33
305.47	1161.20
305.68	1177.58
305.90	1216.49
306.11	1196.01
306.33	1228.78
306.54	1247.21
306.75	1136.62
306.97	1212.40
307.18	1224.69
307.39	1204.21
307.61	1196.01
307.82	1097.71
308.04	1189.87
308.25	1206.25
308.46	1226.73
308.68	1153.01
308.89	1193.97
309.10	1159.15
309.32	1214.45
309.53	1163.25
309.74	1187.82
309.96	1249.26
310.17	1159.15
310.39	1150.96
310.60	1165.29
310.81	1140.72
311.03	1136.62
311.24	1179.63
311.45	1224.69
311.67	1087.47
311.88	1218.54
312.09	1183.73
312.31	1206.25
312.52	1150.96
312.73	1193.97
312.95	1122.29
313.16	1189.87
313.37	1140.72
313.59	1202.16
313.80	1142.77
314.01	1124.33
314.23	1181.68
314.44	1183.73
314.65	1214.45
314.87	1187.82
315.08	1077.23
315.29	1224.69
315.51	1138.67
315.72	1171.44
315.93	1169.39
316.15	1183.73
316.36	1157.10
316.57	1144.81
316.79	1138.67
317.00	1167.34
317.21	1222.64
317.43	1183.73
317.64	1189.87
317.85	1234.93
318.07	1171.44
318.28	1245.16
318.49	1159.15
318.70	1187.82
318.92	1142.77
319.13	1175.53
319.34	1173.49
319.56	1249.26
319.77	1161.20
319.98	1179.63
320.20	1241.07
320.41	1216.49
320.62	1185.77
320.83	1169.39
321.05	1202.16
321.26	1208.30
321.47	1124.33
321.69	1196.01
321.90	1157.10
322.11	1208.30
322.32	1159.15
322.54	1251.31
322.75	1206.25
322.96	1271.79
323.18	1173.49
323.39	1179.63
323.60	1267.69
323.81	1206.25
324.03	1146.86
324.24	1214.45
324.45	1263.60
324.66	1265.64
324.88	1146.86
325.09	1239.02
325.30	1167.34
325.52	1116.14
325.73	1140.72
325.94	1241.07
326.15	1234.93
326.37	1247.21
326.58	1183.73
326.79	1187.82
327.00	1146.86
327.22	1228.78
327.43	1175.53
327.64	1169.39
327.85	1099.76
328.07	1198.06
328.28	1200.11
328.49	1183.73
328.70	1122.29
328.92	1146.86
329.13	1181.68
329.34	1116.14
329.55	1169.39
329.76	1200.11
329.98	1181.68
330.19	1140.72
330.40	1114.10
330.61	1159.15
330.83	1210.35
331.04	1114.10
331.25	1159.15
331.46	1214.45
331.68	1212.40
331.89	1191.92
332.10	1167.34
332.31	1179.63
332.52	1163.25
332.74	1138.67
332.95	1140.72
333.16	1163.25
333.37	1185.77
333.58	1142.77
333.80	1181.68
334.01	1198.06
334.22	1214.45
334.43	1159.15
334.64	1179.63
334.86	1128.43
335.07	1155.05
335.28	1175.53
335.49	1157.10
335.70	1167.34
335.92	1245.16
336.13	1148.91
336.34	1124.33
336.55	1142.77
336.76	1134.57
336.98	1159.15
337.19	1202.16
337.40	1198.06
337.61	1257.45
337.82	1183.73
338.04	1140.72
338.25	1163.25
338.46	1224.69
338.67	1245.16
338.88	1120.24
339.09	1185.77
339.31	1187.82
339.52	1146.86
339.73	1208.30
339.94	1103.86
340.15	1161.20
340.36	1198.06
340.58	1142.77
340.79	1196.01
341.00	1200.11
341.21	1214.45
341.42	1150.96
341.63	1179.63
341.85	1255.40
342.06	1142.77
342.27	1185.77
342.48	1200.11
342.69	1150.96
342.90	1185.77
343.12	1298.41
343.33	1169.39
343.54	1179.63
343.75	1189.87
343.96	1198.06
344.17	1226.73
344.38	1161.20
344.60	1193.97
344.81	1185.77
345.02	1196.01
345.23	1173.49
345.44	1107.95
345.65	1179.63
345.86	1140.72
346.07	1200.11
346.29	1198.06
346.50	1138.67
346.71	1165.29
346.92	1232.88
347.13	1179.63
347.34	1159.15
347.55	1202.16
347.76	1144.81
347.98	1173.49
348.19	1130.48
348.40	1198.06
348.61	1185.77
348.82	1142.77
349.03	1163.25
349.24	1183.73
349.45	1247.21
349.66	1148.91
349.88	1214.45
350.09	1198.06
350.30	1157.10
350.51	1175.53
350.72	1155.05
350.93	1265.64
351.14	1157.10
351.35	1208.30
351.56	1232.88
351.77	1167.34
351.99	1175.53
352.20	1157.10
352.41	1177.58
352.62	1126.38
352.83	1189.87
353.04	1169.39
353.25	1142.77
353.46	1163.25
353.67	1167.34
353.88	1193.97
354.09	1251.31
354.30	1198.06
354.52	1198.06
354.73	1214.45
354.94	1163.25
355.15	1191.92
355.36	1220.59
355.57	1146.86
355.78	1171.44
355.99	1224.69
356.20	1179.63
356.41	1247.21
356.62	1177.58
356.83	1208.30
357.04	1202.16
357.25	1216.49
357.46	1157.10
357.68	1163.25
357.89	1157.10
358.10	1226.73
358.31	1134.57
358.52	1183.73
358.73	1122.29
358.94	1204.21
359.15	1126.38
359.36	1124.33
359.57	1171.44
359.78	1173.49
359.99	1218.54
360.20	1187.82
360.41	1114.10
360.62	1134.57
360.83	1214.45
361.04	1193.97
361.25	1155.05
361.46	1191.92
361.67	1189.87
361.88	1202.16
362.09	1198.06
362.30	1286.12
362.51	1161.20
362.72	1150.96
362.93	1159.15
363.14	1243.12
363.35	1196.01
363.56	1167.34
363.78	1206.25
363.99	1140.72
364.20	1153.01
364.41	1144.81
364.62	1200.11
364.83	1105.90
365.04	1179.63
365.25	1222.64
365.46	1236.97
365.67	1165.29
365.88	1177.58
366.09	1150.96
366.30	1204.21
366.51	1204.21
366.72	1224.69
366.93	1187.82
367.14	1163.25
367.35	1193.97
367.56	1247.21
367.77	1204.21
367.98	1118.19
368.18	1206.25
368.39	1212.40
368.60	1146.86
368.81	1224.69
369.02	1198.06
369.23	1134.57
369.44	1157.10
369.65	1130.48
369.86	1157.10
370.07	1130.48
370.28	1200.11
370.49	1249.26
370.70	1187.82
370.91	1132.53
371.12	1161.20
371.33	1163.25
371.54	1214.45
371.75	1144.81
371.96	1179.63
372.17	1140.72
372.38	1179.63
372.59	1150.96
372.80	1134.57
373.01	1146.86
373.22	1138.67
373.43	1216.49
373.64	1167.34
373.85	1157.10
374.06	1222.64
374.26	1163.25
374.47	1193.97
374.68	1185.77
374.89	1198.06
375.10	1208.30
375.31	1173.49
375.52	1189.87
375.73	1193.97
375.94	1138.67
376.15	1150.96
376.36	1159.15
376.57	1183.73
376.78	1167.34
376.99	1110.00
377.20	1167.34
377.40	1169.39
377.61	1091.57
377.82	1230.83
378.03	1181.68
378.24	1159.15
378.45	1159.15
378.66	1146.86
378.87	1224.69
379.08	1175.53
379.29	1171.44
379.50	1232.88
379.71	1189.87
379.91	1140.72
380.12	1228.78
380.33	1116.14
380.54	1224.69
380.75	1234.93
380.96	1228.78
381.17	1232.88
381.38	1191.92
381.59	1212.40
381.80	1220.59
382.00	1136.62
382.21	1187.82
382.42	1198.06
382.63	1196.01
382.84	1159.15
383.05	1200.11
383.26	1279.98
383.47	1179.63
383.68	1193.97
383.88	1163.25
384.09	1142.77
384.30	1200.11
384.51	1241.07
384.72	1198.06
384.93	1214.45
385.14	1155.05
385.35	1212.40
385.55	1196.01
385.76	1150.96
385.97	1185.77
386.18	1161.20
386.39	1196.01
386.60	1163.25
386.81	1163.25
387.02	1187.82
387.22	1212.40
387.43	1148.91
387.64	1122.29
387.85	1107.95
388.06	1306.60
388.27	1169.39
388.48	1208.30
388.68	1130.48
388.89	1167.34
389.10	1126.38
389.31	1175.53
389.52	1157.10
389.73	1130.48
389.93	1202.16
390.14	1267.69
390.35	1126.38
390.56	1185.77
390.77	1167.34
390.98	1138.67
391.18	1204.21
391.39	1187.82
391.60	1189.87
391.81	1175.53
392.02	1224.69
392.23	1167.34
392.43	1191.92
392.64	1181.68
392.85	1218.54
393.06	1175.53
393.27	1214.45
393.47	1214.45
393.68	1204.21
393.89	1150.96
394.10	1216.49
394.31	1130.48
394.52	1198.06
394.72	1185.77
394.93	1134.57
395.14	1183.73
395.35	1216.49
395.56	1073.14
395.76	1228.78
395.97	1204.21
396.18	1163.25
396.39	1228.78
396.60	1142.77
396.80	1122.29
397.01	1171.44
397.22	1177.58
397.43	1210.35
397.64	1146.86
397.84	1196.01
398.05	1132.53
398.26	1204.21
398.47	1177.58
398.67	1177.58
398.88	1185.77
399.09	1093.62
399.30	1081.33
399.51	1130.48
399.71	1171.44
399.92	1224.69
400.13	1134.57
400.34	1142.77
400.54	1167.34
400.75	1222.64
400.96	1120.24
401.17	1175.53
401.37	1179.63
401.58	1128.43
401.79	1243.12
402.00	1210.35
402.21	1224.69
402.41	1148.91
402.62	1163.25
402.83	1144.81
403.04	1196.01
403.24	1222.64
403.45	1177.58
403.66	1138.67
403.87	1161.20
404.07	1155.05
404.28	1214.45
404.49	1179.63
404.70	1193.97
404.90	1114.10
405.11	1214.45
405.32	1105.90
405.52	1153.01
405.73	1198.06
405.94	1179.63
406.15	1228.78
406.35	1177.58
406.56	1110.00
406.77	1210.35
406.98	1187.82
407.18	1161.20
407.39	1210.35
407.60	1159.15
407.80	1222.64
408.01	1163.25
408.22	1153.01
408.43	1214.45
408.63	1142.77
408.84	1214.45
409.05	1216.49
409.25	1202.16
409.46	1157.10
409.67	1275.88
409.88	1169.39
410.08	1114.10
410.29	1132.53
410.50	1175.53
410.70	1114.10
410.91	1142.77
411.12	1214.45
411.32	1126.38
411.53	1110.00
411.74	1148.91
411.95	1208.30
412.15	1146.86
412.36	1140.72
412.57	1183.73
412.77	1175.53
412.98	1214.45
413.19	1140.72
413.39	1224.69
413.60	1189.87
413.81	1267.69
414.01	1251.31
414.22	1148.91
414.43	1163.25
414.63	1191.92
414.84	1175.53
415.05	1196.01
415.25	1251.31
415.46	1163.25
415.67	1202.16
415.87	1189.87
416.08	1247.21
416.29	1220.59
416.49	1249.26
416.70	1118.19
416.91	1261.55
417.11	1124.33
417.32	1171.44
417.53	1138.67
417.73	1226.73
417.94	1089.52
418.15	1138.67
418.35	1236.97
418.56	1148.91
418.77	1189.87
418.97	1251.31
419.18	1255.40
419.38	1148.91
419.59	1163.25
419.80	1136.62
420.00	1212.40
420.21	1259.50
420.42	1239.02
420.62	1214.45
420.83	1253.36
421.04	1177.58
421.24	1193.97
421.45	1189.87
421.65	1234.93
421.86	1157.10
422.07	1202.16
422.27	1165.29
422.48	1198.06
422.69	1130.48
422.89	1175.53
423.10	1187.82
423.30	1165.29
423.51	1196.01
423.72	1148.91
423.92	1189.87
424.13	1206.25
424.33	1185.77
424.54	1175.53
424.75	1191.92
424.95	1167.34
425.16	1130.48
425.36	1226.73
425.57	1173.49
425.78	1173.49
425.98	1181.68
426.19	1089.52
426.39	1185.77
426.60	1157.10
426.81	1236.97
427.01	1159.15
427.22	1191.92
427.42	1091.57
427.63	1120.24
427.83	1200.11
428.04	1249.26
428.25	1265.64
428.45	1234.93
428.66	1183.73
428.86	1230.83
429.07	1224.69
429.28	1167.34
429.48	1185.77
429.69	1183.73
429.89	1216.49
430.10	1181.68
430.30	1118.19
430.51	1163.25
430.71	1138.67
430.92	1245.16
431.13	1183.73
431.33	1255.40
431.54	1183.73
431.74	1148.91
431.95	1183.73
432.15	1204.21
432.36	1148.91
432.56	1204.21
432.77	1222.64
432.98	1071.09
433.18	1130.48
433.39	1222.64
433.59	1128.43
433.80	1243.12
434.00	1128.43
434.21	1232.88
434.41	1191.92
434.62	1150.96
434.82	1212.40
435.03	1140.72
435.23	1208.30
435.44	1183.73
435.64	1124.33
435.85	1169.39
436.06	1157.10
436.26	1171.44
436.47	1220.59
436.67	1204.21
436.88	1120.24
437.08	1150.96
437.29	1144.81
437.49	1134.57
437.70	1173.49
437.90	1191.92
438.11	1150.96
438.31	1196.01
438.52	1183.73
438.72	1189.87
438.93	1191.92
439.13	1150.96
439.34	1128.43
439.54	1116.14
439.75	1191.92
439.95	1155.05
440.16	1212.40
440.36	1179.63
440.57	1175.53
440.77	1187.82
440.98	1196.01
441.18	1159.15
441.39	1148.91
441.59	1236.97
441.80	1148.91
442.00	1183.73
442.21	1173.49
442.41	1230.83
442.62	1202.16
442.82	1124.33
443.02	1226.73
443.23	1196.01
443.43	1130.48
443.64	1175.53
443.84	1241.07
444.05	1212.40
444.25	1210.35
444.46	1206.25
444.66	1112.05
444.87	1163.25
445.07	1157.10
445.28	1148.91
445.48	1243.12
445.69	1124.33
445.89	1187.82
446.09	1210.35
446.30	1181.68
446.50	1232.88
446.71	1140.72
446.91	1181.68
447.12	1150.96
447.32	1134.57
447.53	1107.95
447.73	1175.53
447.93	1214.45
448.14	1222.64
448.34	1247.21
448.55	1200.11
448.75	1198.06
448.96	1214.45
449.16	1136.62
449.36	1120.24
449.57	1161.20
449.77	1165.29
449.98	1159.15
450.18	1148.91
450.39	1171.44
450.59	1124.33
450.79	1148.91
451.00	1165.29
451.20	1120.24
451.41	1185.77
451.61	1167.34
451.81	1150.96
452.02	1183.73
452.22	1196.01
452.43	1185.77
452.63	1181.68
452.84	1161.20
453.04	1153.01
453.24	1134.57
453.45	1142.77
453.65	1196.01
453.86	1196.01
454.06	1157.10
454.26	1118.19
454.47	1116.14
454.67	1232.88
454.87	1181.68
455.08	1181.68
455.28	1148.91
455.49	1138.67
455.69	1136.62
455.89	1181.68
456.10	1161.20
456.30	1183.73
456.51	1222.64
456.71	1120.24
456.91	1198.06
457.12	1107.95
457.32	1083.38
457.52	1187.82
457.73	1208.30
457.93	1210.35
458.14	1179.63
458.34	1245.16
458.54	1140.72
458.75	1169.39
458.95	1079.28
459.15	1208.30
459.36	1202.16
459.56	1196.01
459.76	1204.21
459.97	1224.69
460.17	1155.05
460.37	1265.64
460.58	1204.21
460.78	1101.81
460.99	1191.92
461.19	1214.45
461.39	1140.72
461.60	1253.36
461.80	1232.88
462.00	1230.83
462.21	1148.91
462.41	1134.57
462.61	1212.40
462.82	1175.53
463.02	1163.25
463.22	1212.40
463.43	1214.45
463.63	1232.88
463.83	1142.77
464.04	1169.39
464.24	1054.70
464.44	1228.78
464.64	1169.39
464.85	1210.35
465.05	1167.34
465.25	1144.81
465.46	1161.20
465.66	1224.69
465.86	1173.49
466.07	1185.77
466.27	1159.15
466.47	1097.71
466.68	1243.12
466.88	1183.73
467.08	1159.15
467.29	1204.21
467.49	1239.02
467.69	1161.20
467.89	1126.38
468.10	1167.34
468.30	1171.44
468.50	1245.16
468.71	1175.53
468.91	1204.21
469.11	1208.30
469.31	1155.05
469.52	1130.48
469.72	1220.59
469.92	1136.62
470.13	1177.58
470.33	1189.87
470.53	1247.21
470.73	1167.34
470.94	1181.68
471.14	1148.91
471.34	1161.20
471.54	1214.45
471.75	1198.06
471.95	1161.20
472.15	1191.92
472.36	1171.44
472.56	1179.63
472.76	1155.05
472.96	1150.96
473.17	1159.15
473.37	1210.35
473.57	1189.87
473.77	1181.68
473.98	1189.87
474.18	1175.53
474.38	1107.95
474.58	1134.57
474.79	1234.93
474.99	1173.49
475.19	1185.77
475.39	1226.73
475.60	1236.97
475.80	1185.77
476.00	1181.68
476.20	1142.77
476.41	1130.48
476.61	1175.53
476.81	1175.53
477.01	1171.44
477.21	1206.25
477.42	1200.11
477.62	1212.40
477.82	1222.64
478.02	1212.40
478.23	1263.60
478.43	1200.11
478.63	1255.40
478.83	1105.90
479.03	1263.60
479.24	1122.29
479.44	1140.72
479.64	1148.91
479.84	1232.88
480.04	1181.68
480.25	1189.87
480.45	1204.21
480.65	1226.73
480.85	1167.34
481.06	1253.36
481.26	1198.06
481.46	1228.78
481.66	1191.92
481.86	1132.53
482.06	1220.59
482.27	1224.69
482.47	1169.39
482.67	1128.43
482.87	1173.49
483.07	1187.82
483.28	1239.02
483.48	1173.49
483.68	1169.39
483.88	1155.05
484.08	1173.49
484.29	1177.58
484.49	1198.06
484.69	1142.77
484.89	1138.67
485.09	1153.01
485.29	1167.34
485.50	1130.48
485.70	1183.73
485.90	1230.83
486.10	1239.02
486.30	1261.55
486.50	1144.81
486.71	1134.57
486.91	1142.77
487.11	1161.20
487.31	1153.01
487.51	1118.19
487.71	1142.77
487.91	1159.15
488.12	1114.10
488.32	1140.72
488.52	1189.87
488.72	1169.39
488.92	1204.21
489.12	1177.58
489.32	1118.19
489.53	1255.40
489.73	1214.45
489.93	1220.59
490.13	1196.01
490.33	1167.34
490.53	1144.81
490.73	1206.25
490.94	1216.49
491.14	1232.88
491.34	1130.48
491.54	1134.57
491.74	1179.63
491.94	1189.87
492.14	1105.90
492.34	1187.82
492.54	1091.57
492.75	1165.29
492.95	1220.59
493.15	1171.44
493.35	1157.10
493.55	1249.26
493.75	1204.21
493.95	1200.11
494.15	1196.01
494.35	1150.96
494.56	1105.90
494.76	1155.05
494.96	1169.39
495.16	1163.25
495.36	1085.42
495.56	1185.77
495.76	1177.58
495.96	1150.96
496.16	1130.48
496.36	1222.64
496.56	1140.72
496.77	1239.02
496.97	1138.67
497.17	1173.49
497.37	1169.39
497.57	1173.49
497.77	1161.20
497.97	1232.88
498.17	1243.12
498.37	1150.96
498.57	1167.34
498.77	1159.15
498.97	1155.05
499.17	1134.57
499.38	1126.38
499.58	1208.30
499.78	1214.45
499.98	1136.62
500.18	1167.34
500.38	1206.25
500.58	1196.01
500.78	1206.25
500.98	1163.25
501.18	1144.81
501.38	1130.48
501.58	1273.84
501.78	1130.48
501.98	1187.82
502.18	1089.52
502.38	1150.96
502.58	1245.16
502.78	1138.67
502.98	1202.16
503.18	1249.26
503.38	1173.49
503.59	1161.20
503.79	1187.82
503.99	1110.00
504.19	1110.00
504.39	1200.11
504.59	1189.87
504.79	1173.49
504.99	1163.25
505.19	1271.79
505.39	1224.69
505.59	1136.62
505.79	1146.86
505.99	1196.01
506.19	1167.34
506.39	1212.40
506.59	1157.10
506.79	1212.40
506.99	1198.06
507.19	1128.43
507.39	1159.15
507.59	1224.69
507.79	1202.16
507.99	1105.90
508.19	1150.96
508.39	1161.20
508.59	1095.66
508.79	1198.06
508.99	1144.81
509.19	1198.06
509.39	1175.53
509.59	1177.58
509.79	1202.16
509.99	1187.82
510.19	1163.25
510.39	1163.25
510.59	1146.86
510.79	1206.25
510.99	1191.92
511.19	1247.21
511.39	1163.25
511.59	1177.58
511.79	1204.21
511.99	1230.83
512.19	1136.62
512.38	1167.34
512.58	1187.82
512.78	1130.48
512.98	1060.85
513.18	1173.49
513.38	1191.92
513.58	1130.48
513.78	1216.49
513.98	1206.25
514.18	1185.77
514.38	1161.20
514.58	1243.12
514.78	1216.49
514.98	1140.72
515.18	1222.64
515.38	1155.05
515.58	1169.39
515.78	1181.68
515.98	1138.67
516.18	1126.38
516.38	1218.54
516.57	1112.05
516.77	1185.77
516.97	1183.73
517.17	1165.29
517.37	1173.49
517.57	1126.38
517.77	1175.53
517.97	1167.34
518.17	1110.00
518.37	1134.57
518.57	1142.77
518.77	1181.68
518.97	1116.14
519.16	1185.77
519.36	1179.63
519.56	1187.82
519.76	1155.05
519.96	1155.05
520.16	1136.62
520.36	1161.20
520.56	1159.15
520.76	1214.45
520.96	1177.58
521.16	1142.77
521.35	1128.43
521.55	1239.02
521.75	1155.05
521.95	1179.63
522.15	1290.22
522.35	1153.01
522.55	1204.21
522.75	1249.26
522.95	1163.25
523.14	1173.49
523.34	1191.92
523.54	1196.01
523.74	1249.26
523.94	1187.82
524.14	1183.73
524.34	1185.77
524.54	1167.34
524.73	1204.21
524.93	1148.91
525.13	1122.29
525.33	1142.77
525.53	1179.63
525.73	1136.62
525.93	1200.11
526.13	1187.82
526.32	1183.73
526.52	1085.42
526.72	1234.93
526.92	1200.11
527.12	1150.96
527.32	1148.91
527.52	1196.01
527.71	1265.64
527.91	1204.21
528.11	1142.77
528.31	1146.86
528.51	1146.86
528.71	1159.15
528.90	1177.58
529.10	1210.35
529.30	1232.88
529.50	1185.77
529.70	1128.43
529.90	1232.88
530.09	1177.58
530.29	1230.83
530.49	1155.05
530.69	1177.58
530.89	1234.93
531.09	1136.62
531.28	1120.24
531.48	1230.83
531.68	1179.63
531.88	1198.06
532.08	1150.96
532.28	1189.87
532.47	1132.53
532.67	1218.54
532.87	1196.01
533.07	1169.39
533.27	1144.81
533.46	1216.49
533.66	1153.01
533.86	1230.83
534.06	1179.63
534.26	1169.39
534.45	1183.73
534.65	1187.82
534.85	1224.69
535.05	1185.77
535.25	1091.57
535.44	1161.20
535.64	1247.21
535.84	1228.78
536.04	1122.29
536.24	1216.49
536.43	1183.73
536.63	1159.15
536.83	1183.73
537.03	1220.59
537.22	1159.15
537.42	1175.53
537.62	1114.10
537.82	1228.78
538.02	1202.16
538.21	1243.12
538.41	1171.44
538.61	1138.67
538.81	1200.11
539.00	1171.44
539.20	1202.16
539.40	1167.34
539.60	1167.34
539.79	1163.25
539.99	1189.87
540.19	1132.53
540.39	1241.07
540.58	1150.96
540.78	1208.30
540.98	1171.44
541.18	1183.73
541.37	1222.64
541.57	1185.77
541.77	1198.06
541.97	1163.25
542.16	1189.87
542.36	1193.97
542.56	1241.07
542.76	1200.11
542.95	1253.36
543.15	1273.84
543.35	1183.73
543.54	1134.57
543.74	1159.15
543.94	1220.59
544.14	1124.33
544.33	1241.07
544.53	1191.92
544.73	1249.26
544.93	1177.58
545.12	1128.43
545.32	1208.30
545.52	1105.90
545.71	1165.29
545.91	1148.91
546.11	1183.73
546.30	1191.92
546.50	1126.38
546.70	1179.63
546.90	1181.68
547.09	1183.73
547.29	1126.38
547.49	1226.73
547.68	1216.49
547.88	1140.72
548.08	1185.77
548.27	1157.10
548.47	1153.01
548.67	1159.15
548.87	1193.97
549.06	1169.39
549.26	1140.72
549.46	1206.25
549.65	1148.91
549.85	1042.42
550.05	1150.96
550.24	1175.53
550.44	1150.96
550.64	1224.69
550.83	1101.81
551.03	1191.92
551.23	1239.02
551.42	1269.74
551.62	1130.48
551.82	1236.97
552.01	1136.62
552.21	1239.02
552.41	1273.84
552.60	1122.29
552.80	1183.73
553.00	1228.78
553.19	1159.15
553.39	1183.73
553.59	1218.54
553.78	1236.97
553.98	1193.97
554.17	1218.54
554.37	1122.29
554.57	1202.16
554.76	1128.43
554.96	1179.63
555.16	1177.58
555.35	1191.92
555.55	1116.14
555.75	1196.01
555.94	1179.63
556.14	1146.86
556.33	1189.87
556.53	1173.49
556.73	1208.30
556.92	1163.25
557.12	1165.29
557.32	1187.82
557.51	1198.06
557.71	1220.59
557.90	1245.16
558.10	1177.58
558.30	1165.29
558.49	1226.73
558.69	1159.15
558.88	1163.25
559.08	1093.62
559.28	1157.10
559.47	1175.53
559.67	1185.77
559.86	1179.63
560.06	1175.53
560.26	1202.16
560.45	1148.91
560.65	1142.77
560.84	1161.20
561.04	1198.06
561.24	1142.77
561.43	1200.11
561.63	1210.35
561.82	1163.25
562.02	1146.86
562.22	1228.78
562.41	1171.44
562.61	1161.20
562.80	1118.19
563.00	1140.72
563.19	1157.10
563.39	1122.29
563.59	1167.34
563.78	1245.16
563.98	1103.86
564.17	1216.49
564.37	1179.63
564.56	1181.68
564.76	1136.62
564.96	1222.64
565.15	1089.52
565.35	1206.25
565.54	1171.44
565.74	1204.21
565.93	1157.10
566.13	1183.73
566.32	1142.77
566.52	1189.87
566.71	1167.34
566.91	1222.64
567.11	1216.49
567.30	1257.45
567.50	1273.84
567.69	1230.83
567.89	1175.53
568.08	1187.82
568.28	1148.91
568.47	1196.01
568.67	1173.49
568.86	1163.25
569.06	1222.64
569.25	1138.67
569.45	1126.38
569.64	1163.25
569.84	1222.64
570.04	1208.30
570.23	1191.92
570.43	1243.12
570.62	1187.82
570.82	1163.25
571.01	1167.34
571.21	1271.79
571.40	1198.06
571.60	1122.29
571.79	1212.40
571.99	1196.01
572.18	1243.12
572.38	1153.01
572.57	1181.68
572.77	1159.15
572.96	1230.83
573.16	1187.82
573.35	1187.82
573.55	1157.10
573.74	1132.53
573.94	1204.21
574.13	1183.73
574.33	1144.81
574.52	1204.21
574.71	1234.93
574.91	1148.91
575.10	1165.29
575.30	1114.10
575.49	1191.92
575.69	1142.77
575.88	1157.10
576.08	1208.30
576.27	1124.33
576.47	1212.40
576.66	1247.21
576.86	1208.30
577.05	1140.72
577.25	1202.16
577.44	1167.34
577.64	1165.29
577.83	1249.26
578.02	1122.29
578.22	1273.84
578.41	1171.44
578.61	1230.83
578.80	1196.01
579.00	1126.38
579.19	1212.40
579.39	1220.59
579.58	1181.68
579.77	1226.73
579.97	1185.77
580.16	1193.97
580.36	1167.34
580.55	1126.38
580.75	1103.86
580.94	1259.50
581.13	1218.54
581.33	1183.73
581.52	1181.68
581.72	1169.39
581.91	1144.81
582.11	1175.53
582.30	1206.25
582.49	1136.62
582.69	1130.48
582.88	1167.34
583.08	1171.44
583.27	1140.72
583.47	1153.01
583.66	1173.49
583.85	1185.77
584.05	1175.53
584.24	1208.30
584.44	1132.53
584.63	1169.39
584.82	1196.01
585.02	1200.11
585.21	1110.00
585.41	1134.57
585.60	1230.83
585.79	1126.38
585.99	1173.49
586.18	1189.87
586.37	1185.77
586.57	1120.24
586.76	1220.59
586.96	1249.26
587.15	1171.44
587.34	1200.11
587.54	1226.73
587.73	1171.44
587.93	1216.49
588.12	1181.68
588.31	1210.35
588.51	1187.82
588.70	1210.35
588.89	1153.01
589.09	1140.72
589.28	1204.21
589.47	1148.91
589.67	1204.21
589.86	1120.24
590.06	1155.05
590.25	1216.49
590.44	1204.21
590.64	1163.25
590.83	1198.06
591.02	1208.30
591.22	1159.15
591.41	1187.82
591.60	1116.14
591.80	1140.72
591.99	1165.29
592.18	1163.25
592.38	1234.93
592.57	1187.82
592.76	1224.69
592.96	1118.19
593.15	1161.20
593.34	1200.11
593.54	1173.49
593.73	1165.29
593.92	1171.44
594.12	1185.77
594.31	1187.82
594.50	1212.40
594.70	1075.18
594.89	1181.68
595.08	1173.49
595.28	1148.91
595.47	1087.47
595.66	1146.86
595.86	1224.69
596.05	1267.69
596.24	1122.29
596.43	1212.40
596.63	1150.96
596.82	1175.53
597.01	1198.06
597.21	1222.64
597.40	1146.86
597.59	1196.01
597.79	1206.25
597.98	1177.58
598.17	1196.01
598.36	1251.31
598.56	1167.34
598.75	1200.11
598.94	1288.17
599.14	1249.26
599.33	1175.53
599.52	1216.49
599.71	1105.90
599.91	1202.16
600.10	1144.81
600.29	1181.68
600.48	1236.97
600.68	1214.45
600.87	1136.62
601.06	1204.21
601.26	1191.92
601.45	1196.01
601.64	1191.92
601.83	1142.77
602.03	1234.93
602.22	1163.25
602.41	1150.96
602.60	1236.97
602.80	1191.92
602.99	1042.42
603.18	1171.44
603.37	1204.21
603.57	1198.06
603.76	1202.16
603.95	1198.06
604.14	1183.73
604.34	1191.92
604.53	1181.68
604.72	1171.44
604.91	1126.38
605.10	1189.87
605.30	1130.48
605.49	1185.77
605.68	1167.34
605.87	1167.34
606.07	1161.20
606.26	1171.44
606.45	1136.62
606.64	1191.92
606.84	1116.14
607.03	1185.77
607.22	1173.49
607.41	1122.29
607.60	1210.35
607.80	1159.15
607.99	1179.63
608.18	1236.97
608.37	1234.93
608.56	1165.29
608.76	1161.20
608.95	1075.18
609.14	1200.11
609.33	1128.43
609.52	1128.43
609.72	1187.82
609.91	1218.54
610.10	1177.58
610.29	1230.83
610.48	1163.25
610.68	1226.73
610.87	1146.86
611.06	1103.86
611.25	1216.49
611.44	1183.73
611.63	1173.49
611.83	1148.91
612.02	1124.33
612.21	1249.26
612.40	1132.53
612.59	1179.63
612.79	1136.62
612.98	1191.92
613.17	1210.35
613.36	1212.40
613.55	1161.20
613.74	1245.16
613.93	1136.62
614.13	1179.63
614.32	1163.25
614.51	1159.15
614.70	1155.05
614.89	1196.01
615.08	1175.53
615.28	1161.20
615.47	1183.73
615.66	1228.78
615.85	1177.58
616.04	1185.77
616.23	1239.02
616.42	1148.91
616.62	1202.16
616.81	1110.00
617.00	1140.72
617.19	1167.34
617.38	1167.34
617.57	1112.05
617.76	1175.53
617.95	1157.10
618.15	1175.53
618.34	1206.25
618.53	1167.34
618.72	1228.78
618.91	1169.39
619.10	1138.67
619.29	1167.34
619.48	1265.64
619.68	1089.52
619.87	1171.44
620.06	1187.82
620.25	1200.11
620.44	1212.40
620.63	1138.67
620.82	1142.77
621.01	1196.01
621.20	1112.05
621.39	1159.15
621.59	1216.49
621.78	1191.92
621.97	1159.15
622.16	1185.77
622.35	1204.21
622.54	1187.82
622.73	1181.68
622.92	1206.25
623.11	1163.25
623.30	1191.92
623.49	1255.40
623.68	1241.07
623.88	1159.15
624.07	1173.49
624.26	1159.15
624.45	1169.39
624.64	1093.62
624.83	1208.30
625.02	1200.11
625.21	1107.95
625.40	1132.53
625.59	1107.95
625.78	1159.15
625.97	1183.73
626.16	1181.68
626.35	1220.59
626.54	1179.63
626.74	1222.64
626.93	1124.33
627.12	1163.25
627.31	1265.64
627.50	1198.06
627.69	1198.06
627.88	1189.87
628.07	1212.40
628.26	1230.83
628.45	1325.04
628.64	1345.52
628.83	1267.69
629.02	1214.45
629.21	1148.91
629.40	1245.16
629.59	1232.88
629.78	1206.25
629.97	1234.93
630.16	1202.16
630.35	1224.69
630.54	1204.21
630.73	1208.30
630.92	1255.40
631.11	1226.73
631.30	1361.90
631.49	1409.00
631.68	1828.84
631.87	4114.37
632.06	15392.53
632.25	44275.04
632.44	56730.78
632.63	57836.69
632.82	36632.02
633.01	18863.84
633.20	5388.21
633.39	5578.67
633.58	2820.05
633.77	2074.59
633.96	1759.21
634.15	1470.44
634.34	1468.39
634.53	1429.48
634.72	1519.59
634.91	1308.65
635.10	1359.85
635.29	1327.08
635.48	1294.32
635.67	1261.55
635.86	1206.25
636.05	1171.44
636.24	1220.59
636.43	1218.54
636.62	1177.58
636.81	1273.84
637.00	1255.40
637.19	1171.44
637.38	1296.36
637.57	1185.77
637.76	1208.30
637.95	1183.73
638.14	1183.73
638.33	1140.72
638.52	1114.10
638.71	1136.62
638.89	1204.21
639.08	1181.68
639.27	1204.21
639.46	1183.73
639.65	1249.26
639.84	1216.49
640.03	1140.72
640.22	1236.97
640.41	1189.87
640.60	1220.59
640.79	1249.26
640.98	1181.68
641.17	1193.97
641.36	1200.11
641.55	1208.30
641.74	1148.91
641.92	1155.05
642.11	1140.72
642.30	1173.49
642.49	1263.60
642.68	1183.73
642.87	1198.06
643.06	1120.24
643.25	1226.73
643.44	1142.77
643.63	1089.52
643.82	1245.16
644.00	1179.63
644.19	1206.25
644.38	1206.25
644.57	1124.33
644.76	1167.34
644.95	1167.34
645.14	1167.34
645.33	1196.01
645.52	1228.78
645.71	1181.68
645.89	1130.48
646.08	1236.97
646.27	1175.53
646.46	1169.39
646.65	1175.53
646.84	1189.87
647.03	1198.06
647.22	1142.77
647.40	1157.10
647.59	1183.73
647.78	1216.49
647.97	1169.39
648.16	1138.67
648.35	1204.21
648.54	1159.15
648.73	1066.99
648.91	1179.63
649.10	1189.87
649.29	1177.58
649.48	1157.10
649.67	1167.34
649.86	1183.73
650.05	1110.00
650.23	1241.07
650.42	1222.64
650.61	1187.82
650.80	1200.11
650.99	1177.58
651.18	1224.69
651.36	1179.63
651.55	1222.64
651.74	1191.92
651.93	1173.49
652.12	1247.21
652.31	1165.29
652.49	1179.63
652.68	1224.69
652.87	1177.58
653.06	1167.34
653.25	1175.53
653.44	1173.49
653.62	1134.57
653.81	1204.21
654.00	1214.45
654.19	1193.97
654.38	1216.49
654.56	1216.49
654.75	1124.33
654.94	1191.92
655.13	1204.21
655.32	1150.96
655.51	1202.16
655.69	1212.40
655.88	1226.73
656.07	1118.19
656.26	1220.59
656.45	1202.16
656.63	1210.35
656.82	1132.53
657.01	1140.72
657.20	1144.81
657.38	1208.30
657.57	1150.96
657.76	1173.49
657.95	1146.86
658.14	1132.53
658.32	1134.57
658.51	1105.90
658.70	1165.29
658.89	1226.73
659.08	1114.10
659.26	1179.63
659.45	1136.62
659.64	1204.21
659.83	1122.29
660.01	1157.10
660.20	1124.33
660.39	1159.15
660.58	1187.82
660.76	1243.12
660.95	1239.02
661.14	1247.21
661.33	1122.29
661.51	1204.21
661.70	1146.86
661.89	1128.43
662.08	1173.49
662.26	1183.73
662.45	1148.91
662.64	1071.09
662.83	1114.10
663.01	1196.01
663.20	1173.49
663.39	1173.49
663.58	1144.81
663.76	1224.69
663.95	1245.16
664.14	1089.52
664.32	1216.49
664.51	1142.77
664.70	1169.39
664.89	1187.82
665.07	1241.07
665.26	1243.12
665.45	1251.31
665.64	1167.34
665.82	1093.62
666.01	1146.86
666.20	1169.39
666.38	1132.53
666.57	1189.87
666.76	1128.43
666.95	1179.63
667.13	1185.77
667.32	1191.92
667.51	1079.28
667.69	1185.77
667.88	1140.72
668.07	1265.64
668.25	1165.29
668.44	1169.39
668.63	1134.57
668.81	1081.33
669.00	1159.15
669.19	1148.91
669.38	1286.12
669.56	1099.76
669.75	1204.21
669.94	1206.25
670.12	1243.12
670.31	1212.40
670.50	1146.86
670.68	1146.86
670.87	1120.24
671.06	1138.67
671.24	1282.03
671.43	1175.53
671.62	1265.64
671.80	1126.38
671.99	1212.40
672.18	1173.49
672.36	1206.25
672.55	1206.25
672.74	1226.73
672.92	1173.49
673.11	1204.21
673.29	1179.63
673.48	1132.53
673.67	1150.96
673.85	1173.49
674.04	1241.07
674.23	1132.53
674.41	1124.33
674.60	1249.26
674.79	1191.92
674.97	1222.64
675.16	1116.14
675.34	1210.35
675.53	1179.63
675.72	1228.78
675.90	1118.19
676.09	1193.97
676.28	1103.86
676.46	1138.67
676.65	1183.73
676.83	1138.67
677.02	1198.06
677.21	1136.62
677.39	1173.49
677.58	1153.01
677.77	1148.91
677.95	1167.34
678.14	1206.25
678.32	1236.97
678.51	1101.81
678.70	1220.59
678.88	1128.43
679.07	1202.16
679.25	1142.77
679.44	1202.16
679.63	1157.10
679.81	1140.72
680.00	1183.73
680.18	1146.86
680.37	1169.39
680.55	1249.26
680.74	1167.34
680.93	1239.02
681.11	1171.44
681.30	1206.25
681.48	1171.44
681.67	1191.92
681.85	1179.63
682.04	1200.11
682.23	1218.54
682.41	1284.08
682.60	1212.40
682.78	1210.35
682.97	1206.25
683.15	1148.91
683.34	1167.34
683.53	1167.34
683.71	1150.96
683.90	1189.87
684.08	1183.73
684.27	1189.87
684.45	1146.86
684.64	1251.31
684.82	1105.90
685.01	1167.34
685.19	1155.05
685.38	1216.49
685.57	1179.63
685.75	1216.49
685.94	1140.72
686.12	1189.87
686.31	1171.44
686.49	1116.14
686.68	1171.44
686.86	1208.30
687.05	1181.68
687.23	1183.73
687.42	1191.92
687.60	1155.05
687.79	1191.92
687.97	1148.91
688.16	1173.49
688.34	1216.49
688.53	1040.37
688.71	1177.58
688.90	1222.64
689.08	1198.06
689.27	1138.67
689.45	1142.77
689.64	1148.91
689.82	1138.67
690.01	1228.78
690.19	1118.19
690.38	1187.82
690.56	1110.00
690.75	1243.12
690.93	1144.81
691.12	1212.40
691.30	1191.92
691.49	1193.97
691.67	1165.29
691.86	1185.77
692.04	1245.16
692.23	1095.66
692.41	1212.40
692.60	1183.73
692.78	1187.82
692.97	1236.97
693.15	1132.53
693.34	1177.58
693.52	1239.02
693.71	1134.57
693.89	1263.60
694.08	1222.64
694.26	1157.10
694.44	1150.96
694.63	1142.77
694.81	1167.34
695.00	1222.64
695.18	1210.35
695.37	1212.40
695.55	1189.87
695.74	1177.58
695.92	1204.21
696.10	1173.49
696.29	1118.19
696.47	1157.10
696.66	1185.77
696.84	1110.00
697.03	1222.64
697.21	1206.25
697.40	1277.93
697.58	1208.30
697.76	1275.88
697.95	1193.97
698.13	1208.30
698.32	1173.49
698.50	1148.91
698.68	1097.71
698.87	1146.86
699.05	1220.59
699.24	1167.34
699.42	1179.63
699.61	1241.07
699.79	1081.33
699.97	1208.30
700.16	1185.77
700.34	1210.35
700.53	1191.92
700.71	1148.91
700.89	1155.05
701.08	1193.97
701.26	1185.77
701.45	1200.11
701.63	1124.33
701.81	1136.62
702.00	1085.42
702.18	1161.20
702.37	1210.35
702.55	1181.68
702.73	1150.96
702.92	1214.45
703.10	1142.77
703.28	1200.11
703.47	1150.96
703.65	1093.62
703.84	1230.83
704.02	1193.97
704.20	1234.93
704.39	1191.92
704.57	1198.06
704.75	1140.72
704.94	1181.68
705.12	1146.86
705.30	1226.73
705.49	1191.92
705.67	1183.73
705.86	1169.39
706.04	1202.16
706.22	1171.44
706.41	1150.96
706.59	1153.01
706.77	1200.11
706.96	1144.81
707.14	1232.88
707.32	1165.29
707.51	1179.63
707.69	1153.01
707.87	1212.40
708.06	1167.34
708.24	1220.59
708.42	1136.62
708.61	1161.20
708.79	1200.11
708.97	1140.72
709.16	1093.62
709.34	1232.88
709.52	1196.01
709.71	1136.62
709.89	1159.15
710.07	1150.96
710.26	1126.38
710.44	1173.49
710.62	1249.26
710.80	1220.59
710.99	1200.11
711.17	1185.77
711.35	1210.35
711.54	1185.77
711.72	1191.92
711.90	1150.96
712.09	1142.77
712.27	1159.15
712.45	1107.95
712.63	1136.62
712.82	1181.68
713.00	1077.23
713.18	1163.25
713.37	1216.49
713.55	1159.15
713.73	1202.16
713.91	1132.53
714.10	1226.73
714.28	1189.87
714.46	1198.06
714.65	1202.16
714.83	1210.35
715.01	1175.53
715.19	1169.39
715.38	1163.25
715.56	1183.73
715.74	1114.10
715.92	1265.64
716.11	1179.63
716.29	1206.25
716.47	1159.15
716.65	1126.38
716.84	1134.57
717.02	1177.58
717.20	1181.68
717.38	1157.10
717.57	1216.49
717.75	1208.30
717.93	1175.53
718.11	1175.53
718.30	1179.63
718.48	1191.92
718.66	1146.86
718.84	1169.39
719.03	1179.63
719.21	1110.00
719.39	1193.97
719.57	1196.01
719.75	1171.44
719.94	1185.77
720.12	1165.29
720.30	1196.01
720.48	1142.77
720.67	1204.21
720.85	1198.06
721.03	1198.06
721.21	1196.01
721.39	1173.49
721.58	1206.25
721.76	1142.77
721.94	1171.44
722.12	1126.38
722.30	1200.11
722.49	1155.05
722.67	1134.57
722.85	1210.35
723.03	1157.10
723.21	1157.10
723.40	1206.25
723.58	1200.11
723.76	1146.86
723.94	1204.21
724.12	1208.30
724.30	1177.58
724.49	1189.87
724.67	1150.96
724.85	1177.58
725.03	1222.64
725.21	1196.01
725.40	1214.45
725.58	1150.96
725.76	1167.34
725.94	1163.25
726.12	1206.25
726.30	1097.71
726.49	1193.97
726.67	1183.73
726.85	1171.44
727.03	1214.45
727.21	1191.92
727.39	1218.54
727.57	1247.21
727.76	1146.86
727.94	1202.16
728.12	1204.21
728.30	1150.96
728.48	1200.11
728.66	1191.92
728.84	1157.10
729.03	1185.77
729.21	1150.96
729.39	1232.88
729.57	1241.07
729.75	1163.25
729.93	1146.86
730.11	1189.87
730.30	1236.97
730.48	1173.49
730.66	1146.86
730.84	1116.14
731.02	1179.63
731.20	1208.30
731.38	1130.48
731.56	1183.73
731.74	1185.77
731.93	1271.79
732.11	1171.44
732.29	1189.87
732.47	1165.29
732.65	1169.39
732.83	1187.82
733.01	1189.87
733.19	1167.34
733.37	1241.07
733.56	1243.12
733.74	1183.73
733.92	1200.11
734.10	1132.53
734.28	1224.69
734.46	1185.77
734.64	1150.96
734.82	1189.87
735.00	1191.92
735.18	1181.68
735.36	1155.05
735.54	1220.59
735.73	1212.40
735.91	1204.21
736.09	1118.19
736.27	1245.16
736.45	1167.34
736.63	1187.82
736.81	1093.62
736.99	1177.58
737.17	1185.77
737.35	1150.96
737.53	1044.46
737.71	1177.58
737.89	1204.21
738.07	1208.30
738.25	1144.81
738.43	1122.29
738.61	1150.96
738.80	1193.97
738.98	1187.82
739.16	1239.02
739.34	1177.58
739.52	1202.16
739.70	1169.39
739.88	1161.20
740.06	1124.33
740.24	1134.57
740.42	1179.63
740.60	1232.88
740.78	1206.25
740.96	1214.45
741.14	1183.73
741.32	1107.95
741.50	1179.63
741.68	1193.97
741.86	1165.29
742.04	1181.68
742.22	1101.81
742.40	1230.83
742.58	1157.10
742.76	1187.82
742.94	1183.73
743.12	1214.45
743.30	1200.11
743.48	1167.34
743.66	1218.54
743.84	1191.92
744.02	1142.77
744.20	1179.63
744.38	1165.29
744.56	1222.64
744.74	1175.53
744.92	1142.77
745.10	1212.40
745.28	1218.54
745.46	1107.95
745.64	1226.73
745.82	1175.53
746.00	1181.68
746.18	1228.78
746.36	1230.83
746.54	1204.21
746.72	1200.11
746.90	1120.24
747.08	1228.78
747.26	1146.86
747.44	1159.15
747.62	1144.81
747.80	1208.30
747.98	1165.29
748.15	1218.54
748.33	1222.64
748.51	1236.97
748.69	1222.64
748.87	1216.49
749.05	1169.39
749.23	1157.10
749.41	1187.82
749.59	1153.01
749.77	1175.53
749.95	1191.92
750.13	1153.01
750.31	1157.10
750.49	1146.86
750.67	1087.47
750.85	1257.45
751.03	1249.26
751.20	1144.81
751.38	1142.77
751.56	1134.57
751.74	1212.40
751.92	1140.72
752.10	1105.90
752.28	1105.90
752.46	1210.35
752.64	1138.67
752.82	1157.10
753.00	1114.10
753.18	1208.30
753.35	1157.10
753.53	1232.88
753.71	1214.45
753.89	1112.05
754.07	1153.01
754.25	1202.16
754.43	1157.10
754.61	1185.77
754.79	1214.45
754.97	1144.81
755.14	1165.29
755.32	1134.57
755.50	1222.64
755.68	1230.83
755.86	1179.63
756.04	1163.25
756.22	1183.73
756.40	1232.88
756.57	1148.91
756.75	1175.53
756.93	1114.10
757.11	1214.45
757.29	1140.72
757.47	1112.05
757.65	1130.48
757.82	1142.77
758.00	1116.14
758.18	1200.11
758.36	1142.77
758.54	1273.84
758.72	1179.63
758.90	1085.42
759.07	1200.11
759.25	1200.11
759.43	1120.24
759.61	1175.53
759.79	1144.81
759.97	1239.02
760.15	1177.58
760.32	1230.83
760.50	1167.34
760.68	1173.49
760.86	1167.34
761.04	1153.01
761.22	1232.88
761.39	1114.10
761.57	1142.77
761.75	1204.21
761.93	1212.40
762.11	1118.19
762.28	1185.77
762.46	1230.83
762.64	1216.49
762.82	1179.63
763.00	1177.58
763.18	1226.73
763.35	1212.40
763.53	1171.44
763.71	1243.12
763.89	1142.77
764.07	1247.21
764.24	1191.92
764.42	1173.49
764.60	1210.35
764.78	1134.57
764.96	1193.97
765.13	1112.05
765.31	1116.14
765.49	1177.58
765.67	1239.02
765.84	1191.92
766.02	1138.67
766.20	1157.10
766.38	1230.83
766.56	1189.87
766.73	1118.19
766.91	1204.21
767.09	1296.36
767.27	1124.33
767.44	1193.97
767.62	1157.10
767.80	1165.29
767.98	1310.70
768.15	1169.39
768.33	1140.72
768.51	1171.44
768.69	1189.87
768.87	1189.87
769.04	1191.92
769.22	1169.39
769.40	1226.73
769.58	1122.29
769.75	1179.63
769.93	1077.23
770.11	1103.86
770.28	1216.49
770.46	1286.12
770.64	1159.15
770.82	1124.33
770.99	1177.58
771.17	1165.29
771.35	1138.67
771.53	1130.48
771.70	1114.10
771.88	1179.63
772.06	1216.49
772.23	1157.10
772.41	1212.40
772.59	1179.63
772.77	1150.96
772.94	1159.15
773.12	1142.77
773.30	1208.30
773.47	1191.92
773.65	1150.96
773.83	1097.71
774.01	1130.48
774.18	1202.16
774.36	1224.69
774.54	1148.91
774.71	1148.91
774.89	1202.16
775.07	1179.63
775.24	1157.10
775.42	1157.10
775.60	1198.06
775.78	1140.72
775.95	1177.58
776.13	1198.06
776.31	1208.30
776.48	1187.82
776.66	1173.49
776.84	1146.86
777.01	1128.43
777.19	1171.44
777.37	1175.53
777.54	1202.16
777.72	1140.72
777.90	1243.12
778.07	1116.14
778.25	1177.58
778.43	1155.05
778.60	1073.14
778.78	1302.51
778.96	1175.53
779.13	1193.97
779.31	1249.26
779.49	1243.12
779.66	1257.45
779.84	1208.30
780.01	1179.63
780.19	1222.64
780.37	1155.05
780.54	1251.31
780.72	1187.82
780.90	1212.40
781.07	1163.25
781.25	1183.73
781.43	1210.35
781.60	1116.14
781.78	1220.59
781.95	1230.83
782.13	1167.34
782.31	1134.57
782.48	1214.45
782.66	1202.16
782.83	1148.91
783.01	1181.68
783.19	1142.77
783.36	1263.60
783.54	1146.86
783.72	1134.57
783.89	1196.01
784.07	1167.34
784.24	1093.62
784.42	1142.77
784.60	1183.73
784.77	1181.68
784.95	1175.53
785.12	1208.30
785.30	1185.77
785.47	1185.77
785.65	1165.29
785.83	1181.68
786.00	1114.10
786.18	1132.53
786.35	1191.92
786.53	1128.43
786.71	1189.87
786.88	1105.90
787.06	1134.57
787.23	1167.34
787.41	1214.45
787.58	1320.94
787.76	1196.01
787.94	1224.69
788.11	1185.77
788.29	1263.60
788.46	1189.87
788.64	1204.21
788.81	1099.76
788.99	1198.06
789.16	1126.38
789.34	1116.14
789.52	1161.20
789.69	1210.35
789.87	1159.15
790.04	1134.57
790.22	1187.82
790.39	1198.06
790.57	1157.10
790.74	1206.25
790.92	1144.81
791.09	1142.77
791.27	1175.53
791.44	1189.87
791.62	1177.58
791.79	1169.39
791.97	1155.05
792.15	1224.69
792.32	1196.01
792.50	1189.87
792.67	1193.97
792.85	1114.10
793.02	1193.97
793.20	1167.34
793.37	1081.33
793.55	1216.49
793.72	1167.34
793.90	1163.25
794.07	1142.77
794.25	1165.29
794.42	1103.86
794.60	1187.82
794.77	1167.34
794.95	1163.25
795.12	1220.59
795.30	1224.69
795.47	1146.86
795.65	1230.83
795.82	1204.21
796.00	1138.67
796.17	1142.77
796.34	1230.83
796.52	1236.97
796.69	1224.69
796.87	1157.10
797.04	1171.44
797.22	1193.97
797.39	1155.05
797.57	1202.16
797.74	1265.64
797.92	1218.54
798.09	1126.38
798.27	1167.34
798.44	1134.57
798.62	1146.86
798.79	1167.34
798.96	1200.11
799.14	1212.40
799.31	1089.52
799.49	1206.25
799.66	1189.87
799.84	1208.30
800.01	1126.38
800.19	1161.20
800.36	1212.40
800.53	1173.49
800.71	1183.73
800.88	1148.91
801.06	1148.91
801.23	1185.77
801.41	1130.48
801.58	1214.45
801.75	1173.49
801.93	1214.45
802.10	1200.11
802.28	1212.40
802.45	1157.10
802.63	1173.49
802.80	1220.59
802.97	1255.40
803.15	1124.33
803.32	1222.64
803.50	1114.10
803.67	1116.14
803.84	1140.72
804.02	1159.15
804.19	1148.91
804.37	1214.45
804.54	1214.45
804.71	1245.16
804.89	1193.97
805.06	1118.19
805.24	1181.68
805.41	1148.91
805.58	1177.58
805.76	1224.69
805.93	1159.15
806.10	1179.63
806.28	1210.35
806.45	1210.35
806.63	1105.90
806.80	1163.25
806.97	1241.07
807.15	1220.59
807.32	1146.86
807.49	1259.50
807.67	1138.67
807.84	1200.11
808.01	1175.53
808.19	1157.10
808.36	1142.77
808.54	1167.34
808.71	1214.45
808.88	1157.10
809.06	1196.01
809.23	1210.35
809.40	1171.44
809.58	1187.82
809.75	1193.97
809.92	1138.67
810.10	1126.38
810.27	1148.91
810.44	1224.69
810.62	1185.77
810.79	1191.92
810.96	1183.73
811.14	1183.73
811.31	1185.77
811.48	1153.01
811.66	1153.01
811.83	1173.49
812.00	1175.53
812.18	1216.49
812.35	1208.30
812.52	1126.38
812.69	1146.86
812.87	1159.15
813.04	1136.62
813.21	1140.72
813.39	1175.53
813.56	1181.68
813.73	1216.49
813.91	1206.25
814.08	1171.44
814.25	1191.92
814.42	1255.40
814.60	1148.91
814.77	1206.25
814.94	1173.49
815.12	1210.35
815.29	1175.53
815.46	1181.68
815.63	1245.16
815.81	1173.49
815.98	1228.78
816.15	1153.01
816.33	1189.87
816.50	1126.38
816.67	1132.53
816.84	1185.77
817.02	1216.49
817.19	1206.25
817.36	1239.02
817.53	1183.73
817.71	1216.49
817.88	1224.69
818.05	1122.29
818.22	1144.81
818.40	1193.97
818.57	1169.39
818.74	1161.20
818.91	1157.10
819.09	1144.81
819.26	1171.44
819.43	1183.73
819.60	1255.40
819.78	1210.35
819.95	1181.68
820.12	1179.63
820.29	1142.77
820.47	1163.25
820.64	1118.19
820.81	1175.53
820.98	1216.49
821.15	1175.53
821.33	1146.86
821.50	1193.97
821.67	1124.33
821.84	1181.68
822.02	1142.77
822.19	1208.30
822.36	1214.45
822.53	1189.87
822.70	1177.58
822.88	1144.81
823.05	1169.39
823.22	1167.34
823.39	1247.21
823.56	1161.20
823.74	1179.63
823.91	1122.29
824.08	1153.01
824.25	1136.62
824.42	1204.21
824.60	1243.12
824.77	1140.72
824.94	1189.87
825.11	1193.97
825.28	1171.44
825.45	1173.49
825.63	1161.20
825.80	1155.05
825.97	1138.67
826.14	1212.40
826.31	1193.97
826.48	1259.50
826.66	1130.48
826.83	1130.48
827.00	1239.02
827.17	1153.01
827.34	1126.38
827.51	1116.14
827.69	1153.01
827.86	1191.92
828.03	1103.86
828.20	1118.19
828.37	1181.68
828.54	1265.64
828.71	1193.97
828.89	1157.10
829.06	1193.97
829.23	1189.87
829.40	1153.01
829.57	1212.40
829.74	1193.97
829.91	1282.03
830.09	1206.25
830.26	1146.86
830.43	1206.25
830.60	1208.30
830.77	1191.92
830.94	1234.93
831.11	1148.91
831.28	1271.79
831.46	1189.87
831.63	1226.73
831.80	1196.01
831.97	1138.67
832.14	1230.83
832.31	1146.86
832.48	1173.49
832.65	1153.01
832.82	1144.81
832.99	1226.73
833.17	1167.34
833.34	1150.96
833.51	1173.49
833.68	1105.90
833.85	1132.53
834.02	1146.86
834.19	1153.01
834.36	1183.73
834.53	1212.40
834.70	1206.25
834.87	1110.00
835.04	1183.73
835.22	1187.82
835.39	1239.02
835.56	1216.49
835.73	1155.05
835.90	1187.82
836.07	1107.95
836.24	1153.01
836.41	1193.97
836.58	1142.77
836.75	1140.72
836.92	1126.38
837.09	1173.49
837.26	1153.01
837.43	1175.53
837.60	1191.92
837.77	1239.02
837.94	1124.33
838.12	1140.72
838.29	1163.25
838.46	1155.05
838.63	1134.57
838.80	1136.62
838.97	1128.43
839.14	1124.33
839.31	1132.53
839.48	1230.83
839.65	1220.59
839.82	1091.57
839.99	1163.25
840.16	1220.59
840.33	1177.58
840.50	1200.11
840.67	1159.15
840.84	1204.21
841.01	1134.57
841.18	1144.81
841.35	1052.66
841.52	1144.81
841.69	1177.58
841.86	1200.11
842.03	1114.10
842.20	1191.92
842.37	1181.68
842.54	1093.62
842.71	1161.20
842.88	1169.39
843.05	1169.39
843.22	1183.73
843.39	1130.48
843.56	1183.73
843.73	1191.92
843.90	1183.73
844.07	1177.58
844.24	1116.14
844.41	1193.97
844.58	1142.77
844.75	1222.64
844.92	1105.90
845.09	1134.57
845.26	1140.72
845.43	1226.73
845.60	1144.81
845.77	1130.48
845.94	1204.21
846.10	1146.86
846.27	1187.82
846.44	1181.68
846.61	1193.97
846.78	1124.33
846.95	1114.10
847.12	1167.34
847.29	1279.98
847.46	1204.21
847.63	1167.34
847.80	1130.48
847.97	1263.60
848.14	1114.10
848.31	1241.07
848.48	1157.10
848.65	1155.05
848.82	1177.58
848.98	1241.07
849.15	1177.58
849.32	1200.11
849.49	1193.97
849.66	1120.24
849.83	1134.57
850.00	1206.25
850.17	1185.77
850.34	1226.73
850.51	1138.67
850.68	1161.20
850.85	1198.06
851.01	1196.01
851.18	1167.34
851.35	1161.20
851.52	1218.54
851.69	1191.92
851.86	1171.44
852.03	1165.29
852.20	1245.16
852.37	1163.25
852.53	1191.92
852.70	1169.39
852.87	1191.92
853.04	1259.50
853.21	1179.63
853.38	1187.82
853.55	1165.29
853.72	1148.91
853.89	1261.55
854.05	1216.49
854.22	1181.68
854.39	1138.67
854.56	1193.97
854.73	1216.49
854.90	1134.57
855.07	1239.02
855.23	1165.29
855.40	1175.53
855.57	1187.82
855.74	1236.97
855.91	1243.12
856.08	1198.06
856.25	1150.96
856.41	1220.59
856.58	1206.25
856.75	1208.30
856.92	1150.96
857.09	1187.82
857.26	1189.87
857.42	1214.45
857.59	1146.86
857.76	1179.63
857.93	1181.68
858.10	1232.88
858.27	1191.92
858.43	1136.62
858.60	1200.11
858.77	1196.01
858.94	1181.68
859.11	1230.83
859.27	1150.96
859.44	1193.97
859.61	1228.78
859.78	1173.49
859.95	1132.53
860.12	1187.82
860.28	1179.63
860.45	1112.05
860.62	1146.86
860.79	1155.05
860.95	1189.87
861.12	1157.10
861.29	1169.39
861.46	1183.73
861.63	1146.86
861.79	1183.73
861.96	1097.71
862.13	1255.40
862.30	1173.49
862.47	1224.69
862.63	1122.29
862.80	1144.81
862.97	1230.83
863.14	1167.34
863.30	1132.53
863.47	1167.34
863.64	1118.19
863.81	1230.83
863.97	1155.05
864.14	1206.25
864.31	1120.24
864.48	1191.92
864.65	1175.53
864.81	1286.12
864.98	1202.16
865.15	1163.25
865.32	1191.92
865.48	1200.11
865.65	1165.29
865.82	1173.49
865.98	1196.01
866.15	1181.68
866.32	1112.05
866.49	1175.53
866.65	1177.58
866.82	1169.39
866.99	1159.15
867.16	1177.58
867.32	1187.82
867.49	1148.91
867.66	1196.01
867.83	1148.91
867.99	1191.92
868.16	1208.30
868.33	1210.35
868.49	1198.06
868.66	1187.82
868.83	1198.06
868.99	1120.24
869.16	1120.24
869.33	1204.21
869.50	1183.73
869.66	1130.48
869.83	1216.49
870.00	1144.81
870.16	1134.57
870.33	1150.96
870.50	1159.15
870.66	1224.69
870.83	1212.40
871.00	1216.49
871.17	1189.87
871.33	1187.82
871.50	1179.63
871.67	1261.55
871.83	1187.82
872.00	1216.49
872.17	1138.67
872.33	1126.38
872.50	1140.72
872.67	1124.33
872.83	1163.25
873.00	1148.91
873.17	1175.53
873.33	1157.10
873.50	1173.49
873.67	1214.45
873.83	1224.69
874.00	1163.25
874.16	1150.96
874.33	1191.92
874.50	1181.68
874.66	1181.68
874.83	1185.77
875.00	1232.88
875.16	1191.92
875.33	1144.81
875.50	1208.30
875.66	1216.49
875.83	1189.87
875.99	1124.33
876.16	1142.77
876.33	1171.44
876.49	1228.78
876.66	1204.21
876.83	1159.15
876.99	1200.11
877.16	1132.53
877.32	1150.96
877.49	1159.15
877.66	1191.92
877.82	1161.20
877.99	1218.54
878.15	1150.96
878.32	1165.29
878.49	1167.34
878.65	1124.33
878.82	1198.06
878.98	1208.30
879.15	1175.53
879.32	1165.29
879.48	1173.49
879.65	1142.77
879.81	1159.15
879.98	1142.77
880.15	1212.40
880.31	1169.39
880.48	1118.19
880.64	1066.99
880.81	1247.21
880.97	1216.49
881.14	1153.01
881.31	1206.25
881.47	1155.05
881.64	1179.63
881.80	1165.29
881.97	1110.00
882.13	1146.86
882.30	1120.24
882.47	1241.07
882.63	1208.30
882.80	1191.92
882.96	1181.68
883.13	1212.40
883.29	1247.21
883.46	1146.86
883.62	1224.69
883.79	1193.97
883.95	1112.05
884.12	1216.49
884.29	1110.00
884.45	1140.72
884.62	1228.78
884.78	1196.01
884.95	1226.73
885.11	1124.33
885.28	1167.34
885.44	1144.81
885.61	1198.06
885.77	1122.29
885.94	1138.67
886.10	1175.53
886.27	1134.57
886.43	1216.49
886.60	1196.01
886.76	1234.93
886.93	1163.25
887.09	1105.90
887.26	1216.49
887.42	1212.40
887.59	1159.15
887.75	1196.01
887.92	1167.34
888.08	1208.30
888.25	1177.58
888.41	1198.06
888.58	1136.62
888.74	1196.01
888.91	1161.20
