177.47	1083.38
177.69	1083.38
177.91	1083.38
178.13	1191.92
178.36	1181.68
178.58	1218.54
178.80	1204.21
179.02	1150.96
179.24	1163.25
179.46	1173.49
179.68	1185.77
179.90	1232.88
180.13	1183.73
180.35	1167.34
180.57	1175.53
180.79	1204.21
181.01	1132.53
181.23	1142.77
181.45	1165.29
181.67	1204.21
181.90	1208.30
182.12	1210.35
182.34	1189.87
182.56	1136.62
182.78	1200.11
183.00	1173.49
183.22	1210.35
183.44	1232.88
183.66	1245.16
183.89	1177.58
184.11	1169.39
184.33	1187.82
184.55	1191.92
184.77	1193.97
184.99	1226.73
185.21	1212.40
185.43	1159.15
185.65	1169.39
185.87	1181.68
186.10	1163.25
186.32	1146.86
186.54	1267.69
186.76	1226.73
186.98	1228.78
187.20	1230.83
187.42	1120.24
187.64	1138.67
187.86	1107.95
188.08	1200.11
188.30	1243.12
188.52	1247.21
188.75	1140.72
188.97	1241.07
189.19	1163.25
189.41	1220.59
189.63	1179.63
189.85	1226.73
190.07	1196.01
190.29	1284.08
190.51	1183.73
190.73	1177.58
190.95	1150.96
191.17	1198.06
191.39	1150.96
191.61	1183.73
191.84	1189.87
192.06	1167.34
192.28	1183.73
192.50	1216.49
192.72	1148.91
192.94	1136.62
193.16	1155.05
193.38	1179.63
193.60	1224.69
193.82	1196.01
194.04	1136.62
194.26	1185.77
194.48	1189.87
194.70	1165.29
194.92	1228.78
195.14	1189.87
195.36	1126.38
195.58	1163.25
195.80	1247.21
196.02	1150.96
196.24	1157.10
196.46	1198.06
196.69	1134.57
196.91	1228.78
197.13	1273.84
197.35	1212.40
197.57	1148.91
197.79	1214.45
198.01	1228.78
198.23	1228.78
198.45	1202.16
198.67	1173.49
198.89	1181.68
199.11	1114.10
199.33	1144.81
199.55	1241.07
199.77	1138.67
199.99	1251.31
200.21	1183.73
200.43	1204.21
200.65	1167.34
200.87	1208.30
201.09	1210.35
201.31	1183.73
201.53	1157.10
201.75	1234.93
201.97	1212.40
202.19	1146.86
202.41	1181.68
202.63	1216.49
202.85	1177.58
203.07	1220.59
203.29	1191.92
203.51	1220.59
203.73	1150.96
203.95	1228.78
204.17	1206.25
204.39	1116.14
204.61	1214.45
204.83	1173.49
205.05	1189.87
205.27	1196.01
205.49	1196.01
205.71	1200.11
205.93	1198.06
206.15	1216.49
206.37	1165.29
206.59	1163.25
206.81	1185.77
207.03	1183.73
207.25	1206.25
207.47	1218.54
207.69	1175.53
207.91	1226.73
208.13	1130.48
208.34	1183.73
208.56	1208.30
208.78	1196.01
209.00	1099.76
209.22	1204.21
209.44	1177.58
209.66	1175.53
209.88	1249.26
210.10	1277.93
210.32	1204.21
210.54	1165.29
210.76	1140.72
210.98	1142.77
211.20	1128.43
211.42	1181.68
211.64	1175.53
211.86	1251.31
212.08	1165.29
212.30	1210.35
212.52	1173.49
212.74	1239.02
212.96	1206.25
213.17	1155.05
213.39	1255.40
213.61	1222.64
213.83	1228.78
214.05	1206.25
214.27	1173.49
214.49	1150.96
214.71	1222.64
214.93	1126.38
215.15	1142.77
215.37	1167.34
215.59	1191.92
215.81	1150.96
216.03	1202.16
216.24	1134.57
216.46	1230.83
216.68	1200.11
216.90	1138.67
217.12	1187.82
217.34	1138.67
217.56	1101.81
217.78	1146.86
218.00	1206.25
218.22	1183.73
218.44	1112.05
218.66	1159.15
218.87	1257.45
219.09	1179.63
219.31	1150.96
219.53	1239.02
219.75	1206.25
219.97	1155.05
220.19	1187.82
220.41	1187.82
220.63	1130.48
220.85	1191.92
221.06	1261.55
221.28	1173.49
221.50	1167.34
221.72	1189.87
221.94	1187.82
222.16	1144.81
222.38	1249.26
222.60	1222.64
222.82	1241.07
223.03	1167.34
223.25	1159.15
223.47	1146.86
223.69	1179.63
223.91	1202.16
224.13	1236.97
224.35	1224.69
224.57	1212.40
224.78	1167.34
225.00	1204.21
225.22	1185.77
225.44	1185.77
225.66	1249.26
225.88	1191.92
226.10	1150.96
226.32	1187.82
226.53	1193.97
226.75	1136.62
226.97	1179.63
227.19	1148.91
227.41	1224.69
227.63	1241.07
227.85	1134.57
228.06	1157.10
228.28	1198.06
228.50	1171.44
228.72	1075.18
228.94	1296.36
229.16	1134.57
229.37	1097.71
229.59	1185.77
229.81	1150.96
230.03	1167.34
230.25	1052.66
230.47	1200.11
230.69	1220.59
230.90	1173.49
231.12	1224.69
231.34	1060.85
231.56	1200.11
231.78	1173.49
232.00	1177.58
232.21	1198.06
232.43	1220.59
232.65	1165.29
232.87	1136.62
233.09	1165.29
233.30	1179.63
233.52	1234.93
233.74	1216.49
233.96	1150.96
234.18	1189.87
234.40	1134.57
234.61	1208.30
234.83	1210.35
235.05	1208.30
235.27	1196.01
235.49	1179.63
235.70	1179.63
235.92	1116.14
236.14	1173.49
236.36	1204.21
236.58	1220.59
236.79	1208.30
237.01	1206.25
237.23	1224.69
237.45	1066.99
237.67	1204.21
237.88	1179.63
238.10	1230.83
238.32	1202.16
238.54	1179.63
238.76	1146.86
238.97	1239.02
239.19	1146.86
239.41	1214.45
239.63	1232.88
239.85	1161.20
240.06	1179.63
240.28	1196.01
240.50	1150.96
240.72	1167.34
240.93	1193.97
241.15	1177.58
241.37	1183.73
241.59	1212.40
241.81	1150.96
242.02	1249.26
242.24	1179.63
242.46	1208.30
242.68	1112.05
242.89	1144.81
243.11	1069.04
243.33	1181.68
243.55	1155.05
243.76	1193.97
243.98	1126.38
244.20	1200.11
244.42	1159.15
244.64	1253.36
244.85	1226.73
245.07	1228.78
245.29	1198.06
245.51	1134.57
245.72	1171.44
245.94	1216.49
246.16	1138.67
246.38	1132.53
246.59	1153.01
246.81	1179.63
247.03	1171.44
247.24	1228.78
247.46	1236.97
247.68	1196.01
247.90	1222.64
248.11	1187.82
248.33	1177.58
248.55	1241.07
248.77	1132.53
248.98	1148.91
249.20	1173.49
249.42	1241.07
249.64	1159.15
249.85	1177.58
250.07	1165.29
250.29	1300.46
250.50	1155.05
250.72	1251.31
250.94	1214.45
251.16	1210.35
251.37	1234.93
251.59	1181.68
251.81	1204.21
252.02	1187.82
252.24	1228.78
252.46	1146.86
252.68	1191.92
252.89	1153.01
253.11	1193.97
253.33	1114.10
253.54	1181.68
253.76	1208.30
253.98	1239.02
254.20	1206.25
254.41	1224.69
254.63	1204.21
254.85	1161.20
255.06	1157.10
255.28	1155.05
255.50	1187.82
255.71	1220.59
255.93	1163.25
256.15	1181.68
256.36	1165.29
256.58	1181.68
256.80	1226.73
257.02	1132.53
257.23	1198.06
257.45	1130.48
257.67	1165.29
257.88	1165.29
258.10	1165.29
258.32	1130.48
258.53	1144.81
258.75	1208.30
258.97	1167.34
259.18	1142.77
259.40	1212.40
259.62	1171.44
259.83	1228.78
260.05	1189.87
260.27	1222.64
260.48	1089.52
260.70	1171.44
260.92	1185.77
261.13	1277.93
261.35	1232.88
261.57	1200.11
261.78	1091.57
262.00	1150.96
262.22	1142.77
262.43	1177.58
262.65	1214.45
262.86	1167.34
263.08	1212.40
263.30	1236.97
263.51	1236.97
263.73	1251.31
263.95	1148.91
264.16	1181.68
264.38	1189.87
264.60	1189.87
264.81	1122.29
265.03	1173.49
265.25	1204.21
265.46	1171.44
265.68	1191.92
265.89	1198.06
266.11	1247.21
266.33	1193.97
266.54	1126.38
266.76	1171.44
266.98	1222.64
267.19	1175.53
267.41	1179.63
267.62	1163.25
267.84	1169.39
268.06	1175.53
268.27	1220.59
268.49	1140.72
268.70	1159.15
268.92	1232.88
269.14	1134.57
269.35	1110.00
269.57	1196.01
269.79	1132.53
270.00	1144.81
270.22	1136.62
270.43	1155.05
270.65	1138.67
270.87	1206.25
271.08	1253.36
271.30	1228.78
271.51	1220.59
271.73	1249.26
271.95	1171.44
272.16	1230.83
272.38	1173.49
272.59	1230.83
272.81	1181.68
273.02	1232.88
273.24	1196.01
273.46	1112.05
273.67	1204.21
273.89	1165.29
274.10	1224.69
274.32	1148.91
274.54	1210.35
274.75	1241.07
274.97	1196.01
275.18	1214.45
275.40	1124.33
275.61	1239.02
275.83	1183.73
276.05	1146.86
276.26	1128.43
276.48	1216.49
276.69	1103.86
276.91	1212.40
277.12	1193.97
277.34	1165.29
277.55	1230.83
277.77	1191.92
277.99	1273.84
278.20	1253.36
278.42	1155.05
278.63	1134.57
278.85	1185.77
279.06	1165.29
279.28	1230.83
279.49	1171.44
279.71	1191.92
279.93	1161.20
280.14	1112.05
280.36	1150.96
280.57	1230.83
280.79	1218.54
281.00	1222.64
281.22	1165.29
281.43	1157.10
281.65	1161.20
281.86	1132.53
282.08	1220.59
282.29	1306.60
282.51	1136.62
282.73	1128.43
282.94	1236.97
283.16	1157.10
283.37	1128.43
283.59	1153.01
283.80	1253.36
284.02	1210.35
284.23	1118.19
284.45	1161.20
284.66	1232.88
284.88	1103.86
285.09	1169.39
285.31	1181.68
285.52	1165.29
285.74	1130.48
285.95	1208.30
286.17	1218.54
286.38	1232.88
286.60	1175.53
286.81	1171.44
287.03	1212.40
287.24	1134.57
287.46	1220.59
287.67	1185.77
287.89	1142.77
288.10	1255.40
288.32	1239.02
288.53	1245.16
288.75	1196.01
288.96	1185.77
289.18	1269.74
289.39	1220.59
289.61	1200.11
289.82	1146.86
290.04	1239.02
290.25	1175.53
290.47	1183.73
290.68	1150.96
290.90	1245.16
291.11	1214.45
291.33	1247.21
291.54	1200.11
291.76	1206.25
291.97	1200.11
292.18	1216.49
292.40	1222.64
292.61	1222.64
292.83	1226.73
293.04	1206.25
293.26	1116.14
293.47	1202.16
293.69	1198.06
293.90	1165.29
294.12	1191.92
294.33	1206.25
294.55	1179.63
294.76	1247.21
294.97	1163.25
295.19	1226.73
295.40	1181.68
295.62	1224.69
295.83	1187.82
296.05	1193.97
296.26	1187.82
296.48	1140.72
296.69	1130.48
296.90	1202.16
297.12	1179.63
297.33	1163.25
297.55	1210.35
297.76	1173.49
297.98	1189.87
298.19	1155.05
298.41	1189.87
298.62	1198.06
298.83	1181.68
299.05	1150.96
299.26	1181.68
299.48	1206.25
299.69	1216.49
299.90	1138.67
300.12	1196.01
300.33	1155.05
300.55	1169.39
300.76	1202.16
300.98	1212.40
301.19	1155.05
301.40	1202.16
301.62	1230.83
301.83	1132.53
302.05	1216.49
302.26	1202.16
302.47	1259.50
302.69	1179.63
302.90	1189.87
303.12	1122.29
303.33	1222.64
303.54	1241.07
303.76	1159.15
303.97	1187.82
304.19	1216.49
304.40	1220.59
304.61	1202.16
304.83	1169.39
305.04	1216.49
305.26	1247.21
305.47	1128.43
305.68	1153.01
305.90	1216.49
306.11	1204.21
306.33	1169.39
306.54	1114.10
306.75	1130.48
306.97	1193.97
307.18	1271.79
307.39	1183.73
307.61	1136.62
307.82	1148.91
308.04	1150.96
308.25	1193.97
308.46	1185.77
308.68	1177.58
308.89	1245.16
309.10	1130.48
309.32	1153.01
309.53	1210.35
309.74	1148.91
309.96	1155.05
310.17	1150.96
310.39	1175.53
310.60	1196.01
310.81	1218.54
311.03	1161.20
311.24	1175.53
311.45	1138.67
311.67	1191.92
311.88	1126.38
312.09	1193.97
312.31	1220.59
312.52	1177.58
312.73	1150.96
312.95	1263.60
313.16	1253.36
313.37	1210.35
313.59	1169.39
313.80	1208.30
314.01	1157.10
314.23	1140.72
314.44	1193.97
314.65	1191.92
314.87	1208.30
315.08	1146.86
315.29	1222.64
315.51	1169.39
315.72	1120.24
315.93	1239.02
316.15	1208.30
316.36	1210.35
316.57	1148.91
316.79	1193.97
317.00	1179.63
317.21	1226.73
317.43	1155.05
317.64	1179.63
317.85	1220.59
318.07	1251.31
318.28	1245.16
318.49	1193.97
318.70	1196.01
318.92	1179.63
319.13	1196.01
319.34	1236.97
319.56	1183.73
319.77	1226.73
319.98	1163.25
320.20	1220.59
320.41	1183.73
320.62	1204.21
320.83	1146.86
321.05	1249.26
321.26	1118.19
321.47	1175.53
321.69	1144.81
321.90	1200.11
322.11	1196.01
322.32	1153.01
322.54	1204.21
322.75	1161.20
322.96	1159.15
323.18	1175.53
323.39	1171.44
323.60	1196.01
323.81	1212.40
324.03	1286.12
324.24	1206.25
324.45	1138.67
324.66	1183.73
324.88	1234.93
325.09	1204.21
325.30	1189.87
325.52	1081.33
325.73	1189.87
325.94	1200.11
326.15	1167.34
326.37	1097.71
326.58	1230.83
326.79	1245.16
327.00	1214.45
327.22	1191.92
327.43	1153.01
327.64	1228.78
327.85	1259.50
328.07	1226.73
328.28	1179.63
328.49	1155.05
328.70	1153.01
328.92	1148.91
329.13	1187.82
329.34	1292.27
329.55	1220.59
329.76	1253.36
329.98	1208.30
330.19	1118.19
330.40	1153.01
330.61	1165.29
330.83	1212.40
331.04	1107.95
331.25	1169.39
331.46	1165.29
331.68	1122.29
331.89	1216.49
332.10	1110.00
332.31	1212.40
332.52	1099.76
332.74	1200.11
332.95	1232.88
333.16	1198.06
333.37	1110.00
333.58	1222.64
333.80	1206.25
334.01	1169.39
334.22	1220.59
334.43	1196.01
334.64	1159.15
334.86	1183.73
335.07	1187.82
335.28	1206.25
335.49	1214.45
335.70	1165.29
335.92	1146.86
336.13	1241.07
336.34	1140.72
336.55	1153.01
336.76	1126.38
336.98	1150.96
337.19	1206.25
337.40	1179.63
337.61	1212.40
337.82	1257.45
338.04	1161.20
338.25	1277.93
338.46	1163.25
338.67	1157.10
338.88	1169.39
339.09	1161.20
339.31	1200.11
339.52	1214.45
339.73	1208.30
339.94	1208.30
340.15	1193.97
340.36	1189.87
340.58	1183.73
340.79	1153.01
341.00	1110.00
341.21	1148.91
341.42	1234.93
341.63	1212.40
341.85	1169.39
342.06	1216.49
342.27	1214.45
342.48	1161.20
342.69	1167.34
342.90	1165.29
343.12	1150.96
343.33	1198.06
343.54	1155.05
343.75	1134.57
343.96	1116.14
344.17	1148.91
344.38	1255.40
344.60	1179.63
344.81	1218.54
345.02	1179.63
345.23	1138.67
345.44	1187.82
345.65	1179.63
345.86	1206.25
346.07	1171.44
346.29	1193.97
346.50	1124.33
346.71	1155.05
346.92	1200.11
347.13	1159.15
347.34	1214.45
347.55	1247.21
347.76	1241.07
347.98	1226.73
348.19	1118.19
348.40	1222.64
348.61	1161.20
348.82	1189.87
349.03	1204.21
349.24	1218.54
349.45	1265.64
349.66	1222.64
349.88	1177.58
350.09	1253.36
350.30	1212.40
350.51	1189.87
350.72	1214.45
350.93	1191.92
351.14	1173.49
351.35	1222.64
351.56	1122.29
351.77	1200.11
351.99	1290.22
352.20	1124.33
352.41	1126.38
352.62	1198.06
352.83	1179.63
353.04	1132.53
353.25	1171.44
353.46	1163.25
353.67	1116.14
353.88	1140.72
354.09	1220.59
354.30	1191.92
354.52	1185.77
354.73	1140.72
354.94	1198.06
355.15	1212.40
355.36	1249.26
355.57	1198.06
355.78	1150.96
355.99	1198.06
356.20	1177.58
356.41	1183.73
356.62	1138.67
356.83	1159.15
357.04	1202.16
357.25	1220.59
357.46	1173.49
357.68	1198.06
357.89	1202.16
358.10	1249.26
358.31	1163.25
358.52	1228.78
358.73	1198.06
358.94	1173.49
359.15	1183.73
359.36	1163.25
359.57	1202.16
359.78	1239.02
359.99	1208.30
360.20	1179.63
360.41	1200.11
360.62	1224.69
360.83	1228.78
361.04	1212.40
361.25	1236.97
361.46	1198.06
361.67	1179.63
361.88	1173.49
362.09	1218.54
362.30	1189.87
362.51	1216.49
362.72	1181.68
362.93	1189.87
363.14	1169.39
363.35	1191.92
363.56	1212.40
363.78	1230.83
363.99	1218.54
364.20	1191.92
364.41	1140.72
364.62	1214.45
364.83	1193.97
365.04	1148.91
365.25	1155.05
365.46	1216.49
365.67	1216.49
365.88	1191.92
366.09	1185.77
366.30	1222.64
366.51	1142.77
366.72	1157.10
366.93	1173.49
367.14	1167.34
367.35	1220.59
367.56	1198.06
367.77	1279.98
367.98	1257.45
368.18	1112.05
368.39	1161.20
368.60	1241.07
368.81	1222.64
369.02	1191.92
369.23	1204.21
369.44	1157.10
369.65	1126.38
369.86	1148.91
370.07	1284.08
370.28	1185.77
370.49	1171.44
370.70	1175.53
370.91	1150.96
371.12	1150.96
371.33	1193.97
371.54	1228.78
371.75	1220.59
371.96	1224.69
372.17	1161.20
372.38	1214.45
372.59	1144.81
372.80	1247.21
373.01	1165.29
373.22	1226.73
373.43	1173.49
373.64	1228.78
373.85	1210.35
374.06	1173.49
374.26	1196.01
374.47	1157.10
374.68	1144.81
374.89	1267.69
375.10	1183.73
375.31	1185.77
375.52	1206.25
375.73	1222.64
375.94	1122.29
376.15	1157.10
376.36	1216.49
376.57	1132.53
376.78	1171.44
376.99	1193.97
377.20	1150.96
377.40	1116.14
377.61	1247.21
377.82	1193.97
378.03	1202.16
378.24	1204.21
378.45	1185.77
378.66	1200.11
378.87	1257.45
379.08	1228.78
379.29	1191.92
379.50	1239.02
379.71	1279.98
379.91	1224.69
380.12	1214.45
380.33	1189.87
380.54	1157.10
380.75	1302.51
380.96	1204.21
381.17	1181.68
381.38	1196.01
381.59	1204.21
381.80	1187.82
382.00	1226.73
382.21	1165.29
382.42	1179.63
382.63	1218.54
382.84	1159.15
383.05	1210.35
383.26	1159.15
383.47	1212.40
383.68	1222.64
383.88	1196.01
384.09	1193.97
384.30	1216.49
384.51	1230.83
384.72	1181.68
384.93	1191.92
385.14	1191.92
385.35	1228.78
385.55	1155.05
385.76	1222.64
385.97	1204.21
386.18	1200.11
386.39	1208.30
386.60	1181.68
386.81	1150.96
387.02	1173.49
387.22	1163.25
387.43	1165.29
387.64	1169.39
387.85	1196.01
388.06	1189.87
388.27	1214.45
388.48	1148.91
388.68	1126.38
388.89	1181.68
389.10	1196.01
389.31	1196.01
389.52	1220.59
389.73	1120.24
389.93	1159.15
390.14	1155.05
390.35	1198.06
390.56	1239.02
390.77	1185.77
390.98	1187.82
391.18	1183.73
391.39	1255.40
391.60	1198.06
391.81	1191.92
392.02	1107.95
392.23	1232.88
392.43	1124.33
392.64	1150.96
392.85	1210.35
393.06	1136.62
393.27	1241.07
393.47	1155.05
393.68	1161.20
393.89	1208.30
394.10	1163.25
394.31	1198.06
394.52	1193.97
394.72	1208.30
394.93	1232.88
395.14	1224.69
395.35	1185.77
395.56	1241.07
395.76	1175.53
395.97	1204.21
396.18	1214.45
396.39	1236.97
396.60	1165.29
396.80	1175.53
397.01	1171.44
397.22	1146.86
397.43	1138.67
397.64	1216.49
397.84	1216.49
398.05	1167.34
398.26	1257.45
398.47	1181.68
398.67	1144.81
398.88	1222.64
399.09	1228.78
399.30	1175.53
399.51	1251.31
399.71	1236.97
399.92	1142.77
400.13	1177.58
400.34	1148.91
400.54	1236.97
400.75	1253.36
400.96	1150.96
401.17	1234.93
401.37	1159.15
401.58	1155.05
401.79	1142.77
402.00	1273.84
402.21	1183.73
402.41	1157.10
402.62	1173.49
402.83	1177.58
403.04	1179.63
403.24	1232.88
403.45	1157.10
403.66	1159.15
403.87	1251.31
404.07	1216.49
404.28	1189.87
404.49	1140.72
404.70	1177.58
404.90	1165.29
405.11	1175.53
405.32	1077.23
405.52	1173.49
405.73	1245.16
405.94	1224.69
406.15	1206.25
406.35	1183.73
406.56	1226.73
406.77	1179.63
406.98	1142.77
407.18	1212.40
407.39	1138.67
407.60	1249.26
407.80	1230.83
408.01	1257.45
408.22	1196.01
408.43	1189.87
408.63	1212.40
408.84	1163.25
409.05	1173.49
409.25	1171.44
409.46	1179.63
409.67	1187.82
409.88	1150.96
410.08	1214.45
410.29	1181.68
410.50	1185.77
410.70	1210.35
410.91	1183.73
411.12	1189.87
411.32	1208.30
411.53	1265.64
411.74	1191.92
411.95	1171.44
412.15	1181.68
412.36	1181.68
412.57	1165.29
412.77	1134.57
412.98	1187.82
413.19	1224.69
413.39	1196.01
413.60	1179.63
413.81	1230.83
414.01	1167.34
414.22	1079.28
414.43	1132.53
414.63	1134.57
414.84	1120.24
415.05	1181.68
415.25	1269.74
415.46	1163.25
415.67	1181.68
415.87	1116.14
416.08	1204.21
416.29	1132.53
416.49	1140.72
416.70	1159.15
416.91	1114.10
417.11	1200.11
417.32	1220.59
417.53	1204.21
417.73	1212.40
417.94	1189.87
418.15	1183.73
418.35	1165.29
418.56	1206.25
418.77	1173.49
418.97	1183.73
419.18	1218.54
419.38	1193.97
419.59	1110.00
419.80	1224.69
420.00	1193.97
420.21	1185.77
420.42	1155.05
420.62	1130.48
420.83	1210.35
421.04	1239.02
421.24	1206.25
421.45	1198.06
421.65	1196.01
421.86	1148.91
422.07	1218.54
422.27	1179.63
422.48	1247.21
422.69	1187.82
422.89	1200.11
423.10	1200.11
423.30	1216.49
423.51	1232.88
423.72	1155.05
423.92	1286.12
424.13	1142.77
424.33	1236.97
424.54	1208.30
424.75	1187.82
424.95	1251.31
425.16	1169.39
425.36	1249.26
425.57	1150.96
425.78	1150.96
425.98	1179.63
426.19	1159.15
426.39	1148.91
426.60	1179.63
426.81	1208.30
427.01	1159.15
427.22	1212.40
427.42	1167.34
427.63	1134.57
427.83	1171.44
428.04	1165.29
428.25	1173.49
428.45	1128.43
428.66	1179.63
428.86	1200.11
429.07	1200.11
429.28	1200.11
429.48	1120.24
429.69	1251.31
429.89	1198.06
430.10	1155.05
430.30	1138.67
430.51	1181.68
430.71	1259.50
430.92	1161.20
431.13	1144.81
431.33	1218.54
431.54	1241.07
431.74	1140.72
431.95	1271.79
432.15	1191.92
432.36	1101.81
432.56	1191.92
432.77	1179.63
432.98	1173.49
433.18	1232.88
433.39	1220.59
433.59	1216.49
433.80	1198.06
434.00	1232.88
434.21	1200.11
434.41	1099.76
434.62	1214.45
434.82	1218.54
435.03	1173.49
435.23	1161.20
435.44	1150.96
435.64	1200.11
435.85	1226.73
436.06	1161.20
436.26	1173.49
436.47	1230.83
436.67	1138.67
436.88	1155.05
437.08	1183.73
437.29	1132.53
437.49	1112.05
437.70	1171.44
437.90	1183.73
438.11	1185.77
438.31	1222.64
438.52	1153.01
438.72	1144.81
438.93	1200.11
439.13	1210.35
439.34	1138.67
439.54	1169.39
439.75	1177.58
439.95	1183.73
440.16	1187.82
440.36	1218.54
440.57	1150.96
440.77	1126.38
440.98	1130.48
441.18	1167.34
441.39	1142.77
441.59	1153.01
441.80	1216.49
442.00	1245.16
442.21	1214.45
442.41	1239.02
442.62	1140.72
442.82	1179.63
443.02	1214.45
443.23	1189.87
443.43	1118.19
443.64	1200.11
443.84	1136.62
444.05	1165.29
444.25	1220.59
444.46	1155.05
444.66	1181.68
444.87	1124.33
445.07	1140.72
445.28	1198.06
445.48	1122.29
445.69	1132.53
445.89	1183.73
446.09	1204.21
446.30	1224.69
446.50	1243.12
446.71	1214.45
446.91	1204.21
447.12	1134.57
447.32	1222.64
447.53	1155.05
447.73	1189.87
447.93	1189.87
448.14	1261.55
448.34	1198.06
448.55	1218.54
448.75	1204.21
448.96	1204.21
449.16	1185.77
449.36	1150.96
449.57	1206.25
449.77	1196.01
449.98	1183.73
450.18	1189.87
450.39	1218.54
450.59	1208.30
450.79	1220.59
451.00	1193.97
451.20	1177.58
451.41	1167.34
451.61	1144.81
451.81	1122.29
452.02	1202.16
452.22	1103.86
452.43	1216.49
452.63	1212.40
452.84	1196.01
453.04	1204.21
453.24	1157.10
453.45	1220.59
453.65	1177.58
453.86	1232.88
454.06	1193.97
454.26	1177.58
454.47	1222.64
454.67	1187.82
454.87	1204.21
455.08	1234.93
455.28	1112.05
455.49	1212.40
455.69	1146.86
455.89	1173.49
456.10	1245.16
456.30	1228.78
456.51	1163.25
456.71	1198.06
456.91	1185.77
457.12	1183.73
457.32	1196.01
457.52	1257.45
457.73	1144.81
457.93	1171.44
458.14	1228.78
458.34	1249.26
458.54	1189.87
458.75	1202.16
458.95	1165.29
459.15	1210.35
459.36	1196.01
459.56	1177.58
459.76	1159.15
459.97	1189.87
460.17	1204.21
460.37	1220.59
460.58	1144.81
460.78	1226.73
460.99	1185.77
461.19	1148.91
461.39	1150.96
461.60	1249.26
461.80	1185.77
462.00	1159.15
462.21	1241.07
462.41	1148.91
462.61	1220.59
462.82	1177.58
463.02	1136.62
463.22	1150.96
463.43	1126.38
463.63	1200.11
463.83	1191.92
464.04	1257.45
464.24	1212.40
464.44	1169.39
464.64	1193.97
464.85	1202.16
465.05	1210.35
465.25	1200.11
465.46	1142.77
465.66	1171.44
465.86	1183.73
466.07	1204.21
466.27	1114.10
466.47	1239.02
466.68	1122.29
466.88	1183.73
467.08	1183.73
467.29	1198.06
467.49	1206.25
467.69	1159.15
467.89	1138.67
468.10	1214.45
468.30	1202.16
468.50	1183.73
468.71	1196.01
468.91	1224.69
469.11	1189.87
469.31	1185.77
469.52	1144.81
469.72	1177.58
469.92	1247.21
470.13	1202.16
470.33	1183.73
470.53	1222.64
470.73	1171.44
470.94	1191.92
471.14	1214.45
471.34	1148.91
471.54	1161.20
471.75	1163.25
471.95	1146.86
472.15	1173.49
472.36	1118.19
472.56	1196.01
472.76	1206.25
472.96	1159.15
473.17	1167.34
473.37	1220.59
473.57	1130.48
473.77	1224.69
473.98	1161.20
474.18	1189.87
474.38	1091.57
474.58	1200.11
474.79	1212.40
474.99	1183.73
475.19	1171.44
475.39	1245.16
475.60	1167.34
475.80	1226.73
476.00	1177.58
476.20	1185.77
476.41	1189.87
476.61	1208.30
476.81	1150.96
477.01	1236.97
477.21	1228.78
477.42	1202.16
477.62	1167.34
477.82	1220.59
478.02	1138.67
478.23	1126.38
478.43	1144.81
478.63	1146.86
478.83	1105.90
479.03	1142.77
479.24	1163.25
479.44	1243.12
479.64	1212.40
479.84	1191.92
480.04	1267.69
480.25	1187.82
480.45	1204.21
480.65	1146.86
480.85	1142.77
481.06	1206.25
481.26	1245.16
481.46	1146.86
481.66	1189.87
481.86	1142.77
482.06	1179.63
482.27	1206.25
482.47	1187.82
482.67	1173.49
482.87	1142.77
483.07	1155.05
483.28	1212.40
483.48	1204.21
483.68	1134.57
483.88	1140.72
484.08	1200.11
484.29	1232.88
484.49	1212.40
484.69	1200.11
484.89	1183.73
485.09	1155.05
485.29	1155.05
485.50	1175.53
485.70	1175.53
485.90	1216.49
486.10	1175.53
486.30	1200.11
486.50	1198.06
486.71	1220.59
486.91	1220.59
487.11	1181.68
487.31	1193.97
487.51	1114.10
487.71	1249.26
487.91	1183.73
488.12	1181.68
488.32	1208.30
488.52	1146.86
488.72	1230.83
488.92	1165.29
489.12	1173.49
489.32	1189.87
489.53	1198.06
489.73	1179.63
489.93	1204.21
490.13	1277.93
490.33	1228.78
490.53	1200.11
490.73	1208.30
490.94	1212.40
491.14	1208.30
491.34	1210.35
491.54	1181.68
491.74	1189.87
491.94	1212.40
492.14	1183.73
492.34	1216.49
492.54	1157.10
492.75	1183.73
492.95	1191.92
493.15	1232.88
493.35	1167.34
493.55	1220.59
493.75	1110.00
493.95	1163.25
494.15	1196.01
494.35	1165.29
494.56	1204.21
494.76	1191.92
494.96	1189.87
495.16	1165.29
495.36	1220.59
495.56	1101.81
495.76	1220.59
495.96	1226.73
496.16	1134.57
496.36	1187.82
496.56	1226.73
496.77	1175.53
496.97	1193.97
497.17	1153.01
497.37	1191.92
497.57	1150.96
497.77	1126.38
497.97	1175.53
498.17	1179.63
498.37	1173.49
498.57	1161.20
498.77	1155.05
498.97	1165.29
499.17	1243.12
499.38	1222.64
499.58	1173.49
499.78	1196.01
499.98	1167.34
500.18	1214.45
500.38	1177.58
500.58	1204.21
500.78	1222.64
500.98	1171.44
501.18	1148.91
501.38	1179.63
501.58	1155.05
501.78	1181.68
501.98	1263.60
502.18	1214.45
502.38	1218.54
502.58	1175.53
502.78	1243.12
502.98	1210.35
503.18	1224.69
503.38	1105.90
503.59	1126.38
503.79	1122.29
503.99	1236.97
504.19	1196.01
504.39	1253.36
504.59	1157.10
504.79	1150.96
504.99	1210.35
505.19	1234.93
505.39	1148.91
505.59	1212.40
505.79	1226.73
505.99	1189.87
506.19	1189.87
506.39	1185.77
506.59	1136.62
506.79	1208.30
506.99	1183.73
507.19	1210.35
507.39	1173.49
507.59	1261.55
507.79	1218.54
507.99	1150.96
508.19	1226.73
508.39	1226.73
508.59	1163.25
508.79	1171.44
508.99	1200.11
509.19	1224.69
509.39	1122.29
509.59	1198.06
509.79	1208.30
509.99	1179.63
510.19	1230.83
510.39	1181.68
510.59	1193.97
510.79	1198.06
510.99	1216.49
511.19	1183.73
511.39	1163.25
511.59	1130.48
511.79	1208.30
511.99	1212.40
512.19	1204.21
512.38	1150.96
512.58	1157.10
512.78	1189.87
512.98	1222.64
513.18	1224.69
513.38	1265.64
513.58	1220.59
513.78	1144.81
513.98	1239.02
514.18	1175.53
514.38	1204.21
514.58	1116.14
514.78	1185.77
514.98	1120.24
515.18	1175.53
515.38	1220.59
515.58	1198.06
515.78	1193.97
515.98	1150.96
516.18	1198.06
516.38	1169.39
516.57	1128.43
516.77	1187.82
516.97	1181.68
517.17	1216.49
517.37	1107.95
517.57	1204.21
517.77	1157.10
517.97	1140.72
518.17	1232.88
518.37	1208.30
518.57	1216.49
518.77	1128.43
518.97	1163.25
519.16	1259.50
519.36	1114.10
519.56	1175.53
519.76	1169.39
519.96	1206.25
520.16	1167.34
520.36	1216.49
520.56	1105.90
520.76	1220.59
520.96	1179.63
521.16	1193.97
521.35	1247.21
521.55	1294.32
521.75	1193.97
521.95	1255.40
522.15	1204.21
522.35	1214.45
522.55	1234.93
522.75	1144.81
522.95	1134.57
523.14	1189.87
523.34	1191.92
523.54	1228.78
523.74	1198.06
523.94	1163.25
524.14	1165.29
524.34	1196.01
524.54	1230.83
524.73	1165.29
524.93	1163.25
525.13	1226.73
525.33	1218.54
525.53	1134.57
525.73	1216.49
525.93	1228.78
526.13	1230.83
526.32	1157.10
526.52	1214.45
526.72	1183.73
526.92	1150.96
527.12	1222.64
527.32	1171.44
527.52	1234.93
527.71	1167.34
527.91	1150.96
528.11	1130.48
528.31	1193.97
528.51	1196.01
528.71	1134.57
528.90	1138.67
529.10	1218.54
529.30	1216.49
529.50	1146.86
529.70	1200.11
529.90	1179.63
530.09	1247.21
530.29	1171.44
530.49	1185.77
530.69	1175.53
530.89	1122.29
531.09	1206.25
531.28	1183.73
531.48	1228.78
531.68	1163.25
531.88	1171.44
532.08	1150.96
532.28	1214.45
532.47	1150.96
532.67	1198.06
532.87	1126.38
533.07	1167.34
533.27	1130.48
533.46	1216.49
533.66	1265.64
533.86	1239.02
534.06	1196.01
534.26	1157.10
534.45	1165.29
534.65	1185.77
534.85	1191.92
535.05	1153.01
535.25	1169.39
535.44	1155.05
535.64	1132.53
535.84	1200.11
536.04	1157.10
536.24	1210.35
536.43	1202.16
536.63	1216.49
536.83	1183.73
537.03	1220.59
537.22	1163.25
537.42	1224.69
537.62	1191.92
537.82	1167.34
538.02	1165.29
538.21	1150.96
538.41	1187.82
538.61	1157.10
538.81	1171.44
539.00	1148.91
539.20	1189.87
539.40	1212.40
539.60	1159.15
539.79	1302.51
539.99	1183.73
540.19	1236.97
540.39	1150.96
540.58	1196.01
540.78	1091.57
540.98	1181.68
541.18	1200.11
541.37	1206.25
541.57	1189.87
541.77	1110.00
541.97	1234.93
542.16	1232.88
542.36	1095.66
542.56	1200.11
542.76	1181.68
542.95	1153.01
543.15	1208.30
543.35	1173.49
543.54	1153.01
543.74	1142.77
543.94	1189.87
544.14	1212.40
544.33	1124.33
544.53	1165.29
544.73	1165.29
544.93	1161.20
545.12	1200.11
545.32	1159.15
545.52	1142.77
545.71	1144.81
545.91	1218.54
546.11	1142.77
546.30	1167.34
546.50	1161.20
546.70	1255.40
546.90	1155.05
547.09	1183.73
547.29	1153.01
547.49	1091.57
547.68	1175.53
547.88	1136.62
548.08	1134.57
548.27	1153.01
548.47	1189.87
548.67	1112.05
548.87	1157.10
549.06	1228.78
549.26	1212.40
549.46	1224.69
549.65	1183.73
549.85	1110.00
550.05	1251.31
550.24	1228.78
550.44	1159.15
550.64	1136.62
550.83	1175.53
551.03	1208.30
551.23	1187.82
551.42	1210.35
551.62	1153.01
551.82	1173.49
552.01	1204.21
552.21	1175.53
552.41	1181.68
552.60	1130.48
552.80	1157.10
553.00	1175.53
553.19	1177.58
553.39	1128.43
553.59	1208.30
553.78	1210.35
553.98	1200.11
554.17	1253.36
554.37	1148.91
554.57	1210.35
554.76	1224.69
554.96	1116.14
555.16	1202.16
555.35	1206.25
555.55	1265.64
555.75	1177.58
555.94	1157.10
556.14	1138.67
556.33	1271.79
556.53	1138.67
556.73	1167.34
556.92	1236.97
557.12	1253.36
557.32	1198.06
557.51	1222.64
557.71	1261.55
557.90	1222.64
558.10	1144.81
558.30	1239.02
558.49	1230.83
558.69	1185.77
558.88	1210.35
559.08	1245.16
559.28	1228.78
559.47	1212.40
559.67	1134.57
559.86	1148.91
560.06	1157.10
560.26	1216.49
560.45	1175.53
560.65	1212.40
560.84	1185.77
561.04	1220.59
561.24	1228.78
561.43	1196.01
561.63	1081.33
561.82	1163.25
562.02	1142.77
562.22	1136.62
562.41	1224.69
562.61	1161.20
562.80	1249.26
563.00	1222.64
563.19	1183.73
563.39	1224.69
563.59	1198.06
563.78	1220.59
563.98	1198.06
564.17	1208.30
564.37	1173.49
564.56	1177.58
564.76	1212.40
564.96	1185.77
565.15	1171.44
565.35	1148.91
565.54	1206.25
565.74	1179.63
565.93	1216.49
566.13	1136.62
566.32	1208.30
566.52	1159.15
566.71	1159.15
566.91	1196.01
567.11	1187.82
567.30	1097.71
567.50	1128.43
567.69	1175.53
567.89	1193.97
568.08	1193.97
568.28	1198.06
568.47	1179.63
568.67	1253.36
568.86	1150.96
569.06	1196.01
569.25	1159.15
569.45	1200.11
569.64	1218.54
569.84	1177.58
570.04	1163.25
570.23	1114.10
570.43	1228.78
570.62	1163.25
570.82	1116.14
571.01	1155.05
571.21	1165.29
571.40	1144.81
571.60	1177.58
571.79	1212.40
571.99	1140.72
572.18	1222.64
572.38	1210.35
572.57	1212.40
572.77	1271.79
572.96	1232.88
573.16	1230.83
573.35	1177.58
573.55	1134.57
573.74	1206.25
573.94	1183.73
574.13	1157.10
574.33	1128.43
574.52	1183.73
574.71	1253.36
574.91	1247.21
575.10	1173.49
575.30	1191.92
575.49	1200.11
575.69	1187.82
575.88	1165.29
576.08	1173.49
576.27	1181.68
576.47	1153.01
576.66	1230.83
576.86	1191.92
577.05	1191.92
577.25	1148.91
577.44	1171.44
577.64	1177.58
577.83	1224.69
578.02	1167.34
578.22	1165.29
578.41	1171.44
578.61	1173.49
578.80	1155.05
579.00	1208.30
579.19	1157.10
579.39	1189.87
579.58	1163.25
579.77	1239.02
579.97	1153.01
580.16	1179.63
580.36	1165.29
580.55	1193.97
580.75	1196.01
580.94	1191.92
581.13	1183.73
581.33	1247.21
581.52	1189.87
581.72	1232.88
581.91	1175.53
582.11	1189.87
582.30	1210.35
582.49	1181.68
582.69	1230.83
582.88	1228.78
583.08	1193.97
583.27	1189.87
583.47	1187.82
583.66	1179.63
583.85	1148.91
584.05	1214.45
584.24	1230.83
584.44	1116.14
584.63	1200.11
584.82	1204.21
585.02	1155.05
585.21	1187.82
585.41	1218.54
585.60	1183.73
585.79	1206.25
585.99	1263.60
586.18	1200.11
586.37	1234.93
586.57	1150.96
586.76	1222.64
586.96	1101.81
587.15	1249.26
587.34	1185.77
587.54	1220.59
587.73	1196.01
587.93	1220.59
588.12	1239.02
588.31	1292.27
588.51	1243.12
588.70	1097.71
588.89	1222.64
589.09	1153.01
589.28	1214.45
589.47	1202.16
589.67	1165.29
589.86	1196.01
590.06	1099.76
590.25	1138.67
590.44	1155.05
590.64	1173.49
590.83	1200.11
591.02	1271.79
591.22	1245.16
591.41	1198.06
591.60	1177.58
591.80	1224.69
591.99	1173.49
592.18	1220.59
592.38	1196.01
592.57	1200.11
592.76	1105.90
592.96	1181.68
593.15	1175.53
593.34	1150.96
593.54	1204.21
593.73	1157.10
593.92	1157.10
594.12	1187.82
594.31	1212.40
594.50	1208.30
594.70	1157.10
594.89	1216.49
595.08	1210.35
595.28	1228.78
595.47	1153.01
595.66	1196.01
595.86	1181.68
596.05	1142.77
596.24	1206.25
596.43	1175.53
596.63	1189.87
596.82	1171.44
597.01	1204.21
597.21	1200.11
597.40	1191.92
597.59	1267.69
597.79	1161.20
597.98	1204.21
598.17	1243.12
598.36	1214.45
598.56	1220.59
598.75	1189.87
598.94	1183.73
599.14	1236.97
599.33	1224.69
599.52	1144.81
599.71	1173.49
599.91	1198.06
600.10	1198.06
600.29	1206.25
600.48	1241.07
600.68	1208.30
600.87	1214.45
601.06	1181.68
601.26	1179.63
601.45	1165.29
601.64	1171.44
601.83	1193.97
602.03	1202.16
602.22	1243.12
602.41	1191.92
602.60	1142.77
602.80	1191.92
602.99	1193.97
603.18	1255.40
603.37	1079.28
603.57	1179.63
603.76	1191.92
603.95	1198.06
604.14	1161.20
604.34	1185.77
604.53	1196.01
604.72	1230.83
604.91	1251.31
605.10	1241.07
605.30	1247.21
605.49	1279.98
605.68	1196.01
605.87	1208.30
606.07	1220.59
606.26	1279.98
606.45	1185.77
606.64	1142.77
606.84	1136.62
607.03	1210.35
607.22	1224.69
607.41	1232.88
607.60	1236.97
607.80	1177.58
607.99	1163.25
608.18	1212.40
608.37	1153.01
608.56	1134.57
608.76	1193.97
608.95	1146.86
609.14	1187.82
609.33	1157.10
609.52	1185.77
609.72	1110.00
609.91	1222.64
610.10	1175.53
610.29	1210.35
610.48	1183.73
610.68	1155.05
610.87	1189.87
611.06	1202.16
611.25	1173.49
611.44	1277.93
611.63	1187.82
611.83	1255.40
612.02	1196.01
612.21	1150.96
612.40	1140.72
612.59	1167.34
612.79	1189.87
612.98	1189.87
613.17	1255.40
613.36	1179.63
613.55	1187.82
613.74	1167.34
613.93	1171.44
614.13	1206.25
614.32	1150.96
614.51	1103.86
614.70	1191.92
614.89	1165.29
615.08	1140.72
615.28	1261.55
615.47	1187.82
615.66	1171.44
615.85	1187.82
616.04	1167.34
616.23	1171.44
616.42	1226.73
616.62	1148.91
616.81	1212.40
617.00	1228.78
617.19	1169.39
617.38	1257.45
617.57	1212.40
617.76	1144.81
617.95	1187.82
618.15	1234.93
618.34	1245.16
618.53	1144.81
618.72	1202.16
618.91	1159.15
619.10	1206.25
619.29	1159.15
619.48	1163.25
619.68	1167.34
619.87	1175.53
620.06	1198.06
620.25	1245.16
620.44	1150.96
620.63	1161.20
620.82	1155.05
621.01	1228.78
621.20	1126.38
621.39	1232.88
621.59	1216.49
621.78	1216.49
621.97	1155.05
622.16	1249.26
622.35	1230.83
622.54	1153.01
622.73	1230.83
622.92	1173.49
623.11	1165.29
623.30	1150.96
623.49	1224.69
623.68	1206.25
623.88	1185.77
624.07	1165.29
624.26	1163.25
624.45	1208.30
624.64	1155.05
624.83	1249.26
625.02	1148.91
625.21	1144.81
625.40	1122.29
625.59	1206.25
625.78	1163.25
625.97	1171.44
626.16	1204.21
626.35	1140.72
626.54	1193.97
626.74	1167.34
626.93	1155.05
627.12	1112.05
627.31	1216.49
627.50	1245.16
627.69	1191.92
627.88	1189.87
628.07	1193.97
628.26	1241.07
628.45	1208.30
628.64	1279.98
628.83	1245.16
629.02	1253.36
629.21	1148.91
629.40	1193.97
629.59	1206.25
629.78	1189.87
629.97	1196.01
630.16	1232.88
630.35	1196.01
630.54	1167.34
630.73	1318.89
630.92	1210.35
631.11	1218.54
631.30	1470.44
631.49	1460.20
631.68	1834.98
631.87	3901.38
632.06	14208.81
632.25	39476.65
632.44	50042.12
632.63	52206.82
632.82	32116.25
633.01	16506.63
633.20	4851.64
633.39	4925.36
633.58	2619.35
633.77	2086.88
633.96	1726.44
634.15	1390.57
634.34	1476.59
634.53	1527.78
634.72	1447.91
634.91	1322.99
635.10	1353.71
635.29	1277.93
635.48	1255.40
635.67	1200.11
635.86	1241.07
636.05	1189.87
636.24	1232.88
636.43	1204.21
636.62	1196.01
636.81	1175.53
637.00	1222.64
637.19	1175.53
637.38	1216.49
637.57	1191.92
637.76	1171.44
637.95	1134.57
638.14	1200.11
638.33	1167.34
638.52	1167.34
638.71	1200.11
638.89	1220.59
639.08	1165.29
639.27	1187.82
639.46	1198.06
639.65	1210.35
639.84	1290.22
640.03	1189.87
640.22	1251.31
640.41	1163.25
640.60	1228.78
640.79	1208.30
640.98	1169.39
641.17	1128.43
641.36	1150.96
641.55	1224.69
641.74	1171.44
641.92	1208.30
642.11	1193.97
642.30	1175.53
642.49	1171.44
642.68	1126.38
642.87	1206.25
643.06	1159.15
643.25	1185.77
643.44	1183.73
643.63	1179.63
643.82	1116.14
644.00	1134.57
644.19	1187.82
644.38	1191.92
644.57	1191.92
644.76	1232.88
644.95	1243.12
645.14	1169.39
645.33	1255.40
645.52	1220.59
645.71	1200.11
645.89	1271.79
646.08	1243.12
646.27	1179.63
646.46	1171.44
646.65	1255.40
646.84	1210.35
647.03	1204.21
647.22	1218.54
647.40	1112.05
647.59	1224.69
647.78	1144.81
647.97	1193.97
648.16	1142.77
648.35	1198.06
648.54	1204.21
648.73	1167.34
648.91	1206.25
649.10	1198.06
649.29	1163.25
649.48	1214.45
649.67	1175.53
649.86	1216.49
650.05	1187.82
650.23	1210.35
650.42	1093.62
650.61	1226.73
650.80	1159.15
650.99	1255.40
651.18	1202.16
651.36	1183.73
651.55	1120.24
651.74	1198.06
651.93	1173.49
652.12	1079.28
652.31	1243.12
652.49	1202.16
652.68	1150.96
652.87	1114.10
653.06	1189.87
653.25	1214.45
653.44	1177.58
653.62	1282.03
653.81	1216.49
654.00	1200.11
654.19	1138.67
654.38	1200.11
654.56	1183.73
654.75	1169.39
654.94	1153.01
655.13	1224.69
655.32	1204.21
655.51	1134.57
655.69	1220.59
655.88	1177.58
656.07	1193.97
656.26	1198.06
656.45	1136.62
656.63	1200.11
656.82	1163.25
657.01	1148.91
657.20	1214.45
657.38	1177.58
657.57	1136.62
657.76	1249.26
657.95	1206.25
658.14	1171.44
658.32	1224.69
658.51	1316.84
658.70	1157.10
658.89	1216.49
659.08	1208.30
659.26	1222.64
659.45	1204.21
659.64	1275.88
659.83	1220.59
660.01	1241.07
660.20	1216.49
660.39	1247.21
660.58	1212.40
660.76	1228.78
660.95	1208.30
661.14	1247.21
661.33	1144.81
661.51	1189.87
661.70	1183.73
661.89	1210.35
662.08	1216.49
662.26	1142.77
662.45	1155.05
662.64	1191.92
662.83	1153.01
663.01	1179.63
663.20	1202.16
663.39	1161.20
663.58	1171.44
663.76	1222.64
663.95	1193.97
664.14	1175.53
664.32	1187.82
664.51	1183.73
664.70	1112.05
664.89	1208.30
665.07	1224.69
665.26	1189.87
665.45	1153.01
665.64	1214.45
665.82	1191.92
666.01	1202.16
666.20	1187.82
666.38	1181.68
666.57	1155.05
666.76	1181.68
666.95	1230.83
667.13	1171.44
667.32	1169.39
667.51	1144.81
667.69	1230.83
667.88	1150.96
668.07	1138.67
668.25	1196.01
668.44	1208.30
668.63	1144.81
668.81	1185.77
669.00	1179.63
669.19	1157.10
669.38	1179.63
669.56	1144.81
669.75	1232.88
669.94	1222.64
670.12	1196.01
670.31	1181.68
670.50	1224.69
670.68	1239.02
670.87	1167.34
671.06	1193.97
671.24	1183.73
671.43	1206.25
671.62	1165.29
671.80	1101.81
671.99	1202.16
672.18	1187.82
672.36	1150.96
672.55	1218.54
672.74	1159.15
672.92	1173.49
673.11	1198.06
673.29	1175.53
673.48	1085.42
673.67	1142.77
673.85	1175.53
674.04	1212.40
674.23	1138.67
674.41	1224.69
674.60	1216.49
674.79	1189.87
674.97	1243.12
675.16	1189.87
675.34	1224.69
675.53	1163.25
675.72	1077.23
675.90	1218.54
676.09	1167.34
676.28	1234.93
676.46	1230.83
676.65	1175.53
676.83	1155.05
677.02	1140.72
677.21	1249.26
677.39	1200.11
677.58	1120.24
677.77	1146.86
677.95	1185.77
678.14	1198.06
678.32	1187.82
678.51	1228.78
678.70	1140.72
678.88	1218.54
679.07	1159.15
679.25	1142.77
679.44	1236.97
679.63	1196.01
679.81	1206.25
680.00	1249.26
680.18	1167.34
680.37	1144.81
680.55	1230.83
680.74	1187.82
680.93	1116.14
681.11	1173.49
681.30	1220.59
681.48	1169.39
681.67	1105.90
681.85	1210.35
682.04	1198.06
682.23	1132.53
682.41	1210.35
682.60	1150.96
682.78	1196.01
682.97	1175.53
683.15	1239.02
683.34	1189.87
683.53	1191.92
683.71	1239.02
683.90	1202.16
684.08	1175.53
684.27	1230.83
684.45	1153.01
684.64	1191.92
684.82	1130.48
685.01	1189.87
685.19	1132.53
685.38	1300.46
685.57	1241.07
685.75	1206.25
685.94	1142.77
686.12	1173.49
686.31	1179.63
686.49	1155.05
686.68	1200.11
686.86	1206.25
687.05	1146.86
687.23	1146.86
687.42	1155.05
687.60	1169.39
687.79	1183.73
687.97	1200.11
688.16	1212.40
688.34	1171.44
688.53	1249.26
688.71	1191.92
688.90	1179.63
689.08	1191.92
689.27	1163.25
689.45	1144.81
689.64	1183.73
689.82	1173.49
690.01	1206.25
690.19	1243.12
690.38	1159.15
690.56	1271.79
690.75	1159.15
690.93	1214.45
691.12	1187.82
691.30	1132.53
691.49	1185.77
691.67	1196.01
691.86	1187.82
692.04	1198.06
692.23	1208.30
692.41	1138.67
692.60	1198.06
692.78	1247.21
692.97	1163.25
693.15	1198.06
693.34	1132.53
693.52	1175.53
693.71	1175.53
693.89	1126.38
694.08	1157.10
694.26	1114.10
694.44	1118.19
694.63	1153.01
694.81	1091.57
695.00	1122.29
695.18	1257.45
695.37	1177.58
695.55	1236.97
695.74	1175.53
695.92	1273.84
696.10	1181.68
696.29	1181.68
696.47	1191.92
696.66	1134.57
696.84	1193.97
697.03	1173.49
697.21	1191.92
697.40	1204.21
697.58	1159.15
697.76	1161.20
697.95	1239.02
698.13	1249.26
698.32	1183.73
698.50	1202.16
698.68	1185.77
698.87	1193.97
699.05	1228.78
699.24	1202.16
699.42	1206.25
699.61	1245.16
699.79	1212.40
699.97	1126.38
700.16	1138.67
700.34	1210.35
700.53	1165.29
700.71	1169.39
700.89	1150.96
701.08	1171.44
701.26	1232.88
701.45	1200.11
701.63	1206.25
701.81	1204.21
702.00	1198.06
702.18	1249.26
702.37	1210.35
702.55	1196.01
702.73	1159.15
702.92	1116.14
703.10	1153.01
703.28	1251.31
703.47	1259.50
703.65	1183.73
703.84	1216.49
704.02	1138.67
704.20	1183.73
704.39	1116.14
704.57	1153.01
704.75	1165.29
704.94	1200.11
705.12	1196.01
705.30	1167.34
705.49	1210.35
705.67	1232.88
705.86	1140.72
706.04	1249.26
706.22	1140.72
706.41	1183.73
706.59	1204.21
706.77	1204.21
706.96	1140.72
707.14	1198.06
707.32	1118.19
707.51	1130.48
707.69	1140.72
707.87	1142.77
708.06	1155.05
708.24	1148.91
708.42	1187.82
708.61	1228.78
708.79	1130.48
708.97	1150.96
709.16	1169.39
709.34	1218.54
709.52	1165.29
709.71	1173.49
709.89	1196.01
710.07	1183.73
710.26	1161.20
710.44	1183.73
710.62	1187.82
710.80	1239.02
710.99	1198.06
711.17	1202.16
711.35	1165.29
711.54	1230.83
711.72	1173.49
711.90	1179.63
712.09	1181.68
712.27	1191.92
712.45	1265.64
712.63	1183.73
712.82	1206.25
713.00	1185.77
713.18	1122.29
713.37	1183.73
713.55	1169.39
713.73	1157.10
713.91	1167.34
714.10	1206.25
714.28	1161.20
714.46	1206.25
714.65	1189.87
714.83	1206.25
715.01	1183.73
715.19	1196.01
715.38	1185.77
715.56	1196.01
715.74	1128.43
715.92	1253.36
716.11	1275.88
716.29	1181.68
716.47	1153.01
716.65	1132.53
716.84	1200.11
717.02	1249.26
717.20	1169.39
717.38	1214.45
717.57	1142.77
717.75	1142.77
717.93	1112.05
718.11	1245.16
718.30	1216.49
718.48	1196.01
718.66	1257.45
718.84	1165.29
719.03	1206.25
719.21	1210.35
719.39	1175.53
719.57	1187.82
719.75	1138.67
719.94	1150.96
720.12	1212.40
720.30	1179.63
720.48	1153.01
720.67	1148.91
720.85	1179.63
721.03	1116.14
721.21	1187.82
721.39	1200.11
721.58	1150.96
721.76	1189.87
721.94	1200.11
722.12	1239.02
722.30	1165.29
722.49	1196.01
722.67	1218.54
722.85	1148.91
723.03	1167.34
723.21	1247.21
723.40	1142.77
723.58	1196.01
723.76	1222.64
723.94	1191.92
724.12	1220.59
724.30	1187.82
724.49	1179.63
724.67	1193.97
724.85	1243.12
725.03	1218.54
725.21	1103.86
725.40	1144.81
725.58	1232.88
725.76	1232.88
725.94	1204.21
726.12	1148.91
726.30	1212.40
726.49	1222.64
726.67	1230.83
726.85	1155.05
727.03	1204.21
727.21	1181.68
727.39	1171.44
727.57	1204.21
727.76	1169.39
727.94	1218.54
728.12	1155.05
728.30	1167.34
728.48	1163.25
728.66	1206.25
728.84	1185.77
729.03	1253.36
729.21	1204.21
729.39	1169.39
729.57	1150.96
729.75	1167.34
729.93	1216.49
730.11	1198.06
730.30	1085.42
730.48	1269.74
730.66	1179.63
730.84	1198.06
731.02	1159.15
731.20	1148.91
731.38	1163.25
731.56	1146.86
731.74	1171.44
731.93	1214.45
732.11	1228.78
732.29	1183.73
732.47	1181.68
732.65	1214.45
732.83	1179.63
733.01	1179.63
733.19	1142.77
733.37	1208.30
733.56	1185.77
733.74	1208.30
733.92	1214.45
734.10	1163.25
734.28	1161.20
734.46	1236.97
734.64	1257.45
734.82	1167.34
735.00	1208.30
735.18	1136.62
735.36	1220.59
735.54	1212.40
735.73	1140.72
735.91	1216.49
736.09	1177.58
736.27	1191.92
736.45	1181.68
736.63	1193.97
736.81	1214.45
736.99	1206.25
737.17	1081.33
737.35	1159.15
737.53	1171.44
737.71	1214.45
737.89	1196.01
738.07	1175.53
738.25	1171.44
738.43	1163.25
738.61	1232.88
738.80	1169.39
738.98	1189.87
739.16	1193.97
739.34	1191.92
739.52	1208.30
739.70	1179.63
739.88	1167.34
740.06	1185.77
740.24	1243.12
740.42	1163.25
740.60	1157.10
740.78	1155.05
740.96	1110.00
741.14	1241.07
741.32	1134.57
741.50	1159.15
741.68	1165.29
741.86	1155.05
742.04	1245.16
742.22	1185.77
742.40	1212.40
742.58	1179.63
742.76	1206.25
742.94	1132.53
743.12	1181.68
743.30	1204.21
743.48	1253.36
743.66	1138.67
743.84	1136.62
744.02	1232.88
744.20	1183.73
744.38	1114.10
744.56	1216.49
744.74	1132.53
744.92	1208.30
745.10	1206.25
745.28	1245.16
745.46	1128.43
745.64	1175.53
745.82	1200.11
746.00	1177.58
746.18	1241.07
746.36	1153.01
746.54	1136.62
746.72	1220.59
746.90	1218.54
747.08	1155.05
747.26	1224.69
747.44	1134.57
747.62	1239.02
747.80	1214.45
747.98	1208.30
748.15	1222.64
748.33	1150.96
748.51	1226.73
748.69	1173.49
748.87	1196.01
749.05	1159.15
749.23	1216.49
749.41	1196.01
749.59	1204.21
749.77	1163.25
749.95	1241.07
750.13	1148.91
750.31	1193.97
750.49	1173.49
750.67	1140.72
750.85	1218.54
751.03	1175.53
751.20	1161.20
751.38	1167.34
751.56	1130.48
751.74	1181.68
751.92	1183.73
752.10	1179.63
752.28	1220.59
752.46	1232.88
752.64	1198.06
752.82	1220.59
753.00	1183.73
753.18	1273.84
753.35	1230.83
753.53	1155.05
753.71	1128.43
753.89	1179.63
754.07	1173.49
754.25	1224.69
754.43	1177.58
754.61	1230.83
754.79	1282.03
754.97	1198.06
755.14	1161.20
755.32	1210.35
755.50	1175.53
755.68	1210.35
755.86	1208.30
756.04	1214.45
756.22	1153.01
756.40	1208.30
756.57	1136.62
756.75	1150.96
756.93	1255.40
757.11	1185.77
757.29	1200.11
757.47	1196.01
757.65	1183.73
757.82	1099.76
758.00	1183.73
758.18	1116.14
758.36	1257.45
758.54	1187.82
758.72	1150.96
758.90	1200.11
759.07	1169.39
759.25	1232.88
759.43	1230.83
759.61	1183.73
759.79	1157.10
759.97	1224.69
760.15	1155.05
760.32	1150.96
760.50	1220.59
760.68	1189.87
760.86	1159.15
761.04	1173.49
761.22	1142.77
761.39	1202.16
761.57	1183.73
761.75	1198.06
761.93	1148.91
762.11	1183.73
762.28	1222.64
762.46	1239.02
762.64	1228.78
762.82	1167.34
763.00	1257.45
763.18	1167.34
763.35	1179.63
763.53	1177.58
763.71	1191.92
763.89	1189.87
764.07	1185.77
764.24	1198.06
764.42	1187.82
764.60	1191.92
764.78	1216.49
764.96	1183.73
765.13	1189.87
765.31	1200.11
765.49	1279.98
765.67	1212.40
765.84	1173.49
766.02	1200.11
766.20	1171.44
766.38	1191.92
766.56	1189.87
766.73	1169.39
766.91	1230.83
767.09	1239.02
767.27	1181.68
767.44	1101.81
767.62	1236.97
767.80	1218.54
767.98	1144.81
768.15	1165.29
768.33	1255.40
768.51	1173.49
768.69	1126.38
768.87	1150.96
769.04	1163.25
769.22	1222.64
769.40	1173.49
769.58	1222.64
769.75	1155.05
769.93	1245.16
770.11	1140.72
770.28	1146.86
770.46	1228.78
770.64	1208.30
770.82	1196.01
770.99	1216.49
771.17	1210.35
771.35	1212.40
771.53	1257.45
771.70	1183.73
771.88	1185.77
772.06	1208.30
772.23	1183.73
772.41	1179.63
772.59	1210.35
772.77	1173.49
772.94	1228.78
773.12	1161.20
773.30	1169.39
773.47	1167.34
773.65	1179.63
773.83	1220.59
774.01	1153.01
774.18	1142.77
774.36	1144.81
774.54	1163.25
774.71	1202.16
774.89	1163.25
775.07	1173.49
775.24	1200.11
775.42	1247.21
775.60	1191.92
775.78	1251.31
775.95	1146.86
776.13	1148.91
776.31	1112.05
776.48	1138.67
776.66	1239.02
776.84	1247.21
777.01	1165.29
777.19	1216.49
777.37	1132.53
777.54	1183.73
777.72	1249.26
777.90	1234.93
778.07	1193.97
778.25	1175.53
778.43	1271.79
778.60	1177.58
778.78	1198.06
778.96	1183.73
779.13	1183.73
779.31	1251.31
779.49	1181.68
779.66	1150.96
779.84	1181.68
780.01	1165.29
780.19	1187.82
780.37	1257.45
780.54	1136.62
780.72	1187.82
780.90	1212.40
781.07	1212.40
781.25	1218.54
781.43	1181.68
781.60	1228.78
781.78	1183.73
781.95	1193.97
782.13	1185.77
782.31	1185.77
782.48	1107.95
782.66	1196.01
782.83	1226.73
783.01	1200.11
783.19	1255.40
783.36	1236.97
783.54	1150.96
783.72	1165.29
783.89	1212.40
784.07	1206.25
784.24	1167.34
784.42	1144.81
784.60	1183.73
784.77	1175.53
784.95	1196.01
785.12	1226.73
785.30	1159.15
785.47	1214.45
785.65	1191.92
785.83	1243.12
786.00	1185.77
786.18	1257.45
786.35	1114.10
786.53	1239.02
786.71	1161.20
786.88	1157.10
787.06	1167.34
787.23	1175.53
787.41	1247.21
787.58	1134.57
787.76	1128.43
787.94	1153.01
788.11	1185.77
788.29	1163.25
788.46	1210.35
788.64	1155.05
788.81	1196.01
788.99	1177.58
789.16	1185.77
789.34	1163.25
789.52	1177.58
789.69	1216.49
789.87	1226.73
790.04	1169.39
790.22	1175.53
790.39	1181.68
790.57	1155.05
790.74	1126.38
790.92	1239.02
791.09	1181.68
791.27	1222.64
791.44	1187.82
791.62	1136.62
791.79	1200.11
791.97	1202.16
792.15	1171.44
792.32	1165.29
792.50	1198.06
792.67	1169.39
792.85	1204.21
793.02	1187.82
793.20	1187.82
793.37	1222.64
793.55	1120.24
793.72	1169.39
793.90	1245.16
794.07	1136.62
794.25	1146.86
794.42	1179.63
794.60	1253.36
794.77	1257.45
794.95	1232.88
795.12	1132.53
795.30	1228.78
795.47	1226.73
795.65	1130.48
795.82	1105.90
796.00	1175.53
796.17	1105.90
796.34	1241.07
796.52	1157.10
796.69	1198.06
796.87	1212.40
797.04	1175.53
797.22	1118.19
797.39	1173.49
797.57	1177.58
797.74	1204.21
797.92	1175.53
798.09	1163.25
798.27	1181.68
798.44	1230.83
798.62	1146.86
798.79	1247.21
798.96	1234.93
799.14	1153.01
799.31	1181.68
799.49	1161.20
799.66	1193.97
799.84	1181.68
800.01	1196.01
800.19	1191.92
800.36	1228.78
800.53	1204.21
800.71	1181.68
800.88	1196.01
801.06	1204.21
801.23	1259.50
801.41	1193.97
801.58	1173.49
801.75	1150.96
801.93	1202.16
802.10	1132.53
802.28	1236.97
802.45	1155.05
802.63	1187.82
802.80	1193.97
802.97	1140.72
803.15	1159.15
803.32	1202.16
803.50	1228.78
803.67	1234.93
803.84	1216.49
804.02	1169.39
804.19	1153.01
804.37	1148.91
804.54	1177.58
804.71	1175.53
804.89	1224.69
805.06	1179.63
805.24	1140.72
805.41	1239.02
805.58	1161.20
805.76	1200.11
805.93	1179.63
806.10	1142.77
806.28	1210.35
806.45	1179.63
806.63	1136.62
806.80	1187.82
806.97	1196.01
807.15	1214.45
807.32	1218.54
807.49	1167.34
807.67	1153.01
807.84	1196.01
808.01	1193.97
808.19	1138.67
808.36	1150.96
808.54	1110.00
808.71	1191.92
808.88	1232.88
809.06	1157.10
809.23	1234.93
809.40	1210.35
809.58	1216.49
809.75	1265.64
809.92	1249.26
810.10	1216.49
810.27	1212.40
810.44	1220.59
810.62	1181.68
810.79	1134.57
810.96	1163.25
811.14	1150.96
811.31	1165.29
811.48	1191.92
811.66	1189.87
811.83	1136.62
812.00	1273.84
812.18	1134.57
812.35	1212.40
812.52	1173.49
812.69	1171.44
812.87	1126.38
813.04	1200.11
813.21	1206.25
813.39	1148.91
813.56	1187.82
813.73	1198.06
813.91	1148.91
814.08	1185.77
814.25	1200.11
814.42	1150.96
814.60	1171.44
814.77	1140.72
814.94	1183.73
815.12	1220.59
815.29	1208.30
815.46	1150.96
815.63	1179.63
815.81	1202.16
815.98	1126.38
816.15	1224.69
816.33	1216.49
816.50	1196.01
816.67	1087.47
816.84	1214.45
817.02	1198.06
817.19	1232.88
817.36	1236.97
817.53	1212.40
817.71	1245.16
817.88	1245.16
818.05	1150.96
818.22	1155.05
818.40	1196.01
818.57	1220.59
818.74	1185.77
818.91	1159.15
819.09	1146.86
819.26	1150.96
819.43	1148.91
819.60	1175.53
819.78	1140.72
819.95	1142.77
820.12	1204.21
820.29	1173.49
820.47	1196.01
820.64	1202.16
820.81	1163.25
820.98	1216.49
821.15	1200.11
821.33	1144.81
821.50	1112.05
821.67	1173.49
821.84	1230.83
822.02	1157.10
822.19	1138.67
822.36	1204.21
822.53	1171.44
822.70	1110.00
822.88	1165.29
823.05	1216.49
823.22	1228.78
823.39	1191.92
823.56	1185.77
823.74	1196.01
823.91	1196.01
824.08	1126.38
824.25	1218.54
824.42	1241.07
824.60	1173.49
824.77	1185.77
824.94	1187.82
825.11	1171.44
825.28	1193.97
825.45	1200.11
825.63	1144.81
825.80	1179.63
825.97	1245.16
826.14	1196.01
826.31	1196.01
826.48	1198.06
826.66	1165.29
826.83	1204.21
827.00	1200.11
827.17	1198.06
827.34	1116.14
827.51	1222.64
827.69	1196.01
827.86	1148.91
828.03	1198.06
828.20	1175.53
828.37	1236.97
828.54	1146.86
828.71	1185.77
828.89	1198.06
829.06	1226.73
829.23	1224.69
829.40	1155.05
829.57	1126.38
829.74	1163.25
829.91	1220.59
830.09	1208.30
830.26	1159.15
830.43	1181.68
830.60	1224.69
830.77	1167.34
830.94	1187.82
831.11	1171.44
831.28	1204.21
831.46	1124.33
831.63	1183.73
831.80	1177.58
831.97	1189.87
832.14	1146.86
832.31	1181.68
832.48	1171.44
832.65	1222.64
832.82	1214.45
832.99	1159.15
833.17	1173.49
833.34	1185.77
833.51	1150.96
833.68	1107.95
833.85	1218.54
834.02	1220.59
834.19	1165.29
834.36	1093.62
834.53	1112.05
834.70	1167.34
834.87	1196.01
835.04	1157.10
835.22	1163.25
835.39	1159.15
835.56	1175.53
835.73	1214.45
835.90	1122.29
836.07	1204.21
836.24	1245.16
836.41	1228.78
836.58	1228.78
836.75	1140.72
836.92	1212.40
837.09	1165.29
837.26	1208.30
837.43	1189.87
837.60	1167.34
837.77	1175.53
837.94	1255.40
838.12	1193.97
838.29	1193.97
838.46	1163.25
838.63	1200.11
838.80	1191.92
838.97	1146.86
839.14	1175.53
839.31	1212.40
839.48	1126.38
839.65	1146.86
839.82	1220.59
839.99	1204.21
840.16	1187.82
840.33	1253.36
840.50	1150.96
840.67	1200.11
840.84	1210.35
841.01	1146.86
841.18	1187.82
841.35	1224.69
841.52	1212.40
841.69	1144.81
841.86	1216.49
842.03	1218.54
842.20	1200.11
842.37	1148.91
842.54	1208.30
842.71	1157.10
842.88	1118.19
843.05	1183.73
843.22	1155.05
843.39	1118.19
843.56	1193.97
843.73	1200.11
843.90	1230.83
844.07	1267.69
844.24	1226.73
844.41	1144.81
844.58	1187.82
844.75	1189.87
844.92	1148.91
845.09	1185.77
845.26	1144.81
845.43	1153.01
845.60	1171.44
845.77	1200.11
845.94	1236.97
846.10	1257.45
846.27	1146.86
846.44	1134.57
846.61	1191.92
846.78	1185.77
846.95	1130.48
847.12	1218.54
847.29	1163.25
847.46	1224.69
847.63	1130.48
847.80	1173.49
847.97	1189.87
848.14	1200.11
848.31	1173.49
848.48	1204.21
848.65	1173.49
848.82	1118.19
848.98	1220.59
849.15	1167.34
849.32	1239.02
849.49	1140.72
849.66	1212.40
849.83	1118.19
850.00	1191.92
850.17	1159.15
850.34	1253.36
850.51	1310.70
850.68	1130.48
850.85	1150.96
851.01	1249.26
851.18	1198.06
851.35	1200.11
851.52	1175.53
851.69	1196.01
851.86	1191.92
852.03	1208.30
852.20	1165.29
852.37	1146.86
852.53	1183.73
852.70	1198.06
852.87	1239.02
853.04	1146.86
853.21	1220.59
853.38	1167.34
853.55	1181.68
853.72	1173.49
853.89	1255.40
854.05	1218.54
854.22	1126.38
854.39	1179.63
854.56	1153.01
854.73	1173.49
854.90	1241.07
855.07	1226.73
855.23	1130.48
855.40	1236.97
855.57	1146.86
855.74	1163.25
855.91	1175.53
856.08	1241.07
856.25	1153.01
856.41	1187.82
856.58	1163.25
856.75	1146.86
856.92	1095.66
857.09	1200.11
857.26	1173.49
857.42	1161.20
857.59	1163.25
857.76	1150.96
857.93	1191.92
858.10	1138.67
858.27	1206.25
858.43	1208.30
858.60	1153.01
858.77	1206.25
858.94	1122.29
859.11	1232.88
859.27	1171.44
859.44	1159.15
859.61	1185.77
859.78	1150.96
859.95	1157.10
860.12	1232.88
860.28	1153.01
860.45	1224.69
860.62	1210.35
860.79	1193.97
860.95	1216.49
861.12	1191.92
861.29	1153.01
861.46	1196.01
861.63	1196.01
861.79	1165.29
861.96	1177.58
862.13	1243.12
862.30	1179.63
862.47	1155.05
862.63	1169.39
862.80	1159.15
862.97	1105.90
863.14	1191.92
863.30	1150.96
863.47	1161.20
863.64	1193.97
863.81	1132.53
863.97	1189.87
864.14	1232.88
864.31	1183.73
864.48	1241.07
864.65	1187.82
864.81	1218.54
864.98	1191.92
865.15	1175.53
865.32	1198.06
865.48	1173.49
865.65	1124.33
865.82	1251.31
865.98	1122.29
866.15	1179.63
866.32	1259.50
866.49	1208.30
866.65	1202.16
866.82	1200.11
866.99	1228.78
867.16	1150.96
867.32	1167.34
867.49	1120.24
867.66	1175.53
867.83	1263.60
867.99	1208.30
868.16	1185.77
868.33	1191.92
868.49	1273.84
868.66	1155.05
868.83	1206.25
868.99	1198.06
869.16	1181.68
869.33	1208.30
869.50	1210.35
869.66	1142.77
869.83	1173.49
870.00	1208.30
870.16	1261.55
870.33	1191.92
870.50	1230.83
870.66	1220.59
870.83	1200.11
871.00	1200.11
871.17	1114.10
871.33	1155.05
871.50	1157.10
871.67	1161.20
871.83	1206.25
872.00	1142.77
872.17	1144.81
872.33	1153.01
872.50	1216.49
872.67	1138.67
872.83	1212.40
873.00	1200.11
873.17	1214.45
873.33	1322.99
873.50	1122.29
873.67	1185.77
873.83	1157.10
874.00	1171.44
874.16	1167.34
874.33	1177.58
874.50	1198.06
874.66	1175.53
874.83	1189.87
875.00	1224.69
875.16	1255.40
875.33	1247.21
875.50	1206.25
875.66	1200.11
875.83	1220.59
875.99	1226.73
876.16	1236.97
876.33	1239.02
876.49	1234.93
876.66	1134.57
876.83	1181.68
876.99	1171.44
877.16	1161.20
877.32	1181.68
877.49	1206.25
877.66	1202.16
877.82	1234.93
877.99	1261.55
878.15	1136.62
878.32	1243.12
878.49	1183.73
878.65	1241.07
878.82	1193.97
878.98	1148.91
879.15	1155.05
879.32	1214.45
879.48	1228.78
879.65	1210.35
879.81	1216.49
879.98	1261.55
880.15	1228.78
880.31	1165.29
880.48	1157.10
880.64	1103.86
880.81	1247.21
880.97	1224.69
881.14	1181.68
881.31	1081.33
881.47	1271.79
881.64	1138.67
881.80	1208.30
881.97	1112.05
882.13	1183.73
882.30	1187.82
882.47	1189.87
882.63	1089.52
882.80	1173.49
882.96	1222.64
883.13	1204.21
883.29	1249.26
883.46	1187.82
883.62	1177.58
883.79	1224.69
883.95	1210.35
884.12	1128.43
884.29	1169.39
884.45	1198.06
884.62	1216.49
884.78	1198.06
884.95	1130.48
885.11	1236.97
885.28	1247.21
885.44	1212.40
885.61	1218.54
885.77	1177.58
885.94	1171.44
886.10	1212.40
886.27	1103.86
886.43	1175.53
886.60	1202.16
886.76	1228.78
886.93	1173.49
887.09	1175.53
887.26	1261.55
887.42	1216.49
887.59	1155.05
887.75	1157.10
887.92	1206.25
888.08	1187.82
888.25	1138.67
888.41	1232.88
888.58	1183.73
888.74	1189.87
888.91	1265.64
