177.47	1161.20
177.69	1161.20
177.91	1161.20
178.13	1122.29
178.36	1064.94
178.58	1249.26
178.80	1193.97
179.02	1196.01
179.24	1159.15
179.46	1187.82
179.68	1200.11
179.90	1179.63
180.13	1204.21
180.35	1124.33
180.57	1189.87
180.79	1232.88
181.01	1216.49
181.23	1157.10
181.45	1187.82
181.67	1091.57
181.90	1255.40
182.12	1138.67
182.34	1099.76
182.56	1167.34
182.78	1193.97
183.00	1159.15
183.22	1222.64
183.44	1157.10
183.66	1091.57
183.89	1159.15
184.11	1177.58
184.33	1167.34
184.55	1181.68
184.77	1159.15
184.99	1230.83
185.21	1230.83
185.43	1179.63
185.65	1146.86
185.87	1185.77
186.10	1175.53
186.32	1171.44
186.54	1150.96
186.76	1110.00
186.98	1134.57
187.20	1232.88
187.42	1196.01
187.64	1142.77
187.86	1200.11
188.08	1173.49
188.30	1093.62
188.52	1224.69
188.75	1175.53
188.97	1148.91
189.19	1185.77
189.41	1193.97
189.63	1191.92
189.85	1132.53
190.07	1200.11
190.29	1163.25
190.51	1200.11
190.73	1128.43
190.95	1181.68
191.17	1157.10
191.39	1204.21
191.61	1150.96
191.84	1155.05
192.06	1206.25
192.28	1093.62
192.50	1155.05
192.72	1193.97
192.94	1181.68
193.16	1241.07
193.38	1200.11
193.60	1175.53
193.82	1116.14
194.04	1165.29
194.26	1122.29
194.48	1253.36
194.70	1146.86
194.92	1163.25
195.14	1216.49
195.36	1083.38
195.58	1191.92
195.80	1204.21
196.02	1157.10
196.24	1150.96
196.46	1132.53
196.69	1220.59
196.91	1155.05
197.13	1212.40
197.35	1169.39
197.57	1173.49
197.79	1216.49
198.01	1177.58
198.23	1175.53
198.45	1107.95
198.67	1220.59
198.89	1134.57
199.11	1153.01
199.33	1198.06
199.55	1224.69
199.77	1175.53
199.99	1185.77
200.21	1200.11
200.43	1239.02
200.65	1226.73
200.87	1200.11
201.09	1191.92
201.31	1140.72
201.53	1196.01
201.75	1224.69
201.97	1161.20
202.19	1218.54
202.41	1198.06
202.63	1226.73
202.85	1163.25
203.07	1198.06
203.29	1132.53
203.51	1251.31
203.73	1169.39
203.95	1167.34
204.17	1136.62
204.39	1173.49
204.61	1189.87
204.83	1124.33
205.05	1114.10
205.27	1163.25
205.49	1200.11
205.71	1175.53
205.93	1187.82
206.15	1112.05
206.37	1161.20
206.59	1177.58
206.81	1222.64
207.03	1140.72
207.25	1148.91
207.47	1153.01
207.69	1130.48
207.91	1185.77
208.13	1243.12
208.34	1196.01
208.56	1193.97
208.78	1185.77
209.00	1198.06
209.22	1212.40
209.44	1144.81
209.66	1173.49
209.88	1216.49
210.10	1191.92
210.32	1148.91
210.54	1177.58
210.76	1157.10
210.98	1181.68
211.20	1177.58
211.42	1167.34
211.64	1210.35
211.86	1142.77
212.08	1191.92
212.30	1230.83
212.52	1243.12
212.74	1257.45
212.96	1245.16
213.17	1134.57
213.39	1191.92
213.61	1187.82
213.83	1204.21
214.05	1224.69
214.27	1175.53
214.49	1167.34
214.71	1185.77
214.93	1138.67
215.15	1245.16
215.37	1181.68
215.59	1167.34
215.81	1175.53
216.03	1140.72
216.24	1187.82
216.46	1253.36
216.68	1099.76
216.90	1175.53
217.12	1220.59
217.34	1101.81
217.56	1177.58
217.78	1228.78
218.00	1142.77
218.22	1114.10
218.44	1132.53
218.66	1224.69
218.87	1191.92
219.09	1148.91
219.31	1165.29
219.53	1122.29
219.75	1157.10
219.97	1216.49
220.19	1175.53
220.41	1161.20
220.63	1208.30
220.85	1101.81
221.06	1091.57
221.28	1134.57
221.50	1159.15
221.72	1191.92
221.94	1200.11
222.16	1230.83
222.38	1204.21
222.60	1198.06
222.82	1208.30
223.03	1193.97
223.25	1179.63
223.47	1204.21
223.69	1140.72
223.91	1169.39
224.13	1222.64
224.35	1173.49
224.57	1161.20
224.78	1157.10
225.00	1173.49
225.22	1183.73
225.44	1150.96
225.66	1138.67
225.88	1153.01
226.10	1124.33
226.32	1193.97
226.53	1183.73
226.75	1169.39
226.97	1206.25
227.19	1204.21
227.41	1198.06
227.63	1220.59
227.85	1126.38
228.06	1157.10
228.28	1208.30
228.50	1167.34
228.72	1105.90
228.94	1148.91
229.16	1261.55
229.37	1128.43
229.59	1191.92
229.81	1150.96
230.03	1193.97
230.25	1175.53
230.47	1103.86
230.69	1146.86
230.90	1202.16
231.12	1165.29
231.34	1191.92
231.56	1232.88
231.78	1153.01
232.00	1155.05
232.21	1103.86
232.43	1148.91
232.65	1196.01
232.87	1142.77
233.09	1110.00
233.30	1239.02
233.52	1136.62
233.74	1124.33
233.96	1169.39
234.18	1112.05
234.40	1167.34
234.61	1175.53
234.83	1159.15
235.05	1236.97
235.27	1150.96
235.49	1222.64
235.70	1046.51
235.92	1110.00
236.14	1216.49
236.36	1153.01
236.58	1146.86
236.79	1191.92
237.01	1138.67
237.23	1198.06
237.45	1136.62
237.67	1146.86
237.88	1165.29
238.10	1212.40
238.32	1122.29
238.54	1196.01
238.76	1167.34
238.97	1222.64
239.19	1175.53
239.41	1177.58
239.63	1218.54
239.85	1173.49
240.06	1142.77
240.28	1130.48
240.50	1073.14
240.72	1155.05
240.93	1175.53
241.15	1189.87
241.37	1165.29
241.59	1193.97
241.81	1204.21
242.02	1167.34
242.24	1181.68
242.46	1183.73
242.68	1177.58
242.89	1196.01
243.11	1169.39
243.33	1173.49
243.55	1167.34
243.76	1220.59
243.98	1187.82
244.20	1110.00
244.42	1196.01
244.64	1169.39
244.85	1167.34
245.07	1239.02
245.29	1159.15
245.51	1161.20
245.72	1191.92
245.94	1157.10
246.16	1110.00
246.38	1134.57
246.59	1191.92
246.81	1206.25
247.03	1163.25
247.24	1163.25
247.46	1185.77
247.68	1165.29
247.90	1193.97
248.11	1136.62
248.33	1134.57
248.55	1222.64
248.77	1218.54
248.98	1157.10
249.20	1134.57
249.42	1232.88
249.64	1136.62
249.85	1232.88
250.07	1144.81
250.29	1212.40
250.50	1167.34
250.72	1173.49
250.94	1150.96
251.16	1212.40
251.37	1118.19
251.59	1122.29
251.81	1236.97
252.02	1169.39
252.24	1146.86
252.46	1202.16
252.68	1187.82
252.89	1132.53
253.11	1245.16
253.33	1189.87
253.54	1165.29
253.76	1155.05
253.98	1132.53
254.20	1155.05
254.41	1155.05
254.63	1234.93
254.85	1208.30
255.06	1148.91
255.28	1196.01
255.50	1167.34
255.71	1171.44
255.93	1161.20
256.15	1181.68
256.36	1187.82
256.58	1179.63
256.80	1157.10
257.02	1181.68
257.23	1157.10
257.45	1179.63
257.67	1169.39
257.88	1253.36
258.10	1165.29
258.32	1085.42
258.53	1214.45
258.75	1130.48
258.97	1097.71
259.18	1112.05
259.40	1187.82
259.62	1243.12
259.83	1247.21
260.05	1124.33
260.27	1167.34
260.48	1118.19
260.70	1110.00
260.92	1095.66
261.13	1196.01
261.35	1169.39
261.57	1136.62
261.78	1157.10
262.00	1206.25
262.22	1243.12
262.43	1198.06
262.65	1161.20
262.86	1216.49
263.08	1200.11
263.30	1239.02
263.51	1181.68
263.73	1200.11
263.95	1179.63
264.16	1263.60
264.38	1140.72
264.60	1165.29
264.81	1126.38
265.03	1218.54
265.25	1132.53
265.46	1216.49
265.68	1189.87
265.89	1230.83
266.11	1173.49
266.33	1114.10
266.54	1179.63
266.76	1224.69
266.98	1155.05
267.19	1224.69
267.41	1146.86
267.62	1245.16
267.84	1200.11
268.06	1159.15
268.27	1220.59
268.49	1146.86
268.70	1193.97
268.92	1155.05
269.14	1181.68
269.35	1128.43
269.57	1079.28
269.79	1230.83
270.00	1155.05
270.22	1175.53
270.43	1171.44
270.65	1187.82
270.87	1157.10
271.08	1138.67
271.30	1155.05
271.51	1189.87
271.73	1144.81
271.95	1110.00
272.16	1171.44
272.38	1255.40
272.59	1136.62
272.81	1208.30
273.02	1181.68
273.24	1218.54
273.46	1185.77
273.67	1124.33
273.89	1157.10
274.10	1183.73
274.32	1191.92
274.54	1181.68
274.75	1167.34
274.97	1187.82
275.18	1179.63
275.40	1232.88
275.61	1163.25
275.83	1173.49
276.05	1218.54
276.26	1245.16
276.48	1110.00
276.69	1189.87
276.91	1173.49
277.12	1122.29
277.34	1232.88
277.55	1150.96
277.77	1208.30
277.99	1155.05
278.20	1173.49
278.42	1118.19
278.63	1200.11
278.85	1150.96
279.06	1179.63
279.28	1189.87
279.49	1181.68
279.71	1193.97
279.93	1228.78
280.14	1185.77
280.36	1232.88
280.57	1157.10
280.79	1230.83
281.00	1148.91
281.22	1282.03
281.43	1191.92
281.65	1105.90
281.86	1081.33
282.08	1212.40
282.29	1208.30
282.51	1091.57
282.73	1148.91
282.94	1167.34
283.16	1179.63
283.37	1146.86
283.59	1193.97
283.80	1245.16
284.02	1191.92
284.23	1222.64
284.45	1181.68
284.66	1191.92
284.88	1120.24
285.09	1183.73
285.31	1193.97
285.52	1202.16
285.74	1132.53
285.95	1165.29
286.17	1181.68
286.38	1083.38
286.60	1175.53
286.81	1142.77
287.03	1157.10
287.24	1220.59
287.46	1251.31
287.67	1159.15
287.89	1165.29
288.10	1183.73
288.32	1208.30
288.53	1212.40
288.75	1134.57
288.96	1161.20
289.18	1191.92
289.39	1193.97
289.61	1208.30
289.82	1196.01
290.04	1167.34
290.25	1187.82
290.47	1218.54
290.68	1183.73
290.90	1175.53
291.11	1148.91
291.33	1163.25
291.54	1216.49
291.76	1193.97
291.97	1204.21
292.18	1161.20
292.40	1169.39
292.61	1161.20
292.83	1218.54
293.04	1220.59
293.26	1142.77
293.47	1179.63
293.69	1126.38
293.90	1134.57
294.12	1157.10
294.33	1157.10
294.55	1177.58
294.76	1177.58
294.97	1157.10
295.19	1132.53
295.40	1204.21
295.62	1159.15
295.83	1191.92
296.05	1216.49
296.26	1173.49
296.48	1204.21
296.69	1136.62
296.90	1130.48
297.12	1200.11
297.33	1150.96
297.55	1150.96
297.76	1142.77
297.98	1101.81
298.19	1204.21
298.41	1161.20
298.62	1216.49
298.83	1144.81
299.05	1091.57
299.26	1210.35
299.48	1177.58
299.69	1210.35
299.90	1157.10
300.12	1206.25
300.33	1161.20
300.55	1212.40
300.76	1126.38
300.98	1251.31
301.19	1153.01
301.40	1189.87
301.62	1208.30
301.83	1193.97
302.05	1118.19
302.26	1200.11
302.47	1210.35
302.69	1243.12
302.90	1132.53
303.12	1173.49
303.33	1118.19
303.54	1181.68
303.76	1183.73
303.97	1114.10
304.19	1249.26
304.40	1232.88
304.61	1181.68
304.83	1128.43
305.04	1142.77
305.26	1136.62
305.47	1206.25
305.68	1148.91
305.90	1183.73
306.11	1171.44
306.33	1181.68
306.54	1153.01
306.75	1169.39
306.97	1167.34
307.18	1257.45
307.39	1191.92
307.61	1144.81
307.82	1183.73
308.04	1150.96
308.25	1173.49
308.46	1200.11
308.68	1300.46
308.89	1185.77
309.10	1144.81
309.32	1155.05
309.53	1165.29
309.74	1173.49
309.96	1153.01
310.17	1148.91
310.39	1132.53
310.60	1155.05
310.81	1116.14
311.03	1167.34
311.24	1259.50
311.45	1173.49
311.67	1148.91
311.88	1185.77
312.09	1159.15
312.31	1173.49
312.52	1230.83
312.73	1157.10
312.95	1171.44
313.16	1183.73
313.37	1095.66
313.59	1200.11
313.80	1169.39
314.01	1101.81
314.23	1245.16
314.44	1169.39
314.65	1161.20
314.87	1255.40
315.08	1124.33
315.29	1220.59
315.51	1163.25
315.72	1204.21
315.93	1177.58
316.15	1212.40
316.36	1142.77
316.57	1200.11
316.79	1245.16
317.00	1198.06
317.21	1157.10
317.43	1226.73
317.64	1210.35
317.85	1126.38
318.07	1130.48
318.28	1220.59
318.49	1165.29
318.70	1189.87
318.92	1253.36
319.13	1196.01
319.34	1150.96
319.56	1157.10
319.77	1167.34
319.98	1189.87
320.20	1150.96
320.41	1236.97
320.62	1122.29
320.83	1212.40
321.05	1173.49
321.26	1153.01
321.47	1144.81
321.69	1232.88
321.90	1187.82
322.11	1191.92
322.32	1216.49
322.54	1224.69
322.75	1144.81
322.96	1206.25
323.18	1157.10
323.39	1181.68
323.60	1130.48
323.81	1132.53
324.03	1191.92
324.24	1177.58
324.45	1130.48
324.66	1169.39
324.88	1232.88
325.09	1253.36
325.30	1196.01
325.52	1263.60
325.73	1163.25
325.94	1179.63
326.15	1196.01
326.37	1093.62
326.58	1222.64
326.79	1079.28
327.00	1196.01
327.22	1159.15
327.43	1200.11
327.64	1212.40
327.85	1253.36
328.07	1148.91
328.28	1187.82
328.49	1144.81
328.70	1177.58
328.92	1175.53
329.13	1187.82
329.34	1155.05
329.55	1144.81
329.76	1173.49
329.98	1236.97
330.19	1181.68
330.40	1187.82
330.61	1159.15
330.83	1177.58
331.04	1085.42
331.25	1226.73
331.46	1105.90
331.68	1206.25
331.89	1189.87
332.10	1167.34
332.31	1208.30
332.52	1159.15
332.74	1105.90
332.95	1136.62
333.16	1167.34
333.37	1146.86
333.58	1144.81
333.80	1159.15
334.01	1126.38
334.22	1163.25
334.43	1097.71
334.64	1212.40
334.86	1167.34
335.07	1148.91
335.28	1191.92
335.49	1253.36
335.70	1114.10
335.92	1159.15
336.13	1185.77
336.34	1196.01
336.55	1196.01
336.76	1167.34
336.98	1204.21
337.19	1210.35
337.40	1167.34
337.61	1234.93
337.82	1208.30
338.04	1148.91
338.25	1103.86
338.46	1093.62
338.67	1269.74
338.88	1214.45
339.09	1216.49
339.31	1204.21
339.52	1148.91
339.73	1132.53
339.94	1275.88
340.15	1185.77
340.36	1073.14
340.58	1161.20
340.79	1247.21
341.00	1175.53
341.21	1157.10
341.42	1196.01
341.63	1196.01
341.85	1107.95
342.06	1241.07
342.27	1159.15
342.48	1222.64
342.69	1130.48
342.90	1103.86
343.12	1159.15
343.33	1249.26
343.54	1159.15
343.75	1116.14
343.96	1187.82
344.17	1267.69
344.38	1128.43
344.60	1126.38
344.81	1193.97
345.02	1155.05
345.23	1193.97
345.44	1179.63
345.65	1163.25
345.86	1200.11
346.07	1155.05
346.29	1198.06
346.50	1142.77
346.71	1134.57
346.92	1118.19
347.13	1112.05
347.34	1175.53
347.55	1157.10
347.76	1191.92
347.98	1279.98
348.19	1136.62
348.40	1208.30
348.61	1185.77
348.82	1228.78
349.03	1118.19
349.24	1202.16
349.45	1148.91
349.66	1157.10
349.88	1112.05
350.09	1136.62
350.30	1181.68
350.51	1163.25
350.72	1187.82
350.93	1206.25
351.14	1128.43
351.35	1198.06
351.56	1179.63
351.77	1167.34
351.99	1193.97
352.20	1148.91
352.41	1224.69
352.62	1163.25
352.83	1159.15
353.04	1167.34
353.25	1198.06
353.46	1206.25
353.67	1212.40
353.88	1179.63
354.09	1228.78
354.30	1116.14
354.52	1175.53
354.73	1214.45
354.94	1191.92
355.15	1128.43
355.36	1120.24
355.57	1148.91
355.78	1126.38
355.99	1126.38
356.20	1220.59
356.41	1157.10
356.62	1089.52
356.83	1220.59
357.04	1163.25
357.25	1259.50
357.46	1183.73
357.68	1128.43
357.89	1161.20
358.10	1230.83
358.31	1173.49
358.52	1185.77
358.73	1146.86
358.94	1153.01
359.15	1234.93
359.36	1114.10
359.57	1173.49
359.78	1210.35
359.99	1181.68
360.20	1148.91
360.41	1136.62
360.62	1216.49
360.83	1204.21
361.04	1116.14
361.25	1099.76
361.46	1220.59
361.67	1107.95
361.88	1181.68
362.09	1193.97
362.30	1249.26
362.51	1200.11
362.72	1206.25
362.93	1220.59
363.14	1116.14
363.35	1191.92
363.56	1167.34
363.78	1118.19
363.99	1206.25
364.20	1169.39
364.41	1245.16
364.62	1175.53
364.83	1245.16
365.04	1130.48
365.25	1110.00
365.46	1126.38
365.67	1103.86
365.88	1255.40
366.09	1142.77
366.30	1196.01
366.51	1161.20
366.72	1138.67
366.93	1196.01
367.14	1253.36
367.35	1200.11
367.56	1138.67
367.77	1177.58
367.98	1153.01
368.18	1165.29
368.39	1142.77
368.60	1200.11
368.81	1183.73
369.02	1193.97
369.23	1216.49
369.44	1191.92
369.65	1183.73
369.86	1175.53
370.07	1183.73
370.28	1193.97
370.49	1230.83
370.70	1159.15
370.91	1193.97
371.12	1150.96
371.33	1132.53
371.54	1148.91
371.75	1161.20
371.96	1144.81
372.17	1206.25
372.38	1314.80
372.59	1130.48
372.80	1159.15
373.01	1216.49
373.22	1148.91
373.43	1159.15
373.64	1099.76
373.85	1286.12
374.06	1230.83
374.26	1171.44
374.47	1167.34
374.68	1191.92
374.89	1134.57
375.10	1175.53
375.31	1179.63
375.52	1110.00
375.73	1167.34
375.94	1110.00
376.15	1191.92
376.36	1167.34
376.57	1183.73
376.78	1183.73
376.99	1144.81
377.20	1226.73
377.40	1132.53
377.61	1187.82
377.82	1167.34
378.03	1107.95
378.24	1177.58
378.45	1214.45
378.66	1110.00
378.87	1187.82
379.08	1212.40
379.29	1116.14
379.50	1118.19
379.71	1134.57
379.91	1142.77
380.12	1173.49
380.33	1177.58
380.54	1214.45
380.75	1212.40
380.96	1134.57
381.17	1134.57
381.38	1159.15
381.59	1239.02
381.80	1146.86
382.00	1220.59
382.21	1220.59
382.42	1138.67
382.63	1144.81
382.84	1140.72
383.05	1081.33
383.26	1159.15
383.47	1105.90
383.68	1200.11
383.88	1169.39
384.09	1081.33
384.30	1140.72
384.51	1153.01
384.72	1169.39
384.93	1189.87
385.14	1189.87
385.35	1191.92
385.55	1153.01
385.76	1159.15
385.97	1150.96
386.18	1187.82
386.39	1193.97
386.60	1198.06
386.81	1177.58
387.02	1218.54
387.22	1175.53
387.43	1193.97
387.64	1171.44
387.85	1171.44
388.06	1146.86
388.27	1247.21
388.48	1177.58
388.68	1214.45
388.89	1185.77
389.10	1146.86
389.31	1198.06
389.52	1282.03
389.73	1236.97
389.93	1157.10
390.14	1183.73
390.35	1224.69
390.56	1136.62
390.77	1183.73
390.98	1206.25
391.18	1236.97
391.39	1179.63
391.60	1173.49
391.81	1198.06
392.02	1146.86
392.23	1177.58
392.43	1183.73
392.64	1118.19
392.85	1132.53
393.06	1175.53
393.27	1181.68
393.47	1220.59
393.68	1196.01
393.89	1144.81
394.10	1173.49
394.31	1185.77
394.52	1159.15
394.72	1191.92
394.93	1189.87
395.14	1103.86
395.35	1093.62
395.56	1183.73
395.76	1140.72
395.97	1097.71
396.18	1148.91
396.39	1210.35
396.60	1171.44
396.80	1183.73
397.01	1228.78
397.22	1210.35
397.43	1189.87
397.64	1134.57
397.84	1155.05
398.05	1171.44
398.26	1081.33
398.47	1064.94
398.67	1212.40
398.88	1146.86
399.09	1144.81
399.30	1093.62
399.51	1144.81
399.71	1218.54
399.92	1241.07
400.13	1153.01
400.34	1142.77
400.54	1118.19
400.75	1196.01
400.96	1179.63
401.17	1181.68
401.37	1220.59
401.58	1120.24
401.79	1157.10
402.00	1187.82
402.21	1169.39
402.41	1126.38
402.62	1136.62
402.83	1259.50
403.04	1148.91
403.24	1224.69
403.45	1202.16
403.66	1181.68
403.87	1126.38
404.07	1187.82
404.28	1206.25
404.49	1208.30
404.70	1171.44
404.90	1208.30
405.11	1232.88
405.32	1126.38
405.52	1181.68
405.73	1261.55
405.94	1140.72
406.15	1165.29
406.35	1126.38
406.56	1202.16
406.77	1120.24
406.98	1165.29
407.18	1179.63
407.39	1179.63
407.60	1124.33
407.80	1187.82
408.01	1163.25
408.22	1200.11
408.43	1185.77
408.63	1173.49
408.84	1210.35
409.05	1134.57
409.25	1243.12
409.46	1167.34
409.67	1085.42
409.88	1153.01
410.08	1087.47
410.29	1179.63
410.50	1232.88
410.70	1144.81
410.91	1101.81
411.12	1181.68
411.32	1138.67
411.53	1196.01
411.74	1120.24
411.95	1148.91
412.15	1232.88
412.36	1167.34
412.57	1140.72
412.77	1189.87
412.98	1169.39
413.19	1161.20
413.39	1157.10
413.60	1200.11
413.81	1112.05
414.01	1150.96
414.22	1193.97
414.43	1177.58
414.63	1191.92
414.84	1204.21
415.05	1169.39
415.25	1128.43
415.46	1105.90
415.67	1196.01
415.87	1183.73
416.08	1116.14
416.29	1245.16
416.49	1167.34
416.70	1187.82
416.91	1183.73
417.11	1159.15
417.32	1185.77
417.53	1200.11
417.73	1138.67
417.94	1241.07
418.15	1232.88
418.35	1185.77
418.56	1181.68
418.77	1138.67
418.97	1157.10
419.18	1214.45
419.38	1222.64
419.59	1120.24
419.80	1189.87
420.00	1126.38
420.21	1169.39
420.42	1181.68
420.62	1239.02
420.83	1193.97
421.04	1191.92
421.24	1198.06
421.45	1204.21
421.65	1159.15
421.86	1185.77
422.07	1187.82
422.27	1148.91
422.48	1216.49
422.69	1175.53
422.89	1177.58
423.10	1148.91
423.30	1187.82
423.51	1153.01
423.72	1138.67
423.92	1169.39
424.13	1116.14
424.33	1226.73
424.54	1185.77
424.75	1163.25
424.95	1275.88
425.16	1196.01
425.36	1234.93
425.57	1095.66
425.78	1196.01
425.98	1161.20
426.19	1224.69
426.39	1181.68
426.60	1136.62
426.81	1259.50
427.01	1122.29
427.22	1167.34
427.42	1214.45
427.63	1230.83
427.83	1196.01
428.04	1167.34
428.25	1163.25
428.45	1224.69
428.66	1132.53
428.86	1179.63
429.07	1218.54
429.28	1093.62
429.48	1165.29
429.69	1200.11
429.89	1183.73
430.10	1085.42
430.30	1251.31
430.51	1153.01
430.71	1163.25
430.92	1181.68
431.13	1193.97
431.33	1097.71
431.54	1230.83
431.74	1179.63
431.95	1198.06
432.15	1148.91
432.36	1212.40
432.56	1124.33
432.77	1169.39
432.98	1095.66
433.18	1193.97
433.39	1128.43
433.59	1132.53
433.80	1142.77
434.00	1112.05
434.21	1136.62
434.41	1208.30
434.62	1181.68
434.82	1142.77
435.03	1181.68
435.23	1148.91
435.44	1167.34
435.64	1150.96
435.85	1191.92
436.06	1212.40
436.26	1181.68
436.47	1118.19
436.67	1177.58
436.88	1138.67
437.08	1105.90
437.29	1116.14
437.49	1167.34
437.70	1187.82
437.90	1171.44
438.11	1204.21
438.31	1066.99
438.52	1163.25
438.72	1179.63
438.93	1191.92
439.13	1204.21
439.34	1159.15
439.54	1208.30
439.75	1169.39
439.95	1126.38
440.16	1175.53
440.36	1181.68
440.57	1245.16
440.77	1247.21
440.98	1165.29
441.18	1171.44
441.39	1097.71
441.59	1130.48
441.80	1138.67
442.00	1206.25
442.21	1222.64
442.41	1175.53
442.62	1150.96
442.82	1159.15
443.02	1112.05
443.23	1187.82
443.43	1177.58
443.64	1241.07
443.84	1189.87
444.05	1175.53
444.25	1144.81
444.46	1253.36
444.66	1140.72
444.87	1204.21
445.07	1216.49
445.28	1138.67
445.48	1210.35
445.69	1173.49
445.89	1114.10
446.09	1183.73
446.30	1146.86
446.50	1150.96
446.71	1196.01
446.91	1226.73
447.12	1196.01
447.32	1183.73
447.53	1193.97
447.73	1140.72
447.93	1130.48
448.14	1150.96
448.34	1232.88
448.55	1146.86
448.75	1191.92
448.96	1138.67
449.16	1130.48
449.36	1181.68
449.57	1175.53
449.77	1161.20
449.98	1163.25
450.18	1181.68
450.39	1220.59
450.59	1167.34
450.79	1202.16
451.00	1177.58
451.20	1249.26
451.41	1183.73
451.61	1206.25
451.81	1183.73
452.02	1120.24
452.22	1198.06
452.43	1189.87
452.63	1271.79
452.84	1093.62
453.04	1214.45
453.24	1165.29
453.45	1132.53
453.65	1185.77
453.86	1331.18
454.06	1173.49
454.26	1161.20
454.47	1165.29
454.67	1208.30
454.87	1212.40
455.08	1155.05
455.28	1081.33
455.49	1177.58
455.69	1204.21
455.89	1155.05
456.10	1181.68
456.30	1177.58
456.51	1171.44
456.71	1204.21
456.91	1122.29
457.12	1204.21
457.32	1177.58
457.52	1165.29
457.73	1249.26
457.93	1177.58
458.14	1124.33
458.34	1232.88
458.54	1183.73
458.75	1171.44
458.95	1167.34
459.15	1171.44
459.36	1130.48
459.56	1161.20
459.76	1159.15
459.97	1155.05
460.17	1220.59
460.37	1120.24
460.58	1165.29
460.78	1101.81
460.99	1198.06
461.19	1153.01
461.39	1189.87
461.60	1224.69
461.80	1191.92
462.00	1261.55
462.21	1134.57
462.41	1126.38
462.61	1153.01
462.82	1271.79
463.02	1191.92
463.22	1183.73
463.43	1191.92
463.63	1198.06
463.83	1118.19
464.04	1148.91
464.24	1218.54
464.44	1193.97
464.64	1218.54
464.85	1144.81
465.05	1064.94
465.25	1177.58
465.46	1165.29
465.66	1171.44
465.86	1183.73
466.07	1239.02
466.27	1216.49
466.47	1257.45
466.68	1058.80
466.88	1173.49
467.08	1181.68
467.29	1130.48
467.49	1146.86
467.69	1241.07
467.89	1130.48
468.10	1196.01
468.30	1169.39
468.50	1175.53
468.71	1146.86
468.91	1169.39
469.11	1253.36
469.31	1234.93
469.52	1216.49
469.72	1191.92
469.92	1167.34
470.13	1157.10
470.33	1138.67
470.53	1218.54
470.73	1138.67
470.94	1222.64
471.14	1200.11
471.34	1177.58
471.54	1185.77
471.75	1177.58
471.95	1159.15
472.15	1155.05
472.36	1144.81
472.56	1107.95
472.76	1095.66
472.96	1148.91
473.17	1200.11
473.37	1187.82
473.57	1171.44
473.77	1171.44
473.98	1118.19
474.18	1071.09
474.38	1183.73
474.58	1191.92
474.79	1146.86
474.99	1212.40
475.19	1169.39
475.39	1187.82
475.60	1218.54
475.80	1183.73
476.00	1169.39
476.20	1150.96
476.41	1191.92
476.61	1181.68
476.81	1110.00
477.01	1191.92
477.21	1175.53
477.42	1191.92
477.62	1165.29
477.82	1161.20
478.02	1163.25
478.23	1130.48
478.43	1181.68
478.63	1114.10
478.83	1200.11
479.03	1191.92
479.24	1167.34
479.44	1159.15
479.64	1161.20
479.84	1114.10
480.04	1124.33
480.25	1142.77
480.45	1136.62
480.65	1181.68
480.85	1165.29
481.06	1212.40
481.26	1130.48
481.46	1155.05
481.66	1202.16
481.86	1175.53
482.06	1153.01
482.27	1204.21
482.47	1202.16
482.67	1146.86
482.87	1140.72
483.07	1189.87
483.28	1214.45
483.48	1236.97
483.68	1142.77
483.88	1142.77
484.08	1187.82
484.29	1206.25
484.49	1183.73
484.69	1175.53
484.89	1183.73
485.09	1239.02
485.29	1153.01
485.50	1157.10
485.70	1161.20
485.90	1322.99
486.10	1218.54
486.30	1218.54
486.50	1150.96
486.71	1224.69
486.91	1148.91
487.11	1241.07
487.31	1150.96
487.51	1163.25
487.71	1146.86
487.91	1191.92
488.12	1232.88
488.32	1200.11
488.52	1204.21
488.72	1155.05
488.92	1241.07
489.12	1212.40
489.32	1177.58
489.53	1177.58
489.73	1193.97
489.93	1171.44
490.13	1204.21
490.33	1155.05
490.53	1212.40
490.73	1187.82
490.94	1173.49
491.14	1181.68
491.34	1183.73
491.54	1212.40
491.74	1134.57
491.94	1214.45
492.14	1163.25
492.34	1189.87
492.54	1165.29
492.75	1214.45
492.95	1138.67
493.15	1222.64
493.35	1138.67
493.55	1302.51
493.75	1173.49
493.95	1206.25
494.15	1169.39
494.35	1163.25
494.56	1132.53
494.76	1232.88
494.96	1161.20
495.16	1179.63
495.36	1114.10
495.56	1202.16
495.76	1230.83
495.96	1120.24
496.16	1126.38
496.36	1122.29
496.56	1136.62
496.77	1218.54
496.97	1204.21
497.17	1155.05
497.37	1189.87
497.57	1161.20
497.77	1187.82
497.97	1124.33
498.17	1269.74
498.37	1208.30
498.57	1187.82
498.77	1165.29
498.97	1179.63
499.17	1122.29
499.38	1163.25
499.58	1187.82
499.78	1179.63
499.98	1175.53
500.18	1177.58
500.38	1157.10
500.58	1183.73
500.78	1288.17
500.98	1130.48
501.18	1228.78
501.38	1175.53
501.58	1200.11
501.78	1148.91
501.98	1198.06
502.18	1175.53
502.38	1173.49
502.58	1187.82
502.78	1247.21
502.98	1177.58
503.18	1155.05
503.38	1148.91
503.59	1134.57
503.79	1142.77
503.99	1163.25
504.19	1171.44
504.39	1191.92
504.59	1120.24
504.79	1138.67
504.99	1140.72
505.19	1165.29
505.39	1271.79
505.59	1279.98
505.79	1191.92
505.99	1243.12
506.19	1200.11
506.39	1124.33
506.59	1236.97
506.79	1148.91
506.99	1214.45
507.19	1230.83
507.39	1165.29
507.59	1183.73
507.79	1181.68
507.99	1181.68
508.19	1183.73
508.39	1159.15
508.59	1187.82
508.79	1202.16
508.99	1103.86
509.19	1091.57
509.39	1122.29
509.59	1112.05
509.79	1181.68
509.99	1206.25
510.19	1157.10
510.39	1193.97
510.59	1202.16
510.79	1157.10
510.99	1150.96
511.19	1189.87
511.39	1120.24
511.59	1144.81
511.79	1200.11
511.99	1200.11
512.19	1214.45
512.38	1144.81
512.58	1196.01
512.78	1200.11
512.98	1122.29
513.18	1146.86
513.38	1126.38
513.58	1146.86
513.78	1249.26
513.98	1132.53
514.18	1179.63
514.38	1157.10
514.58	1181.68
514.78	1150.96
514.98	1214.45
515.18	1175.53
515.38	1224.69
515.58	1185.77
515.78	1118.19
515.98	1181.68
516.18	1251.31
516.38	1189.87
516.57	1161.20
516.77	1171.44
516.97	1175.53
517.17	1255.40
517.37	1101.81
517.57	1167.34
517.77	1245.16
517.97	1173.49
518.17	1157.10
518.37	1226.73
518.57	1118.19
518.77	1126.38
518.97	1179.63
519.16	1153.01
519.36	1146.86
519.56	1218.54
519.76	1216.49
519.96	1173.49
520.16	1212.40
520.36	1208.30
520.56	1142.77
520.76	1206.25
520.96	1153.01
521.16	1306.60
521.35	1081.33
521.55	1206.25
521.75	1185.77
521.95	1271.79
522.15	1196.01
522.35	1224.69
522.55	1153.01
522.75	1241.07
522.95	1198.06
523.14	1210.35
523.34	1206.25
523.54	1163.25
523.74	1155.05
523.94	1239.02
524.14	1191.92
524.34	1196.01
524.54	1177.58
524.73	1136.62
524.93	1095.66
525.13	1130.48
525.33	1126.38
525.53	1183.73
525.73	1138.67
525.93	1171.44
526.13	1179.63
526.32	1183.73
526.52	1153.01
526.72	1216.49
526.92	1146.86
527.12	1189.87
527.32	1206.25
527.52	1193.97
527.71	1124.33
527.91	1222.64
528.11	1064.94
528.31	1185.77
528.51	1128.43
528.71	1187.82
528.90	1200.11
529.10	1138.67
529.30	1202.16
529.50	1136.62
529.70	1202.16
529.90	1130.48
530.09	1136.62
530.29	1130.48
530.49	1198.06
530.69	1165.29
530.89	1093.62
531.09	1175.53
531.28	1150.96
531.48	1179.63
531.68	1144.81
531.88	1150.96
532.08	1177.58
532.28	1196.01
532.47	1239.02
532.67	1232.88
532.87	1202.16
533.07	1142.77
533.27	1202.16
533.46	1236.97
533.66	1105.90
533.86	1255.40
534.06	1132.53
534.26	1107.95
534.45	1175.53
534.65	1165.29
534.85	1163.25
535.05	1175.53
535.25	1159.15
535.44	1148.91
535.64	1196.01
535.84	1161.20
536.04	1161.20
536.24	1218.54
536.43	1161.20
536.63	1157.10
536.83	1183.73
537.03	1138.67
537.22	1228.78
537.42	1175.53
537.62	1167.34
537.82	1134.57
538.02	1179.63
538.21	1130.48
538.41	1122.29
538.61	1224.69
538.81	1228.78
539.00	1157.10
539.20	1183.73
539.40	1245.16
539.60	1167.34
539.79	1165.29
539.99	1146.86
540.19	1181.68
540.39	1216.49
540.58	1150.96
540.78	1173.49
540.98	1163.25
541.18	1134.57
541.37	1210.35
541.57	1163.25
541.77	1175.53
541.97	1216.49
542.16	1175.53
542.36	1103.86
542.56	1198.06
542.76	1179.63
542.95	1165.29
543.15	1161.20
543.35	1187.82
543.54	1169.39
543.74	1165.29
543.94	1116.14
544.14	1214.45
544.33	1181.68
544.53	1177.58
544.73	1212.40
544.93	1171.44
545.12	1146.86
545.32	1253.36
545.52	1157.10
545.71	1169.39
545.91	1159.15
546.11	1212.40
546.30	1177.58
546.50	1142.77
546.70	1181.68
546.90	1198.06
547.09	1251.31
547.29	1187.82
547.49	1241.07
547.68	1214.45
547.88	1253.36
548.08	1181.68
548.27	1204.21
548.47	1214.45
548.67	1122.29
548.87	1136.62
549.06	1148.91
549.26	1191.92
549.46	1116.14
549.65	1150.96
549.85	1234.93
550.05	1181.68
550.24	1191.92
550.44	1148.91
550.64	1148.91
550.83	1181.68
551.03	1177.58
551.23	1069.04
551.42	1153.01
551.62	1204.21
551.82	1150.96
552.01	1165.29
552.21	1171.44
552.41	1210.35
552.60	1200.11
552.80	1157.10
553.00	1187.82
553.19	1253.36
553.39	1216.49
553.59	1153.01
553.78	1208.30
553.98	1204.21
554.17	1214.45
554.37	1157.10
554.57	1208.30
554.76	1185.77
554.96	1181.68
555.16	1193.97
555.35	1196.01
555.55	1204.21
555.75	1157.10
555.94	1212.40
556.14	1134.57
556.33	1175.53
556.53	1279.98
556.73	1150.96
556.92	1159.15
557.12	1200.11
557.32	1173.49
557.51	1173.49
557.71	1144.81
557.90	1181.68
558.10	1155.05
558.30	1249.26
558.49	1116.14
558.69	1173.49
558.88	1165.29
559.08	1224.69
559.28	1236.97
559.47	1150.96
559.67	1183.73
559.86	1226.73
560.06	1202.16
560.26	1214.45
560.45	1179.63
560.65	1189.87
560.84	1126.38
561.04	1173.49
561.24	1140.72
561.43	1193.97
561.63	1183.73
561.82	1241.07
562.02	1222.64
562.22	1128.43
562.41	1142.77
562.61	1118.19
562.80	1169.39
563.00	1220.59
563.19	1132.53
563.39	1161.20
563.59	1167.34
563.78	1134.57
563.98	1101.81
564.17	1232.88
564.37	1148.91
564.56	1173.49
564.76	1138.67
564.96	1169.39
565.15	1142.77
565.35	1169.39
565.54	1204.21
565.74	1241.07
565.93	1196.01
566.13	1189.87
566.32	1134.57
566.52	1187.82
566.71	1241.07
566.91	1157.10
567.11	1163.25
567.30	1116.14
567.50	1232.88
567.69	1153.01
567.89	1204.21
568.08	1220.59
568.28	1189.87
568.47	1157.10
568.67	1132.53
568.86	1116.14
569.06	1185.77
569.25	1208.30
569.45	1089.52
569.64	1179.63
569.84	1251.31
570.04	1146.86
570.23	1130.48
570.43	1183.73
570.62	1142.77
570.82	1150.96
571.01	1200.11
571.21	1173.49
571.40	1148.91
571.60	1163.25
571.79	1087.47
571.99	1095.66
572.18	1114.10
572.38	1167.34
572.57	1114.10
572.77	1126.38
572.96	1175.53
573.16	1171.44
573.35	1175.53
573.55	1212.40
573.74	1216.49
573.94	1136.62
574.13	1144.81
574.33	1118.19
574.52	1150.96
574.71	1224.69
574.91	1196.01
575.10	1189.87
575.30	1191.92
575.49	1140.72
575.69	1173.49
575.88	1142.77
576.08	1239.02
576.27	1185.77
576.47	1204.21
576.66	1198.06
576.86	1157.10
577.05	1230.83
577.25	1071.09
577.44	1159.15
577.64	1214.45
577.83	1167.34
578.02	1210.35
578.22	1220.59
578.41	1212.40
578.61	1214.45
578.80	1183.73
579.00	1239.02
579.19	1089.52
579.39	1159.15
579.58	1232.88
579.77	1173.49
579.97	1138.67
580.16	1148.91
580.36	1171.44
580.55	1243.12
580.75	1232.88
580.94	1159.15
581.13	1187.82
581.33	1208.30
581.52	1167.34
581.72	1167.34
581.91	1163.25
582.11	1161.20
582.30	1212.40
582.49	1163.25
582.69	1167.34
582.88	1101.81
583.08	1132.53
583.27	1200.11
583.47	1191.92
583.66	1134.57
583.85	1191.92
584.05	1120.24
584.24	1216.49
584.44	1165.29
584.63	1153.01
584.82	1167.34
585.02	1161.20
585.21	1130.48
585.41	1167.34
585.60	1189.87
585.79	1148.91
585.99	1193.97
586.18	1132.53
586.37	1218.54
586.57	1255.40
586.76	1142.77
586.96	1175.53
587.15	1167.34
587.34	1161.20
587.54	1169.39
587.73	1218.54
587.93	1185.77
588.12	1179.63
588.31	1261.55
588.51	1173.49
588.70	1150.96
588.89	1200.11
589.09	1165.29
589.28	1165.29
589.47	1132.53
589.67	1191.92
589.86	1157.10
590.06	1167.34
590.25	1150.96
590.44	1224.69
590.64	1173.49
590.83	1187.82
591.02	1126.38
591.22	1200.11
591.41	1128.43
591.60	1140.72
591.80	1130.48
591.99	1171.44
592.18	1204.21
592.38	1124.33
592.57	1165.29
592.76	1079.28
592.96	1128.43
593.15	1220.59
593.34	1247.21
593.54	1161.20
593.73	1177.58
593.92	1132.53
594.12	1138.67
594.31	1077.23
594.50	1138.67
594.70	1181.68
594.89	1249.26
595.08	1169.39
595.28	1169.39
595.47	1239.02
595.66	1155.05
595.86	1181.68
596.05	1101.81
596.24	1128.43
596.43	1218.54
596.63	1200.11
596.82	1200.11
597.01	1222.64
597.21	1198.06
597.40	1163.25
597.59	1165.29
597.79	1167.34
597.98	1224.69
598.17	1173.49
598.36	1206.25
598.56	1165.29
598.75	1200.11
598.94	1257.45
599.14	1200.11
599.33	1206.25
599.52	1159.15
599.71	1153.01
599.91	1101.81
600.10	1224.69
600.29	1169.39
600.48	1161.20
600.68	1153.01
600.87	1183.73
601.06	1224.69
601.26	1124.33
601.45	1224.69
601.64	1206.25
601.83	1183.73
602.03	1169.39
602.22	1167.34
602.41	1150.96
602.60	1159.15
602.80	1167.34
602.99	1173.49
603.18	1097.71
603.37	1148.91
603.57	1124.33
603.76	1181.68
603.95	1167.34
604.14	1249.26
604.34	1187.82
604.53	1173.49
604.72	1189.87
604.91	1204.21
605.10	1136.62
605.30	1120.24
605.49	1142.77
605.68	1212.40
605.87	1167.34
606.07	1142.77
606.26	1230.83
606.45	1181.68
606.64	1196.01
606.84	1200.11
607.03	1167.34
607.22	1173.49
607.41	1161.20
607.60	1255.40
607.80	1175.53
607.99	1124.33
608.18	1122.29
608.37	1220.59
608.56	1167.34
608.76	1191.92
608.95	1257.45
609.14	1228.78
609.33	1136.62
609.52	1216.49
609.72	1146.86
609.91	1171.44
610.10	1169.39
610.29	1153.01
610.48	1171.44
610.68	1198.06
610.87	1144.81
611.06	1218.54
611.25	1177.58
611.44	1206.25
611.63	1251.31
611.83	1187.82
612.02	1243.12
612.21	1138.67
612.40	1120.24
612.59	1183.73
612.79	1228.78
612.98	1134.57
613.17	1206.25
613.36	1216.49
613.55	1189.87
613.74	1232.88
613.93	1204.21
614.13	1150.96
614.32	1140.72
614.51	1130.48
614.70	1146.86
614.89	1177.58
615.08	1191.92
615.28	1171.44
615.47	1159.15
615.66	1153.01
615.85	1189.87
616.04	1165.29
616.23	1169.39
616.42	1142.77
616.62	1118.19
616.81	1146.86
617.00	1241.07
617.19	1159.15
617.38	1130.48
617.57	1187.82
617.76	1187.82
617.95	1157.10
618.15	1167.34
618.34	1218.54
618.53	1107.95
618.72	1191.92
618.91	1124.33
619.10	1112.05
619.29	1179.63
619.48	1153.01
619.68	1216.49
619.87	1206.25
620.06	1173.49
620.25	1173.49
620.44	1118.19
620.63	1169.39
620.82	1179.63
621.01	1122.29
621.20	1173.49
621.39	1193.97
621.59	1140.72
621.78	1185.77
621.97	1191.92
622.16	1245.16
622.35	1110.00
622.54	1202.16
622.73	1132.53
622.92	1134.57
623.11	1099.76
623.30	1122.29
623.49	1169.39
623.68	1163.25
623.88	1200.11
624.07	1173.49
624.26	1226.73
624.45	1159.15
624.64	1179.63
624.83	1208.30
625.02	1122.29
625.21	1132.53
625.40	1101.81
625.59	1173.49
625.78	1165.29
625.97	1153.01
626.16	1189.87
626.35	1230.83
626.54	1146.86
626.74	1165.29
626.93	1138.67
627.12	1171.44
627.31	1196.01
627.50	1232.88
627.69	1241.07
627.88	1183.73
628.07	1171.44
628.26	1185.77
628.45	1277.93
628.64	1298.41
628.83	1277.93
629.02	1232.88
629.21	1169.39
629.40	1216.49
629.59	1198.06
629.78	1241.07
629.97	1245.16
630.16	1193.97
630.35	1210.35
630.54	1220.59
630.73	1202.16
630.92	1210.35
631.11	1228.78
631.30	1353.71
631.49	1421.29
631.68	1794.02
631.87	4079.55
632.06	15781.65
632.25	45825.35
632.44	60847.20
632.63	62821.44
632.82	40146.33
633.01	19582.68
633.20	5765.03
633.39	5808.04
633.58	2793.43
633.77	2238.43
633.96	1732.58
634.15	1529.83
634.34	1472.49
634.53	1576.94
634.72	1507.30
634.91	1417.19
635.10	1357.80
635.29	1255.40
635.48	1296.36
635.67	1245.16
635.86	1212.40
636.05	1257.45
636.24	1212.40
636.43	1179.63
636.62	1130.48
636.81	1216.49
637.00	1206.25
637.19	1138.67
637.38	1228.78
637.57	1232.88
637.76	1191.92
637.95	1101.81
638.14	1163.25
638.33	1171.44
638.52	1155.05
638.71	1175.53
638.89	1187.82
639.08	1138.67
639.27	1320.94
639.46	1099.76
639.65	1146.86
639.84	1183.73
640.03	1167.34
640.22	1142.77
640.41	1249.26
640.60	1253.36
640.79	1220.59
640.98	1226.73
641.17	1200.11
641.36	1226.73
641.55	1177.58
641.74	1208.30
641.92	1183.73
642.11	1085.42
642.30	1181.68
642.49	1171.44
642.68	1183.73
642.87	1089.52
643.06	1228.78
643.25	1144.81
643.44	1153.01
643.63	1140.72
643.82	1179.63
644.00	1206.25
644.19	1142.77
644.38	1132.53
644.57	1214.45
644.76	1226.73
644.95	1185.77
645.14	1173.49
645.33	1232.88
645.52	1202.16
645.71	1140.72
645.89	1200.11
646.08	1265.64
646.27	1208.30
646.46	1130.48
646.65	1155.05
646.84	1150.96
647.03	1179.63
647.22	1157.10
647.40	1189.87
647.59	1175.53
647.78	1208.30
647.97	1183.73
648.16	1112.05
648.35	1214.45
648.54	1173.49
648.73	1136.62
648.91	1204.21
649.10	1183.73
649.29	1239.02
649.48	1165.29
649.67	1222.64
649.86	1148.91
650.05	1161.20
650.23	1177.58
650.42	1169.39
650.61	1136.62
650.80	1191.92
650.99	1175.53
651.18	1148.91
651.36	1183.73
651.55	1183.73
651.74	1187.82
651.93	1224.69
652.12	1200.11
652.31	1193.97
652.49	1140.72
652.68	1183.73
652.87	1253.36
653.06	1196.01
653.25	1159.15
653.44	1097.71
653.62	1167.34
653.81	1163.25
654.00	1142.77
654.19	1206.25
654.38	1157.10
654.56	1167.34
654.75	1173.49
654.94	1230.83
655.13	1120.24
655.32	1148.91
655.51	1259.50
655.69	1142.77
655.88	1120.24
656.07	1159.15
656.26	1148.91
656.45	1163.25
656.63	1228.78
656.82	1193.97
657.01	1142.77
657.20	1153.01
657.38	1181.68
657.57	1218.54
657.76	1185.77
657.95	1161.20
658.14	1257.45
658.32	1132.53
658.51	1261.55
658.70	1185.77
658.89	1204.21
659.08	1095.66
659.26	1181.68
659.45	1157.10
659.64	1255.40
659.83	1204.21
660.01	1218.54
660.20	1144.81
660.39	1234.93
660.58	1171.44
660.76	1126.38
660.95	1157.10
661.14	1189.87
661.33	1206.25
661.51	1153.01
661.70	1132.53
661.89	1107.95
662.08	1177.58
662.26	1173.49
662.45	1120.24
662.64	1114.10
662.83	1128.43
663.01	1159.15
663.20	1091.57
663.39	1169.39
663.58	1136.62
663.76	1198.06
663.95	1161.20
664.14	1130.48
664.32	1134.57
664.51	1196.01
664.70	1161.20
664.89	1150.96
665.07	1140.72
665.26	1187.82
665.45	1167.34
665.64	1208.30
665.82	1218.54
666.01	1222.64
666.20	1249.26
666.38	1259.50
666.57	1159.15
666.76	1200.11
666.95	1132.53
667.13	1175.53
667.32	1142.77
667.51	1220.59
667.69	1130.48
667.88	1085.42
668.07	1150.96
668.25	1165.29
668.44	1136.62
668.63	1175.53
668.81	1155.05
669.00	1200.11
669.19	1150.96
669.38	1187.82
669.56	1200.11
669.75	1187.82
669.94	1183.73
670.12	1163.25
670.31	1142.77
670.50	1204.21
670.68	1179.63
670.87	1185.77
671.06	1191.92
671.24	1214.45
671.43	1226.73
671.62	1150.96
671.80	1150.96
671.99	1173.49
672.18	1153.01
672.36	1171.44
672.55	1107.95
672.74	1130.48
672.92	1214.45
673.11	1224.69
673.29	1157.10
673.48	1191.92
673.67	1196.01
673.85	1144.81
674.04	1079.28
674.23	1196.01
674.41	1181.68
674.60	1257.45
674.79	1134.57
674.97	1167.34
675.16	1153.01
675.34	1163.25
675.53	1116.14
675.72	1243.12
675.90	1179.63
676.09	1142.77
676.28	1167.34
676.46	1183.73
676.65	1112.05
676.83	1122.29
677.02	1177.58
677.21	1212.40
677.39	1169.39
677.58	1196.01
677.77	1183.73
677.95	1159.15
678.14	1175.53
678.32	1136.62
678.51	1181.68
678.70	1171.44
678.88	1155.05
679.07	1200.11
679.25	1171.44
679.44	1161.20
679.63	1185.77
679.81	1183.73
680.00	1191.92
680.18	1179.63
680.37	1177.58
680.55	1138.67
680.74	1216.49
680.93	1173.49
681.11	1232.88
681.30	1157.10
681.48	1187.82
681.67	1134.57
681.85	1208.30
682.04	1230.83
682.23	1163.25
682.41	1142.77
682.60	1193.97
682.78	1136.62
682.97	1167.34
683.15	1083.38
683.34	1142.77
683.53	1220.59
683.71	1216.49
683.90	1185.77
684.08	1159.15
684.27	1175.53
684.45	1157.10
684.64	1214.45
684.82	1200.11
685.01	1159.15
685.19	1187.82
685.38	1132.53
685.57	1155.05
685.75	1155.05
685.94	1214.45
686.12	1200.11
686.31	1132.53
686.49	1175.53
686.68	1212.40
686.86	1171.44
687.05	1185.77
687.23	1161.20
687.42	1179.63
687.60	1200.11
687.79	1161.20
687.97	1224.69
688.16	1222.64
688.34	1212.40
688.53	1189.87
688.71	1167.34
688.90	1130.48
689.08	1216.49
689.27	1148.91
689.45	1224.69
689.64	1097.71
689.82	1105.90
690.01	1247.21
690.19	1159.15
690.38	1175.53
690.56	1126.38
690.75	1177.58
690.93	1110.00
691.12	1138.67
691.30	1159.15
691.49	1161.20
691.67	1134.57
691.86	1112.05
692.04	1107.95
692.23	1204.21
692.41	1157.10
692.60	1179.63
692.78	1163.25
692.97	1167.34
693.15	1136.62
693.34	1224.69
693.52	1191.92
693.71	1196.01
693.89	1140.72
694.08	1187.82
694.26	1167.34
694.44	1163.25
694.63	1138.67
694.81	1155.05
695.00	1136.62
695.18	1210.35
695.37	1142.77
695.55	1196.01
695.74	1148.91
695.92	1136.62
696.10	1241.07
696.29	1236.97
696.47	1185.77
696.66	1232.88
696.84	1118.19
697.03	1134.57
697.21	1261.55
697.40	1232.88
697.58	1204.21
697.76	1142.77
697.95	1163.25
698.13	1179.63
698.32	1236.97
698.50	1175.53
698.68	1198.06
698.87	1105.90
699.05	1185.77
699.24	1261.55
699.42	1216.49
699.61	1163.25
699.79	1150.96
699.97	1124.33
700.16	1200.11
700.34	1167.34
700.53	1132.53
700.71	1138.67
700.89	1167.34
701.08	1144.81
701.26	1179.63
701.45	1243.12
701.63	1202.16
701.81	1116.14
702.00	1163.25
702.18	1218.54
702.37	1183.73
702.55	1144.81
702.73	1175.53
702.92	1173.49
703.10	1196.01
703.28	1212.40
703.47	1177.58
703.65	1128.43
703.84	1138.67
704.02	1150.96
704.20	1196.01
704.39	1163.25
704.57	1185.77
704.75	1116.14
704.94	1193.97
705.12	1185.77
705.30	1128.43
705.49	1265.64
705.67	1189.87
705.86	1189.87
706.04	1171.44
706.22	1269.74
706.41	1198.06
706.59	1163.25
706.77	1181.68
706.96	1179.63
707.14	1189.87
707.32	1134.57
707.51	1193.97
707.69	1134.57
707.87	1208.30
708.06	1146.86
708.24	1134.57
708.42	1196.01
708.61	1126.38
708.79	1210.35
708.97	1187.82
709.16	1175.53
709.34	1193.97
709.52	1208.30
709.71	1179.63
709.89	1185.77
710.07	1161.20
710.26	1236.97
710.44	1130.48
710.62	1161.20
710.80	1224.69
710.99	1177.58
711.17	1226.73
711.35	1200.11
711.54	1173.49
711.72	1146.86
711.90	1271.79
712.09	1138.67
712.27	1095.66
712.45	1222.64
712.63	1191.92
712.82	1218.54
713.00	1144.81
713.18	1216.49
713.37	1241.07
713.55	1153.01
713.73	1189.87
713.91	1251.31
714.10	1232.88
714.28	1187.82
714.46	1196.01
714.65	1159.15
714.83	1179.63
715.01	1216.49
715.19	1167.34
715.38	1263.60
715.56	1175.53
715.74	1183.73
715.92	1224.69
716.11	1159.15
716.29	1191.92
716.47	1153.01
716.65	1124.33
716.84	1259.50
717.02	1120.24
717.20	1153.01
717.38	1200.11
717.57	1161.20
717.75	1183.73
717.93	1175.53
718.11	1105.90
718.30	1134.57
718.48	1191.92
718.66	1169.39
718.84	1155.05
719.03	1179.63
719.21	1189.87
719.39	1251.31
719.57	1220.59
719.75	1157.10
719.94	1181.68
720.12	1208.30
720.30	1206.25
720.48	1185.77
720.67	1124.33
720.85	1200.11
721.03	1210.35
721.21	1183.73
721.39	1171.44
721.58	1167.34
721.76	1171.44
721.94	1196.01
722.12	1181.68
722.30	1116.14
722.49	1251.31
722.67	1185.77
722.85	1228.78
723.03	1243.12
723.21	1171.44
723.40	1159.15
723.58	1153.01
723.76	1214.45
723.94	1093.62
724.12	1163.25
724.30	1140.72
724.49	1146.86
724.67	1220.59
724.85	1161.20
725.03	1163.25
725.21	1230.83
725.40	1189.87
725.58	1165.29
725.76	1128.43
725.94	1169.39
726.12	1140.72
726.30	1110.00
726.49	1146.86
726.67	1122.29
726.85	1232.88
727.03	1212.40
727.21	1191.92
727.39	1187.82
727.57	1193.97
727.76	1144.81
727.94	1136.62
728.12	1155.05
728.30	1134.57
728.48	1224.69
728.66	1232.88
728.84	1175.53
729.03	1079.28
729.21	1216.49
729.39	1232.88
729.57	1101.81
729.75	1189.87
729.93	1148.91
730.11	1085.42
730.30	1183.73
730.48	1165.29
730.66	1200.11
730.84	1202.16
731.02	1175.53
731.20	1167.34
731.38	1136.62
731.56	1185.77
731.74	1230.83
731.93	1236.97
732.11	1118.19
732.29	1183.73
732.47	1222.64
732.65	1189.87
732.83	1200.11
733.01	1214.45
733.19	1136.62
733.37	1189.87
733.56	1163.25
733.74	1157.10
733.92	1148.91
734.10	1193.97
734.28	1193.97
734.46	1183.73
734.64	1239.02
734.82	1165.29
735.00	1173.49
735.18	1163.25
735.36	1187.82
735.54	1175.53
735.73	1202.16
735.91	1173.49
736.09	1228.78
736.27	1249.26
736.45	1173.49
736.63	1150.96
736.81	1181.68
736.99	1226.73
737.17	1206.25
737.35	1103.86
737.53	1153.01
737.71	1214.45
737.89	1171.44
738.07	1140.72
738.25	1228.78
738.43	1157.10
738.61	1142.77
738.80	1222.64
738.98	1146.86
739.16	1175.53
739.34	1204.21
739.52	1179.63
739.70	1169.39
739.88	1196.01
740.06	1208.30
740.24	1136.62
740.42	1144.81
740.60	1165.29
740.78	1150.96
740.96	1255.40
741.14	1118.19
741.32	1159.15
741.50	1138.67
741.68	1210.35
741.86	1175.53
742.04	1179.63
742.22	1177.58
742.40	1220.59
742.58	1216.49
742.76	1202.16
742.94	1155.05
743.12	1165.29
743.30	1140.72
743.48	1165.29
743.66	1163.25
743.84	1138.67
744.02	1116.14
744.20	1187.82
744.38	1212.40
744.56	1216.49
744.74	1179.63
744.92	1216.49
745.10	1187.82
745.28	1083.38
745.46	1187.82
745.64	1245.16
745.82	1191.92
746.00	1206.25
746.18	1200.11
746.36	1206.25
746.54	1179.63
746.72	1206.25
746.90	1212.40
747.08	1171.44
747.26	1159.15
747.44	1150.96
747.62	1163.25
747.80	1120.24
747.98	1128.43
748.15	1206.25
748.33	1146.86
748.51	1157.10
748.69	1210.35
748.87	1226.73
749.05	1142.77
749.23	1146.86
749.41	1191.92
749.59	1093.62
749.77	1148.91
749.95	1171.44
750.13	1161.20
750.31	1183.73
750.49	1200.11
750.67	1198.06
750.85	1210.35
751.03	1204.21
751.20	1150.96
751.38	1183.73
751.56	1126.38
751.74	1198.06
751.92	1200.11
752.10	1181.68
752.28	1261.55
752.46	1116.14
752.64	1161.20
752.82	1159.15
753.00	1214.45
753.18	1161.20
753.35	1112.05
753.53	1265.64
753.71	1155.05
753.89	1181.68
754.07	1239.02
754.25	1247.21
754.43	1214.45
754.61	1114.10
754.79	1140.72
754.97	1130.48
755.14	1138.67
755.32	1161.20
755.50	1202.16
755.68	1175.53
755.86	1222.64
756.04	1206.25
756.22	1202.16
756.40	1167.34
756.57	1204.21
756.75	1124.33
756.93	1220.59
757.11	1191.92
757.29	1167.34
757.47	1224.69
757.65	1232.88
757.82	1130.48
758.00	1161.20
758.18	1146.86
758.36	1136.62
758.54	1253.36
758.72	1153.01
758.90	1148.91
759.07	1169.39
759.25	1169.39
759.43	1200.11
759.61	1230.83
759.79	1198.06
759.97	1214.45
760.15	1183.73
760.32	1130.48
760.50	1146.86
760.68	1171.44
760.86	1212.40
761.04	1204.21
761.22	1163.25
761.39	1247.21
761.57	1224.69
761.75	1177.58
761.93	1257.45
762.11	1169.39
762.28	1241.07
762.46	1241.07
762.64	1101.81
762.82	1122.29
763.00	1101.81
763.18	1187.82
763.35	1130.48
763.53	1226.73
763.71	1171.44
763.89	1200.11
764.07	1064.94
764.24	1234.93
764.42	1144.81
764.60	1239.02
764.78	1179.63
764.96	1167.34
765.13	1224.69
765.31	1159.15
765.49	1171.44
765.67	1138.67
765.84	1202.16
766.02	1191.92
766.20	1179.63
766.38	1230.83
766.56	1198.06
766.73	1124.33
766.91	1181.68
767.09	1169.39
767.27	1204.21
767.44	1087.47
767.62	1224.69
767.80	1163.25
767.98	1136.62
768.15	1130.48
768.33	1165.29
768.51	1193.97
768.69	1214.45
768.87	1269.74
769.04	1163.25
769.22	1198.06
769.40	1183.73
769.58	1208.30
769.75	1189.87
769.93	1148.91
770.11	1169.39
770.28	1142.77
770.46	1159.15
770.64	1187.82
770.82	1175.53
770.99	1228.78
771.17	1196.01
771.35	1095.66
771.53	1193.97
771.70	1130.48
771.88	1134.57
772.06	1175.53
772.23	1169.39
772.41	1220.59
772.59	1255.40
772.77	1230.83
772.94	1114.10
773.12	1183.73
773.30	1181.68
773.47	1161.20
773.65	1200.11
773.83	1138.67
774.01	1196.01
774.18	1181.68
774.36	1124.33
774.54	1218.54
774.71	1118.19
774.89	1148.91
775.07	1146.86
775.24	1191.92
775.42	1232.88
775.60	1136.62
775.78	1165.29
775.95	1181.68
776.13	1239.02
776.31	1150.96
776.48	1179.63
776.66	1241.07
776.84	1159.15
777.01	1167.34
777.19	1177.58
777.37	1251.31
777.54	1165.29
777.72	1138.67
777.90	1167.34
778.07	1134.57
778.25	1124.33
778.43	1204.21
778.60	1142.77
778.78	1196.01
778.96	1193.97
779.13	1175.53
779.31	1089.52
779.49	1150.96
779.66	1128.43
779.84	1136.62
780.01	1196.01
780.19	1191.92
780.37	1228.78
780.54	1200.11
780.72	1155.05
780.90	1232.88
781.07	1103.86
781.25	1196.01
781.43	1181.68
781.60	1216.49
781.78	1136.62
781.95	1157.10
782.13	1208.30
782.31	1122.29
782.48	1214.45
782.66	1179.63
782.83	1105.90
783.01	1200.11
783.19	1163.25
783.36	1251.31
783.54	1140.72
783.72	1210.35
783.89	1202.16
784.07	1193.97
784.24	1142.77
784.42	1136.62
784.60	1171.44
784.77	1161.20
784.95	1159.15
785.12	1245.16
785.30	1204.21
785.47	1136.62
785.65	1148.91
785.83	1183.73
786.00	1140.72
786.18	1105.90
786.35	1189.87
786.53	1171.44
786.71	1144.81
786.88	1232.88
787.06	1204.21
787.23	1132.53
787.41	1179.63
787.58	1191.92
787.76	1189.87
787.94	1206.25
788.11	1183.73
788.29	1142.77
788.46	1150.96
788.64	1210.35
788.81	1169.39
788.99	1132.53
789.16	1159.15
789.34	1144.81
789.52	1144.81
789.69	1146.86
789.87	1163.25
790.04	1191.92
790.22	1155.05
790.39	1124.33
790.57	1173.49
790.74	1132.53
790.92	1196.01
791.09	1173.49
791.27	1212.40
791.44	1210.35
791.62	1187.82
791.79	1181.68
791.97	1179.63
792.15	1193.97
792.32	1112.05
792.50	1167.34
792.67	1179.63
792.85	1165.29
793.02	1130.48
793.20	1161.20
793.37	1130.48
793.55	1134.57
793.72	1155.05
793.90	1249.26
794.07	1202.16
794.25	1177.58
794.42	1189.87
794.60	1187.82
794.77	1175.53
794.95	1191.92
795.12	1167.34
795.30	1191.92
795.47	1196.01
795.65	1120.24
795.82	1179.63
796.00	1198.06
796.17	1179.63
796.34	1112.05
796.52	1189.87
796.69	1173.49
796.87	1128.43
797.04	1142.77
797.22	1157.10
797.39	1208.30
797.57	1101.81
797.74	1167.34
797.92	1136.62
798.09	1257.45
798.27	1273.84
798.44	1245.16
798.62	1146.86
798.79	1208.30
798.96	1144.81
799.14	1165.29
799.31	1208.30
799.49	1200.11
799.66	1146.86
799.84	1175.53
800.01	1185.77
800.19	1185.77
800.36	1271.79
800.53	1132.53
800.71	1155.05
800.88	1150.96
801.06	1099.76
801.23	1245.16
801.41	1126.38
801.58	1124.33
801.75	1157.10
801.93	1224.69
802.10	1183.73
802.28	1171.44
802.45	1155.05
802.63	1163.25
802.80	1198.06
802.97	1177.58
803.15	1200.11
803.32	1216.49
803.50	1204.21
803.67	1187.82
803.84	1179.63
804.02	1144.81
804.19	1179.63
804.37	1204.21
804.54	1177.58
804.71	1112.05
804.89	1191.92
805.06	1206.25
805.24	1222.64
805.41	1216.49
805.58	1126.38
805.76	1140.72
805.93	1179.63
806.10	1048.56
806.28	1177.58
806.45	1177.58
806.63	1153.01
806.80	1189.87
806.97	1103.86
807.15	1167.34
807.32	1153.01
807.49	1230.83
807.67	1138.67
807.84	1206.25
808.01	1134.57
808.19	1114.10
808.36	1202.16
808.54	1138.67
808.71	1132.53
808.88	1140.72
809.06	1120.24
809.23	1216.49
809.40	1200.11
809.58	1222.64
809.75	1097.71
809.92	1138.67
810.10	1159.15
810.27	1175.53
810.44	1193.97
810.62	1216.49
810.79	1140.72
810.96	1114.10
811.14	1148.91
811.31	1222.64
811.48	1202.16
811.66	1167.34
811.83	1187.82
812.00	1179.63
812.18	1236.97
812.35	1144.81
812.52	1155.05
812.69	1126.38
812.87	1222.64
813.04	1118.19
813.21	1153.01
813.39	1136.62
813.56	1210.35
813.73	1183.73
813.91	1103.86
814.08	1181.68
814.25	1153.01
814.42	1212.40
814.60	1210.35
814.77	1212.40
814.94	1198.06
815.12	1171.44
815.29	1112.05
815.46	1140.72
815.63	1114.10
815.81	1150.96
815.98	1189.87
816.15	1155.05
816.33	1191.92
816.50	1159.15
816.67	1179.63
816.84	1150.96
817.02	1134.57
817.19	1187.82
817.36	1300.46
817.53	1239.02
817.71	1271.79
817.88	1234.93
818.05	1122.29
818.22	1159.15
818.40	1251.31
818.57	1128.43
818.74	1181.68
818.91	1161.20
819.09	1159.15
819.26	1155.05
819.43	1196.01
819.60	1200.11
819.78	1159.15
819.95	1171.44
820.12	1146.86
820.29	1124.33
820.47	1200.11
820.64	1175.53
820.81	1216.49
820.98	1216.49
821.15	1159.15
821.33	1200.11
821.50	1144.81
821.67	1134.57
821.84	1208.30
822.02	1179.63
822.19	1169.39
822.36	1146.86
822.53	1161.20
822.70	1249.26
822.88	1167.34
823.05	1239.02
823.22	1120.24
823.39	1198.06
823.56	1099.76
823.74	1159.15
823.91	1206.25
824.08	1202.16
824.25	1208.30
824.42	1179.63
824.60	1146.86
824.77	1193.97
824.94	1122.29
825.11	1191.92
825.28	1122.29
825.45	1210.35
825.63	1200.11
825.80	1271.79
825.97	1265.64
826.14	1138.67
826.31	1136.62
826.48	1118.19
826.66	1155.05
826.83	1165.29
827.00	1150.96
827.17	1153.01
827.34	1239.02
827.51	1228.78
827.69	1132.53
827.86	1138.67
828.03	1171.44
828.20	1224.69
828.37	1101.81
828.54	1150.96
828.71	1132.53
828.89	1122.29
829.06	1226.73
829.23	1167.34
829.40	1118.19
829.57	1218.54
829.74	1191.92
829.91	1087.47
830.09	1177.58
830.26	1128.43
830.43	1118.19
830.60	1177.58
830.77	1198.06
830.94	1171.44
831.11	1191.92
831.28	1198.06
831.46	1124.33
831.63	1134.57
831.80	1234.93
831.97	1161.20
832.14	1251.31
832.31	1173.49
832.48	1118.19
832.65	1126.38
832.82	1206.25
832.99	1202.16
833.17	1173.49
833.34	1122.29
833.51	1161.20
833.68	1218.54
833.85	1202.16
834.02	1224.69
834.19	1120.24
834.36	1214.45
834.53	1173.49
834.70	1191.92
834.87	1124.33
835.04	1161.20
835.22	1173.49
835.39	1165.29
835.56	1196.01
835.73	1146.86
835.90	1267.69
836.07	1167.34
836.24	1193.97
836.41	1189.87
836.58	1243.12
836.75	1189.87
836.92	1200.11
837.09	1157.10
837.26	1146.86
837.43	1159.15
837.60	1167.34
837.77	1224.69
837.94	1150.96
838.12	1253.36
838.29	1218.54
838.46	1150.96
838.63	1191.92
838.80	1163.25
838.97	1187.82
839.14	1216.49
839.31	1196.01
839.48	1144.81
839.65	1179.63
839.82	1183.73
839.99	1124.33
840.16	1138.67
840.33	1185.77
840.50	1144.81
840.67	1136.62
840.84	1189.87
841.01	1146.86
841.18	1161.20
841.35	1165.29
841.52	1216.49
841.69	1208.30
841.86	1155.05
842.03	1114.10
842.20	1120.24
842.37	1153.01
842.54	1099.76
842.71	1169.39
842.88	1171.44
843.05	1173.49
843.22	1263.60
843.39	1146.86
843.56	1187.82
843.73	1187.82
843.90	1253.36
844.07	1175.53
844.24	1210.35
844.41	1144.81
844.58	1167.34
844.75	1157.10
844.92	1167.34
845.09	1181.68
845.26	1140.72
845.43	1179.63
845.60	1146.86
845.77	1218.54
845.94	1191.92
846.10	1157.10
846.27	1118.19
846.44	1187.82
846.61	1202.16
846.78	1173.49
846.95	1189.87
847.12	1138.67
847.29	1179.63
847.46	1148.91
847.63	1085.42
847.80	1208.30
847.97	1124.33
848.14	1122.29
848.31	1179.63
848.48	1187.82
848.65	1183.73
848.82	1191.92
848.98	1200.11
849.15	1163.25
849.32	1232.88
849.49	1230.83
849.66	1144.81
849.83	1150.96
850.00	1261.55
850.17	1103.86
850.34	1224.69
850.51	1150.96
850.68	1249.26
850.85	1093.62
851.01	1198.06
851.18	1120.24
851.35	1218.54
851.52	1200.11
851.69	1163.25
851.86	1075.18
852.03	1224.69
852.20	1134.57
852.37	1163.25
852.53	1146.86
852.70	1228.78
852.87	1214.45
853.04	1302.51
853.21	1134.57
853.38	1245.16
853.55	1198.06
853.72	1267.69
853.89	1075.18
854.05	1163.25
854.22	1198.06
854.39	1196.01
854.56	1200.11
854.73	1153.01
854.90	1175.53
855.07	1165.29
855.23	1163.25
855.40	1179.63
855.57	1187.82
855.74	1165.29
855.91	1214.45
856.08	1140.72
856.25	1206.25
856.41	1159.15
856.58	1167.34
856.75	1173.49
856.92	1159.15
857.09	1132.53
857.26	1148.91
857.42	1153.01
857.59	1177.58
857.76	1165.29
857.93	1196.01
858.10	1095.66
858.27	1136.62
858.43	1159.15
858.60	1189.87
858.77	1165.29
858.94	1187.82
859.11	1148.91
859.27	1198.06
859.44	1222.64
859.61	1155.05
859.78	1196.01
859.95	1161.20
860.12	1220.59
860.28	1173.49
860.45	1187.82
860.62	1198.06
860.79	1241.07
860.95	1146.86
861.12	1239.02
861.29	1155.05
861.46	1126.38
861.63	1146.86
861.79	1173.49
861.96	1169.39
862.13	1212.40
862.30	1140.72
862.47	1161.20
862.63	1204.21
862.80	1148.91
862.97	1153.01
863.14	1232.88
863.30	1187.82
863.47	1167.34
863.64	1249.26
863.81	1196.01
863.97	1177.58
864.14	1130.48
864.31	1273.84
864.48	1198.06
864.65	1118.19
864.81	1212.40
864.98	1155.05
865.15	1150.96
865.32	1204.21
865.48	1165.29
865.65	1087.47
865.82	1157.10
865.98	1202.16
866.15	1110.00
866.32	1148.91
866.49	1157.10
866.65	1208.30
866.82	1187.82
866.99	1159.15
867.16	1075.18
867.32	1204.21
867.49	1224.69
867.66	1140.72
867.83	1122.29
867.99	1196.01
868.16	1193.97
868.33	1191.92
868.49	1226.73
868.66	1155.05
868.83	1155.05
868.99	1234.93
869.16	1169.39
869.33	1243.12
869.50	1175.53
869.66	1179.63
869.83	1193.97
870.00	1196.01
870.16	1138.67
870.33	1212.40
870.50	1177.58
870.66	1114.10
870.83	1173.49
871.00	1128.43
871.17	1185.77
871.33	1163.25
871.50	1220.59
871.67	1191.92
871.83	1181.68
872.00	1155.05
872.17	1173.49
872.33	1204.21
872.50	1216.49
872.67	1214.45
872.83	1189.87
873.00	1116.14
873.17	1173.49
873.33	1185.77
873.50	1189.87
873.67	1148.91
873.83	1206.25
874.00	1169.39
874.16	1189.87
874.33	1155.05
874.50	1120.24
874.66	1142.77
874.83	1210.35
875.00	1198.06
875.16	1208.30
875.33	1171.44
875.50	1181.68
875.66	1177.58
875.83	1089.52
875.99	1105.90
876.16	1122.29
876.33	1163.25
876.49	1208.30
876.66	1146.86
876.83	1187.82
876.99	1234.93
877.16	1234.93
877.32	1169.39
877.49	1191.92
877.66	1161.20
877.82	1202.16
877.99	1155.05
878.15	1150.96
878.32	1241.07
878.49	1189.87
878.65	1148.91
878.82	1157.10
878.98	1175.53
879.15	1204.21
879.32	1091.57
879.48	1177.58
879.65	1257.45
879.81	1118.19
879.98	1155.05
880.15	1157.10
880.31	1146.86
880.48	1185.77
880.64	1165.29
880.81	1202.16
880.97	1191.92
881.14	1228.78
881.31	1124.33
881.47	1157.10
881.64	1183.73
881.80	1163.25
881.97	1153.01
882.13	1187.82
882.30	1224.69
882.47	1224.69
882.63	1155.05
882.80	1134.57
882.96	1210.35
883.13	1161.20
883.29	1159.15
883.46	1198.06
883.62	1175.53
883.79	1196.01
883.95	1177.58
884.12	1191.92
884.29	1167.34
884.45	1140.72
884.62	1218.54
884.78	1134.57
884.95	1169.39
885.11	1216.49
885.28	1146.86
885.44	1220.59
885.61	1150.96
885.77	1245.16
885.94	1183.73
886.10	1226.73
886.27	1200.11
886.43	1200.11
886.60	1171.44
886.76	1204.21
886.93	1183.73
887.09	1222.64
887.26	1155.05
887.42	1169.39
887.59	1198.06
887.75	1204.21
887.92	1177.58
888.08	1142.77
888.25	1134.57
888.41	1120.24
888.58	1134.57
888.74	1202.16
888.91	1081.33
