177.47	1087.47
177.69	1087.47
177.91	1087.47
178.13	1230.83
178.36	1150.96
178.58	1206.25
178.80	1189.87
179.02	1110.00
179.24	1159.15
179.46	1165.29
179.68	1171.44
179.90	1181.68
180.13	1153.01
180.35	1165.29
180.57	1171.44
180.79	1155.05
181.01	1099.76
181.23	1159.15
181.45	1148.91
181.67	1167.34
181.90	1220.59
182.12	1228.78
182.34	1085.42
182.56	1196.01
182.78	1179.63
183.00	1173.49
183.22	1265.64
183.44	1245.16
183.66	1208.30
183.89	1140.72
184.11	1208.30
184.33	1196.01
184.55	1136.62
184.77	1155.05
184.99	1150.96
185.21	1161.20
185.43	1130.48
185.65	1206.25
185.87	1183.73
186.10	1150.96
186.32	1183.73
186.54	1126.38
186.76	1136.62
186.98	1200.11
187.20	1136.62
187.42	1210.35
187.64	1122.29
187.86	1169.39
188.08	1101.81
188.30	1089.52
188.52	1210.35
188.75	1200.11
188.97	1099.76
189.19	1198.06
189.41	1155.05
189.63	1187.82
189.85	1232.88
190.07	1116.14
190.29	1150.96
190.51	1230.83
190.73	1165.29
190.95	1189.87
191.17	1159.15
191.39	1239.02
191.61	1167.34
191.84	1163.25
192.06	1107.95
192.28	1126.38
192.50	1126.38
192.72	1150.96
192.94	1183.73
193.16	1140.72
193.38	1134.57
193.60	1128.43
193.82	1167.34
194.04	1155.05
194.26	1138.67
194.48	1189.87
194.70	1171.44
194.92	1161.20
195.14	1216.49
195.36	1163.25
195.58	1116.14
195.80	1175.53
196.02	1112.05
196.24	1159.15
196.46	1134.57
196.69	1216.49
196.91	1120.24
197.13	1112.05
197.35	1161.20
197.57	1169.39
197.79	1232.88
198.01	1124.33
198.23	1175.53
198.45	1187.82
198.67	1206.25
198.89	1187.82
199.11	1212.40
199.33	1204.21
199.55	1230.83
199.77	1157.10
199.99	1150.96
200.21	1161.20
200.43	1159.15
200.65	1206.25
200.87	1234.93
201.09	1107.95
201.31	1110.00
201.53	1142.77
201.75	1138.67
201.97	1226.73
202.19	1187.82
202.41	1179.63
202.63	1140.72
202.85	1173.49
203.07	1224.69
203.29	1110.00
203.51	1200.11
203.73	1159.15
203.95	1161.20
204.17	1140.72
204.39	1134.57
204.61	1187.82
204.83	1239.02
205.05	1122.29
205.27	1177.58
205.49	1183.73
205.71	1136.62
205.93	1171.44
206.15	1095.66
206.37	1120.24
206.59	1171.44
206.81	1220.59
207.03	1081.33
207.25	1114.10
207.47	1136.62
207.69	1142.77
207.91	1114.10
208.13	1142.77
208.34	1146.86
208.56	1191.92
208.78	1148.91
209.00	1118.19
209.22	1226.73
209.44	1241.07
209.66	1171.44
209.88	1153.01
210.10	1191.92
210.32	1179.63
210.54	1206.25
210.76	1138.67
210.98	1140.72
211.20	1224.69
211.42	1157.10
211.64	1179.63
211.86	1277.93
212.08	1112.05
212.30	1140.72
212.52	1157.10
212.74	1177.58
212.96	1169.39
213.17	1165.29
213.39	1144.81
213.61	1155.05
213.83	1116.14
214.05	1239.02
214.27	1138.67
214.49	1200.11
214.71	1103.86
214.93	1171.44
215.15	1142.77
215.37	1263.60
215.59	1187.82
215.81	1144.81
216.03	1146.86
216.24	1183.73
216.46	1167.34
216.68	1257.45
216.90	1144.81
217.12	1134.57
217.34	1171.44
217.56	1163.25
217.78	1228.78
218.00	1110.00
218.22	1183.73
218.44	1138.67
218.66	1144.81
218.87	1228.78
219.09	1239.02
219.31	1173.49
219.53	1159.15
219.75	1247.21
219.97	1224.69
220.19	1181.68
220.41	1099.76
220.63	1183.73
220.85	1173.49
221.06	1163.25
221.28	1169.39
221.50	1245.16
221.72	1171.44
221.94	1093.62
222.16	1189.87
222.38	1126.38
222.60	1138.67
222.82	1150.96
223.03	1232.88
223.25	1169.39
223.47	1234.93
223.69	1200.11
223.91	1136.62
224.13	1177.58
224.35	1171.44
224.57	1142.77
224.78	1124.33
225.00	1196.01
225.22	1159.15
225.44	1193.97
225.66	1144.81
225.88	1187.82
226.10	1216.49
226.32	1210.35
226.53	1193.97
226.75	1153.01
226.97	1159.15
227.19	1179.63
227.41	1196.01
227.63	1163.25
227.85	1116.14
228.06	1183.73
228.28	1181.68
228.50	1103.86
228.72	1120.24
228.94	1193.97
229.16	1249.26
229.37	1112.05
229.59	1155.05
229.81	1146.86
230.03	1153.01
230.25	1142.77
230.47	1148.91
230.69	1206.25
230.90	1191.92
231.12	1150.96
231.34	1243.12
231.56	1173.49
231.78	1134.57
232.00	1144.81
232.21	1155.05
232.43	1153.01
232.65	1112.05
232.87	1167.34
233.09	1163.25
233.30	1161.20
233.52	1204.21
233.74	1146.86
233.96	1196.01
234.18	1167.34
234.40	1142.77
234.61	1150.96
234.83	1161.20
235.05	1206.25
235.27	1222.64
235.49	1161.20
235.70	1142.77
235.92	1173.49
236.14	1140.72
236.36	1099.76
236.58	1134.57
236.79	1198.06
237.01	1177.58
237.23	1167.34
237.45	1155.05
237.67	1226.73
237.88	1165.29
238.10	1159.15
238.32	1161.20
238.54	1220.59
238.76	1175.53
238.97	1193.97
239.19	1226.73
239.41	1239.02
239.63	1175.53
239.85	1167.34
240.06	1163.25
240.28	1198.06
240.50	1126.38
240.72	1138.67
240.93	1142.77
241.15	1159.15
241.37	1167.34
241.59	1150.96
241.81	1120.24
242.02	1167.34
242.24	1202.16
242.46	1198.06
242.68	1181.68
242.89	1177.58
243.11	1138.67
243.33	1134.57
243.55	1157.10
243.76	1171.44
243.98	1134.57
244.20	1169.39
244.42	1196.01
244.64	1163.25
244.85	1234.93
245.07	1193.97
245.29	1226.73
245.51	1206.25
245.72	1179.63
245.94	1138.67
246.16	1107.95
246.38	1167.34
246.59	1236.97
246.81	1196.01
247.03	1124.33
247.24	1124.33
247.46	1193.97
247.68	1181.68
247.90	1173.49
248.11	1159.15
248.33	1153.01
248.55	1245.16
248.77	1099.76
248.98	1200.11
249.20	1144.81
249.42	1110.00
249.64	1132.53
249.85	1202.16
250.07	1177.58
250.29	1163.25
250.50	1140.72
250.72	1208.30
250.94	1120.24
251.16	1157.10
251.37	1175.53
251.59	1202.16
251.81	1097.71
252.02	1200.11
252.24	1089.52
252.46	1159.15
252.68	1216.49
252.89	1153.01
253.11	1206.25
253.33	1210.35
253.54	1124.33
253.76	1187.82
253.98	1173.49
254.20	1187.82
254.41	1146.86
254.63	1234.93
254.85	1181.68
255.06	1126.38
255.28	1206.25
255.50	1179.63
255.71	1212.40
255.93	1202.16
256.15	1126.38
256.36	1273.84
256.58	1159.15
256.80	1169.39
257.02	1134.57
257.23	1118.19
257.45	1218.54
257.67	1138.67
257.88	1163.25
258.10	1153.01
258.32	1189.87
258.53	1148.91
258.75	1171.44
258.97	1267.69
259.18	1191.92
259.40	1181.68
259.62	1212.40
259.83	1169.39
260.05	1136.62
260.27	1159.15
260.48	1157.10
260.70	1140.72
260.92	1294.32
261.13	1169.39
261.35	1126.38
261.57	1148.91
261.78	1148.91
262.00	1222.64
262.22	1208.30
262.43	1249.26
262.65	1224.69
262.86	1173.49
263.08	1177.58
263.30	1181.68
263.51	1146.86
263.73	1179.63
263.95	1159.15
264.16	1169.39
264.38	1230.83
264.60	1206.25
264.81	1183.73
265.03	1146.86
265.25	1202.16
265.46	1185.77
265.68	1206.25
265.89	1114.10
266.11	1239.02
266.33	1128.43
266.54	1150.96
266.76	1202.16
266.98	1216.49
267.19	1175.53
267.41	1122.29
267.62	1153.01
267.84	1167.34
268.06	1191.92
268.27	1097.71
268.49	1214.45
268.70	1181.68
268.92	1150.96
269.14	1193.97
269.35	1175.53
269.57	1157.10
269.79	1214.45
270.00	1163.25
270.22	1138.67
270.43	1171.44
270.65	1185.77
270.87	1196.01
271.08	1196.01
271.30	1185.77
271.51	1105.90
271.73	1247.21
271.95	1163.25
272.16	1179.63
272.38	1214.45
272.59	1230.83
272.81	1175.53
273.02	1202.16
273.24	1155.05
273.46	1091.57
273.67	1202.16
273.89	1142.77
274.10	1142.77
274.32	1150.96
274.54	1177.58
274.75	1140.72
274.97	1110.00
275.18	1165.29
275.40	1155.05
275.61	1249.26
275.83	1165.29
276.05	1159.15
276.26	1214.45
276.48	1153.01
276.69	1173.49
276.91	1165.29
277.12	1212.40
277.34	1169.39
277.55	1191.92
277.77	1155.05
277.99	1224.69
278.20	1167.34
278.42	1128.43
278.63	1216.49
278.85	1187.82
279.06	1247.21
279.28	1216.49
279.49	1153.01
279.71	1128.43
279.93	1200.11
280.14	1185.77
280.36	1181.68
280.57	1200.11
280.79	1138.67
281.00	1218.54
281.22	1130.48
281.43	1208.30
281.65	1118.19
281.86	1136.62
282.08	1196.01
282.29	1249.26
282.51	1161.20
282.73	1159.15
282.94	1253.36
283.16	1142.77
283.37	1216.49
283.59	1161.20
283.80	1138.67
284.02	1126.38
284.23	1206.25
284.45	1122.29
284.66	1198.06
284.88	1161.20
285.09	1148.91
285.31	1216.49
285.52	1204.21
285.74	1146.86
285.95	1202.16
286.17	1165.29
286.38	1189.87
286.60	1173.49
286.81	1163.25
287.03	1214.45
287.24	1171.44
287.46	1214.45
287.67	1177.58
287.89	1179.63
288.10	1224.69
288.32	1150.96
288.53	1275.88
288.75	1116.14
288.96	1206.25
289.18	1222.64
289.39	1212.40
289.61	1126.38
289.82	1153.01
290.04	1206.25
290.25	1220.59
290.47	1116.14
290.68	1241.07
290.90	1155.05
291.11	1157.10
291.33	1171.44
291.54	1159.15
291.76	1181.68
291.97	1253.36
292.18	1153.01
292.40	1142.77
292.61	1198.06
292.83	1187.82
293.04	1183.73
293.26	1075.18
293.47	1191.92
293.69	1253.36
293.90	1169.39
294.12	1179.63
294.33	1206.25
294.55	1196.01
294.76	1118.19
294.97	1175.53
295.19	1220.59
295.40	1136.62
295.62	1222.64
295.83	1208.30
296.05	1148.91
296.26	1222.64
296.48	1173.49
296.69	1144.81
296.90	1216.49
297.12	1214.45
297.33	1148.91
297.55	1204.21
297.76	1128.43
297.98	1181.68
298.19	1138.67
298.41	1167.34
298.62	1230.83
298.83	1140.72
299.05	1216.49
299.26	1122.29
299.48	1224.69
299.69	1163.25
299.90	1134.57
300.12	1101.81
300.33	1165.29
300.55	1163.25
300.76	1155.05
300.98	1187.82
301.19	1193.97
301.40	1204.21
301.62	1243.12
301.83	1169.39
302.05	1265.64
302.26	1234.93
302.47	1171.44
302.69	1126.38
302.90	1169.39
303.12	1179.63
303.33	1163.25
303.54	1140.72
303.76	1167.34
303.97	1136.62
304.19	1210.35
304.40	1173.49
304.61	1226.73
304.83	1163.25
305.04	1140.72
305.26	1204.21
305.47	1169.39
305.68	1198.06
305.90	1193.97
306.11	1179.63
306.33	1167.34
306.54	1173.49
306.75	1196.01
306.97	1116.14
307.18	1177.58
307.39	1112.05
307.61	1212.40
307.82	1126.38
308.04	1134.57
308.25	1232.88
308.46	1146.86
308.68	1155.05
308.89	1196.01
309.10	1241.07
309.32	1230.83
309.53	1083.38
309.74	1185.77
309.96	1130.48
310.17	1208.30
310.39	1179.63
310.60	1212.40
310.81	1196.01
311.03	1202.16
311.24	1183.73
311.45	1193.97
311.67	1126.38
311.88	1230.83
312.09	1200.11
312.31	1175.53
312.52	1157.10
312.73	1148.91
312.95	1103.86
313.16	1142.77
313.37	1255.40
313.59	1243.12
313.80	1183.73
314.01	1183.73
314.23	1196.01
314.44	1196.01
314.65	1208.30
314.87	1189.87
315.08	1165.29
315.29	1150.96
315.51	1148.91
315.72	1171.44
315.93	1159.15
316.15	1153.01
316.36	1159.15
316.57	1200.11
316.79	1206.25
317.00	1148.91
317.21	1191.92
317.43	1202.16
317.64	1193.97
317.85	1134.57
318.07	1175.53
318.28	1177.58
318.49	1214.45
318.70	1130.48
318.92	1142.77
319.13	1107.95
319.34	1157.10
319.56	1222.64
319.77	1134.57
319.98	1134.57
320.20	1173.49
320.41	1116.14
320.62	1257.45
320.83	1181.68
321.05	1257.45
321.26	1183.73
321.47	1163.25
321.69	1183.73
321.90	1134.57
322.11	1173.49
322.32	1163.25
322.54	1150.96
322.75	1097.71
322.96	1163.25
323.18	1130.48
323.39	1130.48
323.60	1159.15
323.81	1241.07
324.03	1150.96
324.24	1153.01
324.45	1214.45
324.66	1214.45
324.88	1239.02
325.09	1208.30
325.30	1167.34
325.52	1230.83
325.73	1116.14
325.94	1144.81
326.15	1173.49
326.37	1245.16
326.58	1185.77
326.79	1118.19
327.00	1177.58
327.22	1200.11
327.43	1157.10
327.64	1198.06
327.85	1138.67
328.07	1148.91
328.28	1150.96
328.49	1163.25
328.70	1224.69
328.92	1167.34
329.13	1200.11
329.34	1169.39
329.55	1193.97
329.76	1179.63
329.98	1146.86
330.19	1157.10
330.40	1220.59
330.61	1222.64
330.83	1173.49
331.04	1105.90
331.25	1146.86
331.46	1251.31
331.68	1189.87
331.89	1159.15
332.10	1146.86
332.31	1116.14
332.52	1165.29
332.74	1142.77
332.95	1163.25
333.16	1222.64
333.37	1220.59
333.58	1212.40
333.80	1187.82
334.01	1165.29
334.22	1187.82
334.43	1159.15
334.64	1286.12
334.86	1107.95
335.07	1202.16
335.28	1181.68
335.49	1159.15
335.70	1179.63
335.92	1216.49
336.13	1163.25
336.34	1198.06
336.55	1155.05
336.76	1130.48
336.98	1165.29
337.19	1159.15
337.40	1144.81
337.61	1212.40
337.82	1214.45
338.04	1198.06
338.25	1193.97
338.46	1081.33
338.67	1138.67
338.88	1118.19
339.09	1163.25
339.31	1193.97
339.52	1177.58
339.73	1163.25
339.94	1116.14
340.15	1204.21
340.36	1155.05
340.58	1118.19
340.79	1251.31
341.00	1140.72
341.21	1193.97
341.42	1132.53
341.63	1159.15
341.85	1196.01
342.06	1189.87
342.27	1138.67
342.48	1187.82
342.69	1150.96
342.90	1183.73
343.12	1124.33
343.33	1214.45
343.54	1177.58
343.75	1165.29
343.96	1214.45
344.17	1116.14
344.38	1193.97
344.60	1189.87
344.81	1220.59
345.02	1206.25
345.23	1150.96
345.44	1193.97
345.65	1163.25
345.86	1198.06
346.07	1208.30
346.29	1138.67
346.50	1161.20
346.71	1208.30
346.92	1175.53
347.13	1198.06
347.34	1134.57
347.55	1218.54
347.76	1138.67
347.98	1163.25
348.19	1204.21
348.40	1187.82
348.61	1116.14
348.82	1161.20
349.03	1148.91
349.24	1157.10
349.45	1140.72
349.66	1222.64
349.88	1148.91
350.09	1241.07
350.30	1226.73
350.51	1136.62
350.72	1159.15
350.93	1167.34
351.14	1218.54
351.35	1175.53
351.56	1099.76
351.77	1142.77
351.99	1200.11
352.20	1128.43
352.41	1226.73
352.62	1198.06
352.83	1212.40
353.04	1193.97
353.25	1126.38
353.46	1142.77
353.67	1079.28
353.88	1138.67
354.09	1185.77
354.30	1167.34
354.52	1216.49
354.73	1181.68
354.94	1181.68
355.15	1144.81
355.36	1183.73
355.57	1153.01
355.78	1120.24
355.99	1153.01
356.20	1136.62
356.41	1167.34
356.62	1232.88
356.83	1089.52
357.04	1095.66
357.25	1185.77
357.46	1206.25
357.68	1175.53
357.89	1193.97
358.10	1120.24
358.31	1150.96
358.52	1181.68
358.73	1216.49
358.94	1175.53
359.15	1224.69
359.36	1163.25
359.57	1234.93
359.78	1116.14
359.99	1130.48
360.20	1175.53
360.41	1163.25
360.62	1144.81
360.83	1144.81
361.04	1140.72
361.25	1146.86
361.46	1165.29
361.67	1146.86
361.88	1191.92
362.09	1218.54
362.30	1146.86
362.51	1140.72
362.72	1234.93
362.93	1157.10
363.14	1200.11
363.35	1155.05
363.56	1247.21
363.78	1136.62
363.99	1144.81
364.20	1150.96
364.41	1173.49
364.62	1171.44
364.83	1173.49
365.04	1210.35
365.25	1198.06
365.46	1052.66
365.67	1292.27
365.88	1112.05
366.09	1144.81
366.30	1183.73
366.51	1177.58
366.72	1177.58
366.93	1153.01
367.14	1167.34
367.35	1169.39
367.56	1110.00
367.77	1175.53
367.98	1202.16
368.18	1148.91
368.39	1208.30
368.60	1093.62
368.81	1159.15
369.02	1218.54
369.23	1185.77
369.44	1185.77
369.65	1210.35
369.86	1165.29
370.07	1171.44
370.28	1171.44
370.49	1153.01
370.70	1173.49
370.91	1140.72
371.12	1161.20
371.33	1167.34
371.54	1167.34
371.75	1224.69
371.96	1206.25
372.17	1208.30
372.38	1179.63
372.59	1198.06
372.80	1107.95
373.01	1198.06
373.22	1155.05
373.43	1171.44
373.64	1159.15
373.85	1150.96
374.06	1181.68
374.26	1153.01
374.47	1163.25
374.68	1157.10
374.89	1163.25
375.10	1148.91
375.31	1198.06
375.52	1183.73
375.73	1241.07
375.94	1161.20
376.15	1187.82
376.36	1150.96
376.57	1142.77
376.78	1191.92
376.99	1148.91
377.20	1136.62
377.40	1163.25
377.61	1208.30
377.82	1163.25
378.03	1183.73
378.24	1144.81
378.45	1187.82
378.66	1138.67
378.87	1122.29
379.08	1069.04
379.29	1183.73
379.50	1191.92
379.71	1222.64
379.91	1167.34
380.12	1191.92
380.33	1167.34
380.54	1099.76
380.75	1193.97
380.96	1202.16
381.17	1155.05
381.38	1114.10
381.59	1208.30
381.80	1191.92
382.00	1241.07
382.21	1150.96
382.42	1232.88
382.63	1101.81
382.84	1042.42
383.05	1157.10
383.26	1138.67
383.47	1212.40
383.68	1226.73
383.88	1122.29
384.09	1239.02
384.30	1142.77
384.51	1167.34
384.72	1157.10
384.93	1257.45
385.14	1208.30
385.35	1155.05
385.55	1079.28
385.76	1191.92
385.97	1118.19
386.18	1189.87
386.39	1157.10
386.60	1179.63
386.81	1198.06
387.02	1169.39
387.22	1196.01
387.43	1179.63
387.64	1191.92
387.85	1263.60
388.06	1204.21
388.27	1146.86
388.48	1179.63
388.68	1157.10
388.89	1161.20
389.10	1173.49
389.31	1142.77
389.52	1173.49
389.73	1173.49
389.93	1140.72
390.14	1128.43
390.35	1187.82
390.56	1189.87
390.77	1150.96
390.98	1212.40
391.18	1150.96
391.39	1120.24
391.60	1138.67
391.81	1146.86
392.02	1122.29
392.23	1089.52
392.43	1148.91
392.64	1116.14
392.85	1218.54
393.06	1245.16
393.27	1169.39
393.47	1206.25
393.68	1138.67
393.89	1187.82
394.10	1228.78
394.31	1130.48
394.52	1255.40
394.72	1167.34
394.93	1132.53
395.14	1105.90
395.35	1134.57
395.56	1177.58
395.76	1177.58
395.97	1157.10
396.18	1191.92
396.39	1130.48
396.60	1167.34
396.80	1200.11
397.01	1142.77
397.22	1234.93
397.43	1126.38
397.64	1157.10
397.84	1124.33
398.05	1134.57
398.26	1179.63
398.47	1128.43
398.67	1142.77
398.88	1148.91
399.09	1183.73
399.30	1171.44
399.51	1177.58
399.71	1161.20
399.92	1144.81
400.13	1202.16
400.34	1216.49
400.54	1134.57
400.75	1224.69
400.96	1189.87
401.17	1167.34
401.37	1134.57
401.58	1122.29
401.79	1157.10
402.00	1140.72
402.21	1134.57
402.41	1253.36
402.62	1185.77
402.83	1196.01
403.04	1181.68
403.24	1099.76
403.45	1224.69
403.66	1204.21
403.87	1216.49
404.07	1124.33
404.28	1232.88
404.49	1216.49
404.70	1128.43
404.90	1202.16
405.11	1177.58
405.32	1259.50
405.52	1040.37
405.73	1191.92
405.94	1083.38
406.15	1181.68
406.35	1148.91
406.56	1142.77
406.77	1200.11
406.98	1177.58
407.18	1196.01
407.39	1200.11
407.60	1200.11
407.80	1198.06
408.01	1241.07
408.22	1206.25
408.43	1163.25
408.63	1130.48
408.84	1228.78
409.05	1198.06
409.25	1150.96
409.46	1171.44
409.67	1191.92
409.88	1232.88
410.08	1208.30
410.29	1189.87
410.50	1155.05
410.70	1146.86
410.91	1159.15
411.12	1167.34
411.32	1163.25
411.53	1142.77
411.74	1191.92
411.95	1116.14
412.15	1150.96
412.36	1183.73
412.57	1230.83
412.77	1167.34
412.98	1093.62
413.19	1148.91
413.39	1210.35
413.60	1183.73
413.81	1148.91
414.01	1175.53
414.22	1196.01
414.43	1198.06
414.63	1153.01
414.84	1153.01
415.05	1189.87
415.25	1169.39
415.46	1198.06
415.67	1134.57
415.87	1134.57
416.08	1183.73
416.29	1200.11
416.49	1187.82
416.70	1110.00
416.91	1146.86
417.11	1132.53
417.32	1200.11
417.53	1220.59
417.73	1187.82
417.94	1097.71
418.15	1159.15
418.35	1128.43
418.56	1210.35
418.77	1198.06
418.97	1220.59
419.18	1112.05
419.38	1189.87
419.59	1191.92
419.80	1171.44
420.00	1187.82
420.21	1200.11
420.42	1130.48
420.62	1292.27
420.83	1179.63
421.04	1204.21
421.24	1177.58
421.45	1200.11
421.65	1107.95
421.86	1173.49
422.07	1214.45
422.27	1099.76
422.48	1239.02
422.69	1165.29
422.89	1146.86
423.10	1167.34
423.30	1175.53
423.51	1210.35
423.72	1185.77
423.92	1206.25
424.13	1230.83
424.33	1077.23
424.54	1167.34
424.75	1175.53
424.95	1161.20
425.16	1138.67
425.36	1171.44
425.57	1191.92
425.78	1110.00
425.98	1171.44
426.19	1161.20
426.39	1134.57
426.60	1175.53
426.81	1130.48
427.01	1107.95
427.22	1159.15
427.42	1126.38
427.63	1169.39
427.83	1146.86
428.04	1128.43
428.25	1161.20
428.45	1167.34
428.66	1073.14
428.86	1163.25
429.07	1200.11
429.28	1193.97
429.48	1173.49
429.69	1150.96
429.89	1247.21
430.10	1220.59
430.30	1169.39
430.51	1163.25
430.71	1224.69
430.92	1193.97
431.13	1130.48
431.33	1212.40
431.54	1124.33
431.74	1130.48
431.95	1144.81
432.15	1167.34
432.36	1193.97
432.56	1257.45
432.77	1175.53
432.98	1212.40
433.18	1206.25
433.39	1148.91
433.59	1134.57
433.80	1196.01
434.00	1253.36
434.21	1200.11
434.41	1167.34
434.62	1253.36
434.82	1167.34
435.03	1159.15
435.23	1210.35
435.44	1288.17
435.64	1243.12
435.85	1177.58
436.06	1110.00
436.26	1191.92
436.47	1191.92
436.67	1167.34
436.88	1120.24
437.08	1189.87
437.29	1153.01
437.49	1150.96
437.70	1216.49
437.90	1161.20
438.11	1157.10
438.31	1148.91
438.52	1179.63
438.72	1132.53
438.93	1167.34
439.13	1146.86
439.34	1200.11
439.54	1277.93
439.75	1077.23
439.95	1257.45
440.16	1179.63
440.36	1179.63
440.57	1157.10
440.77	1128.43
440.98	1181.68
441.18	1200.11
441.39	1161.20
441.59	1140.72
441.80	1105.90
442.00	1193.97
442.21	1107.95
442.41	1181.68
442.62	1167.34
442.82	1157.10
443.02	1185.77
443.23	1259.50
443.43	1167.34
443.64	1167.34
443.84	1179.63
444.05	1138.67
444.25	1144.81
444.46	1167.34
444.66	1198.06
444.87	1155.05
445.07	1210.35
445.28	1175.53
445.48	1228.78
445.69	1230.83
445.89	1142.77
446.09	1148.91
446.30	1183.73
446.50	1171.44
446.71	1247.21
446.91	1167.34
447.12	1148.91
447.32	1206.25
447.53	1150.96
447.73	1165.29
447.93	1206.25
448.14	1198.06
448.34	1130.48
448.55	1198.06
448.75	1155.05
448.96	1099.76
449.16	1193.97
449.36	1107.95
449.57	1163.25
449.77	1191.92
449.98	1204.21
450.18	1216.49
450.39	1165.29
450.59	1161.20
450.79	1171.44
451.00	1230.83
451.20	1116.14
451.41	1193.97
451.61	1226.73
451.81	1179.63
452.02	1140.72
452.22	1173.49
452.43	1173.49
452.63	1159.15
452.84	1212.40
453.04	1189.87
453.24	1204.21
453.45	1136.62
453.65	1157.10
453.86	1110.00
454.06	1122.29
454.26	1198.06
454.47	1208.30
454.67	1134.57
454.87	1193.97
455.08	1150.96
455.28	1167.34
455.49	1183.73
455.69	1163.25
455.89	1208.30
456.10	1193.97
456.30	1249.26
456.51	1206.25
456.71	1107.95
456.91	1153.01
457.12	1241.07
457.32	1165.29
457.52	1234.93
457.73	1173.49
457.93	1177.58
458.14	1087.47
458.34	1099.76
458.54	1130.48
458.75	1157.10
458.95	1171.44
459.15	1189.87
459.36	1153.01
459.56	1198.06
459.76	1163.25
459.97	1079.28
460.17	1159.15
460.37	1204.21
460.58	1183.73
460.78	1220.59
460.99	1187.82
461.19	1163.25
461.39	1083.38
461.60	1267.69
461.80	1189.87
462.00	1132.53
462.21	1163.25
462.41	1175.53
462.61	1122.29
462.82	1167.34
463.02	1150.96
463.22	1077.23
463.43	1110.00
463.63	1212.40
463.83	1210.35
464.04	1191.92
464.24	1157.10
464.44	1171.44
464.64	1122.29
464.85	1183.73
465.05	1208.30
465.25	1173.49
465.46	1105.90
465.66	1193.97
465.86	1136.62
466.07	1222.64
466.27	1224.69
466.47	1093.62
466.68	1173.49
466.88	1191.92
467.08	1159.15
467.29	1200.11
467.49	1191.92
467.69	1171.44
467.89	1196.01
468.10	1130.48
468.30	1222.64
468.50	1161.20
468.71	1155.05
468.91	1191.92
469.11	1134.57
469.31	1159.15
469.52	1183.73
469.72	1142.77
469.92	1155.05
470.13	1140.72
470.33	1124.33
470.53	1187.82
470.73	1134.57
470.94	1253.36
471.14	1175.53
471.34	1189.87
471.54	1198.06
471.75	1210.35
471.95	1200.11
472.15	1169.39
472.36	1171.44
472.56	1150.96
472.76	1144.81
472.96	1175.53
473.17	1177.58
473.37	1155.05
473.57	1273.84
473.77	1112.05
473.98	1196.01
474.18	1144.81
474.38	1177.58
474.58	1200.11
474.79	1173.49
474.99	1165.29
475.19	1269.74
475.39	1212.40
475.60	1173.49
475.80	1150.96
476.00	1191.92
476.20	1191.92
476.41	1138.67
476.61	1206.25
476.81	1224.69
477.01	1241.07
477.21	1165.29
477.42	1144.81
477.62	1165.29
477.82	1212.40
478.02	1210.35
478.23	1159.15
478.43	1212.40
478.63	1110.00
478.83	1130.48
479.03	1157.10
479.24	1128.43
479.44	1167.34
479.64	1204.21
479.84	1171.44
480.04	1165.29
480.25	1159.15
480.45	1150.96
480.65	1181.68
480.85	1130.48
481.06	1138.67
481.26	1179.63
481.46	1183.73
481.66	1245.16
481.86	1187.82
482.06	1187.82
482.27	1122.29
482.47	1134.57
482.67	1181.68
482.87	1204.21
483.07	1126.38
483.28	1208.30
483.48	1206.25
483.68	1261.55
483.88	1124.33
484.08	1212.40
484.29	1097.71
484.49	1204.21
484.69	1169.39
484.89	1159.15
485.09	1155.05
485.29	1144.81
485.50	1157.10
485.70	1204.21
485.90	1161.20
486.10	1193.97
486.30	1134.57
486.50	1212.40
486.71	1171.44
486.91	1191.92
487.11	1179.63
487.31	1122.29
487.51	1138.67
487.71	1165.29
487.91	1265.64
488.12	1155.05
488.32	1161.20
488.52	1183.73
488.72	1206.25
488.92	1198.06
489.12	1175.53
489.32	1114.10
489.53	1155.05
489.73	1126.38
489.93	1234.93
490.13	1163.25
490.33	1165.29
490.53	1140.72
490.73	1138.67
490.94	1159.15
491.14	1167.34
491.34	1212.40
491.54	1138.67
491.74	1183.73
491.94	1126.38
492.14	1093.62
492.34	1183.73
492.54	1153.01
492.75	1196.01
492.95	1189.87
493.15	1132.53
493.35	1140.72
493.55	1189.87
493.75	1202.16
493.95	1185.77
494.15	1257.45
494.35	1220.59
494.56	1177.58
494.76	1134.57
494.96	1177.58
495.16	1185.77
495.36	1165.29
495.56	1157.10
495.76	1191.92
495.96	1179.63
496.16	1177.58
496.36	1093.62
496.56	1155.05
496.77	1198.06
496.97	1210.35
497.17	1163.25
497.37	1153.01
497.57	1157.10
497.77	1148.91
497.97	1093.62
498.17	1157.10
498.37	1159.15
498.57	1163.25
498.77	1171.44
498.97	1159.15
499.17	1198.06
499.38	1126.38
499.58	1189.87
499.78	1187.82
499.98	1130.48
500.18	1177.58
500.38	1187.82
500.58	1099.76
500.78	1214.45
500.98	1122.29
501.18	1202.16
501.38	1167.34
501.58	1134.57
501.78	1216.49
501.98	1189.87
502.18	1124.33
502.38	1148.91
502.58	1163.25
502.78	1222.64
502.98	1155.05
503.18	1132.53
503.38	1198.06
503.59	1130.48
503.79	1161.20
503.99	1167.34
504.19	1232.88
504.39	1165.29
504.59	1202.16
504.79	1128.43
504.99	1216.49
505.19	1198.06
505.39	1083.38
505.59	1183.73
505.79	1212.40
505.99	1228.78
506.19	1175.53
506.39	1193.97
506.59	1136.62
506.79	1169.39
506.99	1146.86
507.19	1208.30
507.39	1208.30
507.59	1191.92
507.79	1181.68
507.99	1212.40
508.19	1216.49
508.39	1200.11
508.59	1185.77
508.79	1263.60
508.99	1196.01
509.19	1150.96
509.39	1142.77
509.59	1187.82
509.79	1157.10
509.99	1187.82
510.19	1093.62
510.39	1200.11
510.59	1232.88
510.79	1130.48
510.99	1189.87
511.19	1120.24
511.39	1222.64
511.59	1198.06
511.79	1146.86
511.99	1239.02
512.19	1159.15
512.38	1134.57
512.58	1175.53
512.78	1181.68
512.98	1153.01
513.18	1155.05
513.38	1118.19
513.58	1200.11
513.78	1253.36
513.98	1153.01
514.18	1138.67
514.38	1181.68
514.58	1155.05
514.78	1179.63
514.98	1148.91
515.18	1165.29
515.38	1128.43
515.58	1183.73
515.78	1179.63
515.98	1177.58
516.18	1107.95
516.38	1175.53
516.57	1169.39
516.77	1196.01
516.97	1241.07
517.17	1167.34
517.37	1167.34
517.57	1142.77
517.77	1228.78
517.97	1110.00
518.17	1157.10
518.37	1208.30
518.57	1204.21
518.77	1200.11
518.97	1202.16
519.16	1122.29
519.36	1196.01
519.56	1183.73
519.76	1288.17
519.96	1208.30
520.16	1157.10
520.36	1189.87
520.56	1177.58
520.76	1216.49
520.96	1187.82
521.16	1191.92
521.35	1161.20
521.55	1189.87
521.75	1150.96
521.95	1134.57
522.15	1191.92
522.35	1118.19
522.55	1142.77
522.75	1177.58
522.95	1163.25
523.14	1153.01
523.34	1118.19
523.54	1228.78
523.74	1189.87
523.94	1161.20
524.14	1126.38
524.34	1159.15
524.54	1153.01
524.73	1114.10
524.93	1118.19
525.13	1191.92
525.33	1153.01
525.53	1189.87
525.73	1175.53
525.93	1202.16
526.13	1224.69
526.32	1073.14
526.52	1241.07
526.72	1183.73
526.92	1130.48
527.12	1089.52
527.32	1120.24
527.52	1134.57
527.71	1169.39
527.91	1153.01
528.11	1163.25
528.31	1216.49
528.51	1136.62
528.71	1214.45
528.90	1136.62
529.10	1183.73
529.30	1105.90
529.50	1099.76
529.70	1175.53
529.90	1146.86
530.09	1142.77
530.29	1224.69
530.49	1155.05
530.69	1165.29
530.89	1185.77
531.09	1185.77
531.28	1150.96
531.48	1150.96
531.68	1159.15
531.88	1187.82
532.08	1181.68
532.28	1142.77
532.47	1167.34
532.67	1148.91
532.87	1159.15
533.07	1148.91
533.27	1138.67
533.46	1241.07
533.66	1153.01
533.86	1236.97
534.06	1169.39
534.26	1157.10
534.45	1175.53
534.65	1263.60
534.85	1128.43
535.05	1146.86
535.25	1163.25
535.44	1161.20
535.64	1132.53
535.84	1234.93
536.04	1216.49
536.24	1163.25
536.43	1175.53
536.63	1181.68
536.83	1155.05
537.03	1196.01
537.22	1171.44
537.42	1198.06
537.62	1177.58
537.82	1185.77
538.02	1175.53
538.21	1157.10
538.41	1204.21
538.61	1124.33
538.81	1257.45
539.00	1196.01
539.20	1163.25
539.40	1163.25
539.60	1173.49
539.79	1142.77
539.99	1161.20
540.19	1175.53
540.39	1232.88
540.58	1114.10
540.78	1236.97
540.98	1155.05
541.18	1114.10
541.37	1239.02
541.57	1148.91
541.77	1136.62
541.97	1079.28
542.16	1181.68
542.36	1177.58
542.56	1189.87
542.76	1202.16
542.95	1177.58
543.15	1214.45
543.35	1183.73
543.54	1163.25
543.74	1169.39
543.94	1210.35
544.14	1150.96
544.33	1218.54
544.53	1185.77
544.73	1177.58
544.93	1191.92
545.12	1202.16
545.32	1153.01
545.52	1189.87
545.71	1122.29
545.91	1153.01
546.11	1243.12
546.30	1206.25
546.50	1171.44
546.70	1159.15
546.90	1165.29
547.09	1105.90
547.29	1132.53
547.49	1093.62
547.68	1179.63
547.88	1159.15
548.08	1191.92
548.27	1157.10
548.47	1196.01
548.67	1110.00
548.87	1124.33
549.06	1167.34
549.26	1198.06
549.46	1206.25
549.65	1249.26
549.85	1173.49
550.05	1206.25
550.24	1210.35
550.44	1103.86
550.64	1105.90
550.83	1161.20
551.03	1183.73
551.23	1191.92
551.42	1214.45
551.62	1171.44
551.82	1144.81
552.01	1120.24
552.21	1155.05
552.41	1226.73
552.60	1157.10
552.80	1134.57
553.00	1148.91
553.19	1081.33
553.39	1142.77
553.59	1185.77
553.78	1173.49
553.98	1169.39
554.17	1202.16
554.37	1134.57
554.57	1157.10
554.76	1222.64
554.96	1177.58
555.16	1175.53
555.35	1167.34
555.55	1165.29
555.75	1146.86
555.94	1189.87
556.14	1181.68
556.33	1200.11
556.53	1159.15
556.73	1177.58
556.92	1196.01
557.12	1140.72
557.32	1165.29
557.51	1159.15
557.71	1101.81
557.90	1128.43
558.10	1126.38
558.30	1163.25
558.49	1167.34
558.69	1132.53
558.88	1206.25
559.08	1220.59
559.28	1230.83
559.47	1105.90
559.67	1216.49
559.86	1224.69
560.06	1191.92
560.26	1206.25
560.45	1189.87
560.65	1179.63
560.84	1146.86
561.04	1191.92
561.24	1142.77
561.43	1202.16
561.63	1128.43
561.82	1157.10
562.02	1198.06
562.22	1169.39
562.41	1118.19
562.61	1134.57
562.80	1150.96
563.00	1167.34
563.19	1120.24
563.39	1198.06
563.59	1118.19
563.78	1107.95
563.98	1210.35
564.17	1150.96
564.37	1093.62
564.56	1232.88
564.76	1183.73
564.96	1183.73
565.15	1191.92
565.35	1142.77
565.54	1200.11
565.74	1216.49
565.93	1230.83
566.13	1153.01
566.32	1183.73
566.52	1163.25
566.71	1187.82
566.91	1179.63
567.11	1202.16
567.30	1202.16
567.50	1255.40
567.69	1183.73
567.89	1120.24
568.08	1226.73
568.28	1189.87
568.47	1239.02
568.67	1130.48
568.86	1218.54
569.06	1130.48
569.25	1224.69
569.45	1191.92
569.64	1183.73
569.84	1181.68
570.04	1208.30
570.23	1212.40
570.43	1204.21
570.62	1155.05
570.82	1206.25
571.01	1138.67
571.21	1191.92
571.40	1167.34
571.60	1169.39
571.79	1083.38
571.99	1236.97
572.18	1122.29
572.38	1171.44
572.57	1112.05
572.77	1181.68
572.96	1204.21
573.16	1222.64
573.35	1132.53
573.55	1224.69
573.74	1122.29
573.94	1224.69
574.13	1228.78
574.33	1140.72
574.52	1173.49
574.71	1159.15
574.91	1165.29
575.10	1169.39
575.30	1157.10
575.49	1255.40
575.69	1200.11
575.88	1148.91
576.08	1144.81
576.27	1206.25
576.47	1138.67
576.66	1232.88
576.86	1169.39
577.05	1179.63
577.25	1175.53
577.44	1236.97
577.64	1236.97
577.83	1249.26
578.02	1069.04
578.22	1200.11
578.41	1200.11
578.61	1204.21
578.80	1216.49
579.00	1247.21
579.19	1142.77
579.39	1150.96
579.58	1191.92
579.77	1173.49
579.97	1216.49
580.16	1087.47
580.36	1220.59
580.55	1126.38
580.75	1157.10
580.94	1163.25
581.13	1196.01
581.33	1216.49
581.52	1167.34
581.72	1249.26
581.91	1159.15
582.11	1210.35
582.30	1144.81
582.49	1181.68
582.69	1236.97
582.88	1206.25
583.08	1173.49
583.27	1236.97
583.47	1226.73
583.66	1157.10
583.85	1200.11
584.05	1185.77
584.24	1136.62
584.44	1159.15
584.63	1165.29
584.82	1202.16
585.02	1150.96
585.21	1085.42
585.41	1124.33
585.60	1183.73
585.79	1159.15
585.99	1177.58
586.18	1198.06
586.37	1124.33
586.57	1146.86
586.76	1239.02
586.96	1134.57
587.15	1157.10
587.34	1150.96
587.54	1167.34
587.73	1181.68
587.93	1183.73
588.12	1157.10
588.31	1130.48
588.51	1185.77
588.70	1122.29
588.89	1159.15
589.09	1120.24
589.28	1202.16
589.47	1196.01
589.67	1077.23
589.86	1177.58
590.06	1208.30
590.25	1165.29
590.44	1177.58
590.64	1155.05
590.83	1126.38
591.02	1163.25
591.22	1157.10
591.41	1165.29
591.60	1214.45
591.80	1146.86
591.99	1157.10
592.18	1173.49
592.38	1101.81
592.57	1183.73
592.76	1181.68
592.96	1144.81
593.15	1163.25
593.34	1157.10
593.54	1130.48
593.73	1083.38
593.92	1146.86
594.12	1120.24
594.31	1247.21
594.50	1208.30
594.70	1112.05
594.89	1228.78
595.08	1189.87
595.28	1101.81
595.47	1134.57
595.66	1175.53
595.86	1214.45
596.05	1167.34
596.24	1099.76
596.43	1157.10
596.63	1181.68
596.82	1208.30
597.01	1175.53
597.21	1163.25
597.40	1177.58
597.59	1230.83
597.79	1155.05
597.98	1255.40
598.17	1134.57
598.36	1153.01
598.56	1196.01
598.75	1208.30
598.94	1232.88
599.14	1118.19
599.33	1128.43
599.52	1140.72
599.71	1112.05
599.91	1163.25
600.10	1179.63
600.29	1171.44
600.48	1187.82
600.68	1234.93
600.87	1191.92
601.06	1200.11
601.26	1157.10
601.45	1142.77
601.64	1138.67
601.83	1187.82
602.03	1196.01
602.22	1167.34
602.41	1220.59
602.60	1159.15
602.80	1204.21
602.99	1200.11
603.18	1243.12
603.37	1236.97
603.57	1167.34
603.76	1181.68
603.95	1191.92
604.14	1122.29
604.34	1181.68
604.53	1183.73
604.72	1157.10
604.91	1130.48
605.10	1212.40
605.30	1179.63
605.49	1153.01
605.68	1144.81
605.87	1159.15
606.07	1202.16
606.26	1189.87
606.45	1212.40
606.64	1183.73
606.84	1183.73
607.03	1198.06
607.22	1234.93
607.41	1132.53
607.60	1204.21
607.80	1171.44
607.99	1140.72
608.18	1134.57
608.37	1183.73
608.56	1138.67
608.76	1212.40
608.95	1144.81
609.14	1157.10
609.33	1144.81
609.52	1232.88
609.72	1189.87
609.91	1157.10
610.10	1214.45
610.29	1216.49
610.48	1189.87
610.68	1130.48
610.87	1095.66
611.06	1181.68
611.25	1150.96
611.44	1185.77
611.63	1155.05
611.83	1187.82
612.02	1083.38
612.21	1230.83
612.40	1191.92
612.59	1216.49
612.79	1130.48
612.98	1230.83
613.17	1126.38
613.36	1198.06
613.55	1181.68
613.74	1183.73
613.93	1183.73
614.13	1222.64
614.32	1163.25
614.51	1150.96
614.70	1265.64
614.89	1214.45
615.08	1163.25
615.28	1183.73
615.47	1165.29
615.66	1196.01
615.85	1189.87
616.04	1171.44
616.23	1120.24
616.42	1232.88
616.62	1148.91
616.81	1179.63
617.00	1241.07
617.19	1140.72
617.38	1208.30
617.57	1122.29
617.76	1191.92
617.95	1124.33
618.15	1132.53
618.34	1118.19
618.53	1167.34
618.72	1169.39
618.91	1097.71
619.10	1208.30
619.29	1175.53
619.48	1249.26
619.68	1107.95
619.87	1218.54
620.06	1191.92
620.25	1146.86
620.44	1169.39
620.63	1155.05
620.82	1150.96
621.01	1144.81
621.20	1130.48
621.39	1236.97
621.59	1099.76
621.78	1191.92
621.97	1196.01
622.16	1165.29
622.35	1161.20
622.54	1198.06
622.73	1150.96
622.92	1187.82
623.11	1183.73
623.30	1187.82
623.49	1196.01
623.68	1204.21
623.88	1189.87
624.07	1206.25
624.26	1169.39
624.45	1189.87
624.64	1177.58
624.83	1175.53
625.02	1159.15
625.21	1218.54
625.40	1218.54
625.59	1200.11
625.78	1189.87
625.97	1161.20
626.16	1232.88
626.35	1183.73
626.54	1224.69
626.74	1224.69
626.93	1198.06
627.12	1146.86
627.31	1187.82
627.50	1259.50
627.69	1236.97
627.88	1185.77
628.07	1220.59
628.26	1216.49
628.45	1243.12
628.64	1251.31
628.83	1243.12
629.02	1226.73
629.21	1269.74
629.40	1150.96
629.59	1189.87
629.78	1210.35
629.97	1101.81
630.16	1177.58
630.35	1206.25
630.54	1169.39
630.73	1140.72
630.92	1271.79
631.11	1255.40
631.30	1322.99
631.49	1538.02
631.68	1820.64
631.87	3958.72
632.06	15724.30
632.25	47154.48
632.44	61234.27
632.63	61256.79
632.82	39982.49
633.01	20377.29
633.20	5638.06
633.39	6027.17
633.58	2928.60
633.77	2248.67
633.96	1843.17
634.15	1513.45
634.34	1523.69
634.53	1499.11
634.72	1527.78
634.91	1406.95
635.10	1288.17
635.29	1357.80
635.48	1282.03
635.67	1347.56
635.86	1179.63
636.05	1241.07
636.24	1204.21
636.43	1171.44
636.62	1155.05
636.81	1224.69
637.00	1228.78
637.19	1208.30
637.38	1185.77
637.57	1146.86
637.76	1249.26
637.95	1140.72
638.14	1138.67
638.33	1191.92
638.52	1185.77
638.71	1150.96
638.89	1130.48
639.08	1130.48
639.27	1204.21
639.46	1253.36
639.65	1191.92
639.84	1146.86
640.03	1214.45
640.22	1241.07
640.41	1124.33
640.60	1224.69
640.79	1183.73
640.98	1196.01
641.17	1187.82
641.36	1234.93
641.55	1191.92
641.74	1122.29
641.92	1222.64
642.11	1175.53
642.30	1140.72
642.49	1155.05
642.68	1146.86
642.87	1177.58
643.06	1110.00
643.25	1216.49
643.44	1134.57
643.63	1107.95
643.82	1134.57
644.00	1214.45
644.19	1216.49
644.38	1079.28
644.57	1173.49
644.76	1175.53
644.95	1175.53
645.14	1159.15
645.33	1093.62
645.52	1161.20
645.71	1193.97
645.89	1218.54
646.08	1232.88
646.27	1163.25
646.46	1208.30
646.65	1146.86
646.84	1165.29
647.03	1120.24
647.22	1224.69
647.40	1200.11
647.59	1187.82
647.78	1189.87
647.97	1175.53
648.16	1212.40
648.35	1187.82
648.54	1249.26
648.73	1177.58
648.91	1157.10
649.10	1193.97
649.29	1132.53
649.48	1161.20
649.67	1124.33
649.86	1222.64
650.05	1138.67
650.23	1128.43
650.42	1206.25
650.61	1136.62
650.80	1134.57
650.99	1173.49
651.18	1208.30
651.36	1181.68
651.55	1167.34
651.74	1204.21
651.93	1130.48
652.12	1189.87
652.31	1136.62
652.49	1191.92
652.68	1171.44
652.87	1218.54
653.06	1208.30
653.25	1173.49
653.44	1167.34
653.62	1206.25
653.81	1185.77
654.00	1130.48
654.19	1146.86
654.38	1226.73
654.56	1169.39
654.75	1230.83
654.94	1163.25
655.13	1167.34
655.32	1230.83
655.51	1210.35
655.69	1138.67
655.88	1142.77
656.07	1136.62
656.26	1273.84
656.45	1173.49
656.63	1146.86
656.82	1146.86
657.01	1212.40
657.20	1187.82
657.38	1204.21
657.57	1132.53
657.76	1245.16
657.95	1114.10
658.14	1140.72
658.32	1214.45
658.51	1140.72
658.70	1146.86
658.89	1058.80
659.08	1161.20
659.26	1107.95
659.45	1157.10
659.64	1167.34
659.83	1161.20
660.01	1187.82
660.20	1220.59
660.39	1171.44
660.58	1169.39
660.76	1179.63
660.95	1095.66
661.14	1224.69
661.33	1112.05
661.51	1183.73
661.70	1167.34
661.89	1105.90
662.08	1161.20
662.26	1251.31
662.45	1200.11
662.64	1202.16
662.83	1220.59
663.01	1107.95
663.20	1191.92
663.39	1226.73
663.58	1171.44
663.76	1212.40
663.95	1148.91
664.14	1157.10
664.32	1132.53
664.51	1167.34
664.70	1181.68
664.89	1122.29
665.07	1185.77
665.26	1222.64
665.45	1144.81
665.64	1206.25
665.82	1165.29
666.01	1148.91
666.20	1107.95
666.38	1193.97
666.57	1083.38
666.76	1153.01
666.95	1187.82
667.13	1193.97
667.32	1210.35
667.51	1155.05
667.69	1163.25
667.88	1245.16
668.07	1191.92
668.25	1177.58
668.44	1189.87
668.63	1181.68
668.81	1083.38
669.00	1144.81
669.19	1212.40
669.38	1261.55
669.56	1134.57
669.75	1157.10
669.94	1126.38
670.12	1140.72
670.31	1173.49
670.50	1175.53
670.68	1150.96
670.87	1167.34
671.06	1177.58
671.24	1259.50
671.43	1206.25
671.62	1218.54
671.80	1228.78
671.99	1191.92
672.18	1212.40
672.36	1136.62
672.55	1181.68
672.74	1175.53
672.92	1161.20
673.11	1232.88
673.29	1124.33
673.48	1189.87
673.67	1177.58
673.85	1189.87
674.04	1228.78
674.23	1200.11
674.41	1216.49
674.60	1165.29
674.79	1157.10
674.97	1159.15
675.16	1198.06
675.34	1144.81
675.53	1185.77
675.72	1196.01
675.90	1177.58
676.09	1185.77
676.28	1173.49
676.46	1171.44
676.65	1210.35
676.83	1204.21
677.02	1171.44
677.21	1220.59
677.39	1148.91
677.58	1126.38
677.77	1179.63
677.95	1218.54
678.14	1196.01
678.32	1150.96
678.51	1200.11
678.70	1257.45
678.88	1216.49
679.07	1099.76
679.25	1175.53
679.44	1144.81
679.63	1261.55
679.81	1146.86
680.00	1136.62
680.18	1206.25
680.37	1198.06
680.55	1212.40
680.74	1142.77
680.93	1167.34
681.11	1153.01
681.30	1169.39
681.48	1163.25
681.67	1245.16
681.85	1206.25
682.04	1132.53
682.23	1183.73
682.41	1220.59
682.60	1202.16
682.78	1148.91
682.97	1208.30
683.15	1185.77
683.34	1196.01
683.53	1132.53
683.71	1202.16
683.90	1157.10
684.08	1191.92
684.27	1181.68
684.45	1232.88
684.64	1181.68
684.82	1169.39
685.01	1232.88
685.19	1193.97
685.38	1150.96
685.57	1183.73
685.75	1298.41
685.94	1146.86
686.12	1208.30
686.31	1198.06
686.49	1136.62
686.68	1179.63
686.86	1150.96
687.05	1167.34
687.23	1179.63
687.42	1146.86
687.60	1181.68
687.79	1183.73
687.97	1222.64
688.16	1122.29
688.34	1204.21
688.53	1191.92
688.71	1181.68
688.90	1220.59
689.08	1153.01
689.27	1161.20
689.45	1196.01
689.64	1181.68
689.82	1222.64
690.01	1187.82
690.19	1163.25
690.38	1183.73
690.56	1234.93
690.75	1175.53
690.93	1155.05
691.12	1150.96
691.30	1163.25
691.49	1169.39
691.67	1245.16
691.86	1159.15
692.04	1220.59
692.23	1134.57
692.41	1163.25
692.60	1132.53
692.78	1191.92
692.97	1150.96
693.15	1239.02
693.34	1167.34
693.52	1165.29
693.71	1208.30
693.89	1157.10
694.08	1107.95
694.26	1175.53
694.44	1245.16
694.63	1177.58
694.81	1155.05
695.00	1107.95
695.18	1120.24
695.37	1161.20
695.55	1171.44
695.74	1134.57
695.92	1140.72
696.10	1122.29
696.29	1187.82
696.47	1169.39
696.66	1206.25
696.84	1163.25
697.03	1185.77
697.21	1148.91
697.40	1124.33
697.58	1183.73
697.76	1140.72
697.95	1212.40
698.13	1161.20
698.32	1130.48
698.50	1179.63
698.68	1175.53
698.87	1296.36
699.05	1118.19
699.24	1204.21
699.42	1245.16
699.61	1183.73
699.79	1161.20
699.97	1171.44
700.16	1146.86
700.34	1222.64
700.53	1232.88
700.71	1183.73
700.89	1157.10
701.08	1210.35
701.26	1171.44
701.45	1179.63
701.63	1155.05
701.81	1208.30
702.00	1286.12
702.18	1204.21
702.37	1208.30
702.55	1234.93
702.73	1165.29
702.92	1183.73
703.10	1173.49
703.28	1163.25
703.47	1148.91
703.65	1175.53
703.84	1148.91
704.02	1148.91
704.20	1144.81
704.39	1181.68
704.57	1187.82
704.75	1161.20
704.94	1212.40
705.12	1183.73
705.30	1196.01
705.49	1173.49
705.67	1191.92
705.86	1222.64
706.04	1167.34
706.22	1169.39
706.41	1206.25
706.59	1150.96
706.77	1146.86
706.96	1130.48
707.14	1171.44
707.32	1165.29
707.51	1189.87
707.69	1208.30
707.87	1150.96
708.06	1169.39
708.24	1222.64
708.42	1161.20
708.61	1224.69
708.79	1140.72
708.97	1118.19
709.16	1169.39
709.34	1206.25
709.52	1234.93
709.71	1236.97
709.89	1085.42
710.07	1163.25
710.26	1177.58
710.44	1224.69
710.62	1148.91
710.80	1187.82
710.99	1181.68
711.17	1093.62
711.35	1159.15
711.54	1220.59
711.72	1236.97
711.90	1191.92
712.09	1116.14
712.27	1193.97
712.45	1175.53
712.63	1228.78
712.82	1200.11
713.00	1089.52
713.18	1236.97
713.37	1177.58
713.55	1150.96
713.73	1204.21
713.91	1140.72
714.10	1241.07
714.28	1171.44
714.46	1140.72
714.65	1077.23
714.83	1187.82
715.01	1179.63
715.19	1087.47
715.38	1130.48
715.56	1159.15
715.74	1177.58
715.92	1144.81
716.11	1179.63
716.29	1243.12
716.47	1144.81
716.65	1277.93
716.84	1138.67
717.02	1204.21
717.20	1222.64
717.38	1255.40
717.57	1222.64
717.75	1216.49
717.93	1085.42
718.11	1144.81
718.30	1230.83
718.48	1181.68
718.66	1253.36
718.84	1144.81
719.03	1249.26
719.21	1161.20
719.39	1140.72
719.57	1138.67
719.75	1122.29
719.94	1134.57
720.12	1177.58
720.30	1208.30
720.48	1232.88
720.67	1042.42
720.85	1134.57
721.03	1124.33
721.21	1134.57
721.39	1189.87
721.58	1167.34
721.76	1169.39
721.94	1159.15
722.12	1146.86
722.30	1187.82
722.49	1140.72
722.67	1099.76
722.85	1155.05
723.03	1179.63
723.21	1161.20
723.40	1198.06
723.58	1169.39
723.76	1187.82
723.94	1198.06
724.12	1220.59
724.30	1206.25
724.49	1177.58
724.67	1150.96
724.85	1193.97
725.03	1134.57
725.21	1202.16
725.40	1222.64
725.58	1177.58
725.76	1198.06
725.94	1200.11
726.12	1105.90
726.30	1165.29
726.49	1146.86
726.67	1212.40
726.85	1232.88
727.03	1218.54
727.21	1175.53
727.39	1167.34
727.57	1175.53
727.76	1179.63
727.94	1161.20
728.12	1212.40
728.30	1071.09
728.48	1142.77
728.66	1138.67
728.84	1110.00
729.03	1193.97
729.21	1150.96
729.39	1140.72
729.57	1126.38
729.75	1165.29
729.93	1146.86
730.11	1165.29
730.30	1204.21
730.48	1183.73
730.66	1163.25
730.84	1167.34
731.02	1142.77
731.20	1200.11
731.38	1181.68
731.56	1107.95
731.74	1157.10
731.93	1157.10
732.11	1177.58
732.29	1163.25
732.47	1150.96
732.65	1245.16
732.83	1206.25
733.01	1155.05
733.19	1167.34
733.37	1212.40
733.56	1204.21
733.74	1161.20
733.92	1081.33
734.10	1183.73
734.28	1144.81
734.46	1181.68
734.64	1146.86
734.82	1155.05
735.00	1157.10
735.18	1142.77
735.36	1140.72
735.54	1191.92
735.73	1142.77
735.91	1171.44
736.09	1208.30
736.27	1181.68
736.45	1169.39
736.63	1179.63
736.81	1202.16
736.99	1173.49
737.17	1142.77
737.35	1138.67
737.53	1202.16
737.71	1163.25
737.89	1130.48
738.07	1210.35
738.25	1126.38
738.43	1171.44
738.61	1132.53
738.80	1191.92
738.98	1212.40
739.16	1198.06
739.34	1153.01
739.52	1142.77
739.70	1126.38
739.88	1173.49
740.06	1181.68
740.24	1110.00
740.42	1234.93
740.60	1169.39
740.78	1200.11
740.96	1167.34
741.14	1230.83
741.32	1179.63
741.50	1259.50
741.68	1146.86
741.86	1148.91
742.04	1169.39
742.22	1105.90
742.40	1179.63
742.58	1107.95
742.76	1200.11
742.94	1206.25
743.12	1189.87
743.30	1150.96
743.48	1116.14
743.66	1200.11
743.84	1206.25
744.02	1114.10
744.20	1204.21
744.38	1193.97
744.56	1208.30
744.74	1150.96
744.92	1298.41
745.10	1148.91
745.28	1128.43
745.46	1097.71
745.64	1150.96
745.82	1155.05
746.00	1193.97
746.18	1122.29
746.36	1187.82
746.54	1130.48
746.72	1241.07
746.90	1155.05
747.08	1232.88
747.26	1198.06
747.44	1204.21
747.62	1155.05
747.80	1163.25
747.98	1177.58
748.15	1165.29
748.33	1267.69
748.51	1173.49
748.69	1196.01
748.87	1128.43
749.05	1159.15
749.23	1089.52
749.41	1243.12
749.59	1179.63
749.77	1132.53
749.95	1089.52
750.13	1177.58
750.31	1212.40
750.49	1122.29
750.67	1105.90
750.85	1136.62
751.03	1253.36
751.20	1196.01
751.38	1148.91
751.56	1202.16
751.74	1128.43
751.92	1173.49
752.10	1126.38
752.28	1257.45
752.46	1150.96
752.64	1214.45
752.82	1183.73
753.00	1153.01
753.18	1126.38
753.35	1157.10
753.53	1179.63
753.71	1210.35
753.89	1077.23
754.07	1155.05
754.25	1118.19
754.43	1206.25
754.61	1196.01
754.79	1144.81
754.97	1112.05
755.14	1134.57
755.32	1228.78
755.50	1167.34
755.68	1216.49
755.86	1183.73
756.04	1163.25
756.22	1116.14
756.40	1196.01
756.57	1146.86
756.75	1191.92
756.93	1200.11
757.11	1118.19
757.29	1202.16
757.47	1173.49
757.65	1222.64
757.82	1155.05
758.00	1226.73
758.18	1210.35
758.36	1146.86
758.54	1175.53
758.72	1157.10
758.90	1183.73
759.07	1126.38
759.25	1222.64
759.43	1148.91
759.61	1179.63
759.79	1128.43
759.97	1161.20
760.15	1120.24
760.32	1167.34
760.50	1157.10
760.68	1224.69
760.86	1163.25
761.04	1200.11
761.22	1159.15
761.39	1128.43
761.57	1107.95
761.75	1236.97
761.93	1126.38
762.11	1198.06
762.28	1138.67
762.46	1177.58
762.64	1124.33
762.82	1165.29
763.00	1118.19
763.18	1189.87
763.35	1118.19
763.53	1228.78
763.71	1140.72
763.89	1161.20
764.07	1210.35
764.24	1177.58
764.42	1193.97
764.60	1146.86
764.78	1126.38
764.96	1191.92
765.13	1148.91
765.31	1144.81
765.49	1220.59
765.67	1130.48
765.84	1198.06
766.02	1144.81
766.20	1122.29
766.38	1138.67
766.56	1177.58
766.73	1214.45
766.91	1189.87
767.09	1224.69
767.27	1153.01
767.44	1150.96
767.62	1191.92
767.80	1150.96
767.98	1208.30
768.15	1222.64
768.33	1148.91
768.51	1189.87
768.69	1189.87
768.87	1226.73
769.04	1206.25
769.22	1175.53
769.40	1200.11
769.58	1198.06
769.75	1144.81
769.93	1157.10
770.11	1189.87
770.28	1191.92
770.46	1126.38
770.64	1173.49
770.82	1214.45
770.99	1181.68
771.17	1169.39
771.35	1216.49
771.53	1171.44
771.70	1181.68
771.88	1187.82
772.06	1095.66
772.23	1101.81
772.41	1128.43
772.59	1191.92
772.77	1153.01
772.94	1208.30
773.12	1120.24
773.30	1171.44
773.47	1196.01
773.65	1167.34
773.83	1226.73
774.01	1228.78
774.18	1155.05
774.36	1136.62
774.54	1130.48
774.71	1314.80
774.89	1150.96
775.07	1198.06
775.24	1165.29
775.42	1187.82
775.60	1218.54
775.78	1175.53
775.95	1228.78
776.13	1196.01
776.31	1095.66
776.48	1187.82
776.66	1161.20
776.84	1138.67
777.01	1110.00
777.19	1132.53
777.37	1183.73
777.54	1142.77
777.72	1210.35
777.90	1146.86
778.07	1191.92
778.25	1218.54
778.43	1124.33
778.60	1187.82
778.78	1159.15
778.96	1206.25
779.13	1173.49
779.31	1187.82
779.49	1202.16
779.66	1099.76
779.84	1150.96
780.01	1228.78
780.19	1099.76
780.37	1153.01
780.54	1208.30
780.72	1206.25
780.90	1132.53
781.07	1200.11
781.25	1181.68
781.43	1142.77
781.60	1114.10
781.78	1173.49
781.95	1134.57
782.13	1181.68
782.31	1155.05
782.48	1148.91
782.66	1122.29
782.83	1157.10
783.01	1159.15
783.19	1193.97
783.36	1198.06
783.54	1187.82
783.72	1191.92
783.89	1214.45
784.07	1116.14
784.24	1132.53
784.42	1146.86
784.60	1155.05
784.77	1167.34
784.95	1148.91
785.12	1196.01
785.30	1159.15
785.47	1241.07
785.65	1208.30
785.83	1196.01
786.00	1198.06
786.18	1177.58
786.35	1089.52
786.53	1241.07
786.71	1179.63
786.88	1155.05
787.06	1267.69
787.23	1187.82
787.41	1198.06
787.58	1136.62
787.76	1163.25
787.94	1247.21
788.11	1146.86
788.29	1173.49
788.46	1105.90
788.64	1099.76
788.81	1224.69
788.99	1167.34
789.16	1167.34
789.34	1095.66
789.52	1216.49
789.69	1159.15
789.87	1208.30
790.04	1179.63
790.22	1208.30
790.39	1218.54
790.57	1150.96
790.74	1187.82
790.92	1153.01
791.09	1214.45
791.27	1200.11
791.44	1122.29
791.62	1159.15
791.79	1112.05
791.97	1150.96
792.15	1148.91
792.32	1245.16
792.50	1189.87
792.67	1202.16
792.85	1177.58
793.02	1191.92
793.20	1165.29
793.37	1138.67
793.55	1146.86
793.72	1155.05
793.90	1161.20
794.07	1175.53
794.25	1202.16
794.42	1103.86
794.60	1136.62
794.77	1075.18
794.95	1216.49
795.12	1200.11
795.30	1161.20
795.47	1116.14
795.65	1282.03
795.82	1181.68
796.00	1159.15
796.17	1191.92
796.34	1177.58
796.52	1066.99
796.69	1208.30
796.87	1220.59
797.04	1179.63
797.22	1148.91
797.39	1157.10
797.57	1185.77
797.74	1179.63
797.92	1138.67
798.09	1200.11
798.27	1175.53
798.44	1202.16
798.62	1185.77
798.79	1118.19
798.96	1146.86
799.14	1159.15
799.31	1128.43
799.49	1220.59
799.66	1132.53
799.84	1193.97
800.01	1206.25
800.19	1163.25
800.36	1122.29
800.53	1150.96
800.71	1165.29
800.88	1183.73
801.06	1185.77
801.23	1202.16
801.41	1216.49
801.58	1126.38
801.75	1101.81
801.93	1193.97
802.10	1136.62
802.28	1198.06
802.45	1130.48
802.63	1202.16
802.80	1064.94
802.97	1218.54
803.15	1148.91
803.32	1185.77
803.50	1177.58
803.67	1202.16
803.84	1169.39
804.02	1144.81
804.19	1173.49
804.37	1165.29
804.54	1110.00
804.71	1140.72
804.89	1146.86
805.06	1167.34
805.24	1144.81
805.41	1105.90
805.58	1249.26
805.76	1228.78
805.93	1196.01
806.10	1239.02
806.28	1206.25
806.45	1226.73
806.63	1105.90
806.80	1157.10
806.97	1165.29
807.15	1107.95
807.32	1150.96
807.49	1163.25
807.67	1232.88
807.84	1140.72
808.01	1142.77
808.19	1196.01
808.36	1228.78
808.54	1175.53
808.71	1142.77
808.88	1089.52
809.06	1159.15
809.23	1191.92
809.40	1179.63
809.58	1142.77
809.75	1224.69
809.92	1175.53
810.10	1171.44
810.27	1128.43
810.44	1253.36
810.62	1179.63
810.79	1183.73
810.96	1198.06
811.14	1118.19
811.31	1159.15
811.48	1134.57
811.66	1187.82
811.83	1077.23
812.00	1212.40
812.18	1177.58
812.35	1140.72
812.52	1161.20
812.69	1138.67
812.87	1169.39
813.04	1148.91
813.21	1171.44
813.39	1140.72
813.56	1144.81
813.73	1177.58
813.91	1150.96
814.08	1181.68
814.25	1146.86
814.42	1204.21
814.60	1146.86
814.77	1155.05
814.94	1218.54
815.12	1273.84
815.29	1128.43
815.46	1173.49
815.63	1189.87
815.81	1167.34
815.98	1177.58
816.15	1150.96
816.33	1200.11
816.50	1208.30
816.67	1204.21
816.84	1226.73
817.02	1159.15
817.19	1193.97
817.36	1177.58
817.53	1206.25
817.71	1155.05
817.88	1116.14
818.05	1179.63
818.22	1200.11
818.40	1132.53
818.57	1142.77
818.74	1202.16
818.91	1224.69
819.09	1179.63
819.26	1136.62
819.43	1202.16
819.60	1196.01
819.78	1128.43
819.95	1157.10
820.12	1167.34
820.29	1146.86
820.47	1232.88
820.64	1124.33
820.81	1208.30
820.98	1191.92
821.15	1126.38
821.33	1124.33
821.50	1210.35
821.67	1175.53
821.84	1204.21
822.02	1193.97
822.19	1189.87
822.36	1169.39
822.53	1179.63
822.70	1232.88
822.88	1157.10
823.05	1163.25
823.22	1130.48
823.39	1138.67
823.56	1228.78
823.74	1185.77
823.91	1165.29
824.08	1155.05
824.25	1189.87
824.42	1165.29
824.60	1140.72
824.77	1167.34
824.94	1183.73
825.11	1196.01
825.28	1198.06
825.45	1214.45
825.63	1175.53
825.80	1165.29
825.97	1173.49
826.14	1142.77
826.31	1247.21
826.48	1163.25
826.66	1216.49
826.83	1161.20
827.00	1134.57
827.17	1185.77
827.34	1189.87
827.51	1202.16
827.69	1155.05
827.86	1183.73
828.03	1183.73
828.20	1230.83
828.37	1142.77
828.54	1224.69
828.71	1159.15
828.89	1146.86
829.06	1140.72
829.23	1150.96
829.40	1165.29
829.57	1097.71
829.74	1200.11
829.91	1202.16
830.09	1175.53
830.26	1132.53
830.43	1200.11
830.60	1085.42
830.77	1220.59
830.94	1196.01
831.11	1155.05
831.28	1251.31
831.46	1189.87
831.63	1161.20
831.80	1206.25
831.97	1214.45
832.14	1183.73
832.31	1153.01
832.48	1181.68
832.65	1189.87
832.82	1159.15
832.99	1167.34
833.17	1155.05
833.34	1202.16
833.51	1226.73
833.68	1173.49
833.85	1189.87
834.02	1153.01
834.19	1116.14
834.36	1222.64
834.53	1179.63
834.70	1216.49
834.87	1165.29
835.04	1107.95
835.22	1171.44
835.39	1165.29
835.56	1169.39
835.73	1206.25
835.90	1181.68
836.07	1198.06
836.24	1171.44
836.41	1202.16
836.58	1150.96
836.75	1148.91
836.92	1103.86
837.09	1173.49
837.26	1136.62
837.43	1183.73
837.60	1234.93
837.77	1196.01
837.94	1206.25
838.12	1181.68
838.29	1167.34
838.46	1181.68
838.63	1146.86
838.80	1138.67
838.97	1245.16
839.14	1124.33
839.31	1155.05
839.48	1251.31
839.65	1243.12
839.82	1159.15
839.99	1177.58
840.16	1177.58
840.33	1171.44
840.50	1110.00
840.67	1183.73
840.84	1298.41
841.01	1202.16
841.18	1204.21
841.35	1196.01
841.52	1177.58
841.69	1181.68
841.86	1204.21
842.03	1134.57
842.20	1216.49
842.37	1187.82
842.54	1161.20
842.71	1161.20
842.88	1171.44
843.05	1257.45
843.22	1175.53
843.39	1165.29
843.56	1236.97
843.73	1126.38
843.90	1161.20
844.07	1134.57
844.24	1159.15
844.41	1228.78
844.58	1214.45
844.75	1175.53
844.92	1169.39
845.09	1173.49
845.26	1173.49
845.43	1191.92
845.60	1173.49
845.77	1185.77
845.94	1198.06
846.10	1189.87
846.27	1138.67
846.44	1222.64
846.61	1167.34
846.78	1200.11
846.95	1134.57
847.12	1196.01
847.29	1216.49
847.46	1218.54
847.63	1183.73
847.80	1148.91
847.97	1177.58
848.14	1148.91
848.31	1136.62
848.48	1124.33
848.65	1200.11
848.82	1114.10
848.98	1257.45
849.15	1124.33
849.32	1187.82
849.49	1167.34
849.66	1189.87
849.83	1187.82
850.00	1271.79
850.17	1130.48
850.34	1216.49
850.51	1177.58
850.68	1239.02
850.85	1185.77
851.01	1212.40
851.18	1146.86
851.35	1185.77
851.52	1132.53
851.69	1208.30
851.86	1142.77
852.03	1163.25
852.20	1187.82
852.37	1167.34
852.53	1189.87
852.70	1128.43
852.87	1126.38
853.04	1202.16
853.21	1273.84
853.38	1159.15
853.55	1126.38
853.72	1179.63
853.89	1196.01
854.05	1150.96
854.22	1150.96
854.39	1058.80
854.56	1132.53
854.73	1212.40
854.90	1208.30
855.07	1177.58
855.23	1183.73
855.40	1232.88
855.57	1179.63
855.74	1214.45
855.91	1069.04
856.08	1189.87
856.25	1157.10
856.41	1148.91
856.58	1183.73
856.75	1218.54
856.92	1189.87
857.09	1167.34
857.26	1124.33
857.42	1173.49
857.59	1136.62
857.76	1189.87
857.93	1077.23
858.10	1153.01
858.27	1126.38
858.43	1124.33
858.60	1136.62
858.77	1087.47
858.94	1187.82
859.11	1173.49
859.27	1153.01
859.44	1142.77
859.61	1181.68
859.78	1177.58
859.95	1134.57
860.12	1171.44
860.28	1112.05
860.45	1144.81
860.62	1191.92
860.79	1204.21
860.95	1191.92
861.12	1241.07
861.29	1085.42
861.46	1214.45
861.63	1134.57
861.79	1153.01
861.96	1226.73
862.13	1128.43
862.30	1212.40
862.47	1208.30
862.63	1187.82
862.80	1247.21
862.97	1157.10
863.14	1173.49
863.30	1161.20
863.47	1148.91
863.64	1212.40
863.81	1161.20
863.97	1153.01
864.14	1183.73
864.31	1107.95
864.48	1187.82
864.65	1177.58
864.81	1191.92
864.98	1202.16
865.15	1181.68
865.32	1114.10
865.48	1130.48
865.65	1155.05
865.82	1124.33
865.98	1179.63
866.15	1216.49
866.32	1193.97
866.49	1175.53
866.65	1165.29
866.82	1226.73
866.99	1191.92
867.16	1187.82
867.32	1206.25
867.49	1206.25
867.66	1228.78
867.83	1212.40
867.99	1277.93
868.16	1193.97
868.33	1146.86
868.49	1101.81
868.66	1148.91
868.83	1200.11
868.99	1193.97
869.16	1105.90
869.33	1249.26
869.50	1140.72
869.66	1155.05
869.83	1196.01
870.00	1200.11
870.16	1206.25
870.33	1175.53
870.50	1126.38
870.66	1157.10
870.83	1183.73
871.00	1116.14
871.17	1191.92
871.33	1146.86
871.50	1187.82
871.67	1161.20
871.83	1253.36
872.00	1185.77
872.17	1122.29
872.33	1236.97
872.50	1132.53
872.67	1210.35
872.83	1136.62
873.00	1134.57
873.17	1144.81
873.33	1191.92
873.50	1175.53
873.67	1169.39
873.83	1150.96
874.00	1138.67
874.16	1228.78
874.33	1150.96
874.50	1077.23
874.66	1157.10
874.83	1155.05
875.00	1183.73
875.16	1165.29
875.33	1200.11
875.50	1157.10
875.66	1187.82
875.83	1118.19
875.99	1177.58
876.16	1204.21
876.33	1206.25
876.49	1132.53
876.66	1214.45
876.83	1247.21
876.99	1142.77
877.16	1181.68
877.32	1167.34
877.49	1185.77
877.66	1175.53
877.82	1206.25
877.99	1228.78
878.15	1167.34
878.32	1196.01
878.49	1187.82
878.65	1208.30
878.82	1173.49
878.98	1138.67
879.15	1124.33
879.32	1208.30
879.48	1169.39
879.65	1193.97
879.81	1142.77
879.98	1175.53
880.15	1189.87
880.31	1214.45
880.48	1157.10
880.64	1155.05
880.81	1198.06
880.97	1189.87
881.14	1138.67
881.31	1187.82
881.47	1183.73
881.64	1132.53
881.80	1118.19
881.97	1175.53
882.13	1146.86
882.30	1189.87
882.47	1155.05
882.63	1144.81
882.80	1122.29
882.96	1140.72
883.13	1189.87
883.29	1177.58
883.46	1140.72
883.62	1159.15
883.79	1134.57
883.95	1210.35
884.12	1165.29
884.29	1183.73
884.45	1153.01
884.62	1171.44
884.78	1193.97
884.95	1128.43
885.11	1177.58
885.28	1120.24
885.44	1173.49
885.61	1173.49
885.77	1167.34
885.94	1110.00
886.10	1288.17
886.27	1239.02
886.43	1183.73
886.60	1103.86
886.76	1148.91
886.93	1157.10
887.09	1193.97
887.26	1183.73
887.42	1161.20
887.59	1181.68
887.75	1200.11
887.92	1177.58
888.08	1198.06
888.25	1144.81
888.41	1183.73
888.58	1134.57
888.74	1167.34
888.91	1179.63
