177.47	1210.35
177.69	1210.35
177.91	1210.35
178.13	1167.34
178.36	1177.58
178.58	1210.35
178.80	1159.15
179.02	1208.30
179.24	1212.40
179.46	1167.34
179.68	1128.43
179.90	1140.72
180.13	1189.87
180.35	1155.05
180.57	1224.69
180.79	1136.62
181.01	1206.25
181.23	1243.12
181.45	1179.63
181.67	1130.48
181.90	1159.15
182.12	1200.11
182.34	1185.77
182.56	1183.73
182.78	1163.25
183.00	1159.15
183.22	1226.73
183.44	1185.77
183.66	1083.38
183.89	1157.10
184.11	1226.73
184.33	1210.35
184.55	1234.93
184.77	1157.10
184.99	1247.21
185.21	1226.73
185.43	1118.19
185.65	1142.77
185.87	1175.53
186.10	1222.64
186.32	1222.64
186.54	1112.05
186.76	1136.62
186.98	1169.39
187.20	1173.49
187.42	1073.14
187.64	1167.34
187.86	1144.81
188.08	1132.53
188.30	1138.67
188.52	1193.97
188.75	1177.58
188.97	1175.53
189.19	1265.64
189.41	1134.57
189.63	1161.20
189.85	1122.29
190.07	1150.96
190.29	1142.77
190.51	1124.33
190.73	1189.87
190.95	1134.57
191.17	1198.06
191.39	1089.52
191.61	1148.91
191.84	1175.53
192.06	1153.01
192.28	1210.35
192.50	1234.93
192.72	1193.97
192.94	1214.45
193.16	1245.16
193.38	1150.96
193.60	1089.52
193.82	1220.59
194.04	1150.96
194.26	1200.11
194.48	1185.77
194.70	1269.74
194.92	1196.01
195.14	1165.29
195.36	1198.06
195.58	1103.86
195.80	1124.33
196.02	1193.97
196.24	1107.95
196.46	1167.34
196.69	1144.81
196.91	1146.86
197.13	1148.91
197.35	1191.92
197.57	1222.64
197.79	1228.78
198.01	1150.96
198.23	1191.92
198.45	1157.10
198.67	1155.05
198.89	1196.01
199.11	1175.53
199.33	1161.20
199.55	1153.01
199.77	1169.39
199.99	1130.48
200.21	1140.72
200.43	1181.68
200.65	1189.87
200.87	1187.82
201.09	1185.77
201.31	1097.71
201.53	1175.53
201.75	1181.68
201.97	1110.00
202.19	1198.06
202.41	1189.87
202.63	1155.05
202.85	1157.10
203.07	1232.88
203.29	1124.33
203.51	1212.40
203.73	1167.34
203.95	1169.39
204.17	1144.81
204.39	1222.64
204.61	1126.38
204.83	1134.57
205.05	1226.73
205.27	1163.25
205.49	1255.40
205.71	1126.38
205.93	1218.54
206.15	1187.82
206.37	1177.58
206.59	1157.10
206.81	1122.29
207.03	1175.53
207.25	1218.54
207.47	1216.49
207.69	1189.87
207.91	1183.73
208.13	1185.77
208.34	1171.44
208.56	1171.44
208.78	1179.63
209.00	1200.11
209.22	1183.73
209.44	1208.30
209.66	1134.57
209.88	1241.07
210.10	1163.25
210.32	1249.26
210.54	1239.02
210.76	1191.92
210.98	1124.33
211.20	1083.38
211.42	1220.59
211.64	1210.35
211.86	1173.49
212.08	1210.35
212.30	1155.05
212.52	1107.95
212.74	1181.68
212.96	1187.82
213.17	1153.01
213.39	1206.25
213.61	1128.43
213.83	1200.11
214.05	1206.25
214.27	1126.38
214.49	1216.49
214.71	1179.63
214.93	1089.52
215.15	1191.92
215.37	1232.88
215.59	1191.92
215.81	1175.53
216.03	1193.97
216.24	1191.92
216.46	1191.92
216.68	1204.21
216.90	1228.78
217.12	1165.29
217.34	1112.05
217.56	1239.02
217.78	1224.69
218.00	1161.20
218.22	1220.59
218.44	1150.96
218.66	1224.69
218.87	1150.96
219.09	1224.69
219.31	1122.29
219.53	1206.25
219.75	1198.06
219.97	1220.59
220.19	1224.69
220.41	1167.34
220.63	1175.53
220.85	1165.29
221.06	1204.21
221.28	1140.72
221.50	1175.53
221.72	1198.06
221.94	1157.10
222.16	1130.48
222.38	1216.49
222.60	1163.25
222.82	1138.67
223.03	1153.01
223.25	1142.77
223.47	1226.73
223.69	1218.54
223.91	1220.59
224.13	1214.45
224.35	1196.01
224.57	1187.82
224.78	1193.97
225.00	1187.82
225.22	1161.20
225.44	1212.40
225.66	1183.73
225.88	1241.07
226.10	1144.81
226.32	1251.31
226.53	1196.01
226.75	1163.25
226.97	1226.73
227.19	1157.10
227.41	1146.86
227.63	1155.05
227.85	1239.02
228.06	1179.63
228.28	1126.38
228.50	1214.45
228.72	1198.06
228.94	1196.01
229.16	1142.77
229.37	1150.96
229.59	1230.83
229.81	1132.53
230.03	1183.73
230.25	1167.34
230.47	1171.44
230.69	1210.35
230.90	1155.05
231.12	1159.15
231.34	1155.05
231.56	1185.77
231.78	1198.06
232.00	1200.11
232.21	1181.68
232.43	1140.72
232.65	1110.00
232.87	1175.53
233.09	1208.30
233.30	1210.35
233.52	1179.63
233.74	1200.11
233.96	1171.44
234.18	1161.20
234.40	1224.69
234.61	1200.11
234.83	1185.77
235.05	1216.49
235.27	1206.25
235.49	1216.49
235.70	1159.15
235.92	1177.58
236.14	1136.62
236.36	1183.73
236.58	1196.01
236.79	1191.92
237.01	1204.21
237.23	1128.43
237.45	1134.57
237.67	1241.07
237.88	1175.53
238.10	1198.06
238.32	1245.16
238.54	1169.39
238.76	1130.48
238.97	1255.40
239.19	1224.69
239.41	1130.48
239.63	1220.59
239.85	1173.49
240.06	1101.81
240.28	1126.38
240.50	1177.58
240.72	1179.63
240.93	1198.06
241.15	1204.21
241.37	1169.39
241.59	1196.01
241.81	1183.73
242.02	1173.49
242.24	1134.57
242.46	1177.58
242.68	1157.10
242.89	1185.77
243.11	1161.20
243.33	1153.01
243.55	1191.92
243.76	1128.43
243.98	1089.52
244.20	1167.34
244.42	1132.53
244.64	1191.92
244.85	1150.96
245.07	1200.11
245.29	1142.77
245.51	1191.92
245.72	1157.10
245.94	1144.81
246.16	1169.39
246.38	1171.44
246.59	1193.97
246.81	1214.45
247.03	1224.69
247.24	1206.25
247.46	1193.97
247.68	1224.69
247.90	1181.68
248.11	1191.92
248.33	1193.97
248.55	1175.53
248.77	1128.43
248.98	1187.82
249.20	1218.54
249.42	1196.01
249.64	1191.92
249.85	1124.33
250.07	1206.25
250.29	1132.53
250.50	1200.11
250.72	1142.77
250.94	1191.92
251.16	1163.25
251.37	1142.77
251.59	1153.01
251.81	1185.77
252.02	1175.53
252.24	1212.40
252.46	1175.53
252.68	1210.35
252.89	1220.59
253.11	1136.62
253.33	1159.15
253.54	1134.57
253.76	1159.15
253.98	1189.87
254.20	1169.39
254.41	1212.40
254.63	1206.25
254.85	1191.92
255.06	1148.91
255.28	1138.67
255.50	1200.11
255.71	1157.10
255.93	1130.48
256.15	1214.45
256.36	1136.62
256.58	1159.15
256.80	1198.06
257.02	1226.73
257.23	1193.97
257.45	1075.18
257.67	1126.38
257.88	1144.81
258.10	1142.77
258.32	1212.40
258.53	1257.45
258.75	1171.44
258.97	1167.34
259.18	1173.49
259.40	1208.30
259.62	1116.14
259.83	1181.68
260.05	1136.62
260.27	1181.68
260.48	1122.29
260.70	1187.82
260.92	1130.48
261.13	1165.29
261.35	1222.64
261.57	1198.06
261.78	1191.92
262.00	1214.45
262.22	1175.53
262.43	1116.14
262.65	1196.01
262.86	1183.73
263.08	1155.05
263.30	1110.00
263.51	1101.81
263.73	1241.07
263.95	1142.77
264.16	1177.58
264.38	1187.82
264.60	1171.44
264.81	1208.30
265.03	1232.88
265.25	1097.71
265.46	1138.67
265.68	1232.88
265.89	1073.14
266.11	1157.10
266.33	1212.40
266.54	1249.26
266.76	1167.34
266.98	1130.48
267.19	1200.11
267.41	1155.05
267.62	1241.07
267.84	1179.63
268.06	1204.21
268.27	1138.67
268.49	1150.96
268.70	1220.59
268.92	1169.39
269.14	1103.86
269.35	1241.07
269.57	1183.73
269.79	1224.69
270.00	1124.33
270.22	1189.87
270.43	1196.01
270.65	1177.58
270.87	1200.11
271.08	1136.62
271.30	1179.63
271.51	1189.87
271.73	1220.59
271.95	1159.15
272.16	1216.49
272.38	1191.92
272.59	1200.11
272.81	1208.30
273.02	1239.02
273.24	1214.45
273.46	1118.19
273.67	1222.64
273.89	1214.45
274.10	1187.82
274.32	1185.77
274.54	1257.45
274.75	1150.96
274.97	1202.16
275.18	1163.25
275.40	1216.49
275.61	1206.25
275.83	1138.67
276.05	1146.86
276.26	1204.21
276.48	1196.01
276.69	1179.63
276.91	1202.16
277.12	1144.81
277.34	1193.97
277.55	1130.48
277.77	1132.53
277.99	1218.54
278.20	1144.81
278.42	1153.01
278.63	1214.45
278.85	1208.30
279.06	1140.72
279.28	1251.31
279.49	1144.81
279.71	1161.20
279.93	1181.68
280.14	1148.91
280.36	1161.20
280.57	1226.73
280.79	1157.10
281.00	1187.82
281.22	1155.05
281.43	1185.77
281.65	1191.92
281.86	1183.73
282.08	1230.83
282.29	1167.34
282.51	1150.96
282.73	1206.25
282.94	1105.90
283.16	1241.07
283.37	1167.34
283.59	1198.06
283.80	1146.86
284.02	1226.73
284.23	1142.77
284.45	1181.68
284.66	1177.58
284.88	1157.10
285.09	1234.93
285.31	1222.64
285.52	1134.57
285.74	1224.69
285.95	1153.01
286.17	1177.58
286.38	1193.97
286.60	1159.15
286.81	1112.05
287.03	1204.21
287.24	1157.10
287.46	1148.91
287.67	1159.15
287.89	1236.97
288.10	1105.90
288.32	1261.55
288.53	1165.29
288.75	1216.49
288.96	1128.43
289.18	1146.86
289.39	1136.62
289.61	1165.29
289.82	1212.40
290.04	1226.73
290.25	1208.30
290.47	1140.72
290.68	1177.58
290.90	1208.30
291.11	1116.14
291.33	1216.49
291.54	1146.86
291.76	1189.87
291.97	1212.40
292.18	1257.45
292.40	1202.16
292.61	1224.69
292.83	1161.20
293.04	1243.12
293.26	1130.48
293.47	1157.10
293.69	1126.38
293.90	1181.68
294.12	1107.95
294.33	1263.60
294.55	1206.25
294.76	1169.39
294.97	1155.05
295.19	1110.00
295.40	1187.82
295.62	1251.31
295.83	1128.43
296.05	1134.57
296.26	1171.44
296.48	1130.48
296.69	1171.44
296.90	1134.57
297.12	1214.45
297.33	1214.45
297.55	1239.02
297.76	1265.64
297.98	1189.87
298.19	1181.68
298.41	1179.63
298.62	1177.58
298.83	1191.92
299.05	1165.29
299.26	1101.81
299.48	1189.87
299.69	1157.10
299.90	1200.11
300.12	1179.63
300.33	1196.01
300.55	1146.86
300.76	1091.57
300.98	1210.35
301.19	1138.67
301.40	1230.83
301.62	1267.69
301.83	1183.73
302.05	1230.83
302.26	1224.69
302.47	1132.53
302.69	1159.15
302.90	1191.92
303.12	1193.97
303.33	1163.25
303.54	1183.73
303.76	1239.02
303.97	1165.29
304.19	1128.43
304.40	1161.20
304.61	1189.87
304.83	1155.05
305.04	1239.02
305.26	1198.06
305.47	1130.48
305.68	1189.87
305.90	1189.87
306.11	1163.25
306.33	1185.77
306.54	1171.44
306.75	1173.49
306.97	1120.24
307.18	1150.96
307.39	1177.58
307.61	1214.45
307.82	1126.38
308.04	1126.38
308.25	1118.19
308.46	1150.96
308.68	1204.21
308.89	1204.21
309.10	1155.05
309.32	1138.67
309.53	1183.73
309.74	1198.06
309.96	1171.44
310.17	1200.11
310.39	1103.86
310.60	1241.07
310.81	1161.20
311.03	1204.21
311.24	1224.69
311.45	1150.96
311.67	1273.84
311.88	1181.68
312.09	1257.45
312.31	1066.99
312.52	1146.86
312.73	1189.87
312.95	1200.11
313.16	1202.16
313.37	1110.00
313.59	1224.69
313.80	1171.44
314.01	1187.82
314.23	1163.25
314.44	1202.16
314.65	1138.67
314.87	1118.19
315.08	1173.49
315.29	1206.25
315.51	1191.92
315.72	1193.97
315.93	1175.53
316.15	1224.69
316.36	1208.30
316.57	1193.97
316.79	1128.43
317.00	1130.48
317.21	1216.49
317.43	1146.86
317.64	1187.82
317.85	1183.73
318.07	1171.44
318.28	1153.01
318.49	1202.16
318.70	1193.97
318.92	1142.77
319.13	1187.82
319.34	1122.29
319.56	1230.83
319.77	1187.82
319.98	1263.60
320.20	1122.29
320.41	1191.92
320.62	1169.39
320.83	1171.44
321.05	1220.59
321.26	1208.30
321.47	1179.63
321.69	1185.77
321.90	1236.97
322.11	1208.30
322.32	1236.97
322.54	1118.19
322.75	1130.48
322.96	1253.36
323.18	1236.97
323.39	1163.25
323.60	1175.53
323.81	1239.02
324.03	1107.95
324.24	1150.96
324.45	1181.68
324.66	1206.25
324.88	1208.30
325.09	1241.07
325.30	1183.73
325.52	1210.35
325.73	1200.11
325.94	1185.77
326.15	1120.24
326.37	1183.73
326.58	1216.49
326.79	1204.21
327.00	1175.53
327.22	1159.15
327.43	1191.92
327.64	1138.67
327.85	1146.86
328.07	1142.77
328.28	1177.58
328.49	1150.96
328.70	1181.68
328.92	1206.25
329.13	1163.25
329.34	1200.11
329.55	1099.76
329.76	1226.73
329.98	1191.92
330.19	1198.06
330.40	1150.96
330.61	1150.96
330.83	1150.96
331.04	1134.57
331.25	1185.77
331.46	1212.40
331.68	1220.59
331.89	1101.81
332.10	1171.44
332.31	1157.10
332.52	1255.40
332.74	1083.38
332.95	1118.19
333.16	1167.34
333.37	1196.01
333.58	1189.87
333.80	1179.63
334.01	1179.63
334.22	1171.44
334.43	1224.69
334.64	1179.63
334.86	1191.92
335.07	1208.30
335.28	1148.91
335.49	1126.38
335.70	1130.48
335.92	1122.29
336.13	1089.52
336.34	1196.01
336.55	1183.73
336.76	1171.44
336.98	1144.81
337.19	1202.16
337.40	1206.25
337.61	1157.10
337.82	1226.73
338.04	1177.58
338.25	1134.57
338.46	1175.53
338.67	1210.35
338.88	1187.82
339.09	1220.59
339.31	1226.73
339.52	1073.14
339.73	1138.67
339.94	1167.34
340.15	1210.35
340.36	1204.21
340.58	1148.91
340.79	1245.16
341.00	1206.25
341.21	1212.40
341.42	1177.58
341.63	1193.97
341.85	1110.00
342.06	1202.16
342.27	1198.06
342.48	1159.15
342.69	1173.49
342.90	1134.57
343.12	1083.38
343.33	1202.16
343.54	1189.87
343.75	1204.21
343.96	1191.92
344.17	1202.16
344.38	1236.97
344.60	1126.38
344.81	1196.01
345.02	1136.62
345.23	1212.40
345.44	1142.77
345.65	1228.78
345.86	1198.06
346.07	1169.39
346.29	1216.49
346.50	1134.57
346.71	1173.49
346.92	1167.34
347.13	1181.68
347.34	1132.53
347.55	1150.96
347.76	1273.84
347.98	1167.34
348.19	1198.06
348.40	1169.39
348.61	1247.21
348.82	1124.33
349.03	1239.02
349.24	1146.86
349.45	1171.44
349.66	1161.20
349.88	1187.82
350.09	1224.69
350.30	1159.15
350.51	1171.44
350.72	1234.93
350.93	1163.25
351.14	1187.82
351.35	1210.35
351.56	1173.49
351.77	1230.83
351.99	1161.20
352.20	1226.73
352.41	1257.45
352.62	1189.87
352.83	1191.92
353.04	1208.30
353.25	1245.16
353.46	1193.97
353.67	1200.11
353.88	1222.64
354.09	1171.44
354.30	1173.49
354.52	1165.29
354.73	1253.36
354.94	1191.92
355.15	1175.53
355.36	1189.87
355.57	1116.14
355.78	1241.07
355.99	1177.58
356.20	1155.05
356.41	1232.88
356.62	1171.44
356.83	1253.36
357.04	1167.34
357.25	1150.96
357.46	1142.77
357.68	1179.63
357.89	1150.96
358.10	1155.05
358.31	1196.01
358.52	1175.53
358.73	1167.34
358.94	1148.91
359.15	1157.10
359.36	1091.57
359.57	1099.76
359.78	1177.58
359.99	1173.49
360.20	1220.59
360.41	1230.83
360.62	1128.43
360.83	1144.81
361.04	1175.53
361.25	1189.87
361.46	1173.49
361.67	1171.44
361.88	1200.11
362.09	1089.52
362.30	1232.88
362.51	1193.97
362.72	1103.86
362.93	1191.92
363.14	1249.26
363.35	1208.30
363.56	1241.07
363.78	1189.87
363.99	1228.78
364.20	1140.72
364.41	1200.11
364.62	1163.25
364.83	1189.87
365.04	1157.10
365.25	1196.01
365.46	1183.73
365.67	1163.25
365.88	1206.25
366.09	1208.30
366.30	1165.29
366.51	1148.91
366.72	1159.15
366.93	1187.82
367.14	1196.01
367.35	1183.73
367.56	1173.49
367.77	1110.00
367.98	1165.29
368.18	1200.11
368.39	1091.57
368.60	1144.81
368.81	1126.38
369.02	1206.25
369.23	1120.24
369.44	1206.25
369.65	1163.25
369.86	1132.53
370.07	1163.25
370.28	1183.73
370.49	1124.33
370.70	1222.64
370.91	1161.20
371.12	1171.44
371.33	1124.33
371.54	1142.77
371.75	1177.58
371.96	1218.54
372.17	1187.82
372.38	1241.07
372.59	1173.49
372.80	1130.48
373.01	1177.58
373.22	1220.59
373.43	1187.82
373.64	1224.69
373.85	1175.53
374.06	1261.55
374.26	1130.48
374.47	1134.57
374.68	1165.29
374.89	1126.38
375.10	1161.20
375.31	1163.25
375.52	1136.62
375.73	1175.53
375.94	1198.06
376.15	1142.77
376.36	1234.93
376.57	1204.21
376.78	1187.82
376.99	1257.45
377.20	1110.00
377.40	1245.16
377.61	1202.16
377.82	1210.35
378.03	1120.24
378.24	1163.25
378.45	1173.49
378.66	1236.97
378.87	1110.00
379.08	1130.48
379.29	1159.15
379.50	1200.11
379.71	1196.01
379.91	1193.97
380.12	1200.11
380.33	1148.91
380.54	1140.72
380.75	1191.92
380.96	1208.30
381.17	1169.39
381.38	1183.73
381.59	1159.15
381.80	1173.49
382.00	1189.87
382.21	1138.67
382.42	1191.92
382.63	1189.87
382.84	1189.87
383.05	1155.05
383.26	1161.20
383.47	1177.58
383.68	1179.63
383.88	1165.29
384.09	1200.11
384.30	1179.63
384.51	1183.73
384.72	1193.97
384.93	1236.97
385.14	1150.96
385.35	1239.02
385.55	1101.81
385.76	1198.06
385.97	1157.10
386.18	1208.30
386.39	1144.81
386.60	1204.21
386.81	1130.48
387.02	1171.44
387.22	1175.53
387.43	1216.49
387.64	1196.01
387.85	1165.29
388.06	1167.34
388.27	1253.36
388.48	1122.29
388.68	1196.01
388.89	1140.72
389.10	1214.45
389.31	1253.36
389.52	1208.30
389.73	1210.35
389.93	1232.88
390.14	1130.48
390.35	1179.63
390.56	1130.48
390.77	1255.40
390.98	1155.05
391.18	1185.77
391.39	1187.82
391.60	1150.96
391.81	1112.05
392.02	1189.87
392.23	1179.63
392.43	1142.77
392.64	1206.25
392.85	1181.68
393.06	1191.92
393.27	1189.87
393.47	1181.68
393.68	1118.19
393.89	1112.05
394.10	1181.68
394.31	1218.54
394.52	1122.29
394.72	1187.82
394.93	1159.15
395.14	1249.26
395.35	1189.87
395.56	1183.73
395.76	1210.35
395.97	1179.63
396.18	1142.77
396.39	1155.05
396.60	1220.59
396.80	1187.82
397.01	1175.53
397.22	1251.31
397.43	1206.25
397.64	1196.01
397.84	1171.44
398.05	1128.43
398.26	1179.63
398.47	1269.74
398.67	1126.38
398.88	1245.16
399.09	1259.50
399.30	1200.11
399.51	1155.05
399.71	1116.14
399.92	1097.71
400.13	1128.43
400.34	1124.33
400.54	1165.29
400.75	1163.25
400.96	1183.73
401.17	1200.11
401.37	1173.49
401.58	1165.29
401.79	1191.92
402.00	1208.30
402.21	1097.71
402.41	1257.45
402.62	1183.73
402.83	1175.53
403.04	1173.49
403.24	1163.25
403.45	1232.88
403.66	1177.58
403.87	1196.01
404.07	1216.49
404.28	1150.96
404.49	1206.25
404.70	1107.95
404.90	1157.10
405.11	1136.62
405.32	1212.40
405.52	1175.53
405.73	1142.77
405.94	1091.57
406.15	1224.69
406.35	1167.34
406.56	1187.82
406.77	1138.67
406.98	1198.06
407.18	1198.06
407.39	1161.20
407.60	1159.15
407.80	1220.59
408.01	1163.25
408.22	1159.15
408.43	1183.73
408.63	1150.96
408.84	1183.73
409.05	1171.44
409.25	1165.29
409.46	1157.10
409.67	1142.77
409.88	1183.73
410.08	1171.44
410.29	1204.21
410.50	1200.11
410.70	1206.25
410.91	1155.05
411.12	1157.10
411.32	1220.59
411.53	1196.01
411.74	1167.34
411.95	1257.45
412.15	1146.86
412.36	1101.81
412.57	1171.44
412.77	1202.16
412.98	1200.11
413.19	1148.91
413.39	1103.86
413.60	1150.96
413.81	1243.12
414.01	1171.44
414.22	1095.66
414.43	1210.35
414.63	1198.06
414.84	1185.77
415.05	1105.90
415.25	1185.77
415.46	1146.86
415.67	1224.69
415.87	1210.35
416.08	1183.73
416.29	1206.25
416.49	1189.87
416.70	1181.68
416.91	1155.05
417.11	1167.34
417.32	1189.87
417.53	1202.16
417.73	1189.87
417.94	1148.91
418.15	1232.88
418.35	1187.82
418.56	1167.34
418.77	1148.91
418.97	1126.38
419.18	1171.44
419.38	1208.30
419.59	1163.25
419.80	1249.26
420.00	1124.33
420.21	1159.15
420.42	1153.01
420.62	1179.63
420.83	1116.14
421.04	1183.73
421.24	1191.92
421.45	1189.87
421.65	1173.49
421.86	1093.62
422.07	1228.78
422.27	1110.00
422.48	1144.81
422.69	1138.67
422.89	1161.20
423.10	1198.06
423.30	1153.01
423.51	1165.29
423.72	1198.06
423.92	1163.25
424.13	1214.45
424.33	1206.25
424.54	1134.57
424.75	1220.59
424.95	1126.38
425.16	1273.84
425.36	1181.68
425.57	1157.10
425.78	1179.63
425.98	1142.77
426.19	1165.29
426.39	1083.38
426.60	1112.05
426.81	1183.73
427.01	1167.34
427.22	1183.73
427.42	1196.01
427.63	1210.35
427.83	1206.25
428.04	1222.64
428.25	1138.67
428.45	1159.15
428.66	1181.68
428.86	1163.25
429.07	1245.16
429.28	1144.81
429.48	1191.92
429.69	1210.35
429.89	1134.57
430.10	1245.16
430.30	1189.87
430.51	1126.38
430.71	1171.44
430.92	1224.69
431.13	1124.33
431.33	1124.33
431.54	1288.17
431.74	1230.83
431.95	1167.34
432.15	1202.16
432.36	1122.29
432.56	1167.34
432.77	1220.59
432.98	1163.25
433.18	1146.86
433.39	1228.78
433.59	1198.06
433.80	1126.38
434.00	1167.34
434.21	1196.01
434.41	1204.21
434.62	1263.60
434.82	1079.28
435.03	1253.36
435.23	1054.70
435.44	1183.73
435.64	1159.15
435.85	1200.11
436.06	1183.73
436.26	1173.49
436.47	1226.73
436.67	1171.44
436.88	1241.07
437.08	1132.53
437.29	1173.49
437.49	1212.40
437.70	1193.97
437.90	1179.63
438.11	1112.05
438.31	1159.15
438.52	1204.21
438.72	1167.34
438.93	1220.59
439.13	1150.96
439.34	1110.00
439.54	1157.10
439.75	1153.01
439.95	1161.20
440.16	1107.95
440.36	1112.05
440.57	1185.77
440.77	1105.90
440.98	1189.87
441.18	1177.58
441.39	1134.57
441.59	1232.88
441.80	1179.63
442.00	1153.01
442.21	1198.06
442.41	1173.49
442.62	1177.58
442.82	1206.25
443.02	1224.69
443.23	1081.33
443.43	1144.81
443.64	1265.64
443.84	1150.96
444.05	1206.25
444.25	1132.53
444.46	1218.54
444.66	1153.01
444.87	1239.02
445.07	1198.06
445.28	1191.92
445.48	1171.44
445.69	1163.25
445.89	1128.43
446.09	1122.29
446.30	1165.29
446.50	1247.21
446.71	1202.16
446.91	1245.16
447.12	1261.55
447.32	1144.81
447.53	1110.00
447.73	1175.53
447.93	1028.08
448.14	1120.24
448.34	1179.63
448.55	1110.00
448.75	1191.92
448.96	1257.45
449.16	1216.49
449.36	1183.73
449.57	1185.77
449.77	1181.68
449.98	1173.49
450.18	1148.91
450.39	1181.68
450.59	1177.58
450.79	1165.29
451.00	1185.77
451.20	1165.29
451.41	1212.40
451.61	1187.82
451.81	1163.25
452.02	1120.24
452.22	1189.87
452.43	1120.24
452.63	1193.97
452.84	1144.81
453.04	1148.91
453.24	1163.25
453.45	1161.20
453.65	1249.26
453.86	1183.73
454.06	1210.35
454.26	1226.73
454.47	1138.67
454.67	1204.21
454.87	1140.72
455.08	1222.64
455.28	1110.00
455.49	1206.25
455.69	1144.81
455.89	1157.10
456.10	1177.58
456.30	1185.77
456.51	1159.15
456.71	1118.19
456.91	1159.15
457.12	1159.15
457.32	1175.53
457.52	1216.49
457.73	1097.71
457.93	1175.53
458.14	1212.40
458.34	1124.33
458.54	1173.49
458.75	1189.87
458.95	1130.48
459.15	1167.34
459.36	1157.10
459.56	1175.53
459.76	1171.44
459.97	1187.82
460.17	1134.57
460.37	1185.77
460.58	1220.59
460.78	1153.01
460.99	1259.50
461.19	1085.42
461.39	1150.96
461.60	1196.01
461.80	1153.01
462.00	1189.87
462.21	1159.15
462.41	1196.01
462.61	1189.87
462.82	1206.25
463.02	1191.92
463.22	1134.57
463.43	1165.29
463.63	1200.11
463.83	1208.30
464.04	1142.77
464.24	1150.96
464.44	1214.45
464.64	1187.82
464.85	1105.90
465.05	1185.77
465.25	1193.97
465.46	1155.05
465.66	1142.77
465.86	1191.92
466.07	1146.86
466.27	1157.10
466.47	1167.34
466.68	1159.15
466.88	1196.01
467.08	1189.87
467.29	1202.16
467.49	1171.44
467.69	1249.26
467.89	1169.39
468.10	1173.49
468.30	1142.77
468.50	1134.57
468.71	1210.35
468.91	1226.73
469.11	1255.40
469.31	1263.60
469.52	1232.88
469.72	1187.82
469.92	1142.77
470.13	1196.01
470.33	1181.68
470.53	1216.49
470.73	1187.82
470.94	1261.55
471.14	1150.96
471.34	1210.35
471.54	1193.97
471.75	1140.72
471.95	1189.87
472.15	1159.15
472.36	1150.96
472.56	1232.88
472.76	1173.49
472.96	1171.44
473.17	1208.30
473.37	1183.73
473.57	1144.81
473.77	1155.05
473.98	1140.72
474.18	1200.11
474.38	1210.35
474.58	1208.30
474.79	1187.82
474.99	1163.25
475.19	1200.11
475.39	1202.16
475.60	1179.63
475.80	1181.68
476.00	1107.95
476.20	1161.20
476.41	1177.58
476.61	1187.82
476.81	1208.30
477.01	1208.30
477.21	1173.49
477.42	1263.60
477.62	1114.10
477.82	1230.83
478.02	1187.82
478.23	1200.11
478.43	1208.30
478.63	1071.09
478.83	1275.88
479.03	1179.63
479.24	1150.96
479.44	1148.91
479.64	1193.97
479.84	1161.20
480.04	1196.01
480.25	1282.03
480.45	1161.20
480.65	1155.05
480.85	1161.20
481.06	1206.25
481.26	1150.96
481.46	1157.10
481.66	1148.91
481.86	1142.77
482.06	1261.55
482.27	1218.54
482.47	1126.38
482.67	1220.59
482.87	1175.53
483.07	1198.06
483.28	1210.35
483.48	1191.92
483.68	1230.83
483.88	1169.39
484.08	1144.81
484.29	1241.07
484.49	1157.10
484.69	1136.62
484.89	1226.73
485.09	1206.25
485.29	1136.62
485.50	1208.30
485.70	1241.07
485.90	1177.58
486.10	1173.49
486.30	1269.74
486.50	1185.77
486.71	1216.49
486.91	1271.79
487.11	1146.86
487.31	1193.97
487.51	1179.63
487.71	1136.62
487.91	1212.40
488.12	1249.26
488.32	1226.73
488.52	1124.33
488.72	1208.30
488.92	1224.69
489.12	1142.77
489.32	1132.53
489.53	1210.35
489.73	1236.97
489.93	1171.44
490.13	1161.20
490.33	1155.05
490.53	1200.11
490.73	1189.87
490.94	1214.45
491.14	1175.53
491.34	1193.97
491.54	1101.81
491.74	1181.68
491.94	1153.01
492.14	1155.05
492.34	1155.05
492.54	1204.21
492.75	1181.68
492.95	1153.01
493.15	1200.11
493.35	1146.86
493.55	1183.73
493.75	1228.78
493.95	1171.44
494.15	1142.77
494.35	1193.97
494.56	1175.53
494.76	1224.69
494.96	1134.57
495.16	1224.69
495.36	1232.88
495.56	1206.25
495.76	1204.21
495.96	1185.77
496.16	1208.30
496.36	1196.01
496.56	1114.10
496.77	1224.69
496.97	1181.68
497.17	1148.91
497.37	1222.64
497.57	1165.29
497.77	1191.92
497.97	1189.87
498.17	1161.20
498.37	1173.49
498.57	1214.45
498.77	1226.73
498.97	1204.21
499.17	1189.87
499.38	1132.53
499.58	1204.21
499.78	1181.68
499.98	1187.82
500.18	1198.06
500.38	1165.29
500.58	1150.96
500.78	1247.21
500.98	1236.97
501.18	1191.92
501.38	1148.91
501.58	1181.68
501.78	1187.82
501.98	1159.15
502.18	1191.92
502.38	1134.57
502.58	1107.95
502.78	1273.84
502.98	1165.29
503.18	1253.36
503.38	1200.11
503.59	1146.86
503.79	1159.15
503.99	1210.35
504.19	1189.87
504.39	1198.06
504.59	1232.88
504.79	1181.68
504.99	1249.26
505.19	1140.72
505.39	1177.58
505.59	1118.19
505.79	1169.39
505.99	1167.34
506.19	1126.38
506.39	1134.57
506.59	1181.68
506.79	1220.59
506.99	1218.54
507.19	1159.15
507.39	1150.96
507.59	1181.68
507.79	1181.68
507.99	1148.91
508.19	1222.64
508.39	1173.49
508.59	1075.18
508.79	1196.01
508.99	1132.53
509.19	1224.69
509.39	1179.63
509.59	1220.59
509.79	1093.62
509.99	1216.49
510.19	1132.53
510.39	1134.57
510.59	1132.53
510.79	1183.73
510.99	1165.29
511.19	1255.40
511.39	1202.16
511.59	1290.22
511.79	1212.40
511.99	1198.06
512.19	1191.92
512.38	1214.45
512.58	1101.81
512.78	1169.39
512.98	1167.34
513.18	1165.29
513.38	1239.02
513.58	1126.38
513.78	1150.96
513.98	1171.44
514.18	1183.73
514.38	1175.53
514.58	1220.59
514.78	1130.48
514.98	1202.16
515.18	1134.57
515.38	1218.54
515.58	1187.82
515.78	1196.01
515.98	1159.15
516.18	1171.44
516.38	1196.01
516.57	1187.82
516.77	1175.53
516.97	1179.63
517.17	1177.58
517.37	1155.05
517.57	1171.44
517.77	1155.05
517.97	1148.91
518.17	1181.68
518.37	1189.87
518.57	1226.73
518.77	1200.11
518.97	1220.59
519.16	1173.49
519.36	1163.25
519.56	1216.49
519.76	1159.15
519.96	1175.53
520.16	1165.29
520.36	1177.58
520.56	1243.12
520.76	1155.05
520.96	1148.91
521.16	1181.68
521.35	1214.45
521.55	1138.67
521.75	1155.05
521.95	1224.69
522.15	1181.68
522.35	1179.63
522.55	1179.63
522.75	1169.39
522.95	1101.81
523.14	1177.58
523.34	1128.43
523.54	1220.59
523.74	1179.63
523.94	1118.19
524.14	1136.62
524.34	1204.21
524.54	1159.15
524.73	1134.57
524.93	1134.57
525.13	1212.40
525.33	1136.62
525.53	1243.12
525.73	1099.76
525.93	1187.82
526.13	1175.53
526.32	1210.35
526.52	1189.87
526.72	1116.14
526.92	1163.25
527.12	1198.06
527.32	1208.30
527.52	1206.25
527.71	1134.57
527.91	1175.53
528.11	1236.97
528.31	1193.97
528.51	1153.01
528.71	1183.73
528.90	1200.11
529.10	1200.11
529.30	1159.15
529.50	1118.19
529.70	1163.25
529.90	1200.11
530.09	1132.53
530.29	1157.10
530.49	1144.81
530.69	1157.10
530.89	1216.49
531.09	1155.05
531.28	1165.29
531.48	1165.29
531.68	1146.86
531.88	1167.34
532.08	1208.30
532.28	1093.62
532.47	1212.40
532.67	1220.59
532.87	1150.96
533.07	1155.05
533.27	1146.86
533.46	1134.57
533.66	1171.44
533.86	1134.57
534.06	1261.55
534.26	1224.69
534.45	1171.44
534.65	1159.15
534.85	1171.44
535.05	1091.57
535.25	1208.30
535.44	1284.08
535.64	1208.30
535.84	1181.68
536.04	1226.73
536.24	1206.25
536.43	1134.57
536.63	1132.53
536.83	1204.21
537.03	1232.88
537.22	1138.67
537.42	1249.26
537.62	1175.53
537.82	1114.10
538.02	1122.29
538.21	1169.39
538.41	1236.97
538.61	1189.87
538.81	1132.53
539.00	1064.94
539.20	1196.01
539.40	1216.49
539.60	1163.25
539.79	1132.53
539.99	1204.21
540.19	1142.77
540.39	1124.33
540.58	1173.49
540.78	1193.97
540.98	1193.97
541.18	1200.11
541.37	1206.25
541.57	1157.10
541.77	1140.72
541.97	1142.77
542.16	1036.27
542.36	1183.73
542.56	1144.81
542.76	1150.96
542.95	1161.20
543.15	1216.49
543.35	1193.97
543.54	1196.01
543.74	1140.72
543.94	1181.68
544.14	1146.86
544.33	1216.49
544.53	1187.82
544.73	1177.58
544.93	1157.10
545.12	1165.29
545.32	1181.68
545.52	1153.01
545.71	1181.68
545.91	1167.34
546.11	1206.25
546.30	1189.87
546.50	1177.58
546.70	1161.20
546.90	1118.19
547.09	1177.58
547.29	1179.63
547.49	1179.63
547.68	1132.53
547.88	1189.87
548.08	1114.10
548.27	1212.40
548.47	1208.30
548.67	1200.11
548.87	1163.25
549.06	1212.40
549.26	1177.58
549.46	1101.81
549.65	1167.34
549.85	1177.58
550.05	1163.25
550.24	1208.30
550.44	1255.40
550.64	1091.57
550.83	1177.58
551.03	1206.25
551.23	1150.96
551.42	1202.16
551.62	1288.17
551.82	1187.82
552.01	1189.87
552.21	1222.64
552.41	1110.00
552.60	1214.45
552.80	1196.01
553.00	1202.16
553.19	1130.48
553.39	1124.33
553.59	1181.68
553.78	1222.64
553.98	1228.78
554.17	1118.19
554.37	1189.87
554.57	1226.73
554.76	1150.96
554.96	1159.15
555.16	1187.82
555.35	1161.20
555.55	1132.53
555.75	1122.29
555.94	1185.77
556.14	1200.11
556.33	1165.29
556.53	1105.90
556.73	1157.10
556.92	1130.48
557.12	1142.77
557.32	1163.25
557.51	1148.91
557.71	1150.96
557.90	1216.49
558.10	1148.91
558.30	1126.38
558.49	1234.93
558.69	1150.96
558.88	1167.34
559.08	1220.59
559.28	1198.06
559.47	1202.16
559.67	1161.20
559.86	1222.64
560.06	1142.77
560.26	1179.63
560.45	1148.91
560.65	1265.64
560.84	1196.01
561.04	1116.14
561.24	1171.44
561.43	1124.33
561.63	1071.09
561.82	1183.73
562.02	1173.49
562.22	1167.34
562.41	1179.63
562.61	1148.91
562.80	1179.63
563.00	1189.87
563.19	1220.59
563.39	1173.49
563.59	1204.21
563.78	1171.44
563.98	1181.68
564.17	1126.38
564.37	1206.25
564.56	1165.29
564.76	1169.39
564.96	1142.77
565.15	1161.20
565.35	1200.11
565.54	1181.68
565.74	1155.05
565.93	1224.69
566.13	1187.82
566.32	1161.20
566.52	1181.68
566.71	1202.16
566.91	1206.25
567.11	1150.96
567.30	1193.97
567.50	1153.01
567.69	1198.06
567.89	1243.12
568.08	1134.57
568.28	1218.54
568.47	1130.48
568.67	1140.72
568.86	1126.38
569.06	1228.78
569.25	1239.02
569.45	1177.58
569.64	1185.77
569.84	1200.11
570.04	1142.77
570.23	1171.44
570.43	1148.91
570.62	1161.20
570.82	1222.64
571.01	1155.05
571.21	1163.25
571.40	1157.10
571.60	1191.92
571.79	1130.48
571.99	1132.53
572.18	1161.20
572.38	1124.33
572.57	1142.77
572.77	1150.96
572.96	1167.34
573.16	1183.73
573.35	1216.49
573.55	1181.68
573.74	1253.36
573.94	1177.58
574.13	1206.25
574.33	1155.05
574.52	1173.49
574.71	1148.91
574.91	1187.82
575.10	1150.96
575.30	1214.45
575.49	1167.34
575.69	1179.63
575.88	1230.83
576.08	1153.01
576.27	1153.01
576.47	1155.05
576.66	1177.58
576.86	1177.58
577.05	1183.73
577.25	1191.92
577.44	1144.81
577.64	1263.60
577.83	1224.69
578.02	1204.21
578.22	1198.06
578.41	1142.77
578.61	1153.01
578.80	1177.58
579.00	1220.59
579.19	1177.58
579.39	1200.11
579.58	1202.16
579.77	1146.86
579.97	1191.92
580.16	1120.24
580.36	1126.38
580.55	1193.97
580.75	1142.77
580.94	1159.15
581.13	1222.64
581.33	1116.14
581.52	1159.15
581.72	1146.86
581.91	1155.05
582.11	1169.39
582.30	1193.97
582.49	1239.02
582.69	1196.01
582.88	1232.88
583.08	1181.68
583.27	1183.73
583.47	1144.81
583.66	1220.59
583.85	1081.33
584.05	1128.43
584.24	1136.62
584.44	1177.58
584.63	1220.59
584.82	1138.67
585.02	1193.97
585.21	1185.77
585.41	1171.44
585.60	1132.53
585.79	1124.33
585.99	1165.29
586.18	1185.77
586.37	1144.81
586.57	1155.05
586.76	1206.25
586.96	1140.72
587.15	1228.78
587.34	1181.68
587.54	1097.71
587.73	1187.82
587.93	1200.11
588.12	1150.96
588.31	1234.93
588.51	1171.44
588.70	1208.30
588.89	1183.73
589.09	1167.34
589.28	1167.34
589.47	1185.77
589.67	1140.72
589.86	1167.34
590.06	1165.29
590.25	1177.58
590.44	1171.44
590.64	1075.18
590.83	1165.29
591.02	1187.82
591.22	1175.53
591.41	1167.34
591.60	1200.11
591.80	1232.88
591.99	1191.92
592.18	1214.45
592.38	1112.05
592.57	1185.77
592.76	1210.35
592.96	1177.58
593.15	1171.44
593.34	1122.29
593.54	1122.29
593.73	1165.29
593.92	1146.86
594.12	1181.68
594.31	1216.49
594.50	1198.06
594.70	1155.05
594.89	1208.30
595.08	1157.10
595.28	1171.44
595.47	1116.14
595.66	1193.97
595.86	1114.10
596.05	1128.43
596.24	1173.49
596.43	1167.34
596.63	1136.62
596.82	1228.78
597.01	1177.58
597.21	1167.34
597.40	1185.77
597.59	1101.81
597.79	1175.53
597.98	1124.33
598.17	1198.06
598.36	1196.01
598.56	1155.05
598.75	1198.06
598.94	1177.58
599.14	1261.55
599.33	1224.69
599.52	1202.16
599.71	1118.19
599.91	1171.44
600.10	1138.67
600.29	1183.73
600.48	1089.52
600.68	1167.34
600.87	1226.73
601.06	1216.49
601.26	1216.49
601.45	1218.54
601.64	1261.55
601.83	1163.25
602.03	1226.73
602.22	1097.71
602.41	1187.82
602.60	1181.68
602.80	1181.68
602.99	1155.05
603.18	1169.39
603.37	1243.12
603.57	1255.40
603.76	1163.25
603.95	1179.63
604.14	1183.73
604.34	1179.63
604.53	1171.44
604.72	1224.69
604.91	1153.01
605.10	1142.77
605.30	1269.74
605.49	1212.40
605.68	1169.39
605.87	1196.01
606.07	1148.91
606.26	1183.73
606.45	1161.20
606.64	1210.35
606.84	1220.59
607.03	1163.25
607.22	1220.59
607.41	1150.96
607.60	1150.96
607.80	1193.97
607.99	1153.01
608.18	1206.25
608.37	1179.63
608.56	1183.73
608.76	1173.49
608.95	1214.45
609.14	1187.82
609.33	1081.33
609.52	1150.96
609.72	1189.87
609.91	1198.06
610.10	1224.69
610.29	1167.34
610.48	1224.69
610.68	1210.35
610.87	1241.07
611.06	1216.49
611.25	1204.21
611.44	1257.45
611.63	1216.49
611.83	1218.54
612.02	1150.96
612.21	1196.01
612.40	1200.11
612.59	1198.06
612.79	1204.21
612.98	1126.38
613.17	1187.82
613.36	1200.11
613.55	1234.93
613.74	1159.15
613.93	1196.01
614.13	1216.49
614.32	1134.57
614.51	1267.69
614.70	1169.39
614.89	1175.53
615.08	1159.15
615.28	1167.34
615.47	1157.10
615.66	1181.68
615.85	1224.69
616.04	1159.15
616.23	1140.72
616.42	1136.62
616.62	1212.40
616.81	1150.96
617.00	1208.30
617.19	1167.34
617.38	1114.10
617.57	1159.15
617.76	1155.05
617.95	1198.06
618.15	1218.54
618.34	1204.21
618.53	1214.45
618.72	1200.11
618.91	1206.25
619.10	1214.45
619.29	1247.21
619.48	1144.81
619.68	1224.69
619.87	1163.25
620.06	1200.11
620.25	1196.01
620.44	1216.49
620.63	1196.01
620.82	1206.25
621.01	1153.01
621.20	1163.25
621.39	1161.20
621.59	1183.73
621.78	1095.66
621.97	1140.72
622.16	1286.12
622.35	1183.73
622.54	1224.69
622.73	1212.40
622.92	1165.29
623.11	1159.15
623.30	1167.34
623.49	1114.10
623.68	1136.62
623.88	1163.25
624.07	1189.87
624.26	1146.86
624.45	1232.88
624.64	1112.05
624.83	1159.15
625.02	1245.16
625.21	1200.11
625.40	1085.42
625.59	1177.58
625.78	1136.62
625.97	1144.81
626.16	1196.01
626.35	1212.40
626.54	1232.88
626.74	1183.73
626.93	1091.57
627.12	1169.39
627.31	1179.63
627.50	1226.73
627.69	1204.21
627.88	1241.07
628.07	1167.34
628.26	1198.06
628.45	1181.68
628.64	1259.50
628.83	1255.40
629.02	1189.87
629.21	1230.83
629.40	1234.93
629.59	1179.63
629.78	1269.74
629.97	1224.69
630.16	1232.88
630.35	1177.58
630.54	1169.39
630.73	1234.93
630.92	1261.55
631.11	1273.84
631.30	1302.51
631.49	1462.25
631.68	1808.36
631.87	3747.78
632.06	14077.74
632.25	42012.03
632.44	55856.30
632.63	57932.94
632.82	35954.14
633.01	17387.25
633.20	5236.66
633.39	5380.01
633.58	2621.40
633.77	2129.89
633.96	1689.57
634.15	1452.01
634.34	1484.78
634.53	1433.58
634.72	1460.20
634.91	1361.90
635.10	1228.78
635.29	1292.27
635.48	1265.64
635.67	1234.93
635.86	1251.31
636.05	1255.40
636.24	1196.01
636.43	1175.53
636.62	1175.53
636.81	1148.91
637.00	1212.40
637.19	1206.25
637.38	1212.40
637.57	1183.73
637.76	1169.39
637.95	1228.78
638.14	1263.60
638.33	1177.58
638.52	1140.72
638.71	1212.40
638.89	1140.72
639.08	1224.69
639.27	1169.39
639.46	1148.91
639.65	1263.60
639.84	1173.49
640.03	1193.97
640.22	1153.01
640.41	1247.21
640.60	1210.35
640.79	1210.35
640.98	1204.21
641.17	1216.49
641.36	1181.68
641.55	1169.39
641.74	1193.97
641.92	1206.25
642.11	1183.73
642.30	1183.73
642.49	1179.63
642.68	1198.06
642.87	1218.54
643.06	1161.20
643.25	1208.30
643.44	1249.26
643.63	1187.82
643.82	1232.88
644.00	1187.82
644.19	1224.69
644.38	1118.19
644.57	1179.63
644.76	1161.20
644.95	1173.49
645.14	1218.54
645.33	1198.06
645.52	1161.20
645.71	1206.25
645.89	1173.49
646.08	1110.00
646.27	1138.67
646.46	1212.40
646.65	1146.86
646.84	1167.34
647.03	1179.63
647.22	1114.10
647.40	1142.77
647.59	1167.34
647.78	1198.06
647.97	1230.83
648.16	1181.68
648.35	1261.55
648.54	1159.15
648.73	1183.73
648.91	1236.97
649.10	1218.54
649.29	1189.87
649.48	1185.77
649.67	1165.29
649.86	1167.34
650.05	1167.34
650.23	1148.91
650.42	1142.77
650.61	1189.87
650.80	1171.44
650.99	1173.49
651.18	1171.44
651.36	1161.20
651.55	1148.91
651.74	1159.15
651.93	1089.52
652.12	1214.45
652.31	1261.55
652.49	1198.06
652.68	1122.29
652.87	1157.10
653.06	1196.01
653.25	1050.61
653.44	1175.53
653.62	1206.25
653.81	1159.15
654.00	1175.53
654.19	1122.29
654.38	1159.15
654.56	1163.25
654.75	1155.05
654.94	1202.16
655.13	1169.39
655.32	1146.86
655.51	1089.52
655.69	1214.45
655.88	1165.29
656.07	1173.49
656.26	1198.06
656.45	1239.02
656.63	1253.36
656.82	1191.92
657.01	1187.82
657.20	1282.03
657.38	1183.73
657.57	1191.92
657.76	1189.87
657.95	1169.39
658.14	1175.53
658.32	1126.38
658.51	1228.78
658.70	1171.44
658.89	1169.39
659.08	1169.39
659.26	1066.99
659.45	1153.01
659.64	1173.49
659.83	1157.10
660.01	1230.83
660.20	1148.91
660.39	1216.49
660.58	1189.87
660.76	1216.49
660.95	1093.62
661.14	1189.87
661.33	1183.73
661.51	1128.43
661.70	1138.67
661.89	1212.40
662.08	1142.77
662.26	1193.97
662.45	1128.43
662.64	1077.23
662.83	1085.42
663.01	1187.82
663.20	1220.59
663.39	1208.30
663.58	1161.20
663.76	1218.54
663.95	1173.49
664.14	1232.88
664.32	1107.95
664.51	1179.63
664.70	1066.99
664.89	1198.06
665.07	1206.25
665.26	1173.49
665.45	1171.44
665.64	1163.25
665.82	1181.68
666.01	1144.81
666.20	1163.25
666.38	1200.11
666.57	1136.62
666.76	1163.25
666.95	1148.91
667.13	1200.11
667.32	1175.53
667.51	1167.34
667.69	1142.77
667.88	1216.49
668.07	1226.73
668.25	1128.43
668.44	1163.25
668.63	1228.78
668.81	1193.97
669.00	1198.06
669.19	1196.01
669.38	1222.64
669.56	1173.49
669.75	1163.25
669.94	1224.69
670.12	1124.33
670.31	1171.44
670.50	1224.69
670.68	1144.81
670.87	1241.07
671.06	1196.01
671.24	1216.49
671.43	1206.25
671.62	1157.10
671.80	1105.90
671.99	1210.35
672.18	1163.25
672.36	1173.49
672.55	1183.73
672.74	1208.30
672.92	1185.77
673.11	1150.96
673.29	1159.15
673.48	1200.11
673.67	1216.49
673.85	1185.77
674.04	1138.67
674.23	1257.45
674.41	1155.05
674.60	1196.01
674.79	1175.53
674.97	1230.83
675.16	1183.73
675.34	1171.44
675.53	1267.69
675.72	1210.35
675.90	1196.01
676.09	1214.45
676.28	1165.29
676.46	1159.15
676.65	1099.76
676.83	1175.53
677.02	1208.30
677.21	1257.45
677.39	1110.00
677.58	1155.05
677.77	1163.25
677.95	1196.01
678.14	1177.58
678.32	1249.26
678.51	1243.12
678.70	1249.26
678.88	1193.97
679.07	1191.92
679.25	1187.82
679.44	1128.43
679.63	1159.15
679.81	1171.44
680.00	1085.42
680.18	1191.92
680.37	1130.48
680.55	1122.29
680.74	1146.86
680.93	1169.39
681.11	1191.92
681.30	1214.45
681.48	1177.58
681.67	1146.86
681.85	1118.19
682.04	1163.25
682.23	1169.39
682.41	1214.45
682.60	1163.25
682.78	1165.29
682.97	1173.49
683.15	1153.01
683.34	1142.77
683.53	1214.45
683.71	1204.21
683.90	1239.02
684.08	1132.53
684.27	1177.58
684.45	1136.62
684.64	1222.64
684.82	1165.29
685.01	1196.01
685.19	1216.49
685.38	1216.49
685.57	1171.44
685.75	1181.68
685.94	1290.22
686.12	1181.68
686.31	1175.53
686.49	1208.30
686.68	1181.68
686.86	1216.49
687.05	1159.15
687.23	1204.21
687.42	1204.21
687.60	1204.21
687.79	1128.43
687.97	1167.34
688.16	1224.69
688.34	1224.69
688.53	1140.72
688.71	1206.25
688.90	1167.34
689.08	1116.14
689.27	1198.06
689.45	1208.30
689.64	1204.21
689.82	1193.97
690.01	1099.76
690.19	1161.20
690.38	1105.90
690.56	1210.35
690.75	1187.82
690.93	1161.20
691.12	1138.67
691.30	1181.68
691.49	1191.92
691.67	1210.35
691.86	1181.68
692.04	1202.16
692.23	1247.21
692.41	1210.35
692.60	1173.49
692.78	1167.34
692.97	1198.06
693.15	1142.77
693.34	1202.16
693.52	1218.54
693.71	1157.10
693.89	1169.39
694.08	1150.96
694.26	1181.68
694.44	1216.49
694.63	1157.10
694.81	1157.10
695.00	1150.96
695.18	1167.34
695.37	1239.02
695.55	1159.15
695.74	1161.20
695.92	1173.49
696.10	1171.44
696.29	1157.10
696.47	1196.01
696.66	1150.96
696.84	1171.44
697.03	1208.30
697.21	1226.73
697.40	1114.10
697.58	1134.57
697.76	1193.97
697.95	1198.06
698.13	1142.77
698.32	1167.34
698.50	1189.87
698.68	1183.73
698.87	1288.17
699.05	1210.35
699.24	1177.58
699.42	1128.43
699.61	1165.29
699.79	1163.25
699.97	1208.30
700.16	1193.97
700.34	1175.53
700.53	1208.30
700.71	1228.78
700.89	1191.92
701.08	1128.43
701.26	1189.87
701.45	1191.92
701.63	1181.68
701.81	1193.97
702.00	1196.01
702.18	1187.82
702.37	1175.53
702.55	1146.86
702.73	1196.01
702.92	1193.97
703.10	1161.20
703.28	1136.62
703.47	1265.64
703.65	1218.54
703.84	1263.60
704.02	1114.10
704.20	1159.15
704.39	1191.92
704.57	1122.29
704.75	1200.11
704.94	1226.73
705.12	1222.64
705.30	1204.21
705.49	1183.73
705.67	1181.68
705.86	1130.48
706.04	1150.96
706.22	1081.33
706.41	1167.34
706.59	1177.58
706.77	1181.68
706.96	1247.21
707.14	1196.01
707.32	1206.25
707.51	1183.73
707.69	1206.25
707.87	1214.45
708.06	1110.00
708.24	1239.02
708.42	1163.25
708.61	1173.49
708.79	1234.93
708.97	1222.64
709.16	1187.82
709.34	1187.82
709.52	1140.72
709.71	1118.19
709.89	1083.38
710.07	1191.92
710.26	1236.97
710.44	1107.95
710.62	1165.29
710.80	1247.21
710.99	1159.15
711.17	1222.64
711.35	1239.02
711.54	1255.40
711.72	1169.39
711.90	1202.16
712.09	1173.49
712.27	1155.05
712.45	1150.96
712.63	1204.21
712.82	1198.06
713.00	1196.01
713.18	1150.96
713.37	1241.07
713.55	1179.63
713.73	1196.01
713.91	1200.11
714.10	1142.77
714.28	1175.53
714.46	1208.30
714.65	1161.20
714.83	1181.68
715.01	1183.73
715.19	1126.38
715.38	1136.62
715.56	1191.92
715.74	1214.45
715.92	1204.21
716.11	1214.45
716.29	1155.05
716.47	1206.25
716.65	1214.45
716.84	1165.29
717.02	1198.06
717.20	1159.15
717.38	1179.63
717.57	1077.23
717.75	1142.77
717.93	1204.21
718.11	1165.29
718.30	1134.57
718.48	1118.19
718.66	1126.38
718.84	1185.77
719.03	1200.11
719.21	1206.25
719.39	1153.01
719.57	1196.01
719.75	1193.97
719.94	1155.05
720.12	1251.31
720.30	1159.15
720.48	1171.44
720.67	1161.20
720.85	1193.97
721.03	1173.49
721.21	1226.73
721.39	1163.25
721.58	1216.49
721.76	1153.01
721.94	1097.71
722.12	1200.11
722.30	1183.73
722.49	1226.73
722.67	1220.59
722.85	1198.06
723.03	1236.97
723.21	1185.77
723.40	1159.15
723.58	1181.68
723.76	1177.58
723.94	1204.21
724.12	1200.11
724.30	1177.58
724.49	1173.49
724.67	1193.97
724.85	1189.87
725.03	1179.63
725.21	1097.71
725.40	1163.25
725.58	1169.39
725.76	1212.40
725.94	1212.40
726.12	1175.53
726.30	1167.34
726.49	1120.24
726.67	1185.77
726.85	1169.39
727.03	1196.01
727.21	1171.44
727.39	1228.78
727.57	1165.29
727.76	1198.06
727.94	1171.44
728.12	1234.93
728.30	1198.06
728.48	1163.25
728.66	1136.62
728.84	1126.38
729.03	1263.60
729.21	1189.87
729.39	1142.77
729.57	1161.20
729.75	1239.02
729.93	1134.57
730.11	1255.40
730.30	1159.15
730.48	1230.83
730.66	1157.10
730.84	1093.62
731.02	1189.87
731.20	1189.87
731.38	1163.25
731.56	1159.15
731.74	1148.91
731.93	1163.25
732.11	1161.20
732.29	1206.25
732.47	1196.01
732.65	1134.57
732.83	1236.97
733.01	1173.49
733.19	1173.49
733.37	1200.11
733.56	1183.73
733.74	1175.53
733.92	1171.44
734.10	1163.25
734.28	1218.54
734.46	1208.30
734.64	1202.16
734.82	1255.40
735.00	1132.53
735.18	1226.73
735.36	1126.38
735.54	1200.11
735.73	1181.68
735.91	1255.40
736.09	1284.08
736.27	1239.02
736.45	1142.77
736.63	1226.73
736.81	1214.45
736.99	1255.40
737.17	1200.11
737.35	1130.48
737.53	1210.35
737.71	1138.67
737.89	1224.69
738.07	1116.14
738.25	1155.05
738.43	1124.33
738.61	1200.11
738.80	1224.69
738.98	1146.86
739.16	1183.73
739.34	1159.15
739.52	1224.69
739.70	1126.38
739.88	1183.73
740.06	1134.57
740.24	1183.73
740.42	1155.05
740.60	1185.77
740.78	1150.96
740.96	1167.34
741.14	1140.72
741.32	1269.74
741.50	1179.63
741.68	1148.91
741.86	1220.59
742.04	1179.63
742.22	1159.15
742.40	1146.86
742.58	1234.93
742.76	1167.34
742.94	1224.69
743.12	1144.81
743.30	1142.77
743.48	1124.33
743.66	1193.97
743.84	1214.45
744.02	1167.34
744.20	1273.84
744.38	1122.29
744.56	1161.20
744.74	1191.92
744.92	1230.83
745.10	1208.30
745.28	1193.97
745.46	1142.77
745.64	1214.45
745.82	1110.00
746.00	1146.86
746.18	1126.38
746.36	1140.72
746.54	1112.05
746.72	1208.30
746.90	1204.21
747.08	1163.25
747.26	1179.63
747.44	1191.92
747.62	1159.15
747.80	1193.97
747.98	1193.97
748.15	1222.64
748.33	1193.97
748.51	1191.92
748.69	1230.83
748.87	1140.72
749.05	1163.25
749.23	1169.39
749.41	1136.62
749.59	1214.45
749.77	1204.21
749.95	1202.16
750.13	1116.14
750.31	1208.30
750.49	1230.83
750.67	1159.15
750.85	1214.45
751.03	1232.88
751.20	1163.25
751.38	1093.62
751.56	1114.10
751.74	1232.88
751.92	1210.35
752.10	1232.88
752.28	1126.38
752.46	1120.24
752.64	1275.88
752.82	1230.83
753.00	1277.93
753.18	1146.86
753.35	1179.63
753.53	1275.88
753.71	1138.67
753.89	1163.25
754.07	1146.86
754.25	1218.54
754.43	1093.62
754.61	1171.44
754.79	1112.05
754.97	1216.49
755.14	1142.77
755.32	1167.34
755.50	1126.38
755.68	1218.54
755.86	1198.06
756.04	1089.52
756.22	1204.21
756.40	1155.05
756.57	1204.21
756.75	1255.40
756.93	1112.05
757.11	1173.49
757.29	1230.83
757.47	1179.63
757.65	1144.81
757.82	1159.15
758.00	1222.64
758.18	1132.53
758.36	1142.77
758.54	1198.06
758.72	1155.05
758.90	1200.11
759.07	1189.87
759.25	1202.16
759.43	1216.49
759.61	1216.49
759.79	1261.55
759.97	1136.62
760.15	1140.72
760.32	1234.93
760.50	1107.95
760.68	1210.35
760.86	1208.30
761.04	1175.53
761.22	1150.96
761.39	1175.53
761.57	1210.35
761.75	1118.19
761.93	1165.29
762.11	1202.16
762.28	1153.01
762.46	1241.07
762.64	1167.34
762.82	1136.62
763.00	1163.25
763.18	1161.20
763.35	1140.72
763.53	1153.01
763.71	1138.67
763.89	1196.01
764.07	1216.49
764.24	1136.62
764.42	1169.39
764.60	1187.82
764.78	1155.05
764.96	1167.34
765.13	1196.01
765.31	1144.81
765.49	1169.39
765.67	1239.02
765.84	1171.44
766.02	1206.25
766.20	1138.67
766.38	1214.45
766.56	1167.34
766.73	1189.87
766.91	1224.69
767.09	1165.29
767.27	1157.10
767.44	1206.25
767.62	1163.25
767.80	1150.96
767.98	1091.57
768.15	1224.69
768.33	1132.53
768.51	1150.96
768.69	1064.94
768.87	1171.44
769.04	1191.92
769.22	1130.48
769.40	1095.66
769.58	1230.83
769.75	1144.81
769.93	1230.83
770.11	1173.49
770.28	1222.64
770.46	1161.20
770.64	1173.49
770.82	1181.68
770.99	1226.73
771.17	1220.59
771.35	1251.31
771.53	1179.63
771.70	1212.40
771.88	1224.69
772.06	1232.88
772.23	1193.97
772.41	1183.73
772.59	1245.16
772.77	1212.40
772.94	1130.48
773.12	1126.38
773.30	1167.34
773.47	1124.33
773.65	1142.77
773.83	1193.97
774.01	1189.87
774.18	1142.77
774.36	1159.15
774.54	1155.05
774.71	1183.73
774.89	1181.68
775.07	1142.77
775.24	1179.63
775.42	1120.24
775.60	1148.91
775.78	1148.91
775.95	1230.83
776.13	1167.34
776.31	1159.15
776.48	1183.73
776.66	1150.96
776.84	1224.69
777.01	1214.45
777.19	1183.73
777.37	1187.82
777.54	1146.86
777.72	1226.73
777.90	1173.49
778.07	1196.01
778.25	1212.40
778.43	1130.48
778.60	1220.59
778.78	1169.39
778.96	1142.77
779.13	1196.01
779.31	1124.33
779.49	1163.25
779.66	1198.06
779.84	1177.58
780.01	1148.91
780.19	1150.96
780.37	1206.25
780.54	1193.97
780.72	1191.92
780.90	1175.53
781.07	1155.05
781.25	1081.33
781.43	1142.77
781.60	1216.49
781.78	1177.58
781.95	1159.15
782.13	1216.49
782.31	1181.68
782.48	1171.44
782.66	1181.68
782.83	1153.01
783.01	1142.77
783.19	1177.58
783.36	1179.63
783.54	1155.05
783.72	1167.34
783.89	1161.20
784.07	1206.25
784.24	1140.72
784.42	1105.90
784.60	1200.11
784.77	1130.48
784.95	1112.05
785.12	1255.40
785.30	1191.92
785.47	1153.01
785.65	1220.59
785.83	1179.63
786.00	1079.28
786.18	1196.01
786.35	1159.15
786.53	1224.69
786.71	1220.59
786.88	1163.25
787.06	1138.67
787.23	1200.11
787.41	1169.39
787.58	1112.05
787.76	1220.59
787.94	1179.63
788.11	1251.31
788.29	1134.57
788.46	1093.62
788.64	1193.97
788.81	1165.29
788.99	1146.86
789.16	1142.77
789.34	1218.54
789.52	1208.30
789.69	1173.49
789.87	1093.62
790.04	1189.87
790.22	1153.01
790.39	1241.07
790.57	1200.11
790.74	1177.58
790.92	1097.71
791.09	1150.96
791.27	1181.68
791.44	1155.05
791.62	1155.05
791.79	1105.90
791.97	1159.15
792.15	1189.87
792.32	1198.06
792.50	1116.14
792.67	1118.19
792.85	1234.93
793.02	1210.35
793.20	1175.53
793.37	1138.67
793.55	1153.01
793.72	1210.35
793.90	1144.81
794.07	1144.81
794.25	1142.77
794.42	1177.58
794.60	1208.30
794.77	1214.45
794.95	1234.93
795.12	1193.97
795.30	1214.45
795.47	1159.15
795.65	1216.49
795.82	1165.29
796.00	1181.68
796.17	1132.53
796.34	1183.73
796.52	1236.97
796.69	1153.01
796.87	1204.21
797.04	1189.87
797.22	1110.00
797.39	1232.88
797.57	1130.48
797.74	1183.73
797.92	1202.16
798.09	1241.07
798.27	1132.53
798.44	1136.62
798.62	1175.53
798.79	1146.86
798.96	1150.96
799.14	1214.45
799.31	1163.25
799.49	1116.14
799.66	1193.97
799.84	1110.00
800.01	1159.15
800.19	1263.60
800.36	1140.72
800.53	1189.87
800.71	1196.01
800.88	1202.16
801.06	1193.97
801.23	1220.59
801.41	1189.87
801.58	1167.34
801.75	1206.25
801.93	1247.21
802.10	1239.02
802.28	1265.64
802.45	1185.77
802.63	1179.63
802.80	1161.20
802.97	1198.06
803.15	1159.15
803.32	1167.34
803.50	1130.48
803.67	1169.39
803.84	1163.25
804.02	1153.01
804.19	1187.82
804.37	1224.69
804.54	1232.88
804.71	1177.58
804.89	1132.53
805.06	1177.58
805.24	1116.14
805.41	1126.38
805.58	1157.10
805.76	1216.49
805.93	1161.20
806.10	1126.38
806.28	1144.81
806.45	1228.78
806.63	1167.34
806.80	1232.88
806.97	1224.69
807.15	1157.10
807.32	1230.83
807.49	1181.68
807.67	1171.44
807.84	1206.25
808.01	1138.67
808.19	1159.15
808.36	1189.87
808.54	1210.35
808.71	1155.05
808.88	1124.33
809.06	1243.12
809.23	1142.77
809.40	1177.58
809.58	1286.12
809.75	1159.15
809.92	1214.45
810.10	1193.97
810.27	1132.53
810.44	1210.35
810.62	1171.44
810.79	1179.63
810.96	1220.59
811.14	1126.38
811.31	1222.64
811.48	1093.62
811.66	1259.50
811.83	1222.64
812.00	1130.48
812.18	1112.05
812.35	1187.82
812.52	1206.25
812.69	1169.39
812.87	1224.69
813.04	1161.20
813.21	1236.97
813.39	1130.48
813.56	1105.90
813.73	1146.86
813.91	1181.68
814.08	1163.25
814.25	1187.82
814.42	1157.10
814.60	1210.35
814.77	1138.67
814.94	1193.97
815.12	1245.16
815.29	1232.88
815.46	1171.44
815.63	1136.62
815.81	1200.11
815.98	1171.44
816.15	1175.53
816.33	1202.16
816.50	1142.77
816.67	1177.58
816.84	1222.64
817.02	1155.05
817.19	1193.97
817.36	1202.16
817.53	1200.11
817.71	1105.90
817.88	1103.86
818.05	1091.57
818.22	1228.78
818.40	1155.05
818.57	1161.20
818.74	1167.34
818.91	1208.30
819.09	1218.54
819.26	1161.20
819.43	1177.58
819.60	1173.49
819.78	1196.01
819.95	1220.59
820.12	1150.96
820.29	1208.30
820.47	1236.97
820.64	1218.54
820.81	1185.77
820.98	1159.15
821.15	1157.10
821.33	1224.69
821.50	1216.49
821.67	1218.54
821.84	1089.52
822.02	1226.73
822.19	1157.10
822.36	1134.57
822.53	1239.02
822.70	1112.05
822.88	1196.01
823.05	1245.16
823.22	1181.68
823.39	1191.92
823.56	1165.29
823.74	1144.81
823.91	1169.39
824.08	1140.72
824.25	1183.73
824.42	1181.68
824.60	1163.25
824.77	1155.05
824.94	1204.21
825.11	1226.73
825.28	1214.45
825.45	1153.01
825.63	1165.29
825.80	1218.54
825.97	1099.76
826.14	1161.20
826.31	1165.29
826.48	1187.82
826.66	1187.82
826.83	1134.57
827.00	1222.64
827.17	1226.73
827.34	1128.43
827.51	1157.10
827.69	1220.59
827.86	1241.07
828.03	1146.86
828.20	1142.77
828.37	1173.49
828.54	1120.24
828.71	1150.96
828.89	1206.25
829.06	1173.49
829.23	1171.44
829.40	1157.10
829.57	1134.57
829.74	1220.59
829.91	1198.06
830.09	1183.73
830.26	1134.57
830.43	1208.30
830.60	1157.10
830.77	1241.07
830.94	1187.82
831.11	1167.34
831.28	1175.53
831.46	1083.38
831.63	1175.53
831.80	1230.83
831.97	1236.97
832.14	1177.58
832.31	1181.68
832.48	1171.44
832.65	1165.29
832.82	1126.38
832.99	1243.12
833.17	1136.62
833.34	1134.57
833.51	1220.59
833.68	1183.73
833.85	1214.45
834.02	1161.20
834.19	1075.18
834.36	1226.73
834.53	1187.82
834.70	1243.12
834.87	1130.48
835.04	1214.45
835.22	1210.35
835.39	1249.26
835.56	1161.20
835.73	1208.30
835.90	1146.86
836.07	1150.96
836.24	1202.16
836.41	1239.02
836.58	1214.45
836.75	1171.44
836.92	1116.14
837.09	1212.40
837.26	1191.92
837.43	1181.68
837.60	1183.73
837.77	1159.15
837.94	1171.44
838.12	1214.45
838.29	1169.39
838.46	1183.73
838.63	1183.73
838.80	1224.69
838.97	1118.19
839.14	1153.01
839.31	1181.68
839.48	1187.82
839.65	1185.77
839.82	1224.69
839.99	1220.59
840.16	1239.02
840.33	1130.48
840.50	1142.77
840.67	1165.29
840.84	1189.87
841.01	1202.16
841.18	1226.73
841.35	1161.20
841.52	1179.63
841.69	1179.63
841.86	1224.69
842.03	1200.11
842.20	1165.29
842.37	1175.53
842.54	1191.92
842.71	1202.16
842.88	1150.96
843.05	1177.58
843.22	1218.54
843.39	1060.85
843.56	1150.96
843.73	1163.25
843.90	1169.39
844.07	1220.59
844.24	1105.90
844.41	1200.11
844.58	1255.40
844.75	1185.77
844.92	1161.20
845.09	1161.20
845.26	1224.69
845.43	1159.15
845.60	1204.21
845.77	1167.34
845.94	1140.72
846.10	1179.63
846.27	1191.92
846.44	1208.30
846.61	1163.25
846.78	1202.16
846.95	1236.97
847.12	1159.15
847.29	1187.82
847.46	1228.78
847.63	1212.40
847.80	1083.38
847.97	1198.06
848.14	1216.49
848.31	1118.19
848.48	1124.33
848.65	1245.16
848.82	1232.88
848.98	1116.14
849.15	1148.91
849.32	1153.01
849.49	1243.12
849.66	1183.73
849.83	1116.14
850.00	1148.91
850.17	1146.86
850.34	1216.49
850.51	1208.30
850.68	1191.92
850.85	1169.39
851.01	1181.68
851.18	1159.15
851.35	1177.58
851.52	1212.40
851.69	1163.25
851.86	1150.96
852.03	1234.93
852.20	1167.34
852.37	1144.81
852.53	1163.25
852.70	1228.78
852.87	1175.53
853.04	1243.12
853.21	1110.00
853.38	1208.30
853.55	1163.25
853.72	1120.24
853.89	1181.68
854.05	1224.69
854.22	1169.39
854.39	1193.97
854.56	1161.20
854.73	1265.64
854.90	1177.58
855.07	1206.25
855.23	1159.15
855.40	1179.63
855.57	1202.16
855.74	1183.73
855.91	1157.10
856.08	1157.10
856.25	1146.86
856.41	1101.81
856.58	1171.44
856.75	1232.88
856.92	1224.69
857.09	1161.20
857.26	1144.81
857.42	1185.77
857.59	1150.96
857.76	1243.12
857.93	1173.49
858.10	1193.97
858.27	1132.53
858.43	1183.73
858.60	1118.19
858.77	1161.20
858.94	1169.39
859.11	1189.87
859.27	1204.21
859.44	1148.91
859.61	1249.26
859.78	1130.48
859.95	1142.77
860.12	1103.86
860.28	1064.94
860.45	1142.77
860.62	1167.34
860.79	1212.40
860.95	1138.67
861.12	1212.40
861.29	1239.02
861.46	1144.81
861.63	1128.43
861.79	1220.59
861.96	1087.47
862.13	1196.01
862.30	1191.92
862.47	1200.11
862.63	1218.54
862.80	1173.49
862.97	1134.57
863.14	1179.63
863.30	1257.45
863.47	1136.62
863.64	1198.06
863.81	1181.68
863.97	1214.45
864.14	1181.68
864.31	1206.25
864.48	1208.30
864.65	1189.87
864.81	1163.25
864.98	1183.73
865.15	1198.06
865.32	1175.53
865.48	1234.93
865.65	1148.91
865.82	1153.01
865.98	1189.87
866.15	1253.36
866.32	1206.25
866.49	1167.34
866.65	1163.25
866.82	1198.06
866.99	1200.11
867.16	1132.53
867.32	1161.20
867.49	1169.39
867.66	1179.63
867.83	1138.67
867.99	1171.44
868.16	1169.39
868.33	1146.86
868.49	1202.16
868.66	1181.68
868.83	1202.16
868.99	1171.44
869.16	1218.54
869.33	1130.48
869.50	1183.73
869.66	1144.81
869.83	1200.11
870.00	1157.10
870.16	1277.93
870.33	1175.53
870.50	1245.16
870.66	1181.68
870.83	1128.43
871.00	1200.11
871.17	1097.71
871.33	1173.49
871.50	1183.73
871.67	1210.35
871.83	1148.91
872.00	1175.53
872.17	1216.49
872.33	1110.00
872.50	1183.73
872.67	1167.34
872.83	1177.58
873.00	1261.55
873.17	1134.57
873.33	1105.90
873.50	1153.01
873.67	1189.87
873.83	1159.15
874.00	1216.49
874.16	1066.99
874.33	1204.21
874.50	1153.01
874.66	1261.55
874.83	1198.06
875.00	1249.26
875.16	1179.63
875.33	1175.53
875.50	1232.88
875.66	1136.62
875.83	1273.84
875.99	1216.49
876.16	1187.82
876.33	1263.60
876.49	1189.87
876.66	1130.48
876.83	1171.44
876.99	1196.01
877.16	1224.69
877.32	1216.49
877.49	1163.25
877.66	1177.58
877.82	1097.71
877.99	1216.49
878.15	1198.06
878.32	1134.57
878.49	1118.19
878.65	1202.16
878.82	1150.96
878.98	1157.10
879.15	1234.93
879.32	1183.73
879.48	1120.24
879.65	1136.62
879.81	1175.53
879.98	1134.57
880.15	1212.40
880.31	1200.11
880.48	1155.05
880.64	1185.77
880.81	1181.68
880.97	1144.81
881.14	1214.45
881.31	1110.00
881.47	1128.43
881.64	1220.59
881.80	1200.11
881.97	1216.49
882.13	1181.68
882.30	1173.49
882.47	1200.11
882.63	1163.25
882.80	1114.10
882.96	1220.59
883.13	1271.79
883.29	1187.82
883.46	1245.16
883.62	1198.06
883.79	1144.81
883.95	1138.67
884.12	1116.14
884.29	1142.77
884.45	1179.63
884.62	1202.16
884.78	1222.64
884.95	1167.34
885.11	1222.64
885.28	1153.01
885.44	1173.49
885.61	1224.69
885.77	1193.97
885.94	1216.49
886.10	1187.82
886.27	1261.55
886.43	1179.63
886.60	1169.39
886.76	1232.88
886.93	1161.20
887.09	1177.58
887.26	1148.91
887.42	1165.29
887.59	1173.49
887.75	1132.53
887.92	1161.20
888.08	1200.11
888.25	1134.57
888.41	1208.30
888.58	1157.10
888.74	1134.57
888.91	1099.76
