177.47	1253.36
177.69	1253.36
177.91	1253.36
178.13	1185.77
178.36	1193.97
178.58	1167.34
178.80	1179.63
179.02	1122.29
179.24	1200.11
179.46	1161.20
179.68	1187.82
179.90	1185.77
180.13	1218.54
180.35	1198.06
180.57	1132.53
180.79	1153.01
181.01	1118.19
181.23	1136.62
181.45	1243.12
181.67	1171.44
181.90	1101.81
182.12	1132.53
182.34	1159.15
182.56	1261.55
182.78	1167.34
183.00	1181.68
183.22	1224.69
183.44	1126.38
183.66	1220.59
183.89	1138.67
184.11	1142.77
184.33	1226.73
184.55	1206.25
184.77	1239.02
184.99	1150.96
185.21	1234.93
185.43	1110.00
185.65	1198.06
185.87	1193.97
186.10	1081.33
186.32	1198.06
186.54	1144.81
186.76	1210.35
186.98	1161.20
187.20	1183.73
187.42	1169.39
187.64	1167.34
187.86	1230.83
188.08	1163.25
188.30	1169.39
188.52	1206.25
188.75	1128.43
188.97	1148.91
189.19	1220.59
189.41	1185.77
189.63	1134.57
189.85	1173.49
190.07	1165.29
190.29	1153.01
190.51	1167.34
190.73	1216.49
190.95	1171.44
191.17	1118.19
191.39	1161.20
191.61	1167.34
191.84	1171.44
192.06	1204.21
192.28	1224.69
192.50	1193.97
192.72	1130.48
192.94	1181.68
193.16	1163.25
193.38	1144.81
193.60	1236.97
193.82	1177.58
194.04	1234.93
194.26	1132.53
194.48	1191.92
194.70	1210.35
194.92	1128.43
195.14	1155.05
195.36	1175.53
195.58	1175.53
195.80	1230.83
196.02	1150.96
196.24	1157.10
196.46	1224.69
196.69	1136.62
196.91	1265.64
197.13	1210.35
197.35	1183.73
197.57	1126.38
197.79	1220.59
198.01	1234.93
198.23	1214.45
198.45	1126.38
198.67	1193.97
198.89	1218.54
199.11	1191.92
199.33	1171.44
199.55	1204.21
199.77	1243.12
199.99	1216.49
200.21	1167.34
200.43	1177.58
200.65	1163.25
200.87	1069.04
201.09	1171.44
201.31	1212.40
201.53	1126.38
201.75	1241.07
201.97	1232.88
202.19	1224.69
202.41	1200.11
202.63	1175.53
202.85	1146.86
203.07	1239.02
203.29	1136.62
203.51	1159.15
203.73	1169.39
203.95	1183.73
204.17	1144.81
204.39	1148.91
204.61	1101.81
204.83	1200.11
205.05	1157.10
205.27	1288.17
205.49	1144.81
205.71	1232.88
205.93	1165.29
206.15	1245.16
206.37	1214.45
206.59	1212.40
206.81	1208.30
207.03	1150.96
207.25	1167.34
207.47	1183.73
207.69	1200.11
207.91	1181.68
208.13	1208.30
208.34	1185.77
208.56	1118.19
208.78	1144.81
209.00	1173.49
209.22	1193.97
209.44	1163.25
209.66	1140.72
209.88	1196.01
210.10	1118.19
210.32	1134.57
210.54	1175.53
210.76	1153.01
210.98	1155.05
211.20	1138.67
211.42	1167.34
211.64	1224.69
211.86	1198.06
212.08	1167.34
212.30	1163.25
212.52	1263.60
212.74	1253.36
212.96	1200.11
213.17	1116.14
213.39	1249.26
213.61	1161.20
213.83	1155.05
214.05	1099.76
214.27	1142.77
214.49	1177.58
214.71	1122.29
214.93	1175.53
215.15	1191.92
215.37	1220.59
215.59	1148.91
215.81	1183.73
216.03	1173.49
216.24	1173.49
216.46	1146.86
216.68	1208.30
216.90	1124.33
217.12	1214.45
217.34	1138.67
217.56	1222.64
217.78	1198.06
218.00	1232.88
218.22	1200.11
218.44	1198.06
218.66	1210.35
218.87	1134.57
219.09	1159.15
219.31	1228.78
219.53	1161.20
219.75	1153.01
219.97	1191.92
220.19	1247.21
220.41	1112.05
220.63	1144.81
220.85	1159.15
221.06	1222.64
221.28	1175.53
221.50	1144.81
221.72	1196.01
221.94	1146.86
222.16	1196.01
222.38	1210.35
222.60	1243.12
222.82	1171.44
223.03	1130.48
223.25	1142.77
223.47	1239.02
223.69	1243.12
223.91	1163.25
224.13	1130.48
224.35	1120.24
224.57	1228.78
224.78	1179.63
225.00	1193.97
225.22	1196.01
225.44	1196.01
225.66	1101.81
225.88	1169.39
226.10	1198.06
226.32	1208.30
226.53	1146.86
226.75	1167.34
226.97	1142.77
227.19	1175.53
227.41	1181.68
227.63	1228.78
227.85	1150.96
228.06	1185.77
228.28	1163.25
228.50	1241.07
228.72	1150.96
228.94	1220.59
229.16	1185.77
229.37	1218.54
229.59	1167.34
229.81	1177.58
230.03	1175.53
230.25	1187.82
230.47	1175.53
230.69	1187.82
230.90	1142.77
231.12	1236.97
231.34	1183.73
231.56	1155.05
231.78	1150.96
232.00	1193.97
232.21	1146.86
232.43	1169.39
232.65	1191.92
232.87	1198.06
233.09	1206.25
233.30	1138.67
233.52	1138.67
233.74	1167.34
233.96	1161.20
234.18	1212.40
234.40	1167.34
234.61	1200.11
234.83	1177.58
235.05	1255.40
235.27	1177.58
235.49	1155.05
235.70	1081.33
235.92	1163.25
236.14	1214.45
236.36	1153.01
236.58	1171.44
236.79	1118.19
237.01	1224.69
237.23	1167.34
237.45	1132.53
237.67	1136.62
237.88	1110.00
238.10	1175.53
238.32	1267.69
238.54	1155.05
238.76	1187.82
238.97	1159.15
239.19	1191.92
239.41	1130.48
239.63	1171.44
239.85	1179.63
240.06	1132.53
240.28	1150.96
240.50	1230.83
240.72	1241.07
240.93	1191.92
241.15	1193.97
241.37	1181.68
241.59	1146.86
241.81	1181.68
242.02	1167.34
242.24	1202.16
242.46	1179.63
242.68	1183.73
242.89	1142.77
243.11	1167.34
243.33	1153.01
243.55	1116.14
243.76	1181.68
243.98	1196.01
244.20	1163.25
244.42	1185.77
244.64	1267.69
244.85	1200.11
245.07	1134.57
245.29	1150.96
245.51	1153.01
245.72	1214.45
245.94	1185.77
246.16	1163.25
246.38	1208.30
246.59	1187.82
246.81	1202.16
247.03	1216.49
247.24	1198.06
247.46	1212.40
247.68	1161.20
247.90	1183.73
248.11	1183.73
248.33	1214.45
248.55	1153.01
248.77	1167.34
248.98	1222.64
249.20	1161.20
249.42	1179.63
249.64	1116.14
249.85	1202.16
250.07	1128.43
250.29	1198.06
250.50	1138.67
250.72	1196.01
250.94	1169.39
251.16	1220.59
251.37	1232.88
251.59	1167.34
251.81	1226.73
252.02	1175.53
252.24	1230.83
252.46	1193.97
252.68	1173.49
252.89	1138.67
253.11	1216.49
253.33	1218.54
253.54	1159.15
253.76	1101.81
253.98	1153.01
254.20	1126.38
254.41	1228.78
254.63	1198.06
254.85	1107.95
255.06	1232.88
255.28	1206.25
255.50	1183.73
255.71	1144.81
255.93	1177.58
256.15	1208.30
256.36	1241.07
256.58	1232.88
256.80	1191.92
257.02	1140.72
257.23	1191.92
257.45	1216.49
257.67	1173.49
257.88	1148.91
258.10	1224.69
258.32	1155.05
258.53	1169.39
258.75	1204.21
258.97	1161.20
259.18	1159.15
259.40	1200.11
259.62	1126.38
259.83	1157.10
260.05	1122.29
260.27	1173.49
260.48	1185.77
260.70	1239.02
260.92	1130.48
261.13	1273.84
261.35	1177.58
261.57	1271.79
261.78	1187.82
262.00	1173.49
262.22	1155.05
262.43	1161.20
262.65	1222.64
262.86	1196.01
263.08	1167.34
263.30	1200.11
263.51	1183.73
263.73	1134.57
263.95	1130.48
264.16	1206.25
264.38	1183.73
264.60	1255.40
264.81	1185.77
265.03	1157.10
265.25	1159.15
265.46	1232.88
265.68	1179.63
265.89	1189.87
266.11	1112.05
266.33	1142.77
266.54	1257.45
266.76	1208.30
266.98	1216.49
267.19	1159.15
267.41	1142.77
267.62	1177.58
267.84	1220.59
268.06	1171.44
268.27	1241.07
268.49	1150.96
268.70	1243.12
268.92	1220.59
269.14	1159.15
269.35	1118.19
269.57	1142.77
269.79	1118.19
270.00	1204.21
270.22	1191.92
270.43	1210.35
270.65	1163.25
270.87	1210.35
271.08	1132.53
271.30	1142.77
271.51	1136.62
271.73	1214.45
271.95	1208.30
272.16	1144.81
272.38	1120.24
272.59	1163.25
272.81	1171.44
273.02	1161.20
273.24	1208.30
273.46	1146.86
273.67	1148.91
273.89	1216.49
274.10	1273.84
274.32	1116.14
274.54	1173.49
274.75	1185.77
274.97	1187.82
275.18	1200.11
275.40	1247.21
275.61	1185.77
275.83	1183.73
276.05	1232.88
276.26	1206.25
276.48	1202.16
276.69	1173.49
276.91	1120.24
277.12	1218.54
277.34	1157.10
277.55	1206.25
277.77	1208.30
277.99	1230.83
278.20	1161.20
278.42	1146.86
278.63	1187.82
278.85	1189.87
279.06	1161.20
279.28	1181.68
279.49	1232.88
279.71	1253.36
279.93	1187.82
280.14	1089.52
280.36	1202.16
280.57	1132.53
280.79	1183.73
281.00	1191.92
281.22	1251.31
281.43	1165.29
281.65	1144.81
281.86	1193.97
282.08	1245.16
282.29	1130.48
282.51	1161.20
282.73	1218.54
282.94	1138.67
283.16	1198.06
283.37	1165.29
283.59	1175.53
283.80	1171.44
284.02	1206.25
284.23	1105.90
284.45	1179.63
284.66	1167.34
284.88	1245.16
285.09	1179.63
285.31	1167.34
285.52	1064.94
285.74	1214.45
285.95	1204.21
286.17	1173.49
286.38	1146.86
286.60	1239.02
286.81	1140.72
287.03	1128.43
287.24	1171.44
287.46	1179.63
287.67	1193.97
287.89	1175.53
288.10	1236.97
288.32	1157.10
288.53	1136.62
288.75	1193.97
288.96	1181.68
289.18	1185.77
289.39	1179.63
289.61	1148.91
289.82	1118.19
290.04	1183.73
290.25	1210.35
290.47	1193.97
290.68	1202.16
290.90	1236.97
291.11	1167.34
291.33	1161.20
291.54	1163.25
291.76	1155.05
291.97	1216.49
292.18	1200.11
292.40	1126.38
292.61	1206.25
292.83	1241.07
293.04	1183.73
293.26	1134.57
293.47	1120.24
293.69	1185.77
293.90	1177.58
294.12	1148.91
294.33	1126.38
294.55	1163.25
294.76	1163.25
294.97	1208.30
295.19	1198.06
295.40	1202.16
295.62	1157.10
295.83	1279.98
296.05	1155.05
296.26	1181.68
296.48	1171.44
296.69	1212.40
296.90	1183.73
297.12	1159.15
297.33	1251.31
297.55	1191.92
297.76	1155.05
297.98	1165.29
298.19	1155.05
298.41	1196.01
298.62	1212.40
298.83	1157.10
299.05	1218.54
299.26	1187.82
299.48	1171.44
299.69	1157.10
299.90	1155.05
300.12	1159.15
300.33	1249.26
300.55	1204.21
300.76	1222.64
300.98	1142.77
301.19	1173.49
301.40	1146.86
301.62	1196.01
301.83	1216.49
302.05	1177.58
302.26	1128.43
302.47	1173.49
302.69	1177.58
302.90	1159.15
303.12	1148.91
303.33	1202.16
303.54	1171.44
303.76	1148.91
303.97	1236.97
304.19	1196.01
304.40	1138.67
304.61	1214.45
304.83	1148.91
305.04	1206.25
305.26	1142.77
305.47	1222.64
305.68	1165.29
305.90	1114.10
306.11	1204.21
306.33	1234.93
306.54	1175.53
306.75	1239.02
306.97	1130.48
307.18	1189.87
307.39	1191.92
307.61	1107.95
307.82	1159.15
308.04	1171.44
308.25	1157.10
308.46	1132.53
308.68	1120.24
308.89	1165.29
309.10	1144.81
309.32	1177.58
309.53	1181.68
309.74	1189.87
309.96	1103.86
310.17	1224.69
310.39	1236.97
310.60	1171.44
310.81	1196.01
311.03	1126.38
311.24	1167.34
311.45	1189.87
311.67	1218.54
311.88	1167.34
312.09	1163.25
312.31	1167.34
312.52	1159.15
312.73	1179.63
312.95	1216.49
313.16	1126.38
313.37	1171.44
313.59	1165.29
313.80	1236.97
314.01	1191.92
314.23	1210.35
314.44	1146.86
314.65	1138.67
314.87	1191.92
315.08	1126.38
315.29	1216.49
315.51	1206.25
315.72	1183.73
315.93	1177.58
316.15	1191.92
316.36	1193.97
316.57	1142.77
316.79	1212.40
317.00	1191.92
317.21	1175.53
317.43	1189.87
317.64	1144.81
317.85	1142.77
318.07	1212.40
318.28	1126.38
318.49	1144.81
318.70	1163.25
318.92	1144.81
319.13	1138.67
319.34	1216.49
319.56	1153.01
319.77	1171.44
319.98	1150.96
320.20	1191.92
320.41	1163.25
320.62	1193.97
320.83	1052.66
321.05	1126.38
321.26	1204.21
321.47	1146.86
321.69	1200.11
321.90	1179.63
322.11	1146.86
322.32	1210.35
322.54	1171.44
322.75	1189.87
322.96	1142.77
323.18	1198.06
323.39	1222.64
323.60	1202.16
323.81	1169.39
324.03	1120.24
324.24	1153.01
324.45	1236.97
324.66	1171.44
324.88	1146.86
325.09	1138.67
325.30	1234.93
325.52	1290.22
325.73	1153.01
325.94	1224.69
326.15	1179.63
326.37	1146.86
326.58	1243.12
326.79	1271.79
327.00	1157.10
327.22	1159.15
327.43	1163.25
327.64	1105.90
327.85	1200.11
328.07	1224.69
328.28	1208.30
328.49	1118.19
328.70	1191.92
328.92	1167.34
329.13	1228.78
329.34	1210.35
329.55	1163.25
329.76	1183.73
329.98	1159.15
330.19	1239.02
330.40	1136.62
330.61	1200.11
330.83	1228.78
331.04	1183.73
331.25	1134.57
331.46	1259.50
331.68	1220.59
331.89	1144.81
332.10	1216.49
332.31	1167.34
332.52	1181.68
332.74	1167.34
332.95	1142.77
333.16	1155.05
333.37	1208.30
333.58	1189.87
333.80	1150.96
334.01	1175.53
334.22	1206.25
334.43	1200.11
334.64	1179.63
334.86	1167.34
335.07	1120.24
335.28	1167.34
335.49	1136.62
335.70	1179.63
335.92	1216.49
336.13	1167.34
336.34	1189.87
336.55	1202.16
336.76	1230.83
336.98	1146.86
337.19	1155.05
337.40	1206.25
337.61	1196.01
337.82	1218.54
338.04	1155.05
338.25	1204.21
338.46	1200.11
338.67	1230.83
338.88	1177.58
339.09	1118.19
339.31	1177.58
339.52	1167.34
339.73	1159.15
339.94	1150.96
340.15	1271.79
340.36	1138.67
340.58	1148.91
340.79	1169.39
341.00	1144.81
341.21	1175.53
341.42	1183.73
341.63	1153.01
341.85	1153.01
342.06	1159.15
342.27	1167.34
342.48	1153.01
342.69	1204.21
342.90	1171.44
343.12	1110.00
343.33	1212.40
343.54	1185.77
343.75	1132.53
343.96	1167.34
344.17	1206.25
344.38	1155.05
344.60	1236.97
344.81	1142.77
345.02	1200.11
345.23	1175.53
345.44	1171.44
345.65	1206.25
345.86	1110.00
346.07	1228.78
346.29	1169.39
346.50	1224.69
346.71	1218.54
346.92	1179.63
347.13	1189.87
347.34	1200.11
347.55	1189.87
347.76	1220.59
347.98	1163.25
348.19	1224.69
348.40	1204.21
348.61	1210.35
348.82	1148.91
349.03	1175.53
349.24	1146.86
349.45	1185.77
349.66	1140.72
349.88	1171.44
350.09	1206.25
350.30	1132.53
350.51	1134.57
350.72	1200.11
350.93	1130.48
351.14	1191.92
351.35	1200.11
351.56	1206.25
351.77	1206.25
351.99	1157.10
352.20	1196.01
352.41	1191.92
352.62	1220.59
352.83	1175.53
353.04	1210.35
353.25	1202.16
353.46	1236.97
353.67	1193.97
353.88	1189.87
354.09	1181.68
354.30	1159.15
354.52	1144.81
354.73	1071.09
354.94	1202.16
355.15	1140.72
355.36	1181.68
355.57	1153.01
355.78	1167.34
355.99	1206.25
356.20	1204.21
356.41	1210.35
356.62	1163.25
356.83	1175.53
357.04	1191.92
357.25	1159.15
357.46	1142.77
357.68	1163.25
357.89	1189.87
358.10	1210.35
358.31	1228.78
358.52	1138.67
358.73	1169.39
358.94	1183.73
359.15	1220.59
359.36	1261.55
359.57	1198.06
359.78	1179.63
359.99	1189.87
360.20	1198.06
360.41	1144.81
360.62	1155.05
360.83	1185.77
361.04	1208.30
361.25	1153.01
361.46	1150.96
361.67	1140.72
361.88	1175.53
362.09	1150.96
362.30	1138.67
362.51	1234.93
362.72	1183.73
362.93	1161.20
363.14	1134.57
363.35	1189.87
363.56	1191.92
363.78	1148.91
363.99	1220.59
364.20	1155.05
364.41	1183.73
364.62	1196.01
364.83	1159.15
365.04	1167.34
365.25	1177.58
365.46	1241.07
365.67	1155.05
365.88	1181.68
366.09	1198.06
366.30	1136.62
366.51	1239.02
366.72	1232.88
366.93	1198.06
367.14	1208.30
367.35	1226.73
367.56	1189.87
367.77	1189.87
367.98	1204.21
368.18	1187.82
368.39	1120.24
368.60	1167.34
368.81	1198.06
369.02	1245.16
369.23	1171.44
369.44	1148.91
369.65	1187.82
369.86	1122.29
370.07	1150.96
370.28	1136.62
370.49	1167.34
370.70	1142.77
370.91	1161.20
371.12	1171.44
371.33	1193.97
371.54	1146.86
371.75	1193.97
371.96	1189.87
372.17	1204.21
372.38	1230.83
372.59	1153.01
372.80	1189.87
373.01	1196.01
373.22	1181.68
373.43	1204.21
373.64	1196.01
373.85	1167.34
374.06	1130.48
374.26	1210.35
374.47	1228.78
374.68	1189.87
374.89	1208.30
375.10	1157.10
375.31	1171.44
375.52	1234.93
375.73	1216.49
375.94	1200.11
376.15	1163.25
376.36	1181.68
376.57	1269.74
376.78	1134.57
376.99	1202.16
377.20	1187.82
377.40	1204.21
377.61	1146.86
377.82	1091.57
378.03	1193.97
378.24	1202.16
378.45	1189.87
378.66	1306.60
378.87	1181.68
379.08	1226.73
379.29	1150.96
379.50	1138.67
379.71	1193.97
379.91	1220.59
380.12	1232.88
380.33	1177.58
380.54	1189.87
380.75	1208.30
380.96	1169.39
381.17	1163.25
381.38	1128.43
381.59	1216.49
381.80	1153.01
382.00	1200.11
382.21	1173.49
382.42	1202.16
382.63	1191.92
382.84	1142.77
383.05	1181.68
383.26	1132.53
383.47	1255.40
383.68	1140.72
383.88	1259.50
384.09	1157.10
384.30	1181.68
384.51	1136.62
384.72	1183.73
384.93	1138.67
385.14	1110.00
385.35	1140.72
385.55	1179.63
385.76	1196.01
385.97	1241.07
386.18	1148.91
386.39	1210.35
386.60	1222.64
386.81	1230.83
387.02	1169.39
387.22	1140.72
387.43	1167.34
387.64	1120.24
387.85	1157.10
388.06	1179.63
388.27	1193.97
388.48	1259.50
388.68	1286.12
388.89	1175.53
389.10	1185.77
389.31	1216.49
389.52	1193.97
389.73	1189.87
389.93	1191.92
390.14	1212.40
390.35	1189.87
390.56	1239.02
390.77	1157.10
390.98	1120.24
391.18	1204.21
391.39	1140.72
391.60	1179.63
391.81	1206.25
392.02	1173.49
392.23	1210.35
392.43	1230.83
392.64	1177.58
392.85	1148.91
393.06	1202.16
393.27	1210.35
393.47	1173.49
393.68	1261.55
393.89	1210.35
394.10	1173.49
394.31	1243.12
394.52	1236.97
394.72	1234.93
394.93	1189.87
395.14	1169.39
395.35	1214.45
395.56	1157.10
395.76	1253.36
395.97	1196.01
396.18	1165.29
396.39	1148.91
396.60	1228.78
396.80	1124.33
397.01	1124.33
397.22	1191.92
397.43	1144.81
397.64	1230.83
397.84	1163.25
398.05	1155.05
398.26	1202.16
398.47	1226.73
398.67	1165.29
398.88	1140.72
399.09	1144.81
399.30	1245.16
399.51	1216.49
399.71	1148.91
399.92	1167.34
400.13	1189.87
400.34	1255.40
400.54	1116.14
400.75	1251.31
400.96	1183.73
401.17	1214.45
401.37	1128.43
401.58	1136.62
401.79	1185.77
402.00	1179.63
402.21	1206.25
402.41	1134.57
402.62	1187.82
402.83	1224.69
403.04	1167.34
403.24	1124.33
403.45	1132.53
403.66	1198.06
403.87	1185.77
404.07	1120.24
404.28	1177.58
404.49	1140.72
404.70	1189.87
404.90	1212.40
405.11	1187.82
405.32	1218.54
405.52	1138.67
405.73	1232.88
405.94	1155.05
406.15	1165.29
406.35	1224.69
406.56	1179.63
406.77	1191.92
406.98	1132.53
407.18	1165.29
407.39	1179.63
407.60	1189.87
407.80	1226.73
408.01	1200.11
408.22	1165.29
408.43	1179.63
408.63	1132.53
408.84	1155.05
409.05	1183.73
409.25	1232.88
409.46	1243.12
409.67	1171.44
409.88	1167.34
410.08	1134.57
410.29	1210.35
410.50	1226.73
410.70	1232.88
410.91	1146.86
411.12	1159.15
411.32	1204.21
411.53	1161.20
411.74	1140.72
411.95	1161.20
412.15	1130.48
412.36	1222.64
412.57	1218.54
412.77	1202.16
412.98	1193.97
413.19	1198.06
413.39	1185.77
413.60	1183.73
413.81	1179.63
414.01	1150.96
414.22	1200.11
414.43	1167.34
414.63	1173.49
414.84	1208.30
415.05	1198.06
415.25	1122.29
415.46	1208.30
415.67	1144.81
415.87	1122.29
416.08	1110.00
416.29	1202.16
416.49	1146.86
416.70	1150.96
416.91	1130.48
417.11	1179.63
417.32	1155.05
417.53	1167.34
417.73	1183.73
417.94	1177.58
418.15	1208.30
418.35	1243.12
418.56	1163.25
418.77	1210.35
418.97	1159.15
419.18	1126.38
419.38	1179.63
419.59	1116.14
419.80	1171.44
420.00	1171.44
420.21	1138.67
420.42	1218.54
420.62	1216.49
420.83	1216.49
421.04	1167.34
421.24	1126.38
421.45	1196.01
421.65	1222.64
421.86	1150.96
422.07	1202.16
422.27	1069.04
422.48	1167.34
422.69	1159.15
422.89	1204.21
423.10	1234.93
423.30	1120.24
423.51	1202.16
423.72	1150.96
423.92	1118.19
424.13	1239.02
424.33	1161.20
424.54	1193.97
424.75	1200.11
424.95	1185.77
425.16	1144.81
425.36	1148.91
425.57	1134.57
425.78	1234.93
425.98	1138.67
426.19	1216.49
426.39	1249.26
426.60	1159.15
426.81	1232.88
427.01	1243.12
427.22	1181.68
427.42	1173.49
427.63	1275.88
427.83	1167.34
428.04	1148.91
428.25	1161.20
428.45	1183.73
428.66	1150.96
428.86	1181.68
429.07	1212.40
429.28	1204.21
429.48	1126.38
429.69	1165.29
429.89	1183.73
430.10	1202.16
430.30	1196.01
430.51	1112.05
430.71	1124.33
430.92	1128.43
431.13	1187.82
431.33	1253.36
431.54	1134.57
431.74	1142.77
431.95	1163.25
432.15	1163.25
432.36	1136.62
432.56	1185.77
432.77	1177.58
432.98	1177.58
433.18	1198.06
433.39	1153.01
433.59	1177.58
433.80	1226.73
434.00	1144.81
434.21	1148.91
434.41	1171.44
434.62	1163.25
434.82	1142.77
435.03	1150.96
435.23	1165.29
435.44	1177.58
435.64	1150.96
435.85	1157.10
436.06	1173.49
436.26	1177.58
436.47	1200.11
436.67	1157.10
436.88	1232.88
437.08	1165.29
437.29	1196.01
437.49	1054.70
437.70	1163.25
437.90	1181.68
438.11	1144.81
438.31	1142.77
438.52	1196.01
438.72	1122.29
438.93	1163.25
439.13	1216.49
439.34	1191.92
439.54	1142.77
439.75	1236.97
439.95	1234.93
440.16	1169.39
440.36	1198.06
440.57	1181.68
440.77	1165.29
440.98	1243.12
441.18	1214.45
441.39	1181.68
441.59	1218.54
441.80	1128.43
442.00	1132.53
442.21	1181.68
442.41	1206.25
442.62	1181.68
442.82	1204.21
443.02	1187.82
443.23	1159.15
443.43	1126.38
443.64	1142.77
443.84	1304.56
444.05	1173.49
444.25	1230.83
444.46	1138.67
444.66	1159.15
444.87	1218.54
445.07	1200.11
445.28	1126.38
445.48	1161.20
445.69	1175.53
445.89	1183.73
446.09	1232.88
446.30	1165.29
446.50	1202.16
446.71	1185.77
446.91	1222.64
447.12	1181.68
447.32	1187.82
447.53	1241.07
447.73	1179.63
447.93	1130.48
448.14	1155.05
448.34	1128.43
448.55	1228.78
448.75	1228.78
448.96	1171.44
449.16	1171.44
449.36	1191.92
449.57	1189.87
449.77	1136.62
449.98	1193.97
450.18	1159.15
450.39	1257.45
450.59	1181.68
450.79	1112.05
451.00	1081.33
451.20	1196.01
451.41	1167.34
451.61	1142.77
451.81	1243.12
452.02	1175.53
452.22	1212.40
452.43	1124.33
452.63	1181.68
452.84	1167.34
453.04	1196.01
453.24	1175.53
453.45	1163.25
453.65	1224.69
453.86	1191.92
454.06	1132.53
454.26	1173.49
454.47	1224.69
454.67	1148.91
454.87	1228.78
455.08	1167.34
455.28	1169.39
455.49	1142.77
455.69	1193.97
455.89	1232.88
456.10	1191.92
456.30	1142.77
456.51	1175.53
456.71	1257.45
456.91	1163.25
457.12	1216.49
457.32	1169.39
457.52	1122.29
457.73	1187.82
457.93	1148.91
458.14	1140.72
458.34	1183.73
458.54	1159.15
458.75	1130.48
458.95	1245.16
459.15	1208.30
459.36	1208.30
459.56	1222.64
459.76	1159.15
459.97	1163.25
460.17	1183.73
460.37	1140.72
460.58	1198.06
460.78	1245.16
460.99	1212.40
461.19	1155.05
461.39	1132.53
461.60	1134.57
461.80	1150.96
462.00	1140.72
462.21	1196.01
462.41	1214.45
462.61	1185.77
462.82	1142.77
463.02	1157.10
463.22	1126.38
463.43	1200.11
463.63	1159.15
463.83	1187.82
464.04	1226.73
464.24	1142.77
464.44	1232.88
464.64	1193.97
464.85	1150.96
465.05	1169.39
465.25	1232.88
465.46	1153.01
465.66	1200.11
465.86	1155.05
466.07	1167.34
466.27	1222.64
466.47	1224.69
466.68	1161.20
466.88	1185.77
467.08	1126.38
467.29	1175.53
467.49	1120.24
467.69	1236.97
467.89	1204.21
468.10	1153.01
468.30	1107.95
468.50	1142.77
468.71	1196.01
468.91	1155.05
469.11	1204.21
469.31	1107.95
469.52	1230.83
469.72	1214.45
469.92	1212.40
470.13	1173.49
470.33	1263.60
470.53	1224.69
470.73	1105.90
470.94	1220.59
471.14	1216.49
471.34	1185.77
471.54	1165.29
471.75	1212.40
471.95	1138.67
472.15	1091.57
472.36	1196.01
472.56	1101.81
472.76	1062.90
472.96	1132.53
473.17	1271.79
473.37	1218.54
473.57	1187.82
473.77	1130.48
473.98	1142.77
474.18	1167.34
474.38	1153.01
474.58	1259.50
474.79	1226.73
474.99	1224.69
475.19	1267.69
475.39	1208.30
475.60	1150.96
475.80	1216.49
476.00	1107.95
476.20	1161.20
476.41	1212.40
476.61	1255.40
476.81	1153.01
477.01	1150.96
477.21	1138.67
477.42	1196.01
477.62	1183.73
477.82	1171.44
478.02	1198.06
478.23	1216.49
478.43	1208.30
478.63	1144.81
478.83	1239.02
479.03	1210.35
479.24	1224.69
479.44	1167.34
479.64	1171.44
479.84	1142.77
480.04	1112.05
480.25	1140.72
480.45	1218.54
480.65	1173.49
480.85	1175.53
481.06	1167.34
481.26	1138.67
481.46	1187.82
481.66	1144.81
481.86	1150.96
482.06	1177.58
482.27	1198.06
482.47	1193.97
482.67	1212.40
482.87	1218.54
483.07	1226.73
483.28	1236.97
483.48	1185.77
483.68	1193.97
483.88	1181.68
484.08	1161.20
484.29	1161.20
484.49	1196.01
484.69	1179.63
484.89	1179.63
485.09	1202.16
485.29	1101.81
485.50	1179.63
485.70	1171.44
485.90	1214.45
486.10	1157.10
486.30	1179.63
486.50	1179.63
486.71	1200.11
486.91	1159.15
487.11	1153.01
487.31	1130.48
487.51	1202.16
487.71	1124.33
487.91	1191.92
488.12	1169.39
488.32	1185.77
488.52	1239.02
488.72	1200.11
488.92	1187.82
489.12	1118.19
489.32	1179.63
489.53	1101.81
489.73	1171.44
489.93	1212.40
490.13	1208.30
490.33	1134.57
490.53	1267.69
490.73	1259.50
490.94	1193.97
491.14	1187.82
491.34	1159.15
491.54	1167.34
491.74	1132.53
491.94	1175.53
492.14	1122.29
492.34	1120.24
492.54	1208.30
492.75	1191.92
492.95	1079.28
493.15	1153.01
493.35	1179.63
493.55	1175.53
493.75	1130.48
493.95	1230.83
494.15	1210.35
494.35	1208.30
494.56	1142.77
494.76	1179.63
494.96	1142.77
495.16	1196.01
495.36	1208.30
495.56	1198.06
495.76	1224.69
495.96	1191.92
496.16	1081.33
496.36	1196.01
496.56	1165.29
496.77	1234.93
496.97	1200.11
497.17	1200.11
497.37	1124.33
497.57	1183.73
497.77	1128.43
497.97	1185.77
498.17	1202.16
498.37	1144.81
498.57	1187.82
498.77	1134.57
498.97	1140.72
499.17	1155.05
499.38	1208.30
499.58	1130.48
499.78	1169.39
499.98	1165.29
500.18	1230.83
500.38	1220.59
500.58	1134.57
500.78	1179.63
500.98	1171.44
501.18	1249.26
501.38	1126.38
501.58	1144.81
501.78	1239.02
501.98	1187.82
502.18	1198.06
502.38	1208.30
502.58	1161.20
502.78	1196.01
502.98	1171.44
503.18	1241.07
503.38	1273.84
503.59	1142.77
503.79	1153.01
503.99	1161.20
504.19	1122.29
504.39	1148.91
504.59	1198.06
504.79	1183.73
504.99	1198.06
505.19	1159.15
505.39	1118.19
505.59	1226.73
505.79	1169.39
505.99	1296.36
506.19	1208.30
506.39	1177.58
506.59	1271.79
506.79	1206.25
506.99	1222.64
507.19	1204.21
507.39	1140.72
507.59	1079.28
507.79	1124.33
507.99	1241.07
508.19	1159.15
508.39	1181.68
508.59	1206.25
508.79	1165.29
508.99	1198.06
509.19	1189.87
509.39	1148.91
509.59	1198.06
509.79	1189.87
509.99	1177.58
510.19	1214.45
510.39	1144.81
510.59	1161.20
510.79	1060.85
510.99	1236.97
511.19	1130.48
511.39	1212.40
511.59	1185.77
511.79	1134.57
511.99	1140.72
512.19	1118.19
512.38	1202.16
512.58	1089.52
512.78	1114.10
512.98	1157.10
513.18	1177.58
513.38	1224.69
513.58	1146.86
513.78	1187.82
513.98	1155.05
514.18	1212.40
514.38	1142.77
514.58	1132.53
514.78	1146.86
514.98	1200.11
515.18	1210.35
515.38	1179.63
515.58	1114.10
515.78	1202.16
515.98	1144.81
516.18	1196.01
516.38	1146.86
516.57	1185.77
516.77	1181.68
516.97	1114.10
517.17	1243.12
517.37	1191.92
517.57	1204.21
517.77	1128.43
517.97	1179.63
518.17	1224.69
518.37	1136.62
518.57	1163.25
518.77	1159.15
518.97	1142.77
519.16	1273.84
519.36	1226.73
519.56	1193.97
519.76	1142.77
519.96	1214.45
520.16	1218.54
520.36	1167.34
520.56	1202.16
520.76	1181.68
520.96	1116.14
521.16	1232.88
521.35	1095.66
521.55	1122.29
521.75	1222.64
521.95	1204.21
522.15	1181.68
522.35	1165.29
522.55	1191.92
522.75	1181.68
522.95	1185.77
523.14	1161.20
523.34	1130.48
523.54	1181.68
523.74	1187.82
523.94	1122.29
524.14	1144.81
524.34	1200.11
524.54	1150.96
524.73	1232.88
524.93	1193.97
525.13	1196.01
525.33	1218.54
525.53	1146.86
525.73	1187.82
525.93	1214.45
526.13	1204.21
526.32	1161.20
526.52	1171.44
526.72	1216.49
526.92	1198.06
527.12	1228.78
527.32	1146.86
527.52	1245.16
527.71	1232.88
527.91	1157.10
528.11	1136.62
528.31	1202.16
528.51	1134.57
528.71	1179.63
528.90	1155.05
529.10	1220.59
529.30	1206.25
529.50	1181.68
529.70	1144.81
529.90	1210.35
530.09	1220.59
530.29	1157.10
530.49	1183.73
530.69	1193.97
530.89	1097.71
531.09	1179.63
531.28	1208.30
531.48	1196.01
531.68	1138.67
531.88	1153.01
532.08	1165.29
532.28	1216.49
532.47	1155.05
532.67	1202.16
532.87	1204.21
533.07	1181.68
533.27	1177.58
533.46	1239.02
533.66	1148.91
533.86	1171.44
534.06	1161.20
534.26	1208.30
534.45	1185.77
534.65	1173.49
534.85	1181.68
535.05	1122.29
535.25	1220.59
535.44	1220.59
535.64	1245.16
535.84	1200.11
536.04	1124.33
536.24	1204.21
536.43	1224.69
536.63	1163.25
536.83	1159.15
537.03	1171.44
537.22	1155.05
537.42	1236.97
537.62	1218.54
537.82	1132.53
538.02	1169.39
538.21	1198.06
538.41	1196.01
538.61	1153.01
538.81	1187.82
539.00	1193.97
539.20	1157.10
539.40	1208.30
539.60	1218.54
539.79	1110.00
539.99	1114.10
540.19	1150.96
540.39	1099.76
540.58	1185.77
540.78	1253.36
540.98	1171.44
541.18	1116.14
541.37	1183.73
541.57	1204.21
541.77	1163.25
541.97	1140.72
542.16	1208.30
542.36	1269.74
542.56	1140.72
542.76	1148.91
542.95	1189.87
543.15	1177.58
543.35	1142.77
543.54	1159.15
543.74	1220.59
543.94	1169.39
544.14	1247.21
544.33	1200.11
544.53	1232.88
544.73	1196.01
544.93	1148.91
545.12	1177.58
545.32	1200.11
545.52	1173.49
545.71	1228.78
545.91	1155.05
546.11	1110.00
546.30	1236.97
546.50	1206.25
546.70	1169.39
546.90	1189.87
547.09	1222.64
547.29	1130.48
547.49	1140.72
547.68	1134.57
547.88	1114.10
548.08	1187.82
548.27	1185.77
548.47	1187.82
548.67	1169.39
548.87	1140.72
549.06	1159.15
549.26	1146.86
549.46	1155.05
549.65	1163.25
549.85	1171.44
550.05	1210.35
550.24	1107.95
550.44	1216.49
550.64	1132.53
550.83	1165.29
551.03	1163.25
551.23	1173.49
551.42	1224.69
551.62	1202.16
551.82	1200.11
552.01	1200.11
552.21	1208.30
552.41	1198.06
552.60	1193.97
552.80	1210.35
553.00	1220.59
553.19	1140.72
553.39	1206.25
553.59	1140.72
553.78	1200.11
553.98	1155.05
554.17	1153.01
554.37	1179.63
554.57	1218.54
554.76	1222.64
554.96	1236.97
555.16	1187.82
555.35	1146.86
555.55	1177.58
555.75	1210.35
555.94	1124.33
556.14	1183.73
556.33	1218.54
556.53	1167.34
556.73	1216.49
556.92	1181.68
557.12	1110.00
557.32	1095.66
557.51	1216.49
557.71	1239.02
557.90	1148.91
558.10	1130.48
558.30	1220.59
558.49	1124.33
558.69	1243.12
558.88	1161.20
559.08	1101.81
559.28	1222.64
559.47	1165.29
559.67	1220.59
559.86	1099.76
560.06	1146.86
560.26	1290.22
560.45	1191.92
560.65	1208.30
560.84	1103.86
561.04	1173.49
561.24	1196.01
561.43	1157.10
561.63	1204.21
561.82	1202.16
562.02	1153.01
562.22	1142.77
562.41	1163.25
562.61	1150.96
562.80	1140.72
563.00	1239.02
563.19	1153.01
563.39	1196.01
563.59	1175.53
563.78	1193.97
563.98	1140.72
564.17	1251.31
564.37	1187.82
564.56	1187.82
564.76	1220.59
564.96	1204.21
565.15	1112.05
565.35	1110.00
565.54	1167.34
565.74	1200.11
565.93	1181.68
566.13	1114.10
566.32	1169.39
566.52	1163.25
566.71	1167.34
566.91	1198.06
567.11	1046.51
567.30	1083.38
567.50	1177.58
567.69	1181.68
567.89	1163.25
568.08	1150.96
568.28	1202.16
568.47	1144.81
568.67	1163.25
568.86	1122.29
569.06	1206.25
569.25	1181.68
569.45	1118.19
569.64	1198.06
569.84	1224.69
570.04	1196.01
570.23	1144.81
570.43	1167.34
570.62	1165.29
570.82	1230.83
571.01	1245.16
571.21	1159.15
571.40	1216.49
571.60	1214.45
571.79	1175.53
571.99	1161.20
572.18	1228.78
572.38	1222.64
572.57	1114.10
572.77	1134.57
572.96	1206.25
573.16	1191.92
573.35	1181.68
573.55	1210.35
573.74	1204.21
573.94	1216.49
574.13	1232.88
574.33	1159.15
574.52	1189.87
574.71	1253.36
574.91	1161.20
575.10	1138.67
575.30	1243.12
575.49	1181.68
575.69	1159.15
575.88	1173.49
576.08	1130.48
576.27	1175.53
576.47	1187.82
576.66	1140.72
576.86	1196.01
577.05	1175.53
577.25	1220.59
577.44	1228.78
577.64	1159.15
577.83	1263.60
578.02	1116.14
578.22	1138.67
578.41	1196.01
578.61	1218.54
578.80	1150.96
579.00	1163.25
579.19	1218.54
579.39	1196.01
579.58	1155.05
579.77	1181.68
579.97	1173.49
580.16	1153.01
580.36	1126.38
580.55	1165.29
580.75	1185.77
580.94	1155.05
581.13	1202.16
581.33	1204.21
581.52	1189.87
581.72	1230.83
581.91	1193.97
582.11	1212.40
582.30	1230.83
582.49	1173.49
582.69	1159.15
582.88	1193.97
583.08	1146.86
583.27	1212.40
583.47	1183.73
583.66	1208.30
583.85	1116.14
584.05	1239.02
584.24	1179.63
584.44	1142.77
584.63	1202.16
584.82	1173.49
585.02	1167.34
585.21	1071.09
585.41	1171.44
585.60	1136.62
585.79	1191.92
585.99	1091.57
586.18	1222.64
586.37	1153.01
586.57	1198.06
586.76	1222.64
586.96	1167.34
587.15	1112.05
587.34	1175.53
587.54	1216.49
587.73	1167.34
587.93	1200.11
588.12	1130.48
588.31	1167.34
588.51	1114.10
588.70	1239.02
588.89	1193.97
589.09	1144.81
589.28	1208.30
589.47	1202.16
589.67	1187.82
589.86	1175.53
590.06	1222.64
590.25	1173.49
590.44	1222.64
590.64	1259.50
590.83	1171.44
591.02	1177.58
591.22	1097.71
591.41	1183.73
591.60	1259.50
591.80	1177.58
591.99	1171.44
592.18	1189.87
592.38	1251.31
592.57	1216.49
592.76	1144.81
592.96	1165.29
593.15	1114.10
593.34	1236.97
593.54	1134.57
593.73	1173.49
593.92	1179.63
594.12	1157.10
594.31	1224.69
594.50	1128.43
594.70	1132.53
594.89	1210.35
595.08	1191.92
595.28	1173.49
595.47	1146.86
595.66	1183.73
595.86	1175.53
596.05	1191.92
596.24	1210.35
596.43	1150.96
596.63	1120.24
596.82	1183.73
597.01	1169.39
597.21	1191.92
597.40	1198.06
597.59	1171.44
597.79	1208.30
597.98	1179.63
598.17	1163.25
598.36	1181.68
598.56	1243.12
598.75	1239.02
598.94	1179.63
599.14	1193.97
599.33	1148.91
599.52	1173.49
599.71	1175.53
599.91	1179.63
600.10	1153.01
600.29	1210.35
600.48	1198.06
600.68	1183.73
600.87	1171.44
601.06	1173.49
601.26	1255.40
601.45	1171.44
601.64	1148.91
601.83	1181.68
602.03	1165.29
602.22	1210.35
602.41	1243.12
602.60	1189.87
602.80	1085.42
602.99	1198.06
603.18	1187.82
603.37	1198.06
603.57	1095.66
603.76	1167.34
603.95	1169.39
604.14	1204.21
604.34	1183.73
604.53	1222.64
604.72	1169.39
604.91	1224.69
605.10	1249.26
605.30	1214.45
605.49	1163.25
605.68	1247.21
605.87	1150.96
606.07	1189.87
606.26	1161.20
606.45	1208.30
606.64	1191.92
606.84	1181.68
607.03	1140.72
607.22	1198.06
607.41	1191.92
607.60	1167.34
607.80	1224.69
607.99	1222.64
608.18	1130.48
608.37	1224.69
608.56	1118.19
608.76	1122.29
608.95	1118.19
609.14	1196.01
609.33	1150.96
609.52	1173.49
609.72	1183.73
609.91	1173.49
610.10	1200.11
610.29	1150.96
610.48	1169.39
610.68	1185.77
610.87	1163.25
611.06	1155.05
611.25	1193.97
611.44	1163.25
611.63	1187.82
611.83	1200.11
612.02	1187.82
612.21	1224.69
612.40	1187.82
612.59	1222.64
612.79	1255.40
612.98	1177.58
613.17	1210.35
613.36	1214.45
613.55	1144.81
613.74	1226.73
613.93	1169.39
614.13	1120.24
614.32	1167.34
614.51	1216.49
614.70	1220.59
614.89	1159.15
615.08	1208.30
615.28	1175.53
615.47	1183.73
615.66	1148.91
615.85	1165.29
616.04	1247.21
616.23	1230.83
616.42	1171.44
616.62	1167.34
616.81	1159.15
617.00	1181.68
617.19	1249.26
617.38	1193.97
617.57	1148.91
617.76	1054.70
617.95	1216.49
618.15	1175.53
618.34	1239.02
618.53	1161.20
618.72	1245.16
618.91	1171.44
619.10	1132.53
619.29	1138.67
619.48	1222.64
619.68	1165.29
619.87	1222.64
620.06	1134.57
620.25	1159.15
620.44	1228.78
620.63	1132.53
620.82	1224.69
621.01	1181.68
621.20	1212.40
621.39	1181.68
621.59	1148.91
621.78	1193.97
621.97	1216.49
622.16	1171.44
622.35	1187.82
622.54	1234.93
622.73	1128.43
622.92	1202.16
623.11	1165.29
623.30	1208.30
623.49	1159.15
623.68	1138.67
623.88	1193.97
624.07	1173.49
624.26	1118.19
624.45	1138.67
624.64	1173.49
624.83	1146.86
625.02	1183.73
625.21	1259.50
625.40	1167.34
625.59	1175.53
625.78	1132.53
625.97	1187.82
626.16	1241.07
626.35	1204.21
626.54	1173.49
626.74	1218.54
626.93	1191.92
627.12	1191.92
627.31	1089.52
627.50	1253.36
627.69	1249.26
627.88	1200.11
628.07	1204.21
628.26	1232.88
628.45	1222.64
628.64	1273.84
628.83	1247.21
629.02	1212.40
629.21	1228.78
629.40	1146.86
629.59	1228.78
629.78	1173.49
629.97	1183.73
630.16	1187.82
630.35	1218.54
630.54	1204.21
630.73	1208.30
630.92	1212.40
631.11	1228.78
631.30	1339.37
631.49	1464.30
631.68	1712.10
631.87	3741.64
632.06	14532.39
632.25	42710.39
632.44	56147.11
632.63	59219.06
632.82	37182.92
633.01	17948.40
633.20	5404.59
633.39	5320.62
633.58	2656.22
633.77	2099.17
633.96	1691.62
634.15	1421.29
634.34	1411.05
634.53	1456.11
634.72	1484.78
634.91	1316.84
635.10	1361.90
635.29	1224.69
635.48	1269.74
635.67	1224.69
635.86	1210.35
636.05	1187.82
636.24	1204.21
636.43	1220.59
636.62	1140.72
636.81	1275.88
637.00	1181.68
637.19	1210.35
637.38	1220.59
637.57	1183.73
637.76	1146.86
637.95	1216.49
638.14	1208.30
638.33	1144.81
638.52	1196.01
638.71	1193.97
638.89	1198.06
639.08	1189.87
639.27	1267.69
639.46	1138.67
639.65	1200.11
639.84	1163.25
640.03	1157.10
640.22	1191.92
640.41	1187.82
640.60	1245.16
640.79	1214.45
640.98	1204.21
641.17	1181.68
641.36	1153.01
641.55	1226.73
641.74	1173.49
641.92	1177.58
642.11	1138.67
642.30	1208.30
642.49	1202.16
642.68	1224.69
642.87	1159.15
643.06	1282.03
643.25	1175.53
643.44	1177.58
643.63	1142.77
643.82	1208.30
644.00	1183.73
644.19	1099.76
644.38	1210.35
644.57	1210.35
644.76	1159.15
644.95	1224.69
645.14	1187.82
645.33	1216.49
645.52	1206.25
645.71	1206.25
645.89	1138.67
646.08	1163.25
646.27	1204.21
646.46	1265.64
646.65	1165.29
646.84	1204.21
647.03	1112.05
647.22	1191.92
647.40	1183.73
647.59	1198.06
647.78	1167.34
647.97	1140.72
648.16	1224.69
648.35	1232.88
648.54	1124.33
648.73	1144.81
648.91	1202.16
649.10	1171.44
649.29	1142.77
649.48	1236.97
649.67	1179.63
649.86	1206.25
650.05	1247.21
650.23	1155.05
650.42	1134.57
650.61	1210.35
650.80	1079.28
650.99	1179.63
651.18	1187.82
651.36	1239.02
651.55	1230.83
651.74	1189.87
651.93	1204.21
652.12	1148.91
652.31	1208.30
652.49	1142.77
652.68	1177.58
652.87	1165.29
653.06	1277.93
653.25	1128.43
653.44	1208.30
653.62	1193.97
653.81	1116.14
654.00	1171.44
654.19	1169.39
654.38	1136.62
654.56	1212.40
654.75	1112.05
654.94	1159.15
655.13	1161.20
655.32	1212.40
655.51	1255.40
655.69	1155.05
655.88	1226.73
656.07	1153.01
656.26	1206.25
656.45	1183.73
656.63	1230.83
656.82	1134.57
657.01	1114.10
657.20	1136.62
657.38	1169.39
657.57	1159.15
657.76	1157.10
657.95	1142.77
658.14	1146.86
658.32	1169.39
658.51	1167.34
658.70	1163.25
658.89	1138.67
659.08	1150.96
659.26	1169.39
659.45	1193.97
659.64	1165.29
659.83	1130.48
660.01	1193.97
660.20	1136.62
660.39	1118.19
660.58	1187.82
660.76	1187.82
660.95	1136.62
661.14	1089.52
661.33	1138.67
661.51	1251.31
661.70	1173.49
661.89	1226.73
662.08	1251.31
662.26	1198.06
662.45	1198.06
662.64	1150.96
662.83	1167.34
663.01	1187.82
663.20	1171.44
663.39	1214.45
663.58	1202.16
663.76	1150.96
663.95	1175.53
664.14	1153.01
664.32	1189.87
664.51	1189.87
664.70	1155.05
664.89	1187.82
665.07	1165.29
665.26	1157.10
665.45	1191.92
665.64	1175.53
665.82	1212.40
666.01	1134.57
666.20	1157.10
666.38	1144.81
666.57	1181.68
666.76	1198.06
666.95	1183.73
667.13	1157.10
667.32	1185.77
667.51	1193.97
667.69	1198.06
667.88	1183.73
668.07	1214.45
668.25	1132.53
668.44	1234.93
668.63	1173.49
668.81	1216.49
669.00	1189.87
669.19	1171.44
669.38	1200.11
669.56	1191.92
669.75	1118.19
669.94	1212.40
670.12	1179.63
670.31	1196.01
670.50	1239.02
670.68	1232.88
670.87	1200.11
671.06	1216.49
671.24	1206.25
671.43	1126.38
671.62	1165.29
671.80	1165.29
671.99	1183.73
672.18	1181.68
672.36	1189.87
672.55	1142.77
672.74	1200.11
672.92	1165.29
673.11	1183.73
673.29	1169.39
673.48	1134.57
673.67	1157.10
673.85	1124.33
674.04	1167.34
674.23	1181.68
674.41	1200.11
674.60	1198.06
674.79	1218.54
674.97	1204.21
675.16	1216.49
675.34	1202.16
675.53	1181.68
675.72	1196.01
675.90	1177.58
676.09	1216.49
676.28	1230.83
676.46	1212.40
676.65	1169.39
676.83	1222.64
677.02	1230.83
677.21	1212.40
677.39	1191.92
677.58	1183.73
677.77	1165.29
677.95	1126.38
678.14	1146.86
678.32	1159.15
678.51	1116.14
678.70	1177.58
678.88	1136.62
679.07	1185.77
679.25	1144.81
679.44	1175.53
679.63	1349.61
679.81	1216.49
680.00	1216.49
680.18	1142.77
680.37	1185.77
680.55	1183.73
680.74	1177.58
680.93	1212.40
681.11	1087.47
681.30	1193.97
681.48	1134.57
681.67	1296.36
681.85	1204.21
682.04	1173.49
682.23	1177.58
682.41	1165.29
682.60	1187.82
682.78	1105.90
682.97	1191.92
683.15	1107.95
683.34	1249.26
683.53	1245.16
683.71	1187.82
683.90	1189.87
684.08	1142.77
684.27	1191.92
684.45	1253.36
684.64	1208.30
684.82	1138.67
685.01	1183.73
685.19	1202.16
685.38	1177.58
685.57	1175.53
685.75	1142.77
685.94	1224.69
686.12	1208.30
686.31	1126.38
686.49	1218.54
686.68	1165.29
686.86	1146.86
687.05	1212.40
687.23	1198.06
687.42	1101.81
687.60	1165.29
687.79	1110.00
687.97	1153.01
688.16	1134.57
688.34	1144.81
688.53	1163.25
688.71	1204.21
688.90	1081.33
689.08	1183.73
689.27	1196.01
689.45	1206.25
689.64	1128.43
689.82	1200.11
690.01	1155.05
690.19	1236.97
690.38	1148.91
690.56	1132.53
690.75	1163.25
690.93	1198.06
691.12	1157.10
691.30	1157.10
691.49	1171.44
691.67	1144.81
691.86	1200.11
692.04	1183.73
692.23	1183.73
692.41	1185.77
692.60	1155.05
692.78	1212.40
692.97	1204.21
693.15	1191.92
693.34	1218.54
693.52	1138.67
693.71	1185.77
693.89	1216.49
694.08	1132.53
694.26	1206.25
694.44	1177.58
694.63	1173.49
694.81	1187.82
695.00	1128.43
695.18	1216.49
695.37	1161.20
695.55	1126.38
695.74	1222.64
695.92	1138.67
696.10	1200.11
696.29	1255.40
696.47	1206.25
696.66	1134.57
696.84	1114.10
697.03	1236.97
697.21	1124.33
697.40	1210.35
697.58	1165.29
697.76	1179.63
697.95	1150.96
698.13	1193.97
698.32	1202.16
698.50	1165.29
698.68	1212.40
698.87	1167.34
699.05	1120.24
699.24	1214.45
699.42	1193.97
699.61	1128.43
699.79	1157.10
699.97	1187.82
700.16	1165.29
700.34	1200.11
700.53	1110.00
700.71	1167.34
700.89	1251.31
701.08	1198.06
701.26	1185.77
701.45	1245.16
701.63	1110.00
701.81	1175.53
702.00	1128.43
702.18	1206.25
702.37	1142.77
702.55	1206.25
702.73	1185.77
702.92	1200.11
703.10	1155.05
703.28	1220.59
703.47	1181.68
703.65	1169.39
703.84	1163.25
704.02	1153.01
704.20	1193.97
704.39	1175.53
704.57	1224.69
704.75	1120.24
704.94	1179.63
705.12	1175.53
705.30	1105.90
705.49	1150.96
705.67	1171.44
705.86	1148.91
706.04	1116.14
706.22	1208.30
706.41	1198.06
706.59	1110.00
706.77	1175.53
706.96	1144.81
707.14	1085.42
707.32	1191.92
707.51	1193.97
707.69	1159.15
707.87	1181.68
708.06	1208.30
708.24	1155.05
708.42	1140.72
708.61	1134.57
708.79	1126.38
708.97	1136.62
709.16	1140.72
709.34	1198.06
709.52	1236.97
709.71	1218.54
709.89	1275.88
710.07	1193.97
710.26	1200.11
710.44	1181.68
710.62	1210.35
710.80	1167.34
710.99	1169.39
711.17	1179.63
711.35	1206.25
711.54	1185.77
711.72	1130.48
711.90	1179.63
712.09	1222.64
712.27	1251.31
712.45	1155.05
712.63	1179.63
712.82	1120.24
713.00	1130.48
713.18	1241.07
713.37	1214.45
713.55	1183.73
713.73	1169.39
713.91	1171.44
714.10	1232.88
714.28	1110.00
714.46	1220.59
714.65	1196.01
714.83	1173.49
715.01	1155.05
715.19	1181.68
715.38	1191.92
715.56	1204.21
715.74	1165.29
715.92	1163.25
716.11	1093.62
716.29	1196.01
716.47	1224.69
716.65	1177.58
716.84	1179.63
717.02	1187.82
717.20	1159.15
717.38	1187.82
717.57	1200.11
717.75	1163.25
717.93	1159.15
718.11	1134.57
718.30	1236.97
718.48	1196.01
718.66	1187.82
718.84	1110.00
719.03	1114.10
719.21	1167.34
719.39	1146.86
719.57	1181.68
719.75	1130.48
719.94	1142.77
720.12	1132.53
720.30	1159.15
720.48	1163.25
720.67	1171.44
720.85	1206.25
721.03	1157.10
721.21	1228.78
721.39	1161.20
721.58	1175.53
721.76	1198.06
721.94	1153.01
722.12	1183.73
722.30	1153.01
722.49	1200.11
722.67	1165.29
722.85	1165.29
723.03	1187.82
723.21	1097.71
723.40	1181.68
723.58	1173.49
723.76	1216.49
723.94	1146.86
724.12	1206.25
724.30	1175.53
724.49	1099.76
724.67	1206.25
724.85	1189.87
725.03	1153.01
725.21	1220.59
725.40	1155.05
725.58	1163.25
725.76	1157.10
725.94	1206.25
726.12	1191.92
726.30	1191.92
726.49	1243.12
726.67	1157.10
726.85	1165.29
727.03	1159.15
727.21	1196.01
727.39	1206.25
727.57	1224.69
727.76	1175.53
727.94	1228.78
728.12	1218.54
728.30	1159.15
728.48	1224.69
728.66	1183.73
728.84	1132.53
729.03	1173.49
729.21	1153.01
729.39	1105.90
729.57	1142.77
729.75	1228.78
729.93	1222.64
730.11	1191.92
730.30	1216.49
730.48	1210.35
730.66	1118.19
730.84	1226.73
731.02	1204.21
731.20	1132.53
731.38	1122.29
731.56	1214.45
731.74	1126.38
731.93	1216.49
732.11	1183.73
732.29	1177.58
732.47	1181.68
732.65	1138.67
732.83	1144.81
733.01	1175.53
733.19	1185.77
733.37	1118.19
733.56	1132.53
733.74	1181.68
733.92	1130.48
734.10	1140.72
734.28	1167.34
734.46	1171.44
734.64	1140.72
734.82	1132.53
735.00	1167.34
735.18	1146.86
735.36	1177.58
735.54	1228.78
735.73	1243.12
735.91	1193.97
736.09	1181.68
736.27	1183.73
736.45	1216.49
736.63	1181.68
736.81	1150.96
736.99	1191.92
737.17	1245.16
737.35	1196.01
737.53	1183.73
737.71	1193.97
737.89	1191.92
738.07	1181.68
738.25	1216.49
738.43	1155.05
738.61	1171.44
738.80	1265.64
738.98	1216.49
739.16	1173.49
739.34	1202.16
739.52	1247.21
739.70	1105.90
739.88	1085.42
740.06	1273.84
740.24	1142.77
740.42	1218.54
740.60	1222.64
740.78	1189.87
740.96	1208.30
741.14	1204.21
741.32	1124.33
741.50	1128.43
741.68	1142.77
741.86	1177.58
742.04	1095.66
742.22	1181.68
742.40	1191.92
742.58	1200.11
742.76	1089.52
742.94	1214.45
743.12	1191.92
743.30	1179.63
743.48	1163.25
743.66	1222.64
743.84	1206.25
744.02	1150.96
744.20	1157.10
744.38	1173.49
744.56	1130.48
744.74	1118.19
744.92	1118.19
745.10	1136.62
745.28	1153.01
745.46	1153.01
745.64	1218.54
745.82	1202.16
746.00	1173.49
746.18	1191.92
746.36	1118.19
746.54	1196.01
746.72	1161.20
746.90	1146.86
747.08	1191.92
747.26	1161.20
747.44	1120.24
747.62	1148.91
747.80	1155.05
747.98	1196.01
748.15	1132.53
748.33	1150.96
748.51	1214.45
748.69	1167.34
748.87	1216.49
749.05	1251.31
749.23	1187.82
749.41	1200.11
749.59	1138.67
749.77	1153.01
749.95	1185.77
750.13	1196.01
750.31	1259.50
750.49	1175.53
750.67	1267.69
750.85	1236.97
751.03	1148.91
751.20	1226.73
751.38	1157.10
751.56	1150.96
751.74	1112.05
751.92	1099.76
752.10	1179.63
752.28	1224.69
752.46	1200.11
752.64	1112.05
752.82	1128.43
753.00	1105.90
753.18	1189.87
753.35	1181.68
753.53	1216.49
753.71	1183.73
753.89	1196.01
754.07	1159.15
754.25	1159.15
754.43	1175.53
754.61	1103.86
754.79	1257.45
754.97	1081.33
755.14	1185.77
755.32	1163.25
755.50	1116.14
755.68	1222.64
755.86	1126.38
756.04	1167.34
756.22	1124.33
756.40	1140.72
756.57	1155.05
756.75	1222.64
756.93	1167.34
757.11	1155.05
757.29	1136.62
757.47	1185.77
757.65	1167.34
757.82	1150.96
758.00	1175.53
758.18	1173.49
758.36	1175.53
758.54	1130.48
758.72	1187.82
758.90	1120.24
759.07	1241.07
759.25	1161.20
759.43	1204.21
759.61	1204.21
759.79	1200.11
759.97	1218.54
760.15	1214.45
760.32	1196.01
760.50	1148.91
760.68	1187.82
760.86	1099.76
761.04	1173.49
761.22	1222.64
761.39	1165.29
761.57	1214.45
761.75	1183.73
761.93	1220.59
762.11	1189.87
762.28	1239.02
762.46	1200.11
762.64	1196.01
762.82	1193.97
763.00	1177.58
763.18	1216.49
763.35	1114.10
763.53	1236.97
763.71	1130.48
763.89	1136.62
764.07	1179.63
764.24	1191.92
764.42	1175.53
764.60	1200.11
764.78	1243.12
764.96	1165.29
765.13	1097.71
765.31	1224.69
765.49	1208.30
765.67	1183.73
765.84	1236.97
766.02	1165.29
766.20	1112.05
766.38	1173.49
766.56	1200.11
766.73	1236.97
766.91	1232.88
767.09	1167.34
767.27	1206.25
767.44	1214.45
767.62	1173.49
767.80	1228.78
767.98	1159.15
768.15	1148.91
768.33	1200.11
768.51	1208.30
768.69	1150.96
768.87	1126.38
769.04	1230.83
769.22	1232.88
769.40	1124.33
769.58	1179.63
769.75	1132.53
769.93	1128.43
770.11	1138.67
770.28	1126.38
770.46	1150.96
770.64	1159.15
770.82	1210.35
770.99	1202.16
771.17	1202.16
771.35	1222.64
771.53	1204.21
771.70	1177.58
771.88	1228.78
772.06	1206.25
772.23	1230.83
772.41	1243.12
772.59	1228.78
772.77	1175.53
772.94	1173.49
773.12	1116.14
773.30	1126.38
773.47	1142.77
773.65	1198.06
773.83	1126.38
774.01	1202.16
774.18	1187.82
774.36	1153.01
774.54	1173.49
774.71	1208.30
774.89	1122.29
775.07	1085.42
775.24	1118.19
775.42	1122.29
775.60	1183.73
775.78	1189.87
775.95	1181.68
776.13	1150.96
776.31	1120.24
776.48	1161.20
776.66	1191.92
776.84	1202.16
777.01	1122.29
777.19	1163.25
777.37	1191.92
777.54	1095.66
777.72	1155.05
777.90	1148.91
778.07	1173.49
778.25	1173.49
778.43	1220.59
778.60	1171.44
778.78	1236.97
778.96	1173.49
779.13	1204.21
779.31	1189.87
779.49	1236.97
779.66	1196.01
779.84	1198.06
780.01	1241.07
780.19	1228.78
780.37	1122.29
780.54	1198.06
780.72	1110.00
780.90	1136.62
781.07	1177.58
781.25	1214.45
781.43	1241.07
781.60	1232.88
781.78	1179.63
781.95	1153.01
782.13	1191.92
782.31	1150.96
782.48	1251.31
782.66	1232.88
782.83	1198.06
783.01	1191.92
783.19	1130.48
783.36	1175.53
783.54	1077.23
783.72	1187.82
783.89	1148.91
784.07	1136.62
784.24	1177.58
784.42	1226.73
784.60	1273.84
784.77	1239.02
784.95	1110.00
785.12	1161.20
785.30	1232.88
785.47	1208.30
785.65	1134.57
785.83	1159.15
786.00	1196.01
786.18	1165.29
786.35	1196.01
786.53	1196.01
786.71	1249.26
786.88	1130.48
787.06	1228.78
787.23	1202.16
787.41	1175.53
787.58	1216.49
787.76	1200.11
787.94	1200.11
788.11	1153.01
788.29	1202.16
788.46	1198.06
788.64	1286.12
788.81	1196.01
788.99	1228.78
789.16	1138.67
789.34	1218.54
789.52	1198.06
789.69	1175.53
789.87	1120.24
790.04	1236.97
790.22	1153.01
790.39	1183.73
790.57	1163.25
790.74	1230.83
790.92	1157.10
791.09	1277.93
791.27	1134.57
791.44	1202.16
791.62	1171.44
791.79	1193.97
791.97	1230.83
792.15	1167.34
792.32	1126.38
792.50	1163.25
792.67	1144.81
792.85	1146.86
793.02	1181.68
793.20	1269.74
793.37	1208.30
793.55	1177.58
793.72	1224.69
793.90	1200.11
794.07	1181.68
794.25	1175.53
794.42	1161.20
794.60	1198.06
794.77	1198.06
794.95	1173.49
795.12	1155.05
795.30	1173.49
795.47	1230.83
795.65	1236.97
795.82	1148.91
796.00	1124.33
796.17	1118.19
796.34	1222.64
796.52	1163.25
796.69	1163.25
796.87	1173.49
797.04	1165.29
797.22	1179.63
797.39	1142.77
797.57	1183.73
797.74	1206.25
797.92	1163.25
798.09	1228.78
798.27	1200.11
798.44	1163.25
798.62	1171.44
798.79	1142.77
798.96	1165.29
799.14	1175.53
799.31	1204.21
799.49	1155.05
799.66	1196.01
799.84	1200.11
800.01	1138.67
800.19	1251.31
800.36	1114.10
800.53	1220.59
800.71	1138.67
800.88	1208.30
801.06	1142.77
801.23	1173.49
801.41	1165.29
801.58	1230.83
801.75	1144.81
801.93	1239.02
802.10	1200.11
802.28	1191.92
802.45	1230.83
802.63	1177.58
802.80	1193.97
802.97	1101.81
803.15	1167.34
803.32	1179.63
803.50	1169.39
803.67	1163.25
803.84	1136.62
804.02	1134.57
804.19	1183.73
804.37	1140.72
804.54	1179.63
804.71	1191.92
804.89	1206.25
805.06	1146.86
805.24	1146.86
805.41	1157.10
805.58	1105.90
805.76	1073.14
805.93	1101.81
806.10	1204.21
806.28	1153.01
806.45	1175.53
806.63	1146.86
806.80	1107.95
806.97	1130.48
807.15	1216.49
807.32	1177.58
807.49	1196.01
807.67	1146.86
807.84	1112.05
808.01	1167.34
808.19	1202.16
808.36	1146.86
808.54	1167.34
808.71	1140.72
808.88	1146.86
809.06	1175.53
809.23	1249.26
809.40	1234.93
809.58	1155.05
809.75	1253.36
809.92	1208.30
810.10	1120.24
810.27	1183.73
810.44	1155.05
810.62	1134.57
810.79	1144.81
810.96	1265.64
811.14	1146.86
811.31	1187.82
811.48	1171.44
811.66	1153.01
811.83	1204.21
812.00	1245.16
812.18	1175.53
812.35	1173.49
812.52	1163.25
812.69	1187.82
812.87	1265.64
813.04	1216.49
813.21	1140.72
813.39	1239.02
813.56	1140.72
813.73	1183.73
813.91	1120.24
814.08	1187.82
814.25	1163.25
814.42	1196.01
814.60	1208.30
814.77	1171.44
814.94	1243.12
815.12	1134.57
815.29	1181.68
815.46	1128.43
815.63	1204.21
815.81	1179.63
815.98	1183.73
816.15	1226.73
816.33	1222.64
816.50	1150.96
816.67	1191.92
816.84	1132.53
817.02	1198.06
817.19	1214.45
817.36	1103.86
817.53	1165.29
817.71	1155.05
817.88	1179.63
818.05	1177.58
818.22	1169.39
818.40	1210.35
818.57	1157.10
818.74	1271.79
818.91	1185.77
819.09	1110.00
819.26	1216.49
819.43	1212.40
819.60	1181.68
819.78	1183.73
819.95	1148.91
820.12	1144.81
820.29	1138.67
820.47	1134.57
820.64	1208.30
820.81	1226.73
820.98	1159.15
821.15	1134.57
821.33	1200.11
821.50	1155.05
821.67	1200.11
821.84	1116.14
822.02	1167.34
822.19	1224.69
822.36	1187.82
822.53	1189.87
822.70	1148.91
822.88	1093.62
823.05	1167.34
823.22	1189.87
823.39	1148.91
823.56	1273.84
823.74	1167.34
823.91	1212.40
824.08	1232.88
824.25	1245.16
824.42	1200.11
824.60	1128.43
824.77	1144.81
824.94	1181.68
825.11	1130.48
825.28	1175.53
825.45	1206.25
825.63	1144.81
825.80	1105.90
825.97	1118.19
826.14	1132.53
826.31	1159.15
826.48	1208.30
826.66	1245.16
826.83	1200.11
827.00	1271.79
827.17	1150.96
827.34	1155.05
827.51	1171.44
827.69	1200.11
827.86	1128.43
828.03	1196.01
828.20	1228.78
828.37	1159.15
828.54	1161.20
828.71	1187.82
828.89	1226.73
829.06	1142.77
829.23	1230.83
829.40	1171.44
829.57	1183.73
829.74	1222.64
829.91	1177.58
830.09	1224.69
830.26	1181.68
830.43	1236.97
830.60	1279.98
830.77	1181.68
830.94	1189.87
831.11	1163.25
831.28	1146.86
831.46	1191.92
831.63	1208.30
831.80	1179.63
831.97	1239.02
832.14	1138.67
832.31	1212.40
832.48	1189.87
832.65	1112.05
832.82	1185.77
832.99	1175.53
833.17	1150.96
833.34	1181.68
833.51	1155.05
833.68	1163.25
833.85	1218.54
834.02	1183.73
834.19	1091.57
834.36	1177.58
834.53	1216.49
834.70	1177.58
834.87	1169.39
835.04	1150.96
835.22	1224.69
835.39	1163.25
835.56	1128.43
835.73	1165.29
835.90	1173.49
836.07	1226.73
836.24	1181.68
836.41	1138.67
836.58	1099.76
836.75	1140.72
836.92	1179.63
837.09	1179.63
837.26	1236.97
837.43	1216.49
837.60	1171.44
837.77	1181.68
837.94	1177.58
838.12	1243.12
838.29	1230.83
838.46	1193.97
838.63	1202.16
838.80	1165.29
838.97	1210.35
839.14	1179.63
839.31	1185.77
839.48	1165.29
839.65	1241.07
839.82	1153.01
839.99	1136.62
840.16	1122.29
840.33	1193.97
840.50	1173.49
840.67	1198.06
840.84	1167.34
841.01	1148.91
841.18	1181.68
841.35	1210.35
841.52	1236.97
841.69	1181.68
841.86	1214.45
842.03	1161.20
842.20	1187.82
842.37	1216.49
842.54	1222.64
842.71	1155.05
842.88	1236.97
843.05	1191.92
843.22	1275.88
843.39	1181.68
843.56	1183.73
843.73	1177.58
843.90	1200.11
844.07	1208.30
844.24	1208.30
844.41	1138.67
844.58	1107.95
844.75	1148.91
844.92	1196.01
845.09	1218.54
845.26	1193.97
845.43	1214.45
845.60	1187.82
845.77	1134.57
845.94	1134.57
846.10	1200.11
846.27	1189.87
846.44	1208.30
846.61	1110.00
846.78	1183.73
846.95	1136.62
847.12	1146.86
847.29	1185.77
847.46	1097.71
847.63	1208.30
847.80	1187.82
847.97	1185.77
848.14	1210.35
848.31	1138.67
848.48	1187.82
848.65	1216.49
848.82	1153.01
848.98	1200.11
849.15	1093.62
849.32	1183.73
849.49	1179.63
849.66	1259.50
849.83	1236.97
850.00	1228.78
850.17	1255.40
850.34	1138.67
850.51	1167.34
850.68	1294.32
850.85	1191.92
851.01	1218.54
851.18	1146.86
851.35	1214.45
851.52	1148.91
851.69	1200.11
851.86	1124.33
852.03	1157.10
852.20	1165.29
852.37	1257.45
852.53	1204.21
852.70	1153.01
852.87	1222.64
853.04	1185.77
853.21	1208.30
853.38	1148.91
853.55	1148.91
853.72	1198.06
853.89	1148.91
854.05	1181.68
854.22	1226.73
854.39	1142.77
854.56	1114.10
854.73	1167.34
854.90	1173.49
855.07	1222.64
855.23	1171.44
855.40	1198.06
855.57	1165.29
855.74	1189.87
855.91	1140.72
856.08	1120.24
856.25	1208.30
856.41	1179.63
856.58	1140.72
856.75	1159.15
856.92	1173.49
857.09	1224.69
857.26	1161.20
857.42	1159.15
857.59	1179.63
857.76	1189.87
857.93	1191.92
858.10	1089.52
858.27	1132.53
858.43	1200.11
858.60	1138.67
858.77	1204.21
858.94	1191.92
859.11	1198.06
859.27	1191.92
859.44	1181.68
859.61	1226.73
859.78	1159.15
859.95	1191.92
860.12	1273.84
860.28	1187.82
860.45	1157.10
860.62	1179.63
860.79	1134.57
860.95	1212.40
861.12	1189.87
861.29	1202.16
861.46	1112.05
861.63	1177.58
861.79	1187.82
861.96	1081.33
862.13	1232.88
862.30	1191.92
862.47	1206.25
862.63	1148.91
862.80	1251.31
862.97	1210.35
863.14	1146.86
863.30	1142.77
863.47	1177.58
863.64	1153.01
863.81	1202.16
863.97	1187.82
864.14	1101.81
864.31	1181.68
864.48	1179.63
864.65	1138.67
864.81	1128.43
864.98	1189.87
865.15	1187.82
865.32	1187.82
865.48	1187.82
865.65	1200.11
865.82	1224.69
865.98	1163.25
866.15	1247.21
866.32	1228.78
866.49	1196.01
866.65	1179.63
866.82	1148.91
866.99	1181.68
867.16	1214.45
867.32	1179.63
867.49	1214.45
867.66	1193.97
867.83	1210.35
867.99	1159.15
868.16	1191.92
868.33	1095.66
868.49	1212.40
868.66	1150.96
868.83	1183.73
868.99	1247.21
869.16	1148.91
869.33	1196.01
869.50	1208.30
869.66	1234.93
869.83	1191.92
870.00	1157.10
870.16	1155.05
870.33	1165.29
870.50	1157.10
870.66	1126.38
870.83	1130.48
871.00	1132.53
871.17	1085.42
871.33	1214.45
871.50	1140.72
871.67	1105.90
871.83	1161.20
872.00	1146.86
872.17	1212.40
872.33	1224.69
872.50	1204.21
872.67	1173.49
872.83	1173.49
873.00	1157.10
873.17	1167.34
873.33	1150.96
873.50	1118.19
873.67	1155.05
873.83	1206.25
874.00	1245.16
874.16	1200.11
874.33	1230.83
874.50	1243.12
874.66	1206.25
874.83	1183.73
875.00	1167.34
875.16	1196.01
875.33	1097.71
875.50	1224.69
875.66	1228.78
875.83	1200.11
875.99	1101.81
876.16	1214.45
876.33	1212.40
876.49	1267.69
876.66	1191.92
876.83	1093.62
876.99	1114.10
877.16	1200.11
877.32	1114.10
877.49	1136.62
877.66	1132.53
877.82	1196.01
877.99	1183.73
878.15	1183.73
878.32	1175.53
878.49	1175.53
878.65	1206.25
878.82	1161.20
878.98	1173.49
879.15	1212.40
879.32	1175.53
879.48	1150.96
879.65	1148.91
879.81	1177.58
879.98	1249.26
880.15	1173.49
880.31	1243.12
880.48	1183.73
880.64	1187.82
880.81	1249.26
880.97	1132.53
881.14	1206.25
881.31	1177.58
881.47	1169.39
881.64	1208.30
881.80	1165.29
881.97	1204.21
882.13	1200.11
882.30	1189.87
882.47	1173.49
882.63	1130.48
882.80	1093.62
882.96	1224.69
883.13	1212.40
883.29	1167.34
883.46	1206.25
883.62	1198.06
883.79	1153.01
883.95	1204.21
884.12	1189.87
884.29	1179.63
884.45	1179.63
884.62	1093.62
884.78	1185.77
884.95	1191.92
885.11	1228.78
885.28	1165.29
885.44	1161.20
885.61	1218.54
885.77	1169.39
885.94	1181.68
886.10	1148.91
886.27	1232.88
886.43	1189.87
886.60	1204.21
886.76	1181.68
886.93	1177.58
887.09	1218.54
887.26	1191.92
887.42	1189.87
887.59	1169.39
887.75	1128.43
887.92	1134.57
888.08	1101.81
888.25	1155.05
888.41	1150.96
888.58	1196.01
888.74	1212.40
888.91	1114.10
