177.47	1187.82
177.69	1187.82
177.91	1187.82
178.13	1167.34
178.36	1167.34
178.58	1239.02
178.80	1155.05
179.02	1112.05
179.24	1218.54
179.46	1153.01
179.68	1202.16
179.90	1196.01
180.13	1236.97
180.35	1136.62
180.57	1132.53
180.79	1196.01
181.01	1187.82
181.23	1200.11
181.45	1232.88
181.67	1206.25
181.90	1173.49
182.12	1204.21
182.34	1110.00
182.56	1146.86
182.78	1193.97
183.00	1196.01
183.22	1183.73
183.44	1150.96
183.66	1216.49
183.89	1159.15
184.11	1224.69
184.33	1198.06
184.55	1169.39
184.77	1148.91
184.99	1126.38
185.21	1189.87
185.43	1136.62
185.65	1155.05
185.87	1179.63
186.10	1153.01
186.32	1062.90
186.54	1116.14
186.76	1183.73
186.98	1157.10
187.20	1146.86
187.42	1196.01
187.64	1224.69
187.86	1183.73
188.08	1206.25
188.30	1245.16
188.52	1150.96
188.75	1157.10
188.97	1193.97
189.19	1150.96
189.41	1179.63
189.63	1138.67
189.85	1179.63
190.07	1163.25
190.29	1191.92
190.51	1171.44
190.73	1196.01
190.95	1298.41
191.17	1216.49
191.39	1177.58
191.61	1185.77
191.84	1167.34
192.06	1226.73
192.28	1124.33
192.50	1159.15
192.72	1150.96
192.94	1122.29
193.16	1222.64
193.38	1157.10
193.60	1193.97
193.82	1220.59
194.04	1196.01
194.26	1200.11
194.48	1193.97
194.70	1181.68
194.92	1175.53
195.14	1140.72
195.36	1150.96
195.58	1200.11
195.80	1142.77
196.02	1161.20
196.24	1130.48
196.46	1134.57
196.69	1163.25
196.91	1255.40
197.13	1191.92
197.35	1200.11
197.57	1259.50
197.79	1171.44
198.01	1101.81
198.23	1214.45
198.45	1140.72
198.67	1173.49
198.89	1163.25
199.11	1124.33
199.33	1232.88
199.55	1202.16
199.77	1226.73
199.99	1146.86
200.21	1181.68
200.43	1144.81
200.65	1112.05
200.87	1165.29
201.09	1122.29
201.31	1228.78
201.53	1150.96
201.75	1189.87
201.97	1159.15
202.19	1224.69
202.41	1175.53
202.63	1239.02
202.85	1130.48
203.07	1191.92
203.29	1116.14
203.51	1193.97
203.73	1191.92
203.95	1193.97
204.17	1155.05
204.39	1105.90
204.61	1179.63
204.83	1163.25
205.05	1241.07
205.27	1169.39
205.49	1105.90
205.71	1216.49
205.93	1159.15
206.15	1253.36
206.37	1230.83
206.59	1177.58
206.81	1091.57
207.03	1208.30
207.25	1138.67
207.47	1163.25
207.69	1224.69
207.91	1142.77
208.13	1171.44
208.34	1155.05
208.56	1128.43
208.78	1150.96
209.00	1134.57
209.22	1128.43
209.44	1169.39
209.66	1230.83
209.88	1140.72
210.10	1177.58
210.32	1144.81
210.54	1165.29
210.76	1148.91
210.98	1128.43
211.20	1210.35
211.42	1159.15
211.64	1130.48
211.86	1169.39
212.08	1136.62
212.30	1171.44
212.52	1210.35
212.74	1208.30
212.96	1105.90
213.17	1202.16
213.39	1155.05
213.61	1220.59
213.83	1200.11
214.05	1288.17
214.27	1206.25
214.49	1218.54
214.71	1169.39
214.93	1181.68
215.15	1138.67
215.37	1206.25
215.59	1148.91
215.81	1198.06
216.03	1175.53
216.24	1179.63
216.46	1187.82
216.68	1230.83
216.90	1138.67
217.12	1177.58
217.34	1189.87
217.56	1161.20
217.78	1255.40
218.00	1157.10
218.22	1243.12
218.44	1132.53
218.66	1118.19
218.87	1181.68
219.09	1189.87
219.31	1153.01
219.53	1193.97
219.75	1210.35
219.97	1200.11
220.19	1212.40
220.41	1146.86
220.63	1241.07
220.85	1200.11
221.06	1177.58
221.28	1245.16
221.50	1140.72
221.72	1198.06
221.94	1134.57
222.16	1142.77
222.38	1204.21
222.60	1232.88
222.82	1159.15
223.03	1226.73
223.25	1134.57
223.47	1126.38
223.69	1259.50
223.91	1212.40
224.13	1105.90
224.35	1110.00
224.57	1189.87
224.78	1191.92
225.00	1150.96
225.22	1208.30
225.44	1187.82
225.66	1243.12
225.88	1222.64
226.10	1179.63
226.32	1185.77
226.53	1187.82
226.75	1234.93
226.97	1257.45
227.19	1153.01
227.41	1204.21
227.63	1146.86
227.85	1161.20
228.06	1101.81
228.28	1200.11
228.50	1236.97
228.72	1212.40
228.94	1216.49
229.16	1165.29
229.37	1202.16
229.59	1153.01
229.81	1216.49
230.03	1138.67
230.25	1222.64
230.47	1212.40
230.69	1220.59
230.90	1138.67
231.12	1138.67
231.34	1142.77
231.56	1148.91
231.78	1204.21
232.00	1167.34
232.21	1150.96
232.43	1179.63
232.65	1153.01
232.87	1243.12
233.09	1163.25
233.30	1187.82
233.52	1210.35
233.74	1202.16
233.96	1132.53
234.18	1171.44
234.40	1159.15
234.61	1202.16
234.83	1277.93
235.05	1144.81
235.27	1212.40
235.49	1214.45
235.70	1183.73
235.92	1181.68
236.14	1243.12
236.36	1175.53
236.58	1181.68
236.79	1181.68
237.01	1169.39
237.23	1165.29
237.45	1185.77
237.67	1183.73
237.88	1142.77
238.10	1249.26
238.32	1202.16
238.54	1183.73
238.76	1173.49
238.97	1153.01
239.19	1148.91
239.41	1290.22
239.63	1085.42
239.85	1134.57
240.06	1132.53
240.28	1212.40
240.50	1191.92
240.72	1234.93
240.93	1159.15
241.15	1224.69
241.37	1165.29
241.59	1236.97
241.81	1142.77
242.02	1200.11
242.24	1222.64
242.46	1193.97
242.68	1169.39
242.89	1124.33
243.11	1163.25
243.33	1241.07
243.55	1193.97
243.76	1230.83
243.98	1130.48
244.20	1224.69
244.42	1216.49
244.64	1101.81
244.85	1163.25
245.07	1208.30
245.29	1208.30
245.51	1173.49
245.72	1136.62
245.94	1236.97
246.16	1185.77
246.38	1224.69
246.59	1183.73
246.81	1146.86
247.03	1122.29
247.24	1193.97
247.46	1208.30
247.68	1224.69
247.90	1202.16
248.11	1161.20
248.33	1183.73
248.55	1193.97
248.77	1198.06
248.98	1148.91
249.20	1214.45
249.42	1161.20
249.64	1134.57
249.85	1173.49
250.07	1232.88
250.29	1191.92
250.50	1230.83
250.72	1159.15
250.94	1183.73
251.16	1196.01
251.37	1175.53
251.59	1146.86
251.81	1191.92
252.02	1171.44
252.24	1167.34
252.46	1167.34
252.68	1126.38
252.89	1265.64
253.11	1189.87
253.33	1095.66
253.54	1189.87
253.76	1159.15
253.98	1187.82
254.20	1212.40
254.41	1144.81
254.63	1130.48
254.85	1222.64
255.06	1191.92
255.28	1191.92
255.50	1212.40
255.71	1148.91
255.93	1216.49
256.15	1142.77
256.36	1226.73
256.58	1191.92
256.80	1142.77
257.02	1173.49
257.23	1228.78
257.45	1290.22
257.67	1259.50
257.88	1200.11
258.10	1175.53
258.32	1099.76
258.53	1138.67
258.75	1208.30
258.97	1171.44
259.18	1114.10
259.40	1196.01
259.62	1189.87
259.83	1198.06
260.05	1226.73
260.27	1196.01
260.48	1116.14
260.70	1138.67
260.92	1224.69
261.13	1193.97
261.35	1183.73
261.57	1210.35
261.78	1171.44
262.00	1253.36
262.22	1169.39
262.43	1165.29
262.65	1140.72
262.86	1214.45
263.08	1196.01
263.30	1163.25
263.51	1150.96
263.73	1107.95
263.95	1167.34
264.16	1142.77
264.38	1144.81
264.60	1273.84
264.81	1175.53
265.03	1116.14
265.25	1159.15
265.46	1245.16
265.68	1179.63
265.89	1177.58
266.11	1136.62
266.33	1146.86
266.54	1142.77
266.76	1187.82
266.98	1124.33
267.19	1167.34
267.41	1220.59
267.62	1122.29
267.84	1126.38
268.06	1191.92
268.27	1173.49
268.49	1247.21
268.70	1220.59
268.92	1232.88
269.14	1189.87
269.35	1196.01
269.57	1169.39
269.79	1140.72
270.00	1159.15
270.22	1183.73
270.43	1148.91
270.65	1167.34
270.87	1122.29
271.08	1187.82
271.30	1126.38
271.51	1179.63
271.73	1247.21
271.95	1177.58
272.16	1181.68
272.38	1183.73
272.59	1159.15
272.81	1196.01
273.02	1189.87
273.24	1241.07
273.46	1128.43
273.67	1157.10
273.89	1161.20
274.10	1198.06
274.32	1185.77
274.54	1193.97
274.75	1185.77
274.97	1146.86
275.18	1148.91
275.40	1226.73
275.61	1130.48
275.83	1169.39
276.05	1212.40
276.26	1175.53
276.48	1185.77
276.69	1243.12
276.91	1169.39
277.12	1273.84
277.34	1208.30
277.55	1202.16
277.77	1196.01
277.99	1214.45
278.20	1228.78
278.42	1142.77
278.63	1187.82
278.85	1148.91
279.06	1150.96
279.28	1234.93
279.49	1175.53
279.71	1118.19
279.93	1173.49
280.14	1208.30
280.36	1173.49
280.57	1130.48
280.79	1171.44
281.00	1185.77
281.22	1153.01
281.43	1181.68
281.65	1200.11
281.86	1153.01
282.08	1150.96
282.29	1232.88
282.51	1153.01
282.73	1224.69
282.94	1275.88
283.16	1185.77
283.37	1193.97
283.59	1173.49
283.80	1202.16
284.02	1245.16
284.23	1155.05
284.45	1239.02
284.66	1196.01
284.88	1181.68
285.09	1200.11
285.31	1191.92
285.52	1138.67
285.74	1142.77
285.95	1212.40
286.17	1142.77
286.38	1173.49
286.60	1218.54
286.81	1171.44
287.03	1220.59
287.24	1181.68
287.46	1232.88
287.67	1189.87
287.89	1181.68
288.10	1148.91
288.32	1148.91
288.53	1122.29
288.75	1150.96
288.96	1159.15
289.18	1179.63
289.39	1116.14
289.61	1134.57
289.82	1269.74
290.04	1196.01
290.25	1130.48
290.47	1150.96
290.68	1122.29
290.90	1245.16
291.11	1185.77
291.33	1200.11
291.54	1183.73
291.76	1196.01
291.97	1134.57
292.18	1167.34
292.40	1146.86
292.61	1257.45
292.83	1216.49
293.04	1245.16
293.26	1198.06
293.47	1224.69
293.69	1177.58
293.90	1189.87
294.12	1153.01
294.33	1128.43
294.55	1181.68
294.76	1169.39
294.97	1124.33
295.19	1218.54
295.40	1216.49
295.62	1183.73
295.83	1136.62
296.05	1191.92
296.26	1218.54
296.48	1165.29
296.69	1169.39
296.90	1136.62
297.12	1150.96
297.33	1210.35
297.55	1171.44
297.76	1261.55
297.98	1198.06
298.19	1175.53
298.41	1173.49
298.62	1165.29
298.83	1198.06
299.05	1150.96
299.26	1208.30
299.48	1101.81
299.69	1234.93
299.90	1161.20
300.12	1103.86
300.33	1210.35
300.55	1146.86
300.76	1187.82
300.98	1165.29
301.19	1191.92
301.40	1120.24
301.62	1208.30
301.83	1107.95
302.05	1228.78
302.26	1163.25
302.47	1128.43
302.69	1196.01
302.90	1232.88
303.12	1122.29
303.33	1173.49
303.54	1087.47
303.76	1216.49
303.97	1183.73
304.19	1185.77
304.40	1171.44
304.61	1177.58
304.83	1191.92
305.04	1193.97
305.26	1236.97
305.47	1191.92
305.68	1196.01
305.90	1191.92
306.11	1144.81
306.33	1243.12
306.54	1196.01
306.75	1175.53
306.97	1132.53
307.18	1177.58
307.39	1181.68
307.61	1175.53
307.82	1183.73
308.04	1118.19
308.25	1224.69
308.46	1232.88
308.68	1187.82
308.89	1187.82
309.10	1126.38
309.32	1181.68
309.53	1177.58
309.74	1077.23
309.96	1167.34
310.17	1183.73
310.39	1189.87
310.60	1167.34
310.81	1208.30
311.03	1259.50
311.24	1153.01
311.45	1144.81
311.67	1228.78
311.88	1249.26
312.09	1185.77
312.31	1189.87
312.52	1167.34
312.73	1245.16
312.95	1202.16
313.16	1179.63
313.37	1218.54
313.59	1171.44
313.80	1216.49
314.01	1179.63
314.23	1134.57
314.44	1218.54
314.65	1144.81
314.87	1216.49
315.08	1175.53
315.29	1222.64
315.51	1122.29
315.72	1208.30
315.93	1204.21
316.15	1251.31
316.36	1224.69
316.57	1185.77
316.79	1230.83
317.00	1189.87
317.21	1150.96
317.43	1175.53
317.64	1228.78
317.85	1105.90
318.07	1167.34
318.28	1228.78
318.49	1089.52
318.70	1193.97
318.92	1134.57
319.13	1214.45
319.34	1107.95
319.56	1122.29
319.77	1181.68
319.98	1224.69
320.20	1173.49
320.41	1126.38
320.62	1155.05
320.83	1191.92
321.05	1167.34
321.26	1218.54
321.47	1187.82
321.69	1269.74
321.90	1228.78
322.11	1206.25
322.32	1218.54
322.54	1212.40
322.75	1150.96
322.96	1124.33
323.18	1218.54
323.39	1206.25
323.60	1202.16
323.81	1191.92
324.03	1112.05
324.24	1140.72
324.45	1183.73
324.66	1177.58
324.88	1196.01
325.09	1175.53
325.30	1118.19
325.52	1130.48
325.73	1191.92
325.94	1167.34
326.15	1165.29
326.37	1259.50
326.58	1126.38
326.79	1126.38
327.00	1171.44
327.22	1191.92
327.43	1304.56
327.64	1198.06
327.85	1179.63
328.07	1193.97
328.28	1173.49
328.49	1116.14
328.70	1212.40
328.92	1177.58
329.13	1189.87
329.34	1183.73
329.55	1257.45
329.76	1271.79
329.98	1126.38
330.19	1153.01
330.40	1144.81
330.61	1140.72
330.83	1196.01
331.04	1169.39
331.25	1187.82
331.46	1210.35
331.68	1179.63
331.89	1183.73
332.10	1200.11
332.31	1150.96
332.52	1193.97
332.74	1140.72
332.95	1124.33
333.16	1185.77
333.37	1206.25
333.58	1169.39
333.80	1232.88
334.01	1120.24
334.22	1206.25
334.43	1165.29
334.64	1134.57
334.86	1148.91
335.07	1126.38
335.28	1130.48
335.49	1216.49
335.70	1204.21
335.92	1114.10
336.13	1175.53
336.34	1220.59
336.55	1222.64
336.76	1093.62
336.98	1150.96
337.19	1208.30
337.40	1226.73
337.61	1183.73
337.82	1091.57
338.04	1148.91
338.25	1208.30
338.46	1138.67
338.67	1212.40
338.88	1189.87
339.09	1179.63
339.31	1159.15
339.52	1243.12
339.73	1189.87
339.94	1191.92
340.15	1247.21
340.36	1226.73
340.58	1157.10
340.79	1345.52
341.00	1161.20
341.21	1191.92
341.42	1134.57
341.63	1214.45
341.85	1230.83
342.06	1193.97
342.27	1204.21
342.48	1198.06
342.69	1202.16
342.90	1124.33
343.12	1179.63
343.33	1114.10
343.54	1124.33
343.75	1183.73
343.96	1181.68
344.17	1234.93
344.38	1159.15
344.60	1187.82
344.81	1214.45
345.02	1183.73
345.23	1159.15
345.44	1202.16
345.65	1122.29
345.86	1204.21
346.07	1267.69
346.29	1112.05
346.50	1112.05
346.71	1216.49
346.92	1132.53
347.13	1189.87
347.34	1177.58
347.55	1210.35
347.76	1103.86
347.98	1165.29
348.19	1179.63
348.40	1216.49
348.61	1189.87
348.82	1210.35
349.03	1173.49
349.24	1189.87
349.45	1198.06
349.66	1208.30
349.88	1202.16
350.09	1103.86
350.30	1181.68
350.51	1210.35
350.72	1232.88
350.93	1204.21
351.14	1157.10
351.35	1159.15
351.56	1208.30
351.77	1191.92
351.99	1171.44
352.20	1200.11
352.41	1110.00
352.62	1247.21
352.83	1267.69
353.04	1208.30
353.25	1101.81
353.46	1193.97
353.67	1234.93
353.88	1193.97
354.09	1243.12
354.30	1165.29
354.52	1212.40
354.73	1171.44
354.94	1191.92
355.15	1153.01
355.36	1181.68
355.57	1226.73
355.78	1175.53
355.99	1183.73
356.20	1126.38
356.41	1210.35
356.62	1212.40
356.83	1181.68
357.04	1155.05
357.25	1241.07
357.46	1216.49
357.68	1191.92
357.89	1130.48
358.10	1253.36
358.31	1130.48
358.52	1167.34
358.73	1161.20
358.94	1191.92
359.15	1204.21
359.36	1148.91
359.57	1177.58
359.78	1210.35
359.99	1167.34
360.20	1161.20
360.41	1191.92
360.62	1105.90
360.83	1153.01
361.04	1175.53
361.25	1159.15
361.46	1226.73
361.67	1179.63
361.88	1126.38
362.09	1177.58
362.30	1175.53
362.51	1167.34
362.72	1157.10
362.93	1206.25
363.14	1150.96
363.35	1132.53
363.56	1187.82
363.78	1216.49
363.99	1208.30
364.20	1189.87
364.41	1232.88
364.62	1232.88
364.83	1183.73
365.04	1146.86
365.25	1163.25
365.46	1165.29
365.67	1198.06
365.88	1214.45
366.09	1142.77
366.30	1146.86
366.51	1126.38
366.72	1132.53
366.93	1196.01
367.14	1142.77
367.35	1171.44
367.56	1243.12
367.77	1179.63
367.98	1173.49
368.18	1224.69
368.39	1146.86
368.60	1230.83
368.81	1116.14
369.02	1153.01
369.23	1126.38
369.44	1163.25
369.65	1206.25
369.86	1212.40
370.07	1148.91
370.28	1191.92
370.49	1118.19
370.70	1183.73
370.91	1165.29
371.12	1124.33
371.33	1200.11
371.54	1226.73
371.75	1148.91
371.96	1173.49
372.17	1122.29
372.38	1222.64
372.59	1204.21
372.80	1148.91
373.01	1196.01
373.22	1173.49
373.43	1177.58
373.64	1122.29
373.85	1177.58
374.06	1200.11
374.26	1245.16
374.47	1265.64
374.68	1142.77
374.89	1159.15
375.10	1173.49
375.31	1132.53
375.52	1224.69
375.73	1150.96
375.94	1124.33
376.15	1159.15
376.36	1200.11
376.57	1216.49
376.78	1163.25
376.99	1200.11
377.20	1226.73
377.40	1191.92
377.61	1138.67
377.82	1165.29
378.03	1103.86
378.24	1210.35
378.45	1193.97
378.66	1214.45
378.87	1161.20
379.08	1200.11
379.29	1157.10
379.50	1173.49
379.71	1212.40
379.91	1222.64
380.12	1185.77
380.33	1204.21
380.54	1175.53
380.75	1167.34
380.96	1177.58
381.17	1241.07
381.38	1224.69
381.59	1230.83
381.80	1153.01
382.00	1157.10
382.21	1175.53
382.42	1157.10
382.63	1146.86
382.84	1239.02
383.05	1185.77
383.26	1259.50
383.47	1218.54
383.68	1198.06
383.88	1179.63
384.09	1181.68
384.30	1200.11
384.51	1159.15
384.72	1148.91
384.93	1177.58
385.14	1208.30
385.35	1177.58
385.55	1173.49
385.76	1101.81
385.97	1171.44
386.18	1146.86
386.39	1169.39
386.60	1159.15
386.81	1236.97
387.02	1208.30
387.22	1187.82
387.43	1210.35
387.64	1224.69
387.85	1159.15
388.06	1099.76
388.27	1183.73
388.48	1206.25
388.68	1214.45
388.89	1134.57
389.10	1193.97
389.31	1200.11
389.52	1167.34
389.73	1220.59
389.93	1200.11
390.14	1167.34
390.35	1273.84
390.56	1140.72
390.77	1198.06
390.98	1155.05
391.18	1138.67
391.39	1146.86
391.60	1214.45
391.81	1204.21
392.02	1136.62
392.23	1228.78
392.43	1148.91
392.64	1210.35
392.85	1253.36
393.06	1181.68
393.27	1191.92
393.47	1228.78
393.68	1120.24
393.89	1159.15
394.10	1150.96
394.31	1138.67
394.52	1187.82
394.72	1198.06
394.93	1159.15
395.14	1144.81
395.35	1150.96
395.56	1171.44
395.76	1253.36
395.97	1269.74
396.18	1210.35
396.39	1202.16
396.60	1126.38
396.80	1196.01
397.01	1150.96
397.22	1224.69
397.43	1138.67
397.64	1251.31
397.84	1175.53
398.05	1175.53
398.26	1185.77
398.47	1165.29
398.67	1236.97
398.88	1163.25
399.09	1206.25
399.30	1183.73
399.51	1159.15
399.71	1212.40
399.92	1181.68
400.13	1187.82
400.34	1210.35
400.54	1167.34
400.75	1212.40
400.96	1150.96
401.17	1124.33
401.37	1210.35
401.58	1210.35
401.79	1155.05
402.00	1161.20
402.21	1179.63
402.41	1200.11
402.62	1189.87
402.83	1167.34
403.04	1177.58
403.24	1175.53
403.45	1245.16
403.66	1191.92
403.87	1206.25
404.07	1214.45
404.28	1130.48
404.49	1232.88
404.70	1196.01
404.90	1134.57
405.11	1234.93
405.32	1167.34
405.52	1097.71
405.73	1120.24
405.94	1191.92
406.15	1212.40
406.35	1189.87
406.56	1214.45
406.77	1212.40
406.98	1185.77
407.18	1148.91
407.39	1173.49
407.60	1206.25
407.80	1214.45
408.01	1134.57
408.22	1142.77
408.43	1196.01
408.63	1165.29
408.84	1183.73
409.05	1136.62
409.25	1169.39
409.46	1150.96
409.67	1183.73
409.88	1241.07
410.08	1169.39
410.29	1179.63
410.50	1212.40
410.70	1181.68
410.91	1153.01
411.12	1167.34
411.32	1234.93
411.53	1142.77
411.74	1196.01
411.95	1216.49
412.15	1183.73
412.36	1177.58
412.57	1234.93
412.77	1204.21
412.98	1179.63
413.19	1173.49
413.39	1146.86
413.60	1126.38
413.81	1142.77
414.01	1222.64
414.22	1245.16
414.43	1134.57
414.63	1138.67
414.84	1183.73
415.05	1210.35
415.25	1206.25
415.46	1187.82
415.67	1200.11
415.87	1173.49
416.08	1206.25
416.29	1167.34
416.49	1202.16
416.70	1224.69
416.91	1198.06
417.11	1140.72
417.32	1208.30
417.53	1153.01
417.73	1200.11
417.94	1167.34
418.15	1236.97
418.35	1120.24
418.56	1191.92
418.77	1183.73
418.97	1255.40
419.18	1150.96
419.38	1290.22
419.59	1169.39
419.80	1204.21
420.00	1228.78
420.21	1171.44
420.42	1202.16
420.62	1185.77
420.83	1138.67
421.04	1183.73
421.24	1163.25
421.45	1099.76
421.65	1198.06
421.86	1202.16
422.07	1173.49
422.27	1128.43
422.48	1124.33
422.69	1157.10
422.89	1228.78
423.10	1189.87
423.30	1159.15
423.51	1175.53
423.72	1230.83
423.92	1224.69
424.13	1198.06
424.33	1167.34
424.54	1183.73
424.75	1163.25
424.95	1191.92
425.16	1200.11
425.36	1134.57
425.57	1167.34
425.78	1208.30
425.98	1171.44
426.19	1230.83
426.39	1181.68
426.60	1091.57
426.81	1179.63
427.01	1187.82
427.22	1241.07
427.42	1243.12
427.63	1214.45
427.83	1253.36
428.04	1210.35
428.25	1239.02
428.45	1173.49
428.66	1150.96
428.86	1269.74
429.07	1142.77
429.28	1165.29
429.48	1060.85
429.69	1146.86
429.89	1155.05
430.10	1228.78
430.30	1179.63
430.51	1179.63
430.71	1177.58
430.92	1075.18
431.13	1265.64
431.33	1142.77
431.54	1179.63
431.74	1146.86
431.95	1175.53
432.15	1191.92
432.36	1136.62
432.56	1171.44
432.77	1187.82
432.98	1224.69
433.18	1208.30
433.39	1224.69
433.59	1140.72
433.80	1157.10
434.00	1161.20
434.21	1161.20
434.41	1173.49
434.62	1163.25
434.82	1142.77
435.03	1193.97
435.23	1146.86
435.44	1132.53
435.64	1181.68
435.85	1198.06
436.06	1183.73
436.26	1220.59
436.47	1206.25
436.67	1191.92
436.88	1124.33
437.08	1181.68
437.29	1171.44
437.49	1220.59
437.70	1214.45
437.90	1175.53
438.11	1193.97
438.31	1167.34
438.52	1208.30
438.72	1230.83
438.93	1140.72
439.13	1175.53
439.34	1071.09
439.54	1163.25
439.75	1148.91
439.95	1206.25
440.16	1118.19
440.36	1214.45
440.57	1220.59
440.77	1171.44
440.98	1093.62
441.18	1306.60
441.39	1179.63
441.59	1226.73
441.80	1155.05
442.00	1216.49
442.21	1212.40
442.41	1169.39
442.62	1159.15
442.82	1177.58
443.02	1232.88
443.23	1191.92
443.43	1161.20
443.64	1245.16
443.84	1181.68
444.05	1198.06
444.25	1236.97
444.46	1144.81
444.66	1243.12
444.87	1142.77
445.07	1138.67
445.28	1173.49
445.48	1236.97
445.69	1165.29
445.89	1173.49
446.09	1167.34
446.30	1181.68
446.50	1220.59
446.71	1202.16
446.91	1216.49
447.12	1167.34
447.32	1206.25
447.53	1216.49
447.73	1200.11
447.93	1163.25
448.14	1136.62
448.34	1175.53
448.55	1212.40
448.75	1241.07
448.96	1183.73
449.16	1169.39
449.36	1193.97
449.57	1169.39
449.77	1165.29
449.98	1259.50
450.18	1134.57
450.39	1122.29
450.59	1216.49
450.79	1181.68
451.00	1179.63
451.20	1234.93
451.41	1157.10
451.61	1177.58
451.81	1128.43
452.02	1159.15
452.22	1148.91
452.43	1179.63
452.63	1216.49
452.84	1193.97
453.04	1155.05
453.24	1110.00
453.45	1118.19
453.65	1144.81
453.86	1200.11
454.06	1208.30
454.26	1124.33
454.47	1175.53
454.67	1198.06
454.87	1138.67
455.08	1183.73
455.28	1140.72
455.49	1232.88
455.69	1208.30
455.89	1171.44
456.10	1175.53
456.30	1165.29
456.51	1138.67
456.71	1206.25
456.91	1200.11
457.12	1191.92
457.32	1173.49
457.52	1142.77
457.73	1218.54
457.93	1134.57
458.14	1200.11
458.34	1128.43
458.54	1206.25
458.75	1179.63
458.95	1150.96
459.15	1243.12
459.36	1187.82
459.56	1241.07
459.76	1189.87
459.97	1191.92
460.17	1091.57
460.37	1232.88
460.58	1167.34
460.78	1193.97
460.99	1290.22
461.19	1146.86
461.39	1161.20
461.60	1259.50
461.80	1208.30
462.00	1179.63
462.21	1228.78
462.41	1177.58
462.61	1134.57
462.82	1159.15
463.02	1247.21
463.22	1214.45
463.43	1204.21
463.63	1193.97
463.83	1161.20
464.04	1224.69
464.24	1228.78
464.44	1202.16
464.64	1208.30
464.85	1189.87
465.05	1204.21
465.25	1167.34
465.46	1183.73
465.66	1169.39
465.86	1148.91
466.07	1165.29
466.27	1173.49
466.47	1214.45
466.68	1171.44
466.88	1124.33
467.08	1247.21
467.29	1218.54
467.49	1155.05
467.69	1273.84
467.89	1210.35
468.10	1114.10
468.30	1183.73
468.50	1146.86
468.71	1216.49
468.91	1167.34
469.11	1228.78
469.31	1222.64
469.52	1130.48
469.72	1189.87
469.92	1101.81
470.13	1179.63
470.33	1185.77
470.53	1204.21
470.73	1249.26
470.94	1140.72
471.14	1187.82
471.34	1191.92
471.54	1159.15
471.75	1146.86
471.95	1175.53
472.15	1224.69
472.36	1228.78
472.56	1279.98
472.76	1218.54
472.96	1259.50
473.17	1163.25
473.37	1150.96
473.57	1140.72
473.77	1200.11
473.98	1114.10
474.18	1134.57
474.38	1179.63
474.58	1120.24
474.79	1134.57
474.99	1249.26
475.19	1124.33
475.39	1198.06
475.60	1230.83
475.80	1157.10
476.00	1159.15
476.20	1146.86
476.41	1146.86
476.61	1103.86
476.81	1183.73
477.01	1142.77
477.21	1236.97
477.42	1193.97
477.62	1214.45
477.82	1253.36
478.02	1161.20
478.23	1183.73
478.43	1187.82
478.63	1200.11
478.83	1118.19
479.03	1210.35
479.24	1093.62
479.44	1148.91
479.64	1210.35
479.84	1212.40
480.04	1214.45
480.25	1155.05
480.45	1124.33
480.65	1228.78
480.85	1173.49
481.06	1173.49
481.26	1159.15
481.46	1167.34
481.66	1134.57
481.86	1191.92
482.06	1179.63
482.27	1169.39
482.47	1228.78
482.67	1236.97
482.87	1239.02
483.07	1218.54
483.28	1187.82
483.48	1224.69
483.68	1146.86
483.88	1198.06
484.08	1179.63
484.29	1173.49
484.49	1222.64
484.69	1175.53
484.89	1212.40
485.09	1163.25
485.29	1171.44
485.50	1228.78
485.70	1204.21
485.90	1236.97
486.10	1179.63
486.30	1214.45
486.50	1159.15
486.71	1198.06
486.91	1181.68
487.11	1148.91
487.31	1196.01
487.51	1228.78
487.71	1202.16
487.91	1189.87
488.12	1136.62
488.32	1171.44
488.52	1212.40
488.72	1224.69
488.92	1124.33
489.12	1208.30
489.32	1159.15
489.53	1191.92
489.73	1204.21
489.93	1198.06
490.13	1187.82
490.33	1157.10
490.53	1220.59
490.73	1245.16
490.94	1167.34
491.14	1144.81
491.34	1220.59
491.54	1159.15
491.74	1179.63
491.94	1103.86
492.14	1239.02
492.34	1181.68
492.54	1112.05
492.75	1175.53
492.95	1177.58
493.15	1173.49
493.35	1148.91
493.55	1163.25
493.75	1193.97
493.95	1226.73
494.15	1218.54
494.35	1140.72
494.56	1130.48
494.76	1196.01
494.96	1191.92
495.16	1101.81
495.36	1200.11
495.56	1148.91
495.76	1187.82
495.96	1105.90
496.16	1218.54
496.36	1167.34
496.56	1206.25
496.77	1189.87
496.97	1234.93
497.17	1210.35
497.37	1107.95
497.57	1165.29
497.77	1150.96
497.97	1150.96
498.17	1210.35
498.37	1204.21
498.57	1103.86
498.77	1183.73
498.97	1212.40
499.17	1241.07
499.38	1181.68
499.58	1198.06
499.78	1112.05
499.98	1148.91
500.18	1150.96
500.38	1204.21
500.58	1210.35
500.78	1142.77
500.98	1204.21
501.18	1232.88
501.38	1206.25
501.58	1220.59
501.78	1218.54
501.98	1148.91
502.18	1202.16
502.38	1167.34
502.58	1107.95
502.78	1165.29
502.98	1175.53
503.18	1200.11
503.38	1103.86
503.59	1163.25
503.79	1220.59
503.99	1167.34
504.19	1138.67
504.39	1150.96
504.59	1204.21
504.79	1181.68
504.99	1185.77
505.19	1132.53
505.39	1265.64
505.59	1189.87
505.79	1167.34
505.99	1220.59
506.19	1191.92
506.39	1116.14
506.59	1220.59
506.79	1161.20
506.99	1148.91
507.19	1148.91
507.39	1261.55
507.59	1224.69
507.79	1153.01
507.99	1155.05
508.19	1204.21
508.39	1116.14
508.59	1187.82
508.79	1208.30
508.99	1138.67
509.19	1163.25
509.39	1161.20
509.59	1239.02
509.79	1167.34
509.99	1208.30
510.19	1171.44
510.39	1204.21
510.59	1177.58
510.79	1134.57
510.99	1208.30
511.19	1161.20
511.39	1200.11
511.59	1239.02
511.79	1202.16
511.99	1179.63
512.19	1218.54
512.38	1173.49
512.58	1234.93
512.78	1247.21
512.98	1161.20
513.18	1206.25
513.38	1167.34
513.58	1210.35
513.78	1224.69
513.98	1226.73
514.18	1212.40
514.38	1155.05
514.58	1196.01
514.78	1122.29
514.98	1206.25
515.18	1161.20
515.38	1210.35
515.58	1183.73
515.78	1130.48
515.98	1157.10
516.18	1200.11
516.38	1171.44
516.57	1163.25
516.77	1179.63
516.97	1120.24
517.17	1253.36
517.37	1187.82
517.57	1193.97
517.77	1148.91
517.97	1173.49
518.17	1234.93
518.37	1142.77
518.57	1155.05
518.77	1157.10
518.97	1224.69
519.16	1136.62
519.36	1183.73
519.56	1153.01
519.76	1179.63
519.96	1212.40
520.16	1193.97
520.36	1175.53
520.56	1200.11
520.76	1144.81
520.96	1128.43
521.16	1167.34
521.35	1150.96
521.55	1239.02
521.75	1208.30
521.95	1167.34
522.15	1187.82
522.35	1124.33
522.55	1146.86
522.75	1191.92
522.95	1157.10
523.14	1155.05
523.34	1163.25
523.54	1202.16
523.74	1236.97
523.94	1239.02
524.14	1212.40
524.34	1173.49
524.54	1239.02
524.73	1157.10
524.93	1175.53
525.13	1210.35
525.33	1185.77
525.53	1167.34
525.73	1185.77
525.93	1157.10
526.13	1224.69
526.32	1198.06
526.52	1189.87
526.72	1279.98
526.92	1175.53
527.12	1089.52
527.32	1191.92
527.52	1247.21
527.71	1167.34
527.91	1206.25
528.11	1177.58
528.31	1183.73
528.51	1177.58
528.71	1138.67
528.90	1153.01
529.10	1132.53
529.30	1116.14
529.50	1204.21
529.70	1144.81
529.90	1232.88
530.09	1148.91
530.29	1142.77
530.49	1107.95
530.69	1189.87
530.89	1216.49
531.09	1169.39
531.28	1159.15
531.48	1140.72
531.68	1163.25
531.88	1230.83
532.08	1220.59
532.28	1230.83
532.47	1183.73
532.67	1165.29
532.87	1150.96
533.07	1239.02
533.27	1232.88
533.46	1142.77
533.66	1224.69
533.86	1234.93
534.06	1148.91
534.26	1196.01
534.45	1210.35
534.65	1179.63
534.85	1220.59
535.05	1124.33
535.25	1155.05
535.44	1150.96
535.64	1134.57
535.84	1208.30
536.04	1157.10
536.24	1155.05
536.43	1187.82
536.63	1118.19
536.83	1138.67
537.03	1175.53
537.22	1132.53
537.42	1159.15
537.62	1179.63
537.82	1150.96
538.02	1193.97
538.21	1179.63
538.41	1249.26
538.61	1175.53
538.81	1122.29
539.00	1175.53
539.20	1196.01
539.40	1224.69
539.60	1185.77
539.79	1198.06
539.99	1198.06
540.19	1193.97
540.39	1189.87
540.58	1204.21
540.78	1144.81
540.98	1232.88
541.18	1097.71
541.37	1177.58
541.57	1165.29
541.77	1200.11
541.97	1243.12
542.16	1130.48
542.36	1171.44
542.56	1216.49
542.76	1198.06
542.95	1198.06
543.15	1142.77
543.35	1179.63
543.54	1204.21
543.74	1159.15
543.94	1173.49
544.14	1165.29
544.33	1179.63
544.53	1243.12
544.73	1189.87
544.93	1171.44
545.12	1218.54
545.32	1198.06
545.52	1226.73
545.71	1167.34
545.91	1196.01
546.11	1153.01
546.30	1191.92
546.50	1136.62
546.70	1122.29
546.90	1157.10
547.09	1179.63
547.29	1157.10
547.49	1220.59
547.68	1173.49
547.88	1208.30
548.08	1130.48
548.27	1224.69
548.47	1230.83
548.67	1146.86
548.87	1175.53
549.06	1181.68
549.26	1148.91
549.46	1198.06
549.65	1169.39
549.85	1165.29
550.05	1179.63
550.24	1136.62
550.44	1148.91
550.64	1087.47
550.83	1167.34
551.03	1212.40
551.23	1157.10
551.42	1228.78
551.62	1175.53
551.82	1159.15
552.01	1177.58
552.21	1157.10
552.41	1183.73
552.60	1191.92
552.80	1130.48
553.00	1171.44
553.19	1232.88
553.39	1212.40
553.59	1222.64
553.78	1103.86
553.98	1161.20
554.17	1220.59
554.37	1167.34
554.57	1177.58
554.76	1099.76
554.96	1292.27
555.16	1226.73
555.35	1167.34
555.55	1193.97
555.75	1146.86
555.94	1208.30
556.14	1124.33
556.33	1159.15
556.53	1148.91
556.73	1148.91
556.92	1175.53
557.12	1085.42
557.32	1216.49
557.51	1210.35
557.71	1134.57
557.90	1204.21
558.10	1159.15
558.30	1130.48
558.49	1198.06
558.69	1191.92
558.88	1206.25
559.08	1169.39
559.28	1191.92
559.47	1226.73
559.67	1271.79
559.86	1150.96
560.06	1189.87
560.26	1171.44
560.45	1136.62
560.65	1191.92
560.84	1220.59
561.04	1214.45
561.24	1243.12
561.43	1146.86
561.63	1120.24
561.82	1214.45
562.02	1138.67
562.22	1202.16
562.41	1218.54
562.61	1191.92
562.80	1130.48
563.00	1171.44
563.19	1206.25
563.39	1120.24
563.59	1208.30
563.78	1241.07
563.98	1241.07
564.17	1173.49
564.37	1245.16
564.56	1216.49
564.76	1214.45
564.96	1116.14
565.15	1144.81
565.35	1183.73
565.54	1138.67
565.74	1177.58
565.93	1200.11
566.13	1171.44
566.32	1120.24
566.52	1284.08
566.71	1214.45
566.91	1191.92
567.11	1218.54
567.30	1216.49
567.50	1181.68
567.69	1251.31
567.89	1142.77
568.08	1202.16
568.28	1189.87
568.47	1179.63
568.67	1093.62
568.86	1116.14
569.06	1214.45
569.25	1173.49
569.45	1165.29
569.64	1153.01
569.84	1112.05
570.04	1159.15
570.23	1171.44
570.43	1198.06
570.62	1200.11
570.82	1183.73
571.01	1132.53
571.21	1204.21
571.40	1191.92
571.60	1191.92
571.79	1150.96
571.99	1132.53
572.18	1144.81
572.38	1167.34
572.57	1189.87
572.77	1126.38
572.96	1206.25
573.16	1116.14
573.35	1263.60
573.55	1187.82
573.74	1179.63
573.94	1198.06
574.13	1171.44
574.33	1185.77
574.52	1187.82
574.71	1214.45
574.91	1183.73
575.10	1228.78
575.30	1185.77
575.49	1179.63
575.69	1161.20
575.88	1193.97
576.08	1179.63
576.27	1232.88
576.47	1159.15
576.66	1181.68
576.86	1126.38
577.05	1224.69
577.25	1167.34
577.44	1132.53
577.64	1150.96
577.83	1204.21
578.02	1159.15
578.22	1132.53
578.41	1253.36
578.61	1097.71
578.80	1208.30
579.00	1175.53
579.19	1175.53
579.39	1239.02
579.58	1226.73
579.77	1208.30
579.97	1271.79
580.16	1161.20
580.36	1169.39
580.55	1210.35
580.75	1132.53
580.94	1122.29
581.13	1177.58
581.33	1128.43
581.52	1155.05
581.72	1134.57
581.91	1130.48
582.11	1179.63
582.30	1107.95
582.49	1177.58
582.69	1232.88
582.88	1222.64
583.08	1136.62
583.27	1183.73
583.47	1177.58
583.66	1198.06
583.85	1167.34
584.05	1230.83
584.24	1128.43
584.44	1181.68
584.63	1173.49
584.82	1200.11
585.02	1198.06
585.21	1193.97
585.41	1206.25
585.60	1142.77
585.79	1159.15
585.99	1161.20
586.18	1249.26
586.37	1181.68
586.57	1159.15
586.76	1243.12
586.96	1177.58
587.15	1183.73
587.34	1183.73
587.54	1183.73
587.73	1196.01
587.93	1200.11
588.12	1130.48
588.31	1210.35
588.51	1208.30
588.70	1171.44
588.89	1216.49
589.09	1196.01
589.28	1239.02
589.47	1212.40
589.67	1196.01
589.86	1138.67
590.06	1263.60
590.25	1243.12
590.44	1118.19
590.64	1224.69
590.83	1216.49
591.02	1212.40
591.22	1124.33
591.41	1185.77
591.60	1177.58
591.80	1150.96
591.99	1187.82
592.18	1232.88
592.38	1165.29
592.57	1163.25
592.76	1191.92
592.96	1189.87
593.15	1163.25
593.34	1120.24
593.54	1177.58
593.73	1138.67
593.92	1134.57
594.12	1081.33
594.31	1236.97
594.50	1226.73
594.70	1132.53
594.89	1202.16
595.08	1165.29
595.28	1265.64
595.47	1277.93
595.66	1177.58
595.86	1179.63
596.05	1116.14
596.24	1185.77
596.43	1155.05
596.63	1163.25
596.82	1216.49
597.01	1198.06
597.21	1173.49
597.40	1130.48
597.59	1189.87
597.79	1181.68
597.98	1148.91
598.17	1126.38
598.36	1134.57
598.56	1161.20
598.75	1136.62
598.94	1214.45
599.14	1226.73
599.33	1179.63
599.52	1216.49
599.71	1241.07
599.91	1255.40
600.10	1275.88
600.29	1171.44
600.48	1198.06
600.68	1247.21
600.87	1163.25
601.06	1179.63
601.26	1171.44
601.45	1150.96
601.64	1181.68
601.83	1187.82
602.03	1107.95
602.22	1134.57
602.41	1181.68
602.60	1177.58
602.80	1218.54
602.99	1214.45
603.18	1110.00
603.37	1224.69
603.57	1165.29
603.76	1136.62
603.95	1224.69
604.14	1191.92
604.34	1191.92
604.53	1144.81
604.72	1193.97
604.91	1279.98
605.10	1112.05
605.30	1142.77
605.49	1169.39
605.68	1189.87
605.87	1142.77
606.07	1167.34
606.26	1144.81
606.45	1177.58
606.64	1193.97
606.84	1210.35
607.03	1138.67
607.22	1144.81
607.41	1216.49
607.60	1208.30
607.80	1202.16
607.99	1232.88
608.18	1159.15
608.37	1173.49
608.56	1073.14
608.76	1161.20
608.95	1206.25
609.14	1142.77
609.33	1183.73
609.52	1224.69
609.72	1167.34
609.91	1138.67
610.10	1222.64
610.29	1087.47
610.48	1159.15
610.68	1212.40
610.87	1140.72
611.06	1175.53
611.25	1236.97
611.44	1226.73
611.63	1175.53
611.83	1177.58
612.02	1216.49
612.21	1167.34
612.40	1177.58
612.59	1159.15
612.79	1204.21
612.98	1161.20
613.17	1163.25
613.36	1218.54
613.55	1189.87
613.74	1249.26
613.93	1110.00
614.13	1241.07
614.32	1204.21
614.51	1144.81
614.70	1140.72
614.89	1161.20
615.08	1165.29
615.28	1198.06
615.47	1228.78
615.66	1159.15
615.85	1185.77
616.04	1091.57
616.23	1292.27
616.42	1148.91
616.62	1232.88
616.81	1155.05
617.00	1165.29
617.19	1214.45
617.38	1193.97
617.57	1161.20
617.76	1255.40
617.95	1185.77
618.15	1175.53
618.34	1167.34
618.53	1132.53
618.72	1189.87
618.91	1245.16
619.10	1185.77
619.29	1228.78
619.48	1181.68
619.68	1175.53
619.87	1226.73
620.06	1196.01
620.25	1259.50
620.44	1132.53
620.63	1267.69
620.82	1107.95
621.01	1183.73
621.20	1130.48
621.39	1171.44
621.59	1153.01
621.78	1146.86
621.97	1120.24
622.16	1140.72
622.35	1085.42
622.54	1146.86
622.73	1177.58
622.92	1161.20
623.11	1204.21
623.30	1140.72
623.49	1226.73
623.68	1163.25
623.88	1232.88
624.07	1140.72
624.26	1163.25
624.45	1220.59
624.64	1202.16
624.83	1114.10
625.02	1148.91
625.21	1222.64
625.40	1220.59
625.59	1228.78
625.78	1200.11
625.97	1191.92
626.16	1222.64
626.35	1181.68
626.54	1267.69
626.74	1179.63
626.93	1153.01
627.12	1234.93
627.31	1179.63
627.50	1146.86
627.69	1173.49
627.88	1216.49
628.07	1230.83
628.26	1224.69
628.45	1200.11
628.64	1300.46
628.83	1214.45
629.02	1191.92
629.21	1228.78
629.40	1220.59
629.59	1206.25
629.78	1259.50
629.97	1191.92
630.16	1216.49
630.35	1200.11
630.54	1210.35
630.73	1163.25
630.92	1228.78
631.11	1169.39
631.30	1366.00
631.49	1388.52
631.68	1830.88
631.87	3942.34
632.06	14931.74
632.25	42468.73
632.44	54607.04
632.63	56720.54
632.82	35399.14
633.01	17534.71
633.20	5294.00
633.39	5318.57
633.58	2672.60
633.77	2107.36
633.96	1708.01
634.15	1452.01
634.34	1492.97
634.53	1525.74
634.72	1452.01
634.91	1351.66
635.10	1302.51
635.29	1206.25
635.48	1216.49
635.67	1165.29
635.86	1241.07
636.05	1232.88
636.24	1196.01
636.43	1196.01
636.62	1253.36
636.81	1251.31
637.00	1179.63
637.19	1220.59
637.38	1228.78
637.57	1163.25
637.76	1187.82
637.95	1196.01
638.14	1148.91
638.33	1206.25
638.52	1218.54
638.71	1263.60
638.89	1191.92
639.08	1220.59
639.27	1222.64
639.46	1224.69
639.65	1183.73
639.84	1228.78
640.03	1146.86
640.22	1234.93
640.41	1191.92
640.60	1198.06
640.79	1191.92
640.98	1177.58
641.17	1193.97
641.36	1165.29
641.55	1183.73
641.74	1148.91
641.92	1163.25
642.11	1163.25
642.30	1171.44
642.49	1236.97
642.68	1236.97
642.87	1196.01
643.06	1179.63
643.25	1196.01
643.44	1222.64
643.63	1224.69
643.82	1191.92
644.00	1191.92
644.19	1265.64
644.38	1210.35
644.57	1208.30
644.76	1261.55
644.95	1159.15
645.14	1171.44
645.33	1206.25
645.52	1144.81
645.71	1202.16
645.89	1144.81
646.08	1181.68
646.27	1161.20
646.46	1198.06
646.65	1204.21
646.84	1208.30
647.03	1206.25
647.22	1204.21
647.40	1236.97
647.59	1214.45
647.78	1187.82
647.97	1198.06
648.16	1142.77
648.35	1218.54
648.54	1208.30
648.73	1220.59
648.91	1216.49
649.10	1171.44
649.29	1169.39
649.48	1120.24
649.67	1126.38
649.86	1132.53
650.05	1210.35
650.23	1208.30
650.42	1189.87
650.61	1245.16
650.80	1083.38
650.99	1167.34
651.18	1146.86
651.36	1200.11
651.55	1122.29
651.74	1126.38
651.93	1169.39
652.12	1126.38
652.31	1128.43
652.49	1212.40
652.68	1200.11
652.87	1208.30
653.06	1212.40
653.25	1243.12
653.44	1202.16
653.62	1222.64
653.81	1208.30
654.00	1196.01
654.19	1218.54
654.38	1183.73
654.56	1165.29
654.75	1183.73
654.94	1163.25
655.13	1183.73
655.32	1132.53
655.51	1103.86
655.69	1220.59
655.88	1222.64
656.07	1183.73
656.26	1163.25
656.45	1191.92
656.63	1206.25
656.82	1136.62
657.01	1220.59
657.20	1171.44
657.38	1118.19
657.57	1130.48
657.76	1241.07
657.95	1185.77
658.14	1232.88
658.32	1196.01
658.51	1150.96
658.70	1155.05
658.89	1204.21
659.08	1210.35
659.26	1222.64
659.45	1120.24
659.64	1243.12
659.83	1216.49
660.01	1179.63
660.20	1216.49
660.39	1200.11
660.58	1187.82
660.76	1167.34
660.95	1189.87
661.14	1185.77
661.33	1175.53
661.51	1173.49
661.70	1167.34
661.89	1150.96
662.08	1163.25
662.26	1206.25
662.45	1177.58
662.64	1107.95
662.83	1239.02
663.01	1124.33
663.20	1165.29
663.39	1196.01
663.58	1208.30
663.76	1183.73
663.95	1230.83
664.14	1161.20
664.32	1216.49
664.51	1142.77
664.70	1177.58
664.89	1146.86
665.07	1136.62
665.26	1234.93
665.45	1210.35
665.64	1175.53
665.82	1124.33
666.01	1122.29
666.20	1204.21
666.38	1150.96
666.57	1196.01
666.76	1212.40
666.95	1173.49
667.13	1198.06
667.32	1138.67
667.51	1155.05
667.69	1181.68
667.88	1185.77
668.07	1177.58
668.25	1189.87
668.44	1191.92
668.63	1249.26
668.81	1163.25
669.00	1181.68
669.19	1193.97
669.38	1105.90
669.56	1216.49
669.75	1159.15
669.94	1200.11
670.12	1134.57
670.31	1204.21
670.50	1134.57
670.68	1159.15
670.87	1212.40
671.06	1198.06
671.24	1208.30
671.43	1216.49
671.62	1167.34
671.80	1193.97
671.99	1183.73
672.18	1150.96
672.36	1171.44
672.55	1155.05
672.74	1193.97
672.92	1198.06
673.11	1165.29
673.29	1177.58
673.48	1212.40
673.67	1226.73
673.85	1181.68
674.04	1155.05
674.23	1126.38
674.41	1112.05
674.60	1200.11
674.79	1153.01
674.97	1200.11
675.16	1161.20
675.34	1218.54
675.53	1179.63
675.72	1228.78
675.90	1130.48
676.09	1226.73
676.28	1191.92
676.46	1234.93
676.65	1196.01
676.83	1208.30
677.02	1218.54
677.21	1200.11
677.39	1183.73
677.58	1222.64
677.77	1173.49
677.95	1179.63
678.14	1099.76
678.32	1239.02
678.51	1189.87
678.70	1159.15
678.88	1155.05
679.07	1132.53
679.25	1183.73
679.44	1204.21
679.63	1196.01
679.81	1187.82
680.00	1126.38
680.18	1124.33
680.37	1126.38
680.55	1204.21
680.74	1083.38
680.93	1153.01
681.11	1150.96
681.30	1216.49
681.48	1214.45
681.67	1241.07
681.85	1230.83
682.04	1228.78
682.23	1128.43
682.41	1116.14
682.60	1177.58
682.78	1140.72
682.97	1220.59
683.15	1175.53
683.34	1191.92
683.53	1126.38
683.71	1175.53
683.90	1220.59
684.08	1167.34
684.27	1204.21
684.45	1236.97
684.64	1191.92
684.82	1130.48
685.01	1089.52
685.19	1150.96
685.38	1134.57
685.57	1175.53
685.75	1161.20
685.94	1173.49
686.12	1220.59
686.31	1196.01
686.49	1206.25
686.68	1177.58
686.86	1132.53
687.05	1216.49
687.23	1181.68
687.42	1148.91
687.60	1183.73
687.79	1220.59
687.97	1153.01
688.16	1157.10
688.34	1214.45
688.53	1196.01
688.71	1144.81
688.90	1212.40
689.08	1130.48
689.27	1185.77
689.45	1163.25
689.64	1163.25
689.82	1132.53
690.01	1261.55
690.19	1165.29
690.38	1150.96
690.56	1181.68
690.75	1105.90
690.93	1249.26
691.12	1138.67
691.30	1234.93
691.49	1142.77
691.67	1191.92
691.86	1196.01
692.04	1183.73
692.23	1247.21
692.41	1187.82
692.60	1144.81
692.78	1181.68
692.97	1241.07
693.15	1243.12
693.34	1122.29
693.52	1185.77
693.71	1146.86
693.89	1220.59
694.08	1175.53
694.26	1265.64
694.44	1165.29
694.63	1183.73
694.81	1159.15
695.00	1204.21
695.18	1212.40
695.37	1142.77
695.55	1165.29
695.74	1187.82
695.92	1163.25
696.10	1130.48
696.29	1155.05
696.47	1202.16
696.66	1271.79
696.84	1187.82
697.03	1218.54
697.21	1200.11
697.40	1144.81
697.58	1224.69
697.76	1146.86
697.95	1181.68
698.13	1136.62
698.32	1179.63
698.50	1179.63
698.68	1208.30
698.87	1083.38
699.05	1269.74
699.24	1148.91
699.42	1198.06
699.61	1185.77
699.79	1239.02
699.97	1130.48
700.16	1148.91
700.34	1210.35
700.53	1191.92
700.71	1206.25
700.89	1120.24
701.08	1136.62
701.26	1159.15
701.45	1140.72
701.63	1175.53
701.81	1183.73
702.00	1230.83
702.18	1144.81
702.37	1214.45
702.55	1187.82
702.73	1202.16
702.92	1134.57
703.10	1179.63
703.28	1202.16
703.47	1228.78
703.65	1206.25
703.84	1128.43
704.02	1177.58
704.20	1187.82
704.39	1251.31
704.57	1243.12
704.75	1249.26
704.94	1157.10
705.12	1273.84
705.30	1126.38
705.49	1161.20
705.67	1159.15
705.86	1220.59
706.04	1179.63
706.22	1177.58
706.41	1196.01
706.59	1179.63
706.77	1230.83
706.96	1130.48
707.14	1163.25
707.32	1198.06
707.51	1183.73
707.69	1177.58
707.87	1191.92
708.06	1110.00
708.24	1216.49
708.42	1187.82
708.61	1179.63
708.79	1198.06
708.97	1204.21
709.16	1146.86
709.34	1212.40
709.52	1279.98
709.71	1212.40
709.89	1249.26
710.07	1200.11
710.26	1142.77
710.44	1175.53
710.62	1206.25
710.80	1239.02
710.99	1150.96
711.17	1234.93
711.35	1142.77
711.54	1175.53
711.72	1132.53
711.90	1183.73
712.09	1144.81
712.27	1210.35
712.45	1187.82
712.63	1189.87
712.82	1173.49
713.00	1161.20
713.18	1191.92
713.37	1179.63
713.55	1130.48
713.73	1220.59
713.91	1138.67
714.10	1191.92
714.28	1118.19
714.46	1261.55
714.65	1118.19
714.83	1157.10
715.01	1107.95
715.19	1191.92
715.38	1175.53
715.56	1206.25
715.74	1183.73
715.92	1134.57
716.11	1202.16
716.29	1239.02
716.47	1228.78
716.65	1165.29
716.84	1159.15
717.02	1257.45
717.20	1159.15
717.38	1146.86
717.57	1214.45
717.75	1191.92
717.93	1101.81
718.11	1130.48
718.30	1198.06
718.48	1222.64
718.66	1210.35
718.84	1179.63
719.03	1191.92
719.21	1179.63
719.39	1181.68
719.57	1179.63
719.75	1208.30
719.94	1155.05
720.12	1245.16
720.30	1169.39
720.48	1185.77
720.67	1173.49
720.85	1171.44
721.03	1142.77
721.21	1134.57
721.39	1181.68
721.58	1169.39
721.76	1222.64
721.94	1175.53
722.12	1134.57
722.30	1163.25
722.49	1200.11
722.67	1216.49
722.85	1251.31
723.03	1216.49
723.21	1173.49
723.40	1187.82
723.58	1110.00
723.76	1173.49
723.94	1179.63
724.12	1142.77
724.30	1183.73
724.49	1148.91
724.67	1200.11
724.85	1189.87
725.03	1150.96
725.21	1153.01
725.40	1146.86
725.58	1241.07
725.76	1093.62
725.94	1148.91
726.12	1181.68
726.30	1228.78
726.49	1198.06
726.67	1210.35
726.85	1228.78
727.03	1116.14
727.21	1167.34
727.39	1202.16
727.57	1146.86
727.76	1249.26
727.94	1189.87
728.12	1142.77
728.30	1198.06
728.48	1206.25
728.66	1200.11
728.84	1187.82
729.03	1144.81
729.21	1177.58
729.39	1140.72
729.57	1153.01
729.75	1159.15
729.93	1132.53
730.11	1183.73
730.30	1136.62
730.48	1183.73
730.66	1157.10
730.84	1150.96
731.02	1181.68
731.20	1179.63
731.38	1239.02
731.56	1169.39
731.74	1214.45
731.93	1251.31
732.11	1122.29
732.29	1216.49
732.47	1153.01
732.65	1200.11
732.83	1138.67
733.01	1155.05
733.19	1169.39
733.37	1167.34
733.56	1228.78
733.74	1204.21
733.92	1218.54
734.10	1277.93
734.28	1218.54
734.46	1167.34
734.64	1187.82
734.82	1224.69
735.00	1183.73
735.18	1179.63
735.36	1210.35
735.54	1175.53
735.73	1165.29
735.91	1134.57
736.09	1226.73
736.27	1230.83
736.45	1193.97
736.63	1095.66
736.81	1175.53
736.99	1167.34
737.17	1212.40
737.35	1146.86
737.53	1187.82
737.71	1163.25
737.89	1198.06
738.07	1169.39
738.25	1181.68
738.43	1159.15
738.61	1159.15
738.80	1112.05
738.98	1191.92
739.16	1183.73
739.34	1130.48
739.52	1208.30
739.70	1169.39
739.88	1243.12
740.06	1146.86
740.24	1196.01
740.42	1150.96
740.60	1173.49
740.78	1210.35
740.96	1251.31
741.14	1150.96
741.32	1193.97
741.50	1204.21
741.68	1187.82
741.86	1200.11
742.04	1212.40
742.22	1120.24
742.40	1150.96
742.58	1230.83
742.76	1216.49
742.94	1130.48
743.12	1118.19
743.30	1185.77
743.48	1232.88
743.66	1212.40
743.84	1193.97
744.02	1216.49
744.20	1241.07
744.38	1222.64
744.56	1191.92
744.74	1155.05
744.92	1210.35
745.10	1126.38
745.28	1128.43
745.46	1271.79
745.64	1187.82
745.82	1150.96
746.00	1218.54
746.18	1126.38
746.36	1150.96
746.54	1052.66
746.72	1163.25
746.90	1173.49
747.08	1191.92
747.26	1155.05
747.44	1150.96
747.62	1204.21
747.80	1171.44
747.98	1218.54
748.15	1200.11
748.33	1052.66
748.51	1220.59
748.69	1128.43
748.87	1153.01
749.05	1210.35
749.23	1148.91
749.41	1218.54
749.59	1144.81
749.77	1144.81
749.95	1144.81
750.13	1138.67
750.31	1245.16
750.49	1126.38
750.67	1148.91
750.85	1171.44
751.03	1157.10
751.20	1187.82
751.38	1161.20
751.56	1179.63
751.74	1173.49
751.92	1204.21
752.10	1216.49
752.28	1146.86
752.46	1175.53
752.64	1120.24
752.82	1146.86
753.00	1179.63
753.18	1165.29
753.35	1159.15
753.53	1200.11
753.71	1132.53
753.89	1257.45
754.07	1249.26
754.25	1179.63
754.43	1200.11
754.61	1198.06
754.79	1224.69
754.97	1228.78
755.14	1138.67
755.32	1173.49
755.50	1157.10
755.68	1236.97
755.86	1198.06
756.04	1140.72
756.22	1146.86
756.40	1220.59
756.57	1200.11
756.75	1118.19
756.93	1255.40
757.11	1157.10
757.29	1107.95
757.47	1249.26
757.65	1169.39
757.82	1101.81
758.00	1228.78
758.18	1136.62
758.36	1187.82
758.54	1210.35
758.72	1208.30
758.90	1118.19
759.07	1150.96
759.25	1249.26
759.43	1224.69
759.61	1128.43
759.79	1208.30
759.97	1216.49
760.15	1128.43
760.32	1241.07
760.50	1216.49
760.68	1191.92
760.86	1185.77
761.04	1187.82
761.22	1200.11
761.39	1120.24
761.57	1146.86
761.75	1200.11
761.93	1191.92
762.11	1232.88
762.28	1189.87
762.46	1175.53
762.64	1214.45
762.82	1193.97
763.00	1146.86
763.18	1161.20
763.35	1171.44
763.53	1198.06
763.71	1130.48
763.89	1148.91
764.07	1253.36
764.24	1128.43
764.42	1206.25
764.60	1187.82
764.78	1153.01
764.96	1136.62
765.13	1183.73
765.31	1196.01
765.49	1202.16
765.67	1181.68
765.84	1138.67
766.02	1167.34
766.20	1206.25
766.38	1206.25
766.56	1167.34
766.73	1196.01
766.91	1204.21
767.09	1198.06
767.27	1146.86
767.44	1198.06
767.62	1175.53
767.80	1189.87
767.98	1245.16
768.15	1196.01
768.33	1193.97
768.51	1140.72
768.69	1171.44
768.87	1150.96
769.04	1066.99
769.22	1236.97
769.40	1169.39
769.58	1185.77
769.75	1191.92
769.93	1189.87
770.11	1208.30
770.28	1204.21
770.46	1140.72
770.64	1175.53
770.82	1177.58
770.99	1183.73
771.17	1200.11
771.35	1191.92
771.53	1157.10
771.70	1185.77
771.88	1198.06
772.06	1150.96
772.23	1173.49
772.41	1241.07
772.59	1216.49
772.77	1165.29
772.94	1181.68
773.12	1185.77
773.30	1183.73
773.47	1122.29
773.65	1179.63
773.83	1134.57
774.01	1253.36
774.18	1200.11
774.36	1204.21
774.54	1224.69
774.71	1204.21
774.89	1200.11
775.07	1130.48
775.24	1200.11
775.42	1150.96
775.60	1136.62
775.78	1202.16
775.95	1202.16
776.13	1196.01
776.31	1153.01
776.48	1189.87
776.66	1177.58
776.84	1218.54
777.01	1228.78
777.19	1212.40
777.37	1210.35
777.54	1153.01
777.72	1171.44
777.90	1206.25
778.07	1241.07
778.25	1155.05
778.43	1140.72
778.60	1183.73
778.78	1177.58
778.96	1153.01
779.13	1163.25
779.31	1130.48
779.49	1191.92
779.66	1167.34
779.84	1173.49
780.01	1159.15
780.19	1210.35
780.37	1200.11
780.54	1124.33
780.72	1187.82
780.90	1163.25
781.07	1140.72
781.25	1177.58
781.43	1202.16
781.60	1210.35
781.78	1196.01
781.95	1257.45
782.13	1206.25
782.31	1245.16
782.48	1191.92
782.66	1210.35
782.83	1163.25
783.01	1204.21
783.19	1208.30
783.36	1196.01
783.54	1146.86
783.72	1167.34
783.89	1175.53
784.07	1189.87
784.24	1236.97
784.42	1241.07
784.60	1181.68
784.77	1142.77
784.95	1226.73
785.12	1140.72
785.30	1136.62
785.47	1202.16
785.65	1153.01
785.83	1228.78
786.00	1220.59
786.18	1181.68
786.35	1144.81
786.53	1181.68
786.71	1212.40
786.88	1144.81
787.06	1126.38
787.23	1273.84
787.41	1157.10
787.58	1193.97
787.76	1163.25
787.94	1191.92
788.11	1163.25
788.29	1101.81
788.46	1216.49
788.64	1193.97
788.81	1181.68
788.99	1165.29
789.16	1122.29
789.34	1241.07
789.52	1208.30
789.69	1228.78
789.87	1136.62
790.04	1155.05
790.22	1165.29
790.39	1142.77
790.57	1165.29
790.74	1279.98
790.92	1138.67
791.09	1193.97
791.27	1136.62
791.44	1230.83
791.62	1183.73
791.79	1279.98
791.97	1208.30
792.15	1173.49
792.32	1130.48
792.50	1243.12
792.67	1212.40
792.85	1095.66
793.02	1116.14
793.20	1191.92
793.37	1177.58
793.55	1251.31
793.72	1167.34
793.90	1165.29
794.07	1185.77
794.25	1265.64
794.42	1187.82
794.60	1161.20
794.77	1175.53
794.95	1159.15
795.12	1175.53
795.30	1261.55
795.47	1204.21
795.65	1187.82
795.82	1173.49
796.00	1157.10
796.17	1234.93
796.34	1214.45
796.52	1179.63
796.69	1218.54
796.87	1198.06
797.04	1167.34
797.22	1230.83
797.39	1171.44
797.57	1202.16
797.74	1130.48
797.92	1218.54
798.09	1173.49
798.27	1165.29
798.44	1148.91
798.62	1179.63
798.79	1193.97
798.96	1204.21
799.14	1193.97
799.31	1228.78
799.49	1189.87
799.66	1214.45
799.84	1101.81
800.01	1173.49
800.19	1140.72
800.36	1216.49
800.53	1165.29
800.71	1193.97
800.88	1126.38
801.06	1175.53
801.23	1206.25
801.41	1140.72
801.58	1144.81
801.75	1159.15
801.93	1212.40
802.10	1171.44
802.28	1138.67
802.45	1155.05
802.63	1175.53
802.80	1159.15
802.97	1177.58
803.15	1159.15
803.32	1239.02
803.50	1161.20
803.67	1159.15
803.84	1165.29
804.02	1171.44
804.19	1153.01
804.37	1157.10
804.54	1163.25
804.71	1191.92
804.89	1241.07
805.06	1193.97
805.24	1206.25
805.41	1173.49
805.58	1187.82
805.76	1202.16
805.93	1222.64
806.10	1179.63
806.28	1142.77
806.45	1212.40
806.63	1066.99
806.80	1171.44
806.97	1132.53
807.15	1198.06
807.32	1142.77
807.49	1173.49
807.67	1138.67
807.84	1163.25
808.01	1169.39
808.19	1214.45
808.36	1228.78
808.54	1132.53
808.71	1134.57
808.88	1163.25
809.06	1107.95
809.23	1148.91
809.40	1212.40
809.58	1185.77
809.75	1085.42
809.92	1181.68
810.10	1191.92
810.27	1189.87
810.44	1171.44
810.62	1226.73
810.79	1239.02
810.96	1159.15
811.14	1187.82
811.31	1132.53
811.48	1136.62
811.66	1187.82
811.83	1124.33
812.00	1247.21
812.18	1239.02
812.35	1138.67
812.52	1191.92
812.69	1116.14
812.87	1118.19
813.04	1140.72
813.21	1171.44
813.39	1255.40
813.56	1122.29
813.73	1175.53
813.91	1216.49
814.08	1150.96
814.25	1138.67
814.42	1187.82
814.60	1118.19
814.77	1146.86
814.94	1128.43
815.12	1189.87
815.29	1114.10
815.46	1212.40
815.63	1146.86
815.81	1224.69
815.98	1187.82
816.15	1216.49
816.33	1241.07
816.50	1212.40
816.67	1130.48
816.84	1181.68
817.02	1230.83
817.19	1200.11
817.36	1230.83
817.53	1181.68
817.71	1120.24
817.88	1189.87
818.05	1232.88
818.22	1189.87
818.40	1224.69
818.57	1146.86
818.74	1163.25
818.91	1263.60
819.09	1224.69
819.26	1138.67
819.43	1146.86
819.60	1198.06
819.78	1173.49
819.95	1230.83
820.12	1179.63
820.29	1161.20
820.47	1126.38
820.64	1138.67
820.81	1181.68
820.98	1216.49
821.15	1232.88
821.33	1267.69
821.50	1210.35
821.67	1191.92
821.84	1163.25
822.02	1228.78
822.19	1144.81
822.36	1224.69
822.53	1187.82
822.70	1148.91
822.88	1171.44
823.05	1173.49
823.22	1171.44
823.39	1148.91
823.56	1214.45
823.74	1255.40
823.91	1150.96
824.08	1189.87
824.25	1126.38
824.42	1234.93
824.60	1187.82
824.77	1236.97
824.94	1187.82
825.11	1159.15
825.28	1247.21
825.45	1220.59
825.63	1171.44
825.80	1187.82
825.97	1175.53
826.14	1175.53
826.31	1183.73
826.48	1175.53
826.66	1193.97
826.83	1185.77
827.00	1140.72
827.17	1214.45
827.34	1167.34
827.51	1159.15
827.69	1093.62
827.86	1165.29
828.03	1183.73
828.20	1181.68
828.37	1177.58
828.54	1183.73
828.71	1247.21
828.89	1144.81
829.06	1144.81
829.23	1126.38
829.40	1175.53
829.57	1167.34
829.74	1171.44
829.91	1177.58
830.09	1179.63
830.26	1171.44
830.43	1200.11
830.60	1222.64
830.77	1171.44
830.94	1216.49
831.11	1187.82
831.28	1228.78
831.46	1150.96
831.63	1222.64
831.80	1191.92
831.97	1181.68
832.14	1171.44
832.31	1185.77
832.48	1181.68
832.65	1150.96
832.82	1193.97
832.99	1132.53
833.17	1134.57
833.34	1173.49
833.51	1150.96
833.68	1167.34
833.85	1208.30
834.02	1142.77
834.19	1208.30
834.36	1148.91
834.53	1136.62
834.70	1134.57
834.87	1167.34
835.04	1155.05
835.22	1087.47
835.39	1142.77
835.56	1171.44
835.73	1191.92
835.90	1249.26
836.07	1196.01
836.24	1118.19
836.41	1163.25
836.58	1138.67
836.75	1171.44
836.92	1126.38
837.09	1128.43
837.26	1138.67
837.43	1183.73
837.60	1095.66
837.77	1148.91
837.94	1214.45
838.12	1210.35
838.29	1232.88
838.46	1177.58
838.63	1150.96
838.80	1136.62
838.97	1208.30
839.14	1212.40
839.31	1191.92
839.48	1175.53
839.65	1175.53
839.82	1222.64
839.99	1144.81
840.16	1206.25
840.33	1118.19
840.50	1171.44
840.67	1175.53
840.84	1232.88
841.01	1175.53
841.18	1241.07
841.35	1128.43
841.52	1214.45
841.69	1187.82
841.86	1187.82
842.03	1171.44
842.20	1200.11
842.37	1191.92
842.54	1241.07
842.71	1175.53
842.88	1087.47
843.05	1099.76
843.22	1157.10
843.39	1069.04
843.56	1118.19
843.73	1204.21
843.90	1177.58
844.07	1230.83
844.24	1218.54
844.41	1187.82
844.58	1200.11
844.75	1171.44
844.92	1183.73
845.09	1177.58
845.26	1179.63
845.43	1220.59
845.60	1110.00
845.77	1196.01
845.94	1116.14
846.10	1146.86
846.27	1179.63
846.44	1140.72
846.61	1204.21
846.78	1089.52
846.95	1173.49
847.12	1200.11
847.29	1220.59
847.46	1144.81
847.63	1241.07
847.80	1191.92
847.97	1200.11
848.14	1222.64
848.31	1173.49
848.48	1161.20
848.65	1204.21
848.82	1214.45
848.98	1226.73
849.15	1179.63
849.32	1153.01
849.49	1163.25
849.66	1200.11
849.83	1179.63
850.00	1214.45
850.17	1155.05
850.34	1171.44
850.51	1191.92
850.68	1148.91
850.85	1161.20
851.01	1161.20
851.18	1148.91
851.35	1204.21
851.52	1146.86
851.69	1183.73
851.86	1146.86
852.03	1130.48
852.20	1198.06
852.37	1165.29
852.53	1212.40
852.70	1118.19
852.87	1153.01
853.04	1116.14
853.21	1257.45
853.38	1155.05
853.55	1204.21
853.72	1175.53
853.89	1206.25
854.05	1187.82
854.22	1140.72
854.39	1187.82
854.56	1204.21
854.73	1212.40
854.90	1171.44
855.07	1245.16
855.23	1124.33
855.40	1101.81
855.57	1214.45
855.74	1232.88
855.91	1167.34
856.08	1146.86
856.25	1126.38
856.41	1140.72
856.58	1200.11
856.75	1171.44
856.92	1112.05
857.09	1159.15
857.26	1167.34
857.42	1196.01
857.59	1130.48
857.76	1206.25
857.93	1232.88
858.10	1234.93
858.27	1183.73
858.43	1181.68
858.60	1204.21
858.77	1177.58
858.94	1232.88
859.11	1202.16
859.27	1175.53
859.44	1148.91
859.61	1155.05
859.78	1171.44
859.95	1177.58
860.12	1163.25
860.28	1196.01
860.45	1187.82
860.62	1224.69
860.79	1236.97
860.95	1253.36
861.12	1120.24
861.29	1179.63
861.46	1243.12
861.63	1202.16
861.79	1163.25
861.96	1208.30
862.13	1171.44
862.30	1261.55
862.47	1171.44
862.63	1173.49
862.80	1138.67
862.97	1126.38
863.14	1173.49
863.30	1179.63
863.47	1202.16
863.64	1204.21
863.81	1198.06
863.97	1226.73
864.14	1191.92
864.31	1173.49
864.48	1157.10
864.65	1146.86
864.81	1243.12
864.98	1140.72
865.15	1175.53
865.32	1251.31
865.48	1185.77
865.65	1183.73
865.82	1079.28
865.98	1212.40
866.15	1208.30
866.32	1189.87
866.49	1150.96
866.65	1200.11
866.82	1183.73
866.99	1181.68
867.16	1173.49
867.32	1146.86
867.49	1159.15
867.66	1222.64
867.83	1163.25
867.99	1126.38
868.16	1142.77
868.33	1138.67
868.49	1196.01
868.66	1232.88
868.83	1175.53
868.99	1224.69
869.16	1155.05
869.33	1161.20
869.50	1253.36
869.66	1196.01
869.83	1212.40
870.00	1210.35
870.16	1189.87
870.33	1157.10
870.50	1118.19
870.66	1153.01
870.83	1200.11
871.00	1273.84
871.17	1142.77
871.33	1146.86
871.50	1148.91
871.67	1169.39
871.83	1142.77
872.00	1142.77
872.17	1134.57
872.33	1073.14
872.50	1208.30
872.67	1224.69
872.83	1126.38
873.00	1228.78
873.17	1212.40
873.33	1212.40
873.50	1155.05
873.67	1181.68
873.83	1181.68
874.00	1177.58
874.16	1202.16
874.33	1155.05
874.50	1187.82
874.66	1198.06
874.83	1159.15
875.00	1177.58
875.16	1224.69
875.33	1208.30
875.50	1200.11
875.66	1189.87
875.83	1159.15
875.99	1142.77
876.16	1204.21
876.33	1239.02
876.49	1253.36
876.66	1226.73
876.83	1212.40
876.99	1179.63
877.16	1216.49
877.32	1179.63
877.49	1163.25
877.66	1167.34
877.82	1126.38
877.99	1200.11
878.15	1155.05
878.32	1132.53
878.49	1218.54
878.65	1193.97
878.82	1206.25
878.98	1216.49
879.15	1191.92
879.32	1234.93
879.48	1224.69
879.65	1218.54
879.81	1181.68
879.98	1189.87
880.15	1150.96
880.31	1204.21
880.48	1089.52
880.64	1171.44
880.81	1175.53
880.97	1183.73
881.14	1196.01
881.31	1179.63
881.47	1196.01
881.64	1222.64
881.80	1140.72
881.97	1185.77
882.13	1132.53
882.30	1130.48
882.47	1202.16
882.63	1146.86
882.80	1214.45
882.96	1255.40
883.13	1228.78
883.29	1204.21
883.46	1196.01
883.62	1204.21
883.79	1169.39
883.95	1214.45
884.12	1247.21
884.29	1204.21
884.45	1179.63
884.62	1175.53
884.78	1193.97
884.95	1128.43
885.11	1146.86
885.28	1175.53
885.44	1200.11
885.61	1171.44
885.77	1282.03
885.94	1101.81
886.10	1259.50
886.27	1245.16
886.43	1202.16
886.60	1216.49
886.76	1114.10
886.93	1241.07
887.09	1163.25
887.26	1193.97
887.42	1191.92
887.59	1187.82
887.75	1239.02
887.92	1140.72
888.08	1183.73
888.25	1185.77
888.41	1191.92
888.58	1161.20
888.74	1142.77
888.91	1126.38
