177.47	1124.33
177.69	1124.33
177.91	1124.33
178.13	1187.82
178.36	1157.10
178.58	1196.01
178.80	1187.82
179.02	1114.10
179.24	1191.92
179.46	1144.81
179.68	1159.15
179.90	1161.20
180.13	1175.53
180.35	1116.14
180.57	1132.53
180.79	1183.73
181.01	1181.68
181.23	1124.33
181.45	1099.76
181.67	1148.91
181.90	1175.53
182.12	1150.96
182.34	1187.82
182.56	1155.05
182.78	1128.43
183.00	1177.58
183.22	1163.25
183.44	1187.82
183.66	1189.87
183.89	1189.87
184.11	1169.39
184.33	1175.53
184.55	1128.43
184.77	1228.78
184.99	1161.20
185.21	1222.64
185.43	1234.93
185.65	1146.86
185.87	1200.11
186.10	1130.48
186.32	1142.77
186.54	1247.21
186.76	1171.44
186.98	1140.72
187.20	1241.07
187.42	1163.25
187.64	1214.45
187.86	1159.15
188.08	1153.01
188.30	1095.66
188.52	1304.56
188.75	1191.92
188.97	1241.07
189.19	1134.57
189.41	1185.77
189.63	1173.49
189.85	1193.97
190.07	1126.38
190.29	1136.62
190.51	1193.97
190.73	1198.06
190.95	1191.92
191.17	1167.34
191.39	1163.25
191.61	1144.81
191.84	1175.53
192.06	1107.95
192.28	1132.53
192.50	1153.01
192.72	1112.05
192.94	1165.29
193.16	1181.68
193.38	1181.68
193.60	1167.34
193.82	1206.25
194.04	1208.30
194.26	1157.10
194.48	1196.01
194.70	1185.77
194.92	1163.25
195.14	1175.53
195.36	1167.34
195.58	1214.45
195.80	1169.39
196.02	1171.44
196.24	1165.29
196.46	1189.87
196.69	1148.91
196.91	1171.44
197.13	1157.10
197.35	1171.44
197.57	1228.78
197.79	1167.34
198.01	1126.38
198.23	1146.86
198.45	1142.77
198.67	1218.54
198.89	1138.67
199.11	1208.30
199.33	1142.77
199.55	1163.25
199.77	1136.62
199.99	1140.72
200.21	1171.44
200.43	1114.10
200.65	1114.10
200.87	1075.18
201.09	1134.57
201.31	1150.96
201.53	1134.57
201.75	1144.81
201.97	1165.29
202.19	1179.63
202.41	1216.49
202.63	1206.25
202.85	1222.64
203.07	1191.92
203.29	1210.35
203.51	1173.49
203.73	1216.49
203.95	1140.72
204.17	1179.63
204.39	1175.53
204.61	1144.81
204.83	1171.44
205.05	1261.55
205.27	1218.54
205.49	1169.39
205.71	1228.78
205.93	1179.63
206.15	1155.05
206.37	1198.06
206.59	1171.44
206.81	1103.86
207.03	1202.16
207.25	1122.29
207.47	1181.68
207.69	1134.57
207.91	1153.01
208.13	1163.25
208.34	1173.49
208.56	1093.62
208.78	1208.30
209.00	1226.73
209.22	1118.19
209.44	1083.38
209.66	1218.54
209.88	1142.77
210.10	1214.45
210.32	1183.73
210.54	1185.77
210.76	1097.71
210.98	1175.53
211.20	1173.49
211.42	1175.53
211.64	1173.49
211.86	1208.30
212.08	1148.91
212.30	1157.10
212.52	1167.34
212.74	1208.30
212.96	1087.47
213.17	1157.10
213.39	1150.96
213.61	1218.54
213.83	1198.06
214.05	1241.07
214.27	1202.16
214.49	1273.84
214.71	1091.57
214.93	1101.81
215.15	1146.86
215.37	1177.58
215.59	1183.73
215.81	1157.10
216.03	1191.92
216.24	1157.10
216.46	1124.33
216.68	1081.33
216.90	1163.25
217.12	1169.39
217.34	1181.68
217.56	1185.77
217.78	1099.76
218.00	1183.73
218.22	1163.25
218.44	1222.64
218.66	1212.40
218.87	1187.82
219.09	1181.68
219.31	1216.49
219.53	1163.25
219.75	1189.87
219.97	1224.69
220.19	1234.93
220.41	1183.73
220.63	1191.92
220.85	1208.30
221.06	1222.64
221.28	1157.10
221.50	1208.30
221.72	1144.81
221.94	1198.06
222.16	1200.11
222.38	1177.58
222.60	1148.91
222.82	1183.73
223.03	1214.45
223.25	1101.81
223.47	1150.96
223.69	1169.39
223.91	1185.77
224.13	1179.63
224.35	1153.01
224.57	1157.10
224.78	1191.92
225.00	1167.34
225.22	1169.39
225.44	1167.34
225.66	1187.82
225.88	1218.54
226.10	1110.00
226.32	1181.68
226.53	1245.16
226.75	1193.97
226.97	1216.49
227.19	1216.49
227.41	1110.00
227.63	1193.97
227.85	1185.77
228.06	1175.53
228.28	1191.92
228.50	1230.83
228.72	1153.01
228.94	1120.24
229.16	1245.16
229.37	1159.15
229.59	1189.87
229.81	1236.97
230.03	1196.01
230.25	1224.69
230.47	1173.49
230.69	1214.45
230.90	1181.68
231.12	1202.16
231.34	1150.96
231.56	1157.10
231.78	1183.73
232.00	1200.11
232.21	1157.10
232.43	1171.44
232.65	1181.68
232.87	1146.86
233.09	1193.97
233.30	1175.53
233.52	1099.76
233.74	1157.10
233.96	1132.53
234.18	1196.01
234.40	1150.96
234.61	1230.83
234.83	1173.49
235.05	1171.44
235.27	1165.29
235.49	1150.96
235.70	1163.25
235.92	1230.83
236.14	1206.25
236.36	1118.19
236.58	1140.72
236.79	1134.57
237.01	1202.16
237.23	1060.85
237.45	1159.15
237.67	1210.35
237.88	1206.25
238.10	1204.21
238.32	1173.49
238.54	1169.39
238.76	1126.38
238.97	1140.72
239.19	1196.01
239.41	1202.16
239.63	1216.49
239.85	1132.53
240.06	1132.53
240.28	1167.34
240.50	1165.29
240.72	1177.58
240.93	1142.77
241.15	1165.29
241.37	1200.11
241.59	1206.25
241.81	1220.59
242.02	1116.14
242.24	1204.21
242.46	1177.58
242.68	1105.90
242.89	1122.29
243.11	1189.87
243.33	1161.20
243.55	1232.88
243.76	1212.40
243.98	1142.77
244.20	1193.97
244.42	1169.39
244.64	1128.43
244.85	1191.92
245.07	1142.77
245.29	1134.57
245.51	1245.16
245.72	1173.49
245.94	1181.68
246.16	1132.53
246.38	1181.68
246.59	1159.15
246.81	1148.91
247.03	1136.62
247.24	1228.78
247.46	1189.87
247.68	1118.19
247.90	1157.10
248.11	1167.34
248.33	1177.58
248.55	1105.90
248.77	1142.77
248.98	1085.42
249.20	1148.91
249.42	1181.68
249.64	1193.97
249.85	1140.72
250.07	1236.97
250.29	1239.02
250.50	1200.11
250.72	1228.78
250.94	1226.73
251.16	1230.83
251.37	1210.35
251.59	1159.15
251.81	1173.49
252.02	1157.10
252.24	1171.44
252.46	1208.30
252.68	1214.45
252.89	1189.87
253.11	1144.81
253.33	1105.90
253.54	1165.29
253.76	1120.24
253.98	1183.73
254.20	1224.69
254.41	1200.11
254.63	1181.68
254.85	1159.15
255.06	1148.91
255.28	1146.86
255.50	1163.25
255.71	1234.93
255.93	1146.86
256.15	1146.86
256.36	1146.86
256.58	1181.68
256.80	1204.21
257.02	1245.16
257.23	1206.25
257.45	1116.14
257.67	1187.82
257.88	1185.77
258.10	1222.64
258.32	1210.35
258.53	1140.72
258.75	1171.44
258.97	1163.25
259.18	1210.35
259.40	1155.05
259.62	1198.06
259.83	1075.18
260.05	1140.72
260.27	1216.49
260.48	1263.60
260.70	1273.84
260.92	1181.68
261.13	1171.44
261.35	1185.77
261.57	1263.60
261.78	1202.16
262.00	1218.54
262.22	1118.19
262.43	1206.25
262.65	1228.78
262.86	1130.48
263.08	1148.91
263.30	1157.10
263.51	1101.81
263.73	1187.82
263.95	1206.25
264.16	1181.68
264.38	1200.11
264.60	1220.59
264.81	1185.77
265.03	1206.25
265.25	1159.15
265.46	1175.53
265.68	1165.29
265.89	1169.39
266.11	1259.50
266.33	1200.11
266.54	1110.00
266.76	1167.34
266.98	1187.82
267.19	1146.86
267.41	1171.44
267.62	1148.91
267.84	1189.87
268.06	1173.49
268.27	1112.05
268.49	1136.62
268.70	1222.64
268.92	1114.10
269.14	1161.20
269.35	1210.35
269.57	1122.29
269.79	1214.45
270.00	1208.30
270.22	1167.34
270.43	1175.53
270.65	1175.53
270.87	1116.14
271.08	1210.35
271.30	1110.00
271.51	1157.10
271.73	1136.62
271.95	1212.40
272.16	1187.82
272.38	1157.10
272.59	1054.70
272.81	1181.68
273.02	1167.34
273.24	1214.45
273.46	1175.53
273.67	1177.58
273.89	1062.90
274.10	1157.10
274.32	1206.25
274.54	1177.58
274.75	1185.77
274.97	1200.11
275.18	1101.81
275.40	1148.91
275.61	1193.97
275.83	1212.40
276.05	1159.15
276.26	1187.82
276.48	1191.92
276.69	1155.05
276.91	1140.72
277.12	1150.96
277.34	1142.77
277.55	1249.26
277.77	1204.21
277.99	1179.63
278.20	1165.29
278.42	1124.33
278.63	1130.48
278.85	1191.92
279.06	1173.49
279.28	1206.25
279.49	1114.10
279.71	1161.20
279.93	1116.14
280.14	1277.93
280.36	1161.20
280.57	1138.67
280.79	1171.44
281.00	1208.30
281.22	1183.73
281.43	1134.57
281.65	1169.39
281.86	1204.21
282.08	1189.87
282.29	1066.99
282.51	1212.40
282.73	1089.52
282.94	1193.97
283.16	1241.07
283.37	1097.71
283.59	1208.30
283.80	1165.29
284.02	1191.92
284.23	1232.88
284.45	1171.44
284.66	1136.62
284.88	1159.15
285.09	1175.53
285.31	1165.29
285.52	1269.74
285.74	1187.82
285.95	1185.77
286.17	1259.50
286.38	1214.45
286.60	1157.10
286.81	1095.66
287.03	1193.97
287.24	1232.88
287.46	1196.01
287.67	1159.15
287.89	1185.77
288.10	1138.67
288.32	1148.91
288.53	1204.21
288.75	1204.21
288.96	1193.97
289.18	1048.56
289.39	1196.01
289.61	1157.10
289.82	1198.06
290.04	1173.49
290.25	1114.10
290.47	1236.97
290.68	1157.10
290.90	1167.34
291.11	1196.01
291.33	1224.69
291.54	1196.01
291.76	1189.87
291.97	1234.93
292.18	1161.20
292.40	1187.82
292.61	1189.87
292.83	1173.49
293.04	1189.87
293.26	1239.02
293.47	1185.77
293.69	1122.29
293.90	1196.01
294.12	1187.82
294.33	1136.62
294.55	1167.34
294.76	1157.10
294.97	1208.30
295.19	1196.01
295.40	1177.58
295.62	1163.25
295.83	1185.77
296.05	1206.25
296.26	1241.07
296.48	1171.44
296.69	1120.24
296.90	1198.06
297.12	1187.82
297.33	1161.20
297.55	1210.35
297.76	1148.91
297.98	1179.63
298.19	1181.68
298.41	1210.35
298.62	1183.73
298.83	1171.44
299.05	1148.91
299.26	1163.25
299.48	1204.21
299.69	1138.67
299.90	1216.49
300.12	1136.62
300.33	1130.48
300.55	1140.72
300.76	1116.14
300.98	1155.05
301.19	1148.91
301.40	1114.10
301.62	1247.21
301.83	1116.14
302.05	1193.97
302.26	1175.53
302.47	1167.34
302.69	1079.28
302.90	1128.43
303.12	1107.95
303.33	1222.64
303.54	1247.21
303.76	1155.05
303.97	1212.40
304.19	1140.72
304.40	1138.67
304.61	1130.48
304.83	1126.38
305.04	1169.39
305.26	1200.11
305.47	1189.87
305.68	1163.25
305.90	1091.57
306.11	1146.86
306.33	1185.77
306.54	1157.10
306.75	1206.25
306.97	1193.97
307.18	1179.63
307.39	1144.81
307.61	1128.43
307.82	1171.44
308.04	1193.97
308.25	1216.49
308.46	1193.97
308.68	1116.14
308.89	1189.87
309.10	1140.72
309.32	1085.42
309.53	1159.15
309.74	1146.86
309.96	1171.44
310.17	1079.28
310.39	1175.53
310.60	1208.30
310.81	1132.53
311.03	1155.05
311.24	1116.14
311.45	1222.64
311.67	1208.30
311.88	1165.29
312.09	1179.63
312.31	1185.77
312.52	1245.16
312.73	1214.45
312.95	1169.39
313.16	1153.01
313.37	1179.63
313.59	1181.68
313.80	1257.45
314.01	1183.73
314.23	1161.20
314.44	1179.63
314.65	1122.29
314.87	1185.77
315.08	1116.14
315.29	1191.92
315.51	1146.86
315.72	1241.07
315.93	1177.58
316.15	1208.30
316.36	1191.92
316.57	1142.77
316.79	1202.16
317.00	1155.05
317.21	1134.57
317.43	1206.25
317.64	1150.96
317.85	1095.66
318.07	1183.73
318.28	1245.16
318.49	1161.20
318.70	1236.97
318.92	1179.63
319.13	1228.78
319.34	1187.82
319.56	1132.53
319.77	1212.40
319.98	1198.06
320.20	1124.33
320.41	1148.91
320.62	1200.11
320.83	1200.11
321.05	1148.91
321.26	1185.77
321.47	1165.29
321.69	1179.63
321.90	1112.05
322.11	1159.15
322.32	1169.39
322.54	1140.72
322.75	1150.96
322.96	1134.57
323.18	1163.25
323.39	1153.01
323.60	1161.20
323.81	1257.45
324.03	1173.49
324.24	1175.53
324.45	1148.91
324.66	1163.25
324.88	1243.12
325.09	1122.29
325.30	1136.62
325.52	1204.21
325.73	1226.73
325.94	1214.45
326.15	1193.97
326.37	1161.20
326.58	1136.62
326.79	1142.77
327.00	1206.25
327.22	1181.68
327.43	1146.86
327.64	1259.50
327.85	1077.23
328.07	1142.77
328.28	1191.92
328.49	1208.30
328.70	1157.10
328.92	1191.92
329.13	1204.21
329.34	1142.77
329.55	1140.72
329.76	1173.49
329.98	1271.79
330.19	1144.81
330.40	1157.10
330.61	1196.01
330.83	1191.92
331.04	1193.97
331.25	1187.82
331.46	1243.12
331.68	1171.44
331.89	1169.39
332.10	1114.10
332.31	1099.76
332.52	1167.34
332.74	1101.81
332.95	1130.48
333.16	1144.81
333.37	1142.77
333.58	1165.29
333.80	1206.25
334.01	1140.72
334.22	1189.87
334.43	1101.81
334.64	1208.30
334.86	1175.53
335.07	1179.63
335.28	1150.96
335.49	1189.87
335.70	1101.81
335.92	1138.67
336.13	1185.77
336.34	1181.68
336.55	1155.05
336.76	1183.73
336.98	1140.72
337.19	1228.78
337.40	1232.88
337.61	1187.82
337.82	1193.97
338.04	1165.29
338.25	1202.16
338.46	1163.25
338.67	1187.82
338.88	1134.57
339.09	1269.74
339.31	1210.35
339.52	1105.90
339.73	1210.35
339.94	1226.73
340.15	1112.05
340.36	1150.96
340.58	1245.16
340.79	1146.86
341.00	1191.92
341.21	1210.35
341.42	1171.44
341.63	1138.67
341.85	1114.10
342.06	1206.25
342.27	1161.20
342.48	1236.97
342.69	1126.38
342.90	1218.54
343.12	1157.10
343.33	1161.20
343.54	1153.01
343.75	1222.64
343.96	1222.64
344.17	1189.87
344.38	1212.40
344.60	1161.20
344.81	1236.97
345.02	1220.59
345.23	1122.29
345.44	1173.49
345.65	1155.05
345.86	1200.11
346.07	1153.01
346.29	1134.57
346.50	1167.34
346.71	1138.67
346.92	1161.20
347.13	1159.15
347.34	1253.36
347.55	1191.92
347.76	1169.39
347.98	1105.90
348.19	1191.92
348.40	1249.26
348.61	1130.48
348.82	1191.92
349.03	1153.01
349.24	1128.43
349.45	1222.64
349.66	1212.40
349.88	1173.49
350.09	1204.21
350.30	1157.10
350.51	1157.10
350.72	1161.20
350.93	1183.73
351.14	1159.15
351.35	1163.25
351.56	1187.82
351.77	1193.97
351.99	1122.29
352.20	1200.11
352.41	1167.34
352.62	1185.77
352.83	1159.15
353.04	1148.91
353.25	1204.21
353.46	1163.25
353.67	1212.40
353.88	1230.83
354.09	1148.91
354.30	1187.82
354.52	1165.29
354.73	1208.30
354.94	1202.16
355.15	1216.49
355.36	1120.24
355.57	1134.57
355.78	1105.90
355.99	1138.67
356.20	1226.73
356.41	1183.73
356.62	1234.93
356.83	1220.59
357.04	1171.44
357.25	1116.14
357.46	1167.34
357.68	1171.44
357.89	1161.20
358.10	1177.58
358.31	1118.19
358.52	1234.93
358.73	1161.20
358.94	1200.11
359.15	1148.91
359.36	1181.68
359.57	1144.81
359.78	1169.39
359.99	1128.43
360.20	1077.23
360.41	1214.45
360.62	1167.34
360.83	1081.33
361.04	1183.73
361.25	1198.06
361.46	1142.77
361.67	1148.91
361.88	1122.29
362.09	1239.02
362.30	1241.07
362.51	1189.87
362.72	1159.15
362.93	1122.29
363.14	1163.25
363.35	1136.62
363.56	1130.48
363.78	1210.35
363.99	1216.49
364.20	1126.38
364.41	1210.35
364.62	1236.97
364.83	1128.43
365.04	1105.90
365.25	1220.59
365.46	1175.53
365.67	1126.38
365.88	1161.20
366.09	1146.86
366.30	1165.29
366.51	1212.40
366.72	1189.87
366.93	1181.68
367.14	1173.49
367.35	1224.69
367.56	1165.29
367.77	1265.64
367.98	1253.36
368.18	1204.21
368.39	1204.21
368.60	1249.26
368.81	1228.78
369.02	1142.77
369.23	1148.91
369.44	1202.16
369.65	1140.72
369.86	1134.57
370.07	1175.53
370.28	1222.64
370.49	1177.58
370.70	1120.24
370.91	1146.86
371.12	1204.21
371.33	1189.87
371.54	1175.53
371.75	1159.15
371.96	1165.29
372.17	1114.10
372.38	1226.73
372.59	1173.49
372.80	1208.30
373.01	1183.73
373.22	1136.62
373.43	1257.45
373.64	1146.86
373.85	1126.38
374.06	1202.16
374.26	1140.72
374.47	1165.29
374.68	1216.49
374.89	1187.82
375.10	1161.20
375.31	1148.91
375.52	1222.64
375.73	1259.50
375.94	1132.53
376.15	1251.31
376.36	1173.49
376.57	1173.49
376.78	1261.55
376.99	1132.53
377.20	1255.40
377.40	1226.73
377.61	1247.21
377.82	1216.49
378.03	1216.49
378.24	1161.20
378.45	1134.57
378.66	1120.24
378.87	1155.05
379.08	1095.66
379.29	1138.67
379.50	1204.21
379.71	1136.62
379.91	1134.57
380.12	1200.11
380.33	1202.16
380.54	1218.54
380.75	1236.97
380.96	1124.33
381.17	1177.58
381.38	1185.77
381.59	1196.01
381.80	1155.05
382.00	1208.30
382.21	1101.81
382.42	1138.67
382.63	1189.87
382.84	1200.11
383.05	1169.39
383.26	1173.49
383.47	1124.33
383.68	1214.45
383.88	1220.59
384.09	1204.21
384.30	1142.77
384.51	1171.44
384.72	1230.83
384.93	1206.25
385.14	1171.44
385.35	1226.73
385.55	1175.53
385.76	1255.40
385.97	1163.25
386.18	1257.45
386.39	1128.43
386.60	1146.86
386.81	1120.24
387.02	1130.48
387.22	1134.57
387.43	1220.59
387.64	1189.87
387.85	1236.97
388.06	1236.97
388.27	1208.30
388.48	1148.91
388.68	1189.87
388.89	1146.86
389.10	1165.29
389.31	1179.63
389.52	1146.86
389.73	1204.21
389.93	1202.16
390.14	1153.01
390.35	1200.11
390.56	1179.63
390.77	1165.29
390.98	1208.30
391.18	1179.63
391.39	1171.44
391.60	1208.30
391.81	1181.68
392.02	1183.73
392.23	1173.49
392.43	1296.36
392.64	1056.75
392.85	1173.49
393.06	1177.58
393.27	1085.42
393.47	1167.34
393.68	1183.73
393.89	1167.34
394.10	1159.15
394.31	1169.39
394.52	1148.91
394.72	1157.10
394.93	1163.25
395.14	1236.97
395.35	1187.82
395.56	1169.39
395.76	1202.16
395.97	1110.00
396.18	1198.06
396.39	1144.81
396.60	1179.63
396.80	1146.86
397.01	1142.77
397.22	1167.34
397.43	1177.58
397.64	1171.44
397.84	1161.20
398.05	1167.34
398.26	1150.96
398.47	1177.58
398.67	1105.90
398.88	1196.01
399.09	1218.54
399.30	1132.53
399.51	1155.05
399.71	1187.82
399.92	1169.39
400.13	1146.86
400.34	1177.58
400.54	1169.39
400.75	1175.53
400.96	1193.97
401.17	1214.45
401.37	1253.36
401.58	1163.25
401.79	1208.30
402.00	1222.64
402.21	1112.05
402.41	1142.77
402.62	1189.87
402.83	1142.77
403.04	1167.34
403.24	1224.69
403.45	1099.76
403.66	1159.15
403.87	1148.91
404.07	1183.73
404.28	1110.00
404.49	1138.67
404.70	1173.49
404.90	1171.44
405.11	1157.10
405.32	1181.68
405.52	1132.53
405.73	1159.15
405.94	1218.54
406.15	1150.96
406.35	1196.01
406.56	1175.53
406.77	1153.01
406.98	1128.43
407.18	1173.49
407.39	1214.45
407.60	1042.42
407.80	1167.34
408.01	1112.05
408.22	1253.36
408.43	1173.49
408.63	1173.49
408.84	1175.53
409.05	1222.64
409.25	1112.05
409.46	1218.54
409.67	1128.43
409.88	1150.96
410.08	1234.93
410.29	1183.73
410.50	1220.59
410.70	1155.05
410.91	1169.39
411.12	1159.15
411.32	1196.01
411.53	1206.25
411.74	1150.96
411.95	1167.34
412.15	1146.86
412.36	1214.45
412.57	1130.48
412.77	1173.49
412.98	1161.20
413.19	1171.44
413.39	1155.05
413.60	1138.67
413.81	1107.95
414.01	1148.91
414.22	1157.10
414.43	1208.30
414.63	1130.48
414.84	1167.34
415.05	1167.34
415.25	1191.92
415.46	1159.15
415.67	1179.63
415.87	1236.97
416.08	1185.77
416.29	1126.38
416.49	1124.33
416.70	1130.48
416.91	1128.43
417.11	1163.25
417.32	1193.97
417.53	1206.25
417.73	1177.58
417.94	1191.92
418.15	1232.88
418.35	1259.50
418.56	1167.34
418.77	1191.92
418.97	1157.10
419.18	1183.73
419.38	1187.82
419.59	1132.53
419.80	1191.92
420.00	1146.86
420.21	1196.01
420.42	1153.01
420.62	1110.00
420.83	1155.05
421.04	1101.81
421.24	1097.71
421.45	1130.48
421.65	1165.29
421.86	1210.35
422.07	1171.44
422.27	1216.49
422.48	1191.92
422.69	1157.10
422.89	1107.95
423.10	1132.53
423.30	1114.10
423.51	1150.96
423.72	1105.90
423.92	1187.82
424.13	1159.15
424.33	1218.54
424.54	1140.72
424.75	1150.96
424.95	1212.40
425.16	1099.76
425.36	1132.53
425.57	1148.91
425.78	1189.87
425.98	1157.10
426.19	1144.81
426.39	1232.88
426.60	1159.15
426.81	1191.92
427.01	1171.44
427.22	1206.25
427.42	1200.11
427.63	1146.86
427.83	1155.05
428.04	1208.30
428.25	1204.21
428.45	1185.77
428.66	1130.48
428.86	1202.16
429.07	1116.14
429.28	1185.77
429.48	1116.14
429.69	1183.73
429.89	1191.92
430.10	1142.77
430.30	1165.29
430.51	1161.20
430.71	1230.83
430.92	1153.01
431.13	1185.77
431.33	1179.63
431.54	1189.87
431.74	1157.10
431.95	1146.86
432.15	1232.88
432.36	1187.82
432.56	1183.73
432.77	1230.83
432.98	1208.30
433.18	1140.72
433.39	1185.77
433.59	1214.45
433.80	1181.68
434.00	1124.33
434.21	1212.40
434.41	1202.16
434.62	1177.58
434.82	1144.81
435.03	1206.25
435.23	1200.11
435.44	1112.05
435.64	1093.62
435.85	1183.73
436.06	1189.87
436.26	1243.12
436.47	1179.63
436.67	1208.30
436.88	1247.21
437.08	1159.15
437.29	1193.97
437.49	1204.21
437.70	1140.72
437.90	1157.10
438.11	1161.20
438.31	1175.53
438.52	1097.71
438.72	1208.30
438.93	1259.50
439.13	1179.63
439.34	1148.91
439.54	1114.10
439.75	1146.86
439.95	1171.44
440.16	1198.06
440.36	1181.68
440.57	1091.57
440.77	1142.77
440.98	1126.38
441.18	1124.33
441.39	1171.44
441.59	1128.43
441.80	1163.25
442.00	1124.33
442.21	1212.40
442.41	1167.34
442.62	1163.25
442.82	1191.92
443.02	1177.58
443.23	1114.10
443.43	1214.45
443.64	1153.01
443.84	1193.97
444.05	1140.72
444.25	1157.10
444.46	1118.19
444.66	1175.53
444.87	1181.68
445.07	1202.16
445.28	1171.44
445.48	1142.77
445.69	1179.63
445.89	1202.16
446.09	1177.58
446.30	1069.04
446.50	1232.88
446.71	1216.49
446.91	1255.40
447.12	1257.45
447.32	1181.68
447.53	1159.15
447.73	1218.54
447.93	1224.69
448.14	1206.25
448.34	1177.58
448.55	1140.72
448.75	1171.44
448.96	1198.06
449.16	1191.92
449.36	1189.87
449.57	1128.43
449.77	1179.63
449.98	1153.01
450.18	1140.72
450.39	1175.53
450.59	1130.48
450.79	1196.01
451.00	1165.29
451.20	1146.86
451.41	1142.77
451.61	1187.82
451.81	1226.73
452.02	1236.97
452.22	1214.45
452.43	1175.53
452.63	1110.00
452.84	1230.83
453.04	1142.77
453.24	1159.15
453.45	1175.53
453.65	1169.39
453.86	1140.72
454.06	1134.57
454.26	1187.82
454.47	1200.11
454.67	1159.15
454.87	1171.44
455.08	1148.91
455.28	1185.77
455.49	1251.31
455.69	1165.29
455.89	1208.30
456.10	1150.96
456.30	1214.45
456.51	1183.73
456.71	1167.34
456.91	1132.53
457.12	1175.53
457.32	1234.93
457.52	1222.64
457.73	1189.87
457.93	1181.68
458.14	1146.86
458.34	1173.49
458.54	1124.33
458.75	1222.64
458.95	1189.87
459.15	1183.73
459.36	1155.05
459.56	1114.10
459.76	1183.73
459.97	1163.25
460.17	1181.68
460.37	1214.45
460.58	1181.68
460.78	1179.63
460.99	1181.68
461.19	1191.92
461.39	1124.33
461.60	1183.73
461.80	1144.81
462.00	1163.25
462.21	1171.44
462.41	1126.38
462.61	1200.11
462.82	1144.81
463.02	1134.57
463.22	1146.86
463.43	1150.96
463.63	1159.15
463.83	1097.71
464.04	1179.63
464.24	1099.76
464.44	1198.06
464.64	1177.58
464.85	1232.88
465.05	1163.25
465.25	1202.16
465.46	1204.21
465.66	1150.96
465.86	1138.67
466.07	1161.20
466.27	1198.06
466.47	1120.24
466.68	1150.96
466.88	1157.10
467.08	1208.30
467.29	1167.34
467.49	1146.86
467.69	1150.96
467.89	1173.49
468.10	1171.44
468.30	1105.90
468.50	1126.38
468.71	1122.29
468.91	1163.25
469.11	1218.54
469.31	1126.38
469.52	1124.33
469.72	1185.77
469.92	1196.01
470.13	1175.53
470.33	1138.67
470.53	1181.68
470.73	1173.49
470.94	1196.01
471.14	1150.96
471.34	1200.11
471.54	1210.35
471.75	1142.77
471.95	1208.30
472.15	1183.73
472.36	1196.01
472.56	1163.25
472.76	1239.02
472.96	1157.10
473.17	1142.77
473.37	1144.81
473.57	1177.58
473.77	1232.88
473.98	1183.73
474.18	1181.68
474.38	1175.53
474.58	1173.49
474.79	1126.38
474.99	1198.06
475.19	1210.35
475.39	1157.10
475.60	1118.19
475.80	1222.64
476.00	1175.53
476.20	1208.30
476.41	1159.15
476.61	1183.73
476.81	1196.01
477.01	1183.73
477.21	1179.63
477.42	1230.83
477.62	1089.52
477.82	1171.44
478.02	1218.54
478.23	1208.30
478.43	1153.01
478.63	1175.53
478.83	1239.02
479.03	1155.05
479.24	1224.69
479.44	1191.92
479.64	1128.43
479.84	1148.91
480.04	1118.19
480.25	1214.45
480.45	1169.39
480.65	1126.38
480.85	1187.82
481.06	1169.39
481.26	1163.25
481.46	1173.49
481.66	1157.10
481.86	1173.49
482.06	1230.83
482.27	1171.44
482.47	1175.53
482.67	1165.29
482.87	1112.05
483.07	1255.40
483.28	1165.29
483.48	1181.68
483.68	1171.44
483.88	1191.92
484.08	1163.25
484.29	1155.05
484.49	1179.63
484.69	1206.25
484.89	1228.78
485.09	1196.01
485.29	1163.25
485.50	1148.91
485.70	1191.92
485.90	1200.11
486.10	1208.30
486.30	1196.01
486.50	1214.45
486.71	1216.49
486.91	1185.77
487.11	1218.54
487.31	1253.36
487.51	1130.48
487.71	1118.19
487.91	1120.24
488.12	1163.25
488.32	1159.15
488.52	1202.16
488.72	1150.96
488.92	1130.48
489.12	1157.10
489.32	1189.87
489.53	1163.25
489.73	1148.91
489.93	1175.53
490.13	1181.68
490.33	1165.29
490.53	1222.64
490.73	1157.10
490.94	1245.16
491.14	1196.01
491.34	1167.34
491.54	1224.69
491.74	1163.25
491.94	1130.48
492.14	1175.53
492.34	1175.53
492.54	1134.57
492.75	1134.57
492.95	1189.87
493.15	1187.82
493.35	1185.77
493.55	1175.53
493.75	1175.53
493.95	1220.59
494.15	1222.64
494.35	1163.25
494.56	1173.49
494.76	1187.82
494.96	1245.16
495.16	1189.87
495.36	1216.49
495.56	1163.25
495.76	1198.06
495.96	1181.68
496.16	1236.97
496.36	1148.91
496.56	1159.15
496.77	1175.53
496.97	1218.54
497.17	1193.97
497.37	1130.48
497.57	1130.48
497.77	1222.64
497.97	1130.48
498.17	1114.10
498.37	1193.97
498.57	1161.20
498.77	1128.43
498.97	1132.53
499.17	1167.34
499.38	1193.97
499.58	1150.96
499.78	1161.20
499.98	1142.77
500.18	1234.93
500.38	1185.77
500.58	1144.81
500.78	1153.01
500.98	1243.12
501.18	1177.58
501.38	1196.01
501.58	1114.10
501.78	1177.58
501.98	1167.34
502.18	1200.11
502.38	1185.77
502.58	1200.11
502.78	1155.05
502.98	1165.29
503.18	1230.83
503.38	1187.82
503.59	1097.71
503.79	1191.92
503.99	1191.92
504.19	1226.73
504.39	1161.20
504.59	1210.35
504.79	1224.69
504.99	1105.90
505.19	1159.15
505.39	1173.49
505.59	1171.44
505.79	1150.96
505.99	1187.82
506.19	1230.83
506.39	1179.63
506.59	1161.20
506.79	1114.10
506.99	1157.10
507.19	1193.97
507.39	1181.68
507.59	1124.33
507.79	1200.11
507.99	1159.15
508.19	1208.30
508.39	1181.68
508.59	1165.29
508.79	1105.90
508.99	1110.00
509.19	1243.12
509.39	1138.67
509.59	1159.15
509.79	1204.21
509.99	1120.24
510.19	1128.43
510.39	1148.91
510.59	1196.01
510.79	1228.78
510.99	1161.20
511.19	1153.01
511.39	1173.49
511.59	1128.43
511.79	1212.40
511.99	1171.44
512.19	1208.30
512.38	1200.11
512.58	1187.82
512.78	1191.92
512.98	1159.15
513.18	1132.53
513.38	1200.11
513.58	1146.86
513.78	1198.06
513.98	1148.91
514.18	1157.10
514.38	1191.92
514.58	1130.48
514.78	1196.01
514.98	1177.58
515.18	1179.63
515.38	1210.35
515.58	1110.00
515.78	1150.96
515.98	1198.06
516.18	1112.05
516.38	1191.92
516.57	1171.44
516.77	1173.49
516.97	1150.96
517.17	1155.05
517.37	1230.83
517.57	1165.29
517.77	1163.25
517.97	1257.45
518.17	1116.14
518.37	1142.77
518.57	1148.91
518.77	1187.82
518.97	1167.34
519.16	1196.01
519.36	1148.91
519.56	1161.20
519.76	1187.82
519.96	1179.63
520.16	1140.72
520.36	1134.57
520.56	1150.96
520.76	1146.86
520.96	1236.97
521.16	1193.97
521.35	1089.52
521.55	1130.48
521.75	1196.01
521.95	1200.11
522.15	1150.96
522.35	1118.19
522.55	1224.69
522.75	1161.20
522.95	1097.71
523.14	1181.68
523.34	1175.53
523.54	1159.15
523.74	1224.69
523.94	1183.73
524.14	1200.11
524.34	1198.06
524.54	1218.54
524.73	1177.58
524.93	1138.67
525.13	1193.97
525.33	1140.72
525.53	1198.06
525.73	1196.01
525.93	1175.53
526.13	1181.68
526.32	1159.15
526.52	1167.34
526.72	1189.87
526.92	1122.29
527.12	1171.44
527.32	1169.39
527.52	1210.35
527.71	1183.73
527.91	1193.97
528.11	1159.15
528.31	1146.86
528.51	1132.53
528.71	1132.53
528.90	1153.01
529.10	1214.45
529.30	1163.25
529.50	1142.77
529.70	1183.73
529.90	1204.21
530.09	1187.82
530.29	1181.68
530.49	1251.31
530.69	1210.35
530.89	1171.44
531.09	1243.12
531.28	1128.43
531.48	1198.06
531.68	1112.05
531.88	1212.40
532.08	1167.34
532.28	1222.64
532.47	1167.34
532.67	1222.64
532.87	1210.35
533.07	1163.25
533.27	1169.39
533.46	1200.11
533.66	1130.48
533.86	1093.62
534.06	1236.97
534.26	1224.69
534.45	1138.67
534.65	1181.68
534.85	1202.16
535.05	1224.69
535.25	1146.86
535.44	1097.71
535.64	1191.92
535.84	1159.15
536.04	1165.29
536.24	1130.48
536.43	1175.53
536.63	1155.05
536.83	1161.20
537.03	1187.82
537.22	1200.11
537.42	1185.77
537.62	1157.10
537.82	1142.77
538.02	1157.10
538.21	1224.69
538.41	1146.86
538.61	1171.44
538.81	1105.90
539.00	1138.67
539.20	1126.38
539.40	1185.77
539.60	1157.10
539.79	1204.21
539.99	1214.45
540.19	1179.63
540.39	1187.82
540.58	1183.73
540.78	1144.81
540.98	1130.48
541.18	1206.25
541.37	1150.96
541.57	1122.29
541.77	1175.53
541.97	1153.01
542.16	1177.58
542.36	1193.97
542.56	1148.91
542.76	1204.21
542.95	1171.44
543.15	1191.92
543.35	1118.19
543.54	1126.38
543.74	1142.77
543.94	1189.87
544.14	1191.92
544.33	1159.15
544.53	1107.95
544.73	1146.86
544.93	1167.34
545.12	1142.77
545.32	1228.78
545.52	1171.44
545.71	1169.39
545.91	1157.10
546.11	1146.86
546.30	1136.62
546.50	1183.73
546.70	1159.15
546.90	1157.10
547.09	1159.15
547.29	1138.67
547.49	1185.77
547.68	1179.63
547.88	1243.12
548.08	1132.53
548.27	1191.92
548.47	1191.92
548.67	1146.86
548.87	1191.92
549.06	1130.48
549.26	1200.11
549.46	1134.57
549.65	1159.15
549.85	1175.53
550.05	1230.83
550.24	1198.06
550.44	1208.30
550.64	1126.38
550.83	1157.10
551.03	1101.81
551.23	1144.81
551.42	1212.40
551.62	1150.96
551.82	1189.87
552.01	1138.67
552.21	1163.25
552.41	1159.15
552.60	1218.54
552.80	1116.14
553.00	1042.42
553.19	1140.72
553.39	1157.10
553.59	1132.53
553.78	1146.86
553.98	1144.81
554.17	1132.53
554.37	1126.38
554.57	1130.48
554.76	1189.87
554.96	1167.34
555.16	1200.11
555.35	1181.68
555.55	1161.20
555.75	1196.01
555.94	1140.72
556.14	1128.43
556.33	1236.97
556.53	1144.81
556.73	1116.14
556.92	1183.73
557.12	1134.57
557.32	1095.66
557.51	1183.73
557.71	1099.76
557.90	1155.05
558.10	1114.10
558.30	1169.39
558.49	1159.15
558.69	1173.49
558.88	1161.20
559.08	1159.15
559.28	1134.57
559.47	1118.19
559.67	1136.62
559.86	1179.63
560.06	1189.87
560.26	1198.06
560.45	1157.10
560.65	1140.72
560.84	1146.86
561.04	1196.01
561.24	1155.05
561.43	1144.81
561.63	1085.42
561.82	1167.34
562.02	1114.10
562.22	1189.87
562.41	1148.91
562.61	1204.21
562.80	1146.86
563.00	1118.19
563.19	1167.34
563.39	1189.87
563.59	1097.71
563.78	1179.63
563.98	1204.21
564.17	1124.33
564.37	1171.44
564.56	1202.16
564.76	1226.73
564.96	1202.16
565.15	1136.62
565.35	1185.77
565.54	1155.05
565.74	1243.12
565.93	1243.12
566.13	1173.49
566.32	1165.29
566.52	1124.33
566.71	1089.52
566.91	1193.97
567.11	1204.21
567.30	1196.01
567.50	1142.77
567.69	1210.35
567.89	1261.55
568.08	1249.26
568.28	1228.78
568.47	1167.34
568.67	1185.77
568.86	1173.49
569.06	1124.33
569.25	1214.45
569.45	1118.19
569.64	1140.72
569.84	1148.91
570.04	1200.11
570.23	1153.01
570.43	1198.06
570.62	1110.00
570.82	1212.40
571.01	1163.25
571.21	1212.40
571.40	1136.62
571.60	1159.15
571.79	1134.57
571.99	1159.15
572.18	1134.57
572.38	1202.16
572.57	1173.49
572.77	1214.45
572.96	1171.44
573.16	1157.10
573.35	1126.38
573.55	1116.14
573.74	1175.53
573.94	1146.86
574.13	1140.72
574.33	1150.96
574.52	1161.20
574.71	1216.49
574.91	1142.77
575.10	1150.96
575.30	1150.96
575.49	1181.68
575.69	1112.05
575.88	1198.06
576.08	1091.57
576.27	1107.95
576.47	1161.20
576.66	1189.87
576.86	1136.62
577.05	1230.83
577.25	1124.33
577.44	1122.29
577.64	1157.10
577.83	1212.40
578.02	1187.82
578.22	1142.77
578.41	1183.73
578.61	1169.39
578.80	1163.25
579.00	1187.82
579.19	1216.49
579.39	1150.96
579.58	1175.53
579.77	1142.77
579.97	1144.81
580.16	1181.68
580.36	1198.06
580.55	1204.21
580.75	1150.96
580.94	1218.54
581.13	1193.97
581.33	1167.34
581.52	1146.86
581.72	1226.73
581.91	1232.88
582.11	1175.53
582.30	1232.88
582.49	1191.92
582.69	1140.72
582.88	1228.78
583.08	1150.96
583.27	1157.10
583.47	1177.58
583.66	1159.15
583.85	1226.73
584.05	1165.29
584.24	1134.57
584.44	1132.53
584.63	1097.71
584.82	1196.01
585.02	1148.91
585.21	1163.25
585.41	1165.29
585.60	1136.62
585.79	1165.29
585.99	1200.11
586.18	1216.49
586.37	1175.53
586.57	1165.29
586.76	1224.69
586.96	1212.40
587.15	1200.11
587.34	1187.82
587.54	1122.29
587.73	1167.34
587.93	1185.77
588.12	1206.25
588.31	1161.20
588.51	1212.40
588.70	1228.78
588.89	1282.03
589.09	1216.49
589.28	1150.96
589.47	1159.15
589.67	1105.90
589.86	1175.53
590.06	1191.92
590.25	1216.49
590.44	1140.72
590.64	1189.87
590.83	1163.25
591.02	1118.19
591.22	1212.40
591.41	1222.64
591.60	1187.82
591.80	1206.25
591.99	1140.72
592.18	1210.35
592.38	1169.39
592.57	1228.78
592.76	1187.82
592.96	1122.29
593.15	1183.73
593.34	1153.01
593.54	1171.44
593.73	1179.63
593.92	1136.62
594.12	1161.20
594.31	1148.91
594.50	1148.91
594.70	1218.54
594.89	1128.43
595.08	1214.45
595.28	1163.25
595.47	1122.29
595.66	1169.39
595.86	1136.62
596.05	1196.01
596.24	1157.10
596.43	1214.45
596.63	1107.95
596.82	1181.68
597.01	1173.49
597.21	1200.11
597.40	1216.49
597.59	1122.29
597.79	1150.96
597.98	1144.81
598.17	1189.87
598.36	1196.01
598.56	1183.73
598.75	1214.45
598.94	1136.62
599.14	1163.25
599.33	1146.86
599.52	1101.81
599.71	1185.77
599.91	1183.73
600.10	1150.96
600.29	1210.35
600.48	1189.87
600.68	1216.49
600.87	1232.88
601.06	1148.91
601.26	1191.92
601.45	1220.59
601.64	1251.31
601.83	1155.05
602.03	1183.73
602.22	1148.91
602.41	1212.40
602.60	1198.06
602.80	1105.90
602.99	1110.00
603.18	1132.53
603.37	1181.68
603.57	1175.53
603.76	1171.44
603.95	1140.72
604.14	1161.20
604.34	1126.38
604.53	1130.48
604.72	1138.67
604.91	1095.66
605.10	1159.15
605.30	1112.05
605.49	1183.73
605.68	1171.44
605.87	1116.14
606.07	1200.11
606.26	1101.81
606.45	1148.91
606.64	1134.57
606.84	1220.59
607.03	1130.48
607.22	1173.49
607.41	1153.01
607.60	1206.25
607.80	1161.20
607.99	1132.53
608.18	1171.44
608.37	1216.49
608.56	1116.14
608.76	1175.53
608.95	1202.16
609.14	1132.53
609.33	1200.11
609.52	1107.95
609.72	1165.29
609.91	1142.77
610.10	1179.63
610.29	1165.29
610.48	1167.34
610.68	1167.34
610.87	1243.12
611.06	1175.53
611.25	1196.01
611.44	1155.05
611.63	1185.77
611.83	1101.81
612.02	1193.97
612.21	1157.10
612.40	1208.30
612.59	1216.49
612.79	1212.40
612.98	1171.44
613.17	1183.73
613.36	1153.01
613.55	1177.58
613.74	1175.53
613.93	1110.00
614.13	1198.06
614.32	1171.44
614.51	1169.39
614.70	1171.44
614.89	1148.91
615.08	1169.39
615.28	1183.73
615.47	1167.34
615.66	1165.29
615.85	1193.97
616.04	1159.15
616.23	1136.62
616.42	1161.20
616.62	1175.53
616.81	1128.43
617.00	1136.62
617.19	1148.91
617.38	1126.38
617.57	1159.15
617.76	1144.81
617.95	1204.21
618.15	1239.02
618.34	1220.59
618.53	1130.48
618.72	1157.10
618.91	1202.16
619.10	1241.07
619.29	1187.82
619.48	1175.53
619.68	1157.10
619.87	1224.69
620.06	1239.02
620.25	1122.29
620.44	1159.15
620.63	1155.05
620.82	1212.40
621.01	1140.72
621.20	1181.68
621.39	1159.15
621.59	1189.87
621.78	1175.53
621.97	1171.44
622.16	1163.25
622.35	1220.59
622.54	1161.20
622.73	1220.59
622.92	1193.97
623.11	1167.34
623.30	1189.87
623.49	1155.05
623.68	1183.73
623.88	1191.92
624.07	1208.30
624.26	1122.29
624.45	1173.49
624.64	1153.01
624.83	1146.86
625.02	1101.81
625.21	1226.73
625.40	1212.40
625.59	1142.77
625.78	1187.82
625.97	1124.33
626.16	1142.77
626.35	1196.01
626.54	1222.64
626.74	1134.57
626.93	1183.73
627.12	1171.44
627.31	1189.87
627.50	1171.44
627.69	1171.44
627.88	1183.73
628.07	1236.97
628.26	1228.78
628.45	1292.27
628.64	1306.60
628.83	1284.08
629.02	1275.88
629.21	1269.74
629.40	1167.34
629.59	1189.87
629.78	1216.49
629.97	1204.21
630.16	1302.51
630.35	1206.25
630.54	1177.58
630.73	1226.73
630.92	1198.06
631.11	1318.89
631.30	1337.32
631.49	1515.50
631.68	1871.84
631.87	4323.26
632.06	16961.28
632.25	50259.20
632.44	64439.34
632.63	65535.00
632.82	44082.53
633.01	21669.56
633.20	6172.58
633.39	6315.94
633.58	2992.08
633.77	2275.29
633.96	1759.21
634.15	1507.30
634.34	1566.70
634.53	1523.69
634.72	1529.83
634.91	1333.23
635.10	1337.32
635.29	1263.60
635.48	1288.17
635.67	1236.97
635.86	1279.98
636.05	1150.96
636.24	1208.30
636.43	1214.45
636.62	1191.92
636.81	1165.29
637.00	1193.97
637.19	1183.73
637.38	1263.60
637.57	1196.01
637.76	1187.82
637.95	1144.81
638.14	1157.10
638.33	1236.97
638.52	1220.59
638.71	1146.86
638.89	1198.06
639.08	1144.81
639.27	1198.06
639.46	1220.59
639.65	1216.49
639.84	1148.91
640.03	1216.49
640.22	1153.01
640.41	1224.69
640.60	1138.67
640.79	1179.63
640.98	1198.06
641.17	1198.06
641.36	1179.63
641.55	1286.12
641.74	1165.29
641.92	1189.87
642.11	1220.59
642.30	1144.81
642.49	1153.01
642.68	1218.54
642.87	1150.96
643.06	1181.68
643.25	1165.29
643.44	1171.44
643.63	1069.04
643.82	1163.25
644.00	1165.29
644.19	1157.10
644.38	1181.68
644.57	1191.92
644.76	1157.10
644.95	1265.64
645.14	1173.49
645.33	1171.44
645.52	1191.92
645.71	1261.55
645.89	1200.11
646.08	1138.67
646.27	1198.06
646.46	1220.59
646.65	1202.16
646.84	1202.16
647.03	1191.92
647.22	1159.15
647.40	1140.72
647.59	1187.82
647.78	1150.96
647.97	1208.30
648.16	1204.21
648.35	1089.52
648.54	1177.58
648.73	1140.72
648.91	1210.35
649.10	1185.77
649.29	1200.11
649.48	1253.36
649.67	1153.01
649.86	1134.57
650.05	1196.01
650.23	1222.64
650.42	1193.97
650.61	1167.34
650.80	1191.92
650.99	1202.16
651.18	1177.58
651.36	1232.88
651.55	1157.10
651.74	1128.43
651.93	1163.25
652.12	1208.30
652.31	1175.53
652.49	1220.59
652.68	1177.58
652.87	1150.96
653.06	1167.34
653.25	1087.47
653.44	1144.81
653.62	1126.38
653.81	1138.67
654.00	1138.67
654.19	1138.67
654.38	1200.11
654.56	1167.34
654.75	1097.71
654.94	1196.01
655.13	1236.97
655.32	1173.49
655.51	1118.19
655.69	1081.33
655.88	1214.45
656.07	1118.19
656.26	1189.87
656.45	1146.86
656.63	1175.53
656.82	1226.73
657.01	1216.49
657.20	1175.53
657.38	1153.01
657.57	1171.44
657.76	1189.87
657.95	1097.71
658.14	1175.53
658.32	1148.91
658.51	1126.38
658.70	1132.53
658.89	1167.34
659.08	1155.05
659.26	1224.69
659.45	1216.49
659.64	1132.53
659.83	1124.33
660.01	1196.01
660.20	1210.35
660.39	1124.33
660.58	1134.57
660.76	1202.16
660.95	1058.80
661.14	1148.91
661.33	1153.01
661.51	1177.58
661.70	1138.67
661.89	1179.63
662.08	1136.62
662.26	1179.63
662.45	1101.81
662.64	1179.63
662.83	1179.63
663.01	1153.01
663.20	1214.45
663.39	1275.88
663.58	1212.40
663.76	1146.86
663.95	1124.33
664.14	1153.01
664.32	1120.24
664.51	1167.34
664.70	1163.25
664.89	1163.25
665.07	1159.15
665.26	1208.30
665.45	1161.20
665.64	1181.68
665.82	1183.73
666.01	1140.72
666.20	1167.34
666.38	1179.63
666.57	1157.10
666.76	1196.01
666.95	1177.58
667.13	1159.15
667.32	1173.49
667.51	1134.57
667.69	1183.73
667.88	1175.53
668.07	1179.63
668.25	1202.16
668.44	1204.21
668.63	1150.96
668.81	1167.34
669.00	1183.73
669.19	1206.25
669.38	1185.77
669.56	1179.63
669.75	1150.96
669.94	1157.10
670.12	1220.59
670.31	1198.06
670.50	1253.36
670.68	1091.57
670.87	1232.88
671.06	1142.77
671.24	1179.63
671.43	1216.49
671.62	1134.57
671.80	1185.77
671.99	1193.97
672.18	1159.15
672.36	1142.77
672.55	1183.73
672.74	1167.34
672.92	1159.15
673.11	1187.82
673.29	1159.15
673.48	1073.14
673.67	1232.88
673.85	1216.49
674.04	1177.58
674.23	1136.62
674.41	1177.58
674.60	1239.02
674.79	1239.02
674.97	1181.68
675.16	1208.30
675.34	1177.58
675.53	1208.30
675.72	1187.82
675.90	1204.21
676.09	1255.40
676.28	1200.11
676.46	1095.66
676.65	1155.05
676.83	1222.64
677.02	1165.29
677.21	1120.24
677.39	1191.92
677.58	1159.15
677.77	1161.20
677.95	1224.69
678.14	1171.44
678.32	1216.49
678.51	1183.73
678.70	1153.01
678.88	1183.73
679.07	1183.73
679.25	1116.14
679.44	1198.06
679.63	1187.82
679.81	1191.92
680.00	1167.34
680.18	1163.25
680.37	1165.29
680.55	1208.30
680.74	1087.47
680.93	1218.54
681.11	1241.07
681.30	1247.21
681.48	1189.87
681.67	1200.11
681.85	1175.53
682.04	1185.77
682.23	1212.40
682.41	1185.77
682.60	1132.53
682.78	1187.82
682.97	1191.92
683.15	1144.81
683.34	1169.39
683.53	1173.49
683.71	1193.97
683.90	1175.53
684.08	1179.63
684.27	1130.48
684.45	1212.40
684.64	1202.16
684.82	1196.01
685.01	1097.71
685.19	1138.67
685.38	1212.40
685.57	1173.49
685.75	1157.10
685.94	1226.73
686.12	1222.64
686.31	1169.39
686.49	1208.30
686.68	1247.21
686.86	1175.53
687.05	1150.96
687.23	1183.73
687.42	1157.10
687.60	1206.25
687.79	1185.77
687.97	1249.26
688.16	1175.53
688.34	1103.86
688.53	1191.92
688.71	1066.99
688.90	1126.38
689.08	1181.68
689.27	1210.35
689.45	1167.34
689.64	1200.11
689.82	1130.48
690.01	1173.49
690.19	1124.33
690.38	1146.86
690.56	1259.50
690.75	1138.67
690.93	1163.25
691.12	1142.77
691.30	1118.19
691.49	1150.96
691.67	1116.14
691.86	1196.01
692.04	1167.34
692.23	1183.73
692.41	1196.01
692.60	1175.53
692.78	1183.73
692.97	1196.01
693.15	1157.10
693.34	1157.10
693.52	1124.33
693.71	1089.52
693.89	1167.34
694.08	1150.96
694.26	1241.07
694.44	1159.15
694.63	1085.42
694.81	1126.38
695.00	1175.53
695.18	1142.77
695.37	1142.77
695.55	1263.60
695.74	1161.20
695.92	1146.86
696.10	1148.91
696.29	1200.11
696.47	1249.26
696.66	1136.62
696.84	1202.16
697.03	1230.83
697.21	1191.92
697.40	1218.54
697.58	1136.62
697.76	1161.20
697.95	1206.25
698.13	1185.77
698.32	1202.16
698.50	1193.97
698.68	1150.96
698.87	1202.16
699.05	1181.68
699.24	1196.01
699.42	1138.67
699.61	1214.45
699.79	1208.30
699.97	1169.39
700.16	1157.10
700.34	1144.81
700.53	1169.39
700.71	1191.92
700.89	1185.77
701.08	1138.67
701.26	1173.49
701.45	1220.59
701.63	1097.71
701.81	1150.96
702.00	1247.21
702.18	1120.24
702.37	1183.73
702.55	1239.02
702.73	1183.73
702.92	1159.15
703.10	1132.53
703.28	1142.77
703.47	1134.57
703.65	1171.44
703.84	1173.49
704.02	1208.30
704.20	1112.05
704.39	1163.25
704.57	1146.86
704.75	1099.76
704.94	1173.49
705.12	1218.54
705.30	1206.25
705.49	1093.62
705.67	1148.91
705.86	1196.01
706.04	1228.78
706.22	1138.67
706.41	1269.74
706.59	1155.05
706.77	1091.57
706.96	1159.15
707.14	1128.43
707.32	1187.82
707.51	1198.06
707.69	1198.06
707.87	1142.77
708.06	1169.39
708.24	1095.66
708.42	1175.53
708.61	1173.49
708.79	1187.82
708.97	1193.97
709.16	1183.73
709.34	1177.58
709.52	1144.81
709.71	1144.81
709.89	1136.62
710.07	1191.92
710.26	1208.30
710.44	1155.05
710.62	1142.77
710.80	1185.77
710.99	1165.29
711.17	1155.05
711.35	1175.53
711.54	1179.63
711.72	1153.01
711.90	1165.29
712.09	1212.40
712.27	1173.49
712.45	1232.88
712.63	1218.54
712.82	1247.21
713.00	1214.45
713.18	1177.58
713.37	1167.34
713.55	1148.91
713.73	1204.21
713.91	1177.58
714.10	1159.15
714.28	1144.81
714.46	1142.77
714.65	1171.44
714.83	1165.29
715.01	1155.05
715.19	1183.73
715.38	1136.62
715.56	1116.14
715.74	1245.16
715.92	1177.58
716.11	1144.81
716.29	1153.01
716.47	1163.25
716.65	1177.58
716.84	1187.82
717.02	1101.81
717.20	1136.62
717.38	1220.59
717.57	1142.77
717.75	1120.24
717.93	1120.24
718.11	1163.25
718.30	1191.92
718.48	1153.01
718.66	1210.35
718.84	1179.63
719.03	1120.24
719.21	1142.77
719.39	1114.10
719.57	1138.67
719.75	1107.95
719.94	1165.29
720.12	1196.01
720.30	1183.73
720.48	1163.25
720.67	1124.33
720.85	1206.25
721.03	1126.38
721.21	1224.69
721.39	1232.88
721.58	1241.07
721.76	1140.72
721.94	1218.54
722.12	1183.73
722.30	1130.48
722.49	1198.06
722.67	1142.77
722.85	1212.40
723.03	1165.29
723.21	1216.49
723.40	1187.82
723.58	1163.25
723.76	1189.87
723.94	1167.34
724.12	1208.30
724.30	1191.92
724.49	1177.58
724.67	1167.34
724.85	1216.49
725.03	1193.97
725.21	1208.30
725.40	1179.63
725.58	1161.20
725.76	1257.45
725.94	1208.30
726.12	1150.96
726.30	1181.68
726.49	1183.73
726.67	1196.01
726.85	1196.01
727.03	1126.38
727.21	1167.34
727.39	1198.06
727.57	1169.39
727.76	1179.63
727.94	1140.72
728.12	1161.20
728.30	1216.49
728.48	1173.49
728.66	1245.16
728.84	1191.92
729.03	1144.81
729.21	1191.92
729.39	1200.11
729.57	1222.64
729.75	1210.35
729.93	1173.49
730.11	1173.49
730.30	1124.33
730.48	1208.30
730.66	1204.21
730.84	1146.86
731.02	1165.29
731.20	1114.10
731.38	1183.73
731.56	1200.11
731.74	1220.59
731.93	1122.29
732.11	1165.29
732.29	1169.39
732.47	1159.15
732.65	1132.53
732.83	1187.82
733.01	1189.87
733.19	1118.19
733.37	1093.62
733.56	1161.20
733.74	1171.44
733.92	1146.86
734.10	1265.64
734.28	1193.97
734.46	1187.82
734.64	1155.05
734.82	1196.01
735.00	1171.44
735.18	1140.72
735.36	1189.87
735.54	1165.29
735.73	1124.33
735.91	1179.63
736.09	1204.21
736.27	1247.21
736.45	1167.34
736.63	1144.81
736.81	1175.53
736.99	1118.19
737.17	1155.05
737.35	1126.38
737.53	1183.73
737.71	1181.68
737.89	1107.95
738.07	1175.53
738.25	1212.40
738.43	1118.19
738.61	1120.24
738.80	1097.71
738.98	1120.24
739.16	1140.72
739.34	1230.83
739.52	1220.59
739.70	1093.62
739.88	1155.05
740.06	1161.20
740.24	1116.14
740.42	1185.77
740.60	1161.20
740.78	1157.10
740.96	1191.92
741.14	1175.53
741.32	1093.62
741.50	1204.21
741.68	1175.53
741.86	1167.34
742.04	1200.11
742.22	1214.45
742.40	1175.53
742.58	1142.77
742.76	1214.45
742.94	1099.76
743.12	1220.59
743.30	1157.10
743.48	1167.34
743.66	1179.63
743.84	1220.59
744.02	1138.67
744.20	1210.35
744.38	1259.50
744.56	1220.59
744.74	1179.63
744.92	1165.29
745.10	1183.73
745.28	1144.81
745.46	1187.82
745.64	1134.57
745.82	1052.66
746.00	1191.92
746.18	1157.10
746.36	1175.53
746.54	1261.55
746.72	1263.60
746.90	1148.91
747.08	1177.58
747.26	1200.11
747.44	1110.00
747.62	1216.49
747.80	1159.15
747.98	1179.63
748.15	1212.40
748.33	1155.05
748.51	1144.81
748.69	1142.77
748.87	1214.45
749.05	1196.01
749.23	1112.05
749.41	1142.77
749.59	1130.48
749.77	1171.44
749.95	1132.53
750.13	1120.24
750.31	1159.15
750.49	1191.92
750.67	1222.64
750.85	1232.88
751.03	1206.25
751.20	1136.62
751.38	1275.88
751.56	1177.58
751.74	1224.69
751.92	1153.01
752.10	1148.91
752.28	1140.72
752.46	1169.39
752.64	1134.57
752.82	1200.11
753.00	1171.44
753.18	1155.05
753.35	1183.73
753.53	1200.11
753.71	1251.31
753.89	1206.25
754.07	1130.48
754.25	1226.73
754.43	1179.63
754.61	1206.25
754.79	1175.53
754.97	1230.83
755.14	1196.01
755.32	1148.91
755.50	1171.44
755.68	1220.59
755.86	1157.10
756.04	1169.39
756.22	1257.45
756.40	1169.39
756.57	1214.45
756.75	1150.96
756.93	1144.81
757.11	1159.15
757.29	1208.30
757.47	1243.12
757.65	1185.77
757.82	1161.20
758.00	1204.21
758.18	1165.29
758.36	1193.97
758.54	1239.02
758.72	1216.49
758.90	1171.44
759.07	1224.69
759.25	1200.11
759.43	1173.49
759.61	1144.81
759.79	1230.83
759.97	1196.01
760.15	1228.78
760.32	1128.43
760.50	1150.96
760.68	1146.86
760.86	1132.53
761.04	1226.73
761.22	1177.58
761.39	1206.25
761.57	1081.33
761.75	1191.92
761.93	1179.63
762.11	1136.62
762.28	1165.29
762.46	1183.73
762.64	1206.25
762.82	1204.21
763.00	1159.15
763.18	1224.69
763.35	1155.05
763.53	1253.36
763.71	1116.14
763.89	1159.15
764.07	1187.82
764.24	1179.63
764.42	1175.53
764.60	1112.05
764.78	1134.57
764.96	1159.15
765.13	1159.15
765.31	1228.78
765.49	1198.06
765.67	1097.71
765.84	1171.44
766.02	1183.73
766.20	1150.96
766.38	1204.21
766.56	1138.67
766.73	1144.81
766.91	1200.11
767.09	1126.38
767.27	1198.06
767.44	1134.57
767.62	1165.29
767.80	1175.53
767.98	1179.63
768.15	1148.91
768.33	1193.97
768.51	1241.07
768.69	1148.91
768.87	1198.06
769.04	1179.63
769.22	1138.67
769.40	1169.39
769.58	1185.77
769.75	1120.24
769.93	1155.05
770.11	1196.01
770.28	1167.34
770.46	1185.77
770.64	1193.97
770.82	1075.18
770.99	1185.77
771.17	1216.49
771.35	1185.77
771.53	1171.44
771.70	1148.91
771.88	1105.90
772.06	1196.01
772.23	1191.92
772.41	1140.72
772.59	1165.29
772.77	1226.73
772.94	1181.68
773.12	1163.25
773.30	1159.15
773.47	1191.92
773.65	1165.29
773.83	1064.94
774.01	1228.78
774.18	1077.23
774.36	1247.21
774.54	1153.01
774.71	1140.72
774.89	1187.82
775.07	1120.24
775.24	1191.92
775.42	1136.62
775.60	1212.40
775.78	1163.25
775.95	1214.45
776.13	1200.11
776.31	1183.73
776.48	1085.42
776.66	1200.11
776.84	1140.72
777.01	1142.77
777.19	1116.14
777.37	1232.88
777.54	1191.92
777.72	1198.06
777.90	1105.90
778.07	1171.44
778.25	1175.53
778.43	1187.82
778.60	1165.29
778.78	1173.49
778.96	1196.01
779.13	1220.59
779.31	1165.29
779.49	1140.72
779.66	1175.53
779.84	1206.25
780.01	1216.49
780.19	1189.87
780.37	1153.01
780.54	1150.96
780.72	1140.72
780.90	1216.49
781.07	1204.21
781.25	1243.12
781.43	1165.29
781.60	1136.62
781.78	1191.92
781.95	1124.33
782.13	1153.01
782.31	1181.68
782.48	1191.92
782.66	1232.88
782.83	1179.63
783.01	1175.53
783.19	1212.40
783.36	1189.87
783.54	1198.06
783.72	1181.68
783.89	1165.29
784.07	1208.30
784.24	1177.58
784.42	1241.07
784.60	1187.82
784.77	1200.11
784.95	1175.53
785.12	1269.74
785.30	1136.62
785.47	1171.44
785.65	1142.77
785.83	1159.15
786.00	1193.97
786.18	1200.11
786.35	1220.59
786.53	1144.81
786.71	1054.70
786.88	1146.86
787.06	1132.53
787.23	1120.24
787.41	1136.62
787.58	1148.91
787.76	1191.92
787.94	1183.73
788.11	1173.49
788.29	1097.71
788.46	1155.05
788.64	1193.97
788.81	1200.11
788.99	1142.77
789.16	1204.21
789.34	1118.19
789.52	1165.29
789.69	1200.11
789.87	1153.01
790.04	1161.20
790.22	1179.63
790.39	1148.91
790.57	1206.25
790.74	1230.83
790.92	1163.25
791.09	1101.81
791.27	1099.76
791.44	1214.45
791.62	1169.39
791.79	1167.34
791.97	1163.25
792.15	1220.59
792.32	1095.66
792.50	1196.01
792.67	1153.01
792.85	1163.25
793.02	1130.48
793.20	1171.44
793.37	1177.58
793.55	1101.81
793.72	1116.14
793.90	1105.90
794.07	1298.41
794.25	1224.69
794.42	1177.58
794.60	1157.10
794.77	1175.53
794.95	1153.01
795.12	1224.69
795.30	1169.39
795.47	1212.40
795.65	1239.02
795.82	1230.83
796.00	1208.30
796.17	1148.91
796.34	1155.05
796.52	1241.07
796.69	1161.20
796.87	1122.29
797.04	1220.59
797.22	1155.05
797.39	1206.25
797.57	1202.16
797.74	1167.34
797.92	1114.10
798.09	1214.45
798.27	1173.49
798.44	1136.62
798.62	1202.16
798.79	1222.64
798.96	1181.68
799.14	1087.47
799.31	1175.53
799.49	1196.01
799.66	1193.97
799.84	1142.77
800.01	1134.57
800.19	1165.29
800.36	1161.20
800.53	1161.20
800.71	1146.86
800.88	1171.44
801.06	1161.20
801.23	1214.45
801.41	1257.45
801.58	1187.82
801.75	1132.53
801.93	1122.29
802.10	1183.73
802.28	1196.01
802.45	1187.82
802.63	1110.00
802.80	1220.59
802.97	1187.82
803.15	1122.29
803.32	1249.26
803.50	1148.91
803.67	1132.53
803.84	1193.97
804.02	1093.62
804.19	1157.10
804.37	1173.49
804.54	1171.44
804.71	1193.97
804.89	1136.62
805.06	1093.62
805.24	1189.87
805.41	1124.33
805.58	1187.82
805.76	1155.05
805.93	1183.73
806.10	1148.91
806.28	1175.53
806.45	1232.88
806.63	1171.44
806.80	1173.49
806.97	1148.91
807.15	1163.25
807.32	1185.77
807.49	1124.33
807.67	1224.69
807.84	1140.72
808.01	1169.39
808.19	1138.67
808.36	1183.73
808.54	1206.25
808.71	1200.11
808.88	1171.44
809.06	1177.58
809.23	1169.39
809.40	1253.36
809.58	1159.15
809.75	1144.81
809.92	1286.12
810.10	1167.34
810.27	1130.48
810.44	1181.68
810.62	1183.73
810.79	1216.49
810.96	1159.15
811.14	1208.30
811.31	1193.97
811.48	1159.15
811.66	1193.97
811.83	1161.20
812.00	1220.59
812.18	1107.95
812.35	1179.63
812.52	1103.86
812.69	1193.97
812.87	1153.01
813.04	1177.58
813.21	1193.97
813.39	1175.53
813.56	1202.16
813.73	1191.92
813.91	1196.01
814.08	1165.29
814.25	1234.93
814.42	1220.59
814.60	1077.23
814.77	1142.77
814.94	1167.34
815.12	1216.49
815.29	1165.29
815.46	1085.42
815.63	1236.97
815.81	1185.77
815.98	1163.25
816.15	1120.24
816.33	1153.01
816.50	1206.25
816.67	1163.25
816.84	1150.96
817.02	1175.53
817.19	1163.25
817.36	1112.05
817.53	1189.87
817.71	1132.53
817.88	1167.34
818.05	1210.35
818.22	1175.53
818.40	1124.33
818.57	1159.15
818.74	1193.97
818.91	1306.60
819.09	1112.05
819.26	1157.10
819.43	1218.54
819.60	1146.86
819.78	1208.30
819.95	1165.29
820.12	1198.06
820.29	1150.96
820.47	1161.20
820.64	1198.06
820.81	1179.63
820.98	1232.88
821.15	1214.45
821.33	1189.87
821.50	1165.29
821.67	1175.53
821.84	1120.24
822.02	1198.06
822.19	1175.53
822.36	1155.05
822.53	1193.97
822.70	1150.96
822.88	1128.43
823.05	1157.10
823.22	1198.06
823.39	1181.68
823.56	1163.25
823.74	1210.35
823.91	1124.33
824.08	1210.35
824.25	1216.49
824.42	1222.64
824.60	1155.05
824.77	1159.15
824.94	1226.73
825.11	1257.45
825.28	1163.25
825.45	1126.38
825.63	1198.06
825.80	1189.87
825.97	1157.10
826.14	1081.33
826.31	1173.49
826.48	1155.05
826.66	1138.67
826.83	1110.00
827.00	1200.11
827.17	1157.10
827.34	1165.29
827.51	1249.26
827.69	1243.12
827.86	1230.83
828.03	1202.16
828.20	1167.34
828.37	1155.05
828.54	1124.33
828.71	1161.20
828.89	1128.43
829.06	1159.15
829.23	1155.05
829.40	1171.44
829.57	1134.57
829.74	1198.06
829.91	1163.25
830.09	1228.78
830.26	1136.62
830.43	1226.73
830.60	1134.57
830.77	1185.77
830.94	1216.49
831.11	1216.49
831.28	1101.81
831.46	1167.34
831.63	1118.19
831.80	1148.91
831.97	1122.29
832.14	1275.88
832.31	1163.25
832.48	1132.53
832.65	1173.49
832.82	1155.05
832.99	1241.07
833.17	1140.72
833.34	1128.43
833.51	1138.67
833.68	1210.35
833.85	1193.97
834.02	1142.77
834.19	1091.57
834.36	1165.29
834.53	1212.40
834.70	1189.87
834.87	1159.15
835.04	1155.05
835.22	1112.05
835.39	1159.15
835.56	1150.96
835.73	1206.25
835.90	1208.30
836.07	1103.86
836.24	1148.91
836.41	1073.14
836.58	1171.44
836.75	1183.73
836.92	1118.19
837.09	1200.11
837.26	1234.93
837.43	1191.92
837.60	1159.15
837.77	1105.90
837.94	1236.97
838.12	1173.49
838.29	1167.34
838.46	1136.62
838.63	1126.38
838.80	1132.53
838.97	1183.73
839.14	1167.34
839.31	1105.90
839.48	1234.93
839.65	1167.34
839.82	1157.10
839.99	1136.62
840.16	1212.40
840.33	1155.05
840.50	1110.00
840.67	1183.73
840.84	1136.62
841.01	1079.28
841.18	1212.40
841.35	1210.35
841.52	1241.07
841.69	1171.44
841.86	1173.49
842.03	1222.64
842.20	1167.34
842.37	1218.54
842.54	1224.69
842.71	1134.57
842.88	1216.49
843.05	1185.77
843.22	1130.48
843.39	1171.44
843.56	1146.86
843.73	1124.33
843.90	1257.45
844.07	1196.01
844.24	1214.45
844.41	1181.68
844.58	1163.25
844.75	1095.66
844.92	1273.84
845.09	1183.73
845.26	1220.59
845.43	1146.86
845.60	1064.94
845.77	1146.86
845.94	1138.67
846.10	1202.16
846.27	1196.01
846.44	1130.48
846.61	1128.43
846.78	1202.16
846.95	1155.05
847.12	1126.38
847.29	1173.49
847.46	1196.01
847.63	1187.82
847.80	1144.81
847.97	1179.63
848.14	1206.25
848.31	1230.83
848.48	1212.40
848.65	1140.72
848.82	1087.47
848.98	1220.59
849.15	1167.34
849.32	1187.82
849.49	1208.30
849.66	1167.34
849.83	1163.25
850.00	1107.95
850.17	1167.34
850.34	1220.59
850.51	1236.97
850.68	1153.01
850.85	1193.97
851.01	1173.49
851.18	1191.92
851.35	1277.93
851.52	1204.21
851.69	1241.07
851.86	1183.73
852.03	1193.97
852.20	1142.77
852.37	1167.34
852.53	1165.29
852.70	1193.97
852.87	1171.44
853.04	1193.97
853.21	1140.72
853.38	1150.96
853.55	1204.21
853.72	1230.83
853.89	1155.05
854.05	1167.34
854.22	1144.81
854.39	1218.54
854.56	1165.29
854.73	1202.16
854.90	1150.96
855.07	1150.96
855.23	1157.10
855.40	1210.35
855.57	1163.25
855.74	1226.73
855.91	1175.53
856.08	1181.68
856.25	1105.90
856.41	1134.57
856.58	1218.54
856.75	1193.97
856.92	1224.69
857.09	1142.77
857.26	1148.91
857.42	1179.63
857.59	1196.01
857.76	1198.06
857.93	1136.62
858.10	1097.71
858.27	1224.69
858.43	1167.34
858.60	1169.39
858.77	1157.10
858.94	1196.01
859.11	1196.01
859.27	1073.14
859.44	1232.88
859.61	1222.64
859.78	1204.21
859.95	1247.21
860.12	1196.01
860.28	1144.81
860.45	1179.63
860.62	1142.77
860.79	1204.21
860.95	1155.05
861.12	1134.57
861.29	1171.44
861.46	1196.01
861.63	1136.62
861.79	1179.63
861.96	1177.58
862.13	1165.29
862.30	1181.68
862.47	1187.82
862.63	1146.86
862.80	1134.57
862.97	1198.06
863.14	1167.34
863.30	1112.05
863.47	1253.36
863.64	1146.86
863.81	1157.10
863.97	1163.25
864.14	1163.25
864.31	1179.63
864.48	1181.68
864.65	1167.34
864.81	1185.77
864.98	1112.05
865.15	1167.34
865.32	1232.88
865.48	1177.58
865.65	1144.81
865.82	1179.63
865.98	1173.49
866.15	1189.87
866.32	1140.72
866.49	1181.68
866.65	1144.81
866.82	1159.15
866.99	1196.01
867.16	1241.07
867.32	1161.20
867.49	1132.53
867.66	1191.92
867.83	1198.06
867.99	1198.06
868.16	1161.20
868.33	1132.53
868.49	1175.53
868.66	1165.29
868.83	1173.49
868.99	1189.87
869.16	1206.25
869.33	1193.97
869.50	1181.68
869.66	1179.63
869.83	1198.06
870.00	1204.21
870.16	1171.44
870.33	1245.16
870.50	1171.44
870.66	1173.49
870.83	1210.35
871.00	1159.15
871.17	1179.63
871.33	1112.05
871.50	1120.24
871.67	1204.21
871.83	1232.88
872.00	1138.67
872.17	1220.59
872.33	1196.01
872.50	1146.86
872.67	1206.25
872.83	1220.59
873.00	1167.34
873.17	1191.92
873.33	1189.87
873.50	1177.58
873.67	1210.35
873.83	1212.40
874.00	1216.49
874.16	1126.38
874.33	1114.10
874.50	1150.96
874.66	1173.49
874.83	1161.20
875.00	1122.29
875.16	1169.39
875.33	1251.31
875.50	1116.14
875.66	1179.63
875.83	1185.77
875.99	1167.34
876.16	1173.49
876.33	1202.16
876.49	1245.16
876.66	1126.38
876.83	1175.53
876.99	1153.01
877.16	1138.67
877.32	1095.66
877.49	1228.78
877.66	1191.92
877.82	1208.30
877.99	1179.63
878.15	1208.30
878.32	1187.82
878.49	1222.64
878.65	1185.77
878.82	1177.58
878.98	1202.16
879.15	1261.55
879.32	1087.47
879.48	1198.06
879.65	1175.53
879.81	1200.11
879.98	1114.10
880.15	1159.15
880.31	1171.44
880.48	1155.05
880.64	1155.05
880.81	1150.96
880.97	1183.73
881.14	1130.48
881.31	1249.26
881.47	1161.20
881.64	1171.44
881.80	1132.53
881.97	1224.69
882.13	1230.83
882.30	1136.62
882.47	1191.92
882.63	1200.11
882.80	1224.69
882.96	1128.43
883.13	1226.73
883.29	1196.01
883.46	1093.62
883.62	1165.29
883.79	1175.53
883.95	1161.20
884.12	1146.86
884.29	1220.59
884.45	1306.60
884.62	1155.05
884.78	1206.25
884.95	1130.48
885.11	1212.40
885.28	1148.91
885.44	1193.97
885.61	1185.77
885.77	1241.07
885.94	1155.05
886.10	1146.86
886.27	1161.20
886.43	1167.34
886.60	1273.84
886.76	1169.39
886.93	1185.77
887.09	1261.55
887.26	1183.73
887.42	1239.02
887.59	1232.88
887.75	1169.39
887.92	1150.96
888.08	1179.63
888.25	1198.06
888.41	1132.53
888.58	1181.68
888.74	1118.19
888.91	1183.73
