177.47	1142.77
177.69	1142.77
177.91	1142.77
178.13	1116.14
178.36	1134.57
178.58	1179.63
178.80	1112.05
179.02	1159.15
179.24	1253.36
179.46	1165.29
179.68	1122.29
179.90	1171.44
180.13	1159.15
180.35	1175.53
180.57	1157.10
180.79	1130.48
181.01	1241.07
181.23	1140.72
181.45	1200.11
181.67	1216.49
181.90	1124.33
182.12	1210.35
182.34	1177.58
182.56	1114.10
182.78	1181.68
183.00	1159.15
183.22	1153.01
183.44	1200.11
183.66	1191.92
183.89	1181.68
184.11	1144.81
184.33	1196.01
184.55	1185.77
184.77	1157.10
184.99	1179.63
185.21	1165.29
185.43	1148.91
185.65	1157.10
185.87	1206.25
186.10	1208.30
186.32	1146.86
186.54	1196.01
186.76	1167.34
186.98	1183.73
187.20	1130.48
187.42	1189.87
187.64	1093.62
187.86	1138.67
188.08	1193.97
188.30	1206.25
188.52	1189.87
188.75	1230.83
188.97	1161.20
189.19	1173.49
189.41	1169.39
189.63	1130.48
189.85	1150.96
190.07	1173.49
190.29	1142.77
190.51	1218.54
190.73	1187.82
190.95	1241.07
191.17	1177.58
191.39	1196.01
191.61	1146.86
191.84	1138.67
192.06	1130.48
192.28	1175.53
192.50	1146.86
192.72	1191.92
192.94	1171.44
193.16	1136.62
193.38	1167.34
193.60	1099.76
193.82	1110.00
194.04	1191.92
194.26	1241.07
194.48	1155.05
194.70	1171.44
194.92	1183.73
195.14	1208.30
195.36	1183.73
195.58	1118.19
195.80	1146.86
196.02	1206.25
196.24	1230.83
196.46	1183.73
196.69	1232.88
196.91	1189.87
197.13	1193.97
197.35	1245.16
197.57	1257.45
197.79	1165.29
198.01	1179.63
198.23	1132.53
198.45	1179.63
198.67	1167.34
198.89	1163.25
199.11	1206.25
199.33	1105.90
199.55	1134.57
199.77	1099.76
199.99	1140.72
200.21	1150.96
200.43	1185.77
200.65	1177.58
200.87	1230.83
201.09	1210.35
201.31	1236.97
201.53	1189.87
201.75	1230.83
201.97	1169.39
202.19	1148.91
202.41	1220.59
202.63	1181.68
202.85	1187.82
203.07	1187.82
203.29	1212.40
203.51	1146.86
203.73	1159.15
203.95	1134.57
204.17	1165.29
204.39	1177.58
204.61	1193.97
204.83	1173.49
205.05	1179.63
205.27	1232.88
205.49	1185.77
205.71	1165.29
205.93	1161.20
206.15	1212.40
206.37	1122.29
206.59	1206.25
206.81	1116.14
207.03	1105.90
207.25	1214.45
207.47	1181.68
207.69	1146.86
207.91	1167.34
208.13	1212.40
208.34	1216.49
208.56	1175.53
208.78	1230.83
209.00	1163.25
209.22	1181.68
209.44	1200.11
209.66	1232.88
209.88	1187.82
210.10	1220.59
210.32	1130.48
210.54	1157.10
210.76	1155.05
210.98	1232.88
211.20	1132.53
211.42	1148.91
211.64	1191.92
211.86	1245.16
212.08	1159.15
212.30	1212.40
212.52	1107.95
212.74	1189.87
212.96	1165.29
213.17	1159.15
213.39	1177.58
213.61	1247.21
213.83	1243.12
214.05	1236.97
214.27	1173.49
214.49	1175.53
214.71	1169.39
214.93	1138.67
215.15	1173.49
215.37	1189.87
215.59	1175.53
215.81	1173.49
216.03	1204.21
216.24	1138.67
216.46	1181.68
216.68	1236.97
216.90	1124.33
217.12	1230.83
217.34	1222.64
217.56	1120.24
217.78	1142.77
218.00	1187.82
218.22	1085.42
218.44	1159.15
218.66	1218.54
218.87	1159.15
219.09	1159.15
219.31	1157.10
219.53	1112.05
219.75	1103.86
219.97	1153.01
220.19	1230.83
220.41	1128.43
220.63	1097.71
220.85	1150.96
221.06	1126.38
221.28	1247.21
221.50	1189.87
221.72	1236.97
221.94	1224.69
222.16	1146.86
222.38	1150.96
222.60	1200.11
222.82	1144.81
223.03	1208.30
223.25	1175.53
223.47	1206.25
223.69	1189.87
223.91	1249.26
224.13	1177.58
224.35	1196.01
224.57	1107.95
224.78	1183.73
225.00	1191.92
225.22	1114.10
225.44	1200.11
225.66	1179.63
225.88	1120.24
226.10	1196.01
226.32	1189.87
226.53	1116.14
226.75	1198.06
226.97	1161.20
227.19	1204.21
227.41	1093.62
227.63	1191.92
227.85	1157.10
228.06	1228.78
228.28	1210.35
228.50	1175.53
228.72	1150.96
228.94	1216.49
229.16	1206.25
229.37	1150.96
229.59	1196.01
229.81	1185.77
230.03	1234.93
230.25	1167.34
230.47	1144.81
230.69	1165.29
230.90	1175.53
231.12	1183.73
231.34	1216.49
231.56	1200.11
231.78	1153.01
232.00	1198.06
232.21	1142.77
232.43	1214.45
232.65	1206.25
232.87	1200.11
233.09	1234.93
233.30	1224.69
233.52	1222.64
233.74	1251.31
233.96	1191.92
234.18	1134.57
234.40	1144.81
234.61	1112.05
234.83	1089.52
235.05	1222.64
235.27	1161.20
235.49	1144.81
235.70	1118.19
235.92	1191.92
236.14	1218.54
236.36	1161.20
236.58	1124.33
236.79	1110.00
237.01	1159.15
237.23	1216.49
237.45	1224.69
237.67	1216.49
237.88	1075.18
238.10	1241.07
238.32	1232.88
238.54	1200.11
238.76	1234.93
238.97	1118.19
239.19	1130.48
239.41	1146.86
239.63	1255.40
239.85	1216.49
240.06	1249.26
240.28	1214.45
240.50	1138.67
240.72	1198.06
240.93	1189.87
241.15	1175.53
241.37	1142.77
241.59	1167.34
241.81	1126.38
242.02	1193.97
242.24	1138.67
242.46	1179.63
242.68	1230.83
242.89	1175.53
243.11	1177.58
243.33	1167.34
243.55	1167.34
243.76	1171.44
243.98	1079.28
244.20	1271.79
244.42	1228.78
244.64	1165.29
244.85	1146.86
245.07	1206.25
245.29	1132.53
245.51	1257.45
245.72	1175.53
245.94	1218.54
246.16	1193.97
246.38	1185.77
246.59	1116.14
246.81	1189.87
247.03	1148.91
247.24	1150.96
247.46	1193.97
247.68	1159.15
247.90	1191.92
248.11	1157.10
248.33	1191.92
248.55	1234.93
248.77	1200.11
248.98	1179.63
249.20	1161.20
249.42	1150.96
249.64	1134.57
249.85	1226.73
250.07	1232.88
250.29	1193.97
250.50	1130.48
250.72	1159.15
250.94	1212.40
251.16	1208.30
251.37	1193.97
251.59	1146.86
251.81	1185.77
252.02	1140.72
252.24	1157.10
252.46	1236.97
252.68	1175.53
252.89	1214.45
253.11	1187.82
253.33	1114.10
253.54	1226.73
253.76	1173.49
253.98	1161.20
254.20	1247.21
254.41	1130.48
254.63	1173.49
254.85	1214.45
255.06	1161.20
255.28	1177.58
255.50	1200.11
255.71	1222.64
255.93	1200.11
256.15	1220.59
256.36	1216.49
256.58	1122.29
256.80	1183.73
257.02	1236.97
257.23	1181.68
257.45	1159.15
257.67	1165.29
257.88	1171.44
258.10	1255.40
258.32	1208.30
258.53	1142.77
258.75	1204.21
258.97	1175.53
259.18	1173.49
259.40	1189.87
259.62	1177.58
259.83	1157.10
260.05	1200.11
260.27	1224.69
260.48	1146.86
260.70	1191.92
260.92	1222.64
261.13	1175.53
261.35	1173.49
261.57	1132.53
261.78	1163.25
262.00	1167.34
262.22	1210.35
262.43	1134.57
262.65	1239.02
262.86	1163.25
263.08	1210.35
263.30	1200.11
263.51	1185.77
263.73	1204.21
263.95	1169.39
264.16	1163.25
264.38	1130.48
264.60	1114.10
264.81	1181.68
265.03	1087.47
265.25	1247.21
265.46	1228.78
265.68	1165.29
265.89	1234.93
266.11	1212.40
266.33	1216.49
266.54	1150.96
266.76	1191.92
266.98	1243.12
267.19	1230.83
267.41	1191.92
267.62	1185.77
267.84	1212.40
268.06	1148.91
268.27	1173.49
268.49	1146.86
268.70	1165.29
268.92	1206.25
269.14	1138.67
269.35	1148.91
269.57	1171.44
269.79	1181.68
270.00	1222.64
270.22	1175.53
270.43	1232.88
270.65	1208.30
270.87	1200.11
271.08	1175.53
271.30	1228.78
271.51	1200.11
271.73	1224.69
271.95	1189.87
272.16	1099.76
272.38	1208.30
272.59	1167.34
272.81	1169.39
273.02	1212.40
273.24	1155.05
273.46	1110.00
273.67	1120.24
273.89	1173.49
274.10	1210.35
274.32	1198.06
274.54	1200.11
274.75	1167.34
274.97	1173.49
275.18	1232.88
275.40	1155.05
275.61	1177.58
275.83	1165.29
276.05	1114.10
276.26	1130.48
276.48	1200.11
276.69	1212.40
276.91	1150.96
277.12	1257.45
277.34	1187.82
277.55	1165.29
277.77	1177.58
277.99	1181.68
278.20	1153.01
278.42	1144.81
278.63	1136.62
278.85	1239.02
279.06	1187.82
279.28	1161.20
279.49	1202.16
279.71	1101.81
279.93	1226.73
280.14	1196.01
280.36	1206.25
280.57	1181.68
280.79	1155.05
281.00	1173.49
281.22	1191.92
281.43	1173.49
281.65	1196.01
281.86	1177.58
282.08	1112.05
282.29	1210.35
282.51	1202.16
282.73	1120.24
282.94	1200.11
283.16	1179.63
283.37	1155.05
283.59	1185.77
283.80	1167.34
284.02	1173.49
284.23	1107.95
284.45	1183.73
284.66	1153.01
284.88	1226.73
285.09	1228.78
285.31	1175.53
285.52	1220.59
285.74	1159.15
285.95	1161.20
286.17	1163.25
286.38	1206.25
286.60	1208.30
286.81	1202.16
287.03	1101.81
287.24	1165.29
287.46	1245.16
287.67	1159.15
287.89	1167.34
288.10	1114.10
288.32	1183.73
288.53	1165.29
288.75	1193.97
288.96	1150.96
289.18	1177.58
289.39	1163.25
289.61	1245.16
289.82	1153.01
290.04	1222.64
290.25	1157.10
290.47	1161.20
290.68	1183.73
290.90	1161.20
291.11	1218.54
291.33	1181.68
291.54	1212.40
291.76	1114.10
291.97	1232.88
292.18	1222.64
292.40	1130.48
292.61	1216.49
292.83	1167.34
293.04	1183.73
293.26	1134.57
293.47	1171.44
293.69	1144.81
293.90	1253.36
294.12	1179.63
294.33	1169.39
294.55	1187.82
294.76	1196.01
294.97	1204.21
295.19	1173.49
295.40	1187.82
295.62	1243.12
295.83	1239.02
296.05	1181.68
296.26	1220.59
296.48	1159.15
296.69	1155.05
296.90	1077.23
297.12	1177.58
297.33	1228.78
297.55	1216.49
297.76	1214.45
297.98	1134.57
298.19	1173.49
298.41	1142.77
298.62	1128.43
298.83	1150.96
299.05	1224.69
299.26	1204.21
299.48	1167.34
299.69	1155.05
299.90	1255.40
300.12	1245.16
300.33	1245.16
300.55	1212.40
300.76	1216.49
300.98	1198.06
301.19	1187.82
301.40	1183.73
301.62	1185.77
301.83	1163.25
302.05	1155.05
302.26	1222.64
302.47	1153.01
302.69	1150.96
302.90	1126.38
303.12	1222.64
303.33	1169.39
303.54	1222.64
303.76	1204.21
303.97	1222.64
304.19	1183.73
304.40	1177.58
304.61	1236.97
304.83	1169.39
305.04	1241.07
305.26	1138.67
305.47	1196.01
305.68	1146.86
305.90	1146.86
306.11	1196.01
306.33	1183.73
306.54	1208.30
306.75	1169.39
306.97	1095.66
307.18	1099.76
307.39	1183.73
307.61	1247.21
307.82	1247.21
308.04	1161.20
308.25	1161.20
308.46	1171.44
308.68	1200.11
308.89	1179.63
309.10	1218.54
309.32	1220.59
309.53	1230.83
309.74	1167.34
309.96	1183.73
310.17	1208.30
310.39	1159.15
310.60	1191.92
310.81	1142.77
311.03	1110.00
311.24	1159.15
311.45	1239.02
311.67	1155.05
311.88	1228.78
312.09	1232.88
312.31	1216.49
312.52	1247.21
312.73	1179.63
312.95	1112.05
313.16	1191.92
313.37	1185.77
313.59	1150.96
313.80	1126.38
314.01	1230.83
314.23	1146.86
314.44	1196.01
314.65	1228.78
314.87	1251.31
315.08	1173.49
315.29	1208.30
315.51	1138.67
315.72	1142.77
315.93	1210.35
316.15	1124.33
316.36	1202.16
316.57	1153.01
316.79	1173.49
317.00	1292.27
317.21	1155.05
317.43	1239.02
317.64	1148.91
317.85	1150.96
318.07	1183.73
318.28	1257.45
318.49	1218.54
318.70	1228.78
318.92	1157.10
319.13	1150.96
319.34	1169.39
319.56	1208.30
319.77	1155.05
319.98	1202.16
320.20	1153.01
320.41	1255.40
320.62	1130.48
320.83	1169.39
321.05	1232.88
321.26	1228.78
321.47	1212.40
321.69	1220.59
321.90	1101.81
322.11	1185.77
322.32	1210.35
322.54	1148.91
322.75	1153.01
322.96	1144.81
323.18	1210.35
323.39	1138.67
323.60	1132.53
323.81	1150.96
324.03	1177.58
324.24	1224.69
324.45	1150.96
324.66	1196.01
324.88	1169.39
325.09	1187.82
325.30	1200.11
325.52	1183.73
325.73	1126.38
325.94	1175.53
326.15	1130.48
326.37	1214.45
326.58	1198.06
326.79	1212.40
327.00	1150.96
327.22	1183.73
327.43	1163.25
327.64	1191.92
327.85	1196.01
328.07	1191.92
328.28	1128.43
328.49	1167.34
328.70	1159.15
328.92	1161.20
329.13	1255.40
329.34	1226.73
329.55	1216.49
329.76	1232.88
329.98	1214.45
330.19	1257.45
330.40	1175.53
330.61	1202.16
330.83	1224.69
331.04	1196.01
331.25	1132.53
331.46	1142.77
331.68	1218.54
331.89	1214.45
332.10	1202.16
332.31	1165.29
332.52	1124.33
332.74	1173.49
332.95	1140.72
333.16	1093.62
333.37	1163.25
333.58	1177.58
333.80	1153.01
334.01	1130.48
334.22	1144.81
334.43	1193.97
334.64	1208.30
334.86	1153.01
335.07	1202.16
335.28	1234.93
335.49	1216.49
335.70	1124.33
335.92	1183.73
336.13	1232.88
336.34	1214.45
336.55	1198.06
336.76	1159.15
336.98	1183.73
337.19	1126.38
337.40	1218.54
337.61	1150.96
337.82	1210.35
338.04	1169.39
338.25	1247.21
338.46	1169.39
338.67	1251.31
338.88	1161.20
339.09	1126.38
339.31	1198.06
339.52	1105.90
339.73	1177.58
339.94	1183.73
340.15	1230.83
340.36	1222.64
340.58	1155.05
340.79	1279.98
341.00	1167.34
341.21	1167.34
341.42	1263.60
341.63	1146.86
341.85	1132.53
342.06	1206.25
342.27	1185.77
342.48	1169.39
342.69	1179.63
342.90	1189.87
343.12	1204.21
343.33	1095.66
343.54	1204.21
343.75	1167.34
343.96	1171.44
344.17	1150.96
344.38	1101.81
344.60	1153.01
344.81	1163.25
345.02	1173.49
345.23	1243.12
345.44	1193.97
345.65	1249.26
345.86	1136.62
346.07	1146.86
346.29	1198.06
346.50	1114.10
346.71	1232.88
346.92	1148.91
347.13	1196.01
347.34	1245.16
347.55	1183.73
347.76	1175.53
347.98	1226.73
348.19	1239.02
348.40	1286.12
348.61	1228.78
348.82	1263.60
349.03	1183.73
349.24	1210.35
349.45	1150.96
349.66	1181.68
349.88	1210.35
350.09	1155.05
350.30	1177.58
350.51	1241.07
350.72	1167.34
350.93	1200.11
351.14	1181.68
351.35	1173.49
351.56	1146.86
351.77	1210.35
351.99	1153.01
352.20	1177.58
352.41	1118.19
352.62	1173.49
352.83	1153.01
353.04	1163.25
353.25	1171.44
353.46	1196.01
353.67	1265.64
353.88	1169.39
354.09	1173.49
354.30	1146.86
354.52	1198.06
354.73	1173.49
354.94	1198.06
355.15	1196.01
355.36	1236.97
355.57	1234.93
355.78	1153.01
355.99	1175.53
356.20	1183.73
356.41	1245.16
356.62	1255.40
356.83	1224.69
357.04	1171.44
357.25	1140.72
357.46	1132.53
357.68	1185.77
357.89	1230.83
358.10	1191.92
358.31	1159.15
358.52	1071.09
358.73	1167.34
358.94	1224.69
359.15	1128.43
359.36	1138.67
359.57	1183.73
359.78	1232.88
359.99	1226.73
360.20	1212.40
360.41	1175.53
360.62	1189.87
360.83	1150.96
361.04	1183.73
361.25	1241.07
361.46	1200.11
361.67	1144.81
361.88	1224.69
362.09	1150.96
362.30	1200.11
362.51	1208.30
362.72	1247.21
362.93	1171.44
363.14	1122.29
363.35	1173.49
363.56	1171.44
363.78	1243.12
363.99	1161.20
364.20	1114.10
364.41	1179.63
364.62	1136.62
364.83	1202.16
365.04	1114.10
365.25	1175.53
365.46	1261.55
365.67	1161.20
365.88	1138.67
366.09	1222.64
366.30	1187.82
366.51	1193.97
366.72	1206.25
366.93	1183.73
367.14	1230.83
367.35	1230.83
367.56	1191.92
367.77	1112.05
367.98	1189.87
368.18	1226.73
368.39	1150.96
368.60	1124.33
368.81	1269.74
369.02	1198.06
369.23	1150.96
369.44	1163.25
369.65	1140.72
369.86	1157.10
370.07	1208.30
370.28	1126.38
370.49	1224.69
370.70	1191.92
370.91	1187.82
371.12	1185.77
371.33	1181.68
371.54	1124.33
371.75	1150.96
371.96	1189.87
372.17	1206.25
372.38	1118.19
372.59	1253.36
372.80	1198.06
373.01	1148.91
373.22	1218.54
373.43	1138.67
373.64	1128.43
373.85	1198.06
374.06	1181.68
374.26	1095.66
374.47	1208.30
374.68	1243.12
374.89	1198.06
375.10	1167.34
375.31	1060.85
375.52	1181.68
375.73	1208.30
375.94	1210.35
376.15	1144.81
376.36	1110.00
376.57	1173.49
376.78	1171.44
376.99	1183.73
377.20	1148.91
377.40	1175.53
377.61	1165.29
377.82	1153.01
378.03	1140.72
378.24	1189.87
378.45	1208.30
378.66	1155.05
378.87	1163.25
379.08	1175.53
379.29	1185.77
379.50	1179.63
379.71	1193.97
379.91	1204.21
380.12	1122.29
380.33	1208.30
380.54	1114.10
380.75	1191.92
380.96	1245.16
381.17	1202.16
381.38	1155.05
381.59	1208.30
381.80	1126.38
382.00	1239.02
382.21	1191.92
382.42	1189.87
382.63	1206.25
382.84	1134.57
383.05	1216.49
383.26	1144.81
383.47	1140.72
383.68	1177.58
383.88	1167.34
384.09	1075.18
384.30	1132.53
384.51	1193.97
384.72	1226.73
384.93	1189.87
385.14	1165.29
385.35	1167.34
385.55	1286.12
385.76	1204.21
385.97	1189.87
386.18	1146.86
386.39	1116.14
386.60	1173.49
386.81	1247.21
387.02	1218.54
387.22	1239.02
387.43	1187.82
387.64	1140.72
387.85	1116.14
388.06	1179.63
388.27	1216.49
388.48	1157.10
388.68	1181.68
388.89	1222.64
389.10	1099.76
389.31	1103.86
389.52	1181.68
389.73	1150.96
389.93	1101.81
390.14	1200.11
390.35	1099.76
390.56	1187.82
390.77	1189.87
390.98	1159.15
391.18	1175.53
391.39	1220.59
391.60	1146.86
391.81	1177.58
392.02	1241.07
392.23	1239.02
392.43	1126.38
392.64	1220.59
392.85	1159.15
393.06	1220.59
393.27	1202.16
393.47	1097.71
393.68	1056.75
393.89	1208.30
394.10	1175.53
394.31	1247.21
394.52	1128.43
394.72	1148.91
394.93	1218.54
395.14	1185.77
395.35	1200.11
395.56	1224.69
395.76	1210.35
395.97	1183.73
396.18	1247.21
396.39	1144.81
396.60	1187.82
396.80	1175.53
397.01	1230.83
397.22	1216.49
397.43	1171.44
397.64	1179.63
397.84	1193.97
398.05	1167.34
398.26	1239.02
398.47	1198.06
398.67	1187.82
398.88	1136.62
399.09	1218.54
399.30	1185.77
399.51	1187.82
399.71	1136.62
399.92	1118.19
400.13	1159.15
400.34	1165.29
400.54	1157.10
400.75	1220.59
400.96	1193.97
401.17	1150.96
401.37	1146.86
401.58	1175.53
401.79	1214.45
402.00	1163.25
402.21	1173.49
402.41	1148.91
402.62	1189.87
402.83	1204.21
403.04	1153.01
403.24	1171.44
403.45	1155.05
403.66	1200.11
403.87	1208.30
404.07	1216.49
404.28	1214.45
404.49	1243.12
404.70	1196.01
404.90	1200.11
405.11	1073.14
405.32	1140.72
405.52	1118.19
405.73	1179.63
405.94	1144.81
406.15	1159.15
406.35	1185.77
406.56	1212.40
406.77	1198.06
406.98	1191.92
407.18	1216.49
407.39	1179.63
407.60	1171.44
407.80	1099.76
408.01	1200.11
408.22	1177.58
408.43	1161.20
408.63	1220.59
408.84	1142.77
409.05	1171.44
409.25	1161.20
409.46	1257.45
409.67	1187.82
409.88	1228.78
410.08	1282.03
410.29	1214.45
410.50	1181.68
410.70	1126.38
410.91	1138.67
411.12	1218.54
411.32	1216.49
411.53	1181.68
411.74	1091.57
411.95	1171.44
412.15	1206.25
412.36	1150.96
412.57	1204.21
412.77	1183.73
412.98	1220.59
413.19	1165.29
413.39	1155.05
413.60	1091.57
413.81	1212.40
414.01	1196.01
414.22	1138.67
414.43	1148.91
414.63	1130.48
414.84	1196.01
415.05	1228.78
415.25	1161.20
415.46	1126.38
415.67	1206.25
415.87	1241.07
416.08	1206.25
416.29	1138.67
416.49	1224.69
416.70	1204.21
416.91	1255.40
417.11	1226.73
417.32	1191.92
417.53	1167.34
417.73	1130.48
417.94	1150.96
418.15	1208.30
418.35	1140.72
418.56	1234.93
418.77	1185.77
418.97	1245.16
419.18	1150.96
419.38	1169.39
419.59	1187.82
419.80	1259.50
420.00	1146.86
420.21	1124.33
420.42	1212.40
420.62	1169.39
420.83	1181.68
421.04	1134.57
421.24	1167.34
421.45	1150.96
421.65	1169.39
421.86	1183.73
422.07	1150.96
422.27	1144.81
422.48	1179.63
422.69	1165.29
422.89	1091.57
423.10	1161.20
423.30	1196.01
423.51	1187.82
423.72	1251.31
423.92	1275.88
424.13	1159.15
424.33	1142.77
424.54	1150.96
424.75	1220.59
424.95	1169.39
425.16	1163.25
425.36	1179.63
425.57	1198.06
425.78	1239.02
425.98	1216.49
426.19	1208.30
426.39	1247.21
426.60	1142.77
426.81	1200.11
427.01	1134.57
427.22	1110.00
427.42	1124.33
427.63	1185.77
427.83	1208.30
428.04	1181.68
428.25	1138.67
428.45	1142.77
428.66	1210.35
428.86	1183.73
429.07	1177.58
429.28	1210.35
429.48	1189.87
429.69	1230.83
429.89	1148.91
430.10	1126.38
430.30	1212.40
430.51	1200.11
430.71	1148.91
430.92	1150.96
431.13	1142.77
431.33	1165.29
431.54	1196.01
431.74	1210.35
431.95	1214.45
432.15	1247.21
432.36	1161.20
432.56	1185.77
432.77	1161.20
432.98	1222.64
433.18	1146.86
433.39	1148.91
433.59	1163.25
433.80	1236.97
434.00	1181.68
434.21	1179.63
434.41	1187.82
434.62	1120.24
434.82	1169.39
435.03	1177.58
435.23	1171.44
435.44	1232.88
435.64	1187.82
435.85	1206.25
436.06	1122.29
436.26	1212.40
436.47	1214.45
436.67	1222.64
436.88	1144.81
437.08	1204.21
437.29	1187.82
437.49	1171.44
437.70	1191.92
437.90	1202.16
438.11	1212.40
438.31	1204.21
438.52	1173.49
438.72	1169.39
438.93	1150.96
439.13	1179.63
439.34	1165.29
439.54	1216.49
439.75	1120.24
439.95	1187.82
440.16	1200.11
440.36	1181.68
440.57	1181.68
440.77	1140.72
440.98	1167.34
441.18	1214.45
441.39	1187.82
441.59	1142.77
441.80	1157.10
442.00	1167.34
442.21	1179.63
442.41	1198.06
442.62	1214.45
442.82	1169.39
443.02	1126.38
443.23	1140.72
443.43	1163.25
443.64	1257.45
443.84	1196.01
444.05	1118.19
444.25	1079.28
444.46	1210.35
444.66	1200.11
444.87	1296.36
445.07	1236.97
445.28	1236.97
445.48	1210.35
445.69	1216.49
445.89	1083.38
446.09	1193.97
446.30	1132.53
446.50	1232.88
446.71	1210.35
446.91	1183.73
447.12	1101.81
447.32	1232.88
447.53	1138.67
447.73	1118.19
447.93	1132.53
448.14	1296.36
448.34	1214.45
448.55	1185.77
448.75	1187.82
448.96	1232.88
449.16	1185.77
449.36	1159.15
449.57	1163.25
449.77	1146.86
449.98	1099.76
450.18	1142.77
450.39	1085.42
450.59	1144.81
450.79	1148.91
451.00	1161.20
451.20	1208.30
451.41	1173.49
451.61	1218.54
451.81	1210.35
452.02	1167.34
452.22	1216.49
452.43	1150.96
452.63	1216.49
452.84	1130.48
453.04	1146.86
453.24	1196.01
453.45	1191.92
453.65	1216.49
453.86	1155.05
454.06	1282.03
454.26	1134.57
454.47	1142.77
454.67	1157.10
454.87	1200.11
455.08	1157.10
455.28	1204.21
455.49	1128.43
455.69	1198.06
455.89	1216.49
456.10	1189.87
456.30	1079.28
456.51	1183.73
456.71	1163.25
456.91	1150.96
457.12	1181.68
457.32	1165.29
457.52	1193.97
457.73	1165.29
457.93	1171.44
458.14	1134.57
458.34	1249.26
458.54	1212.40
458.75	1189.87
458.95	1177.58
459.15	1163.25
459.36	1183.73
459.56	1173.49
459.76	1159.15
459.97	1183.73
460.17	1179.63
460.37	1200.11
460.58	1150.96
460.78	1185.77
460.99	1130.48
461.19	1173.49
461.39	1275.88
461.60	1232.88
461.80	1101.81
462.00	1193.97
462.21	1161.20
462.41	1183.73
462.61	1159.15
462.82	1169.39
463.02	1173.49
463.22	1134.57
463.43	1177.58
463.63	1173.49
463.83	1245.16
464.04	1159.15
464.24	1183.73
464.44	1185.77
464.64	1155.05
464.85	1245.16
465.05	1173.49
465.25	1200.11
465.46	1159.15
465.66	1193.97
465.86	1161.20
466.07	1173.49
466.27	1120.24
466.47	1189.87
466.68	1191.92
466.88	1200.11
467.08	1146.86
467.29	1138.67
467.49	1185.77
467.69	1142.77
467.89	1177.58
468.10	1159.15
468.30	1198.06
468.50	1148.91
468.71	1189.87
468.91	1185.77
469.11	1103.86
469.31	1214.45
469.52	1202.16
469.72	1112.05
469.92	1134.57
470.13	1124.33
470.33	1128.43
470.53	1177.58
470.73	1093.62
470.94	1185.77
471.14	1218.54
471.34	1193.97
471.54	1161.20
471.75	1157.10
471.95	1216.49
472.15	1163.25
472.36	1146.86
472.56	1185.77
472.76	1193.97
472.96	1212.40
473.17	1187.82
473.37	1183.73
473.57	1165.29
473.77	1208.30
473.98	1239.02
474.18	1140.72
474.38	1175.53
474.58	1210.35
474.79	1208.30
474.99	1138.67
475.19	1138.67
475.39	1236.97
475.60	1210.35
475.80	1150.96
476.00	1138.67
476.20	1155.05
476.41	1128.43
476.61	1191.92
476.81	1163.25
477.01	1183.73
477.21	1167.34
477.42	1181.68
477.62	1236.97
477.82	1177.58
478.02	1228.78
478.23	1206.25
478.43	1187.82
478.63	1161.20
478.83	1122.29
479.03	1169.39
479.24	1179.63
479.44	1142.77
479.64	1169.39
479.84	1140.72
480.04	1107.95
480.25	1173.49
480.45	1224.69
480.65	1173.49
480.85	1224.69
481.06	1132.53
481.26	1146.86
481.46	1153.01
481.66	1200.11
481.86	1181.68
482.06	1198.06
482.27	1136.62
482.47	1126.38
482.67	1155.05
482.87	1224.69
483.07	1202.16
483.28	1171.44
483.48	1271.79
483.68	1159.15
483.88	1155.05
484.08	1232.88
484.29	1175.53
484.49	1167.34
484.69	1128.43
484.89	1148.91
485.09	1196.01
485.29	1183.73
485.50	1191.92
485.70	1187.82
485.90	1206.25
486.10	1232.88
486.30	1230.83
486.50	1206.25
486.71	1167.34
486.91	1150.96
487.11	1163.25
487.31	1107.95
487.51	1200.11
487.71	1206.25
487.91	1210.35
488.12	1097.71
488.32	1218.54
488.52	1210.35
488.72	1222.64
488.92	1169.39
489.12	1140.72
489.32	1169.39
489.53	1083.38
489.73	1142.77
489.93	1181.68
490.13	1191.92
490.33	1179.63
490.53	1169.39
490.73	1204.21
490.94	1114.10
491.14	1177.58
491.34	1200.11
491.54	1230.83
491.74	1157.10
491.94	1150.96
492.14	1175.53
492.34	1214.45
492.54	1191.92
492.75	1198.06
492.95	1169.39
493.15	1138.67
493.35	1226.73
493.55	1198.06
493.75	1218.54
493.95	1167.34
494.15	1140.72
494.35	1157.10
494.56	1138.67
494.76	1097.71
494.96	1230.83
495.16	1183.73
495.36	1208.30
495.56	1163.25
495.76	1155.05
495.96	1204.21
496.16	1134.57
496.36	1118.19
496.56	1228.78
496.77	1097.71
496.97	1241.07
497.17	1193.97
497.37	1148.91
497.57	1165.29
497.77	1236.97
497.97	1159.15
498.17	1124.33
498.37	1202.16
498.57	1167.34
498.77	1216.49
498.97	1198.06
499.17	1196.01
499.38	1148.91
499.58	1206.25
499.78	1146.86
499.98	1181.68
500.18	1185.77
500.38	1224.69
500.58	1173.49
500.78	1167.34
500.98	1183.73
501.18	1204.21
501.38	1189.87
501.58	1093.62
501.78	1216.49
501.98	1257.45
502.18	1232.88
502.38	1138.67
502.58	1179.63
502.78	1193.97
502.98	1179.63
503.18	1128.43
503.38	1189.87
503.59	1165.29
503.79	1171.44
503.99	1196.01
504.19	1204.21
504.39	1175.53
504.59	1175.53
504.79	1210.35
504.99	1177.58
505.19	1191.92
505.39	1130.48
505.59	1230.83
505.79	1165.29
505.99	1163.25
506.19	1179.63
506.39	1271.79
506.59	1144.81
506.79	1165.29
506.99	1198.06
507.19	1165.29
507.39	1204.21
507.59	1183.73
507.79	1187.82
507.99	1224.69
508.19	1179.63
508.39	1183.73
508.59	1191.92
508.79	1257.45
508.99	1216.49
509.19	1202.16
509.39	1202.16
509.59	1146.86
509.79	1189.87
509.99	1290.22
510.19	1103.86
510.39	1204.21
510.59	1189.87
510.79	1216.49
510.99	1243.12
511.19	1230.83
511.39	1163.25
511.59	1191.92
511.79	1241.07
511.99	1132.53
512.19	1171.44
512.38	1200.11
512.58	1171.44
512.78	1150.96
512.98	1157.10
513.18	1212.40
513.38	1171.44
513.58	1177.58
513.78	1153.01
513.98	1144.81
514.18	1150.96
514.38	1105.90
514.58	1130.48
514.78	1239.02
514.98	1206.25
515.18	1167.34
515.38	1153.01
515.58	1216.49
515.78	1150.96
515.98	1214.45
516.18	1179.63
516.38	1196.01
516.57	1236.97
516.77	1173.49
516.97	1198.06
517.17	1234.93
517.37	1228.78
517.57	1169.39
517.77	1204.21
517.97	1191.92
518.17	1105.90
518.37	1179.63
518.57	1130.48
518.77	1155.05
518.97	1138.67
519.16	1173.49
519.36	1198.06
519.56	1255.40
519.76	1210.35
519.96	1163.25
520.16	1185.77
520.36	1116.14
520.56	1097.71
520.76	1241.07
520.96	1110.00
521.16	1253.36
521.35	1157.10
521.55	1173.49
521.75	1148.91
521.95	1167.34
522.15	1196.01
522.35	1212.40
522.55	1122.29
522.75	1173.49
522.95	1228.78
523.14	1122.29
523.34	1200.11
523.54	1202.16
523.74	1155.05
523.94	1212.40
524.14	1118.19
524.34	1140.72
524.54	1224.69
524.73	1181.68
524.93	1116.14
525.13	1198.06
525.33	1208.30
525.53	1175.53
525.73	1101.81
525.93	1101.81
526.13	1175.53
526.32	1179.63
526.52	1232.88
526.72	1181.68
526.92	1167.34
527.12	1118.19
527.32	1146.86
527.52	1210.35
527.71	1157.10
527.91	1177.58
528.11	1165.29
528.31	1257.45
528.51	1191.92
528.71	1153.01
528.90	1167.34
529.10	1230.83
529.30	1134.57
529.50	1200.11
529.70	1157.10
529.90	1193.97
530.09	1200.11
530.29	1124.33
530.49	1183.73
530.69	1171.44
530.89	1150.96
531.09	1138.67
531.28	1183.73
531.48	1183.73
531.68	1159.15
531.88	1226.73
532.08	1234.93
532.28	1142.77
532.47	1140.72
532.67	1204.21
532.87	1169.39
533.07	1167.34
533.27	1169.39
533.46	1196.01
533.66	1196.01
533.86	1208.30
534.06	1157.10
534.26	1173.49
534.45	1183.73
534.65	1165.29
534.85	1187.82
535.05	1239.02
535.25	1103.86
535.44	1187.82
535.64	1134.57
535.84	1163.25
536.04	1161.20
536.24	1146.86
536.43	1202.16
536.63	1222.64
536.83	1157.10
537.03	1175.53
537.22	1226.73
537.42	1181.68
537.62	1130.48
537.82	1150.96
538.02	1193.97
538.21	1191.92
538.41	1132.53
538.61	1247.21
538.81	1189.87
539.00	1173.49
539.20	1148.91
539.40	1226.73
539.60	1179.63
539.79	1167.34
539.99	1177.58
540.19	1155.05
540.39	1212.40
540.58	1234.93
540.78	1142.77
540.98	1200.11
541.18	1210.35
541.37	1224.69
541.57	1175.53
541.77	1216.49
541.97	1142.77
542.16	1155.05
542.36	1214.45
542.56	1245.16
542.76	1134.57
542.95	1159.15
543.15	1179.63
543.35	1144.81
543.54	1155.05
543.74	1216.49
543.94	1132.53
544.14	1206.25
544.33	1136.62
544.53	1157.10
544.73	1167.34
544.93	1171.44
545.12	1173.49
545.32	1208.30
545.52	1173.49
545.71	1161.20
545.91	1130.48
546.11	1183.73
546.30	1218.54
546.50	1173.49
546.70	1245.16
546.90	1153.01
547.09	1179.63
547.29	1132.53
547.49	1183.73
547.68	1171.44
547.88	1167.34
548.08	1245.16
548.27	1167.34
548.47	1148.91
548.67	1087.47
548.87	1171.44
549.06	1224.69
549.26	1187.82
549.46	1144.81
549.65	1210.35
549.85	1163.25
550.05	1175.53
550.24	1222.64
550.44	1159.15
550.64	1138.67
550.83	1189.87
551.03	1153.01
551.23	1161.20
551.42	1216.49
551.62	1161.20
551.82	1191.92
552.01	1173.49
552.21	1196.01
552.41	1118.19
552.60	1175.53
552.80	1202.16
553.00	1144.81
553.19	1150.96
553.39	1232.88
553.59	1200.11
553.78	1189.87
553.98	1155.05
554.17	1189.87
554.37	1261.55
554.57	1181.68
554.76	1161.20
554.96	1171.44
555.16	1191.92
555.35	1155.05
555.55	1163.25
555.75	1183.73
555.94	1206.25
556.14	1259.50
556.33	1196.01
556.53	1179.63
556.73	1196.01
556.92	1220.59
557.12	1220.59
557.32	1234.93
557.51	1216.49
557.71	1165.29
557.90	1161.20
558.10	1181.68
558.30	1234.93
558.49	1128.43
558.69	1189.87
558.88	1249.26
559.08	1183.73
559.28	1155.05
559.47	1116.14
559.67	1171.44
559.86	1150.96
560.06	1175.53
560.26	1181.68
560.45	1171.44
560.65	1204.21
560.84	1173.49
561.04	1187.82
561.24	1118.19
561.43	1163.25
561.63	1220.59
561.82	1153.01
562.02	1204.21
562.22	1134.57
562.41	1216.49
562.61	1159.15
562.80	1204.21
563.00	1150.96
563.19	1206.25
563.39	1222.64
563.59	1191.92
563.78	1243.12
563.98	1171.44
564.17	1165.29
564.37	1185.77
564.56	1204.21
564.76	1165.29
564.96	1216.49
565.15	1175.53
565.35	1185.77
565.54	1142.77
565.74	1241.07
565.93	1187.82
566.13	1165.29
566.32	1146.86
566.52	1193.97
566.71	1239.02
566.91	1116.14
567.11	1200.11
567.30	1204.21
567.50	1097.71
567.69	1126.38
567.89	1136.62
568.08	1179.63
568.28	1200.11
568.47	1161.20
568.67	1159.15
568.86	1185.77
569.06	1214.45
569.25	1273.84
569.45	1159.15
569.64	1179.63
569.84	1277.93
570.04	1171.44
570.23	1181.68
570.43	1142.77
570.62	1206.25
570.82	1187.82
571.01	1159.15
571.21	1204.21
571.40	1167.34
571.60	1171.44
571.79	1169.39
571.99	1153.01
572.18	1157.10
572.38	1179.63
572.57	1220.59
572.77	1177.58
572.96	1187.82
573.16	1118.19
573.35	1081.33
573.55	1159.15
573.74	1179.63
573.94	1200.11
574.13	1175.53
574.33	1239.02
574.52	1204.21
574.71	1187.82
574.91	1163.25
575.10	1146.86
575.30	1189.87
575.49	1218.54
575.69	1159.15
575.88	1183.73
576.08	1142.77
576.27	1150.96
576.47	1066.99
576.66	1181.68
576.86	1189.87
577.05	1251.31
577.25	1126.38
577.44	1241.07
577.64	1144.81
577.83	1216.49
578.02	1122.29
578.22	1214.45
578.41	1095.66
578.61	1169.39
578.80	1191.92
579.00	1222.64
579.19	1175.53
579.39	1150.96
579.58	1175.53
579.77	1167.34
579.97	1193.97
580.16	1107.95
580.36	1144.81
580.55	1257.45
580.75	1191.92
580.94	1224.69
581.13	1155.05
581.33	1130.48
581.52	1181.68
581.72	1228.78
581.91	1155.05
582.11	1239.02
582.30	1146.86
582.49	1202.16
582.69	1126.38
582.88	1134.57
583.08	1142.77
583.27	1146.86
583.47	1097.71
583.66	1153.01
583.85	1191.92
584.05	1179.63
584.24	1134.57
584.44	1159.15
584.63	1189.87
584.82	1146.86
585.02	1112.05
585.21	1216.49
585.41	1144.81
585.60	1157.10
585.79	1140.72
585.99	1153.01
586.18	1251.31
586.37	1261.55
586.57	1128.43
586.76	1206.25
586.96	1187.82
587.15	1200.11
587.34	1161.20
587.54	1159.15
587.73	1200.11
587.93	1216.49
588.12	1187.82
588.31	1181.68
588.51	1155.05
588.70	1216.49
588.89	1091.57
589.09	1196.01
589.28	1191.92
589.47	1159.15
589.67	1122.29
589.86	1173.49
590.06	1124.33
590.25	1128.43
590.44	1189.87
590.64	1216.49
590.83	1251.31
591.02	1206.25
591.22	1210.35
591.41	1169.39
591.60	1153.01
591.80	1206.25
591.99	1181.68
592.18	1134.57
592.38	1214.45
592.57	1122.29
592.76	1132.53
592.96	1193.97
593.15	1206.25
593.34	1193.97
593.54	1050.61
593.73	1179.63
593.92	1169.39
594.12	1206.25
594.31	1140.72
594.50	1198.06
594.70	1189.87
594.89	1171.44
595.08	1161.20
595.28	1193.97
595.47	1187.82
595.66	1128.43
595.86	1208.30
596.05	1140.72
596.24	1163.25
596.43	1173.49
596.63	1198.06
596.82	1169.39
597.01	1220.59
597.21	1173.49
597.40	1204.21
597.59	1157.10
597.79	1189.87
597.98	1196.01
598.17	1216.49
598.36	1189.87
598.56	1191.92
598.75	1173.49
598.94	1253.36
599.14	1228.78
599.33	1204.21
599.52	1101.81
599.71	1187.82
599.91	1183.73
600.10	1183.73
600.29	1187.82
600.48	1144.81
600.68	1146.86
600.87	1210.35
601.06	1155.05
601.26	1175.53
601.45	1105.90
601.64	1159.15
601.83	1159.15
602.03	1228.78
602.22	1157.10
602.41	1208.30
602.60	1206.25
602.80	1179.63
602.99	1181.68
603.18	1193.97
603.37	1118.19
603.57	1187.82
603.76	1181.68
603.95	1175.53
604.14	1224.69
604.34	1171.44
604.53	1126.38
604.72	1163.25
604.91	1173.49
605.10	1163.25
605.30	1224.69
605.49	1187.82
605.68	1200.11
605.87	1118.19
606.07	1183.73
606.26	1159.15
606.45	1249.26
606.64	1150.96
606.84	1214.45
607.03	1124.33
607.22	1183.73
607.41	1175.53
607.60	1220.59
607.80	1212.40
607.99	1167.34
608.18	1159.15
608.37	1146.86
608.56	1136.62
608.76	1157.10
608.95	1204.21
609.14	1085.42
609.33	1171.44
609.52	1159.15
609.72	1157.10
609.91	1284.08
610.10	1116.14
610.29	1179.63
610.48	1157.10
610.68	1224.69
610.87	1171.44
611.06	1140.72
611.25	1150.96
611.44	1150.96
611.63	1177.58
611.83	1214.45
612.02	1191.92
612.21	1187.82
612.40	1202.16
612.59	1089.52
612.79	1185.77
612.98	1163.25
613.17	1179.63
613.36	1175.53
613.55	1222.64
613.74	1173.49
613.93	1163.25
614.13	1193.97
614.32	1153.01
614.51	1208.30
614.70	1198.06
614.89	1236.97
615.08	1224.69
615.28	1243.12
615.47	1187.82
615.66	1138.67
615.85	1173.49
616.04	1193.97
616.23	1146.86
616.42	1191.92
616.62	1202.16
616.81	1171.44
617.00	1183.73
617.19	1175.53
617.38	1179.63
617.57	1163.25
617.76	1138.67
617.95	1189.87
618.15	1165.29
618.34	1167.34
618.53	1169.39
618.72	1202.16
618.91	1239.02
619.10	1140.72
619.29	1077.23
619.48	1116.14
619.68	1304.56
619.87	1126.38
620.06	1110.00
620.25	1189.87
620.44	1132.53
620.63	1183.73
620.82	1159.15
621.01	1216.49
621.20	1173.49
621.39	1230.83
621.59	1144.81
621.78	1200.11
621.97	1208.30
622.16	1134.57
622.35	1110.00
622.54	1206.25
622.73	1179.63
622.92	1167.34
623.11	1179.63
623.30	1169.39
623.49	1200.11
623.68	1241.07
623.88	1216.49
624.07	1120.24
624.26	1228.78
624.45	1212.40
624.64	1216.49
624.83	1200.11
625.02	1140.72
625.21	1193.97
625.40	1196.01
625.59	1181.68
625.78	1155.05
625.97	1175.53
626.16	1167.34
626.35	1255.40
626.54	1191.92
626.74	1191.92
626.93	1130.48
627.12	1220.59
627.31	1239.02
627.50	1157.10
627.69	1218.54
627.88	1157.10
628.07	1193.97
628.26	1271.79
628.45	1255.40
628.64	1226.73
628.83	1247.21
629.02	1161.20
629.21	1234.93
629.40	1204.21
629.59	1150.96
629.78	1212.40
629.97	1200.11
630.16	1126.38
630.35	1153.01
630.54	1255.40
630.73	1228.78
630.92	1255.40
631.11	1173.49
631.30	1286.12
631.49	1531.88
631.68	1800.16
631.87	3618.76
632.06	13600.56
632.25	39744.93
632.44	52929.75
632.63	54295.75
632.82	33822.20
633.01	16975.61
633.20	5083.06
633.39	5111.73
633.58	2559.96
633.77	2095.07
633.96	1697.77
634.15	1511.40
634.34	1492.97
634.53	1554.41
634.72	1427.43
634.91	1353.71
635.10	1296.36
635.29	1140.72
635.48	1286.12
635.67	1236.97
635.86	1277.93
636.05	1181.68
636.24	1232.88
636.43	1171.44
636.62	1216.49
636.81	1187.82
637.00	1216.49
637.19	1179.63
637.38	1251.31
637.57	1253.36
637.76	1200.11
637.95	1122.29
638.14	1189.87
638.33	1212.40
638.52	1243.12
638.71	1212.40
638.89	1165.29
639.08	1196.01
639.27	1189.87
639.46	1167.34
639.65	1212.40
639.84	1165.29
640.03	1148.91
640.22	1189.87
640.41	1216.49
640.60	1132.53
640.79	1202.16
640.98	1200.11
641.17	1150.96
641.36	1224.69
641.55	1200.11
641.74	1148.91
641.92	1118.19
642.11	1157.10
642.30	1267.69
642.49	1167.34
642.68	1169.39
642.87	1193.97
643.06	1202.16
643.25	1202.16
643.44	1222.64
643.63	1165.29
643.82	1153.01
644.00	1146.86
644.19	1218.54
644.38	1236.97
644.57	1118.19
644.76	1249.26
644.95	1140.72
645.14	1157.10
645.33	1144.81
645.52	1222.64
645.71	1196.01
645.89	1185.77
646.08	1130.48
646.27	1167.34
646.46	1181.68
646.65	1230.83
646.84	1230.83
647.03	1200.11
647.22	1153.01
647.40	1193.97
647.59	1187.82
647.78	1148.91
647.97	1216.49
648.16	1269.74
648.35	1204.21
648.54	1202.16
648.73	1232.88
648.91	1146.86
649.10	1273.84
649.29	1163.25
649.48	1107.95
649.67	1126.38
649.86	1134.57
650.05	1181.68
650.23	1132.53
650.42	1206.25
650.61	1165.29
650.80	1230.83
650.99	1196.01
651.18	1136.62
651.36	1216.49
651.55	1161.20
651.74	1191.92
651.93	1224.69
652.12	1216.49
652.31	1140.72
652.49	1279.98
652.68	1200.11
652.87	1206.25
653.06	1212.40
653.25	1157.10
653.44	1185.77
653.62	1245.16
653.81	1069.04
654.00	1224.69
654.19	1142.77
654.38	1214.45
654.56	1159.15
654.75	1155.05
654.94	1210.35
655.13	1234.93
655.32	1230.83
655.51	1177.58
655.69	1140.72
655.88	1181.68
656.07	1200.11
656.26	1228.78
656.45	1165.29
656.63	1157.10
656.82	1187.82
657.01	1148.91
657.20	1134.57
657.38	1181.68
657.57	1224.69
657.76	1189.87
657.95	1175.53
658.14	1220.59
658.32	1179.63
658.51	1290.22
658.70	1191.92
658.89	1185.77
659.08	1216.49
659.26	1206.25
659.45	1222.64
659.64	1228.78
659.83	1114.10
660.01	1239.02
660.20	1146.86
660.39	1183.73
660.58	1214.45
660.76	1144.81
660.95	1144.81
661.14	1257.45
661.33	1142.77
661.51	1222.64
661.70	1134.57
661.89	1159.15
662.08	1093.62
662.26	1175.53
662.45	1128.43
662.64	1220.59
662.83	1116.14
663.01	1206.25
663.20	1187.82
663.39	1216.49
663.58	1122.29
663.76	1208.30
663.95	1185.77
664.14	1193.97
664.32	1093.62
664.51	1155.05
664.70	1148.91
664.89	1198.06
665.07	1220.59
665.26	1136.62
665.45	1210.35
665.64	1165.29
665.82	1091.57
666.01	1179.63
666.20	1140.72
666.38	1193.97
666.57	1173.49
666.76	1269.74
666.95	1196.01
667.13	1116.14
667.32	1236.97
667.51	1167.34
667.69	1173.49
667.88	1134.57
668.07	1136.62
668.25	1241.07
668.44	1206.25
668.63	1144.81
668.81	1134.57
669.00	1216.49
669.19	1128.43
669.38	1142.77
669.56	1228.78
669.75	1267.69
669.94	1146.86
670.12	1171.44
670.31	1202.16
670.50	1191.92
670.68	1228.78
670.87	1228.78
671.06	1220.59
671.24	1173.49
671.43	1179.63
671.62	1148.91
671.80	1177.58
671.99	1171.44
672.18	1181.68
672.36	1107.95
672.55	1206.25
672.74	1132.53
672.92	1150.96
673.11	1153.01
673.29	1185.77
673.48	1189.87
673.67	1157.10
673.85	1224.69
674.04	1189.87
674.23	1155.05
674.41	1187.82
674.60	1212.40
674.79	1105.90
674.97	1200.11
675.16	1191.92
675.34	1193.97
675.53	1163.25
675.72	1155.05
675.90	1142.77
676.09	1175.53
676.28	1171.44
676.46	1150.96
676.65	1189.87
676.83	1230.83
677.02	1218.54
677.21	1200.11
677.39	1142.77
677.58	1140.72
677.77	1204.21
677.95	1183.73
678.14	1196.01
678.32	1208.30
678.51	1093.62
678.70	1163.25
678.88	1243.12
679.07	1142.77
679.25	1118.19
679.44	1191.92
679.63	1232.88
679.81	1146.86
680.00	1159.15
680.18	1175.53
680.37	1243.12
680.55	1150.96
680.74	1173.49
680.93	1198.06
681.11	1241.07
681.30	1130.48
681.48	1204.21
681.67	1169.39
681.85	1150.96
682.04	1177.58
682.23	1218.54
682.41	1118.19
682.60	1208.30
682.78	1185.77
682.97	1126.38
683.15	1320.94
683.34	1136.62
683.53	1206.25
683.71	1161.20
683.90	1236.97
684.08	1191.92
684.27	1204.21
684.45	1171.44
684.64	1165.29
684.82	1136.62
685.01	1157.10
685.19	1220.59
685.38	1128.43
685.57	1200.11
685.75	1177.58
685.94	1116.14
686.12	1155.05
686.31	1142.77
686.49	1216.49
686.68	1093.62
686.86	1189.87
687.05	1220.59
687.23	1161.20
687.42	1134.57
687.60	1161.20
687.79	1189.87
687.97	1228.78
688.16	1124.33
688.34	1200.11
688.53	1161.20
688.71	1230.83
688.90	1122.29
689.08	1200.11
689.27	1159.15
689.45	1173.49
689.64	1189.87
689.82	1103.86
690.01	1216.49
690.19	1155.05
690.38	1116.14
690.56	1155.05
690.75	1144.81
690.93	1150.96
691.12	1144.81
691.30	1220.59
691.49	1183.73
691.67	1185.77
691.86	1189.87
692.04	1165.29
692.23	1220.59
692.41	1179.63
692.60	1185.77
692.78	1110.00
692.97	1271.79
693.15	1304.56
693.34	1204.21
693.52	1179.63
693.71	1210.35
693.89	1118.19
694.08	1134.57
694.26	1177.58
694.44	1196.01
694.63	1157.10
694.81	1200.11
695.00	1163.25
695.18	1212.40
695.37	1196.01
695.55	1204.21
695.74	1142.77
695.92	1216.49
696.10	1175.53
696.29	1198.06
696.47	1271.79
696.66	1114.10
696.84	1245.16
697.03	1140.72
697.21	1183.73
697.40	1196.01
697.58	1243.12
697.76	1220.59
697.95	1210.35
698.13	1204.21
698.32	1134.57
698.50	1241.07
698.68	1216.49
698.87	1130.48
699.05	1220.59
699.24	1105.90
699.42	1187.82
699.61	1146.86
699.79	1251.31
699.97	1140.72
700.16	1193.97
700.34	1173.49
700.53	1101.81
700.71	1193.97
700.89	1191.92
701.08	1183.73
701.26	1169.39
701.45	1163.25
701.63	1163.25
701.81	1187.82
702.00	1212.40
702.18	1239.02
702.37	1169.39
702.55	1196.01
702.73	1177.58
702.92	1153.01
703.10	1167.34
703.28	1222.64
703.47	1206.25
703.65	1181.68
703.84	1144.81
704.02	1214.45
704.20	1173.49
704.39	1110.00
704.57	1292.27
704.75	1150.96
704.94	1189.87
705.12	1124.33
705.30	1095.66
705.49	1126.38
705.67	1200.11
705.86	1212.40
706.04	1204.21
706.22	1210.35
706.41	1210.35
706.59	1267.69
706.77	1175.53
706.96	1130.48
707.14	1202.16
707.32	1165.29
707.51	1173.49
707.69	1155.05
707.87	1171.44
708.06	1112.05
708.24	1257.45
708.42	1189.87
708.61	1161.20
708.79	1175.53
708.97	1157.10
709.16	1191.92
709.34	1214.45
709.52	1187.82
709.71	1181.68
709.89	1191.92
710.07	1198.06
710.26	1187.82
710.44	1126.38
710.62	1191.92
710.80	1155.05
710.99	1224.69
711.17	1097.71
711.35	1077.23
711.54	1187.82
711.72	1177.58
711.90	1153.01
712.09	1128.43
712.27	1140.72
712.45	1226.73
712.63	1150.96
712.82	1193.97
713.00	1173.49
713.18	1173.49
713.37	1187.82
713.55	1134.57
713.73	1173.49
713.91	1107.95
714.10	1214.45
714.28	1161.20
714.46	1222.64
714.65	1228.78
714.83	1239.02
715.01	1140.72
715.19	1114.10
715.38	1132.53
715.56	1171.44
715.74	1122.29
715.92	1202.16
716.11	1169.39
716.29	1114.10
716.47	1265.64
716.65	1193.97
716.84	1177.58
717.02	1173.49
717.20	1132.53
717.38	1179.63
717.57	1153.01
717.75	1206.25
717.93	1183.73
718.11	1232.88
718.30	1122.29
718.48	1093.62
718.66	1124.33
718.84	1150.96
719.03	1196.01
719.21	1189.87
719.39	1146.86
719.57	1216.49
719.75	1136.62
719.94	1179.63
720.12	1136.62
720.30	1122.29
720.48	1224.69
720.67	1212.40
720.85	1222.64
721.03	1181.68
721.21	1087.47
721.39	1175.53
721.58	1150.96
721.76	1148.91
721.94	1116.14
722.12	1118.19
722.30	1179.63
722.49	1167.34
722.67	1230.83
722.85	1155.05
723.03	1138.67
723.21	1148.91
723.40	1118.19
723.58	1153.01
723.76	1249.26
723.94	1216.49
724.12	1165.29
724.30	1247.21
724.49	1138.67
724.67	1198.06
724.85	1153.01
725.03	1320.94
725.21	1191.92
725.40	1204.21
725.58	1214.45
725.76	1185.77
725.94	1148.91
726.12	1140.72
726.30	1200.11
726.49	1220.59
726.67	1171.44
726.85	1159.15
727.03	1196.01
727.21	1155.05
727.39	1142.77
727.57	1243.12
727.76	1193.97
727.94	1191.92
728.12	1216.49
728.30	1214.45
728.48	1204.21
728.66	1140.72
728.84	1228.78
729.03	1216.49
729.21	1177.58
729.39	1198.06
729.57	1196.01
729.75	1193.97
729.93	1128.43
730.11	1206.25
730.30	1212.40
730.48	1277.93
730.66	1204.21
730.84	1140.72
731.02	1114.10
731.20	1232.88
731.38	1193.97
731.56	1167.34
731.74	1132.53
731.93	1183.73
732.11	1163.25
732.29	1159.15
732.47	1167.34
732.65	1191.92
732.83	1126.38
733.01	1261.55
733.19	1183.73
733.37	1136.62
733.56	1261.55
733.74	1173.49
733.92	1089.52
734.10	1214.45
734.28	1095.66
734.46	1241.07
734.64	1210.35
734.82	1273.84
735.00	1153.01
735.18	1206.25
735.36	1122.29
735.54	1259.50
735.73	1204.21
735.91	1245.16
736.09	1173.49
736.27	1140.72
736.45	1155.05
736.63	1216.49
736.81	1134.57
736.99	1193.97
737.17	1146.86
737.35	1183.73
737.53	1232.88
737.71	1173.49
737.89	1153.01
738.07	1181.68
738.25	1155.05
738.43	1157.10
738.61	1228.78
738.80	1218.54
738.98	1161.20
739.16	1204.21
739.34	1247.21
739.52	1222.64
739.70	1142.77
739.88	1163.25
740.06	1175.53
740.24	1144.81
740.42	1165.29
740.60	1171.44
740.78	1159.15
740.96	1179.63
741.14	1110.00
741.32	1187.82
741.50	1142.77
741.68	1138.67
741.86	1146.86
742.04	1189.87
742.22	1181.68
742.40	1193.97
742.58	1200.11
742.76	1200.11
742.94	1247.21
743.12	1161.20
743.30	1163.25
743.48	1155.05
743.66	1136.62
743.84	1193.97
744.02	1253.36
744.20	1220.59
744.38	1179.63
744.56	1230.83
744.74	1140.72
744.92	1142.77
745.10	1216.49
745.28	1161.20
745.46	1148.91
745.64	1193.97
745.82	1257.45
746.00	1226.73
746.18	1216.49
746.36	1167.34
746.54	1202.16
746.72	1220.59
746.90	1155.05
747.08	1130.48
747.26	1189.87
747.44	1175.53
747.62	1181.68
747.80	1204.21
747.98	1210.35
748.15	1105.90
748.33	1161.20
748.51	1124.33
748.69	1089.52
748.87	1183.73
749.05	1128.43
749.23	1181.68
749.41	1159.15
749.59	1181.68
749.77	1165.29
749.95	1206.25
750.13	1181.68
750.31	1216.49
750.49	1189.87
750.67	1216.49
750.85	1173.49
751.03	1224.69
751.20	1167.34
751.38	1150.96
751.56	1134.57
751.74	1196.01
751.92	1234.93
752.10	1216.49
752.28	1163.25
752.46	1239.02
752.64	1161.20
752.82	1136.62
753.00	1206.25
753.18	1263.60
753.35	1177.58
753.53	1132.53
753.71	1187.82
753.89	1167.34
754.07	1138.67
754.25	1167.34
754.43	1165.29
754.61	1198.06
754.79	1234.93
754.97	1187.82
755.14	1171.44
755.32	1214.45
755.50	1183.73
755.68	1191.92
755.86	1187.82
756.04	1116.14
756.22	1191.92
756.40	1157.10
756.57	1232.88
756.75	1118.19
756.93	1112.05
757.11	1218.54
757.29	1157.10
757.47	1085.42
757.65	1144.81
757.82	1157.10
758.00	1157.10
758.18	1210.35
758.36	1241.07
758.54	1171.44
758.72	1232.88
758.90	1114.10
759.07	1196.01
759.25	1175.53
759.43	1171.44
759.61	1177.58
759.79	1234.93
759.97	1163.25
760.15	1222.64
760.32	1175.53
760.50	1224.69
760.68	1241.07
760.86	1200.11
761.04	1140.72
761.22	1187.82
761.39	1140.72
761.57	1153.01
761.75	1187.82
761.93	1116.14
762.11	1208.30
762.28	1142.77
762.46	1202.16
762.64	1161.20
762.82	1169.39
763.00	1200.11
763.18	1179.63
763.35	1181.68
763.53	1267.69
763.71	1159.15
763.89	1171.44
764.07	1146.86
764.24	1181.68
764.42	1177.58
764.60	1185.77
764.78	1136.62
764.96	1126.38
765.13	1232.88
765.31	1159.15
765.49	1148.91
765.67	1142.77
765.84	1200.11
766.02	1132.53
766.20	1232.88
766.38	1185.77
766.56	1153.01
766.73	1263.60
766.91	1126.38
767.09	1177.58
767.27	1105.90
767.44	1146.86
767.62	1155.05
767.80	1189.87
767.98	1148.91
768.15	1202.16
768.33	1200.11
768.51	1169.39
768.69	1214.45
768.87	1183.73
769.04	1210.35
769.22	1173.49
769.40	1208.30
769.58	1116.14
769.75	1157.10
769.93	1181.68
770.11	1097.71
770.28	1155.05
770.46	1239.02
770.64	1083.38
770.82	1187.82
770.99	1208.30
771.17	1167.34
771.35	1165.29
771.53	1148.91
771.70	1157.10
771.88	1155.05
772.06	1155.05
772.23	1220.59
772.41	1159.15
772.59	1239.02
772.77	1107.95
772.94	1236.97
773.12	1191.92
773.30	1189.87
773.47	1116.14
773.65	1202.16
773.83	1183.73
774.01	1200.11
774.18	1210.35
774.36	1200.11
774.54	1116.14
774.71	1204.21
774.89	1107.95
775.07	1148.91
775.24	1183.73
775.42	1118.19
775.60	1148.91
775.78	1208.30
775.95	1130.48
776.13	1222.64
776.31	1150.96
776.48	1218.54
776.66	1179.63
776.84	1179.63
777.01	1204.21
777.19	1253.36
777.37	1179.63
777.54	1128.43
777.72	1161.20
777.90	1120.24
778.07	1216.49
778.25	1204.21
778.43	1208.30
778.60	1171.44
778.78	1200.11
778.96	1095.66
779.13	1200.11
779.31	1146.86
779.49	1196.01
779.66	1179.63
779.84	1187.82
780.01	1187.82
780.19	1212.40
780.37	1228.78
780.54	1142.77
780.72	1198.06
780.90	1153.01
781.07	1173.49
781.25	1212.40
781.43	1101.81
781.60	1181.68
781.78	1267.69
781.95	1181.68
782.13	1163.25
782.31	1198.06
782.48	1165.29
782.66	1173.49
782.83	1171.44
783.01	1118.19
783.19	1155.05
783.36	1177.58
783.54	1159.15
783.72	1204.21
783.89	1167.34
784.07	1185.77
784.24	1265.64
784.42	1138.67
784.60	1177.58
784.77	1163.25
784.95	1142.77
785.12	1191.92
785.30	1196.01
785.47	1110.00
785.65	1208.30
785.83	1216.49
786.00	1191.92
786.18	1112.05
786.35	1175.53
786.53	1212.40
786.71	1179.63
786.88	1132.53
787.06	1175.53
787.23	1245.16
787.41	1126.38
787.58	1138.67
787.76	1191.92
787.94	1187.82
788.11	1173.49
788.29	1224.69
788.46	1204.21
788.64	1263.60
788.81	1150.96
788.99	1161.20
789.16	1183.73
789.34	1220.59
789.52	1136.62
789.69	1173.49
789.87	1161.20
790.04	1202.16
790.22	1200.11
790.39	1165.29
790.57	1181.68
790.74	1175.53
790.92	1148.91
791.09	1232.88
791.27	1179.63
791.44	1134.57
791.62	1161.20
791.79	1167.34
791.97	1179.63
792.15	1212.40
792.32	1210.35
792.50	1226.73
792.67	1167.34
792.85	1232.88
793.02	1179.63
793.20	1222.64
793.37	1146.86
793.55	1161.20
793.72	1187.82
793.90	1198.06
794.07	1155.05
794.25	1167.34
794.42	1132.53
794.60	1175.53
794.77	1120.24
794.95	1220.59
795.12	1187.82
795.30	1220.59
795.47	1167.34
795.65	1241.07
795.82	1148.91
796.00	1167.34
796.17	1196.01
796.34	1161.20
796.52	1202.16
796.69	1204.21
796.87	1093.62
797.04	1189.87
797.22	1241.07
797.39	1169.39
797.57	1169.39
797.74	1191.92
797.92	1226.73
798.09	1183.73
798.27	1165.29
798.44	1179.63
798.62	1144.81
798.79	1200.11
798.96	1171.44
799.14	1245.16
799.31	1179.63
799.49	1167.34
799.66	1177.58
799.84	1196.01
800.01	1234.93
800.19	1230.83
800.36	1146.86
800.53	1155.05
800.71	1183.73
800.88	1120.24
801.06	1146.86
801.23	1181.68
801.41	1159.15
801.58	1181.68
801.75	1173.49
801.93	1193.97
802.10	1124.33
802.28	1169.39
802.45	1157.10
802.63	1249.26
802.80	1105.90
802.97	1196.01
803.15	1189.87
803.32	1206.25
803.50	1157.10
803.67	1132.53
803.84	1132.53
804.02	1140.72
804.19	1122.29
804.37	1142.77
804.54	1251.31
804.71	1163.25
804.89	1126.38
805.06	1212.40
805.24	1216.49
805.41	1169.39
805.58	1177.58
805.76	1218.54
805.93	1146.86
806.10	1189.87
806.28	1200.11
806.45	1265.64
806.63	1189.87
806.80	1167.34
806.97	1216.49
807.15	1216.49
807.32	1171.44
807.49	1189.87
807.67	1099.76
807.84	1148.91
808.01	1224.69
808.19	1193.97
808.36	1140.72
808.54	1183.73
808.71	1230.83
808.88	1126.38
809.06	1128.43
809.23	1153.01
809.40	1134.57
809.58	1134.57
809.75	1196.01
809.92	1175.53
810.10	1155.05
810.27	1107.95
810.44	1173.49
810.62	1173.49
810.79	1220.59
810.96	1085.42
811.14	1239.02
811.31	1228.78
811.48	1173.49
811.66	1216.49
811.83	1165.29
812.00	1218.54
812.18	1167.34
812.35	1200.11
812.52	1210.35
812.69	1220.59
812.87	1224.69
813.04	1228.78
813.21	1247.21
813.39	1148.91
813.56	1173.49
813.73	1185.77
813.91	1169.39
814.08	1167.34
814.25	1159.15
814.42	1173.49
814.60	1220.59
814.77	1251.31
814.94	1107.95
815.12	1146.86
815.29	1226.73
815.46	1224.69
815.63	1224.69
815.81	1161.20
815.98	1181.68
816.15	1226.73
816.33	1187.82
816.50	1165.29
816.67	1173.49
816.84	1161.20
817.02	1196.01
817.19	1193.97
817.36	1179.63
817.53	1216.49
817.71	1175.53
817.88	1200.11
818.05	1206.25
818.22	1204.21
818.40	1161.20
818.57	1116.14
818.74	1181.68
818.91	1138.67
819.09	1175.53
819.26	1239.02
819.43	1208.30
819.60	1146.86
819.78	1208.30
819.95	1181.68
820.12	1243.12
820.29	1218.54
820.47	1165.29
820.64	1128.43
820.81	1144.81
820.98	1181.68
821.15	1167.34
821.33	1165.29
821.50	1155.05
821.67	1236.97
821.84	1191.92
822.02	1175.53
822.19	1228.78
822.36	1173.49
822.53	1185.77
822.70	1155.05
822.88	1226.73
823.05	1193.97
823.22	1173.49
823.39	1200.11
823.56	1155.05
823.74	1175.53
823.91	1132.53
824.08	1177.58
824.25	1253.36
824.42	1179.63
824.60	1171.44
824.77	1189.87
824.94	1204.21
825.11	1196.01
825.28	1230.83
825.45	1175.53
825.63	1183.73
825.80	1228.78
825.97	1163.25
826.14	1226.73
826.31	1204.21
826.48	1146.86
826.66	1173.49
826.83	1128.43
827.00	1165.29
827.17	1187.82
827.34	1161.20
827.51	1222.64
827.69	1173.49
827.86	1126.38
828.03	1171.44
828.20	1232.88
828.37	1212.40
828.54	1175.53
828.71	1155.05
828.89	1228.78
829.06	1204.21
829.23	1241.07
829.40	1140.72
829.57	1193.97
829.74	1198.06
829.91	1187.82
830.09	1222.64
830.26	1159.15
830.43	1167.34
830.60	1259.50
830.77	1171.44
830.94	1173.49
831.11	1136.62
831.28	1134.57
831.46	1198.06
831.63	1196.01
831.80	1224.69
831.97	1159.15
832.14	1179.63
832.31	1185.77
832.48	1220.59
832.65	1146.86
832.82	1163.25
832.99	1206.25
833.17	1126.38
833.34	1167.34
833.51	1193.97
833.68	1116.14
833.85	1210.35
834.02	1187.82
834.19	1169.39
834.36	1159.15
834.53	1222.64
834.70	1157.10
834.87	1173.49
835.04	1263.60
835.22	1179.63
835.39	1107.95
835.56	1161.20
835.73	1150.96
835.90	1159.15
836.07	1157.10
836.24	1232.88
836.41	1226.73
836.58	1206.25
836.75	1120.24
836.92	1200.11
837.09	1175.53
837.26	1153.01
837.43	1208.30
837.60	1146.86
837.77	1212.40
837.94	1206.25
838.12	1214.45
838.29	1220.59
838.46	1212.40
838.63	1198.06
838.80	1122.29
838.97	1130.48
839.14	1198.06
839.31	1185.77
839.48	1157.10
839.65	1214.45
839.82	1181.68
839.99	1204.21
840.16	1161.20
840.33	1144.81
840.50	1148.91
840.67	1179.63
840.84	1167.34
841.01	1212.40
841.18	1189.87
841.35	1193.97
841.52	1150.96
841.69	1193.97
841.86	1212.40
842.03	1054.70
842.20	1163.25
842.37	1177.58
842.54	1251.31
842.71	1124.33
842.88	1241.07
843.05	1200.11
843.22	1200.11
843.39	1214.45
843.56	1165.29
843.73	1185.77
843.90	1183.73
844.07	1177.58
844.24	1200.11
844.41	1112.05
844.58	1089.52
844.75	1140.72
844.92	1134.57
845.09	1196.01
845.26	1161.20
845.43	1167.34
845.60	1163.25
845.77	1163.25
845.94	1236.97
846.10	1167.34
846.27	1187.82
846.44	1202.16
846.61	1200.11
846.78	1157.10
846.95	1202.16
847.12	1122.29
847.29	1214.45
847.46	1146.86
847.63	1202.16
847.80	1200.11
847.97	1175.53
848.14	1110.00
848.31	1159.15
848.48	1163.25
848.65	1198.06
848.82	1173.49
848.98	1181.68
849.15	1220.59
849.32	1183.73
849.49	1169.39
849.66	1177.58
849.83	1093.62
850.00	1171.44
850.17	1175.53
850.34	1173.49
850.51	1161.20
850.68	1173.49
850.85	1200.11
851.01	1189.87
851.18	1159.15
851.35	1097.71
851.52	1116.14
851.69	1193.97
851.86	1212.40
852.03	1183.73
852.20	1161.20
852.37	1286.12
852.53	1077.23
852.70	1230.83
852.87	1181.68
853.04	1138.67
853.21	1173.49
853.38	1177.58
853.55	1181.68
853.72	1161.20
853.89	1087.47
854.05	1163.25
854.22	1159.15
854.39	1150.96
854.56	1198.06
854.73	1216.49
854.90	1204.21
855.07	1159.15
855.23	1247.21
855.40	1124.33
855.57	1189.87
855.74	1230.83
855.91	1179.63
856.08	1204.21
856.25	1163.25
856.41	1232.88
856.58	1171.44
856.75	1185.77
856.92	1236.97
857.09	1177.58
857.26	1220.59
857.42	1177.58
857.59	1277.93
857.76	1118.19
857.93	1181.68
858.10	1185.77
858.27	1173.49
858.43	1140.72
858.60	1220.59
858.77	1241.07
858.94	1183.73
859.11	1212.40
859.27	1202.16
859.44	1150.96
859.61	1187.82
859.78	1167.34
859.95	1153.01
860.12	1200.11
860.28	1214.45
860.45	1126.38
860.62	1173.49
860.79	1142.77
860.95	1177.58
861.12	1150.96
861.29	1118.19
861.46	1196.01
861.63	1208.30
861.79	1134.57
861.96	1134.57
862.13	1179.63
862.30	1138.67
862.47	1159.15
862.63	1175.53
862.80	1234.93
862.97	1226.73
863.14	1177.58
863.30	1167.34
863.47	1177.58
863.64	1173.49
863.81	1157.10
863.97	1146.86
864.14	1191.92
864.31	1101.81
864.48	1282.03
864.65	1216.49
864.81	1165.29
864.98	1140.72
865.15	1169.39
865.32	1206.25
865.48	1118.19
865.65	1146.86
865.82	1249.26
865.98	1214.45
866.15	1142.77
866.32	1155.05
866.49	1185.77
866.65	1140.72
866.82	1136.62
866.99	1126.38
867.16	1200.11
867.32	1183.73
867.49	1183.73
867.66	1216.49
867.83	1183.73
867.99	1118.19
868.16	1204.21
868.33	1089.52
868.49	1136.62
868.66	1224.69
868.83	1148.91
868.99	1175.53
869.16	1232.88
869.33	1138.67
869.50	1216.49
869.66	1075.18
869.83	1142.77
870.00	1183.73
870.16	1196.01
870.33	1263.60
870.50	1198.06
870.66	1208.30
870.83	1175.53
871.00	1171.44
871.17	1169.39
871.33	1150.96
871.50	1148.91
871.67	1230.83
871.83	1200.11
872.00	1165.29
872.17	1181.68
872.33	1159.15
872.50	1150.96
872.67	1134.57
872.83	1212.40
873.00	1171.44
873.17	1142.77
873.33	1243.12
873.50	1138.67
873.67	1138.67
873.83	1185.77
874.00	1146.86
874.16	1208.30
874.33	1155.05
874.50	1157.10
874.66	1210.35
874.83	1132.53
875.00	1196.01
875.16	1163.25
875.33	1097.71
875.50	1173.49
875.66	1128.43
875.83	1085.42
875.99	1200.11
876.16	1167.34
876.33	1161.20
876.49	1189.87
876.66	1204.21
876.83	1142.77
876.99	1138.67
877.16	1228.78
877.32	1169.39
877.49	1173.49
877.66	1206.25
877.82	1236.97
877.99	1220.59
878.15	1167.34
878.32	1224.69
878.49	1155.05
878.65	1208.30
878.82	1183.73
878.98	1218.54
879.15	1193.97
879.32	1222.64
879.48	1165.29
879.65	1132.53
879.81	1179.63
879.98	1175.53
880.15	1157.10
880.31	1142.77
880.48	1116.14
880.64	1181.68
880.81	1239.02
880.97	1144.81
881.14	1183.73
881.31	1189.87
881.47	1187.82
881.64	1191.92
881.80	1200.11
881.97	1185.77
882.13	1163.25
882.30	1150.96
882.47	1196.01
882.63	1155.05
882.80	1153.01
882.96	1144.81
883.13	1146.86
883.29	1265.64
883.46	1187.82
883.62	1177.58
883.79	1157.10
883.95	1198.06
884.12	1187.82
884.29	1228.78
884.45	1112.05
884.62	1175.53
884.78	1122.29
884.95	1177.58
885.11	1234.93
885.28	1099.76
885.44	1122.29
885.61	1116.14
885.77	1150.96
885.94	1155.05
886.10	1142.77
886.27	1181.68
886.43	1187.82
886.60	1202.16
886.76	1134.57
886.93	1173.49
887.09	1183.73
887.26	1202.16
887.42	1155.05
887.59	1265.64
887.75	1140.72
887.92	1185.77
888.08	1148.91
888.25	1200.11
888.41	1224.69
888.58	1161.20
888.74	1185.77
888.91	1173.49
