177.47	1169.39
177.69	1169.39
177.91	1169.39
178.13	1140.72
178.36	1204.21
178.58	1159.15
178.80	1206.25
179.02	1224.69
179.24	1110.00
179.46	1275.88
179.68	1175.53
179.90	1191.92
180.13	1189.87
180.35	1177.58
180.57	1241.07
180.79	1171.44
181.01	1165.29
181.23	1171.44
181.45	1169.39
181.67	1177.58
181.90	1183.73
182.12	1236.97
182.34	1196.01
182.56	1181.68
182.78	1169.39
183.00	1157.10
183.22	1185.77
183.44	1134.57
183.66	1146.86
183.89	1159.15
184.11	1247.21
184.33	1187.82
184.55	1122.29
184.77	1220.59
184.99	1216.49
185.21	1241.07
185.43	1241.07
185.65	1179.63
185.87	1163.25
186.10	1185.77
186.32	1218.54
186.54	1169.39
186.76	1187.82
186.98	1216.49
187.20	1208.30
187.42	1175.53
187.64	1175.53
187.86	1171.44
188.08	1167.34
188.30	1181.68
188.52	1220.59
188.75	1173.49
188.97	1206.25
189.19	1181.68
189.41	1200.11
189.63	1200.11
189.85	1169.39
190.07	1216.49
190.29	1208.30
190.51	1200.11
190.73	1085.42
190.95	1249.26
191.17	1220.59
191.39	1187.82
191.61	1179.63
191.84	1204.21
192.06	1191.92
192.28	1224.69
192.50	1204.21
192.72	1163.25
192.94	1259.50
193.16	1159.15
193.38	1175.53
193.60	1200.11
193.82	1241.07
194.04	1132.53
194.26	1150.96
194.48	1167.34
194.70	1196.01
194.92	1214.45
195.14	1175.53
195.36	1220.59
195.58	1185.77
195.80	1204.21
196.02	1220.59
196.24	1091.57
196.46	1150.96
196.69	1202.16
196.91	1269.74
197.13	1181.68
197.35	1290.22
197.57	1247.21
197.79	1193.97
198.01	1171.44
198.23	1146.86
198.45	1208.30
198.67	1251.31
198.89	1198.06
199.11	1138.67
199.33	1198.06
199.55	1232.88
199.77	1200.11
199.99	1103.86
200.21	1261.55
200.43	1232.88
200.65	1200.11
200.87	1134.57
201.09	1208.30
201.31	1218.54
201.53	1234.93
201.75	1224.69
201.97	1173.49
202.19	1241.07
202.41	1255.40
202.63	1210.35
202.85	1214.45
203.07	1212.40
203.29	1263.60
203.51	1218.54
203.73	1142.77
203.95	1167.34
204.17	1124.33
204.39	1216.49
204.61	1208.30
204.83	1200.11
205.05	1163.25
205.27	1155.05
205.49	1191.92
205.71	1193.97
205.93	1191.92
206.15	1198.06
206.37	1228.78
206.59	1212.40
206.81	1095.66
207.03	1247.21
207.25	1204.21
207.47	1255.40
207.69	1216.49
207.91	1220.59
208.13	1181.68
208.34	1204.21
208.56	1218.54
208.78	1155.05
209.00	1185.77
209.22	1110.00
209.44	1167.34
209.66	1155.05
209.88	1216.49
210.10	1218.54
210.32	1198.06
210.54	1185.77
210.76	1191.92
210.98	1181.68
211.20	1159.15
211.42	1165.29
211.64	1230.83
211.86	1193.97
212.08	1183.73
212.30	1204.21
212.52	1150.96
212.74	1208.30
212.96	1118.19
213.17	1140.72
213.39	1167.34
213.61	1140.72
213.83	1196.01
214.05	1193.97
214.27	1179.63
214.49	1245.16
214.71	1232.88
214.93	1247.21
215.15	1191.92
215.37	1150.96
215.59	1239.02
215.81	1183.73
216.03	1193.97
216.24	1200.11
216.46	1167.34
216.68	1224.69
216.90	1134.57
217.12	1198.06
217.34	1171.44
217.56	1226.73
217.78	1232.88
218.00	1171.44
218.22	1128.43
218.44	1136.62
218.66	1185.77
218.87	1140.72
219.09	1247.21
219.31	1132.53
219.53	1208.30
219.75	1157.10
219.97	1128.43
220.19	1214.45
220.41	1167.34
220.63	1167.34
220.85	1247.21
221.06	1189.87
221.28	1134.57
221.50	1191.92
221.72	1286.12
221.94	1179.63
222.16	1144.81
222.38	1218.54
222.60	1142.77
222.82	1226.73
223.03	1216.49
223.25	1132.53
223.47	1165.29
223.69	1224.69
223.91	1179.63
224.13	1212.40
224.35	1183.73
224.57	1222.64
224.78	1157.10
225.00	1118.19
225.22	1239.02
225.44	1196.01
225.66	1167.34
225.88	1177.58
226.10	1171.44
226.32	1183.73
226.53	1198.06
226.75	1204.21
226.97	1218.54
227.19	1243.12
227.41	1265.64
227.63	1191.92
227.85	1183.73
228.06	1226.73
228.28	1249.26
228.50	1212.40
228.72	1150.96
228.94	1181.68
229.16	1265.64
229.37	1245.16
229.59	1169.39
229.81	1167.34
230.03	1163.25
230.25	1218.54
230.47	1150.96
230.69	1181.68
230.90	1150.96
231.12	1232.88
231.34	1206.25
231.56	1245.16
231.78	1169.39
232.00	1236.97
232.21	1204.21
232.43	1200.11
232.65	1232.88
232.87	1191.92
233.09	1165.29
233.30	1271.79
233.52	1163.25
233.74	1163.25
233.96	1179.63
234.18	1165.29
234.40	1142.77
234.61	1210.35
234.83	1191.92
235.05	1169.39
235.27	1175.53
235.49	1173.49
235.70	1228.78
235.92	1200.11
236.14	1245.16
236.36	1198.06
236.58	1153.01
236.79	1159.15
237.01	1138.67
237.23	1179.63
237.45	1236.97
237.67	1228.78
237.88	1265.64
238.10	1200.11
238.32	1228.78
238.54	1245.16
238.76	1175.53
238.97	1171.44
239.19	1161.20
239.41	1202.16
239.63	1200.11
239.85	1226.73
240.06	1177.58
240.28	1124.33
240.50	1146.86
240.72	1167.34
240.93	1198.06
241.15	1269.74
241.37	1165.29
241.59	1181.68
241.81	1251.31
242.02	1183.73
242.24	1191.92
242.46	1185.77
242.68	1212.40
242.89	1216.49
243.11	1216.49
243.33	1245.16
243.55	1165.29
243.76	1257.45
243.98	1200.11
244.20	1222.64
244.42	1200.11
244.64	1181.68
244.85	1163.25
245.07	1196.01
245.29	1222.64
245.51	1193.97
245.72	1204.21
245.94	1165.29
246.16	1191.92
246.38	1150.96
246.59	1198.06
246.81	1208.30
247.03	1126.38
247.24	1140.72
247.46	1198.06
247.68	1208.30
247.90	1148.91
248.11	1224.69
248.33	1157.10
248.55	1212.40
248.77	1212.40
248.98	1241.07
249.20	1208.30
249.42	1124.33
249.64	1226.73
249.85	1204.21
250.07	1208.30
250.29	1189.87
250.50	1204.21
250.72	1175.53
250.94	1208.30
251.16	1208.30
251.37	1230.83
251.59	1206.25
251.81	1126.38
252.02	1212.40
252.24	1224.69
252.46	1202.16
252.68	1181.68
252.89	1206.25
253.11	1171.44
253.33	1234.93
253.54	1128.43
253.76	1290.22
253.98	1161.20
254.20	1226.73
254.41	1228.78
254.63	1257.45
254.85	1073.14
255.06	1189.87
255.28	1224.69
255.50	1224.69
255.71	1222.64
255.93	1155.05
256.15	1161.20
256.36	1167.34
256.58	1112.05
256.80	1175.53
257.02	1179.63
257.23	1265.64
257.45	1150.96
257.67	1251.31
257.88	1200.11
258.10	1206.25
258.32	1146.86
258.53	1169.39
258.75	1181.68
258.97	1204.21
259.18	1173.49
259.40	1116.14
259.62	1163.25
259.83	1230.83
260.05	1216.49
260.27	1198.06
260.48	1148.91
260.70	1265.64
260.92	1136.62
261.13	1200.11
261.35	1210.35
261.57	1146.86
261.78	1196.01
262.00	1226.73
262.22	1175.53
262.43	1241.07
262.65	1136.62
262.86	1167.34
263.08	1255.40
263.30	1193.97
263.51	1216.49
263.73	1214.45
263.95	1183.73
264.16	1159.15
264.38	1173.49
264.60	1202.16
264.81	1200.11
265.03	1230.83
265.25	1150.96
265.46	1241.07
265.68	1179.63
265.89	1181.68
266.11	1222.64
266.33	1206.25
266.54	1257.45
266.76	1167.34
266.98	1173.49
267.19	1204.21
267.41	1118.19
267.62	1228.78
267.84	1126.38
268.06	1183.73
268.27	1261.55
268.49	1226.73
268.70	1243.12
268.92	1191.92
269.14	1189.87
269.35	1193.97
269.57	1140.72
269.79	1175.53
270.00	1165.29
270.22	1175.53
270.43	1163.25
270.65	1200.11
270.87	1204.21
271.08	1165.29
271.30	1191.92
271.51	1159.15
271.73	1163.25
271.95	1130.48
272.16	1173.49
272.38	1142.77
272.59	1220.59
272.81	1179.63
273.02	1210.35
273.24	1247.21
273.46	1202.16
273.67	1200.11
273.89	1120.24
274.10	1179.63
274.32	1191.92
274.54	1163.25
274.75	1187.82
274.97	1191.92
275.18	1193.97
275.40	1177.58
275.61	1249.26
275.83	1146.86
276.05	1208.30
276.26	1243.12
276.48	1150.96
276.69	1171.44
276.91	1114.10
277.12	1249.26
277.34	1185.77
277.55	1206.25
277.77	1169.39
277.99	1243.12
278.20	1191.92
278.42	1226.73
278.63	1210.35
278.85	1228.78
279.06	1251.31
279.28	1353.71
279.49	1259.50
279.71	1257.45
279.93	1257.45
280.14	1179.63
280.36	1212.40
280.57	1198.06
280.79	1206.25
281.00	1220.59
281.22	1128.43
281.43	1165.29
281.65	1234.93
281.86	1198.06
282.08	1189.87
282.29	1257.45
282.51	1103.86
282.73	1189.87
282.94	1153.01
283.16	1089.52
283.37	1232.88
283.59	1230.83
283.80	1282.03
284.02	1171.44
284.23	1232.88
284.45	1220.59
284.66	1247.21
284.88	1165.29
285.09	1239.02
285.31	1212.40
285.52	1165.29
285.74	1163.25
285.95	1228.78
286.17	1179.63
286.38	1159.15
286.60	1243.12
286.81	1146.86
287.03	1153.01
287.24	1177.58
287.46	1214.45
287.67	1183.73
287.89	1222.64
288.10	1118.19
288.32	1173.49
288.53	1124.33
288.75	1183.73
288.96	1191.92
289.18	1167.34
289.39	1183.73
289.61	1187.82
289.82	1179.63
290.04	1212.40
290.25	1185.77
290.47	1245.16
290.68	1167.34
290.90	1259.50
291.11	1226.73
291.33	1218.54
291.54	1196.01
291.76	1183.73
291.97	1200.11
292.18	1224.69
292.40	1118.19
292.61	1140.72
292.83	1263.60
293.04	1265.64
293.26	1204.21
293.47	1228.78
293.69	1136.62
293.90	1134.57
294.12	1179.63
294.33	1216.49
294.55	1191.92
294.76	1185.77
294.97	1247.21
295.19	1220.59
295.40	1234.93
295.62	1200.11
295.83	1124.33
296.05	1183.73
296.26	1210.35
296.48	1181.68
296.69	1216.49
296.90	1269.74
297.12	1198.06
297.33	1175.53
297.55	1196.01
297.76	1171.44
297.98	1193.97
298.19	1193.97
298.41	1148.91
298.62	1232.88
298.83	1226.73
299.05	1230.83
299.26	1224.69
299.48	1224.69
299.69	1173.49
299.90	1224.69
300.12	1208.30
300.33	1183.73
300.55	1198.06
300.76	1163.25
300.98	1179.63
301.19	1177.58
301.40	1167.34
301.62	1128.43
301.83	1155.05
302.05	1120.24
302.26	1148.91
302.47	1212.40
302.69	1179.63
302.90	1230.83
303.12	1167.34
303.33	1230.83
303.54	1196.01
303.76	1196.01
303.97	1234.93
304.19	1167.34
304.40	1226.73
304.61	1249.26
304.83	1165.29
305.04	1181.68
305.26	1148.91
305.47	1118.19
305.68	1193.97
305.90	1171.44
306.11	1214.45
306.33	1173.49
306.54	1198.06
306.75	1212.40
306.97	1193.97
307.18	1177.58
307.39	1157.10
307.61	1214.45
307.82	1093.62
308.04	1132.53
308.25	1187.82
308.46	1234.93
308.68	1105.90
308.89	1216.49
309.10	1208.30
309.32	1259.50
309.53	1155.05
309.74	1171.44
309.96	1177.58
310.17	1159.15
310.39	1185.77
310.60	1177.58
310.81	1189.87
311.03	1200.11
311.24	1216.49
311.45	1185.77
311.67	1146.86
311.88	1183.73
312.09	1222.64
312.31	1189.87
312.52	1185.77
312.73	1177.58
312.95	1193.97
313.16	1228.78
313.37	1193.97
313.59	1228.78
313.80	1165.29
314.01	1165.29
314.23	1179.63
314.44	1148.91
314.65	1185.77
314.87	1255.40
315.08	1171.44
315.29	1193.97
315.51	1181.68
315.72	1214.45
315.93	1216.49
316.15	1138.67
316.36	1193.97
316.57	1142.77
316.79	1193.97
317.00	1222.64
317.21	1146.86
317.43	1146.86
317.64	1232.88
317.85	1220.59
318.07	1214.45
318.28	1214.45
318.49	1212.40
318.70	1177.58
318.92	1142.77
319.13	1220.59
319.34	1196.01
319.56	1210.35
319.77	1212.40
319.98	1157.10
320.20	1148.91
320.41	1269.74
320.62	1136.62
320.83	1183.73
321.05	1091.57
321.26	1196.01
321.47	1183.73
321.69	1220.59
321.90	1234.93
322.11	1185.77
322.32	1173.49
322.54	1173.49
322.75	1169.39
322.96	1165.29
323.18	1114.10
323.39	1220.59
323.60	1200.11
323.81	1232.88
324.03	1146.86
324.24	1214.45
324.45	1181.68
324.66	1208.30
324.88	1159.15
325.09	1208.30
325.30	1159.15
325.52	1159.15
325.73	1189.87
325.94	1122.29
326.15	1114.10
326.37	1214.45
326.58	1218.54
326.79	1208.30
327.00	1216.49
327.22	1208.30
327.43	1232.88
327.64	1200.11
327.85	1212.40
328.07	1189.87
328.28	1234.93
328.49	1241.07
328.70	1200.11
328.92	1220.59
329.13	1132.53
329.34	1284.08
329.55	1161.20
329.76	1241.07
329.98	1097.71
330.19	1159.15
330.40	1249.26
330.61	1222.64
330.83	1179.63
331.04	1179.63
331.25	1165.29
331.46	1224.69
331.68	1279.98
331.89	1144.81
332.10	1134.57
332.31	1150.96
332.52	1159.15
332.74	1222.64
332.95	1204.21
333.16	1208.30
333.37	1255.40
333.58	1165.29
333.80	1183.73
334.01	1234.93
334.22	1171.44
334.43	1140.72
334.64	1236.97
334.86	1236.97
335.07	1187.82
335.28	1157.10
335.49	1208.30
335.70	1155.05
335.92	1218.54
336.13	1085.42
336.34	1202.16
336.55	1187.82
336.76	1167.34
336.98	1175.53
337.19	1226.73
337.40	1161.20
337.61	1173.49
337.82	1173.49
338.04	1112.05
338.25	1202.16
338.46	1183.73
338.67	1216.49
338.88	1208.30
339.09	1179.63
339.31	1216.49
339.52	1187.82
339.73	1140.72
339.94	1214.45
340.15	1241.07
340.36	1236.97
340.58	1187.82
340.79	1112.05
341.00	1198.06
341.21	1185.77
341.42	1222.64
341.63	1173.49
341.85	1146.86
342.06	1204.21
342.27	1132.53
342.48	1126.38
342.69	1189.87
342.90	1171.44
343.12	1224.69
343.33	1198.06
343.54	1140.72
343.75	1200.11
343.96	1150.96
344.17	1185.77
344.38	1177.58
344.60	1230.83
344.81	1177.58
345.02	1150.96
345.23	1206.25
345.44	1220.59
345.65	1165.29
345.86	1220.59
346.07	1253.36
346.29	1171.44
346.50	1165.29
346.71	1222.64
346.92	1222.64
347.13	1243.12
347.34	1175.53
347.55	1142.77
347.76	1161.20
347.98	1165.29
348.19	1218.54
348.40	1228.78
348.61	1140.72
348.82	1181.68
349.03	1146.86
349.24	1153.01
349.45	1181.68
349.66	1282.03
349.88	1202.16
350.09	1198.06
350.30	1118.19
350.51	1191.92
350.72	1196.01
350.93	1187.82
351.14	1210.35
351.35	1167.34
351.56	1189.87
351.77	1177.58
351.99	1134.57
352.20	1224.69
352.41	1216.49
352.62	1249.26
352.83	1214.45
353.04	1159.15
353.25	1126.38
353.46	1204.21
353.67	1134.57
353.88	1167.34
354.09	1134.57
354.30	1232.88
354.52	1159.15
354.73	1216.49
354.94	1153.01
355.15	1189.87
355.36	1157.10
355.57	1181.68
355.78	1208.30
355.99	1167.34
356.20	1169.39
356.41	1206.25
356.62	1112.05
356.83	1169.39
357.04	1169.39
357.25	1228.78
357.46	1187.82
357.68	1136.62
357.89	1216.49
358.10	1167.34
358.31	1175.53
358.52	1161.20
358.73	1230.83
358.94	1122.29
359.15	1169.39
359.36	1114.10
359.57	1120.24
359.78	1193.97
359.99	1173.49
360.20	1118.19
360.41	1218.54
360.62	1214.45
360.83	1165.29
361.04	1232.88
361.25	1175.53
361.46	1181.68
361.67	1167.34
361.88	1193.97
362.09	1187.82
362.30	1220.59
362.51	1243.12
362.72	1202.16
362.93	1187.82
363.14	1142.77
363.35	1208.30
363.56	1232.88
363.78	1142.77
363.99	1146.86
364.20	1202.16
364.41	1155.05
364.62	1177.58
364.83	1249.26
365.04	1134.57
365.25	1179.63
365.46	1228.78
365.67	1220.59
365.88	1193.97
366.09	1234.93
366.30	1212.40
366.51	1212.40
366.72	1105.90
366.93	1204.21
367.14	1155.05
367.35	1298.41
367.56	1241.07
367.77	1181.68
367.98	1224.69
368.18	1210.35
368.39	1204.21
368.60	1183.73
368.81	1220.59
369.02	1239.02
369.23	1198.06
369.44	1187.82
369.65	1132.53
369.86	1132.53
370.07	1210.35
370.28	1245.16
370.49	1183.73
370.70	1245.16
370.91	1206.25
371.12	1183.73
371.33	1155.05
371.54	1175.53
371.75	1189.87
371.96	1216.49
372.17	1228.78
372.38	1173.49
372.59	1171.44
372.80	1208.30
373.01	1163.25
373.22	1191.92
373.43	1216.49
373.64	1230.83
373.85	1191.92
374.06	1132.53
374.26	1200.11
374.47	1189.87
374.68	1183.73
374.89	1247.21
375.10	1210.35
375.31	1159.15
375.52	1193.97
375.73	1196.01
375.94	1187.82
376.15	1167.34
376.36	1196.01
376.57	1175.53
376.78	1173.49
376.99	1222.64
377.20	1161.20
377.40	1239.02
377.61	1265.64
377.82	1234.93
378.03	1120.24
378.24	1144.81
378.45	1173.49
378.66	1175.53
378.87	1144.81
379.08	1064.94
379.29	1234.93
379.50	1200.11
379.71	1183.73
379.91	1208.30
380.12	1159.15
380.33	1224.69
380.54	1253.36
380.75	1200.11
380.96	1126.38
381.17	1288.17
381.38	1187.82
381.59	1165.29
381.80	1204.21
382.00	1138.67
382.21	1204.21
382.42	1208.30
382.63	1171.44
382.84	1159.15
383.05	1163.25
383.26	1175.53
383.47	1234.93
383.68	1193.97
383.88	1159.15
384.09	1075.18
384.30	1181.68
384.51	1128.43
384.72	1120.24
384.93	1263.60
385.14	1210.35
385.35	1208.30
385.55	1140.72
385.76	1220.59
385.97	1177.58
386.18	1183.73
386.39	1208.30
386.60	1228.78
386.81	1171.44
387.02	1216.49
387.22	1198.06
387.43	1107.95
387.64	1206.25
387.85	1165.29
388.06	1249.26
388.27	1155.05
388.48	1148.91
388.68	1140.72
388.89	1130.48
389.10	1159.15
389.31	1185.77
389.52	1212.40
389.73	1171.44
389.93	1181.68
390.14	1212.40
390.35	1159.15
390.56	1191.92
390.77	1216.49
390.98	1222.64
391.18	1173.49
391.39	1163.25
391.60	1150.96
391.81	1167.34
392.02	1155.05
392.23	1208.30
392.43	1134.57
392.64	1150.96
392.85	1282.03
393.06	1239.02
393.27	1187.82
393.47	1200.11
393.68	1157.10
393.89	1179.63
394.10	1222.64
394.31	1179.63
394.52	1179.63
394.72	1212.40
394.93	1216.49
395.14	1157.10
395.35	1185.77
395.56	1120.24
395.76	1163.25
395.97	1181.68
396.18	1155.05
396.39	1153.01
396.60	1177.58
396.80	1159.15
397.01	1257.45
397.22	1210.35
397.43	1157.10
397.64	1187.82
397.84	1185.77
398.05	1224.69
398.26	1294.32
398.47	1218.54
398.67	1214.45
398.88	1173.49
399.09	1148.91
399.30	1153.01
399.51	1204.21
399.71	1206.25
399.92	1216.49
400.13	1142.77
400.34	1126.38
400.54	1187.82
400.75	1183.73
400.96	1261.55
401.17	1210.35
401.37	1204.21
401.58	1134.57
401.79	1105.90
402.00	1200.11
402.21	1146.86
402.41	1245.16
402.62	1181.68
402.83	1181.68
403.04	1128.43
403.24	1173.49
403.45	1253.36
403.66	1136.62
403.87	1167.34
404.07	1204.21
404.28	1165.29
404.49	1175.53
404.70	1193.97
404.90	1200.11
405.11	1134.57
405.32	1273.84
405.52	1187.82
405.73	1191.92
405.94	1198.06
406.15	1232.88
406.35	1204.21
406.56	1216.49
406.77	1228.78
406.98	1230.83
407.18	1146.86
407.39	1257.45
407.60	1163.25
407.80	1243.12
408.01	1271.79
408.22	1216.49
408.43	1193.97
408.63	1136.62
408.84	1208.30
409.05	1220.59
409.25	1189.87
409.46	1220.59
409.67	1292.27
409.88	1157.10
410.08	1224.69
410.29	1132.53
410.50	1224.69
410.70	1222.64
410.91	1163.25
411.12	1228.78
411.32	1191.92
411.53	1187.82
411.74	1177.58
411.95	1136.62
412.15	1216.49
412.36	1241.07
412.57	1230.83
412.77	1202.16
412.98	1218.54
413.19	1222.64
413.39	1157.10
413.60	1222.64
413.81	1206.25
414.01	1187.82
414.22	1126.38
414.43	1140.72
414.63	1110.00
414.84	1284.08
415.05	1155.05
415.25	1202.16
415.46	1177.58
415.67	1220.59
415.87	1200.11
416.08	1196.01
416.29	1173.49
416.49	1169.39
416.70	1200.11
416.91	1198.06
417.11	1146.86
417.32	1183.73
417.53	1255.40
417.73	1189.87
417.94	1216.49
418.15	1241.07
418.35	1187.82
418.56	1173.49
418.77	1210.35
418.97	1189.87
419.18	1173.49
419.38	1191.92
419.59	1210.35
419.80	1216.49
420.00	1263.60
420.21	1144.81
420.42	1249.26
420.62	1222.64
420.83	1206.25
421.04	1222.64
421.24	1181.68
421.45	1107.95
421.65	1169.39
421.86	1232.88
422.07	1198.06
422.27	1210.35
422.48	1224.69
422.69	1216.49
422.89	1161.20
423.10	1208.30
423.30	1206.25
423.51	1241.07
423.72	1208.30
423.92	1181.68
424.13	1105.90
424.33	1208.30
424.54	1200.11
424.75	1257.45
424.95	1167.34
425.16	1236.97
425.36	1247.21
425.57	1191.92
425.78	1259.50
425.98	1181.68
426.19	1167.34
426.39	1161.20
426.60	1187.82
426.81	1189.87
427.01	1120.24
427.22	1216.49
427.42	1196.01
427.63	1193.97
427.83	1187.82
428.04	1243.12
428.25	1183.73
428.45	1173.49
428.66	1153.01
428.86	1155.05
429.07	1148.91
429.28	1214.45
429.48	1187.82
429.69	1122.29
429.89	1241.07
430.10	1189.87
430.30	1175.53
430.51	1226.73
430.71	1236.97
430.92	1234.93
431.13	1132.53
431.33	1204.21
431.54	1220.59
431.74	1171.44
431.95	1179.63
432.15	1210.35
432.36	1142.77
432.56	1169.39
432.77	1163.25
432.98	1198.06
433.18	1202.16
433.39	1210.35
433.59	1150.96
433.80	1198.06
434.00	1243.12
434.21	1165.29
434.41	1220.59
434.62	1232.88
434.82	1189.87
435.03	1144.81
435.23	1239.02
435.44	1181.68
435.64	1124.33
435.85	1171.44
436.06	1204.21
436.26	1183.73
436.47	1236.97
436.67	1216.49
436.88	1282.03
437.08	1222.64
437.29	1193.97
437.49	1171.44
437.70	1187.82
437.90	1155.05
438.11	1249.26
438.31	1212.40
438.52	1130.48
438.72	1185.77
438.93	1191.92
439.13	1214.45
439.34	1232.88
439.54	1181.68
439.75	1216.49
439.95	1247.21
440.16	1251.31
440.36	1204.21
440.57	1161.20
440.77	1265.64
440.98	1150.96
441.18	1282.03
441.39	1177.58
441.59	1177.58
441.80	1196.01
442.00	1167.34
442.21	1148.91
442.41	1191.92
442.62	1210.35
442.82	1187.82
443.02	1206.25
443.23	1230.83
443.43	1216.49
443.64	1142.77
443.84	1230.83
444.05	1232.88
444.25	1232.88
444.46	1210.35
444.66	1222.64
444.87	1196.01
445.07	1150.96
445.28	1208.30
445.48	1136.62
445.69	1202.16
445.89	1200.11
446.09	1218.54
446.30	1140.72
446.50	1189.87
446.71	1230.83
446.91	1181.68
447.12	1200.11
447.32	1282.03
447.53	1249.26
447.73	1167.34
447.93	1183.73
448.14	1191.92
448.34	1126.38
448.55	1175.53
448.75	1198.06
448.96	1273.84
449.16	1257.45
449.36	1181.68
449.57	1187.82
449.77	1214.45
449.98	1241.07
450.18	1163.25
450.39	1189.87
450.59	1193.97
450.79	1216.49
451.00	1204.21
451.20	1173.49
451.41	1177.58
451.61	1148.91
451.81	1155.05
452.02	1122.29
452.22	1224.69
452.43	1177.58
452.63	1187.82
452.84	1210.35
453.04	1202.16
453.24	1138.67
453.45	1150.96
453.65	1257.45
453.86	1239.02
454.06	1236.97
454.26	1140.72
454.47	1226.73
454.67	1206.25
454.87	1173.49
455.08	1069.04
455.28	1210.35
455.49	1165.29
455.69	1200.11
455.89	1169.39
456.10	1163.25
456.30	1191.92
456.51	1169.39
456.71	1146.86
456.91	1167.34
457.12	1175.53
457.32	1253.36
457.52	1169.39
457.73	1116.14
457.93	1134.57
458.14	1198.06
458.34	1124.33
458.54	1183.73
458.75	1167.34
458.95	1234.93
459.15	1126.38
459.36	1191.92
459.56	1148.91
459.76	1112.05
459.97	1253.36
460.17	1230.83
460.37	1243.12
460.58	1208.30
460.78	1216.49
460.99	1241.07
461.19	1193.97
461.39	1181.68
461.60	1157.10
461.80	1267.69
462.00	1167.34
462.21	1204.21
462.41	1161.20
462.61	1150.96
462.82	1239.02
463.02	1105.90
463.22	1142.77
463.43	1249.26
463.63	1306.60
463.83	1241.07
464.04	1198.06
464.24	1171.44
464.44	1253.36
464.64	1191.92
464.85	1255.40
465.05	1118.19
465.25	1157.10
465.46	1155.05
465.66	1241.07
465.86	1187.82
466.07	1251.31
466.27	1228.78
466.47	1198.06
466.68	1212.40
466.88	1183.73
467.08	1146.86
467.29	1179.63
467.49	1155.05
467.69	1130.48
467.89	1232.88
468.10	1206.25
468.30	1241.07
468.50	1214.45
468.71	1200.11
468.91	1198.06
469.11	1118.19
469.31	1212.40
469.52	1204.21
469.72	1216.49
469.92	1196.01
470.13	1122.29
470.33	1189.87
470.53	1198.06
470.73	1196.01
470.94	1146.86
471.14	1165.29
471.34	1271.79
471.54	1120.24
471.75	1204.21
471.95	1296.36
472.15	1142.77
472.36	1193.97
472.56	1148.91
472.76	1173.49
472.96	1191.92
473.17	1175.53
473.37	1187.82
473.57	1241.07
473.77	1136.62
473.98	1122.29
474.18	1241.07
474.38	1181.68
474.58	1224.69
474.79	1257.45
474.99	1230.83
475.19	1193.97
475.39	1222.64
475.60	1212.40
475.80	1230.83
476.00	1218.54
476.20	1163.25
476.41	1183.73
476.61	1282.03
476.81	1171.44
477.01	1210.35
477.21	1175.53
477.42	1191.92
477.62	1181.68
477.82	1187.82
478.02	1259.50
478.23	1224.69
478.43	1196.01
478.63	1255.40
478.83	1210.35
479.03	1208.30
479.24	1208.30
479.44	1187.82
479.64	1187.82
479.84	1120.24
480.04	1150.96
480.25	1230.83
480.45	1165.29
480.65	1148.91
480.85	1224.69
481.06	1159.15
481.26	1220.59
481.46	1292.27
481.66	1189.87
481.86	1177.58
482.06	1161.20
482.27	1196.01
482.47	1161.20
482.67	1228.78
482.87	1208.30
483.07	1288.17
483.28	1193.97
483.48	1189.87
483.68	1163.25
483.88	1273.84
484.08	1196.01
484.29	1210.35
484.49	1138.67
484.69	1171.44
484.89	1161.20
485.09	1165.29
485.29	1167.34
485.50	1234.93
485.70	1183.73
485.90	1191.92
486.10	1163.25
486.30	1216.49
486.50	1206.25
486.71	1212.40
486.91	1171.44
487.11	1193.97
487.31	1208.30
487.51	1220.59
487.71	1175.53
487.91	1146.86
488.12	1212.40
488.32	1105.90
488.52	1208.30
488.72	1228.78
488.92	1161.20
489.12	1232.88
489.32	1153.01
489.53	1144.81
489.73	1161.20
489.93	1224.69
490.13	1189.87
490.33	1175.53
490.53	1226.73
490.73	1234.93
490.94	1191.92
491.14	1196.01
491.34	1224.69
491.54	1243.12
491.74	1208.30
491.94	1179.63
492.14	1187.82
492.34	1234.93
492.54	1140.72
492.75	1220.59
492.95	1198.06
493.15	1085.42
493.35	1245.16
493.55	1179.63
493.75	1259.50
493.95	1216.49
494.15	1179.63
494.35	1179.63
494.56	1161.20
494.76	1142.77
494.96	1214.45
495.16	1163.25
495.36	1210.35
495.56	1200.11
495.76	1200.11
495.96	1200.11
496.16	1171.44
496.36	1136.62
496.56	1245.16
496.77	1142.77
496.97	1128.43
497.17	1249.26
497.37	1214.45
497.57	1206.25
497.77	1196.01
497.97	1183.73
498.17	1257.45
498.37	1206.25
498.57	1179.63
498.77	1187.82
498.97	1208.30
499.17	1216.49
499.38	1155.05
499.58	1157.10
499.78	1218.54
499.98	1157.10
500.18	1200.11
500.38	1159.15
500.58	1212.40
500.78	1181.68
500.98	1212.40
501.18	1159.15
501.38	1210.35
501.58	1191.92
501.78	1210.35
501.98	1181.68
502.18	1130.48
502.38	1173.49
502.58	1148.91
502.78	1245.16
502.98	1179.63
503.18	1181.68
503.38	1171.44
503.59	1206.25
503.79	1212.40
503.99	1198.06
504.19	1249.26
504.39	1239.02
504.59	1239.02
504.79	1191.92
504.99	1159.15
505.19	1228.78
505.39	1124.33
505.59	1198.06
505.79	1296.36
505.99	1189.87
506.19	1175.53
506.39	1196.01
506.59	1220.59
506.79	1142.77
506.99	1193.97
507.19	1173.49
507.39	1146.86
507.59	1153.01
507.79	1224.69
507.99	1204.21
508.19	1187.82
508.39	1181.68
508.59	1214.45
508.79	1234.93
508.99	1191.92
509.19	1198.06
509.39	1189.87
509.59	1226.73
509.79	1181.68
509.99	1189.87
510.19	1179.63
510.39	1189.87
510.59	1202.16
510.79	1200.11
510.99	1261.55
511.19	1230.83
511.39	1226.73
511.59	1200.11
511.79	1220.59
511.99	1193.97
512.19	1196.01
512.38	1175.53
512.58	1138.67
512.78	1198.06
512.98	1185.77
513.18	1189.87
513.38	1218.54
513.58	1155.05
513.78	1159.15
513.98	1245.16
514.18	1130.48
514.38	1159.15
514.58	1155.05
514.78	1148.91
514.98	1191.92
515.18	1232.88
515.38	1218.54
515.58	1181.68
515.78	1234.93
515.98	1212.40
516.18	1171.44
516.38	1226.73
516.57	1218.54
516.77	1202.16
516.97	1157.10
517.17	1187.82
517.37	1261.55
517.57	1196.01
517.77	1118.19
517.97	1165.29
518.17	1167.34
518.37	1189.87
518.57	1157.10
518.77	1167.34
518.97	1146.86
519.16	1220.59
519.36	1196.01
519.56	1206.25
519.76	1204.21
519.96	1253.36
520.16	1159.15
520.36	1175.53
520.56	1136.62
520.76	1206.25
520.96	1155.05
521.16	1175.53
521.35	1159.15
521.55	1208.30
521.75	1120.24
521.95	1247.21
522.15	1187.82
522.35	1132.53
522.55	1198.06
522.75	1183.73
522.95	1198.06
523.14	1165.29
523.34	1179.63
523.54	1198.06
523.74	1191.92
523.94	1191.92
524.14	1232.88
524.34	1208.30
524.54	1269.74
524.73	1253.36
524.93	1167.34
525.13	1175.53
525.33	1126.38
525.53	1193.97
525.73	1251.31
525.93	1255.40
526.13	1112.05
526.32	1214.45
526.52	1181.68
526.72	1138.67
526.92	1196.01
527.12	1120.24
527.32	1130.48
527.52	1173.49
527.71	1189.87
527.91	1218.54
528.11	1208.30
528.31	1191.92
528.51	1159.15
528.71	1212.40
528.90	1155.05
529.10	1148.91
529.30	1150.96
529.50	1236.97
529.70	1230.83
529.90	1202.16
530.09	1234.93
530.29	1251.31
530.49	1206.25
530.69	1157.10
530.89	1202.16
531.09	1257.45
531.28	1175.53
531.48	1183.73
531.68	1140.72
531.88	1241.07
532.08	1155.05
532.28	1122.29
532.47	1169.39
532.67	1142.77
532.87	1187.82
533.07	1118.19
533.27	1198.06
533.46	1232.88
533.66	1208.30
533.86	1202.16
534.06	1224.69
534.26	1153.01
534.45	1216.49
534.65	1173.49
534.85	1124.33
535.05	1265.64
535.25	1142.77
535.44	1204.21
535.64	1183.73
535.84	1206.25
536.04	1161.20
536.24	1187.82
536.43	1179.63
536.63	1208.30
536.83	1173.49
537.03	1224.69
537.22	1204.21
537.42	1216.49
537.62	1189.87
537.82	1198.06
538.02	1204.21
538.21	1148.91
538.41	1132.53
538.61	1171.44
538.81	1249.26
539.00	1185.77
539.20	1159.15
539.40	1146.86
539.60	1163.25
539.79	1198.06
539.99	1193.97
540.19	1146.86
540.39	1171.44
540.58	1277.93
540.78	1187.82
540.98	1120.24
541.18	1146.86
541.37	1214.45
541.57	1146.86
541.77	1191.92
541.97	1196.01
542.16	1249.26
542.36	1216.49
542.56	1230.83
542.76	1196.01
542.95	1200.11
543.15	1163.25
543.35	1198.06
543.54	1269.74
543.74	1228.78
543.94	1177.58
544.14	1191.92
544.33	1241.07
544.53	1226.73
544.73	1171.44
544.93	1210.35
545.12	1196.01
545.32	1284.08
545.52	1236.97
545.71	1196.01
545.91	1157.10
546.11	1175.53
546.30	1226.73
546.50	1191.92
546.70	1136.62
546.90	1220.59
547.09	1140.72
547.29	1230.83
547.49	1288.17
547.68	1175.53
547.88	1189.87
548.08	1243.12
548.27	1226.73
548.47	1146.86
548.67	1202.16
548.87	1269.74
549.06	1212.40
549.26	1191.92
549.46	1120.24
549.65	1232.88
549.85	1191.92
550.05	1200.11
550.24	1198.06
550.44	1138.67
550.64	1241.07
550.83	1204.21
551.03	1200.11
551.23	1239.02
551.42	1171.44
551.62	1191.92
551.82	1222.64
552.01	1208.30
552.21	1167.34
552.41	1216.49
552.60	1204.21
552.80	1187.82
553.00	1093.62
553.19	1146.86
553.39	1245.16
553.59	1191.92
553.78	1167.34
553.98	1230.83
554.17	1232.88
554.37	1148.91
554.57	1216.49
554.76	1210.35
554.96	1193.97
555.16	1153.01
555.35	1118.19
555.55	1263.60
555.75	1153.01
555.94	1136.62
556.14	1226.73
556.33	1220.59
556.53	1200.11
556.73	1142.77
556.92	1216.49
557.12	1218.54
557.32	1159.15
557.51	1173.49
557.71	1245.16
557.90	1234.93
558.10	1165.29
558.30	1140.72
558.49	1179.63
558.69	1148.91
558.88	1206.25
559.08	1200.11
559.28	1173.49
559.47	1193.97
559.67	1206.25
559.86	1236.97
560.06	1165.29
560.26	1243.12
560.45	1206.25
560.65	1249.26
560.84	1200.11
561.04	1228.78
561.24	1159.15
561.43	1128.43
561.63	1204.21
561.82	1212.40
562.02	1175.53
562.22	1202.16
562.41	1191.92
562.61	1222.64
562.80	1153.01
563.00	1230.83
563.19	1214.45
563.39	1187.82
563.59	1212.40
563.78	1163.25
563.98	1165.29
564.17	1196.01
564.37	1142.77
564.56	1214.45
564.76	1173.49
564.96	1241.07
565.15	1277.93
565.35	1193.97
565.54	1105.90
565.74	1216.49
565.93	1216.49
566.13	1187.82
566.32	1189.87
566.52	1239.02
566.71	1189.87
566.91	1212.40
567.11	1275.88
567.30	1216.49
567.50	1212.40
567.69	1167.34
567.89	1204.21
568.08	1173.49
568.28	1153.01
568.47	1200.11
568.67	1171.44
568.86	1298.41
569.06	1159.15
569.25	1259.50
569.45	1257.45
569.64	1263.60
569.84	1218.54
570.04	1241.07
570.23	1243.12
570.43	1196.01
570.62	1126.38
570.82	1124.33
571.01	1142.77
571.21	1282.03
571.40	1150.96
571.60	1163.25
571.79	1214.45
571.99	1247.21
572.18	1183.73
572.38	1187.82
572.57	1230.83
572.77	1173.49
572.96	1171.44
573.16	1167.34
573.35	1200.11
573.55	1099.76
573.74	1196.01
573.94	1198.06
574.13	1191.92
574.33	1191.92
574.52	1179.63
574.71	1155.05
574.91	1273.84
575.10	1153.01
575.30	1181.68
575.49	1167.34
575.69	1179.63
575.88	1173.49
576.08	1187.82
576.27	1206.25
576.47	1232.88
576.66	1202.16
576.86	1202.16
577.05	1169.39
577.25	1191.92
577.44	1175.53
577.64	1224.69
577.83	1202.16
578.02	1216.49
578.22	1243.12
578.41	1157.10
578.61	1191.92
578.80	1175.53
579.00	1163.25
579.19	1077.23
579.39	1261.55
579.58	1187.82
579.77	1247.21
579.97	1144.81
580.16	1208.30
580.36	1173.49
580.55	1148.91
580.75	1200.11
580.94	1200.11
581.13	1236.97
581.33	1212.40
581.52	1173.49
581.72	1241.07
581.91	1155.05
582.11	1279.98
582.30	1228.78
582.49	1245.16
582.69	1179.63
582.88	1333.23
583.08	1165.29
583.27	1216.49
583.47	1069.04
583.66	1161.20
583.85	1144.81
584.05	1155.05
584.24	1243.12
584.44	1257.45
584.63	1230.83
584.82	1249.26
585.02	1267.69
585.21	1210.35
585.41	1126.38
585.60	1204.21
585.79	1222.64
585.99	1198.06
586.18	1179.63
586.37	1167.34
586.57	1247.21
586.76	1175.53
586.96	1171.44
587.15	1208.30
587.34	1216.49
587.54	1173.49
587.73	1230.83
587.93	1167.34
588.12	1177.58
588.31	1134.57
588.51	1208.30
588.70	1196.01
588.89	1247.21
589.09	1146.86
589.28	1204.21
589.47	1179.63
589.67	1171.44
589.86	1134.57
590.06	1200.11
590.25	1200.11
590.44	1148.91
590.64	1224.69
590.83	1093.62
591.02	1099.76
591.22	1130.48
591.41	1193.97
591.60	1214.45
591.80	1212.40
591.99	1140.72
592.18	1179.63
592.38	1232.88
592.57	1216.49
592.76	1226.73
592.96	1236.97
593.15	1177.58
593.34	1159.15
593.54	1249.26
593.73	1142.77
593.92	1214.45
594.12	1191.92
594.31	1191.92
594.50	1189.87
594.70	1159.15
594.89	1169.39
595.08	1239.02
595.28	1232.88
595.47	1210.35
595.66	1277.93
595.86	1187.82
596.05	1189.87
596.24	1204.21
596.43	1218.54
596.63	1187.82
596.82	1173.49
597.01	1214.45
597.21	1185.77
597.40	1167.34
597.59	1167.34
597.79	1187.82
597.98	1198.06
598.17	1193.97
598.36	1165.29
598.56	1146.86
598.75	1161.20
598.94	1200.11
599.14	1214.45
599.33	1066.99
599.52	1189.87
599.71	1185.77
599.91	1187.82
600.10	1185.77
600.29	1200.11
600.48	1243.12
600.68	1187.82
600.87	1212.40
601.06	1200.11
601.26	1181.68
601.45	1222.64
601.64	1130.48
601.83	1183.73
602.03	1236.97
602.22	1228.78
602.41	1142.77
602.60	1236.97
602.80	1200.11
602.99	1275.88
603.18	1179.63
603.37	1206.25
603.57	1189.87
603.76	1153.01
603.95	1247.21
604.14	1251.31
604.34	1230.83
604.53	1243.12
604.72	1179.63
604.91	1150.96
605.10	1165.29
605.30	1200.11
605.49	1224.69
605.68	1148.91
605.87	1155.05
606.07	1163.25
606.26	1212.40
606.45	1198.06
606.64	1196.01
606.84	1208.30
607.03	1138.67
607.22	1177.58
607.41	1165.29
607.60	1255.40
607.80	1122.29
607.99	1306.60
608.18	1157.10
608.37	1146.86
608.56	1163.25
608.76	1232.88
608.95	1177.58
609.14	1196.01
609.33	1214.45
609.52	1161.20
609.72	1200.11
609.91	1191.92
610.10	1181.68
610.29	1191.92
610.48	1181.68
610.68	1236.97
610.87	1128.43
611.06	1175.53
611.25	1210.35
611.44	1175.53
611.63	1202.16
611.83	1159.15
612.02	1163.25
612.21	1251.31
612.40	1183.73
612.59	1146.86
612.79	1290.22
612.98	1212.40
613.17	1212.40
613.36	1118.19
613.55	1200.11
613.74	1105.90
613.93	1120.24
614.13	1150.96
614.32	1167.34
614.51	1171.44
614.70	1175.53
614.89	1216.49
615.08	1126.38
615.28	1179.63
615.47	1150.96
615.66	1214.45
615.85	1208.30
616.04	1230.83
616.23	1181.68
616.42	1224.69
616.62	1173.49
616.81	1241.07
617.00	1185.77
617.19	1224.69
617.38	1261.55
617.57	1163.25
617.76	1222.64
617.95	1148.91
618.15	1157.10
618.34	1236.97
618.53	1093.62
618.72	1146.86
618.91	1245.16
619.10	1181.68
619.29	1177.58
619.48	1216.49
619.68	1206.25
619.87	1177.58
620.06	1159.15
620.25	1232.88
620.44	1204.21
620.63	1171.44
620.82	1288.17
621.01	1204.21
621.20	1163.25
621.39	1159.15
621.59	1224.69
621.78	1114.10
621.97	1193.97
622.16	1202.16
622.35	1116.14
622.54	1165.29
622.73	1185.77
622.92	1204.21
623.11	1177.58
623.30	1169.39
623.49	1114.10
623.68	1234.93
623.88	1169.39
624.07	1206.25
624.26	1214.45
624.45	1144.81
624.64	1239.02
624.83	1247.21
625.02	1226.73
625.21	1175.53
625.40	1157.10
625.59	1193.97
625.78	1236.97
625.97	1204.21
626.16	1224.69
626.35	1183.73
626.54	1159.15
626.74	1189.87
626.93	1200.11
627.12	1177.58
627.31	1234.93
627.50	1161.20
627.69	1249.26
627.88	1214.45
628.07	1212.40
628.26	1333.23
628.45	1204.21
628.64	1290.22
628.83	1277.93
629.02	1298.41
629.21	1200.11
629.40	1206.25
629.59	1146.86
629.78	1204.21
629.97	1163.25
630.16	1234.93
630.35	1185.77
630.54	1226.73
630.73	1183.73
630.92	1222.64
631.11	1155.05
631.30	1322.99
631.49	1433.58
631.68	1697.77
631.87	3538.89
632.06	11925.32
632.25	32781.84
632.44	41289.10
632.63	42906.99
632.82	26822.25
633.01	14245.67
633.20	4306.88
633.39	4386.75
633.58	2375.64
633.77	1886.18
633.96	1603.56
634.15	1445.87
634.34	1560.55
634.53	1445.87
634.72	1419.24
634.91	1325.04
635.10	1396.71
635.29	1325.04
635.48	1249.26
635.67	1206.25
635.86	1282.03
636.05	1267.69
636.24	1198.06
636.43	1185.77
636.62	1265.64
636.81	1122.29
637.00	1200.11
637.19	1224.69
637.38	1175.53
637.57	1171.44
637.76	1187.82
637.95	1187.82
638.14	1200.11
638.33	1150.96
638.52	1208.30
638.71	1243.12
638.89	1189.87
639.08	1122.29
639.27	1200.11
639.46	1181.68
639.65	1183.73
639.84	1171.44
640.03	1202.16
640.22	1234.93
640.41	1165.29
640.60	1177.58
640.79	1208.30
640.98	1218.54
641.17	1216.49
641.36	1216.49
641.55	1179.63
641.74	1112.05
641.92	1128.43
642.11	1169.39
642.30	1216.49
642.49	1118.19
642.68	1200.11
642.87	1239.02
643.06	1128.43
643.25	1128.43
643.44	1216.49
643.63	1284.08
643.82	1206.25
644.00	1146.86
644.19	1222.64
644.38	1136.62
644.57	1204.21
644.76	1216.49
644.95	1189.87
645.14	1122.29
645.33	1128.43
645.52	1204.21
645.71	1181.68
645.89	1282.03
646.08	1204.21
646.27	1187.82
646.46	1216.49
646.65	1163.25
646.84	1220.59
647.03	1163.25
647.22	1212.40
647.40	1198.06
647.59	1185.77
647.78	1163.25
647.97	1255.40
648.16	1202.16
648.35	1146.86
648.54	1222.64
648.73	1241.07
648.91	1234.93
649.10	1153.01
649.29	1261.55
649.48	1212.40
649.67	1218.54
649.86	1189.87
650.05	1200.11
650.23	1249.26
650.42	1189.87
650.61	1200.11
650.80	1273.84
650.99	1208.30
651.18	1200.11
651.36	1239.02
651.55	1210.35
651.74	1179.63
651.93	1159.15
652.12	1157.10
652.31	1218.54
652.49	1146.86
652.68	1193.97
652.87	1167.34
653.06	1224.69
653.25	1183.73
653.44	1198.06
653.62	1177.58
653.81	1200.11
654.00	1241.07
654.19	1173.49
654.38	1179.63
654.56	1165.29
654.75	1220.59
654.94	1263.60
655.13	1198.06
655.32	1232.88
655.51	1167.34
655.69	1181.68
655.88	1257.45
656.07	1175.53
656.26	1198.06
656.45	1200.11
656.63	1107.95
656.82	1187.82
657.01	1263.60
657.20	1216.49
657.38	1239.02
657.57	1187.82
657.76	1189.87
657.95	1185.77
658.14	1144.81
658.32	1165.29
658.51	1216.49
658.70	1226.73
658.89	1236.97
659.08	1144.81
659.26	1165.29
659.45	1198.06
659.64	1208.30
659.83	1265.64
660.01	1198.06
660.20	1200.11
660.39	1218.54
660.58	1183.73
660.76	1159.15
660.95	1259.50
661.14	1290.22
661.33	1224.69
661.51	1259.50
661.70	1144.81
661.89	1210.35
662.08	1220.59
662.26	1171.44
662.45	1187.82
662.64	1187.82
662.83	1187.82
663.01	1239.02
663.20	1298.41
663.39	1185.77
663.58	1155.05
663.76	1165.29
663.95	1212.40
664.14	1267.69
664.32	1128.43
664.51	1212.40
664.70	1196.01
664.89	1150.96
665.07	1181.68
665.26	1161.20
665.45	1185.77
665.64	1204.21
665.82	1222.64
666.01	1177.58
666.20	1173.49
666.38	1130.48
666.57	1212.40
666.76	1218.54
666.95	1220.59
667.13	1198.06
667.32	1146.86
667.51	1216.49
667.69	1202.16
667.88	1214.45
668.07	1187.82
668.25	1202.16
668.44	1142.77
668.63	1218.54
668.81	1198.06
669.00	1196.01
669.19	1196.01
669.38	1142.77
669.56	1208.30
669.75	1277.93
669.94	1245.16
670.12	1189.87
670.31	1138.67
670.50	1202.16
670.68	1198.06
670.87	1224.69
671.06	1187.82
671.24	1200.11
671.43	1177.58
671.62	1198.06
671.80	1175.53
671.99	1247.21
672.18	1198.06
672.36	1181.68
672.55	1189.87
672.74	1224.69
672.92	1171.44
673.11	1153.01
673.29	1261.55
673.48	1193.97
673.67	1230.83
673.85	1220.59
674.04	1220.59
674.23	1157.10
674.41	1163.25
674.60	1183.73
674.79	1187.82
674.97	1155.05
675.16	1163.25
675.34	1208.30
675.53	1198.06
675.72	1249.26
675.90	1206.25
676.09	1196.01
676.28	1187.82
676.46	1198.06
676.65	1142.77
676.83	1179.63
677.02	1148.91
677.21	1146.86
677.39	1257.45
677.58	1183.73
677.77	1097.71
677.95	1159.15
678.14	1148.91
678.32	1179.63
678.51	1148.91
678.70	1189.87
678.88	1132.53
679.07	1200.11
679.25	1165.29
679.44	1228.78
679.63	1173.49
679.81	1206.25
680.00	1245.16
680.18	1136.62
680.37	1122.29
680.55	1175.53
680.74	1189.87
680.93	1173.49
681.11	1222.64
681.30	1261.55
681.48	1130.48
681.67	1220.59
681.85	1116.14
682.04	1222.64
682.23	1173.49
682.41	1189.87
682.60	1220.59
682.78	1124.33
682.97	1169.39
683.15	1159.15
683.34	1216.49
683.53	1232.88
683.71	1206.25
683.90	1163.25
684.08	1185.77
684.27	1191.92
684.45	1261.55
684.64	1245.16
684.82	1122.29
685.01	1216.49
685.19	1198.06
685.38	1206.25
685.57	1247.21
685.75	1150.96
685.94	1193.97
686.12	1187.82
686.31	1150.96
686.49	1214.45
686.68	1196.01
686.86	1228.78
687.05	1228.78
687.23	1208.30
687.42	1189.87
687.60	1198.06
687.79	1259.50
687.97	1198.06
688.16	1216.49
688.34	1198.06
688.53	1173.49
688.71	1202.16
688.90	1269.74
689.08	1222.64
689.27	1230.83
689.45	1196.01
689.64	1167.34
689.82	1144.81
690.01	1241.07
690.19	1157.10
690.38	1255.40
690.56	1210.35
690.75	1183.73
690.93	1210.35
691.12	1157.10
691.30	1153.01
691.49	1232.88
691.67	1196.01
691.86	1187.82
692.04	1202.16
692.23	1167.34
692.41	1179.63
692.60	1169.39
692.78	1196.01
692.97	1202.16
693.15	1228.78
693.34	1218.54
693.52	1159.15
693.71	1275.88
693.89	1214.45
694.08	1185.77
694.26	1261.55
694.44	1142.77
694.63	1173.49
694.81	1183.73
695.00	1198.06
695.18	1171.44
695.37	1222.64
695.55	1165.29
695.74	1163.25
695.92	1138.67
696.10	1189.87
696.29	1124.33
696.47	1193.97
696.66	1245.16
696.84	1179.63
697.03	1212.40
697.21	1173.49
697.40	1136.62
697.58	1239.02
697.76	1193.97
697.95	1144.81
698.13	1148.91
698.32	1189.87
698.50	1179.63
698.68	1183.73
698.87	1159.15
699.05	1269.74
699.24	1144.81
699.42	1218.54
699.61	1120.24
699.79	1282.03
699.97	1185.77
700.16	1089.52
700.34	1243.12
700.53	1232.88
700.71	1245.16
700.89	1200.11
701.08	1245.16
701.26	1181.68
701.45	1155.05
701.63	1181.68
701.81	1290.22
702.00	1259.50
702.18	1107.95
702.37	1181.68
702.55	1191.92
702.73	1146.86
702.92	1155.05
703.10	1224.69
703.28	1204.21
703.47	1222.64
703.65	1148.91
703.84	1148.91
704.02	1161.20
704.20	1167.34
704.39	1200.11
704.57	1169.39
704.75	1191.92
704.94	1208.30
705.12	1191.92
705.30	1200.11
705.49	1179.63
705.67	1183.73
705.86	1210.35
706.04	1191.92
706.22	1232.88
706.41	1206.25
706.59	1183.73
706.77	1232.88
706.96	1167.34
707.14	1189.87
707.32	1214.45
707.51	1140.72
707.69	1175.53
707.87	1232.88
708.06	1191.92
708.24	1198.06
708.42	1226.73
708.61	1196.01
708.79	1226.73
708.97	1153.01
709.16	1218.54
709.34	1200.11
709.52	1200.11
709.71	1138.67
709.89	1171.44
710.07	1181.68
710.26	1214.45
710.44	1181.68
710.62	1173.49
710.80	1153.01
710.99	1202.16
711.17	1185.77
711.35	1177.58
711.54	1253.36
711.72	1187.82
711.90	1236.97
712.09	1175.53
712.27	1220.59
712.45	1196.01
712.63	1200.11
712.82	1214.45
713.00	1191.92
713.18	1171.44
713.37	1243.12
713.55	1163.25
713.73	1181.68
713.91	1257.45
714.10	1134.57
714.28	1193.97
714.46	1177.58
714.65	1193.97
714.83	1085.42
715.01	1196.01
715.19	1204.21
715.38	1255.40
715.56	1179.63
715.74	1161.20
715.92	1232.88
716.11	1155.05
716.29	1249.26
716.47	1226.73
716.65	1210.35
716.84	1243.12
717.02	1132.53
717.20	1179.63
717.38	1181.68
717.57	1218.54
717.75	1177.58
717.93	1169.39
718.11	1198.06
718.30	1189.87
718.48	1179.63
718.66	1183.73
718.84	1216.49
719.03	1183.73
719.21	1220.59
719.39	1165.29
719.57	1216.49
719.75	1193.97
719.94	1198.06
720.12	1216.49
720.30	1173.49
720.48	1224.69
720.67	1173.49
720.85	1171.44
721.03	1189.87
721.21	1200.11
721.39	1212.40
721.58	1177.58
721.76	1198.06
721.94	1175.53
722.12	1232.88
722.30	1159.15
722.49	1243.12
722.67	1120.24
722.85	1140.72
723.03	1183.73
723.21	1198.06
723.40	1187.82
723.58	1222.64
723.76	1212.40
723.94	1146.86
724.12	1183.73
724.30	1118.19
724.49	1216.49
724.67	1241.07
724.85	1191.92
725.03	1187.82
725.21	1204.21
725.40	1173.49
725.58	1267.69
725.76	1204.21
725.94	1202.16
726.12	1132.53
726.30	1175.53
726.49	1204.21
726.67	1146.86
726.85	1210.35
727.03	1263.60
727.21	1169.39
727.39	1134.57
727.57	1161.20
727.76	1200.11
727.94	1204.21
728.12	1253.36
728.30	1206.25
728.48	1189.87
728.66	1196.01
728.84	1169.39
729.03	1220.59
729.21	1146.86
729.39	1243.12
729.57	1196.01
729.75	1167.34
729.93	1187.82
730.11	1245.16
730.30	1175.53
730.48	1167.34
730.66	1148.91
730.84	1155.05
731.02	1200.11
731.20	1232.88
731.38	1204.21
731.56	1271.79
731.74	1144.81
731.93	1163.25
732.11	1191.92
732.29	1177.58
732.47	1173.49
732.65	1181.68
732.83	1148.91
733.01	1169.39
733.19	1212.40
733.37	1175.53
733.56	1263.60
733.74	1200.11
733.92	1196.01
734.10	1140.72
734.28	1175.53
734.46	1157.10
734.64	1271.79
734.82	1122.29
735.00	1218.54
735.18	1181.68
735.36	1142.77
735.54	1232.88
735.73	1204.21
735.91	1105.90
736.09	1191.92
736.27	1226.73
736.45	1159.15
736.63	1255.40
736.81	1216.49
736.99	1255.40
737.17	1206.25
737.35	1218.54
737.53	1159.15
737.71	1216.49
737.89	1146.86
738.07	1175.53
738.25	1181.68
738.43	1218.54
738.61	1167.34
738.80	1198.06
738.98	1222.64
739.16	1175.53
739.34	1181.68
739.52	1255.40
739.70	1200.11
739.88	1263.60
740.06	1187.82
740.24	1202.16
740.42	1189.87
740.60	1118.19
740.78	1181.68
740.96	1134.57
741.14	1185.77
741.32	1181.68
741.50	1165.29
741.68	1216.49
741.86	1275.88
742.04	1218.54
742.22	1175.53
742.40	1191.92
742.58	1155.05
742.76	1236.97
742.94	1191.92
743.12	1196.01
743.30	1247.21
743.48	1232.88
743.66	1208.30
743.84	1208.30
744.02	1150.96
744.20	1202.16
744.38	1177.58
744.56	1216.49
744.74	1247.21
744.92	1157.10
745.10	1222.64
745.28	1204.21
745.46	1157.10
745.64	1165.29
745.82	1187.82
746.00	1165.29
746.18	1155.05
746.36	1163.25
746.54	1183.73
746.72	1196.01
746.90	1208.30
747.08	1173.49
747.26	1150.96
747.44	1241.07
747.62	1200.11
747.80	1150.96
747.98	1200.11
748.15	1222.64
748.33	1208.30
748.51	1241.07
748.69	1208.30
748.87	1191.92
749.05	1130.48
749.23	1175.53
749.41	1210.35
749.59	1200.11
749.77	1150.96
749.95	1202.16
750.13	1138.67
750.31	1140.72
750.49	1171.44
750.67	1222.64
750.85	1157.10
751.03	1191.92
751.20	1177.58
751.38	1232.88
751.56	1245.16
751.74	1165.29
751.92	1167.34
752.10	1187.82
752.28	1232.88
752.46	1257.45
752.64	1183.73
752.82	1210.35
753.00	1210.35
753.18	1222.64
753.35	1239.02
753.53	1169.39
753.71	1243.12
753.89	1214.45
754.07	1257.45
754.25	1191.92
754.43	1173.49
754.61	1249.26
754.79	1243.12
754.97	1243.12
755.14	1196.01
755.32	1193.97
755.50	1224.69
755.68	1222.64
755.86	1177.58
756.04	1202.16
756.22	1187.82
756.40	1161.20
756.57	1138.67
756.75	1216.49
756.93	1185.77
757.11	1193.97
757.29	1222.64
757.47	1161.20
757.65	1245.16
757.82	1200.11
758.00	1210.35
758.18	1142.77
758.36	1206.25
758.54	1216.49
758.72	1208.30
758.90	1183.73
759.07	1183.73
759.25	1177.58
759.43	1173.49
759.61	1236.97
759.79	1298.41
759.97	1202.16
760.15	1175.53
760.32	1153.01
760.50	1251.31
760.68	1173.49
760.86	1206.25
761.04	1185.77
761.22	1249.26
761.39	1191.92
761.57	1245.16
761.75	1232.88
761.93	1167.34
762.11	1216.49
762.28	1175.53
762.46	1150.96
762.64	1185.77
762.82	1220.59
763.00	1138.67
763.18	1107.95
763.35	1198.06
763.53	1210.35
763.71	1150.96
763.89	1173.49
764.07	1161.20
764.24	1187.82
764.42	1212.40
764.60	1198.06
764.78	1171.44
764.96	1175.53
765.13	1279.98
765.31	1196.01
765.49	1236.97
765.67	1118.19
765.84	1167.34
766.02	1173.49
766.20	1173.49
766.38	1253.36
766.56	1179.63
766.73	1163.25
766.91	1232.88
767.09	1187.82
767.27	1277.93
767.44	1257.45
767.62	1202.16
767.80	1175.53
767.98	1226.73
768.15	1189.87
768.33	1191.92
768.51	1161.20
768.69	1189.87
768.87	1263.60
769.04	1224.69
769.22	1198.06
769.40	1218.54
769.58	1234.93
769.75	1269.74
769.93	1177.58
770.11	1183.73
770.28	1183.73
770.46	1155.05
770.64	1122.29
770.82	1159.15
770.99	1273.84
771.17	1249.26
771.35	1103.86
771.53	1159.15
771.70	1142.77
771.88	1167.34
772.06	1169.39
772.23	1142.77
772.41	1189.87
772.59	1122.29
772.77	1196.01
772.94	1228.78
773.12	1198.06
773.30	1175.53
773.47	1193.97
773.65	1167.34
773.83	1153.01
774.01	1183.73
774.18	1167.34
774.36	1136.62
774.54	1181.68
774.71	1163.25
774.89	1208.30
775.07	1216.49
775.24	1155.05
775.42	1198.06
775.60	1173.49
775.78	1165.29
775.95	1150.96
776.13	1146.86
776.31	1130.48
776.48	1150.96
776.66	1208.30
776.84	1169.39
777.01	1189.87
777.19	1232.88
777.37	1269.74
777.54	1220.59
777.72	1157.10
777.90	1126.38
778.07	1118.19
778.25	1118.19
778.43	1122.29
778.60	1173.49
778.78	1142.77
778.96	1257.45
779.13	1175.53
779.31	1128.43
779.49	1189.87
779.66	1228.78
779.84	1155.05
780.01	1144.81
780.19	1216.49
780.37	1214.45
780.54	1196.01
780.72	1239.02
780.90	1189.87
781.07	1251.31
781.25	1220.59
781.43	1181.68
781.60	1155.05
781.78	1167.34
781.95	1206.25
782.13	1214.45
782.31	1208.30
782.48	1163.25
782.66	1191.92
782.83	1212.40
783.01	1198.06
783.19	1220.59
783.36	1181.68
783.54	1167.34
783.72	1191.92
783.89	1200.11
784.07	1173.49
784.24	1148.91
784.42	1183.73
784.60	1189.87
784.77	1259.50
784.95	1169.39
785.12	1185.77
785.30	1157.10
785.47	1157.10
785.65	1112.05
785.83	1210.35
786.00	1236.97
786.18	1243.12
786.35	1155.05
786.53	1169.39
786.71	1179.63
786.88	1130.48
787.06	1200.11
787.23	1124.33
787.41	1150.96
787.58	1153.01
787.76	1216.49
787.94	1200.11
788.11	1202.16
788.29	1189.87
788.46	1196.01
788.64	1163.25
788.81	1155.05
788.99	1183.73
789.16	1157.10
789.34	1169.39
789.52	1210.35
789.69	1157.10
789.87	1179.63
790.04	1218.54
790.22	1146.86
790.39	1187.82
790.57	1181.68
790.74	1161.20
790.92	1167.34
791.09	1132.53
791.27	1167.34
791.44	1245.16
791.62	1189.87
791.79	1183.73
791.97	1189.87
792.15	1157.10
792.32	1165.29
792.50	1200.11
792.67	1196.01
792.85	1253.36
793.02	1161.20
793.20	1206.25
793.37	1193.97
793.55	1200.11
793.72	1159.15
793.90	1138.67
794.07	1165.29
794.25	1161.20
794.42	1191.92
794.60	1224.69
794.77	1239.02
794.95	1159.15
795.12	1169.39
795.30	1153.01
795.47	1236.97
795.65	1163.25
795.82	1153.01
796.00	1224.69
796.17	1243.12
796.34	1169.39
796.52	1183.73
796.69	1155.05
796.87	1163.25
797.04	1189.87
797.22	1167.34
797.39	1200.11
797.57	1183.73
797.74	1210.35
797.92	1175.53
798.09	1183.73
798.27	1169.39
798.44	1189.87
798.62	1230.83
798.79	1193.97
798.96	1218.54
799.14	1193.97
799.31	1300.46
799.49	1163.25
799.66	1150.96
799.84	1222.64
800.01	1212.40
800.19	1245.16
800.36	1159.15
800.53	1181.68
800.71	1216.49
800.88	1232.88
801.06	1169.39
801.23	1218.54
801.41	1165.29
801.58	1165.29
801.75	1232.88
801.93	1196.01
802.10	1200.11
802.28	1183.73
802.45	1245.16
802.63	1167.34
802.80	1099.76
802.97	1171.44
803.15	1161.20
803.32	1216.49
803.50	1222.64
803.67	1206.25
803.84	1146.86
804.02	1155.05
804.19	1200.11
804.37	1245.16
804.54	1208.30
804.71	1208.30
804.89	1181.68
805.06	1228.78
805.24	1173.49
805.41	1183.73
805.58	1220.59
805.76	1132.53
805.93	1169.39
806.10	1247.21
806.28	1142.77
806.45	1122.29
806.63	1167.34
806.80	1243.12
806.97	1202.16
807.15	1189.87
807.32	1206.25
807.49	1249.26
807.67	1218.54
807.84	1208.30
808.01	1208.30
808.19	1239.02
808.36	1284.08
808.54	1099.76
808.71	1177.58
808.88	1253.36
809.06	1249.26
809.23	1216.49
809.40	1212.40
809.58	1206.25
809.75	1277.93
809.92	1132.53
810.10	1236.97
810.27	1216.49
810.44	1187.82
810.62	1148.91
810.79	1173.49
810.96	1130.48
811.14	1206.25
811.31	1251.31
811.48	1167.34
811.66	1189.87
811.83	1239.02
812.00	1236.97
812.18	1214.45
812.35	1208.30
812.52	1175.53
812.69	1189.87
812.87	1140.72
813.04	1183.73
813.21	1148.91
813.39	1177.58
813.56	1245.16
813.73	1255.40
813.91	1171.44
814.08	1234.93
814.25	1191.92
814.42	1212.40
814.60	1198.06
814.77	1222.64
814.94	1157.10
815.12	1167.34
815.29	1122.29
815.46	1163.25
815.63	1204.21
815.81	1191.92
815.98	1193.97
816.15	1116.14
816.33	1157.10
816.50	1200.11
816.67	1114.10
816.84	1187.82
817.02	1202.16
817.19	1120.24
817.36	1150.96
817.53	1224.69
817.71	1243.12
817.88	1245.16
818.05	1210.35
818.22	1245.16
818.40	1142.77
818.57	1181.68
818.74	1286.12
818.91	1189.87
819.09	1165.29
819.26	1222.64
819.43	1198.06
819.60	1175.53
819.78	1200.11
819.95	1189.87
820.12	1193.97
820.29	1183.73
820.47	1200.11
820.64	1206.25
820.81	1236.97
820.98	1171.44
821.15	1187.82
821.33	1226.73
821.50	1118.19
821.67	1196.01
821.84	1241.07
822.02	1165.29
822.19	1214.45
822.36	1171.44
822.53	1185.77
822.70	1253.36
822.88	1128.43
823.05	1200.11
823.22	1175.53
823.39	1243.12
823.56	1187.82
823.74	1212.40
823.91	1228.78
824.08	1167.34
824.25	1204.21
824.42	1247.21
824.60	1214.45
824.77	1249.26
824.94	1144.81
825.11	1175.53
825.28	1200.11
825.45	1206.25
825.63	1130.48
825.80	1173.49
825.97	1183.73
826.14	1249.26
826.31	1265.64
826.48	1200.11
826.66	1208.30
826.83	1253.36
827.00	1181.68
827.17	1169.39
827.34	1216.49
827.51	1224.69
827.69	1220.59
827.86	1179.63
828.03	1163.25
828.20	1196.01
828.37	1144.81
828.54	1167.34
828.71	1157.10
828.89	1179.63
829.06	1155.05
829.23	1196.01
829.40	1253.36
829.57	1226.73
829.74	1191.92
829.91	1230.83
830.09	1216.49
830.26	1179.63
830.43	1175.53
830.60	1124.33
830.77	1196.01
830.94	1189.87
831.11	1198.06
831.28	1169.39
831.46	1163.25
831.63	1263.60
831.80	1173.49
831.97	1159.15
832.14	1234.93
832.31	1165.29
832.48	1165.29
832.65	1167.34
832.82	1198.06
832.99	1175.53
833.17	1187.82
833.34	1171.44
833.51	1132.53
833.68	1173.49
833.85	1134.57
834.02	1212.40
834.19	1159.15
834.36	1222.64
834.53	1200.11
834.70	1189.87
834.87	1138.67
835.04	1241.07
835.22	1183.73
835.39	1202.16
835.56	1198.06
835.73	1251.31
835.90	1257.45
836.07	1171.44
836.24	1124.33
836.41	1241.07
836.58	1085.42
836.75	1150.96
836.92	1134.57
837.09	1208.30
837.26	1183.73
837.43	1185.77
837.60	1234.93
837.77	1187.82
837.94	1134.57
838.12	1155.05
838.29	1179.63
838.46	1226.73
838.63	1175.53
838.80	1222.64
838.97	1239.02
839.14	1173.49
839.31	1187.82
839.48	1220.59
839.65	1202.16
839.82	1198.06
839.99	1208.30
840.16	1130.48
840.33	1163.25
840.50	1163.25
840.67	1228.78
840.84	1161.20
841.01	1214.45
841.18	1196.01
841.35	1200.11
841.52	1234.93
841.69	1200.11
841.86	1320.94
842.03	1144.81
842.20	1105.90
842.37	1236.97
842.54	1214.45
842.71	1165.29
842.88	1216.49
843.05	1169.39
843.22	1216.49
843.39	1177.58
843.56	1255.40
843.73	1249.26
843.90	1171.44
844.07	1189.87
844.24	1226.73
844.41	1245.16
844.58	1148.91
844.75	1120.24
844.92	1181.68
845.09	1226.73
845.26	1183.73
845.43	1263.60
845.60	1232.88
845.77	1218.54
845.94	1189.87
846.10	1191.92
846.27	1175.53
846.44	1187.82
846.61	1208.30
846.78	1239.02
846.95	1183.73
847.12	1196.01
847.29	1120.24
847.46	1214.45
847.63	1187.82
847.80	1179.63
847.97	1122.29
848.14	1146.86
848.31	1200.11
848.48	1226.73
848.65	1169.39
848.82	1200.11
848.98	1191.92
849.15	1159.15
849.32	1193.97
849.49	1116.14
849.66	1187.82
849.83	1206.25
850.00	1228.78
850.17	1185.77
850.34	1148.91
850.51	1273.84
850.68	1241.07
850.85	1226.73
851.01	1161.20
851.18	1155.05
851.35	1204.21
851.52	1202.16
851.69	1200.11
851.86	1159.15
852.03	1179.63
852.20	1146.86
852.37	1177.58
852.53	1220.59
852.70	1226.73
852.87	1163.25
853.04	1220.59
853.21	1241.07
853.38	1208.30
853.55	1173.49
853.72	1175.53
853.89	1214.45
854.05	1193.97
854.22	1183.73
854.39	1163.25
854.56	1191.92
854.73	1173.49
854.90	1216.49
855.07	1175.53
855.23	1251.31
855.40	1118.19
855.57	1204.21
855.74	1204.21
855.91	1220.59
856.08	1150.96
856.25	1224.69
856.41	1175.53
856.58	1273.84
856.75	1232.88
856.92	1177.58
857.09	1189.87
857.26	1163.25
857.42	1208.30
857.59	1216.49
857.76	1142.77
857.93	1183.73
858.10	1132.53
858.27	1181.68
858.43	1241.07
858.60	1191.92
858.77	1198.06
858.94	1193.97
859.11	1181.68
859.27	1189.87
859.44	1140.72
859.61	1193.97
859.78	1251.31
859.95	1198.06
860.12	1222.64
860.28	1150.96
860.45	1230.83
860.62	1208.30
860.79	1185.77
860.95	1179.63
861.12	1189.87
861.29	1214.45
861.46	1105.90
861.63	1196.01
861.79	1167.34
861.96	1171.44
862.13	1140.72
862.30	1144.81
862.47	1204.21
862.63	1200.11
862.80	1200.11
862.97	1150.96
863.14	1183.73
863.30	1107.95
863.47	1196.01
863.64	1169.39
863.81	1181.68
863.97	1216.49
864.14	1239.02
864.31	1234.93
864.48	1234.93
864.65	1196.01
864.81	1249.26
864.98	1177.58
865.15	1198.06
865.32	1239.02
865.48	1193.97
865.65	1212.40
865.82	1224.69
865.98	1202.16
866.15	1167.34
866.32	1148.91
866.49	1210.35
866.65	1239.02
866.82	1140.72
866.99	1183.73
867.16	1214.45
867.32	1198.06
867.49	1200.11
867.66	1144.81
867.83	1157.10
867.99	1193.97
868.16	1249.26
868.33	1173.49
868.49	1183.73
868.66	1216.49
868.83	1181.68
868.99	1198.06
869.16	1198.06
869.33	1185.77
869.50	1249.26
869.66	1198.06
869.83	1269.74
870.00	1204.21
870.16	1187.82
870.33	1144.81
870.50	1161.20
870.66	1224.69
870.83	1228.78
871.00	1165.29
871.17	1150.96
871.33	1206.25
871.50	1171.44
871.67	1146.86
871.83	1267.69
872.00	1204.21
872.17	1247.21
872.33	1202.16
872.50	1232.88
872.67	1179.63
872.83	1187.82
873.00	1132.53
873.17	1273.84
873.33	1214.45
873.50	1105.90
873.67	1234.93
873.83	1196.01
874.00	1116.14
874.16	1103.86
874.33	1206.25
874.50	1206.25
874.66	1208.30
874.83	1212.40
875.00	1220.59
875.16	1210.35
875.33	1142.77
875.50	1253.36
875.66	1210.35
875.83	1210.35
875.99	1198.06
876.16	1169.39
876.33	1212.40
876.49	1157.10
876.66	1193.97
876.83	1163.25
876.99	1150.96
877.16	1200.11
877.32	1255.40
877.49	1185.77
877.66	1228.78
877.82	1189.87
877.99	1142.77
878.15	1208.30
878.32	1224.69
878.49	1218.54
878.65	1175.53
878.82	1216.49
878.98	1140.72
879.15	1202.16
879.32	1105.90
879.48	1132.53
879.65	1169.39
879.81	1208.30
879.98	1187.82
880.15	1124.33
880.31	1292.27
880.48	1120.24
880.64	1292.27
880.81	1269.74
880.97	1167.34
881.14	1132.53
881.31	1202.16
881.47	1208.30
881.64	1232.88
881.80	1185.77
881.97	1155.05
882.13	1122.29
882.30	1222.64
882.47	1148.91
882.63	1144.81
882.80	1185.77
882.96	1206.25
883.13	1206.25
883.29	1110.00
883.46	1144.81
883.62	1259.50
883.79	1241.07
883.95	1126.38
884.12	1204.21
884.29	1196.01
884.45	1228.78
884.62	1142.77
884.78	1234.93
884.95	1193.97
885.11	1157.10
885.28	1165.29
885.44	1224.69
885.61	1167.34
885.77	1224.69
885.94	1116.14
886.10	1177.58
886.27	1177.58
886.43	1189.87
886.60	1232.88
886.76	1187.82
886.93	1236.97
887.09	1234.93
887.26	1200.11
887.42	1212.40
887.59	1243.12
887.75	1171.44
887.92	1167.34
888.08	1116.14
888.25	1191.92
888.41	1224.69
888.58	1208.30
888.74	1179.63
888.91	1165.29
