177.47	1159.15
177.69	1159.15
177.91	1159.15
178.13	1179.63
178.36	1183.73
178.58	1187.82
178.80	1193.97
179.02	1101.81
179.24	1183.73
179.46	1153.01
179.68	1175.53
179.90	1146.86
180.13	1189.87
180.35	1130.48
180.57	1159.15
180.79	1239.02
181.01	1150.96
181.23	1155.05
181.45	1177.58
181.67	1257.45
181.90	1169.39
182.12	1107.95
182.34	1204.21
182.56	1239.02
182.78	1169.39
183.00	1153.01
183.22	1273.84
183.44	1175.53
183.66	1179.63
183.89	1161.20
184.11	1191.92
184.33	1196.01
184.55	1167.34
184.77	1140.72
184.99	1204.21
185.21	1204.21
185.43	1120.24
185.65	1155.05
185.87	1189.87
186.10	1169.39
186.32	1210.35
186.54	1226.73
186.76	1173.49
186.98	1202.16
187.20	1200.11
187.42	1153.01
187.64	1167.34
187.86	1124.33
188.08	1208.30
188.30	1167.34
188.52	1165.29
188.75	1150.96
188.97	1196.01
189.19	1261.55
189.41	1101.81
189.63	1228.78
189.85	1239.02
190.07	1157.10
190.29	1183.73
190.51	1202.16
190.73	1148.91
190.95	1150.96
191.17	1150.96
191.39	1183.73
191.61	1179.63
191.84	1107.95
192.06	1198.06
192.28	1146.86
192.50	1144.81
192.72	1241.07
192.94	1208.30
193.16	1175.53
193.38	1191.92
193.60	1157.10
193.82	1161.20
194.04	1171.44
194.26	1189.87
194.48	1191.92
194.70	1204.21
194.92	1155.05
195.14	1165.29
195.36	1171.44
195.58	1214.45
195.80	1175.53
196.02	1177.58
196.24	1146.86
196.46	1099.76
196.69	1128.43
196.91	1175.53
197.13	1175.53
197.35	1232.88
197.57	1185.77
197.79	1212.40
198.01	1120.24
198.23	1134.57
198.45	1136.62
198.67	1228.78
198.89	1220.59
199.11	1202.16
199.33	1222.64
199.55	1163.25
199.77	1212.40
199.99	1148.91
200.21	1161.20
200.43	1214.45
200.65	1130.48
200.87	1118.19
201.09	1218.54
201.31	1208.30
201.53	1206.25
201.75	1161.20
201.97	1236.97
202.19	1124.33
202.41	1171.44
202.63	1214.45
202.85	1210.35
203.07	1236.97
203.29	1177.58
203.51	1167.34
203.73	1216.49
203.95	1214.45
204.17	1216.49
204.39	1148.91
204.61	1191.92
204.83	1277.93
205.05	1232.88
205.27	1183.73
205.49	1159.15
205.71	1159.15
205.93	1124.33
206.15	1196.01
206.37	1204.21
206.59	1150.96
206.81	1167.34
207.03	1208.30
207.25	1216.49
207.47	1142.77
207.69	1228.78
207.91	1165.29
208.13	1179.63
208.34	1161.20
208.56	1150.96
208.78	1175.53
209.00	1165.29
209.22	1222.64
209.44	1155.05
209.66	1228.78
209.88	1144.81
210.10	1277.93
210.32	1148.91
210.54	1157.10
210.76	1183.73
210.98	1171.44
211.20	1120.24
211.42	1140.72
211.64	1138.67
211.86	1122.29
212.08	1191.92
212.30	1185.77
212.52	1163.25
212.74	1206.25
212.96	1183.73
213.17	1177.58
213.39	1167.34
213.61	1183.73
213.83	1163.25
214.05	1142.77
214.27	1144.81
214.49	1134.57
214.71	1167.34
214.93	1112.05
215.15	1126.38
215.37	1150.96
215.59	1263.60
215.81	1165.29
216.03	1218.54
216.24	1249.26
216.46	1122.29
216.68	1236.97
216.90	1161.20
217.12	1230.83
217.34	1089.52
217.56	1212.40
217.78	1204.21
218.00	1206.25
218.22	1179.63
218.44	1126.38
218.66	1150.96
218.87	1175.53
219.09	1259.50
219.31	1216.49
219.53	1183.73
219.75	1169.39
219.97	1222.64
220.19	1177.58
220.41	1181.68
220.63	1206.25
220.85	1079.28
221.06	1251.31
221.28	1191.92
221.50	1187.82
221.72	1144.81
221.94	1118.19
222.16	1181.68
222.38	1150.96
222.60	1155.05
222.82	1161.20
223.03	1177.58
223.25	1202.16
223.47	1198.06
223.69	1144.81
223.91	1144.81
224.13	1200.11
224.35	1198.06
224.57	1159.15
224.78	1116.14
225.00	1208.30
225.22	1144.81
225.44	1224.69
225.66	1138.67
225.88	1101.81
226.10	1177.58
226.32	1202.16
226.53	1196.01
226.75	1103.86
226.97	1179.63
227.19	1257.45
227.41	1148.91
227.63	1077.23
227.85	1169.39
228.06	1212.40
228.28	1218.54
228.50	1206.25
228.72	1232.88
228.94	1165.29
229.16	1232.88
229.37	1187.82
229.59	1157.10
229.81	1128.43
230.03	1228.78
230.25	1138.67
230.47	1187.82
230.69	1187.82
230.90	1153.01
231.12	1148.91
231.34	1148.91
231.56	1105.90
231.78	1204.21
232.00	1187.82
232.21	1153.01
232.43	1224.69
232.65	1261.55
232.87	1263.60
233.09	1253.36
233.30	1126.38
233.52	1218.54
233.74	1153.01
233.96	1173.49
234.18	1173.49
234.40	1167.34
234.61	1200.11
234.83	1150.96
235.05	1212.40
235.27	1179.63
235.49	1175.53
235.70	1175.53
235.92	1181.68
236.14	1216.49
236.36	1175.53
236.58	1196.01
236.79	1200.11
237.01	1134.57
237.23	1226.73
237.45	1165.29
237.67	1173.49
237.88	1155.05
238.10	1167.34
238.32	1189.87
238.54	1169.39
238.76	1179.63
238.97	1202.16
239.19	1187.82
239.41	1191.92
239.63	1236.97
239.85	1241.07
240.06	1138.67
240.28	1142.77
240.50	1153.01
240.72	1132.53
240.93	1128.43
241.15	1208.30
241.37	1171.44
241.59	1181.68
241.81	1101.81
242.02	1222.64
242.24	1126.38
242.46	1224.69
242.68	1202.16
242.89	1157.10
243.11	1247.21
243.33	1142.77
243.55	1155.05
243.76	1128.43
243.98	1210.35
244.20	1187.82
244.42	1185.77
244.64	1271.79
244.85	1169.39
245.07	1200.11
245.29	1220.59
245.51	1216.49
245.72	1177.58
245.94	1150.96
246.16	1150.96
246.38	1208.30
246.59	1146.86
246.81	1277.93
247.03	1142.77
247.24	1153.01
247.46	1187.82
247.68	1189.87
247.90	1212.40
248.11	1148.91
248.33	1138.67
248.55	1241.07
248.77	1263.60
248.98	1132.53
249.20	1202.16
249.42	1116.14
249.64	1155.05
249.85	1165.29
250.07	1167.34
250.29	1189.87
250.50	1140.72
250.72	1140.72
250.94	1196.01
251.16	1202.16
251.37	1193.97
251.59	1169.39
251.81	1210.35
252.02	1216.49
252.24	1165.29
252.46	1183.73
252.68	1214.45
252.89	1222.64
253.11	1202.16
253.33	1183.73
253.54	1183.73
253.76	1157.10
253.98	1216.49
254.20	1157.10
254.41	1112.05
254.63	1202.16
254.85	1144.81
255.06	1142.77
255.28	1140.72
255.50	1183.73
255.71	1157.10
255.93	1167.34
256.15	1187.82
256.36	1236.97
256.58	1173.49
256.80	1191.92
257.02	1124.33
257.23	1148.91
257.45	1155.05
257.67	1148.91
257.88	1198.06
258.10	1191.92
258.32	1107.95
258.53	1265.64
258.75	1181.68
258.97	1222.64
259.18	1169.39
259.40	1206.25
259.62	1198.06
259.83	1161.20
260.05	1130.48
260.27	1236.97
260.48	1179.63
260.70	1198.06
260.92	1157.10
261.13	1234.93
261.35	1155.05
261.57	1208.30
261.78	1249.26
262.00	1130.48
262.22	1202.16
262.43	1148.91
262.65	1191.92
262.86	1208.30
263.08	1191.92
263.30	1157.10
263.51	1196.01
263.73	1173.49
263.95	1171.44
264.16	1249.26
264.38	1212.40
264.60	1191.92
264.81	1239.02
265.03	1200.11
265.25	1187.82
265.46	1185.77
265.68	1200.11
265.89	1200.11
266.11	1120.24
266.33	1181.68
266.54	1212.40
266.76	1189.87
266.98	1110.00
267.19	1193.97
267.41	1157.10
267.62	1185.77
267.84	1153.01
268.06	1183.73
268.27	1185.77
268.49	1161.20
268.70	1159.15
268.92	1191.92
269.14	1204.21
269.35	1177.58
269.57	1159.15
269.79	1163.25
270.00	1189.87
270.22	1144.81
270.43	1163.25
270.65	1140.72
270.87	1208.30
271.08	1167.34
271.30	1140.72
271.51	1175.53
271.73	1193.97
271.95	1155.05
272.16	1146.86
272.38	1218.54
272.59	1083.38
272.81	1187.82
273.02	1179.63
273.24	1200.11
273.46	1122.29
273.67	1282.03
273.89	1159.15
274.10	1173.49
274.32	1198.06
274.54	1169.39
274.75	1142.77
274.97	1110.00
275.18	1120.24
275.40	1220.59
275.61	1202.16
275.83	1206.25
276.05	1208.30
276.26	1187.82
276.48	1150.96
276.69	1208.30
276.91	1191.92
277.12	1153.01
277.34	1214.45
277.55	1198.06
277.77	1161.20
277.99	1181.68
278.20	1155.05
278.42	1191.92
278.63	1153.01
278.85	1202.16
279.06	1118.19
279.28	1181.68
279.49	1138.67
279.71	1085.42
279.93	1193.97
280.14	1216.49
280.36	1161.20
280.57	1148.91
280.79	1239.02
281.00	1173.49
281.22	1161.20
281.43	1175.53
281.65	1118.19
281.86	1200.11
282.08	1232.88
282.29	1163.25
282.51	1198.06
282.73	1132.53
282.94	1173.49
283.16	1204.21
283.37	1245.16
283.59	1165.29
283.80	1185.77
284.02	1167.34
284.23	1234.93
284.45	1142.77
284.66	1153.01
284.88	1146.86
285.09	1136.62
285.31	1183.73
285.52	1220.59
285.74	1066.99
285.95	1216.49
286.17	1134.57
286.38	1089.52
286.60	1198.06
286.81	1142.77
287.03	1169.39
287.24	1120.24
287.46	1179.63
287.67	1208.30
287.89	1282.03
288.10	1214.45
288.32	1148.91
288.53	1191.92
288.75	1126.38
288.96	1177.58
289.18	1206.25
289.39	1226.73
289.61	1165.29
289.82	1202.16
290.04	1249.26
290.25	1175.53
290.47	1159.15
290.68	1216.49
290.90	1206.25
291.11	1148.91
291.33	1189.87
291.54	1173.49
291.76	1183.73
291.97	1181.68
292.18	1224.69
292.40	1224.69
292.61	1212.40
292.83	1202.16
293.04	1101.81
293.26	1230.83
293.47	1212.40
293.69	1208.30
293.90	1243.12
294.12	1185.77
294.33	1175.53
294.55	1159.15
294.76	1142.77
294.97	1185.77
295.19	1167.34
295.40	1163.25
295.62	1185.77
295.83	1116.14
296.05	1210.35
296.26	1218.54
296.48	1204.21
296.69	1255.40
296.90	1202.16
297.12	1189.87
297.33	1181.68
297.55	1101.81
297.76	1118.19
297.98	1210.35
298.19	1173.49
298.41	1157.10
298.62	1138.67
298.83	1163.25
299.05	1200.11
299.26	1150.96
299.48	1196.01
299.69	1177.58
299.90	1153.01
300.12	1185.77
300.33	1196.01
300.55	1245.16
300.76	1120.24
300.98	1142.77
301.19	1216.49
301.40	1167.34
301.62	1222.64
301.83	1228.78
302.05	1189.87
302.26	1114.10
302.47	1206.25
302.69	1122.29
302.90	1181.68
303.12	1130.48
303.33	1134.57
303.54	1157.10
303.76	1171.44
303.97	1200.11
304.19	1216.49
304.40	1171.44
304.61	1212.40
304.83	1169.39
305.04	1200.11
305.26	1183.73
305.47	1189.87
305.68	1216.49
305.90	1124.33
306.11	1148.91
306.33	1140.72
306.54	1226.73
306.75	1150.96
306.97	1142.77
307.18	1114.10
307.39	1130.48
307.61	1200.11
307.82	1200.11
308.04	1288.17
308.25	1159.15
308.46	1183.73
308.68	1230.83
308.89	1200.11
309.10	1191.92
309.32	1216.49
309.53	1140.72
309.74	1208.30
309.96	1155.05
310.17	1157.10
310.39	1124.33
310.60	1230.83
310.81	1298.41
311.03	1181.68
311.24	1177.58
311.45	1146.86
311.67	1181.68
311.88	1204.21
312.09	1087.47
312.31	1177.58
312.52	1155.05
312.73	1241.07
312.95	1083.38
313.16	1212.40
313.37	1232.88
313.59	1204.21
313.80	1243.12
314.01	1148.91
314.23	1200.11
314.44	1183.73
314.65	1155.05
314.87	1290.22
315.08	1126.38
315.29	1220.59
315.51	1196.01
315.72	1150.96
315.93	1138.67
316.15	1224.69
316.36	1173.49
316.57	1185.77
316.79	1220.59
317.00	1273.84
317.21	1114.10
317.43	1101.81
317.64	1206.25
317.85	1204.21
318.07	1142.77
318.28	1134.57
318.49	1157.10
318.70	1171.44
318.92	1177.58
319.13	1163.25
319.34	1179.63
319.56	1148.91
319.77	1134.57
319.98	1251.31
320.20	1177.58
320.41	1177.58
320.62	1148.91
320.83	1179.63
321.05	1208.30
321.26	1185.77
321.47	1245.16
321.69	1150.96
321.90	1171.44
322.11	1185.77
322.32	1212.40
322.54	1187.82
322.75	1206.25
322.96	1214.45
323.18	1161.20
323.39	1198.06
323.60	1189.87
323.81	1200.11
324.03	1167.34
324.24	1212.40
324.45	1236.97
324.66	1202.16
324.88	1163.25
325.09	1165.29
325.30	1263.60
325.52	1161.20
325.73	1216.49
325.94	1103.86
326.15	1212.40
326.37	1120.24
326.58	1204.21
326.79	1118.19
327.00	1183.73
327.22	1198.06
327.43	1208.30
327.64	1153.01
327.85	1206.25
328.07	1204.21
328.28	1228.78
328.49	1179.63
328.70	1146.86
328.92	1202.16
329.13	1198.06
329.34	1189.87
329.55	1204.21
329.76	1218.54
329.98	1179.63
330.19	1179.63
330.40	1202.16
330.61	1171.44
330.83	1253.36
331.04	1122.29
331.25	1185.77
331.46	1198.06
331.68	1202.16
331.89	1157.10
332.10	1202.16
332.31	1173.49
332.52	1222.64
332.74	1146.86
332.95	1202.16
333.16	1187.82
333.37	1226.73
333.58	1140.72
333.80	1200.11
334.01	1167.34
334.22	1200.11
334.43	1189.87
334.64	1202.16
334.86	1173.49
335.07	1144.81
335.28	1212.40
335.49	1103.86
335.70	1099.76
335.92	1175.53
336.13	1116.14
336.34	1167.34
336.55	1218.54
336.76	1189.87
336.98	1157.10
337.19	1161.20
337.40	1071.09
337.61	1193.97
337.82	1185.77
338.04	1175.53
338.25	1191.92
338.46	1169.39
338.67	1169.39
338.88	1101.81
339.09	1224.69
339.31	1136.62
339.52	1153.01
339.73	1153.01
339.94	1175.53
340.15	1212.40
340.36	1171.44
340.58	1159.15
340.79	1191.92
341.00	1202.16
341.21	1142.77
341.42	1191.92
341.63	1241.07
341.85	1183.73
342.06	1226.73
342.27	1247.21
342.48	1214.45
342.69	1189.87
342.90	1196.01
343.12	1202.16
343.33	1177.58
343.54	1204.21
343.75	1138.67
343.96	1175.53
344.17	1200.11
344.38	1175.53
344.60	1179.63
344.81	1189.87
345.02	1212.40
345.23	1196.01
345.44	1163.25
345.65	1202.16
345.86	1177.58
346.07	1144.81
346.29	1171.44
346.50	1228.78
346.71	1167.34
346.92	1208.30
347.13	1153.01
347.34	1208.30
347.55	1142.77
347.76	1175.53
347.98	1210.35
348.19	1171.44
348.40	1222.64
348.61	1236.97
348.82	1181.68
349.03	1142.77
349.24	1251.31
349.45	1222.64
349.66	1177.58
349.88	1181.68
350.09	1239.02
350.30	1146.86
350.51	1136.62
350.72	1183.73
350.93	1120.24
351.14	1132.53
351.35	1222.64
351.56	1183.73
351.77	1132.53
351.99	1157.10
352.20	1171.44
352.41	1159.15
352.62	1220.59
352.83	1136.62
353.04	1214.45
353.25	1138.67
353.46	1148.91
353.67	1134.57
353.88	1150.96
354.09	1243.12
354.30	1144.81
354.52	1210.35
354.73	1228.78
354.94	1249.26
355.15	1163.25
355.36	1130.48
355.57	1175.53
355.78	1138.67
355.99	1179.63
356.20	1161.20
356.41	1222.64
356.62	1222.64
356.83	1196.01
357.04	1179.63
357.25	1118.19
357.46	1179.63
357.68	1165.29
357.89	1212.40
358.10	1206.25
358.31	1148.91
358.52	1146.86
358.73	1153.01
358.94	1175.53
359.15	1136.62
359.36	1165.29
359.57	1232.88
359.78	1191.92
359.99	1193.97
360.20	1181.68
360.41	1175.53
360.62	1200.11
360.83	1226.73
361.04	1163.25
361.25	1179.63
361.46	1171.44
361.67	1202.16
361.88	1175.53
362.09	1185.77
362.30	1181.68
362.51	1185.77
362.72	1218.54
362.93	1171.44
363.14	1183.73
363.35	1138.67
363.56	1228.78
363.78	1245.16
363.99	1214.45
364.20	1204.21
364.41	1179.63
364.62	1185.77
364.83	1146.86
365.04	1169.39
365.25	1114.10
365.46	1175.53
365.67	1200.11
365.88	1191.92
366.09	1148.91
366.30	1212.40
366.51	1189.87
366.72	1142.77
366.93	1230.83
367.14	1245.16
367.35	1243.12
367.56	1286.12
367.77	1255.40
367.98	1200.11
368.18	1222.64
368.39	1136.62
368.60	1187.82
368.81	1167.34
369.02	1101.81
369.23	1163.25
369.44	1241.07
369.65	1157.10
369.86	1249.26
370.07	1169.39
370.28	1157.10
370.49	1218.54
370.70	1155.05
370.91	1206.25
371.12	1099.76
371.33	1179.63
371.54	1148.91
371.75	1196.01
371.96	1216.49
372.17	1214.45
372.38	1222.64
372.59	1126.38
372.80	1171.44
373.01	1138.67
373.22	1179.63
373.43	1189.87
373.64	1265.64
373.85	1159.15
374.06	1251.31
374.26	1103.86
374.47	1220.59
374.68	1228.78
374.89	1150.96
375.10	1183.73
375.31	1177.58
375.52	1161.20
375.73	1210.35
375.94	1116.14
376.15	1191.92
376.36	1177.58
376.57	1185.77
376.78	1202.16
376.99	1161.20
377.20	1095.66
377.40	1241.07
377.61	1159.15
377.82	1161.20
378.03	1155.05
378.24	1226.73
378.45	1196.01
378.66	1124.33
378.87	1253.36
379.08	1202.16
379.29	1171.44
379.50	1173.49
379.71	1298.41
379.91	1247.21
380.12	1200.11
380.33	1179.63
380.54	1167.34
380.75	1142.77
380.96	1232.88
381.17	1224.69
381.38	1196.01
381.59	1167.34
381.80	1159.15
382.00	1134.57
382.21	1187.82
382.42	1144.81
382.63	1089.52
382.84	1224.69
383.05	1183.73
383.26	1243.12
383.47	1171.44
383.68	1128.43
383.88	1226.73
384.09	1181.68
384.30	1177.58
384.51	1191.92
384.72	1193.97
384.93	1247.21
385.14	1198.06
385.35	1173.49
385.55	1136.62
385.76	1196.01
385.97	1208.30
386.18	1101.81
386.39	1124.33
386.60	1173.49
386.81	1132.53
387.02	1241.07
387.22	1163.25
387.43	1112.05
387.64	1193.97
387.85	1239.02
388.06	1171.44
388.27	1198.06
388.48	1110.00
388.68	1175.53
388.89	1132.53
389.10	1243.12
389.31	1136.62
389.52	1175.53
389.73	1202.16
389.93	1157.10
390.14	1189.87
390.35	1153.01
390.56	1226.73
390.77	1116.14
390.98	1167.34
391.18	1241.07
391.39	1208.30
391.60	1200.11
391.81	1187.82
392.02	1169.39
392.23	1220.59
392.43	1165.29
392.64	1198.06
392.85	1148.91
393.06	1206.25
393.27	1187.82
393.47	1220.59
393.68	1165.29
393.89	1208.30
394.10	1206.25
394.31	1185.77
394.52	1196.01
394.72	1208.30
394.93	1105.90
395.14	1171.44
395.35	1200.11
395.56	1148.91
395.76	1222.64
395.97	1218.54
396.18	1204.21
396.39	1193.97
396.60	1157.10
396.80	1175.53
397.01	1220.59
397.22	1171.44
397.43	1130.48
397.64	1230.83
397.84	1187.82
398.05	1161.20
398.26	1212.40
398.47	1159.15
398.67	1210.35
398.88	1163.25
399.09	1079.28
399.30	1118.19
399.51	1206.25
399.71	1193.97
399.92	1167.34
400.13	1181.68
400.34	1196.01
400.54	1124.33
400.75	1183.73
400.96	1128.43
401.17	1185.77
401.37	1193.97
401.58	1183.73
401.79	1155.05
402.00	1183.73
402.21	1206.25
402.41	1118.19
402.62	1222.64
402.83	1167.34
403.04	1232.88
403.24	1183.73
403.45	1218.54
403.66	1224.69
403.87	1167.34
404.07	1236.97
404.28	1175.53
404.49	1198.06
404.70	1183.73
404.90	1153.01
405.11	1202.16
405.32	1171.44
405.52	1136.62
405.73	1171.44
405.94	1159.15
406.15	1159.15
406.35	1185.77
406.56	1177.58
406.77	1210.35
406.98	1099.76
407.18	1202.16
407.39	1224.69
407.60	1083.38
407.80	1132.53
408.01	1204.21
408.22	1157.10
408.43	1198.06
408.63	1177.58
408.84	1165.29
409.05	1200.11
409.25	1236.97
409.46	1257.45
409.67	1198.06
409.88	1230.83
410.08	1101.81
410.29	1153.01
410.50	1181.68
410.70	1198.06
410.91	1142.77
411.12	1230.83
411.32	1198.06
411.53	1183.73
411.74	1183.73
411.95	1089.52
412.15	1220.59
412.36	1204.21
412.57	1200.11
412.77	1081.33
412.98	1153.01
413.19	1208.30
413.39	1206.25
413.60	1191.92
413.81	1146.86
414.01	1159.15
414.22	1255.40
414.43	1148.91
414.63	1130.48
414.84	1177.58
415.05	1234.93
415.25	1181.68
415.46	1110.00
415.67	1136.62
415.87	1232.88
416.08	1187.82
416.29	1206.25
416.49	1159.15
416.70	1210.35
416.91	1177.58
417.11	1218.54
417.32	1214.45
417.53	1183.73
417.73	1150.96
417.94	1212.40
418.15	1212.40
418.35	1132.53
418.56	1222.64
418.77	1150.96
418.97	1161.20
419.18	1249.26
419.38	1159.15
419.59	1214.45
419.80	1181.68
420.00	1249.26
420.21	1153.01
420.42	1187.82
420.62	1134.57
420.83	1126.38
421.04	1191.92
421.24	1179.63
421.45	1212.40
421.65	1183.73
421.86	1222.64
422.07	1138.67
422.27	1200.11
422.48	1185.77
422.69	1181.68
422.89	1167.34
423.10	1216.49
423.30	1169.39
423.51	1187.82
423.72	1189.87
423.92	1140.72
424.13	1153.01
424.33	1159.15
424.54	1202.16
424.75	1196.01
424.95	1224.69
425.16	1187.82
425.36	1185.77
425.57	1193.97
425.78	1191.92
425.98	1200.11
426.19	1167.34
426.39	1134.57
426.60	1206.25
426.81	1193.97
427.01	1116.14
427.22	1265.64
427.42	1226.73
427.63	1181.68
427.83	1126.38
428.04	1216.49
428.25	1157.10
428.45	1144.81
428.66	1253.36
428.86	1202.16
429.07	1185.77
429.28	1257.45
429.48	1163.25
429.69	1165.29
429.89	1189.87
430.10	1208.30
430.30	1187.82
430.51	1202.16
430.71	1191.92
430.92	1142.77
431.13	1196.01
431.33	1198.06
431.54	1206.25
431.74	1091.57
431.95	1175.53
432.15	1140.72
432.36	1200.11
432.56	1216.49
432.77	1222.64
432.98	1161.20
433.18	1206.25
433.39	1200.11
433.59	1140.72
433.80	1181.68
434.00	1187.82
434.21	1222.64
434.41	1155.05
434.62	1216.49
434.82	1163.25
435.03	1181.68
435.23	1210.35
435.44	1226.73
435.64	1150.96
435.85	1202.16
436.06	1189.87
436.26	1179.63
436.47	1130.48
436.67	1185.77
436.88	1114.10
437.08	1220.59
437.29	1187.82
437.49	1157.10
437.70	1161.20
437.90	1212.40
438.11	1183.73
438.31	1159.15
438.52	1159.15
438.72	1224.69
438.93	1167.34
439.13	1105.90
439.34	1140.72
439.54	1093.62
439.75	1204.21
439.95	1173.49
440.16	1169.39
440.36	1257.45
440.57	1142.77
440.77	1196.01
440.98	1185.77
441.18	1249.26
441.39	1187.82
441.59	1206.25
441.80	1230.83
442.00	1175.53
442.21	1140.72
442.41	1171.44
442.62	1191.92
442.82	1202.16
443.02	1157.10
443.23	1167.34
443.43	1175.53
443.64	1204.21
443.84	1116.14
444.05	1202.16
444.25	1161.20
444.46	1132.53
444.66	1208.30
444.87	1120.24
445.07	1214.45
445.28	1107.95
445.48	1179.63
445.69	1159.15
445.89	1210.35
446.09	1210.35
446.30	1218.54
446.50	1173.49
446.71	1271.79
446.91	1163.25
447.12	1181.68
447.32	1146.86
447.53	1161.20
447.73	1216.49
447.93	1079.28
448.14	1181.68
448.34	1187.82
448.55	1120.24
448.75	1140.72
448.96	1167.34
449.16	1146.86
449.36	1155.05
449.57	1167.34
449.77	1138.67
449.98	1153.01
450.18	1232.88
450.39	1212.40
450.59	1150.96
450.79	1130.48
451.00	1202.16
451.20	1120.24
451.41	1177.58
451.61	1150.96
451.81	1200.11
452.02	1142.77
452.22	1128.43
452.43	1169.39
452.63	1155.05
452.84	1161.20
453.04	1193.97
453.24	1153.01
453.45	1112.05
453.65	1138.67
453.86	1183.73
454.06	1204.21
454.26	1138.67
454.47	1265.64
454.67	1142.77
454.87	1146.86
455.08	1206.25
455.28	1245.16
455.49	1181.68
455.69	1232.88
455.89	1146.86
456.10	1200.11
456.30	1216.49
456.51	1253.36
456.71	1212.40
456.91	1185.77
457.12	1193.97
457.32	1222.64
457.52	1189.87
457.73	1220.59
457.93	1232.88
458.14	1202.16
458.34	1181.68
458.54	1167.34
458.75	1228.78
458.95	1107.95
459.15	1122.29
459.36	1146.86
459.56	1200.11
459.76	1169.39
459.97	1216.49
460.17	1193.97
460.37	1193.97
460.58	1202.16
460.78	1204.21
460.99	1210.35
461.19	1142.77
461.39	1196.01
461.60	1175.53
461.80	1196.01
462.00	1228.78
462.21	1177.58
462.41	1185.77
462.61	1198.06
462.82	1175.53
463.02	1077.23
463.22	1208.30
463.43	1157.10
463.63	1255.40
463.83	1204.21
464.04	1157.10
464.24	1171.44
464.44	1177.58
464.64	1202.16
464.85	1163.25
465.05	1132.53
465.25	1198.06
465.46	1196.01
465.66	1185.77
465.86	1193.97
466.07	1122.29
466.27	1196.01
466.47	1189.87
466.68	1103.86
466.88	1179.63
467.08	1140.72
467.29	1189.87
467.49	1163.25
467.69	1224.69
467.89	1183.73
468.10	1214.45
468.30	1257.45
468.50	1150.96
468.71	1169.39
468.91	1189.87
469.11	1130.48
469.31	1241.07
469.52	1245.16
469.72	1193.97
469.92	1175.53
470.13	1200.11
470.33	1177.58
470.53	1183.73
470.73	1222.64
470.94	1167.34
471.14	1257.45
471.34	1200.11
471.54	1146.86
471.75	1150.96
471.95	1126.38
472.15	1118.19
472.36	1103.86
472.56	1187.82
472.76	1249.26
472.96	1101.81
473.17	1220.59
473.37	1161.20
473.57	1253.36
473.77	1198.06
473.98	1196.01
474.18	1230.83
474.38	1226.73
474.58	1173.49
474.79	1148.91
474.99	1224.69
475.19	1177.58
475.39	1241.07
475.60	1183.73
475.80	1241.07
476.00	1150.96
476.20	1110.00
476.41	1165.29
476.61	1181.68
476.81	1185.77
477.01	1183.73
477.21	1144.81
477.42	1196.01
477.62	1157.10
477.82	1232.88
478.02	1169.39
478.23	1218.54
478.43	1150.96
478.63	1196.01
478.83	1218.54
479.03	1165.29
479.24	1167.34
479.44	1206.25
479.64	1193.97
479.84	1204.21
480.04	1214.45
480.25	1257.45
480.45	1171.44
480.65	1087.47
480.85	1155.05
481.06	1265.64
481.26	1132.53
481.46	1189.87
481.66	1234.93
481.86	1128.43
482.06	1183.73
482.27	1146.86
482.47	1185.77
482.67	1218.54
482.87	1212.40
483.07	1144.81
483.28	1179.63
483.48	1169.39
483.68	1142.77
483.88	1224.69
484.08	1163.25
484.29	1210.35
484.49	1161.20
484.69	1185.77
484.89	1189.87
485.09	1214.45
485.29	1126.38
485.50	1148.91
485.70	1134.57
485.90	1191.92
486.10	1132.53
486.30	1177.58
486.50	1169.39
486.71	1183.73
486.91	1185.77
487.11	1159.15
487.31	1245.16
487.51	1187.82
487.71	1101.81
487.91	1173.49
488.12	1134.57
488.32	1179.63
488.52	1228.78
488.72	1163.25
488.92	1132.53
489.12	1130.48
489.32	1173.49
489.53	1165.29
489.73	1159.15
489.93	1120.24
490.13	1118.19
490.33	1138.67
490.53	1122.29
490.73	1189.87
490.94	1157.10
491.14	1167.34
491.34	1216.49
491.54	1189.87
491.74	1312.75
491.94	1230.83
492.14	1185.77
492.34	1214.45
492.54	1239.02
492.75	1243.12
492.95	1161.20
493.15	1214.45
493.35	1208.30
493.55	1185.77
493.75	1153.01
493.95	1210.35
494.15	1204.21
494.35	1173.49
494.56	1146.86
494.76	1212.40
494.96	1234.93
495.16	1282.03
495.36	1167.34
495.56	1159.15
495.76	1196.01
495.96	1181.68
496.16	1144.81
496.36	1234.93
496.56	1218.54
496.77	1257.45
496.97	1144.81
497.17	1232.88
497.37	1132.53
497.57	1187.82
497.77	1247.21
497.97	1245.16
498.17	1183.73
498.37	1224.69
498.57	1097.71
498.77	1198.06
498.97	1181.68
499.17	1171.44
499.38	1171.44
499.58	1198.06
499.78	1150.96
499.98	1187.82
500.18	1161.20
500.38	1183.73
500.58	1181.68
500.78	1075.18
500.98	1177.58
501.18	1134.57
501.38	1177.58
501.58	1222.64
501.78	1216.49
501.98	1189.87
502.18	1187.82
502.38	1161.20
502.58	1196.01
502.78	1196.01
502.98	1173.49
503.18	1191.92
503.38	1159.15
503.59	1251.31
503.79	1185.77
503.99	1212.40
504.19	1183.73
504.39	1206.25
504.59	1187.82
504.79	1220.59
504.99	1175.53
505.19	1222.64
505.39	1128.43
505.59	1161.20
505.79	1181.68
505.99	1216.49
506.19	1157.10
506.39	1228.78
506.59	1200.11
506.79	1214.45
506.99	1153.01
507.19	1218.54
507.39	1173.49
507.59	1126.38
507.79	1220.59
507.99	1150.96
508.19	1230.83
508.39	1210.35
508.59	1185.77
508.79	1155.05
508.99	1228.78
509.19	1216.49
509.39	1128.43
509.59	1169.39
509.79	1138.67
509.99	1204.21
510.19	1189.87
510.39	1216.49
510.59	1171.44
510.79	1187.82
510.99	1177.58
511.19	1232.88
511.39	1212.40
511.59	1200.11
511.79	1230.83
511.99	1173.49
512.19	1157.10
512.38	1228.78
512.58	1140.72
512.78	1167.34
512.98	1198.06
513.18	1196.01
513.38	1202.16
513.58	1181.68
513.78	1075.18
513.98	1142.77
514.18	1177.58
514.38	1216.49
514.58	1265.64
514.78	1175.53
514.98	1198.06
515.18	1245.16
515.38	1138.67
515.58	1173.49
515.78	1216.49
515.98	1189.87
516.18	1173.49
516.38	1241.07
516.57	1212.40
516.77	1236.97
516.97	1118.19
517.17	1148.91
517.37	1171.44
517.57	1210.35
517.77	1163.25
517.97	1198.06
518.17	1132.53
518.37	1196.01
518.57	1169.39
518.77	1153.01
518.97	1075.18
519.16	1196.01
519.36	1146.86
519.56	1187.82
519.76	1185.77
519.96	1239.02
520.16	1255.40
520.36	1165.29
520.56	1200.11
520.76	1107.95
520.96	1216.49
521.16	1202.16
521.35	1179.63
521.55	1282.03
521.75	1200.11
521.95	1161.20
522.15	1193.97
522.35	1191.92
522.55	1114.10
522.75	1196.01
522.95	1161.20
523.14	1124.33
523.34	1140.72
523.54	1167.34
523.74	1159.15
523.94	1144.81
524.14	1126.38
524.34	1157.10
524.54	1169.39
524.73	1161.20
524.93	1230.83
525.13	1208.30
525.33	1126.38
525.53	1200.11
525.73	1120.24
525.93	1107.95
526.13	1183.73
526.32	1142.77
526.52	1101.81
526.72	1167.34
526.92	1136.62
527.12	1171.44
527.32	1150.96
527.52	1212.40
527.71	1146.86
527.91	1179.63
528.11	1159.15
528.31	1103.86
528.51	1167.34
528.71	1155.05
528.90	1140.72
529.10	1177.58
529.30	1110.00
529.50	1239.02
529.70	1155.05
529.90	1140.72
530.09	1177.58
530.29	1150.96
530.49	1146.86
530.69	1161.20
530.89	1177.58
531.09	1196.01
531.28	1165.29
531.48	1216.49
531.68	1150.96
531.88	1126.38
532.08	1153.01
532.28	1177.58
532.47	1187.82
532.67	1198.06
532.87	1157.10
533.07	1128.43
533.27	1239.02
533.46	1191.92
533.66	1177.58
533.86	1208.30
534.06	1228.78
534.26	1167.34
534.45	1200.11
534.65	1189.87
534.85	1175.53
535.05	1167.34
535.25	1165.29
535.44	1189.87
535.64	1142.77
535.84	1198.06
536.04	1142.77
536.24	1155.05
536.43	1179.63
536.63	1189.87
536.83	1128.43
537.03	1214.45
537.22	1191.92
537.42	1142.77
537.62	1183.73
537.82	1146.86
538.02	1165.29
538.21	1191.92
538.41	1206.25
538.61	1140.72
538.81	1153.01
539.00	1208.30
539.20	1101.81
539.40	1214.45
539.60	1155.05
539.79	1107.95
539.99	1173.49
540.19	1200.11
540.39	1189.87
540.58	1222.64
540.78	1179.63
540.98	1183.73
541.18	1081.33
541.37	1214.45
541.57	1159.15
541.77	1189.87
541.97	1118.19
542.16	1159.15
542.36	1208.30
542.56	1193.97
542.76	1142.77
542.95	1099.76
543.15	1128.43
543.35	1198.06
543.54	1196.01
543.74	1257.45
543.94	1206.25
544.14	1163.25
544.33	1243.12
544.53	1173.49
544.73	1128.43
544.93	1185.77
545.12	1155.05
545.32	1101.81
545.52	1193.97
545.71	1175.53
545.91	1187.82
546.11	1142.77
546.30	1226.73
546.50	1228.78
546.70	1173.49
546.90	1148.91
547.09	1193.97
547.29	1157.10
547.49	1153.01
547.68	1189.87
547.88	1153.01
548.08	1202.16
548.27	1146.86
548.47	1165.29
548.67	1175.53
548.87	1177.58
549.06	1247.21
549.26	1146.86
549.46	1208.30
549.65	1140.72
549.85	1202.16
550.05	1167.34
550.24	1181.68
550.44	1140.72
550.64	1120.24
550.83	1208.30
551.03	1126.38
551.23	1173.49
551.42	1181.68
551.62	1157.10
551.82	1187.82
552.01	1144.81
552.21	1179.63
552.41	1155.05
552.60	1175.53
552.80	1210.35
553.00	1148.91
553.19	1150.96
553.39	1183.73
553.59	1159.15
553.78	1210.35
553.98	1181.68
554.17	1193.97
554.37	1146.86
554.57	1222.64
554.76	1159.15
554.96	1167.34
555.16	1134.57
555.35	1175.53
555.55	1216.49
555.75	1148.91
555.94	1210.35
556.14	1175.53
556.33	1187.82
556.53	1185.77
556.73	1075.18
556.92	1153.01
557.12	1142.77
557.32	1200.11
557.51	1124.33
557.71	1210.35
557.90	1220.59
558.10	1222.64
558.30	1245.16
558.49	1163.25
558.69	1179.63
558.88	1157.10
559.08	1177.58
559.28	1177.58
559.47	1263.60
559.67	1200.11
559.86	1187.82
560.06	1210.35
560.26	1175.53
560.45	1228.78
560.65	1224.69
560.84	1144.81
561.04	1126.38
561.24	1177.58
561.43	1167.34
561.63	1232.88
561.82	1167.34
562.02	1177.58
562.22	1169.39
562.41	1150.96
562.61	1200.11
562.80	1126.38
563.00	1245.16
563.19	1189.87
563.39	1191.92
563.59	1148.91
563.78	1212.40
563.98	1173.49
564.17	1085.42
564.37	1173.49
564.56	1191.92
564.76	1169.39
564.96	1085.42
565.15	1204.21
565.35	1181.68
565.54	1134.57
565.74	1187.82
565.93	1177.58
566.13	1173.49
566.32	1161.20
566.52	1191.92
566.71	1220.59
566.91	1161.20
567.11	1173.49
567.30	1171.44
567.50	1234.93
567.69	1112.05
567.89	1187.82
568.08	1134.57
568.28	1210.35
568.47	1105.90
568.67	1177.58
568.86	1159.15
569.06	1146.86
569.25	1173.49
569.45	1230.83
569.64	1112.05
569.84	1173.49
570.04	1183.73
570.23	1230.83
570.43	1183.73
570.62	1157.10
570.82	1185.77
571.01	1228.78
571.21	1216.49
571.40	1177.58
571.60	1202.16
571.79	1148.91
571.99	1161.20
572.18	1243.12
572.38	1253.36
572.57	1253.36
572.77	1150.96
572.96	1196.01
573.16	1167.34
573.35	1146.86
573.55	1216.49
573.74	1163.25
573.94	1210.35
574.13	1171.44
574.33	1157.10
574.52	1210.35
574.71	1253.36
574.91	1216.49
575.10	1140.72
575.30	1210.35
575.49	1169.39
575.69	1206.25
575.88	1206.25
576.08	1062.90
576.27	1183.73
576.47	1193.97
576.66	1239.02
576.86	1099.76
577.05	1226.73
577.25	1218.54
577.44	1140.72
577.64	1165.29
577.83	1222.64
578.02	1191.92
578.22	1150.96
578.41	1236.97
578.61	1138.67
578.80	1146.86
579.00	1185.77
579.19	1189.87
579.39	1175.53
579.58	1140.72
579.77	1269.74
579.97	1177.58
580.16	1236.97
580.36	1183.73
580.55	1216.49
580.75	1189.87
580.94	1181.68
581.13	1187.82
581.33	1193.97
581.52	1089.52
581.72	1271.79
581.91	1150.96
582.11	1132.53
582.30	1202.16
582.49	1161.20
582.69	1155.05
582.88	1148.91
583.08	1148.91
583.27	1136.62
583.47	1124.33
583.66	1169.39
583.85	1116.14
584.05	1189.87
584.24	1124.33
584.44	1230.83
584.63	1185.77
584.82	1175.53
585.02	1148.91
585.21	1173.49
585.41	1153.01
585.60	1134.57
585.79	1144.81
585.99	1208.30
586.18	1165.29
586.37	1208.30
586.57	1165.29
586.76	1177.58
586.96	1181.68
587.15	1085.42
587.34	1239.02
587.54	1128.43
587.73	1136.62
587.93	1189.87
588.12	1150.96
588.31	1193.97
588.51	1138.67
588.70	1200.11
588.89	1136.62
589.09	1130.48
589.28	1202.16
589.47	1150.96
589.67	1193.97
589.86	1234.93
590.06	1193.97
590.25	1130.48
590.44	1163.25
590.64	1228.78
590.83	1095.66
591.02	1247.21
591.22	1126.38
591.41	1167.34
591.60	1214.45
591.80	1118.19
591.99	1189.87
592.18	1165.29
592.38	1130.48
592.57	1157.10
592.76	1122.29
592.96	1187.82
593.15	1159.15
593.34	1150.96
593.54	1220.59
593.73	1110.00
593.92	1206.25
594.12	1179.63
594.31	1218.54
594.50	1128.43
594.70	1218.54
594.89	1150.96
595.08	1107.95
595.28	1232.88
595.47	1196.01
595.66	1157.10
595.86	1146.86
596.05	1196.01
596.24	1220.59
596.43	1159.15
596.63	1173.49
596.82	1179.63
597.01	1218.54
597.21	1191.92
597.40	1150.96
597.59	1189.87
597.79	1187.82
597.98	1228.78
598.17	1150.96
598.36	1136.62
598.56	1181.68
598.75	1177.58
598.94	1136.62
599.14	1236.97
599.33	1136.62
599.52	1198.06
599.71	1187.82
599.91	1150.96
600.10	1150.96
600.29	1202.16
600.48	1230.83
600.68	1155.05
600.87	1204.21
601.06	1177.58
601.26	1200.11
601.45	1155.05
601.64	1210.35
601.83	1173.49
602.03	1103.86
602.22	1239.02
602.41	1144.81
602.60	1148.91
602.80	1118.19
602.99	1163.25
603.18	1163.25
603.37	1257.45
603.57	1179.63
603.76	1191.92
603.95	1167.34
604.14	1118.19
604.34	1193.97
604.53	1279.98
604.72	1214.45
604.91	1179.63
605.10	1140.72
605.30	1196.01
605.49	1165.29
605.68	1155.05
605.87	1232.88
606.07	1159.15
606.26	1136.62
606.45	1214.45
606.64	1163.25
606.84	1107.95
607.03	1116.14
607.22	1202.16
607.41	1210.35
607.60	1175.53
607.80	1210.35
607.99	1228.78
608.18	1220.59
608.37	1157.10
608.56	1202.16
608.76	1122.29
608.95	1196.01
609.14	1136.62
609.33	1208.30
609.52	1175.53
609.72	1101.81
609.91	1191.92
610.10	1196.01
610.29	1167.34
610.48	1120.24
610.68	1202.16
610.87	1157.10
611.06	1142.77
611.25	1191.92
611.44	1255.40
611.63	1187.82
611.83	1239.02
612.02	1220.59
612.21	1183.73
612.40	1183.73
612.59	1177.58
612.79	1187.82
612.98	1222.64
613.17	1234.93
613.36	1294.32
613.55	1150.96
613.74	1181.68
613.93	1218.54
614.13	1175.53
614.32	1165.29
614.51	1161.20
614.70	1157.10
614.89	1226.73
615.08	1171.44
615.28	1249.26
615.47	1177.58
615.66	1202.16
615.85	1216.49
616.04	1175.53
616.23	1214.45
616.42	1187.82
616.62	1183.73
616.81	1214.45
617.00	1101.81
617.19	1181.68
617.38	1122.29
617.57	1118.19
617.76	1179.63
617.95	1228.78
618.15	1216.49
618.34	1171.44
618.53	1155.05
618.72	1136.62
618.91	1243.12
619.10	1155.05
619.29	1148.91
619.48	1148.91
619.68	1198.06
619.87	1177.58
620.06	1097.71
620.25	1157.10
620.44	1175.53
620.63	1228.78
620.82	1196.01
621.01	1167.34
621.20	1189.87
621.39	1202.16
621.59	1167.34
621.78	1159.15
621.97	1208.30
622.16	1212.40
622.35	1171.44
622.54	1175.53
622.73	1171.44
622.92	1142.77
623.11	1148.91
623.30	1206.25
623.49	1153.01
623.68	1200.11
623.88	1155.05
624.07	1228.78
624.26	1216.49
624.45	1224.69
624.64	1210.35
624.83	1249.26
625.02	1161.20
625.21	1296.36
625.40	1112.05
625.59	1230.83
625.78	1146.86
625.97	1126.38
626.16	1236.97
626.35	1198.06
626.54	1157.10
626.74	1181.68
626.93	1191.92
627.12	1204.21
627.31	1232.88
627.50	1220.59
627.69	1146.86
627.88	1273.84
628.07	1150.96
628.26	1204.21
628.45	1243.12
628.64	1314.80
628.83	1288.17
629.02	1236.97
629.21	1157.10
629.40	1167.34
629.59	1187.82
629.78	1138.67
629.97	1189.87
630.16	1204.21
630.35	1165.29
630.54	1257.45
630.73	1185.77
630.92	1181.68
631.11	1294.32
631.30	1343.47
631.49	1495.02
631.68	1777.64
631.87	3764.17
632.06	14825.25
632.25	43289.96
632.44	56081.58
632.63	58031.24
632.82	38030.78
633.01	18267.88
633.20	5427.12
633.39	5435.31
633.58	2707.41
633.77	2017.25
633.96	1748.97
634.15	1445.87
634.34	1468.39
634.53	1460.20
634.72	1413.10
634.91	1310.70
635.10	1302.51
635.29	1261.55
635.48	1257.45
635.67	1251.31
635.86	1290.22
636.05	1189.87
636.24	1241.07
636.43	1284.08
636.62	1200.11
636.81	1169.39
637.00	1216.49
637.19	1253.36
637.38	1107.95
637.57	1173.49
637.76	1138.67
637.95	1157.10
638.14	1191.92
638.33	1206.25
638.52	1183.73
638.71	1181.68
638.89	1167.34
639.08	1153.01
639.27	1167.34
639.46	1249.26
639.65	1191.92
639.84	1153.01
640.03	1220.59
640.22	1206.25
640.41	1159.15
640.60	1144.81
640.79	1185.77
640.98	1155.05
641.17	1249.26
641.36	1167.34
641.55	1218.54
641.74	1146.86
641.92	1150.96
642.11	1210.35
642.30	1175.53
642.49	1212.40
642.68	1148.91
642.87	1259.50
643.06	1150.96
643.25	1171.44
643.44	1200.11
643.63	1107.95
643.82	1181.68
644.00	1148.91
644.19	1150.96
644.38	1124.33
644.57	1241.07
644.76	1093.62
644.95	1202.16
645.14	1134.57
645.33	1167.34
645.52	1150.96
645.71	1122.29
645.89	1144.81
646.08	1191.92
646.27	1202.16
646.46	1183.73
646.65	1185.77
646.84	1132.53
647.03	1183.73
647.22	1208.30
647.40	1093.62
647.59	1179.63
647.78	1181.68
647.97	1163.25
648.16	1155.05
648.35	1204.21
648.54	1155.05
648.73	1181.68
648.91	1200.11
649.10	1191.92
649.29	1204.21
649.48	1200.11
649.67	1175.53
649.86	1163.25
650.05	1138.67
650.23	1191.92
650.42	1222.64
650.61	1216.49
650.80	1163.25
650.99	1130.48
651.18	1183.73
651.36	1159.15
651.55	1196.01
651.74	1200.11
651.93	1241.07
652.12	1161.20
652.31	1196.01
652.49	1167.34
652.68	1232.88
652.87	1134.57
653.06	1212.40
653.25	1146.86
653.44	1202.16
653.62	1173.49
653.81	1114.10
654.00	1165.29
654.19	1177.58
654.38	1146.86
654.56	1130.48
654.75	1128.43
654.94	1228.78
655.13	1202.16
655.32	1103.86
655.51	1167.34
655.69	1251.31
655.88	1226.73
656.07	1200.11
656.26	1204.21
656.45	1179.63
656.63	1171.44
656.82	1165.29
657.01	1163.25
657.20	1218.54
657.38	1183.73
657.57	1236.97
657.76	1200.11
657.95	1163.25
658.14	1226.73
658.32	1140.72
658.51	1247.21
658.70	1169.39
658.89	1153.01
659.08	1140.72
659.26	1214.45
659.45	1146.86
659.64	1148.91
659.83	1148.91
660.01	1169.39
660.20	1153.01
660.39	1167.34
660.58	1204.21
660.76	1228.78
660.95	1249.26
661.14	1173.49
661.33	1126.38
661.51	1200.11
661.70	1185.77
661.89	1177.58
662.08	1204.21
662.26	1179.63
662.45	1189.87
662.64	1134.57
662.83	1175.53
663.01	1136.62
663.20	1222.64
663.39	1183.73
663.58	1189.87
663.76	1134.57
663.95	1218.54
664.14	1114.10
664.32	1136.62
664.51	1159.15
664.70	1177.58
664.89	1206.25
665.07	1122.29
665.26	1159.15
665.45	1153.01
665.64	1144.81
665.82	1181.68
666.01	1187.82
666.20	1179.63
666.38	1177.58
666.57	1183.73
666.76	1173.49
666.95	1155.05
667.13	1177.58
667.32	1120.24
667.51	1146.86
667.69	1056.75
667.88	1167.34
668.07	1146.86
668.25	1101.81
668.44	1204.21
668.63	1261.55
668.81	1161.20
669.00	1185.77
669.19	1155.05
669.38	1163.25
669.56	1153.01
669.75	1251.31
669.94	1183.73
670.12	1214.45
670.31	1187.82
670.50	1163.25
670.68	1208.30
670.87	1247.21
671.06	1132.53
671.24	1148.91
671.43	1163.25
671.62	1167.34
671.80	1144.81
671.99	1239.02
672.18	1142.77
672.36	1132.53
672.55	1153.01
672.74	1181.68
672.92	1191.92
673.11	1220.59
673.29	1138.67
673.48	1163.25
673.67	1218.54
673.85	1202.16
674.04	1114.10
674.23	1204.21
674.41	1161.20
674.60	1210.35
674.79	1228.78
674.97	1288.17
675.16	1234.93
675.34	1204.21
675.53	1200.11
675.72	1206.25
675.90	1185.77
676.09	1220.59
676.28	1239.02
676.46	1144.81
676.65	1165.29
676.83	1159.15
677.02	1138.67
677.21	1161.20
677.39	1175.53
677.58	1132.53
677.77	1196.01
677.95	1142.77
678.14	1173.49
678.32	1185.77
678.51	1140.72
678.70	1142.77
678.88	1163.25
679.07	1222.64
679.25	1183.73
679.44	1181.68
679.63	1198.06
679.81	1191.92
680.00	1132.53
680.18	1167.34
680.37	1200.11
680.55	1136.62
680.74	1101.81
680.93	1165.29
681.11	1206.25
681.30	1157.10
681.48	1126.38
681.67	1241.07
681.85	1165.29
682.04	1232.88
682.23	1153.01
682.41	1189.87
682.60	1239.02
682.78	1191.92
682.97	1241.07
683.15	1320.94
683.34	1085.42
683.53	1212.40
683.71	1142.77
683.90	1120.24
684.08	1126.38
684.27	1181.68
684.45	1171.44
684.64	1222.64
684.82	1148.91
685.01	1198.06
685.19	1134.57
685.38	1204.21
685.57	1177.58
685.75	1220.59
685.94	1169.39
686.12	1181.68
686.31	1095.66
686.49	1189.87
686.68	1191.92
686.86	1232.88
687.05	1169.39
687.23	1214.45
687.42	1212.40
687.60	1165.29
687.79	1146.86
687.97	1193.97
688.16	1257.45
688.34	1159.15
688.53	1214.45
688.71	1228.78
688.90	1187.82
689.08	1249.26
689.27	1171.44
689.45	1110.00
689.64	1214.45
689.82	1159.15
690.01	1210.35
690.19	1214.45
690.38	1253.36
690.56	1214.45
690.75	1187.82
690.93	1222.64
691.12	1161.20
691.30	1128.43
691.49	1120.24
691.67	1200.11
691.86	1136.62
692.04	1226.73
692.23	1163.25
692.41	1187.82
692.60	1153.01
692.78	1167.34
692.97	1177.58
693.15	1189.87
693.34	1146.86
693.52	1181.68
693.71	1120.24
693.89	1173.49
694.08	1236.97
694.26	1210.35
694.44	1144.81
694.63	1173.49
694.81	1167.34
695.00	1226.73
695.18	1136.62
695.37	1214.45
695.55	1212.40
695.74	1128.43
695.92	1179.63
696.10	1163.25
696.29	1165.29
696.47	1165.29
696.66	1185.77
696.84	1200.11
697.03	1206.25
697.21	1177.58
697.40	1167.34
697.58	1134.57
697.76	1187.82
697.95	1148.91
698.13	1239.02
698.32	1214.45
698.50	1230.83
698.68	1200.11
698.87	1179.63
699.05	1189.87
699.24	1191.92
699.42	1200.11
699.61	1212.40
699.79	1185.77
699.97	1171.44
700.16	1161.20
700.34	1177.58
700.53	1177.58
700.71	1239.02
700.89	1173.49
701.08	1132.53
701.26	1181.68
701.45	1200.11
701.63	1189.87
701.81	1191.92
702.00	1181.68
702.18	1112.05
702.37	1173.49
702.55	1198.06
702.73	1230.83
702.92	1101.81
703.10	1202.16
703.28	1165.29
703.47	1198.06
703.65	1159.15
703.84	1212.40
704.02	1177.58
704.20	1177.58
704.39	1267.69
704.57	1159.15
704.75	1218.54
704.94	1232.88
705.12	1202.16
705.30	1177.58
705.49	1224.69
705.67	1159.15
705.86	1130.48
706.04	1144.81
706.22	1218.54
706.41	1175.53
706.59	1153.01
706.77	1150.96
706.96	1191.92
707.14	1269.74
707.32	1210.35
707.51	1239.02
707.69	1191.92
707.87	1183.73
708.06	1290.22
708.24	1179.63
708.42	1130.48
708.61	1159.15
708.79	1206.25
708.97	1165.29
709.16	1175.53
709.34	1191.92
709.52	1232.88
709.71	1208.30
709.89	1200.11
710.07	1220.59
710.26	1167.34
710.44	1230.83
710.62	1210.35
710.80	1179.63
710.99	1163.25
711.17	1146.86
711.35	1157.10
711.54	1191.92
711.72	1153.01
711.90	1241.07
712.09	1163.25
712.27	1153.01
712.45	1161.20
712.63	1220.59
712.82	1179.63
713.00	1136.62
713.18	1159.15
713.37	1114.10
713.55	1136.62
713.73	1157.10
713.91	1116.14
714.10	1247.21
714.28	1144.81
714.46	1167.34
714.65	1200.11
714.83	1247.21
715.01	1220.59
715.19	1212.40
715.38	1118.19
715.56	1206.25
715.74	1232.88
715.92	1187.82
716.11	1202.16
716.29	1171.44
716.47	1226.73
716.65	1200.11
716.84	1191.92
717.02	1150.96
717.20	1146.86
717.38	1134.57
717.57	1189.87
717.75	1157.10
717.93	1165.29
718.11	1171.44
718.30	1173.49
718.48	1155.05
718.66	1247.21
718.84	1232.88
719.03	1150.96
719.21	1200.11
719.39	1134.57
719.57	1167.34
719.75	1261.55
719.94	1208.30
720.12	1198.06
720.30	1196.01
720.48	1118.19
720.67	1169.39
720.85	1132.53
721.03	1216.49
721.21	1134.57
721.39	1228.78
721.58	1185.77
721.76	1153.01
721.94	1214.45
722.12	1175.53
722.30	1171.44
722.49	1140.72
722.67	1187.82
722.85	1204.21
723.03	1155.05
723.21	1157.10
723.40	1126.38
723.58	1173.49
723.76	1165.29
723.94	1187.82
724.12	1159.15
724.30	1200.11
724.49	1167.34
724.67	1101.81
724.85	1093.62
725.03	1126.38
725.21	1185.77
725.40	1245.16
725.58	1175.53
725.76	1191.92
725.94	1167.34
726.12	1183.73
726.30	1153.01
726.49	1206.25
726.67	1118.19
726.85	1179.63
727.03	1159.15
727.21	1165.29
727.39	1159.15
727.57	1181.68
727.76	1118.19
727.94	1196.01
728.12	1210.35
728.30	1222.64
728.48	1167.34
728.66	1187.82
728.84	1167.34
729.03	1193.97
729.21	1191.92
729.39	1132.53
729.57	1183.73
729.75	1216.49
729.93	1181.68
730.11	1177.58
730.30	1142.77
730.48	1177.58
730.66	1157.10
730.84	1175.53
731.02	1204.21
731.20	1196.01
731.38	1157.10
731.56	1171.44
731.74	1099.76
731.93	1193.97
732.11	1132.53
732.29	1183.73
732.47	1183.73
732.65	1210.35
732.83	1198.06
733.01	1228.78
733.19	1167.34
733.37	1189.87
733.56	1075.18
733.74	1251.31
733.92	1124.33
734.10	1114.10
734.28	1216.49
734.46	1114.10
734.64	1136.62
734.82	1220.59
735.00	1181.68
735.18	1146.86
735.36	1189.87
735.54	1216.49
735.73	1228.78
735.91	1163.25
736.09	1196.01
736.27	1236.97
736.45	1212.40
736.63	1185.77
736.81	1189.87
736.99	1228.78
737.17	1155.05
737.35	1226.73
737.53	1200.11
737.71	1187.82
737.89	1150.96
738.07	1187.82
738.25	1200.11
738.43	1134.57
738.61	1200.11
738.80	1183.73
738.98	1214.45
739.16	1236.97
739.34	1175.53
739.52	1204.21
739.70	1169.39
739.88	1097.71
740.06	1216.49
740.24	1239.02
740.42	1181.68
740.60	1214.45
740.78	1169.39
740.96	1214.45
741.14	1171.44
741.32	1212.40
741.50	1212.40
741.68	1179.63
741.86	1118.19
742.04	1150.96
742.22	1181.68
742.40	1200.11
742.58	1198.06
742.76	1144.81
742.94	1165.29
743.12	1198.06
743.30	1173.49
743.48	1167.34
743.66	1171.44
743.84	1146.86
744.02	1146.86
744.20	1210.35
744.38	1159.15
744.56	1200.11
744.74	1134.57
744.92	1157.10
745.10	1230.83
745.28	1134.57
745.46	1153.01
745.64	1236.97
745.82	1124.33
746.00	1134.57
746.18	1153.01
746.36	1157.10
746.54	1202.16
746.72	1173.49
746.90	1261.55
747.08	1189.87
747.26	1142.77
747.44	1163.25
747.62	1206.25
747.80	1163.25
747.98	1134.57
748.15	1257.45
748.33	1097.71
748.51	1216.49
748.69	1159.15
748.87	1155.05
749.05	1118.19
749.23	1255.40
749.41	1222.64
749.59	1224.69
749.77	1187.82
749.95	1161.20
750.13	1155.05
750.31	1159.15
750.49	1124.33
750.67	1159.15
750.85	1167.34
751.03	1208.30
751.20	1212.40
751.38	1171.44
751.56	1103.86
751.74	1153.01
751.92	1189.87
752.10	1157.10
752.28	1220.59
752.46	1171.44
752.64	1239.02
752.82	1204.21
753.00	1173.49
753.18	1224.69
753.35	1165.29
753.53	1230.83
753.71	1191.92
753.89	1144.81
754.07	1142.77
754.25	1175.53
754.43	1198.06
754.61	1214.45
754.79	1183.73
754.97	1210.35
755.14	1144.81
755.32	1204.21
755.50	1224.69
755.68	1191.92
755.86	1204.21
756.04	1245.16
756.22	1230.83
756.40	1202.16
756.57	1128.43
756.75	1259.50
756.93	1193.97
757.11	1200.11
757.29	1177.58
757.47	1175.53
757.65	1228.78
757.82	1200.11
758.00	1191.92
758.18	1198.06
758.36	1187.82
758.54	1202.16
758.72	1163.25
758.90	1189.87
759.07	1085.42
759.25	1214.45
759.43	1155.05
759.61	1271.79
759.79	1163.25
759.97	1200.11
760.15	1167.34
760.32	1189.87
760.50	1198.06
760.68	1200.11
760.86	1173.49
761.04	1210.35
761.22	1163.25
761.39	1230.83
761.57	1167.34
761.75	1222.64
761.93	1173.49
762.11	1214.45
762.28	1140.72
762.46	1142.77
762.64	1247.21
762.82	1185.77
763.00	1230.83
763.18	1167.34
763.35	1222.64
763.53	1134.57
763.71	1134.57
763.89	1169.39
764.07	1216.49
764.24	1179.63
764.42	1187.82
764.60	1148.91
764.78	1112.05
764.96	1167.34
765.13	1150.96
765.31	1202.16
765.49	1234.93
765.67	1138.67
765.84	1249.26
766.02	1163.25
766.20	1148.91
766.38	1165.29
766.56	1128.43
766.73	1114.10
766.91	1249.26
767.09	1198.06
767.27	1130.48
767.44	1243.12
767.62	1232.88
767.80	1200.11
767.98	1155.05
768.15	1148.91
768.33	1183.73
768.51	1173.49
768.69	1191.92
768.87	1216.49
769.04	1171.44
769.22	1222.64
769.40	1153.01
769.58	1175.53
769.75	1136.62
769.93	1153.01
770.11	1165.29
770.28	1165.29
770.46	1153.01
770.64	1239.02
770.82	1189.87
770.99	1257.45
771.17	1204.21
771.35	1191.92
771.53	1169.39
771.70	1196.01
771.88	1177.58
772.06	1206.25
772.23	1185.77
772.41	1210.35
772.59	1204.21
772.77	1155.05
772.94	1191.92
773.12	1146.86
773.30	1132.53
773.47	1173.49
773.65	1118.19
773.83	1181.68
774.01	1142.77
774.18	1185.77
774.36	1228.78
774.54	1128.43
774.71	1153.01
774.89	1189.87
775.07	1124.33
775.24	1198.06
775.42	1196.01
775.60	1200.11
775.78	1167.34
775.95	1157.10
776.13	1183.73
776.31	1101.81
776.48	1224.69
776.66	1179.63
776.84	1175.53
777.01	1177.58
777.19	1202.16
777.37	1187.82
777.54	1140.72
777.72	1175.53
777.90	1116.14
778.07	1212.40
778.25	1191.92
778.43	1136.62
778.60	1224.69
778.78	1218.54
778.96	1150.96
779.13	1148.91
779.31	1183.73
779.49	1198.06
779.66	1163.25
779.84	1230.83
780.01	1183.73
780.19	1245.16
780.37	1222.64
780.54	1153.01
780.72	1204.21
780.90	1126.38
781.07	1189.87
781.25	1196.01
781.43	1107.95
781.60	1247.21
781.78	1196.01
781.95	1220.59
782.13	1169.39
782.31	1202.16
782.48	1191.92
782.66	1179.63
782.83	1126.38
783.01	1161.20
783.19	1175.53
783.36	1171.44
783.54	1196.01
783.72	1140.72
783.89	1189.87
784.07	1204.21
784.24	1193.97
784.42	1171.44
784.60	1171.44
784.77	1218.54
784.95	1224.69
785.12	1259.50
785.30	1155.05
785.47	1150.96
785.65	1200.11
785.83	1175.53
786.00	1185.77
786.18	1126.38
786.35	1218.54
786.53	1101.81
786.71	1189.87
786.88	1206.25
787.06	1148.91
787.23	1138.67
787.41	1153.01
787.58	1148.91
787.76	1144.81
787.94	1159.15
788.11	1150.96
788.29	1234.93
788.46	1163.25
788.64	1171.44
788.81	1249.26
788.99	1150.96
789.16	1206.25
789.34	1181.68
789.52	1193.97
789.69	1167.34
789.87	1181.68
790.04	1204.21
790.22	1155.05
790.39	1193.97
790.57	1163.25
790.74	1187.82
790.92	1183.73
791.09	1179.63
791.27	1132.53
791.44	1107.95
791.62	1183.73
791.79	1191.92
791.97	1181.68
792.15	1247.21
792.32	1214.45
792.50	1222.64
792.67	1200.11
792.85	1214.45
793.02	1210.35
793.20	1257.45
793.37	1228.78
793.55	1173.49
793.72	1128.43
793.90	1191.92
794.07	1191.92
794.25	1212.40
794.42	1187.82
794.60	1142.77
794.77	1183.73
794.95	1159.15
795.12	1191.92
795.30	1236.97
795.47	1167.34
795.65	1161.20
795.82	1128.43
796.00	1224.69
796.17	1220.59
796.34	1185.77
796.52	1073.14
796.69	1173.49
796.87	1210.35
797.04	1183.73
797.22	1161.20
797.39	1153.01
797.57	1200.11
797.74	1208.30
797.92	1200.11
798.09	1239.02
798.27	1191.92
798.44	1189.87
798.62	1230.83
798.79	1161.20
798.96	1196.01
799.14	1189.87
799.31	1204.21
799.49	1110.00
799.66	1181.68
799.84	1163.25
800.01	1157.10
800.19	1226.73
800.36	1150.96
800.53	1175.53
800.71	1232.88
800.88	1214.45
801.06	1126.38
801.23	1161.20
801.41	1159.15
801.58	1171.44
801.75	1153.01
801.93	1175.53
802.10	1204.21
802.28	1179.63
802.45	1177.58
802.63	1144.81
802.80	1179.63
802.97	1224.69
803.15	1132.53
803.32	1142.77
803.50	1146.86
803.67	1165.29
803.84	1226.73
804.02	1181.68
804.19	1153.01
804.37	1193.97
804.54	1171.44
804.71	1095.66
804.89	1107.95
805.06	1183.73
805.24	1126.38
805.41	1138.67
805.58	1200.11
805.76	1202.16
805.93	1173.49
806.10	1202.16
806.28	1198.06
806.45	1157.10
806.63	1161.20
806.80	1183.73
806.97	1128.43
807.15	1232.88
807.32	1144.81
807.49	1187.82
807.67	1191.92
807.84	1185.77
808.01	1146.86
808.19	1169.39
808.36	1132.53
808.54	1196.01
808.71	1173.49
808.88	1228.78
809.06	1200.11
809.23	1136.62
809.40	1150.96
809.58	1079.28
809.75	1222.64
809.92	1224.69
810.10	1202.16
810.27	1128.43
810.44	1157.10
810.62	1175.53
810.79	1181.68
810.96	1159.15
811.14	1202.16
811.31	1206.25
811.48	1212.40
811.66	1134.57
811.83	1185.77
812.00	1193.97
812.18	1183.73
812.35	1175.53
812.52	1150.96
812.69	1177.58
812.87	1146.86
813.04	1183.73
813.21	1206.25
813.39	1171.44
813.56	1177.58
813.73	1161.20
813.91	1216.49
814.08	1122.29
814.25	1120.24
814.42	1114.10
814.60	1177.58
814.77	1134.57
814.94	1181.68
815.12	1163.25
815.29	1155.05
815.46	1132.53
815.63	1153.01
815.81	1171.44
815.98	1155.05
816.15	1175.53
816.33	1134.57
816.50	1066.99
816.67	1189.87
816.84	1191.92
817.02	1159.15
817.19	1208.30
817.36	1163.25
817.53	1249.26
817.71	1198.06
817.88	1153.01
818.05	1216.49
818.22	1140.72
818.40	1173.49
818.57	1130.48
818.74	1187.82
818.91	1148.91
819.09	1165.29
819.26	1173.49
819.43	1173.49
819.60	1216.49
819.78	1112.05
819.95	1241.07
820.12	1230.83
820.29	1181.68
820.47	1204.21
820.64	1200.11
820.81	1206.25
820.98	1132.53
821.15	1120.24
821.33	1181.68
821.50	1167.34
821.67	1208.30
821.84	1202.16
822.02	1153.01
822.19	1196.01
822.36	1157.10
822.53	1165.29
822.70	1214.45
822.88	1181.68
823.05	1183.73
823.22	1177.58
823.39	1193.97
823.56	1179.63
823.74	1189.87
823.91	1189.87
824.08	1144.81
824.25	1220.59
824.42	1177.58
824.60	1146.86
824.77	1187.82
824.94	1175.53
825.11	1130.48
825.28	1161.20
825.45	1179.63
825.63	1200.11
825.80	1216.49
825.97	1167.34
826.14	1175.53
826.31	1224.69
826.48	1140.72
826.66	1189.87
826.83	1114.10
827.00	1185.77
827.17	1216.49
827.34	1210.35
827.51	1097.71
827.69	1230.83
827.86	1247.21
828.03	1101.81
828.20	1214.45
828.37	1097.71
828.54	1269.74
828.71	1107.95
828.89	1159.15
829.06	1165.29
829.23	1214.45
829.40	1155.05
829.57	1189.87
829.74	1159.15
829.91	1136.62
830.09	1138.67
830.26	1175.53
830.43	1284.08
830.60	1153.01
830.77	1167.34
830.94	1202.16
831.11	1163.25
831.28	1134.57
831.46	1232.88
831.63	1126.38
831.80	1232.88
831.97	1157.10
832.14	1212.40
832.31	1099.76
832.48	1142.77
832.65	1198.06
832.82	1214.45
832.99	1202.16
833.17	1155.05
833.34	1118.19
833.51	1140.72
833.68	1179.63
833.85	1150.96
834.02	1173.49
834.19	1122.29
834.36	1212.40
834.53	1175.53
834.70	1177.58
834.87	1144.81
835.04	1218.54
835.22	1159.15
835.39	1234.93
835.56	1099.76
835.73	1189.87
835.90	1163.25
836.07	1124.33
836.24	1196.01
836.41	1216.49
836.58	1189.87
836.75	1128.43
836.92	1134.57
837.09	1196.01
837.26	1132.53
837.43	1148.91
837.60	1220.59
837.77	1206.25
837.94	1208.30
838.12	1155.05
838.29	1167.34
838.46	1210.35
838.63	1183.73
838.80	1163.25
838.97	1155.05
839.14	1175.53
839.31	1228.78
839.48	1241.07
839.65	1263.60
839.82	1144.81
839.99	1220.59
840.16	1155.05
840.33	1114.10
840.50	1171.44
840.67	1243.12
840.84	1097.71
841.01	1226.73
841.18	1179.63
841.35	1173.49
841.52	1196.01
841.69	1173.49
841.86	1218.54
842.03	1193.97
842.20	1128.43
842.37	1103.86
842.54	1183.73
842.71	1155.05
842.88	1134.57
843.05	1198.06
843.22	1255.40
843.39	1200.11
843.56	1130.48
843.73	1091.57
843.90	1132.53
844.07	1146.86
844.24	1249.26
844.41	1175.53
844.58	1142.77
844.75	1134.57
844.92	1216.49
845.09	1269.74
845.26	1173.49
845.43	1157.10
845.60	1189.87
845.77	1220.59
845.94	1198.06
846.10	1089.52
846.27	1183.73
846.44	1171.44
846.61	1089.52
846.78	1183.73
846.95	1130.48
847.12	1249.26
847.29	1159.15
847.46	1128.43
847.63	1216.49
847.80	1189.87
847.97	1226.73
848.14	1185.77
848.31	1175.53
848.48	1179.63
848.65	1214.45
848.82	1191.92
848.98	1175.53
849.15	1140.72
849.32	1191.92
849.49	1196.01
849.66	1138.67
849.83	1204.21
850.00	1142.77
850.17	1101.81
850.34	1132.53
850.51	1212.40
850.68	1173.49
850.85	1144.81
851.01	1224.69
851.18	1153.01
851.35	1079.28
851.52	1099.76
851.69	1193.97
851.86	1144.81
852.03	1193.97
852.20	1169.39
852.37	1239.02
852.53	1107.95
852.70	1206.25
852.87	1093.62
853.04	1159.15
853.21	1236.97
853.38	1200.11
853.55	1187.82
853.72	1181.68
853.89	1185.77
854.05	1247.21
854.22	1204.21
854.39	1177.58
854.56	1118.19
854.73	1120.24
854.90	1208.30
855.07	1294.32
855.23	1191.92
855.40	1216.49
855.57	1196.01
855.74	1191.92
855.91	1175.53
856.08	1253.36
856.25	1165.29
856.41	1155.05
856.58	1175.53
856.75	1206.25
856.92	1177.58
857.09	1183.73
857.26	1179.63
857.42	1150.96
857.59	1198.06
857.76	1200.11
857.93	1189.87
858.10	1175.53
858.27	1257.45
858.43	1163.25
858.60	1163.25
858.77	1193.97
858.94	1177.58
859.11	1216.49
859.27	1191.92
859.44	1146.86
859.61	1155.05
859.78	1114.10
859.95	1132.53
860.12	1183.73
860.28	1230.83
860.45	1167.34
860.62	1114.10
860.79	1140.72
860.95	1167.34
861.12	1202.16
861.29	1179.63
861.46	1105.90
861.63	1189.87
861.79	1185.77
861.96	1169.39
862.13	1200.11
862.30	1183.73
862.47	1142.77
862.63	1189.87
862.80	1181.68
862.97	1220.59
863.14	1185.77
863.30	1234.93
863.47	1183.73
863.64	1140.72
863.81	1200.11
863.97	1193.97
864.14	1116.14
864.31	1193.97
864.48	1236.97
864.65	1181.68
864.81	1138.67
864.98	1204.21
865.15	1196.01
865.32	1216.49
865.48	1081.33
865.65	1110.00
865.82	1241.07
865.98	1220.59
866.15	1150.96
866.32	1210.35
866.49	1193.97
866.65	1247.21
866.82	1193.97
866.99	1146.86
867.16	1198.06
867.32	1185.77
867.49	1169.39
867.66	1204.21
867.83	1185.77
867.99	1241.07
868.16	1159.15
868.33	1187.82
868.49	1138.67
868.66	1175.53
868.83	1198.06
868.99	1247.21
869.16	1234.93
869.33	1183.73
869.50	1157.10
869.66	1159.15
869.83	1189.87
870.00	1204.21
870.16	1134.57
870.33	1200.11
870.50	1157.10
870.66	1224.69
870.83	1243.12
871.00	1191.92
871.17	1230.83
871.33	1198.06
871.50	1198.06
871.67	1191.92
871.83	1171.44
872.00	1206.25
872.17	1228.78
872.33	1230.83
872.50	1189.87
872.67	1267.69
872.83	1155.05
873.00	1198.06
873.17	1175.53
873.33	1163.25
873.50	1196.01
873.67	1126.38
873.83	1155.05
874.00	1204.21
874.16	1273.84
874.33	1136.62
874.50	1200.11
874.66	1200.11
874.83	1157.10
875.00	1196.01
875.16	1142.77
875.33	1220.59
875.50	1157.10
875.66	1093.62
875.83	1185.77
875.99	1177.58
876.16	1163.25
876.33	1134.57
876.49	1241.07
876.66	1153.01
876.83	1157.10
876.99	1212.40
877.16	1169.39
877.32	1110.00
877.49	1169.39
877.66	1286.12
877.82	1226.73
877.99	1157.10
878.15	1161.20
878.32	1193.97
878.49	1220.59
878.65	1200.11
878.82	1193.97
878.98	1155.05
879.15	1216.49
879.32	1236.97
879.48	1196.01
879.65	1126.38
879.81	1101.81
879.98	1181.68
880.15	1257.45
880.31	1163.25
880.48	1208.30
880.64	1171.44
880.81	1249.26
880.97	1171.44
881.14	1118.19
881.31	1175.53
881.47	1171.44
881.64	1175.53
881.80	1191.92
881.97	1198.06
882.13	1122.29
882.30	1169.39
882.47	1187.82
882.63	1159.15
882.80	1179.63
882.96	1212.40
883.13	1132.53
883.29	1220.59
883.46	1175.53
883.62	1122.29
883.79	1193.97
883.95	1175.53
884.12	1196.01
884.29	1179.63
884.45	1169.39
884.62	1191.92
884.78	1153.01
884.95	1114.10
885.11	1189.87
885.28	1206.25
885.44	1214.45
885.61	1208.30
885.77	1251.31
885.94	1204.21
886.10	1183.73
886.27	1126.38
886.43	1214.45
886.60	1077.23
886.76	1230.83
886.93	1222.64
887.09	1101.81
887.26	1185.77
887.42	1200.11
887.59	1216.49
887.75	1146.86
887.92	1128.43
888.08	1228.78
888.25	1175.53
888.41	1122.29
888.58	1191.92
888.74	1191.92
888.91	1087.47
