177.47	1173.49
177.69	1173.49
177.91	1173.49
178.13	1126.38
178.36	1191.92
178.58	1183.73
178.80	1210.35
179.02	1161.20
179.24	1228.78
179.46	1132.53
179.68	1126.38
179.90	1126.38
180.13	1136.62
180.35	1157.10
180.57	1130.48
180.79	1148.91
181.01	1146.86
181.23	1202.16
181.45	1204.21
181.67	1112.05
181.90	1136.62
182.12	1116.14
182.34	1157.10
182.56	1251.31
182.78	1157.10
183.00	1116.14
183.22	1155.05
183.44	1196.01
183.66	1210.35
183.89	1236.97
184.11	1183.73
184.33	1177.58
184.55	1200.11
184.77	1171.44
184.99	1118.19
185.21	1220.59
185.43	1302.51
185.65	1206.25
185.87	1142.77
186.10	1216.49
186.32	1200.11
186.54	1161.20
186.76	1155.05
186.98	1146.86
187.20	1155.05
187.42	1191.92
187.64	1224.69
187.86	1189.87
188.08	1198.06
188.30	1159.15
188.52	1187.82
188.75	1179.63
188.97	1175.53
189.19	1153.01
189.41	1155.05
189.63	1202.16
189.85	1124.33
190.07	1077.23
190.29	1193.97
190.51	1140.72
190.73	1210.35
190.95	1200.11
191.17	1171.44
191.39	1138.67
191.61	1128.43
191.84	1206.25
192.06	1218.54
192.28	1171.44
192.50	1093.62
192.72	1163.25
192.94	1200.11
193.16	1165.29
193.38	1150.96
193.60	1177.58
193.82	1181.68
194.04	1181.68
194.26	1132.53
194.48	1181.68
194.70	1163.25
194.92	1132.53
195.14	1171.44
195.36	1126.38
195.58	1091.57
195.80	1116.14
196.02	1142.77
196.24	1150.96
196.46	1189.87
196.69	1159.15
196.91	1159.15
197.13	1120.24
197.35	1130.48
197.57	1204.21
197.79	1132.53
198.01	1138.67
198.23	1130.48
198.45	1241.07
198.67	1171.44
198.89	1202.16
199.11	1175.53
199.33	1146.86
199.55	1185.77
199.77	1140.72
199.99	1165.29
200.21	1155.05
200.43	1198.06
200.65	1212.40
200.87	1163.25
201.09	1081.33
201.31	1173.49
201.53	1212.40
201.75	1165.29
201.97	1130.48
202.19	1198.06
202.41	1200.11
202.63	1216.49
202.85	1187.82
203.07	1196.01
203.29	1171.44
203.51	1220.59
203.73	1165.29
203.95	1157.10
204.17	1136.62
204.39	1130.48
204.61	1159.15
204.83	1198.06
205.05	1206.25
205.27	1204.21
205.49	1179.63
205.71	1142.77
205.93	1161.20
206.15	1175.53
206.37	1103.86
206.59	1255.40
206.81	1157.10
207.03	1198.06
207.25	1193.97
207.47	1206.25
207.69	1200.11
207.91	1202.16
208.13	1120.24
208.34	1232.88
208.56	1116.14
208.78	1142.77
209.00	1177.58
209.22	1189.87
209.44	1132.53
209.66	1163.25
209.88	1177.58
210.10	1193.97
210.32	1136.62
210.54	1157.10
210.76	1165.29
210.98	1193.97
211.20	1247.21
211.42	1161.20
211.64	1161.20
211.86	1253.36
212.08	1122.29
212.30	1132.53
212.52	1198.06
212.74	1214.45
212.96	1222.64
213.17	1163.25
213.39	1157.10
213.61	1177.58
213.83	1204.21
214.05	1175.53
214.27	1128.43
214.49	1198.06
214.71	1193.97
214.93	1153.01
215.15	1138.67
215.37	1157.10
215.59	1136.62
215.81	1099.76
216.03	1146.86
216.24	1105.90
216.46	1153.01
216.68	1282.03
216.90	1198.06
217.12	1155.05
217.34	1220.59
217.56	1187.82
217.78	1181.68
218.00	1191.92
218.22	1191.92
218.44	1230.83
218.66	1185.77
218.87	1159.15
219.09	1226.73
219.31	1116.14
219.53	1085.42
219.75	1220.59
219.97	1193.97
220.19	1112.05
220.41	1185.77
220.63	1159.15
220.85	1130.48
221.06	1181.68
221.28	1146.86
221.50	1206.25
221.72	1224.69
221.94	1214.45
222.16	1155.05
222.38	1124.33
222.60	1196.01
222.82	1140.72
223.03	1236.97
223.25	1177.58
223.47	1134.57
223.69	1153.01
223.91	1142.77
224.13	1155.05
224.35	1224.69
224.57	1146.86
224.78	1110.00
225.00	1200.11
225.22	1183.73
225.44	1171.44
225.66	1144.81
225.88	1146.86
226.10	1202.16
226.32	1083.38
226.53	1179.63
226.75	1241.07
226.97	1157.10
227.19	1239.02
227.41	1120.24
227.63	1189.87
227.85	1216.49
228.06	1169.39
228.28	1187.82
228.50	1257.45
228.72	1114.10
228.94	1232.88
229.16	1181.68
229.37	1130.48
229.59	1171.44
229.81	1226.73
230.03	1179.63
230.25	1146.86
230.47	1153.01
230.69	1255.40
230.90	1161.20
231.12	1187.82
231.34	1087.47
231.56	1206.25
231.78	1224.69
232.00	1177.58
232.21	1161.20
232.43	1101.81
232.65	1189.87
232.87	1173.49
233.09	1202.16
233.30	1101.81
233.52	1155.05
233.74	1148.91
233.96	1122.29
234.18	1253.36
234.40	1212.40
234.61	1177.58
234.83	1171.44
235.05	1196.01
235.27	1159.15
235.49	1183.73
235.70	1253.36
235.92	1236.97
236.14	1134.57
236.36	1138.67
236.58	1153.01
236.79	1122.29
237.01	1163.25
237.23	1157.10
237.45	1132.53
237.67	1196.01
237.88	1161.20
238.10	1214.45
238.32	1198.06
238.54	1163.25
238.76	1200.11
238.97	1140.72
239.19	1155.05
239.41	1198.06
239.63	1273.84
239.85	1142.77
240.06	1187.82
240.28	1243.12
240.50	1167.34
240.72	1146.86
240.93	1146.86
241.15	1212.40
241.37	1183.73
241.59	1130.48
241.81	1105.90
242.02	1144.81
242.24	1081.33
242.46	1093.62
242.68	1157.10
242.89	1220.59
243.11	1148.91
243.33	1142.77
243.55	1150.96
243.76	1189.87
243.98	1210.35
244.20	1153.01
244.42	1101.81
244.64	1132.53
244.85	1179.63
245.07	1175.53
245.29	1181.68
245.51	1150.96
245.72	1171.44
245.94	1220.59
246.16	1138.67
246.38	1212.40
246.59	1175.53
246.81	1120.24
247.03	1159.15
247.24	1165.29
247.46	1114.10
247.68	1163.25
247.90	1146.86
248.11	1105.90
248.33	1116.14
248.55	1089.52
248.77	1173.49
248.98	1167.34
249.20	1134.57
249.42	1103.86
249.64	1179.63
249.85	1130.48
250.07	1181.68
250.29	1148.91
250.50	1251.31
250.72	1161.20
250.94	1165.29
251.16	1189.87
251.37	1138.67
251.59	1157.10
251.81	1175.53
252.02	1193.97
252.24	1206.25
252.46	1187.82
252.68	1191.92
252.89	1259.50
253.11	1204.21
253.33	1222.64
253.54	1220.59
253.76	1134.57
253.98	1142.77
254.20	1181.68
254.41	1214.45
254.63	1200.11
254.85	1222.64
255.06	1230.83
255.28	1253.36
255.50	1161.20
255.71	1183.73
255.93	1187.82
256.15	1128.43
256.36	1150.96
256.58	1146.86
256.80	1142.77
257.02	1181.68
257.23	1200.11
257.45	1146.86
257.67	1222.64
257.88	1220.59
258.10	1241.07
258.32	1198.06
258.53	1150.96
258.75	1167.34
258.97	1222.64
259.18	1208.30
259.40	1146.86
259.62	1175.53
259.83	1165.29
260.05	1261.55
260.27	1175.53
260.48	1132.53
260.70	1120.24
260.92	1163.25
261.13	1165.29
261.35	1206.25
261.57	1134.57
261.78	1204.21
262.00	1114.10
262.22	1216.49
262.43	1196.01
262.65	1150.96
262.86	1150.96
263.08	1175.53
263.30	1206.25
263.51	1202.16
263.73	1142.77
263.95	1187.82
264.16	1183.73
264.38	1124.33
264.60	1179.63
264.81	1159.15
265.03	1204.21
265.25	1202.16
265.46	1146.86
265.68	1126.38
265.89	1136.62
266.11	1089.52
266.33	1230.83
266.54	1142.77
266.76	1138.67
266.98	1206.25
267.19	1175.53
267.41	1198.06
267.62	1243.12
267.84	1171.44
268.06	1206.25
268.27	1179.63
268.49	1198.06
268.70	1153.01
268.92	1130.48
269.14	1204.21
269.35	1222.64
269.57	1163.25
269.79	1187.82
270.00	1107.95
270.22	1173.49
270.43	1173.49
270.65	1181.68
270.87	1138.67
271.08	1159.15
271.30	1173.49
271.51	1214.45
271.73	1144.81
271.95	1191.92
272.16	1122.29
272.38	1193.97
272.59	1163.25
272.81	1191.92
273.02	1212.40
273.24	1150.96
273.46	1218.54
273.67	1206.25
273.89	1208.30
274.10	1157.10
274.32	1144.81
274.54	1163.25
274.75	1140.72
274.97	1198.06
275.18	1138.67
275.40	1193.97
275.61	1226.73
275.83	1208.30
276.05	1134.57
276.26	1208.30
276.48	1171.44
276.69	1181.68
276.91	1167.34
277.12	1220.59
277.34	1171.44
277.55	1150.96
277.77	1153.01
277.99	1167.34
278.20	1128.43
278.42	1105.90
278.63	1167.34
278.85	1171.44
279.06	1110.00
279.28	1177.58
279.49	1140.72
279.71	1099.76
279.93	1179.63
280.14	1206.25
280.36	1183.73
280.57	1157.10
280.79	1124.33
281.00	1101.81
281.22	1130.48
281.43	1142.77
281.65	1138.67
281.86	1193.97
282.08	1183.73
282.29	1206.25
282.51	1169.39
282.73	1193.97
282.94	1183.73
283.16	1191.92
283.37	1173.49
283.59	1191.92
283.80	1212.40
284.02	1177.58
284.23	1132.53
284.45	1093.62
284.66	1185.77
284.88	1189.87
285.09	1134.57
285.31	1239.02
285.52	1183.73
285.74	1302.51
285.95	1126.38
286.17	1173.49
286.38	1159.15
286.60	1216.49
286.81	1179.63
287.03	1232.88
287.24	1243.12
287.46	1241.07
287.67	1175.53
287.89	1183.73
288.10	1105.90
288.32	1169.39
288.53	1165.29
288.75	1107.95
288.96	1140.72
289.18	1146.86
289.39	1222.64
289.61	1167.34
289.82	1126.38
290.04	1200.11
290.25	1171.44
290.47	1161.20
290.68	1126.38
290.90	1171.44
291.11	1146.86
291.33	1185.77
291.54	1202.16
291.76	1167.34
291.97	1196.01
292.18	1173.49
292.40	1204.21
292.61	1073.14
292.83	1153.01
293.04	1114.10
293.26	1155.05
293.47	1212.40
293.69	1202.16
293.90	1236.97
294.12	1210.35
294.33	1230.83
294.55	1167.34
294.76	1138.67
294.97	1150.96
295.19	1122.29
295.40	1150.96
295.62	1165.29
295.83	1169.39
296.05	1245.16
296.26	1183.73
296.48	1161.20
296.69	1175.53
296.90	1163.25
297.12	1167.34
297.33	1118.19
297.55	1153.01
297.76	1191.92
297.98	1165.29
298.19	1187.82
298.41	1208.30
298.62	1224.69
298.83	1202.16
299.05	1153.01
299.26	1136.62
299.48	1241.07
299.69	1122.29
299.90	1179.63
300.12	1142.77
300.33	1234.93
300.55	1167.34
300.76	1163.25
300.98	1187.82
301.19	1171.44
301.40	1241.07
301.62	1165.29
301.83	1177.58
302.05	1228.78
302.26	1161.20
302.47	1163.25
302.69	1128.43
302.90	1177.58
303.12	1220.59
303.33	1136.62
303.54	1257.45
303.76	1222.64
303.97	1226.73
304.19	1222.64
304.40	1239.02
304.61	1202.16
304.83	1179.63
305.04	1206.25
305.26	1136.62
305.47	1208.30
305.68	1140.72
305.90	1146.86
306.11	1183.73
306.33	1200.11
306.54	1183.73
306.75	1142.77
306.97	1196.01
307.18	1167.34
307.39	1173.49
307.61	1220.59
307.82	1187.82
308.04	1214.45
308.25	1120.24
308.46	1177.58
308.68	1126.38
308.89	1146.86
309.10	1171.44
309.32	1165.29
309.53	1183.73
309.74	1142.77
309.96	1124.33
310.17	1163.25
310.39	1056.75
310.60	1148.91
310.81	1120.24
311.03	1210.35
311.24	1193.97
311.45	1173.49
311.67	1167.34
311.88	1144.81
312.09	1171.44
312.31	1196.01
312.52	1169.39
312.73	1071.09
312.95	1191.92
313.16	1144.81
313.37	1220.59
313.59	1218.54
313.80	1220.59
314.01	1138.67
314.23	1128.43
314.44	1206.25
314.65	1150.96
314.87	1148.91
315.08	1126.38
315.29	1212.40
315.51	1224.69
315.72	1157.10
315.93	1228.78
316.15	1224.69
316.36	1167.34
316.57	1148.91
316.79	1159.15
317.00	1179.63
317.21	1191.92
317.43	1083.38
317.64	1232.88
317.85	1167.34
318.07	1204.21
318.28	1128.43
318.49	1130.48
318.70	1175.53
318.92	1140.72
319.13	1142.77
319.34	1157.10
319.56	1183.73
319.77	1196.01
319.98	1167.34
320.20	1126.38
320.41	1185.77
320.62	1206.25
320.83	1177.58
321.05	1132.53
321.26	1212.40
321.47	1163.25
321.69	1212.40
321.90	1142.77
322.11	1161.20
322.32	1175.53
322.54	1222.64
322.75	1234.93
322.96	1193.97
323.18	1103.86
323.39	1171.44
323.60	1208.30
323.81	1193.97
324.03	1144.81
324.24	1118.19
324.45	1177.58
324.66	1187.82
324.88	1193.97
325.09	1200.11
325.30	1114.10
325.52	1198.06
325.73	1177.58
325.94	1183.73
326.15	1138.67
326.37	1191.92
326.58	1142.77
326.79	1167.34
327.00	1294.32
327.22	1243.12
327.43	1171.44
327.64	1140.72
327.85	1187.82
328.07	1204.21
328.28	1146.86
328.49	1179.63
328.70	1181.68
328.92	1214.45
329.13	1212.40
329.34	1189.87
329.55	1155.05
329.76	1269.74
329.98	1126.38
330.19	1116.14
330.40	1224.69
330.61	1097.71
330.83	1185.77
331.04	1216.49
331.25	1146.86
331.46	1181.68
331.68	1241.07
331.89	1179.63
332.10	1097.71
332.31	1165.29
332.52	1187.82
332.74	1144.81
332.95	1177.58
333.16	1153.01
333.37	1187.82
333.58	1222.64
333.80	1116.14
334.01	1124.33
334.22	1183.73
334.43	1148.91
334.64	1118.19
334.86	1128.43
335.07	1138.67
335.28	1183.73
335.49	1249.26
335.70	1169.39
335.92	1110.00
336.13	1091.57
336.34	1148.91
336.55	1140.72
336.76	1173.49
336.98	1189.87
337.19	1167.34
337.40	1085.42
337.61	1198.06
337.82	1118.19
338.04	1173.49
338.25	1114.10
338.46	1159.15
338.67	1177.58
338.88	1159.15
339.09	1193.97
339.31	1150.96
339.52	1177.58
339.73	1185.77
339.94	1107.95
340.15	1173.49
340.36	1155.05
340.58	1144.81
340.79	1222.64
341.00	1177.58
341.21	1183.73
341.42	1222.64
341.63	1114.10
341.85	1175.53
342.06	1179.63
342.27	1142.77
342.48	1132.53
342.69	1191.92
342.90	1161.20
343.12	1183.73
343.33	1134.57
343.54	1118.19
343.75	1140.72
343.96	1146.86
344.17	1140.72
344.38	1122.29
344.60	1148.91
344.81	1126.38
345.02	1148.91
345.23	1232.88
345.44	1146.86
345.65	1204.21
345.86	1282.03
346.07	1163.25
346.29	1204.21
346.50	1130.48
346.71	1148.91
346.92	1249.26
347.13	1200.11
347.34	1241.07
347.55	1157.10
347.76	1132.53
347.98	1161.20
348.19	1118.19
348.40	1202.16
348.61	1159.15
348.82	1153.01
349.03	1187.82
349.24	1099.76
349.45	1196.01
349.66	1175.53
349.88	1230.83
350.09	1150.96
350.30	1165.29
350.51	1167.34
350.72	1126.38
350.93	1212.40
351.14	1204.21
351.35	1142.77
351.56	1116.14
351.77	1171.44
351.99	1165.29
352.20	1200.11
352.41	1208.30
352.62	1163.25
352.83	1130.48
353.04	1251.31
353.25	1107.95
353.46	1167.34
353.67	1189.87
353.88	1189.87
354.09	1198.06
354.30	1236.97
354.52	1146.86
354.73	1110.00
354.94	1161.20
355.15	1114.10
355.36	1216.49
355.57	1247.21
355.78	1179.63
355.99	1230.83
356.20	1245.16
356.41	1179.63
356.62	1150.96
356.83	1165.29
357.04	1191.92
357.25	1220.59
357.46	1144.81
357.68	1114.10
357.89	1196.01
358.10	1181.68
358.31	1175.53
358.52	1148.91
358.73	1224.69
358.94	1224.69
359.15	1165.29
359.36	1193.97
359.57	1218.54
359.78	1140.72
359.99	1134.57
360.20	1210.35
360.41	1142.77
360.62	1148.91
360.83	1163.25
361.04	1189.87
361.25	1101.81
361.46	1183.73
361.67	1253.36
361.88	1144.81
362.09	1257.45
362.30	1163.25
362.51	1177.58
362.72	1165.29
362.93	1167.34
363.14	1095.66
363.35	1150.96
363.56	1181.68
363.78	1150.96
363.99	1157.10
364.20	1171.44
364.41	1189.87
364.62	1167.34
364.83	1128.43
365.04	1130.48
365.25	1148.91
365.46	1165.29
365.67	1214.45
365.88	1087.47
366.09	1171.44
366.30	1159.15
366.51	1150.96
366.72	1249.26
366.93	1134.57
367.14	1167.34
367.35	1122.29
367.56	1200.11
367.77	1181.68
367.98	1204.21
368.18	1208.30
368.39	1146.86
368.60	1181.68
368.81	1163.25
369.02	1114.10
369.23	1222.64
369.44	1212.40
369.65	1196.01
369.86	1216.49
370.07	1118.19
370.28	1173.49
370.49	1183.73
370.70	1191.92
370.91	1167.34
371.12	1157.10
371.33	1208.30
371.54	1161.20
371.75	1163.25
371.96	1163.25
372.17	1218.54
372.38	1159.15
372.59	1091.57
372.80	1146.86
373.01	1210.35
373.22	1161.20
373.43	1204.21
373.64	1257.45
373.85	1138.67
374.06	1206.25
374.26	1142.77
374.47	1179.63
374.68	1167.34
374.89	1167.34
375.10	1169.39
375.31	1171.44
375.52	1155.05
375.73	1171.44
375.94	1218.54
376.15	1120.24
376.36	1181.68
376.57	1181.68
376.78	1206.25
376.99	1187.82
377.20	1148.91
377.40	1173.49
377.61	1163.25
377.82	1191.92
378.03	1187.82
378.24	1060.85
378.45	1204.21
378.66	1232.88
378.87	1155.05
379.08	1200.11
379.29	1196.01
379.50	1120.24
379.71	1155.05
379.91	1216.49
380.12	1179.63
380.33	1290.22
380.54	1167.34
380.75	1196.01
380.96	1245.16
381.17	1206.25
381.38	1142.77
381.59	1249.26
381.80	1177.58
382.00	1144.81
382.21	1183.73
382.42	1179.63
382.63	1193.97
382.84	1222.64
383.05	1216.49
383.26	1198.06
383.47	1236.97
383.68	1222.64
383.88	1179.63
384.09	1224.69
384.30	1179.63
384.51	1226.73
384.72	1132.53
384.93	1136.62
385.14	1130.48
385.35	1189.87
385.55	1157.10
385.76	1083.38
385.97	1167.34
386.18	1134.57
386.39	1173.49
386.60	1138.67
386.81	1159.15
387.02	1230.83
387.22	1148.91
387.43	1263.60
387.64	1210.35
387.85	1120.24
388.06	1140.72
388.27	1232.88
388.48	1232.88
388.68	1214.45
388.89	1118.19
389.10	1206.25
389.31	1204.21
389.52	1234.93
389.73	1169.39
389.93	1261.55
390.14	1089.52
390.35	1155.05
390.56	1159.15
390.77	1140.72
390.98	1232.88
391.18	1196.01
391.39	1116.14
391.60	1146.86
391.81	1167.34
392.02	1138.67
392.23	1183.73
392.43	1161.20
392.64	1224.69
392.85	1216.49
393.06	1255.40
393.27	1167.34
393.47	1181.68
393.68	1157.10
393.89	1153.01
394.10	1157.10
394.31	1155.05
394.52	1126.38
394.72	1124.33
394.93	1218.54
395.14	1191.92
395.35	1183.73
395.56	1212.40
395.76	1126.38
395.97	1148.91
396.18	1220.59
396.39	1171.44
396.60	1220.59
396.80	1159.15
397.01	1163.25
397.22	1148.91
397.43	1183.73
397.64	1191.92
397.84	1181.68
398.05	1161.20
398.26	1200.11
398.47	1189.87
398.67	1191.92
398.88	1196.01
399.09	1198.06
399.30	1107.95
399.51	1239.02
399.71	1130.48
399.92	1142.77
400.13	1204.21
400.34	1206.25
400.54	1224.69
400.75	1177.58
400.96	1206.25
401.17	1185.77
401.37	1175.53
401.58	1169.39
401.79	1191.92
402.00	1257.45
402.21	1101.81
402.41	1185.77
402.62	1273.84
402.83	1110.00
403.04	1163.25
403.24	1224.69
403.45	1173.49
403.66	1179.63
403.87	1198.06
404.07	1099.76
404.28	1142.77
404.49	1202.16
404.70	1189.87
404.90	1073.14
405.11	1193.97
405.32	1177.58
405.52	1150.96
405.73	1236.97
405.94	1181.68
406.15	1148.91
406.35	1165.29
406.56	1202.16
406.77	1163.25
406.98	1206.25
407.18	1138.67
407.39	1126.38
407.60	1171.44
407.80	1157.10
408.01	1177.58
408.22	1183.73
408.43	1169.39
408.63	1175.53
408.84	1159.15
409.05	1243.12
409.25	1075.18
409.46	1142.77
409.67	1193.97
409.88	1157.10
410.08	1153.01
410.29	1101.81
410.50	1234.93
410.70	1116.14
410.91	1232.88
411.12	1230.83
411.32	1193.97
411.53	1138.67
411.74	1210.35
411.95	1204.21
412.15	1185.77
412.36	1179.63
412.57	1200.11
412.77	1169.39
412.98	1157.10
413.19	1157.10
413.39	1171.44
413.60	1169.39
413.81	1165.29
414.01	1150.96
414.22	1155.05
414.43	1183.73
414.63	1216.49
414.84	1183.73
415.05	1142.77
415.25	1130.48
415.46	1150.96
415.67	1159.15
415.87	1187.82
416.08	1144.81
416.29	1097.71
416.49	1253.36
416.70	1140.72
416.91	1185.77
417.11	1196.01
417.32	1191.92
417.53	1142.77
417.73	1161.20
417.94	1236.97
418.15	1165.29
418.35	1110.00
418.56	1118.19
418.77	1200.11
418.97	1224.69
419.18	1224.69
419.38	1153.01
419.59	1146.86
419.80	1261.55
420.00	1187.82
420.21	1085.42
420.42	1169.39
420.62	1193.97
420.83	1173.49
421.04	1122.29
421.24	1105.90
421.45	1179.63
421.65	1138.67
421.86	1161.20
422.07	1177.58
422.27	1122.29
422.48	1177.58
422.69	1185.77
422.89	1224.69
423.10	1173.49
423.30	1189.87
423.51	1200.11
423.72	1230.83
423.92	1150.96
424.13	1173.49
424.33	1165.29
424.54	1204.21
424.75	1222.64
424.95	1257.45
425.16	1175.53
425.36	1103.86
425.57	1259.50
425.78	1228.78
425.98	1187.82
426.19	1179.63
426.39	1179.63
426.60	1220.59
426.81	1161.20
427.01	1138.67
427.22	1200.11
427.42	1185.77
427.63	1136.62
427.83	1153.01
428.04	1159.15
428.25	1183.73
428.45	1167.34
428.66	1093.62
428.86	1136.62
429.07	1189.87
429.28	1179.63
429.48	1232.88
429.69	1171.44
429.89	1159.15
430.10	1200.11
430.30	1196.01
430.51	1122.29
430.71	1183.73
430.92	1136.62
431.13	1169.39
431.33	1157.10
431.54	1212.40
431.74	1239.02
431.95	1228.78
432.15	1224.69
432.36	1159.15
432.56	1187.82
432.77	1212.40
432.98	1200.11
433.18	1200.11
433.39	1155.05
433.59	1173.49
433.80	1228.78
434.00	1167.34
434.21	1130.48
434.41	1165.29
434.62	1157.10
434.82	1247.21
435.03	1134.57
435.23	1212.40
435.44	1146.86
435.64	1159.15
435.85	1163.25
436.06	1105.90
436.26	1153.01
436.47	1220.59
436.67	1136.62
436.88	1150.96
437.08	1103.86
437.29	1132.53
437.49	1206.25
437.70	1114.10
437.90	1183.73
438.11	1105.90
438.31	1236.97
438.52	1181.68
438.72	1142.77
438.93	1155.05
439.13	1142.77
439.34	1134.57
439.54	1134.57
439.75	1228.78
439.95	1110.00
440.16	1101.81
440.36	1167.34
440.57	1118.19
440.77	1171.44
440.98	1146.86
441.18	1236.97
441.39	1159.15
441.59	1187.82
441.80	1153.01
442.00	1142.77
442.21	1165.29
442.41	1150.96
442.62	1165.29
442.82	1171.44
443.02	1173.49
443.23	1171.44
443.43	1177.58
443.64	1173.49
443.84	1173.49
444.05	1155.05
444.25	1179.63
444.46	1118.19
444.66	1200.11
444.87	1216.49
445.07	1150.96
445.28	1218.54
445.48	1232.88
445.69	1212.40
445.89	1136.62
446.09	1222.64
446.30	1146.86
446.50	1214.45
446.71	1210.35
446.91	1173.49
447.12	1206.25
447.32	1167.34
447.53	1193.97
447.73	1165.29
447.93	1155.05
448.14	1171.44
448.34	1212.40
448.55	1165.29
448.75	1224.69
448.96	1200.11
449.16	1196.01
449.36	1200.11
449.57	1169.39
449.77	1150.96
449.98	1142.77
450.18	1173.49
450.39	1198.06
450.59	1112.05
450.79	1146.86
451.00	1245.16
451.20	1071.09
451.41	1153.01
451.61	1179.63
451.81	1232.88
452.02	1134.57
452.22	1136.62
452.43	1126.38
452.63	1165.29
452.84	1165.29
453.04	1161.20
453.24	1079.28
453.45	1150.96
453.65	1089.52
453.86	1142.77
454.06	1189.87
454.26	1157.10
454.47	1196.01
454.67	1230.83
454.87	1193.97
455.08	1130.48
455.28	1165.29
455.49	1142.77
455.69	1132.53
455.89	1181.68
456.10	1198.06
456.30	1140.72
456.51	1171.44
456.71	1204.21
456.91	1175.53
457.12	1187.82
457.32	1273.84
457.52	1183.73
457.73	1198.06
457.93	1189.87
458.14	1181.68
458.34	1232.88
458.54	1228.78
458.75	1112.05
458.95	1206.25
459.15	1171.44
459.36	1075.18
459.56	1140.72
459.76	1169.39
459.97	1173.49
460.17	1136.62
460.37	1206.25
460.58	1099.76
460.78	1241.07
460.99	1091.57
461.19	1155.05
461.39	1138.67
461.60	1189.87
461.80	1146.86
462.00	1230.83
462.21	1146.86
462.41	1167.34
462.61	1161.20
462.82	1142.77
463.02	1163.25
463.22	1171.44
463.43	1210.35
463.63	1220.59
463.83	1206.25
464.04	1222.64
464.24	1224.69
464.44	1200.11
464.64	1243.12
464.85	1179.63
465.05	1236.97
465.25	1101.81
465.46	1144.81
465.66	1116.14
465.86	1163.25
466.07	1185.77
466.27	1193.97
466.47	1206.25
466.68	1175.53
466.88	1179.63
467.08	1146.86
467.29	1171.44
467.49	1132.53
467.69	1204.21
467.89	1183.73
468.10	1142.77
468.30	1200.11
468.50	1130.48
468.71	1161.20
468.91	1165.29
469.11	1202.16
469.31	1183.73
469.52	1159.15
469.72	1146.86
469.92	1146.86
470.13	1175.53
470.33	1236.97
470.53	1146.86
470.73	1204.21
470.94	1193.97
471.14	1112.05
471.34	1122.29
471.54	1173.49
471.75	1255.40
471.95	1155.05
472.15	1150.96
472.36	1191.92
472.56	1146.86
472.76	1214.45
472.96	1148.91
473.17	1218.54
473.37	1198.06
473.57	1191.92
473.77	1183.73
473.98	1171.44
474.18	1187.82
474.38	1204.21
474.58	1116.14
474.79	1161.20
474.99	1220.59
475.19	1189.87
475.39	1169.39
475.60	1216.49
475.80	1124.33
476.00	1224.69
476.20	1204.21
476.41	1157.10
476.61	1257.45
476.81	1132.53
477.01	1200.11
477.21	1183.73
477.42	1241.07
477.62	1228.78
477.82	1183.73
478.02	1187.82
478.23	1173.49
478.43	1165.29
478.63	1179.63
478.83	1193.97
479.03	1251.31
479.24	1169.39
479.44	1155.05
479.64	1234.93
479.84	1228.78
480.04	1099.76
480.25	1187.82
480.45	1155.05
480.65	1189.87
480.85	1224.69
481.06	1220.59
481.26	1161.20
481.46	1171.44
481.66	1161.20
481.86	1222.64
482.06	1153.01
482.27	1261.55
482.47	1208.30
482.67	1144.81
482.87	1124.33
483.07	1210.35
483.28	1239.02
483.48	1177.58
483.68	1204.21
483.88	1214.45
484.08	1183.73
484.29	1181.68
484.49	1224.69
484.69	1181.68
484.89	1196.01
485.09	1210.35
485.29	1105.90
485.50	1165.29
485.70	1200.11
485.90	1226.73
486.10	1163.25
486.30	1161.20
486.50	1216.49
486.71	1181.68
486.91	1161.20
487.11	1206.25
487.31	1220.59
487.51	1214.45
487.71	1171.44
487.91	1171.44
488.12	1193.97
488.32	1206.25
488.52	1216.49
488.72	1159.15
488.92	1128.43
489.12	1212.40
489.32	1179.63
489.53	1239.02
489.73	1191.92
489.93	1159.15
490.13	1191.92
490.33	1153.01
490.53	1132.53
490.73	1161.20
490.94	1163.25
491.14	1169.39
491.34	1204.21
491.54	1214.45
491.74	1132.53
491.94	1173.49
492.14	1155.05
492.34	1110.00
492.54	1245.16
492.75	1187.82
492.95	1185.77
493.15	1140.72
493.35	1232.88
493.55	1206.25
493.75	1204.21
493.95	1161.20
494.15	1175.53
494.35	1200.11
494.56	1163.25
494.76	1255.40
494.96	1148.91
495.16	1198.06
495.36	1189.87
495.56	1185.77
495.76	1161.20
495.96	1173.49
496.16	1193.97
496.36	1177.58
496.56	1171.44
496.77	1212.40
496.97	1216.49
497.17	1150.96
497.37	1208.30
497.57	1247.21
497.77	1185.77
497.97	1206.25
498.17	1146.86
498.37	1191.92
498.57	1146.86
498.77	1120.24
498.97	1210.35
499.17	1093.62
499.38	1155.05
499.58	1159.15
499.78	1241.07
499.98	1279.98
500.18	1155.05
500.38	1181.68
500.58	1167.34
500.78	1210.35
500.98	1148.91
501.18	1200.11
501.38	1105.90
501.58	1183.73
501.78	1144.81
501.98	1263.60
502.18	1193.97
502.38	1200.11
502.58	1157.10
502.78	1171.44
502.98	1163.25
503.18	1189.87
503.38	1173.49
503.59	1220.59
503.79	1218.54
503.99	1148.91
504.19	1171.44
504.39	1193.97
504.59	1185.77
504.79	1181.68
504.99	1216.49
505.19	1175.53
505.39	1138.67
505.59	1183.73
505.79	1103.86
505.99	1167.34
506.19	1179.63
506.39	1107.95
506.59	1124.33
506.79	1210.35
506.99	1202.16
507.19	1210.35
507.39	1200.11
507.59	1159.15
507.79	1196.01
507.99	1200.11
508.19	1142.77
508.39	1236.97
508.59	1132.53
508.79	1175.53
508.99	1196.01
509.19	1200.11
509.39	1163.25
509.59	1177.58
509.79	1126.38
509.99	1196.01
510.19	1130.48
510.39	1171.44
510.59	1128.43
510.79	1165.29
510.99	1114.10
511.19	1150.96
511.39	1222.64
511.59	1169.39
511.79	1140.72
511.99	1163.25
512.19	1148.91
512.38	1167.34
512.58	1130.48
512.78	1142.77
512.98	1218.54
513.18	1208.30
513.38	1216.49
513.58	1155.05
513.78	1140.72
513.98	1177.58
514.18	1118.19
514.38	1257.45
514.58	1157.10
514.78	1191.92
514.98	1153.01
515.18	1161.20
515.38	1128.43
515.58	1179.63
515.78	1189.87
515.98	1148.91
516.18	1181.68
516.38	1175.53
516.57	1210.35
516.77	1222.64
516.97	1138.67
517.17	1196.01
517.37	1126.38
517.57	1220.59
517.77	1087.47
517.97	1191.92
518.17	1161.20
518.37	1220.59
518.57	1173.49
518.77	1189.87
518.97	1183.73
519.16	1183.73
519.36	1159.15
519.56	1165.29
519.76	1175.53
519.96	1224.69
520.16	1146.86
520.36	1169.39
520.56	1179.63
520.76	1159.15
520.96	1150.96
521.16	1157.10
521.35	1212.40
521.55	1146.86
521.75	1114.10
521.95	1210.35
522.15	1116.14
522.35	1239.02
522.55	1204.21
522.75	1146.86
522.95	1206.25
523.14	1105.90
523.34	1177.58
523.54	1161.20
523.74	1134.57
523.94	1179.63
524.14	1148.91
524.34	1191.92
524.54	1193.97
524.73	1183.73
524.93	1114.10
525.13	1232.88
525.33	1132.53
525.53	1142.77
525.73	1171.44
525.93	1159.15
526.13	1150.96
526.32	1171.44
526.52	1208.30
526.72	1122.29
526.92	1165.29
527.12	1130.48
527.32	1126.38
527.52	1153.01
527.71	1204.21
527.91	1175.53
528.11	1198.06
528.31	1097.71
528.51	1189.87
528.71	1308.65
528.90	1171.44
529.10	1202.16
529.30	1249.26
529.50	1175.53
529.70	1241.07
529.90	1134.57
530.09	1247.21
530.29	1165.29
530.49	1169.39
530.69	1179.63
530.89	1130.48
531.09	1263.60
531.28	1144.81
531.48	1234.93
531.68	1167.34
531.88	1167.34
532.08	1144.81
532.28	1181.68
532.47	1132.53
532.67	1150.96
532.87	1220.59
533.07	1142.77
533.27	1196.01
533.46	1150.96
533.66	1136.62
533.86	1185.77
534.06	1118.19
534.26	1185.77
534.45	1132.53
534.65	1210.35
534.85	1075.18
535.05	1140.72
535.25	1116.14
535.44	1216.49
535.64	1208.30
535.84	1148.91
536.04	1226.73
536.24	1175.53
536.43	1185.77
536.63	1142.77
536.83	1114.10
537.03	1144.81
537.22	1177.58
537.42	1130.48
537.62	1144.81
537.82	1175.53
538.02	1134.57
538.21	1181.68
538.41	1112.05
538.61	1183.73
538.81	1171.44
539.00	1179.63
539.20	1234.93
539.40	1165.29
539.60	1167.34
539.79	1118.19
539.99	1146.86
540.19	1220.59
540.39	1163.25
540.58	1140.72
540.78	1185.77
540.98	1179.63
541.18	1251.31
541.37	1124.33
541.57	1173.49
541.77	1066.99
541.97	1167.34
542.16	1146.86
542.36	1241.07
542.56	1153.01
542.76	1136.62
542.95	1167.34
543.15	1247.21
543.35	1193.97
543.54	1144.81
543.74	1183.73
543.94	1165.29
544.14	1167.34
544.33	1157.10
544.53	1122.29
544.73	1112.05
544.93	1173.49
545.12	1204.21
545.32	1116.14
545.52	1165.29
545.71	1187.82
545.91	1175.53
546.11	1200.11
546.30	1114.10
546.50	1095.66
546.70	1212.40
546.90	1150.96
547.09	1105.90
547.29	1208.30
547.49	1122.29
547.68	1198.06
547.88	1124.33
548.08	1212.40
548.27	1191.92
548.47	1214.45
548.67	1105.90
548.87	1128.43
549.06	1146.86
549.26	1175.53
549.46	1118.19
549.65	1155.05
549.85	1247.21
550.05	1134.57
550.24	1193.97
550.44	1153.01
550.64	1126.38
550.83	1204.21
551.03	1191.92
551.23	1218.54
551.42	1196.01
551.62	1134.57
551.82	1150.96
552.01	1193.97
552.21	1144.81
552.41	1132.53
552.60	1220.59
552.80	1126.38
553.00	1202.16
553.19	1132.53
553.39	1173.49
553.59	1140.72
553.78	1167.34
553.98	1216.49
554.17	1173.49
554.37	1155.05
554.57	1146.86
554.76	1153.01
554.96	1175.53
555.16	1189.87
555.35	1185.77
555.55	1208.30
555.75	1146.86
555.94	1163.25
556.14	1114.10
556.33	1122.29
556.53	1189.87
556.73	1110.00
556.92	1146.86
557.12	1232.88
557.32	1118.19
557.51	1181.68
557.71	1222.64
557.90	1163.25
558.10	1167.34
558.30	1142.77
558.49	1173.49
558.69	1163.25
558.88	1155.05
559.08	1204.21
559.28	1222.64
559.47	1146.86
559.67	1144.81
559.86	1222.64
560.06	1185.77
560.26	1212.40
560.45	1224.69
560.65	1171.44
560.84	1212.40
561.04	1167.34
561.24	1146.86
561.43	1155.05
561.63	1177.58
561.82	1232.88
562.02	1153.01
562.22	1167.34
562.41	1247.21
562.61	1134.57
562.80	1169.39
563.00	1206.25
563.19	1232.88
563.39	1222.64
563.59	1105.90
563.78	1224.69
563.98	1196.01
564.17	1110.00
564.37	1183.73
564.56	1228.78
564.76	1161.20
564.96	1218.54
565.15	1093.62
565.35	1210.35
565.54	1159.15
565.74	1183.73
565.93	1175.53
566.13	1191.92
566.32	1236.97
566.52	1175.53
566.71	1177.58
566.91	1230.83
567.11	1110.00
567.30	1220.59
567.50	1175.53
567.69	1202.16
567.89	1144.81
568.08	1150.96
568.28	1187.82
568.47	1249.26
568.67	1163.25
568.86	1165.29
569.06	1107.95
569.25	1155.05
569.45	1097.71
569.64	1167.34
569.84	1124.33
570.04	1179.63
570.23	1126.38
570.43	1175.53
570.62	1136.62
570.82	1157.10
571.01	1196.01
571.21	1198.06
571.40	1150.96
571.60	1183.73
571.79	1116.14
571.99	1144.81
572.18	1204.21
572.38	1167.34
572.57	1120.24
572.77	1142.77
572.96	1159.15
573.16	1179.63
573.35	1077.23
573.55	1206.25
573.74	1157.10
573.94	1138.67
574.13	1253.36
574.33	1185.77
574.52	1253.36
574.71	1187.82
574.91	1155.05
575.10	1232.88
575.30	1130.48
575.49	1056.75
575.69	1157.10
575.88	1185.77
576.08	1196.01
576.27	1167.34
576.47	1153.01
576.66	1171.44
576.86	1185.77
577.05	1122.29
577.25	1208.30
577.44	1167.34
577.64	1130.48
577.83	1161.20
578.02	1193.97
578.22	1161.20
578.41	1196.01
578.61	1155.05
578.80	1212.40
579.00	1234.93
579.19	1150.96
579.39	1204.21
579.58	1136.62
579.77	1222.64
579.97	1204.21
580.16	1146.86
580.36	1196.01
580.55	1144.81
580.75	1183.73
580.94	1189.87
581.13	1177.58
581.33	1271.79
581.52	1173.49
581.72	1198.06
581.91	1130.48
582.11	1193.97
582.30	1079.28
582.49	1120.24
582.69	1171.44
582.88	1142.77
583.08	1191.92
583.27	1165.29
583.47	1200.11
583.66	1175.53
583.85	1247.21
584.05	1167.34
584.24	1167.34
584.44	1124.33
584.63	1173.49
584.82	1204.21
585.02	1134.57
585.21	1163.25
585.41	1214.45
585.60	1183.73
585.79	1159.15
585.99	1148.91
586.18	1179.63
586.37	1150.96
586.57	1183.73
586.76	1210.35
586.96	1220.59
587.15	1241.07
587.34	1171.44
587.54	1191.92
587.73	1118.19
587.93	1175.53
588.12	1155.05
588.31	1198.06
588.51	1146.86
588.70	1167.34
588.89	1245.16
589.09	1110.00
589.28	1150.96
589.47	1198.06
589.67	1163.25
589.86	1224.69
590.06	1163.25
590.25	1202.16
590.44	1146.86
590.64	1132.53
590.83	1210.35
591.02	1099.76
591.22	1165.29
591.41	1198.06
591.60	1216.49
591.80	1210.35
591.99	1245.16
592.18	1165.29
592.38	1130.48
592.57	1142.77
592.76	1155.05
592.96	1183.73
593.15	1216.49
593.34	1146.86
593.54	1169.39
593.73	1148.91
593.92	1128.43
594.12	1183.73
594.31	1146.86
594.50	1114.10
594.70	1220.59
594.89	1099.76
595.08	1157.10
595.28	1101.81
595.47	1146.86
595.66	1224.69
595.86	1157.10
596.05	1183.73
596.24	1167.34
596.43	1126.38
596.63	1228.78
596.82	1187.82
597.01	1136.62
597.21	1210.35
597.40	1087.47
597.59	1091.57
597.79	1191.92
597.98	1097.71
598.17	1146.86
598.36	1107.95
598.56	1189.87
598.75	1177.58
598.94	1245.16
599.14	1208.30
599.33	1187.82
599.52	1150.96
599.71	1159.15
599.91	1112.05
600.10	1116.14
600.29	1095.66
600.48	1202.16
600.68	1191.92
600.87	1095.66
601.06	1150.96
601.26	1165.29
601.45	1200.11
601.64	1150.96
601.83	1222.64
602.03	1198.06
602.22	1167.34
602.41	1179.63
602.60	1200.11
602.80	1167.34
602.99	1232.88
603.18	1118.19
603.37	1130.48
603.57	1116.14
603.76	1241.07
603.95	1112.05
604.14	1210.35
604.34	1277.93
604.53	1110.00
604.72	1085.42
604.91	1161.20
605.10	1193.97
605.30	1120.24
605.49	1208.30
605.68	1214.45
605.87	1159.15
606.07	1142.77
606.26	1159.15
606.45	1173.49
606.64	1191.92
606.84	1132.53
607.03	1282.03
607.22	1212.40
607.41	1138.67
607.60	1253.36
607.80	1173.49
607.99	1196.01
608.18	1159.15
608.37	1212.40
608.56	1038.32
608.76	1146.86
608.95	1167.34
609.14	1132.53
609.33	1187.82
609.52	1226.73
609.72	1183.73
609.91	1175.53
610.10	1093.62
610.29	1173.49
610.48	1163.25
610.68	1140.72
610.87	1130.48
611.06	1167.34
611.25	1189.87
611.44	1177.58
611.63	1155.05
611.83	1179.63
612.02	1193.97
612.21	1183.73
612.40	1191.92
612.59	1124.33
612.79	1171.44
612.98	1091.57
613.17	1183.73
613.36	1163.25
613.55	1257.45
613.74	1155.05
613.93	1230.83
614.13	1212.40
614.32	1159.15
614.51	1208.30
614.70	1204.21
614.89	1161.20
615.08	1148.91
615.28	1087.47
615.47	1144.81
615.66	1183.73
615.85	1183.73
616.04	1230.83
616.23	1153.01
616.42	1167.34
616.62	1163.25
616.81	1173.49
617.00	1159.15
617.19	1132.53
617.38	1150.96
617.57	1212.40
617.76	1185.77
617.95	1222.64
618.15	1085.42
618.34	1208.30
618.53	1259.50
618.72	1216.49
618.91	1132.53
619.10	1200.11
619.29	1169.39
619.48	1128.43
619.68	1134.57
619.87	1206.25
620.06	1185.77
620.25	1243.12
620.44	1140.72
620.63	1196.01
620.82	1136.62
621.01	1173.49
621.20	1087.47
621.39	1177.58
621.59	1202.16
621.78	1204.21
621.97	1275.88
622.16	1212.40
622.35	1173.49
622.54	1179.63
622.73	1179.63
622.92	1150.96
623.11	1187.82
623.30	1161.20
623.49	1187.82
623.68	1157.10
623.88	1138.67
624.07	1148.91
624.26	1148.91
624.45	1200.11
624.64	1251.31
624.83	1173.49
625.02	1200.11
625.21	1224.69
625.40	1245.16
625.59	1247.21
625.78	1146.86
625.97	1159.15
626.16	1183.73
626.35	1189.87
626.54	1167.34
626.74	1257.45
626.93	1224.69
627.12	1183.73
627.31	1220.59
627.50	1187.82
627.69	1146.86
627.88	1165.29
628.07	1212.40
628.26	1183.73
628.45	1300.46
628.64	1282.03
628.83	1234.93
629.02	1204.21
629.21	1198.06
629.40	1230.83
629.59	1169.39
629.78	1175.53
629.97	1200.11
630.16	1208.30
630.35	1228.78
630.54	1249.26
630.73	1224.69
630.92	1189.87
631.11	1193.97
631.30	1318.89
631.49	1415.15
631.68	1834.98
631.87	3837.89
632.06	15513.36
632.25	45131.09
632.44	59911.28
632.63	62512.20
632.82	39312.81
633.01	19734.23
633.20	5736.36
633.39	5918.63
633.58	2684.89
633.77	2201.57
633.96	1755.11
634.15	1495.02
634.34	1564.65
634.53	1585.13
634.72	1427.43
634.91	1406.95
635.10	1359.85
635.29	1341.42
635.48	1234.93
635.67	1243.12
635.86	1214.45
636.05	1204.21
636.24	1226.73
636.43	1142.77
636.62	1212.40
636.81	1216.49
637.00	1175.53
637.19	1150.96
637.38	1165.29
637.57	1179.63
637.76	1144.81
637.95	1294.32
638.14	1265.64
638.33	1163.25
638.52	1193.97
638.71	1171.44
638.89	1216.49
639.08	1214.45
639.27	1196.01
639.46	1191.92
639.65	1183.73
639.84	1155.05
640.03	1224.69
640.22	1167.34
640.41	1183.73
640.60	1226.73
640.79	1177.58
640.98	1097.71
641.17	1157.10
641.36	1191.92
641.55	1146.86
641.74	1132.53
641.92	1214.45
642.11	1232.88
642.30	1177.58
642.49	1161.20
642.68	1251.31
642.87	1150.96
643.06	1153.01
643.25	1171.44
643.44	1124.33
643.63	1161.20
643.82	1107.95
644.00	1179.63
644.19	1212.40
644.38	1241.07
644.57	1200.11
644.76	1124.33
644.95	1239.02
645.14	1226.73
645.33	1150.96
645.52	1173.49
645.71	1175.53
645.89	1171.44
646.08	1214.45
646.27	1140.72
646.46	1167.34
646.65	1218.54
646.84	1187.82
647.03	1132.53
647.22	1226.73
647.40	1177.58
647.59	1148.91
647.78	1216.49
647.97	1245.16
648.16	1169.39
648.35	1161.20
648.54	1179.63
648.73	1179.63
648.91	1169.39
649.10	1155.05
649.29	1155.05
649.48	1206.25
649.67	1163.25
649.86	1257.45
650.05	1171.44
650.23	1179.63
650.42	1132.53
650.61	1171.44
650.80	1148.91
650.99	1140.72
651.18	1232.88
651.36	1122.29
651.55	1224.69
651.74	1155.05
651.93	1116.14
652.12	1142.77
652.31	1212.40
652.49	1128.43
652.68	1228.78
652.87	1159.15
653.06	1159.15
653.25	1200.11
653.44	1218.54
653.62	1105.90
653.81	1173.49
654.00	1191.92
654.19	1146.86
654.38	1241.07
654.56	1185.77
654.75	1107.95
654.94	1208.30
655.13	1163.25
655.32	1126.38
655.51	1200.11
655.69	1165.29
655.88	1177.58
656.07	1177.58
656.26	1114.10
656.45	1216.49
656.63	1181.68
656.82	1198.06
657.01	1245.16
657.20	1126.38
657.38	1200.11
657.57	1167.34
657.76	1132.53
657.95	1130.48
658.14	1181.68
658.32	1101.81
658.51	1153.01
658.70	1175.53
658.89	1196.01
659.08	1218.54
659.26	1136.62
659.45	1138.67
659.64	1216.49
659.83	1206.25
660.01	1153.01
660.20	1198.06
660.39	1169.39
660.58	1191.92
660.76	1091.57
660.95	1095.66
661.14	1159.15
661.33	1189.87
661.51	1175.53
661.70	1161.20
661.89	1210.35
662.08	1126.38
662.26	1130.48
662.45	1165.29
662.64	1200.11
662.83	1140.72
663.01	1134.57
663.20	1167.34
663.39	1177.58
663.58	1210.35
663.76	1071.09
663.95	1181.68
664.14	1206.25
664.32	1097.71
664.51	1161.20
664.70	1163.25
664.89	1167.34
665.07	1150.96
665.26	1228.78
665.45	1177.58
665.64	1216.49
665.82	1167.34
666.01	1216.49
666.20	1157.10
666.38	1234.93
666.57	1183.73
666.76	1157.10
666.95	1183.73
667.13	1179.63
667.32	1200.11
667.51	1236.97
667.69	1191.92
667.88	1171.44
668.07	1177.58
668.25	1177.58
668.44	1193.97
668.63	1153.01
668.81	1177.58
669.00	1181.68
669.19	1218.54
669.38	1189.87
669.56	1075.18
669.75	1222.64
669.94	1167.34
670.12	1187.82
670.31	1120.24
670.50	1198.06
670.68	1204.21
670.87	1157.10
671.06	1157.10
671.24	1120.24
671.43	1146.86
671.62	1206.25
671.80	1177.58
671.99	1175.53
672.18	1204.21
672.36	1167.34
672.55	1193.97
672.74	1200.11
672.92	1185.77
673.11	1167.34
673.29	1148.91
673.48	1181.68
673.67	1091.57
673.85	1163.25
674.04	1187.82
674.23	1163.25
674.41	1157.10
674.60	1185.77
674.79	1169.39
674.97	1130.48
675.16	1118.19
675.34	1228.78
675.53	1175.53
675.72	1132.53
675.90	1132.53
676.09	1198.06
676.28	1155.05
676.46	1173.49
676.65	1165.29
676.83	1140.72
677.02	1112.05
677.21	1220.59
677.39	1124.33
677.58	1140.72
677.77	1181.68
677.95	1167.34
678.14	1126.38
678.32	1142.77
678.51	1118.19
678.70	1265.64
678.88	1247.21
679.07	1198.06
679.25	1173.49
679.44	1075.18
679.63	1183.73
679.81	1228.78
680.00	1191.92
680.18	1114.10
680.37	1140.72
680.55	1212.40
680.74	1157.10
680.93	1179.63
681.11	1099.76
681.30	1093.62
681.48	1189.87
681.67	1173.49
681.85	1167.34
682.04	1210.35
682.23	1191.92
682.41	1196.01
682.60	1165.29
682.78	1226.73
682.97	1191.92
683.15	1155.05
683.34	1130.48
683.53	1179.63
683.71	1169.39
683.90	1191.92
684.08	1105.90
684.27	1187.82
684.45	1148.91
684.64	1263.60
684.82	1095.66
685.01	1128.43
685.19	1128.43
685.38	1218.54
685.57	1218.54
685.75	1228.78
685.94	1144.81
686.12	1140.72
686.31	1181.68
686.49	1228.78
686.68	1220.59
686.86	1134.57
687.05	1163.25
687.23	1157.10
687.42	1171.44
687.60	1148.91
687.79	1222.64
687.97	1212.40
688.16	1064.94
688.34	1167.34
688.53	1177.58
688.71	1161.20
688.90	1196.01
689.08	1228.78
689.27	1155.05
689.45	1150.96
689.64	1232.88
689.82	1132.53
690.01	1126.38
690.19	1206.25
690.38	1101.81
690.56	1204.21
690.75	1247.21
690.93	1136.62
691.12	1173.49
691.30	1122.29
691.49	1167.34
691.67	1183.73
691.86	1138.67
692.04	1187.82
692.23	1300.46
692.41	1165.29
692.60	1204.21
692.78	1128.43
692.97	1196.01
693.15	1075.18
693.34	1202.16
693.52	1144.81
693.71	1198.06
693.89	1210.35
694.08	1179.63
694.26	1171.44
694.44	1126.38
694.63	1189.87
694.81	1183.73
695.00	1105.90
695.18	1179.63
695.37	1265.64
695.55	1169.39
695.74	1200.11
695.92	1159.15
696.10	1206.25
696.29	1173.49
696.47	1134.57
696.66	1165.29
696.84	1206.25
697.03	1226.73
697.21	1204.21
697.40	1196.01
697.58	1087.47
697.76	1167.34
697.95	1126.38
698.13	1218.54
698.32	1101.81
698.50	1236.97
698.68	1134.57
698.87	1175.53
699.05	1116.14
699.24	1165.29
699.42	1136.62
699.61	1196.01
699.79	1138.67
699.97	1163.25
700.16	1150.96
700.34	1142.77
700.53	1251.31
700.71	1191.92
700.89	1189.87
701.08	1146.86
701.26	1196.01
701.45	1165.29
701.63	1167.34
701.81	1183.73
702.00	1181.68
702.18	1120.24
702.37	1216.49
702.55	1196.01
702.73	1169.39
702.92	1159.15
703.10	1196.01
703.28	1181.68
703.47	1112.05
703.65	1179.63
703.84	1142.77
704.02	1157.10
704.20	1169.39
704.39	1179.63
704.57	1206.25
704.75	1230.83
704.94	1165.29
705.12	1163.25
705.30	1181.68
705.49	1202.16
705.67	1181.68
705.86	1179.63
706.04	1245.16
706.22	1187.82
706.41	1134.57
706.59	1150.96
706.77	1153.01
706.96	1155.05
707.14	1146.86
707.32	1234.93
707.51	1216.49
707.69	1204.21
707.87	1216.49
708.06	1093.62
708.24	1228.78
708.42	1220.59
708.61	1214.45
708.79	1171.44
708.97	1173.49
709.16	1134.57
709.34	1171.44
709.52	1159.15
709.71	1179.63
709.89	1148.91
710.07	1179.63
710.26	1181.68
710.44	1105.90
710.62	1128.43
710.80	1198.06
710.99	1200.11
711.17	1132.53
711.35	1159.15
711.54	1208.30
711.72	1140.72
711.90	1167.34
712.09	1222.64
712.27	1118.19
712.45	1146.86
712.63	1193.97
712.82	1253.36
713.00	1171.44
713.18	1220.59
713.37	1122.29
713.55	1159.15
713.73	1218.54
713.91	1185.77
714.10	1191.92
714.28	1142.77
714.46	1150.96
714.65	1224.69
714.83	1150.96
715.01	1085.42
715.19	1265.64
715.38	1138.67
715.56	1277.93
715.74	1159.15
715.92	1224.69
716.11	1161.20
716.29	1118.19
716.47	1169.39
716.65	1118.19
716.84	1138.67
717.02	1163.25
717.20	1148.91
717.38	1163.25
717.57	1216.49
717.75	1124.33
717.93	1142.77
718.11	1105.90
718.30	1099.76
718.48	1249.26
718.66	1198.06
718.84	1136.62
719.03	1118.19
719.21	1249.26
719.39	1206.25
719.57	1167.34
719.75	1206.25
719.94	1153.01
720.12	1146.86
720.30	1228.78
720.48	1214.45
720.67	1196.01
720.85	1198.06
721.03	1189.87
721.21	1202.16
721.39	1103.86
721.58	1126.38
721.76	1198.06
721.94	1157.10
722.12	1208.30
722.30	1169.39
722.49	1212.40
722.67	1150.96
722.85	1167.34
723.03	1140.72
723.21	1157.10
723.40	1142.77
723.58	1200.11
723.76	1126.38
723.94	1193.97
724.12	1216.49
724.30	1196.01
724.49	1159.15
724.67	1116.14
724.85	1142.77
725.03	1097.71
725.21	1173.49
725.40	1181.68
725.58	1239.02
725.76	1206.25
725.94	1218.54
726.12	1173.49
726.30	1140.72
726.49	1177.58
726.67	1187.82
726.85	1155.05
727.03	1198.06
727.21	1138.67
727.39	1153.01
727.57	1155.05
727.76	1167.34
727.94	1175.53
728.12	1187.82
728.30	1105.90
728.48	1150.96
728.66	1230.83
728.84	1173.49
729.03	1204.21
729.21	1134.57
729.39	1210.35
729.57	1165.29
729.75	1159.15
729.93	1163.25
730.11	1206.25
730.30	1122.29
730.48	1214.45
730.66	1118.19
730.84	1146.86
731.02	1140.72
731.20	1148.91
731.38	1232.88
731.56	1228.78
731.74	1157.10
731.93	1167.34
732.11	1210.35
732.29	1161.20
732.47	1153.01
732.65	1138.67
732.83	1216.49
733.01	1142.77
733.19	1183.73
733.37	1153.01
733.56	1142.77
733.74	1165.29
733.92	1171.44
734.10	1245.16
734.28	1210.35
734.46	1185.77
734.64	1134.57
734.82	1128.43
735.00	1140.72
735.18	1112.05
735.36	1183.73
735.54	1150.96
735.73	1132.53
735.91	1204.21
736.09	1105.90
736.27	1193.97
736.45	1255.40
736.63	1103.86
736.81	1224.69
736.99	1155.05
737.17	1142.77
737.35	1175.53
737.53	1183.73
737.71	1110.00
737.89	1187.82
738.07	1187.82
738.25	1218.54
738.43	1173.49
738.61	1193.97
738.80	1132.53
738.98	1116.14
739.16	1126.38
739.34	1167.34
739.52	1189.87
739.70	1155.05
739.88	1202.16
740.06	1212.40
740.24	1140.72
740.42	1107.95
740.60	1101.81
740.78	1181.68
740.96	1183.73
741.14	1177.58
741.32	1198.06
741.50	1196.01
741.68	1101.81
741.86	1204.21
742.04	1144.81
742.22	1165.29
742.40	1189.87
742.58	1060.85
742.76	1173.49
742.94	1191.92
743.12	1181.68
743.30	1144.81
743.48	1173.49
743.66	1234.93
743.84	1214.45
744.02	1165.29
744.20	1206.25
744.38	1161.20
744.56	1206.25
744.74	1105.90
744.92	1214.45
745.10	1185.77
745.28	1179.63
745.46	1146.86
745.64	1124.33
745.82	1175.53
746.00	1155.05
746.18	1101.81
746.36	1157.10
746.54	1134.57
746.72	1157.10
746.90	1110.00
747.08	1110.00
747.26	1222.64
747.44	1179.63
747.62	1218.54
747.80	1198.06
747.98	1144.81
748.15	1142.77
748.33	1087.47
748.51	1155.05
748.69	1165.29
748.87	1245.16
749.05	1183.73
749.23	1208.30
749.41	1138.67
749.59	1140.72
749.77	1200.11
749.95	1163.25
750.13	1112.05
750.31	1165.29
750.49	1116.14
750.67	1206.25
750.85	1114.10
751.03	1155.05
751.20	1157.10
751.38	1161.20
751.56	1210.35
751.74	1150.96
751.92	1187.82
752.10	1069.04
752.28	1210.35
752.46	1163.25
752.64	1214.45
752.82	1150.96
753.00	1132.53
753.18	1193.97
753.35	1105.90
753.53	1114.10
753.71	1173.49
753.89	1220.59
754.07	1212.40
754.25	1228.78
754.43	1165.29
754.61	1175.53
754.79	1226.73
754.97	1243.12
755.14	1200.11
755.32	1185.77
755.50	1107.95
755.68	1198.06
755.86	1157.10
756.04	1114.10
756.22	1126.38
756.40	1267.69
756.57	1173.49
756.75	1189.87
756.93	1200.11
757.11	1130.48
757.29	1200.11
757.47	1138.67
757.65	1163.25
757.82	1142.77
758.00	1191.92
758.18	1191.92
758.36	1138.67
758.54	1159.15
758.72	1134.57
758.90	1150.96
759.07	1212.40
759.25	1118.19
759.43	1196.01
759.61	1169.39
759.79	1208.30
759.97	1173.49
760.15	1171.44
760.32	1224.69
760.50	1173.49
760.68	1081.33
760.86	1118.19
761.04	1241.07
761.22	1173.49
761.39	1189.87
761.57	1091.57
761.75	1171.44
761.93	1138.67
762.11	1228.78
762.28	1097.71
762.46	1126.38
762.64	1171.44
762.82	1140.72
763.00	1122.29
763.18	1173.49
763.35	1153.01
763.53	1163.25
763.71	1169.39
763.89	1187.82
764.07	1148.91
764.24	1193.97
764.42	1183.73
764.60	1261.55
764.78	1118.19
764.96	1185.77
765.13	1146.86
765.31	1165.29
765.49	1177.58
765.67	1169.39
765.84	1181.68
766.02	1189.87
766.20	1206.25
766.38	1187.82
766.56	1204.21
766.73	1173.49
766.91	1161.20
767.09	1187.82
767.27	1142.77
767.44	1112.05
767.62	1157.10
767.80	1208.30
767.98	1224.69
768.15	1183.73
768.33	1169.39
768.51	1177.58
768.69	1155.05
768.87	1142.77
769.04	1187.82
769.22	1140.72
769.40	1150.96
769.58	1153.01
769.75	1241.07
769.93	1261.55
770.11	1206.25
770.28	1232.88
770.46	1177.58
770.64	1159.15
770.82	1134.57
770.99	1142.77
771.17	1191.92
771.35	1167.34
771.53	1144.81
771.70	1173.49
771.88	1245.16
772.06	1167.34
772.23	1132.53
772.41	1095.66
772.59	1177.58
772.77	1132.53
772.94	1116.14
773.12	1169.39
773.30	1189.87
773.47	1161.20
773.65	1110.00
773.83	1159.15
774.01	1146.86
774.18	1212.40
774.36	1185.77
774.54	1173.49
774.71	1259.50
774.89	1228.78
775.07	1175.53
775.24	1138.67
775.42	1159.15
775.60	1134.57
775.78	1163.25
775.95	1193.97
776.13	1206.25
776.31	1181.68
776.48	1140.72
776.66	1138.67
776.84	1120.24
777.01	1071.09
777.19	1224.69
777.37	1179.63
777.54	1136.62
777.72	1146.86
777.90	1224.69
778.07	1124.33
778.25	1157.10
778.43	1128.43
778.60	1144.81
778.78	1177.58
778.96	1198.06
779.13	1128.43
779.31	1210.35
779.49	1193.97
779.66	1124.33
779.84	1161.20
780.01	1153.01
780.19	1181.68
780.37	1179.63
780.54	1128.43
780.72	1167.34
780.90	1150.96
781.07	1099.76
781.25	1130.48
781.43	1124.33
781.60	1150.96
781.78	1179.63
781.95	1189.87
782.13	1273.84
782.31	1107.95
782.48	1181.68
782.66	1175.53
782.83	1153.01
783.01	1142.77
783.19	1126.38
783.36	1157.10
783.54	1193.97
783.72	1183.73
783.89	1171.44
784.07	1171.44
784.24	1200.11
784.42	1218.54
784.60	1163.25
784.77	1134.57
784.95	1153.01
785.12	1167.34
785.30	1181.68
785.47	1210.35
785.65	1159.15
785.83	1146.86
786.00	1189.87
786.18	1132.53
786.35	1196.01
786.53	1126.38
786.71	1159.15
786.88	1157.10
787.06	1114.10
787.23	1177.58
787.41	1189.87
787.58	1230.83
787.76	1150.96
787.94	1228.78
788.11	1179.63
788.29	1146.86
788.46	1243.12
788.64	1107.95
788.81	1185.77
788.99	1239.02
789.16	1200.11
789.34	1103.86
789.52	1144.81
789.69	1193.97
789.87	1146.86
790.04	1198.06
790.22	1155.05
790.39	1161.20
790.57	1202.16
790.74	1153.01
790.92	1204.21
791.09	1093.62
791.27	1130.48
791.44	1134.57
791.62	1191.92
791.79	1208.30
791.97	1144.81
792.15	1241.07
792.32	1163.25
792.50	1175.53
792.67	1179.63
792.85	1234.93
793.02	1230.83
793.20	1216.49
793.37	1202.16
793.55	1132.53
793.72	1161.20
793.90	1228.78
794.07	1173.49
794.25	1155.05
794.42	1161.20
794.60	1118.19
794.77	1183.73
794.95	1216.49
795.12	1134.57
795.30	1241.07
795.47	1142.77
795.65	1159.15
795.82	1165.29
796.00	1224.69
796.17	1181.68
796.34	1150.96
796.52	1060.85
796.69	1206.25
796.87	1185.77
797.04	1198.06
797.22	1224.69
797.39	1212.40
797.57	1208.30
797.74	1159.15
797.92	1138.67
798.09	1103.86
798.27	1249.26
798.44	1165.29
798.62	1189.87
798.79	1183.73
798.96	1163.25
799.14	1159.15
799.31	1179.63
799.49	1132.53
799.66	1222.64
799.84	1144.81
800.01	1202.16
800.19	1179.63
800.36	1159.15
800.53	1103.86
800.71	1081.33
800.88	1189.87
801.06	1165.29
801.23	1222.64
801.41	1159.15
801.58	1228.78
801.75	1200.11
801.93	1142.77
802.10	1134.57
802.28	1140.72
802.45	1255.40
802.63	1183.73
802.80	1163.25
802.97	1155.05
803.15	1165.29
803.32	1175.53
803.50	1163.25
803.67	1120.24
803.84	1144.81
804.02	1101.81
804.19	1153.01
804.37	1157.10
804.54	1144.81
804.71	1236.97
804.89	1222.64
805.06	1253.36
805.24	1191.92
805.41	1241.07
805.58	1169.39
805.76	1200.11
805.93	1146.86
806.10	1171.44
806.28	1134.57
806.45	1124.33
806.63	1181.68
806.80	1169.39
806.97	1159.15
807.15	1212.40
807.32	1159.15
807.49	1163.25
807.67	1208.30
807.84	1148.91
808.01	1198.06
808.19	1171.44
808.36	1177.58
808.54	1138.67
808.71	1159.15
808.88	1193.97
809.06	1173.49
809.23	1132.53
809.40	1183.73
809.58	1167.34
809.75	1118.19
809.92	1077.23
810.10	1163.25
810.27	1232.88
810.44	1202.16
810.62	1140.72
810.79	1259.50
810.96	1140.72
811.14	1179.63
811.31	1193.97
811.48	1091.57
811.66	1193.97
811.83	1175.53
812.00	1165.29
812.18	1167.34
812.35	1212.40
812.52	1130.48
812.69	1138.67
812.87	1177.58
813.04	1099.76
813.21	1196.01
813.39	1191.92
813.56	1179.63
813.73	1161.20
813.91	1191.92
814.08	1183.73
814.25	1214.45
814.42	1202.16
814.60	1159.15
814.77	1142.77
814.94	1150.96
815.12	1159.15
815.29	1200.11
815.46	1146.86
815.63	1193.97
815.81	1169.39
815.98	1181.68
816.15	1200.11
816.33	1222.64
816.50	1177.58
816.67	1130.48
816.84	1251.31
817.02	1189.87
817.19	1132.53
817.36	1177.58
817.53	1165.29
817.71	1114.10
817.88	1183.73
818.05	1181.68
818.22	1171.44
818.40	1179.63
818.57	1228.78
818.74	1134.57
818.91	1189.87
819.09	1175.53
819.26	1193.97
819.43	1165.29
819.60	1220.59
819.78	1210.35
819.95	1122.29
820.12	1183.73
820.29	1153.01
820.47	1208.30
820.64	1187.82
820.81	1144.81
820.98	1189.87
821.15	1132.53
821.33	1134.57
821.50	1243.12
821.67	1169.39
821.84	1200.11
822.02	1200.11
822.19	1099.76
822.36	1175.53
822.53	1187.82
822.70	1187.82
822.88	1140.72
823.05	1153.01
823.22	1150.96
823.39	1245.16
823.56	1163.25
823.74	1171.44
823.91	1136.62
824.08	1148.91
824.25	1224.69
824.42	1185.77
824.60	1132.53
824.77	1249.26
824.94	1230.83
825.11	1173.49
825.28	1222.64
825.45	1173.49
825.63	1130.48
825.80	1187.82
825.97	1198.06
826.14	1218.54
826.31	1202.16
826.48	1175.53
826.66	1157.10
826.83	1183.73
827.00	1171.44
827.17	1234.93
827.34	1183.73
827.51	1185.77
827.69	1153.01
827.86	1202.16
828.03	1173.49
828.20	1171.44
828.37	1179.63
828.54	1222.64
828.71	1212.40
828.89	1187.82
829.06	1155.05
829.23	1155.05
829.40	1214.45
829.57	1105.90
829.74	1177.58
829.91	1187.82
830.09	1128.43
830.26	1189.87
830.43	1118.19
830.60	1163.25
830.77	1216.49
830.94	1243.12
831.11	1081.33
831.28	1171.44
831.46	1196.01
831.63	1187.82
831.80	1118.19
831.97	1224.69
832.14	1167.34
832.31	1148.91
832.48	1212.40
832.65	1165.29
832.82	1181.68
832.99	1159.15
833.17	1140.72
833.34	1126.38
833.51	1232.88
833.68	1187.82
833.85	1210.35
834.02	1142.77
834.19	1187.82
834.36	1200.11
834.53	1118.19
834.70	1136.62
834.87	1161.20
835.04	1234.93
835.22	1138.67
835.39	1138.67
835.56	1128.43
835.73	1183.73
835.90	1216.49
836.07	1165.29
836.24	1136.62
836.41	1226.73
836.58	1193.97
836.75	1187.82
836.92	1124.33
837.09	1140.72
837.26	1187.82
837.43	1148.91
837.60	1161.20
837.77	1177.58
837.94	1200.11
838.12	1138.67
838.29	1175.53
838.46	1234.93
838.63	1179.63
838.80	1136.62
838.97	1134.57
839.14	1202.16
839.31	1173.49
839.48	1228.78
839.65	1026.03
839.82	1165.29
839.99	1124.33
840.16	1191.92
840.33	1105.90
840.50	1200.11
840.67	1175.53
840.84	1155.05
841.01	1177.58
841.18	1163.25
841.35	1191.92
841.52	1150.96
841.69	1122.29
841.86	1202.16
842.03	1155.05
842.20	1150.96
842.37	1177.58
842.54	1163.25
842.71	1179.63
842.88	1157.10
843.05	1181.68
843.22	1185.77
843.39	1175.53
843.56	1099.76
843.73	1150.96
843.90	1214.45
844.07	1142.77
844.24	1208.30
844.41	1271.79
844.58	1144.81
844.75	1169.39
844.92	1124.33
845.09	1128.43
845.26	1165.29
845.43	1161.20
845.60	1173.49
845.77	1157.10
845.94	1189.87
846.10	1126.38
846.27	1183.73
846.44	1185.77
846.61	1169.39
846.78	1202.16
846.95	1267.69
847.12	1191.92
847.29	1153.01
847.46	1212.40
847.63	1189.87
847.80	1140.72
847.97	1185.77
848.14	1206.25
848.31	1224.69
848.48	1126.38
848.65	1150.96
848.82	1126.38
848.98	1150.96
849.15	1132.53
849.32	1159.15
849.49	1165.29
849.66	1173.49
849.83	1159.15
850.00	1214.45
850.17	1126.38
850.34	1150.96
850.51	1181.68
850.68	1159.15
850.85	1107.95
851.01	1175.53
851.18	1161.20
851.35	1218.54
851.52	1071.09
851.69	1157.10
851.86	1138.67
852.03	1208.30
852.20	1148.91
852.37	1189.87
852.53	1171.44
852.70	1101.81
852.87	1202.16
853.04	1214.45
853.21	1116.14
853.38	1118.19
853.55	1155.05
853.72	1128.43
853.89	1130.48
854.05	1204.21
854.22	1085.42
854.39	1159.15
854.56	1132.53
854.73	1204.21
854.90	1193.97
855.07	1128.43
855.23	1118.19
855.40	1187.82
855.57	1103.86
855.74	1064.94
855.91	1134.57
856.08	1157.10
856.25	1245.16
856.41	1148.91
856.58	1212.40
856.75	1226.73
856.92	1218.54
857.09	1153.01
857.26	1196.01
857.42	1116.14
857.59	1220.59
857.76	1128.43
857.93	1165.29
858.10	1187.82
858.27	1187.82
858.43	1183.73
858.60	1214.45
858.77	1193.97
858.94	1159.15
859.11	1169.39
859.27	1138.67
859.44	1206.25
859.61	1214.45
859.78	1181.68
859.95	1171.44
860.12	1167.34
860.28	1200.11
860.45	1183.73
860.62	1222.64
860.79	1179.63
860.95	1165.29
861.12	1198.06
861.29	1269.74
861.46	1167.34
861.63	1171.44
861.79	1167.34
861.96	1153.01
862.13	1134.57
862.30	1191.92
862.47	1107.95
862.63	1191.92
862.80	1148.91
862.97	1173.49
863.14	1148.91
863.30	1181.68
863.47	1146.86
863.64	1181.68
863.81	1191.92
863.97	1136.62
864.14	1159.15
864.31	1185.77
864.48	1175.53
864.65	1187.82
864.81	1085.42
864.98	1142.77
865.15	1169.39
865.32	1191.92
865.48	1232.88
865.65	1202.16
865.82	1193.97
865.98	1177.58
866.15	1175.53
866.32	1210.35
866.49	1208.30
866.65	1165.29
866.82	1140.72
866.99	1241.07
867.16	1140.72
867.32	1224.69
867.49	1224.69
867.66	1193.97
867.83	1175.53
867.99	1148.91
868.16	1150.96
868.33	1140.72
868.49	1191.92
868.66	1144.81
868.83	1132.53
868.99	1232.88
869.16	1165.29
869.33	1169.39
869.50	1241.07
869.66	1200.11
869.83	1153.01
870.00	1228.78
870.16	1122.29
870.33	1103.86
870.50	1175.53
870.66	1185.77
870.83	1110.00
871.00	1157.10
871.17	1157.10
871.33	1255.40
871.50	1216.49
871.67	1167.34
871.83	1165.29
872.00	1161.20
872.17	1214.45
872.33	1150.96
872.50	1142.77
872.67	1150.96
872.83	1230.83
873.00	1122.29
873.17	1142.77
873.33	1218.54
873.50	1234.93
873.67	1177.58
873.83	1167.34
874.00	1155.05
874.16	1183.73
874.33	1052.66
874.50	1175.53
874.66	1136.62
874.83	1134.57
875.00	1136.62
875.16	1183.73
875.33	1118.19
875.50	1157.10
875.66	1185.77
875.83	1187.82
875.99	1204.21
876.16	1148.91
876.33	1159.15
876.49	1228.78
876.66	1105.90
876.83	1161.20
876.99	1153.01
877.16	1181.68
877.32	1175.53
877.49	1107.95
877.66	1191.92
877.82	1198.06
877.99	1189.87
878.15	1198.06
878.32	1122.29
878.49	1191.92
878.65	1136.62
878.82	1200.11
878.98	1107.95
879.15	1179.63
879.32	1165.29
879.48	1136.62
879.65	1187.82
879.81	1118.19
879.98	1179.63
880.15	1208.30
880.31	1220.59
880.48	1181.68
880.64	1191.92
880.81	1165.29
880.97	1118.19
881.14	1224.69
881.31	1138.67
881.47	1148.91
881.64	1202.16
881.80	1239.02
881.97	1122.29
882.13	1193.97
882.30	1167.34
882.47	1200.11
882.63	1163.25
882.80	1159.15
882.96	1196.01
883.13	1204.21
883.29	1136.62
883.46	1181.68
883.62	1150.96
883.79	1169.39
883.95	1159.15
884.12	1181.68
884.29	1187.82
884.45	1191.92
884.62	1200.11
884.78	1114.10
884.95	1263.60
885.11	1179.63
885.28	1173.49
885.44	1175.53
885.61	1261.55
885.77	1200.11
885.94	1163.25
886.10	1132.53
886.27	1198.06
886.43	1171.44
886.60	1216.49
886.76	1140.72
886.93	1210.35
887.09	1218.54
887.26	1161.20
887.42	1153.01
887.59	1153.01
887.75	1187.82
887.92	1196.01
888.08	1132.53
888.25	1159.15
888.41	1247.21
888.58	1101.81
888.74	1073.14
888.91	1130.48
